0 0.10511 0 0 0.5 0.5 0 0
10 0.10511 0 0 0.576471 0.5 0 0
20 0.105208 0 0 0.596078 0.5 0 0
30 0.105208 0 0 0.584314 0.5 0 0
40 0.105208 0 0 0.564706 0.5 0 0
50 0.105208 0 0 0.564706 0.5 0 0
60 0.105208 0 0 0.576471 0.5 0 0
70 0.105208 0 0 0.588235 0.5 0 0
80 0.105208 0 0 0.572549 0.5 0 0
90 0.105208 0 0 0.596078 0.5 0 0
100 0.105329 0 0 0.572549 0.5 0 0
110 0.105329 0 0 0.560784 0.5 0 0
120 0.105984 0 0 0.588235 0.5 0 0
130 0.105984 0 0 0.584314 0.5 0 0
140 0.106069 0 0 0.560784 0.5 0 0
150 0.106069 0 0 0.584314 0.5 0 0
160 0.106062 0 0 0.584314 0.5 0 0
170 0.106062 0 0 0.568627 0.5 0 0
180 0.105497 0 0 0.6 0.5 0 0
190 0.105497 0 0 0.564706 0.5 0 0
200 0.104724 0 0 0.584314 0.5 0 0
210 0.104724 0 0 0.556863 0.5 0 0
220 0.104647 0 0 0.588235 0.5 0 0
230 0.104647 0 0 0.560784 0.5 0 0
240 0.104586 0 0 0.564706 0.5 0 0
250 0.104586 0 0 0.568627 0.5 0 0
260 0.104019 0 0 0.521569 0.5 0 0
270 0.104019 0 0 0.517647 0.5 0 0
280 0.102732 0 0 0.517647 0.5 0 0
290 0.102732 0 0 0.564706 0.5 0 0
300 0.102132 0.25 0.25 0.513725 0.5 0 0
310 0.102132 0.25 0.25 0.517647 0.5 0 0
320 0.102092 0.25 0.5 0.513725 0.5 0 0
330 0.102092 0.25 0.5 0.521569 0.5 0 0
340 0.101265 0.25 0.75 0.560784 0.5 0 0
350 0.101265 0.25 0.75 0.564706 0.5 0 0
360 0.100414 0.25 1 0.517647 0.5 0 0
370 0.100414 0.25 1 0.513725 0.5 0 0
380 0.0992172 0.25 1.25 0.517647 0.5 0 0
390 0.0992172 0.25 1.25 0.513725 0.5 0 0
400 0.0982354 0 1.25 0.513725 0.5 0 0
410 0.0982354 0 1.25 0.517647 0.5 0 0
420 0.0980986 0.25 1.5 0.513725 0.5 0 0
430 0.0980986 0.25 1.5 0.513725 0.5 0 0
440 0.098025 0.25 1.75 0.517647 0.5 0 0
450 0.098025 0.25 1.75 0.517647 0.5 0 0
460 0.0979546 0.25 2 0.517647 0.5 0 0
470 0.0979546 0.25 2 0.517647 0.5 0 0
480 0.0978865 0.25 2.25 0.517647 0.5 0 0
490 0.0978865 0.25 2.25 0.513725 0.5 0 0
500 0.0978218 0.25 2.5 0.513725 0.5 0 0
510 0.0978218 0.25 2.5 0.517647 0.5 0 0
520 0.097715 0 2.5 0.517647 0.5 0 0
530 0.097715 0 2.5 0.517647 0.5 0 0
540 0.0976518 0.25 2.75 0.517647 0.5 0 0
550 0.0976518 0.25 2.75 0.517647 0.5 0 0
560 0.097625 0.25 3 0.517647 0.5 0 0
570 0.097625 0.25 3 0.513725 0.5 0 0
580 0.0975305 0.25 3.25 0.517647 0.5 0 0
590 0.0975305 0.25 3.25 0.517647 0.5 0 0
600 0.0974768 0.25 3.5 0.513725 0.5 0 0
610 0.0974768 0.25 3.5 0.513725 0.5 0 0
620 0.0974517 0.25 3.75 0.517647 0.5 0 0
630 0.0974517 0.25 3.75 0.517647 0.5 0 0
640 0.0974288 0.25 4 0.517647 0.5 0 0
650 0.0974288 0.25 4 0.517647 0.5 0 0
660 0.0974074 0.25 4.25 0.517647 0.5 0 0
670 0.0974074 0.25 4.25 0.513725 0.5 0 0
680 0.0973871 0.25 4.5 0.513725 0.5 0 0
690 0.0973871 0.25 4.5 0.517647 0.5 0 0
700 0.0973687 0.25 4.75 0.517647 0.5 0 0
710 0.0973687 0.25 4.75 0.513725 0.5 0 0
720 0.0973527 0.25 5 0.513725 0.5 0 0
730 0.0973527 0.25 5 0.513725 0.5 0 0
740 0.0973408 0.25 5.25 0.517647 0.5 0 0
750 0.0973408 0.25 5.25 0.517647 0.5 0 0
760 0.0973292 0.25 5.5 0.513725 0.5 0 0
770 0.0973292 0.25 5.5 0.517647 0.5 0 0
780 0.0973195 0.25 5.75 0.517647 0.5 0 0
790 0.0973195 0.25 5.75 0.517647 0.5 0 0
800 0.0973145 0.25 6 0.513725 0.5 0 0
810 0.0973145 0.25 6 0.517647 0.5 0 0
820 0.0972847 0.25 6.25 0.517647 0.5 0 0
830 0.0972847 0.25 6.25 0.513725 0.5 0 0
840 0.0972726 0.25 6.5 0.513725 0.5 0 0
850 0.0972726 0.25 6.5 0.517647 0.5 0 0
860 0.0972684 0.25 6.75 0.517647 0.5 0 0
870 0.0972684 0.25 6.75 0.513725 0.5 0 0
880 0.0972672 0 6.75 0.517647 0.5 0 0
890 0.0972672 0 6.75 0.517647 0.5 0 0
900 0.0972672 0 6.75 0.517647 0.5 0 0
910 0.0972672 0 6.75 0.513725 0.5 0 0
920 0.0972255 0 6.75 0.517647 0.5 0 0
930 0.0972255 0 6.75 0.517647 0.5 0 0
940 0.0972236 0 6.75 0.513725 0.5 0 0
950 0.0972236 0 6.75 0.513725 0.5 0 0
960 0.0972236 0 6.75 0.513725 0.5 0 0
970 0.0972236 0 6.75 0.517647 0.5 0 0
980 0.0972236 0 6.75 0.517647 0.5 0 0
990 0.0972236 0 6.75 0.513725 0.5 0 0
1000 0.0972236 0 6.75 0.513725 0.5 0 0
1010 0.0972236 0 6.75 0.517647 0.5 0 0
1020 0.0972236 0 6.75 0.513725 0.5 0 0
1030 0.0972236 0 6.75 0.517647 0.5 0 0
1040 0.0972236 0 6.75 0.517647 0.5 0 0
1050 0.0972236 0 6.75 0.513725 0.5 0 0
1060 0.0972236 0 6.75 0.513725 0.5 0 0
1070 0.0972236 0 6.75 0.517647 0.5 0 0
1080 0.0972236 0 6.75 0.517647 0.5 0 0
1090 0.0972236 0 6.75 0.517647 0.5 0 0
1100 0.0972236 0 6.75 0.517647 0.5 0 0
1110 0.0972236 0 6.75 0.517647 0.5 0 0
1120 0.0972236 0 6.75 0.517647 0.5 0 0
1130 0.0972236 0 6.75 0.513725 0.5 0 0
1140 0.0972236 0 6.75 0.517647 0.5 0 0
1150 0.0972236 0 6.75 0.517647 0.5 0 0
1160 0.0972236 0 6.75 0.513725 0.5 0 0
1170 0.0972236 0 6.75 0.517647 0.5 0 0
1180 0.0972236 0 6.75 0.517647 0.5 0 0
1190 0.0972236 0 6.75 0.517647 0.5 0 0
1200 0.0972236 0 6.75 0.517647 0.5 0 0
1210 0.0972236 0 6.75 0.513725 0.5 0 0
1220 0.0972236 0 6.75 0.517647 0.5 0 0
1230 0.0972236 0 6.75 0.513725 0.5 0 0
1240 0.0972236 0 6.75 0.517647 0.5 0 0
1250 0.0972236 0 6.75 0.517647 0.5 0 0
1260 0.0972236 0 6.75 0.517647 0.5 0 0
1270 0.0972236 0 6.75 0.517647 0.5 0 0
1280 0.0972236 0 6.75 0.513725 0.5 0 0
1290 0.0972236 0 6.75 0.517647 0.5 0 0
1300 0.0972236 0 6.75 0.513725 0.5 0 0
1310 0.0972236 0 6.75 0.517647 0.5 0 0
1320 0.0972236 0 6.75 0.517647 0.5 0 0
1330 0.0972236 0 6.75 0.517647 0.5 0 0
1340 0.0972236 0 6.75 0.517647 0.5 0 0
1350 0.0972236 0 6.75 0.513725 0.5 0 0
1360 0.0972236 0 6.75 0.517647 0.5 0 0
1370 0.0972236 0 6.75 0.513725 0.5 0 0
1380 0.0972236 0 6.75 0.513725 0.5 0 0
1390 0.0972236 0 6.75 0.513725 0.5 0 0
1400 0.0972441 0 6.75 0.517647 0.5 0 0
1410 0.0972441 0 6.75 0.513725 0.5 0 0
1420 0.0972443 0 6.75 0.517647 0.5 0 0
1430 0.0972443 0 6.75 0.517647 0.5 0 0
1440 0.0972443 0 6.75 0.513725 0.5 0 0
1450 0.0972443 0 6.75 0.517647 0.5 0 0
1460 0.0972443 0 6.75 0.513725 0.5 0 0
1470 0.0972443 0 6.75 0.513725 0.5 0 0
1480 0.0972443 0 6.75 0.513725 0.5 0 0
1490 0.0972443 0 6.75 0.517647 0.5 0 0
1500 0.0972443 0 6.75 0.517647 0.5 0 0
1510 0.0972443 0 6.75 0.513725 0.5 0 0
1520 0.0972443 0 6.75 0.517647 0.5 0 0
1530 0.0972443 0 6.75 0.513725 0.5 0 0
1540 0.0972443 0 6.75 0.513725 0.5 0 0
1550 0.0972443 0 6.75 0.517647 0.5 0 0
1560 0.0972443 0 6.75 0.513725 0.5 0 0
1570 0.0972443 0 6.75 0.517647 0.5 0 0
1580 0.0972443 0 6.75 0.517647 0.5 0 0
1590 0.0972443 0 6.75 0.517647 0.5 0 0
1600 0.0972443 0 6.75 0.517647 0.5 0 0
1610 0.0972443 0 6.75 0.517647 0.5 0 0
1620 0.0972443 0 6.75 0.517647 0.5 0 0
1630 0.0972443 0 6.75 0.517647 0.5 0 0
1640 0.0972443 0 6.75 0.513725 0.5 0 0
1650 0.0972443 0 6.75 0.517647 0.5 0 0
1660 0.0972443 0 6.75 0.517647 0.5 0 0
1670 0.0972443 0 6.75 0.517647 0.5 0 0
1680 0.0974241 0 6.75 0.517647 0.5 0 0
1690 0.0974241 0 6.75 0.517647 0.5 0 0
1700 0.0976214 0 6.75 0.513725 0.5 0 0
1710 0.0976214 0 6.75 0.501961 0.5 0 0
1720 0.0979091 0 6.75 0.490196 0.5 0 0
1730 0.0979091 0 6.75 0.47451 0.5 0 0
1740 0.0979653 0 6.75 0.47451 0.5 0 0
1750 0.0979653 0 6.75 0.470588 0.5 0 0
1760 0.0980785 0 6.75 0.47451 0.5 0 0
1770 0.0980785 0 6.75 0.470588 0.5 0 0
1780 0.0983223 0 6.75 0.470588 0.5 0 0
1790 0.0983223 0 6.75 0.466667 0.5 0 0
1800 0.0986248 0 6.75 0.462745 0.5 0 0
1810 0.0986248 0 6.75 0.454902 0.5 0 0
1820 0.0989925 0 6.75 0.45098 0.5 0 0
1830 0.0989925 0 6.75 0.45098 0.5 0 0
1840 0.09917 0 6.75 0.45098 0.5 0 0
1850 0.09917 0 6.75 0.447059 0.5 0 0
1860 0.100237 0 6.75 0.439216 0.5 0 0
1870 0.100237 0 6.75 0.443137 0.5 0 0
1880 0.100682 0 6.75 0.443137 0.5 0 0
1890 0.100682 0 6.75 0.447059 0.5 0 0
1900 0.101198 0 6.75 0.439216 0.5 0 0
1910 0.101198 0 6.75 0.443137 0.5 0 0
1920 0.101535 0 6.75 0.443137 0.5 0 0
1930 0.101535 0 6.75 0.443137 0.5 0 0
1940 0.101514 0 6.75 0.443137 0.5 0 0
1950 0.101514 0 6.75 0.443137 0.5 0 0
1960 0.10129 0 6.75 0.443137 0.5 0 0
1970 0.10129 0 6.75 0.439216 0.5 0 0
1980 0.101258 0 6.75 0.443137 0.5 0 0
1990 0.101258 0 6.75 0.443137 0.5 0 0
2000 0.101293 0 6.75 0.439216 0.5 0 0
2010 0.101293 0 6.75 0.443137 0.5 0 0
2020 0.101292 0 6.75 0.443137 0.5 0 0
2030 0.101292 0 6.75 0.439216 0.5 0 0
2040 0.100922 0 6.75 0.431373 0.5 0 0
2050 0.100922 0 6.75 0.427451 0.5 0 0
2060 0.0993858 0 6.75 0.427451 0.5 0 0
2070 0.0993858 0 6.75 0.431373 0.5 0 0
2080 0.0987863 0 6.75 0.431373 0.5 0 0
2090 0.0987863 0 6.75 0.427451 0.5 0 0
2100 0.0987487 0 6.75 0.431373 0.5 0 0
2110 0.0987487 0 6.75 0.427451 0.5 0 0
2120 0.0982667 0 6.75 0.427451 0.5 0 0
2130 0.0982667 0 6.75 0.427451 0.5 0 0
2140 0.0969162 0 6.75 0.427451 0.5 0 0
2150 0.0969162 0 6.75 0.427451 0.5 0 0
2160 0.0962275 0 6.75 0.427451 0.5 0 0
2170 0.0962275 0 6.75 0.427451 0.5 0 0
2180 0.0960121 0 6.75 0.427451 0.5 0 0
2190 0.0960121 0 6.75 0.427451 0.5 0 0
2200 0.096012 0 6.75 0.427451 0.5 0 0
2210 0.096012 0 6.75 0.427451 0.5 0 0
2220 0.096012 0 6.75 0.427451 0.5 0 0
2230 0.096012 0 6.75 0.427451 0.5 0 0
2240 0.096012 0 6.75 0.427451 0.5 0 0
2250 0.096012 0 6.75 0.431373 0.5 0 0
2260 0.096012 0 6.75 0.427451 0.5 0 0
2270 0.096012 0 6.75 0.427451 0.5 0 0
2280 0.096012 0 6.75 0.427451 0.5 0 0
2290 0.096012 0 6.75 0.427451 0.5 0 0
2300 0.096012 0 6.75 0.427451 0.5 0 0
2310 0.096012 0 6.75 0.427451 0.5 0 0
2320 0.096012 0 6.75 0.427451 0.5 0 0
2330 0.096012 0 6.75 0.427451 0.5 0 0
2340 0.096012 0 6.75 0.427451 0.5 0 0
2350 0.096012 0 6.75 0.427451 0.5 0 0
2360 0.096012 0 6.75 0.427451 0.5 0 0
2370 0.096012 0 6.75 0.427451 0.5 0 0
2380 0.096012 0 6.75 0.427451 0.5 0 0
2390 0.096012 0 6.75 0.427451 0.5 0 0
2400 0.096012 0 6.75 0.427451 0.5 0 0
2410 0.096012 0 6.75 0.427451 0.5 0 0
2420 0.096012 0 6.75 0.427451 0.5 0 0
2430 0.096012 0 6.75 0.427451 0.5 0 0
2440 0.096012 0 6.75 0.427451 0.5 0 0
2450 0.096012 0 6.75 0.427451 0.5 0 0
2460 0.096012 0 6.75 0.427451 0.5 0 0
2470 0.096012 0 6.75 0.427451 0.5 0 0
2480 0.096012 0 6.75 0.431373 0.5 0 0
2490 0.096012 0 6.75 0.427451 0.5 0 0
2500 0.096012 0 6.75 0.427451 0.5 0 0
2510 0.096012 0 6.75 0.427451 0.5 0 0
2520 0.096012 0 6.75 0.427451 0.5 0 0
2530 0.096012 0 6.75 0.427451 0.5 0 0
2540 0.096012 0 6.75 0.427451 0.5 0 0
2550 0.096012 0 6.75 0.427451 0.5 0 0
2560 0.096012 0 6.75 0.427451 0.5 0 0
2570 0.096012 0 6.75 0.427451 0.5 0 0
2580 0.096012 0 6.75 0.427451 0.5 0 0
2590 0.096012 0 6.75 0.427451 0.5 0 0
2600 0.096012 0 6.75 0.427451 0.5 0 0
2610 0.096012 0 6.75 0.427451 0.5 0 0
2620 0.096012 0 6.75 0.427451 0.5 0 0
2630 0.096012 0 6.75 0.427451 0.5 0 0
2640 0.096012 0 6.75 0.427451 0.5 0 0
2650 0.096012 0 6.75 0.427451 0.5 0 0
2660 0.096012 0 6.75 0.427451 0.5 0 0
2670 0.096012 0 6.75 0.427451 0.5 0 0
2680 0.096012 0 6.75 0.427451 0.5 0 0
2690 0.096012 0 6.75 0.427451 0.5 0 0
2700 0.096012 0 6.75 0.427451 0.5 0 0
2710 0.096012 0 6.75 0.427451 0.5 0 0
2720 0.096012 0 6.75 0.427451 0.5 0 0
2730 0.096012 0 6.75 0.427451 0.5 0 0
2740 0.0960034 0 6.75 0.427451 0.5 0 0
2750 0.0960034 0 6.75 0.427451 0.5 0 0
2760 0.0959997 0 6.75 0.427451 0.5 0 0
2770 0.0959997 0 6.75 0.427451 0.5 0 0
2780 0.0959997 0 6.75 0.427451 0.5 0 0
2790 0.0959997 0 6.75 0.427451 0.5 0 0
2800 0.0959997 0 6.75 0.427451 0.5 0 0
2810 0.0959997 0 6.75 0.427451 0.5 0 0
2820 0.0959934 0 6.75 0.427451 0.5 0 0
2830 0.0959934 0 6.75 0.427451 0.5 0 0
2840 0.0959931 0 6.75 0.427451 0.5 0 0
2850 0.0959931 0 6.75 0.431373 0.5 0 0
2860 0.0959741 0 6.75 0.427451 0.5 0 0
2870 0.0959741 0 6.75 0.427451 0.5 0 0
2880 0.095973 0 6.75 0.427451 0.5 0 0
2890 0.095973 0 6.75 0.427451 0.5 0 0
2900 0.095973 0 6.75 0.431373 0.5 0 0
2910 0.095973 0 6.75 0.427451 0.5 0 0
2920 0.095973 0 6.75 0.427451 0.5 0 0
2930 0.095973 0 6.75 0.427451 0.5 0 0
2940 0.095973 0 6.75 0.427451 0.5 0 0
2950 0.095973 0 6.75 0.427451 0.5 0 0
2960 0.095973 0 6.75 0.427451 0.5 0 0
2970 0.095973 0 6.75 0.427451 0.5 0 0
2980 0.095973 0 6.75 0.427451 0.5 0 0
2990 0.095973 0 6.75 0.427451 0.5 0 0
3000 0.095973 0 6.75 0.427451 0.5 0 0
3010 0.095973 0 6.75 0.427451 0.5 0 0
3020 0.095973 0 6.75 0.427451 0.5 0 0
3030 0.095973 0 6.75 0.427451 0.5 0 0
3040 0.095973 0 6.75 0.427451 0.5 0 0
3050 0.095973 0 6.75 0.427451 0.5 0 0
3060 0.095973 0 6.75 0.427451 0.5 0 0
3070 0.095973 0 6.75 0.427451 0.5 0 0
3080 0.095973 0 6.75 0.427451 0.5 0 0
3090 0.095973 0 6.75 0.427451 0.5 0 0
3100 0.095973 0 6.75 0.427451 0.5 0 0
3110 0.095973 0 6.75 0.427451 0.5 0 0
3120 0.095973 0 6.75 0.427451 0.5 0 0
3130 0.095973 0 6.75 0.427451 0.5 0 0
3140 0.095973 0 6.75 0.427451 0.5 0 0
3150 0.095973 0 6.75 0.427451 0.5 0 0
3160 0.095973 0 6.75 0.427451 0.5 0 0
3170 0.095973 0 6.75 0.427451 0.5 0 0
3180 0.095973 0 6.75 0.427451 0.5 0 0
3190 0.095973 0 6.75 0.427451 0.5 0 0
3200 0.095973 0 6.75 0.427451 0.5 0 0
3210 0.095973 0 6.75 0.427451 0.5 0 0
3220 0.095973 0 6.75 0.427451 0.5 0 0
3230 0.095973 0 6.75 0.427451 0.5 0 0
3240 0.095973 0 6.75 0.427451 0.5 0 0
3250 0.095973 0 6.75 0.427451 0.5 0 0
3260 0.095973 0 6.75 0.427451 0.5 0 0
3270 0.095973 0 6.75 0.427451 0.5 0 0
3280 0.095973 0 6.75 0.427451 0.5 0 0
3290 0.095973 0 6.75 0.427451 0.5 0 0
3300 0.095973 0 6.75 0.427451 0.5 0 0
3310 0.095973 0 6.75 0.427451 0.5 0 0
3320 0.095973 0 6.75 0.427451 0.5 0 0
3330 0.095973 0 6.75 0.427451 0.5 0 0
3340 0.095973 0 6.75 0.427451 0.5 0 0
3350 0.095973 0 6.75 0.427451 0.5 0 0
3360 0.095973 0 6.75 0.427451 0.5 0 0
3370 0.095973 0 6.75 0.427451 0.5 0 0
3380 0.0962273 0 6.75 0.427451 0.5 0 0
3390 0.0962273 0 6.75 0.427451 0.5 0 0
3400 0.0962724 0 6.75 0.427451 0.5 0 0
3410 0.0962724 0 6.75 0.427451 0.5 0 0
3420 0.0962724 0 6.75 0.427451 0.5 0 0
3430 0.0962724 0 6.75 0.427451 0.5 0 0
3440 0.0962724 0 6.75 0.427451 0.5 0 0
3450 0.0962724 0 6.75 0.427451 0.5 0 0
3460 0.0962724 0 6.75 0.427451 0.5 0 0
3470 0.0962724 0 6.75 0.427451 0.5 0 0
3480 0.0969402 0 6.75 0.431373 0.5 0 0
3490 0.0969402 0 6.75 0.427451 0.5 0 0
3500 0.0972197 0 6.75 0.427451 0.5 0 0
3510 0.0972197 0 6.75 0.427451 0.5 0 0
3520 0.0976386 0 6.75 0.431373 0.5 0 0
3530 0.0976386 0 6.75 0.431373 0.5 0 0
3540 0.0981089 0 6.75 0.431373 0.5 0 0
3550 0.0981089 0 6.75 0.431373 0.5 0 0
3560 0.0986675 0 6.75 0.427451 0.5 0 0
3570 0.0986675 0 6.75 0.423529 0.5 0 0
3580 0.0990066 0 6.75 0.419608 0.5 0 0
3590 0.0990066 0 6.75 0.415686 0.5 0 0
3600 0.100001 0 6.75 0.415686 0.5 0 0
3610 0.100001 0 6.75 0.419608 0.5 0 0
3620 0.100502 0 6.75 0.415686 0.5 0 0
3630 0.100502 0 6.75 0.415686 0.5 0 0
3640 0.100909 0 6.75 0.411765 0.5 0 0
3650 0.100909 0 6.75 0.411765 0.5 0 0
3660 0.100948 0 6.75 0.411765 0.5 0 0
3670 0.100948 0 6.75 0.411765 0.5 0 0
3680 0.10092 0 6.75 0.407843 0.5 0 0
3690 0.10092 0 6.75 0.403922 0.5 0 0
3700 0.100993 0 6.75 0.403922 0.5 0 0
3710 0.100993 0 6.75 0.403922 0.5 0 0
3720 0.100766 0 6.75 0.403922 0.5 0 0
3730 0.100766 0 6.75 0.403922 0.5 0 0
3740 0.100604 0 6.75 0.4 0.5 0 0
3750 0.100604 0 6.75 0.4 0.5 0 0
3760 0.100194 0 6.75 0.4 0.5 0 0
3770 0.100194 0 6.75 0.4 0.5 0 0
3780 0.0997057 0 6.75 0.4 0.5 0 0
3790 0.0997057 0 6.75 0.4 0.5 0 0
3800 0.100075 0 6.75 0.4 0.5 0 0
3810 0.100075 0 6.75 0.4 0.5 0 0
3820 0.100602 0 6.75 0.4 0.5 0 0
3830 0.100602 0 6.75 0.396078 0.5 0 0
3840 0.100852 0 6.75 0.396078 0.5 0 0
3850 0.100852 0 6.75 0.396078 0.5 0 0
3860 0.0998402 0 6.75 0.392157 0.5 0 0
3870 0.0998402 0 6.75 0.392157 0.5 0 0
3880 0.0992678 0 6.75 0.392157 0.5 0 0
3890 0.0992678 0 6.75 0.392157 0.5 0 0
3900 0.0989506 0 6.75 0.392157 0.5 0 0
3910 0.0989506 0 6.75 0.392157 0.5 0 0
3920 0.0985234 0 6.75 0.392157 0.5 0 0
3930 0.0985234 0 6.75 0.392157 0.5 0 0
3940 0.0984551 0 6.75 0.392157 0.5 0 0
3950 0.0984551 0 6.75 0.392157 0.5 0 0
3960 0.0984551 0 6.75 0.392157 0.5 0 0
3970 0.0984551 0 6.75 0.392157 0.5 0 0
3980 0.0984551 0 6.75 0.392157 0.5 0 0
3990 0.0984551 0 6.75 0.392157 0.5 0 0
4000 0.0982376 0 6.75 0.392157 0.5 0 0
4010 0.0982376 0 6.75 0.392157 0.5 0 0
4020 0.0982313 0 6.75 0.392157 0.5 0 0
4030 0.0982313 0 6.75 0.392157 0.5 0 0
4040 0.0982313 0 6.75 0.392157 0.5 0 0
4050 0.0982313 0 6.75 0.392157 0.5 0 0
4060 0.0982313 0 6.75 0.392157 0.5 0 0
4070 0.0982313 0 6.75 0.392157 0.5 0 0
4080 0.0982313 0 6.75 0.392157 0.5 0 0
4090 0.0982313 0 6.75 0.392157 0.5 0 0
4100 0.0982313 0 6.75 0.392157 0.5 0 0
4110 0.0982313 0 6.75 0.392157 0.5 0 0
4120 0.0982313 0 6.75 0.392157 0.5 0 0
4130 0.0982313 0 6.75 0.392157 0.5 0 0
4140 0.0982313 0 6.75 0.392157 0.5 0 0
4150 0.0982313 0 6.75 0.392157 0.5 0 0
4160 0.0982313 0 6.75 0.392157 0.5 0 0
4170 0.0982313 0 6.75 0.392157 0.5 0 0
4180 0.0982313 0 6.75 0.392157 0.5 0 0
4190 0.0982313 0 6.75 0.392157 0.5 0 0
4200 0.0982313 0 6.75 0.392157 0.5 0 0
4210 0.0982313 0 6.75 0.392157 0.5 0 0
4220 0.0982313 0 6.75 0.392157 0.5 0 0
4230 0.0982313 0 6.75 0.392157 0.5 0 0
4240 0.0982313 0 6.75 0.392157 0.5 0 0
4250 0.0982313 0 6.75 0.392157 0.5 0 0
4260 0.0982313 0 6.75 0.392157 0.5 0 0
4270 0.0982313 0 6.75 0.392157 0.5 0 0
4280 0.0982313 0 6.75 0.392157 0.5 0 0
4290 0.0982313 0 6.75 0.392157 0.5 0 0
4300 0.0982313 0 6.75 0.392157 0.5 0 0
4310 0.0982313 0 6.75 0.392157 0.5 0 0
4320 0.0982313 0 6.75 0.392157 0.5 0 0
4330 0.0982313 0 6.75 0.392157 0.5 0 0
4340 0.0982313 0 6.75 0.392157 0.5 0 0
4350 0.0982313 0 6.75 0.392157 0.5 0 0
4360 0.0982313 0 6.75 0.392157 0.5 0 0
4370 0.0982313 0 6.75 0.392157 0.5 0 0
4380 0.0982313 0 6.75 0.392157 0.5 0 0
4390 0.0982313 0 6.75 0.392157 0.5 0 0
4400 0.0982313 0 6.75 0.392157 0.5 0 0
4410 0.0982313 0 6.75 0.392157 0.5 0 0
4420 0.0982313 0 6.75 0.392157 0.5 0 0
4430 0.0982313 0 6.75 0.392157 0.5 0 0
4440 0.0982313 0 6.75 0.392157 0.5 0 0
4450 0.0982313 0 6.75 0.392157 0.5 0 0
4460 0.0982313 0 6.75 0.392157 0.5 0 0
4470 0.0982313 0 6.75 0.392157 0.5 0 0
4480 0.0982313 0 6.75 0.392157 0.5 0 0
4490 0.0982313 0 6.75 0.392157 0.5 0 0
4500 0.0982313 0 6.75 0.392157 0.5 0 0
4510 0.0982313 0 6.75 0.392157 0.5 0 0
4520 0.0982313 0 6.75 0.392157 0.5 0 0
4530 0.0982313 0 6.75 0.392157 0.5 0 0
4540 0.0982313 0 6.75 0.392157 0.5 0 0
4550 0.0982313 0 6.75 0.392157 0.5 0 0
4560 0.0982313 0 6.75 0.392157 0.5 0 0
4570 0.0982313 0 6.75 0.392157 0.5 0 0
4580 0.0982313 0 6.75 0.392157 0.5 0 0
4590 0.0982313 0 6.75 0.392157 0.5 0 0
4600 0.0982313 0 6.75 0.392157 0.5 0 0
4610 0.0982313 0 6.75 0.392157 0.5 0 0
4620 0.0982313 0 6.75 0.392157 0.5 0 0
4630 0.0982313 0 6.75 0.392157 0.5 0 0
4640 0.0982313 0 6.75 0.392157 0.5 0 0
4650 0.0982313 0 6.75 0.392157 0.5 0 0
4660 0.0982313 0 6.75 0.392157 0.5 0 0
4670 0.0982313 0 6.75 0.392157 0.5 0 0
4680 0.0982313 0 6.75 0.392157 0.5 0 0
4690 0.0982313 0 6.75 0.392157 0.5 0 0
4700 0.0982313 0 6.75 0.392157 0.5 0 0
4710 0.0982313 0 6.75 0.392157 0.5 0 0
4720 0.0982313 0 6.75 0.392157 0.5 0 0
4730 0.0982313 0 6.75 0.392157 0.5 0 0
4740 0.0982313 0 6.75 0.392157 0.5 0 0
4750 0.0982313 0 6.75 0.392157 0.5 0 0
4760 0.0982313 0 6.75 0.392157 0.5 0 0
4770 0.0982313 0 6.75 0.392157 0.5 0 0
4780 0.0982313 0 6.75 0.392157 0.5 0 0
4790 0.0982313 0 6.75 0.392157 0.5 0 0
4800 0.0982313 0 6.75 0.392157 0.5 0 0
4810 0.0982313 0 6.75 0.392157 0.5 0 0
4820 0.0982313 0 6.75 0.392157 0.5 0 0
4830 0.0982313 0 6.75 0.392157 0.5 0 0
4840 0.0982313 0 6.75 0.392157 0.5 0 0
4850 0.0982313 0 6.75 0.392157 0.5 0 0
4860 0.0982313 0 6.75 0.392157 0.5 0 0
4870 0.0982313 0 6.75 0.392157 0.5 0 0
4880 0.0982313 0 6.75 0.392157 0.5 0 0
4890 0.0982313 0 6.75 0.392157 0.5 0 0
4900 0.0982313 0 6.75 0.392157 0.5 0 0
4910 0.0982313 0 6.75 0.392157 0.5 0 0
4920 0.0982313 0 6.75 0.392157 0.5 0 0
4930 0.0982313 0 6.75 0.392157 0.5 0 0
4940 0.0982313 0 6.75 0.392157 0.5 0 0
4950 0.0982313 0 6.75 0.392157 0.5 0 0
4960 0.0982325 0 6.75 0.392157 0.5 0 0
4970 0.0982325 0 6.75 0.392157 0.5 0 0
4980 0.0982325 0 6.75 0.392157 0.5 0 0
4990 0.0982325 0 6.75 0.392157 0.5 0 0
5000 0.0982325 0 6.75 0.392157 0.5 0 0
5010 0.0982325 0 6.75 0.392157 0.5 0 0
5020 0.0982325 0 6.75 0.392157 0.5 0 0
5030 0.0982325 0 6.75 0.392157 0.5 0 0
5040 0.0982325 0 6.75 0.392157 0.5 0 0
5050 0.0982325 0 6.75 0.392157 0.5 0 0
5060 0.0983198 0 6.75 0.392157 0.5 0 0
5070 0.0983198 0 6.75 0.392157 0.5 0 0
5080 0.0985717 0 6.75 0.392157 0.5 0 0
5090 0.0985717 0 6.75 0.392157 0.5 0 0
5100 0.098628 0 6.75 0.392157 0.5 0 0
5110 0.098628 0 6.75 0.392157 0.5 0 0
5120 0.098628 0 6.75 0.392157 0.5 0 0
5130 0.098628 0 6.75 0.392157 0.5 0 0
5140 0.098744 0 6.75 0.392157 0.5 0 0
5150 0.098744 0 6.75 0.392157 0.5 0 0
5160 0.099505 0 6.75 0.392157 0.5 0 0
5170 0.099505 0 6.75 0.392157 0.5 0 0
5180 0.0999647 0 6.75 0.396078 0.5 0 0
5190 0.0999647 0 6.75 0.396078 0.5 0 0
5200 0.100029 0 6.75 0.392157 0.5 0 0
5210 0.100029 0 6.75 0.392157 0.5 0 0
5220 0.10026 0 6.75 0.392157 0.5 0 0
5230 0.10026 0 6.75 0.392157 0.5 0 0
5240 0.100573 0 6.75 0.388235 0.5 0 0
5250 0.100573 0 6.75 0.388235 0.5 0 0
5260 0.100692 0 6.75 0.388235 0.5 0 0
5270 0.100692 0 6.75 0.384314 0.5 0 0
5280 0.100595 0 6.75 0.384314 0.5 0 0
5290 0.100595 0 6.75 0.384314 0.5 0 0
5300 0.100297 0 6.75 0.384314 0.5 0 0
5310 0.100297 0 6.75 0.384314 0.5 0 0
5320 0.100161 0 6.75 0.384314 0.5 0 0
5330 0.100161 0 6.75 0.380392 0.5 0 0
5340 0.0996868 0 6.75 0.380392 0.5 0 0
5350 0.0996868 0 6.75 0.380392 0.5 0 0
5360 0.0989961 0 6.75 0.376471 0.5 0 0
5370 0.0989961 0 6.75 0.376471 0.5 0 0
5380 0.0977221 0 6.75 0.376471 0.5 0 0
5390 0.0977221 0 6.75 0.376471 0.5 0 0
5400 0.0968866 0 6.75 0.376471 0.5 0 0
5410 0.0968866 0 6.75 0.376471 0.5 0 0
5420 0.0965965 0 6.75 0.376471 0.5 0 0
5430 0.0965965 0 6.75 0.376471 0.5 0 0
5440 0.0967882 0 6.75 0.376471 0.5 0 0
5450 0.0967882 0 6.75 0.376471 0.5 0 0
5460 0.0965943 0 6.75 0.376471 0.5 0 0
5470 0.0965943 0 6.75 0.376471 0.5 0 0
5480 0.0965486 0 6.75 0.372549 0.5 0 0
5490 0.0965486 0 6.75 0.372549 0.5 0 0
5500 0.0959702 0 6.75 0.372549 0.5 0 0
5510 0.0959702 0 6.75 0.372549 0.5 0 0
5520 0.094732 0 6.75 0.372549 0.5 0 0
5530 0.094732 0 6.75 0.372549 0.5 0 0
5540 0.0943155 0 6.75 0.372549 0.5 0 0
5550 0.0943155 0 6.75 0.372549 0.5 0 0
5560 0.0940089 0 6.75 0.368627 0.5 0 0
5570 0.0940089 0 6.75 0.372549 0.5 0 0
5580 0.093943 0 6.75 0.372549 0.5 0 0
5590 0.093943 0 6.75 0.372549 0.5 0 0
5600 0.0939321 0 6.75 0.368627 0.5 0 0
5610 0.0939321 0 6.75 0.372549 0.5 0 0
5620 0.0939321 0 6.75 0.368627 0.5 0 0
5630 0.0939321 0 6.75 0.372549 0.5 0 0
5640 0.0939321 0 6.75 0.372549 0.5 0 0
5650 0.0939321 0 6.75 0.372549 0.5 0 0
5660 0.0938086 0 6.75 0.372549 0.5 0 0
5670 0.0938086 0 6.75 0.368627 0.5 0 0
5680 0.0938078 0 6.75 0.372549 0.5 0 0
5690 0.0938078 0 6.75 0.372549 0.5 0 0
5700 0.0938078 0 6.75 0.372549 0.5 0 0
5710 0.0938078 0 6.75 0.372549 0.5 0 0
5720 0.0938078 0 6.75 0.372549 0.5 0 0
5730 0.0938078 0 6.75 0.372549 0.5 0 0
5740 0.0938078 0 6.75 0.372549 0.5 0 0
5750 0.0938078 0 6.75 0.372549 0.5 0 0
5760 0.0938078 0 6.75 0.372549 0.5 0 0
5770 0.0938078 0 6.75 0.372549 0.5 0 0
5780 0.0938078 0 6.75 0.372549 0.5 0 0
5790 0.0938078 0 6.75 0.368627 0.5 0 0
5800 0.0938078 0 6.75 0.372549 0.5 0 0
5810 0.0938078 0 6.75 0.368627 0.5 0 0
5820 0.0938078 0 6.75 0.368627 0.5 0 0
5830 0.0938078 0 6.75 0.372549 0.5 0 0
5840 0.0938078 0 6.75 0.372549 0.5 0 0
5850 0.0938078 0 6.75 0.372549 0.5 0 0
5860 0.0938078 0 6.75 0.372549 0.5 0 0
5870 0.0938078 0 6.75 0.372549 0.5 0 0
5880 0.0938078 0 6.75 0.368627 0.5 0 0
5890 0.0938078 0 6.75 0.372549 0.5 0 0
5900 0.0938078 0 6.75 0.372549 0.5 0 0
5910 0.0938078 0 6.75 0.372549 0.5 0 0
5920 0.0938078 0 6.75 0.372549 0.5 0 0
5930 0.0938078 0 6.75 0.372549 0.5 0 0
5940 0.0938078 0 6.75 0.372549 0.5 0 0
5950 0.0938078 0 6.75 0.372549 0.5 0 0
5960 0.0938078 0 6.75 0.372549 0.5 0 0
5970 0.0938078 0 6.75 0.372549 0.5 0 0
5980 0.0938078 0 6.75 0.372549 0.5 0 0
5990 0.0938078 0 6.75 0.368627 0.5 0 0
6000 0.0938078 0 6.75 0.372549 0.5 0 0
6010 0.0938078 0 6.75 0.372549 0.5 0 0
6020 0.0938078 0 6.75 0.368627 0.5 0 0
6030 0.0938078 0 6.75 0.368627 0.5 0 0
6040 0.0938078 0 6.75 0.372549 0.5 0 0
6050 0.0938078 0 6.75 0.372549 0.5 0 0
6060 0.0938078 0 6.75 0.372549 0.5 0 0
6070 0.0938078 0 6.75 0.372549 0.5 0 0
6080 0.0938078 0 6.75 0.372549 0.5 0 0
6090 0.0938078 0 6.75 0.372549 0.5 0 0
6100 0.0938078 0 6.75 0.372549 0.5 0 0
6110 0.0938078 0 6.75 0.372549 0.5 0 0
6120 0.0938078 0 6.75 0.368627 0.5 0 0
6130 0.0938078 0 6.75 0.372549 0.5 0 0
6140 0.0938078 0 6.75 0.372549 0.5 0 0
6150 0.0938078 0 6.75 0.372549 0.5 0 0
6160 0.0938078 0 6.75 0.372549 0.5 0 0
6170 0.0938078 0 6.75 0.372549 0.5 0 0
6180 0.0938078 0 6.75 0.372549 0.5 0 0
6190 0.0938078 0 6.75 0.368627 0.5 0 0
6200 0.0938078 0 6.75 0.372549 0.5 0 0
6210 0.0938078 0 6.75 0.368627 0.5 0 0
6220 0.0938078 0 6.75 0.372549 0.5 0 0
6230 0.0938078 0 6.75 0.372549 0.5 0 0
6240 0.0938078 0 6.75 0.372549 0.5 0 0
6250 0.0938078 0 6.75 0.372549 0.5 0 0
6260 0.0938078 0 6.75 0.372549 0.5 0 0
6270 0.0938078 0 6.75 0.372549 0.5 0 0
6280 0.0938078 0 6.75 0.372549 0.5 0 0
6290 0.0938078 0 6.75 0.372549 0.5 0 0
6300 0.0938078 0 6.75 0.372549 0.5 0 0
6310 0.0938078 0 6.75 0.372549 0.5 0 0
6320 0.0938078 0 6.75 0.368627 0.5 0 0
6330 0.0938078 0 6.75 0.368627 0.5 0 0
6340 0.0938078 0 6.75 0.368627 0.5 0 0
6350 0.0938078 0 6.75 0.372549 0.5 0 0
6360 0.0938078 0 6.75 0.368627 0.5 0 0
6370 0.0938078 0 6.75 0.368627 0.5 0 0
6380 0.0938078 0 6.75 0.372549 0.5 0 0
6390 0.0938078 0 6.75 0.368627 0.5 0 0
6400 0.0938078 0 6.75 0.372549 0.5 0 0
6410 0.0938078 0 6.75 0.372549 0.5 0 0
6420 0.0938078 0 6.75 0.368627 0.5 0 0
6430 0.0938078 0 6.75 0.372549 0.5 0 0
6440 0.0938078 0 6.75 0.372549 0.5 0 0
6450 0.0938078 0 6.75 0.368627 0.5 0 0
6460 0.0938078 0 6.75 0.368627 0.5 0 0
6470 0.0938078 0 6.75 0.372549 0.5 0 0
6480 0.0938078 0 6.75 0.372549 0.5 0 0
6490 0.0938078 0 6.75 0.372549 0.5 0 0
6500 0.0938078 0 6.75 0.372549 0.5 0 0
6510 0.0938078 0 6.75 0.372549 0.5 0 0
6520 0.0938078 0 6.75 0.372549 0.5 0 0
6530 0.0938078 0 6.75 0.368627 0.5 0 0
6540 0.0938078 0 6.75 0.372549 0.5 0 0
6550 0.0938078 0 6.75 0.372549 0.5 0 0
6560 0.0938078 0 6.75 0.372549 0.5 0 0
6570 0.0938078 0 6.75 0.368627 0.5 0 0
6580 0.0938078 0 6.75 0.372549 0.5 0 0
6590 0.0938078 0 6.75 0.368627 0.5 0 0
6600 0.0938078 0 6.75 0.372549 0.5 0 0
6610 0.0938078 0 6.75 0.372549 0.5 0 0
6620 0.0938078 0 6.75 0.372549 0.5 0 0
6630 0.0938078 0 6.75 0.372549 0.5 0 0
6640 0.0938078 0 6.75 0.372549 0.5 0 0
6650 0.0938078 0 6.75 0.372549 0.5 0 0
6660 0.0938078 0 6.75 0.372549 0.5 0 0
6670 0.0938078 0 6.75 0.372549 0.5 0 0
6680 0.0939727 0 6.75 0.372549 0.5 0 0
6690 0.0939727 0 6.75 0.368627 0.5 0 0
6700 0.093974 0 6.75 0.368627 0.5 0 0
6710 0.093974 0 6.75 0.368627 0.5 0 0
6720 0.0943905 0 6.75 0.372549 0.5 0 0
6730 0.0943905 0 6.75 0.372549 0.5 0 0
6740 0.0945254 0 6.75 0.372549 0.5 0 0
6750 0.0945254 0 6.75 0.372549 0.5 0 0
6760 0.0947185 0 6.75 0.372549 0.5 0 0
6770 0.0947185 0 6.75 0.372549 0.5 0 0
6780 0.0950901 0 6.75 0.372549 0.5 0 0
6790 0.0950901 0 6.75 0.372549 0.5 0 0
6800 0.0951823 0 6.75 0.368627 0.5 0 0
6810 0.0951823 0 6.75 0.372549 0.5 0 0
6820 0.0949791 0 6.75 0.368627 0.5 0 0
6830 0.0949791 0 6.75 0.368627 0.5 0 0
6840 0.0944621 0 6.75 0.364706 0.5 0 0
6850 0.0944621 0 6.75 0.364706 0.5 0 0
6860 0.0938896 0 6.75 0.364706 0.5 0 0
6870 0.0938896 0 6.75 0.364706 0.5 0 0
6880 0.094165 0 6.75 0.368627 0.5 0 0
6890 0.094165 0 6.75 0.364706 0.5 0 0
6900 0.0945731 0 6.75 0.364706 0.5 0 0
6910 0.0945731 0 6.75 0.364706 0.5 0 0
6920 0.0942536 0 6.75 0.364706 0.5 0 0
6930 0.0942536 0 6.75 0.364706 0.5 0 0
6940 0.0934501 0 6.75 0.364706 0.5 0 0
6950 0.0934501 0 6.75 0.364706 0.5 0 0
6960 0.093286 0 6.75 0.364706 0.5 0 0
6970 0.093286 0 6.75 0.364706 0.5 0 0
6980 0.0934234 0 6.75 0.364706 0.5 0 0
6990 0.0934234 0 6.75 0.360784 0.5 0 0
7000 0.0929489 0 6.75 0.360784 0.5 0 0
7010 0.0929489 0 6.75 0.356863 0.5 0 0
7020 0.0914706 0 6.75 0.356863 0.5 0 0
7030 0.0914706 0 6.75 0.360784 0.5 0 0
7040 0.0901495 0 6.75 0.360784 0.5 0 0
7050 0.0901495 0 6.75 0.360784 0.5 0 0
7060 0.0899369 0 6.75 0.360784 0.5 0 0
7070 0.0899369 0 6.75 0.360784 0.5 0 0
7080 0.0899369 0 6.75 0.360784 0.5 0 0
7090 0.0899369 0 6.75 0.360784 0.5 0 0
7100 0.0899369 0 6.75 0.360784 0.5 0 0
7110 0.0899369 0 6.75 0.360784 0.5 0 0
7120 0.089646 0 6.75 0.360784 0.5 0 0
7130 0.089646 0 6.75 0.360784 0.5 0 0
7140 0.0896371 0 6.75 0.360784 0.5 0 0
7150 0.0896371 0 6.75 0.356863 0.5 0 0
7160 0.0896371 0 6.75 0.360784 0.5 0 0
7170 0.0896371 0 6.75 0.360784 0.5 0 0
7180 0.0896371 0 6.75 0.360784 0.5 0 0
7190 0.0896371 0 6.75 0.360784 0.5 0 0
7200 0.0896371 0 6.75 0.360784 0.5 0 0
7210 0.0896371 0 6.75 0.360784 0.5 0 0
7220 0.0896371 0 6.75 0.360784 0.5 0 0
7230 0.0896371 0 6.75 0.360784 0.5 0 0
7240 0.0896371 0 6.75 0.360784 0.5 0 0
7250 0.0896371 0 6.75 0.360784 0.5 0 0
7260 0.0896119 0 6.75 0.360784 0.5 0 0
7270 0.0896119 0 6.75 0.360784 0.5 0 0
7280 0.0896117 0 6.75 0.360784 0.5 0 0
7290 0.0896117 0 6.75 0.360784 0.5 0 0
7300 0.0896117 0 6.75 0.360784 0.5 0 0
7310 0.0896117 0 6.75 0.360784 0.5 0 0
7320 0.0896117 0 6.75 0.360784 0.5 0 0
7330 0.0896117 0 6.75 0.360784 0.5 0 0
7340 0.0896117 0 6.75 0.360784 0.5 0 0
7350 0.0896117 0 6.75 0.360784 0.5 0 0
7360 0.0896117 0 6.75 0.360784 0.5 0 0
7370 0.0896117 0 6.75 0.360784 0.5 0 0
7380 0.0896117 0 6.75 0.360784 0.5 0 0
7390 0.0896117 0 6.75 0.360784 0.5 0 0
7400 0.0896117 0 6.75 0.360784 0.5 0 0
7410 0.0896117 0 6.75 0.360784 0.5 0 0
7420 0.0896117 0 6.75 0.360784 0.5 0 0
7430 0.0896117 0 6.75 0.360784 0.5 0 0
7440 0.0896117 0 6.75 0.360784 0.5 0 0
7450 0.0896117 0 6.75 0.360784 0.5 0 0
7460 0.0896117 0 6.75 0.360784 0.5 0 0
7470 0.0896117 0 6.75 0.360784 0.5 0 0
7480 0.0896117 0 6.75 0.360784 0.5 0 0
7490 0.0896117 0 6.75 0.360784 0.5 0 0
7500 0.0896117 0 6.75 0.360784 0.5 0 0
7510 0.0896117 0 6.75 0.360784 0.5 0 0
7520 0.0896117 0 6.75 0.360784 0.5 0 0
7530 0.0896117 0 6.75 0.360784 0.5 0 0
7540 0.0896117 0 6.75 0.360784 0.5 0 0
7550 0.0896117 0 6.75 0.360784 0.5 0 0
7560 0.0896117 0 6.75 0.360784 0.5 0 0
7570 0.0896117 0 6.75 0.360784 0.5 0 0
7580 0.0896117 0 6.75 0.360784 0.5 0 0
7590 0.0896117 0 6.75 0.360784 0.5 0 0
7600 0.0896117 0 6.75 0.360784 0.5 0 0
7610 0.0896117 0 6.75 0.360784 0.5 0 0
7620 0.0896117 0 6.75 0.360784 0.5 0 0
7630 0.0896117 0 6.75 0.360784 0.5 0 0
7640 0.0896117 0 6.75 0.360784 0.5 0 0
7650 0.0896117 0 6.75 0.360784 0.5 0 0
7660 0.0896117 0 6.75 0.360784 0.5 0 0
7670 0.0896117 0 6.75 0.360784 0.5 0 0
7680 0.089609 0 6.75 0.360784 0.5 0 0
7690 0.089609 0 6.75 0.360784 0.5 0 0
7700 0.089609 0 6.75 0.360784 0.5 0 0
7710 0.089609 0 6.75 0.360784 0.5 0 0
7720 0.089609 0 6.75 0.360784 0.5 0 0
7730 0.089609 0 6.75 0.360784 0.5 0 0
7740 0.089609 0 6.75 0.360784 0.5 0 0
7750 0.089609 0 6.75 0.360784 0.5 0 0
7760 0.089609 0 6.75 0.360784 0.5 0 0
7770 0.089609 0 6.75 0.360784 0.5 0 0
7780 0.089609 0 6.75 0.360784 0.5 0 0
7790 0.089609 0 6.75 0.360784 0.5 0 0
7800 0.089609 0 6.75 0.360784 0.5 0 0
7810 0.089609 0 6.75 0.360784 0.5 0 0
7820 0.089609 0 6.75 0.360784 0.5 0 0
7830 0.089609 0 6.75 0.360784 0.5 0 0
7840 0.089609 0 6.75 0.360784 0.5 0 0
7850 0.089609 0 6.75 0.360784 0.5 0 0
7860 0.089609 0 6.75 0.360784 0.5 0 0
7870 0.089609 0 6.75 0.360784 0.5 0 0
7880 0.089609 0 6.75 0.360784 0.5 0 0
7890 0.089609 0 6.75 0.360784 0.5 0 0
7900 0.089609 0 6.75 0.360784 0.5 0 0
7910 0.089609 0 6.75 0.360784 0.5 0 0
7920 0.089609 0 6.75 0.360784 0.5 0 0
7930 0.089609 0 6.75 0.360784 0.5 0 0
7940 0.089609 0 6.75 0.360784 0.5 0 0
7950 0.089609 0 6.75 0.360784 0.5 0 0
7960 0.089609 0 6.75 0.360784 0.5 0 0
7970 0.089609 0 6.75 0.360784 0.5 0 0
7980 0.089609 0 6.75 0.360784 0.5 0 0
7990 0.089609 0 6.75 0.360784 0.5 0 0
8000 0.089609 0 6.75 0.360784 0.5 0 0
8010 0.089609 0 6.75 0.360784 0.5 0 0
8020 0.089609 0 6.75 0.360784 0.5 0 0
8030 0.089609 0 6.75 0.360784 0.5 0 0
8040 0.089609 0 6.75 0.360784 0.5 0 0
8050 0.089609 0 6.75 0.360784 0.5 0 0
8060 0.089609 0 6.75 0.360784 0.5 0 0
8070 0.089609 0 6.75 0.360784 0.5 0 0
8080 0.089609 0 6.75 0.360784 0.5 0 0
8090 0.089609 0 6.75 0.360784 0.5 0 0
8100 0.089609 0 6.75 0.360784 0.5 0 0
8110 0.089609 0 6.75 0.360784 0.5 0 0
8120 0.089609 0 6.75 0.360784 0.5 0 0
8130 0.089609 0 6.75 0.360784 0.5 0 0
8140 0.089609 0 6.75 0.360784 0.5 0 0
8150 0.089609 0 6.75 0.360784 0.5 0 0
8160 0.089609 0 6.75 0.360784 0.5 0 0
8170 0.089609 0 6.75 0.360784 0.5 0 0
8180 0.0904257 0 6.75 0.356863 0.5 0 0
8190 0.0904257 0 6.75 0.356863 0.5 0 0
8200 0.0914724 0 6.75 0.360784 0.5 0 0
8210 0.0914724 0 6.75 0.360784 0.5 0 0
8220 0.0922062 0 6.75 0.356863 0.5 0 0
8230 0.0922062 0 6.75 0.360784 0.5 0 0
8240 0.0925974 0 6.75 0.360784 0.5 0 0
8250 0.0925974 0 6.75 0.360784 0.5 0 0
8260 0.0926502 0 6.75 0.360784 0.5 0 0
8270 0.0926502 0 6.75 0.360784 0.5 0 0
8280 0.092706 0 6.75 0.360784 0.5 0 0
8290 0.092706 0 6.75 0.360784 0.5 0 0
8300 0.0924647 0 6.75 0.356863 0.5 0 0
8310 0.0924647 0 6.75 0.356863 0.5 0 0
8320 0.0916234 0 6.75 0.352941 0.5 0 0
8330 0.0916234 0 6.75 0.352941 0.5 0 0
8340 0.0907382 0 6.75 0.352941 0.5 0 0
8350 0.0907382 0 6.75 0.352941 0.5 0 0
8360 0.0911396 0 6.75 0.352941 0.5 0 0
8370 0.0911396 0 6.75 0.352941 0.5 0 0
8380 0.0907953 0 6.75 0.352941 0.5 0 0
8390 0.0907953 0 6.75 0.352941 0.5 0 0
8400 0.0896181 0 6.75 0.352941 0.5 0 0
8410 0.0896181 0 6.75 0.34902 0.5 0 0
8420 0.0883081 0 6.75 0.34902 0.5 0 0
8430 0.0883081 0 6.75 0.34902 0.5 0 0
8440 0.0872594 0 6.75 0.34902 0.5 0 0
8450 0.0872594 0 6.75 0.345098 0.5 0 0
8460 0.0864332 0 6.75 0.345098 0.5 0 0
8470 0.0864332 0 6.75 0.345098 0.5 0 0
8480 0.0852037 0 6.75 0.341176 0.5 0 0
8490 0.0852037 0 6.75 0.341176 0.5 0 0
8500 0.0838311 0.5 7.25 0.341176 0.5 0 0
8510 0.0838311 0.5 7.25 0.341176 0.5 0 0
8520 0.0829343 0.5 7.75 0.341176 0.5 0 0
8530 0.0829343 0.5 7.75 0.341176 0.5 0 0
8540 0.082906 0.5 8.25 0.341176 0.5 0 0
8550 0.082906 0.5 8.25 0.337255 0.5 0 0
8560 0.0828665 0.5 8.75 0.341176 0.5 0 0
8570 0.0828665 0.5 8.75 0.337255 0.5 0 0
8580 0.0825917 0.5 9.25 0.341176 0.5 0 0
8590 0.0825917 0.5 9.25 0.341176 0.5 0 0
8600 0.0823512 0 9.25 0.341176 0.5 0 0
8610 0.0823512 0 9.25 0.341176 0.5 0 0
8620 0.0822598 0 9.25 0.341176 0.5 0 0
8630 0.0822598 0 9.25 0.341176 0.5 0 0
8640 0.0822937 0 9.25 0.341176 0.5 0 0
8650 0.0822937 0 9.25 0.341176 0.5 0 0
8660 0.0821054 0 9.25 0.341176 0.5 0 0
8670 0.0821054 0 9.25 0.337255 0.5 0 0
8680 0.0812492 0 9.25 0.341176 0.5 0 0
8690 0.0812492 0 9.25 0.341176 0.5 0 0
8700 0.0809849 0 9.25 0.341176 0.5 0 0
8710 0.0809849 0 9.25 0.337255 0.5 0 0
8720 0.080898 0 9.25 0.341176 0.5 0 0
8730 0.080898 0 9.25 0.341176 0.5 0 0
8740 0.0807991 0 9.25 0.341176 0.5 0 0
8750 0.0807991 0 9.25 0.341176 0.5 0 0
8760 0.0807473 0 9.25 0.341176 0.5 0 0
8770 0.0807473 0 9.25 0.341176 0.5 0 0
8780 0.0807471 0 9.25 0.337255 0.5 0 0
8790 0.0807471 0 9.25 0.341176 0.5 0 0
8800 0.0806069 0 9.25 0.341176 0.5 0 0
8810 0.0806069 0 9.25 0.341176 0.5 0 0
8820 0.0806048 0 9.25 0.341176 0.5 0 0
8830 0.0806048 0 9.25 0.341176 0.5 0 0
8840 0.0806048 0 9.25 0.337255 0.5 0 0
8850 0.0806048 0 9.25 0.341176 0.5 0 0
8860 0.0806048 0 9.25 0.341176 0.5 0 0
8870 0.0806048 0 9.25 0.341176 0.5 0 0
8880 0.0806048 0 9.25 0.341176 0.5 0 0
8890 0.0806048 0 9.25 0.341176 0.5 0 0
8900 0.0806048 0 9.25 0.337255 0.5 0 0
8910 0.0806048 0 9.25 0.341176 0.5 0 0
8920 0.0806048 0 9.25 0.341176 0.5 0 0
8930 0.0806048 0 9.25 0.341176 0.5 0 0
8940 0.0806048 0 9.25 0.341176 0.5 0 0
8950 0.0806048 0 9.25 0.341176 0.5 0 0
8960 0.0806048 0 9.25 0.341176 0.5 0 0
8970 0.0806048 0 9.25 0.341176 0.5 0 0
8980 0.0806048 0 9.25 0.341176 0.5 0 0
8990 0.0806048 0 9.25 0.341176 0.5 0 0
9000 0.0806048 0 9.25 0.341176 0.5 0 0
9010 0.0806048 0 9.25 0.341176 0.5 0 0
9020 0.0806048 0 9.25 0.341176 0.5 0 0
9030 0.0806048 0 9.25 0.341176 0.5 0 0
9040 0.0806048 0 9.25 0.341176 0.5 0 0
9050 0.0806048 0 9.25 0.337255 0.5 0 0
9060 0.0806048 0 9.25 0.341176 0.5 0 0
9070 0.0806048 0 9.25 0.341176 0.5 0 0
9080 0.0806048 0 9.25 0.341176 0.5 0 0
9090 0.0806048 0 9.25 0.341176 0.5 0 0
9100 0.0806048 0 9.25 0.341176 0.5 0 0
9110 0.0806048 0 9.25 0.341176 0.5 0 0
9120 0.0806048 0 9.25 0.341176 0.5 0 0
9130 0.0806048 0 9.25 0.341176 0.5 0 0
9140 0.0806048 0 9.25 0.341176 0.5 0 0
9150 0.0806048 0 9.25 0.341176 0.5 0 0
9160 0.0806048 0 9.25 0.341176 0.5 0 0
9170 0.0806048 0 9.25 0.337255 0.5 0 0
9180 0.0806048 0 9.25 0.341176 0.5 0 0
9190 0.0806048 0 9.25 0.341176 0.5 0 0
9200 0.0806048 0 9.25 0.341176 0.5 0 0
9210 0.0806048 0 9.25 0.337255 0.5 0 0
9220 0.0806048 0 9.25 0.341176 0.5 0 0
9230 0.0806048 0 9.25 0.341176 0.5 0 0
9240 0.0806048 0 9.25 0.341176 0.5 0 0
9250 0.0806048 0 9.25 0.337255 0.5 0 0
9260 0.0806048 0 9.25 0.341176 0.5 0 0
9270 0.0806048 0 9.25 0.341176 0.5 0 0
9280 0.0806048 0 9.25 0.341176 0.5 0 0
9290 0.0806048 0 9.25 0.341176 0.5 0 0
9300 0.0806048 0 9.25 0.341176 0.5 0 0
9310 0.0806048 0 9.25 0.341176 0.5 0 0
9320 0.0806048 0 9.25 0.341176 0.5 0 0
9330 0.0806048 0 9.25 0.341176 0.5 0 0
9340 0.0806048 0 9.25 0.341176 0.5 0 0
9350 0.0806048 0 9.25 0.341176 0.5 0 0
9360 0.0806048 0 9.25 0.341176 0.5 0 0
9370 0.0806048 0 9.25 0.337255 0.5 0 0
9380 0.0806048 0 9.25 0.337255 0.5 0 0
9390 0.0806048 0 9.25 0.341176 0.5 0 0
9400 0.0806048 0 9.25 0.341176 0.5 0 0
9410 0.0806048 0 9.25 0.341176 0.5 0 0
9420 0.0806048 0 9.25 0.341176 0.5 0 0
9430 0.0806048 0 9.25 0.341176 0.5 0 0
9440 0.0806048 0 9.25 0.341176 0.5 0 0
9450 0.0806048 0 9.25 0.341176 0.5 0 0
9460 0.0806048 0 9.25 0.341176 0.5 0 0
9470 0.0806048 0 9.25 0.341176 0.5 0 0
9480 0.0806048 0 9.25 0.341176 0.5 0 0
9490 0.0806048 0 9.25 0.337255 0.5 0 0
9500 0.0806051 0 9.25 0.341176 0.5 0 0
9510 0.0806051 0 9.25 0.341176 0.5 0 0
9520 0.0806051 0 9.25 0.341176 0.5 0 0
9530 0.0806051 0 9.25 0.341176 0.5 0 0
9540 0.0806051 0 9.25 0.341176 0.5 0 0
9550 0.0806051 0 9.25 0.341176 0.5 0 0
9560 0.0806051 0 9.25 0.341176 0.5 0 0
9570 0.0806051 0 9.25 0.341176 0.5 0 0
9580 0.0817037 0 9.25 0.345098 0.5 0 0
9590 0.0817037 0 9.25 0.345098 0.5 0 0
9600 0.0821935 0 9.25 0.345098 0.5 0 0
9610 0.0821935 0 9.25 0.345098 0.5 0 0
9620 0.0830381 0 9.25 0.345098 0.5 0 0
9630 0.0830381 0 9.25 0.341176 0.5 0 0
9640 0.0843112 0 9.25 0.341176 0.5 0 0
9650 0.0843112 0 9.25 0.345098 0.5 0 0
9660 0.0851186 0 9.25 0.345098 0.5 0 0
9670 0.0851186 0 9.25 0.345098 0.5 0 0
9680 0.0855267 0 9.25 0.34902 0.5 0 0
9690 0.0855267 0 9.25 0.34902 0.5 0 0
9700 0.0855326 0 9.25 0.34902 0.5 0 0
9710 0.0855326 0 9.25 0.345098 0.5 0 0
9720 0.0855003 0 9.25 0.345098 0.5 0 0
9730 0.0855003 0 9.25 0.345098 0.5 0 0
9740 0.0850364 0 9.25 0.345098 0.5 0 0
9750 0.0850364 0 9.25 0.341176 0.5 0 0
9760 0.0838197 0 9.25 0.337255 0.5 0 0
9770 0.0838197 0 9.25 0.337255 0.5 0 0
9780 0.0829617 0 9.25 0.337255 0.5 0 0
9790 0.0829617 0 9.25 0.333333 0.5 0 0
9800 0.0821858 0 9.25 0.329412 0.5 0 0
9810 0.0821858 0 9.25 0.333333 0.5 0 0
9820 0.0821381 0 9.25 0.337255 0.5 0 0
9830 0.0821381 0 9.25 0.341176 0.5 0 0
9840 0.0823271 0 9.25 0.341176 0.5 0 0
9850 0.0823271 0 9.25 0.341176 0.5 0 0
9860 0.0815733 0 9.25 0.337255 0.5 0 0
9870 0.0815733 0 9.25 0.333333 0.5 0 0
9880 0.0804216 0 9.25 0.333333 0.5 0 0
9890 0.0804216 0 9.25 0.333333 0.5 0 0
9900 0.0803098 0 9.25 0.333333 0.5 0 0
9910 0.0803098 0 9.25 0.333333 0.5 0 0
9920 0.0803983 0 9.25 0.333333 0.5 0 0
9930 0.0803983 0 9.25 0.337255 0.5 0 0
9940 0.0798717 0 9.25 0.337255 0.5 0 0
9950 0.0798717 0 9.25 0.337255 0.5 0 0
9960 0.0798889 0 9.25 0.337255 0.5 0 0
9970 0.0798889 0 9.25 0.337255 0.5 0 0
9980 0.0797025 0 9.25 0.337255 0.5 0 0
9990 0.0797025 0 9.25 0.337255 0.5 0 0
10000 0.0796619 0 9.25 0.337255 0.5 0 0
10010 0.0796619 0 9.25 0.337255 0.5 0 0
10020 0.0790828 0 9.25 0.341176 0.5 0 0
10030 0.0790828 0 9.25 0.341176 0.5 0 0
10040 0.0781965 0 9.25 0.341176 0.5 0 0
10050 0.0781965 0 9.25 0.337255 0.5 0 0
10060 0.0777729 0 9.25 0.341176 0.5 0 0
10070 0.0777729 0 9.25 0.329412 0.5 0 0
10080 0.0770182 0 9.25 0.321569 0.5 0 0
10090 0.0770182 0 9.25 0.32549 0.5 0 0
10100 0.0761295 0 9.25 0.321569 0.5 0 0
10110 0.0761295 0 9.25 0.32549 0.5 0 0
10120 0.0750511 0 9.25 0.32549 0.5 0 0
10130 0.0750511 0 9.25 0.32549 0.5 0 0
10140 0.0743475 0 9.25 0.32549 0.5 0 0
10150 0.0743475 0 9.25 0.32549 0.5 0 0
10160 0.0737044 0 9.25 0.32549 0.5 0 0
10170 0.0737044 0 9.25 0.32549 0.5 0 0
10180 0.0736762 0 9.25 0.32549 0.5 0 0
10190 0.0736762 0 9.25 0.32549 0.5 0 0
10200 0.0735226 0 9.25 0.32549 0.5 0 0
10210 0.0735226 0 9.25 0.32549 0.5 0 0
10220 0.0734927 0 9.25 0.32549 0.5 0 0
10230 0.0734927 0 9.25 0.32549 0.5 0 0
10240 0.0734927 0 9.25 0.32549 0.5 0 0
10250 0.0734927 0 9.25 0.32549 0.5 0 0
10260 0.0734927 0 9.25 0.32549 0.5 0 0
10270 0.0734927 0 9.25 0.32549 0.5 0 0
10280 0.0734927 0 9.25 0.32549 0.5 0 0
10290 0.0734927 0 9.25 0.32549 0.5 0 0
10300 0.0734927 0 9.25 0.32549 0.5 0 0
10310 0.0734927 0 9.25 0.32549 0.5 0 0
10320 0.0734927 0 9.25 0.32549 0.5 0 0
10330 0.0734927 0 9.25 0.32549 0.5 0 0
10340 0.0734927 0 9.25 0.32549 0.5 0 0
10350 0.0734927 0 9.25 0.32549 0.5 0 0
10360 0.0734927 0 9.25 0.32549 0.5 0 0
10370 0.0734927 0 9.25 0.32549 0.5 0 0
10380 0.0734927 0 9.25 0.32549 0.5 0 0
10390 0.0734927 0 9.25 0.32549 0.5 0 0
10400 0.0734927 0 9.25 0.32549 0.5 0 0
10410 0.0734927 0 9.25 0.32549 0.5 0 0
10420 0.0734927 0 9.25 0.32549 0.5 0 0
10430 0.0734927 0 9.25 0.32549 0.5 0 0
10440 0.0734927 0 9.25 0.32549 0.5 0 0
10450 0.0734927 0 9.25 0.32549 0.5 0 0
10460 0.0734927 0 9.25 0.32549 0.5 0 0
10470 0.0734927 0 9.25 0.32549 0.5 0 0
10480 0.0734927 0 9.25 0.32549 0.5 0 0
10490 0.0734927 0 9.25 0.32549 0.5 0 0
10500 0.0734927 0 9.25 0.32549 0.5 0 0
10510 0.0734927 0 9.25 0.32549 0.5 0 0
10520 0.0734927 0 9.25 0.32549 0.5 0 0
10530 0.0734927 0 9.25 0.32549 0.5 0 0
10540 0.0734927 0 9.25 0.32549 0.5 0 0
10550 0.0734927 0 9.25 0.32549 0.5 0 0
10560 0.0734927 0 9.25 0.32549 0.5 0 0
10570 0.0734927 0 9.25 0.32549 0.5 0 0
10580 0.0734927 0 9.25 0.32549 0.5 0 0
10590 0.0734927 0 9.25 0.32549 0.5 0 0
10600 0.0734927 0 9.25 0.32549 0.5 0 0
10610 0.0734927 0 9.25 0.32549 0.5 0 0
10620 0.0734927 0 9.25 0.32549 0.5 0 0
10630 0.0734927 0 9.25 0.32549 0.5 0 0
10640 0.0734927 0 9.25 0.32549 0.5 0 0
10650 0.0734927 0 9.25 0.32549 0.5 0 0
10660 0.0734927 0 9.25 0.32549 0.5 0 0
10670 0.0734927 0 9.25 0.32549 0.5 0 0
10680 0.0734927 0 9.25 0.32549 0.5 0 0
10690 0.0734927 0 9.25 0.32549 0.5 0 0
10700 0.0734927 0 9.25 0.32549 0.5 0 0
10710 0.0734927 0 9.25 0.32549 0.5 0 0
10720 0.0734927 0 9.25 0.32549 0.5 0 0
10730 0.0734927 0 9.25 0.32549 0.5 0 0
10740 0.0734927 0 9.25 0.32549 0.5 0 0
10750 0.0734927 0 9.25 0.32549 0.5 0 0
10760 0.0734927 0 9.25 0.32549 0.5 0 0
10770 0.0734927 0 9.25 0.32549 0.5 0 0
10780 0.0734927 0 9.25 0.32549 0.5 0 0
10790 0.0734927 0 9.25 0.32549 0.5 0 0
10800 0.0734927 0 9.25 0.32549 0.5 0 0
10810 0.0734927 0 9.25 0.32549 0.5 0 0
10820 0.0734927 0 9.25 0.32549 0.5 0 0
10830 0.0734927 0 9.25 0.32549 0.5 0 0
10840 0.0734927 0 9.25 0.32549 0.5 0 0
10850 0.0734927 0 9.25 0.32549 0.5 0 0
10860 0.0734927 0 9.25 0.32549 0.5 0 0
10870 0.0734927 0 9.25 0.32549 0.5 0 0
10880 0.0734927 0 9.25 0.32549 0.5 0 0
10890 0.0734927 0 9.25 0.32549 0.5 0 0
10900 0.0734927 0 9.25 0.32549 0.5 0 0
10910 0.0734927 0 9.25 0.32549 0.5 0 0
10920 0.0734927 0 9.25 0.32549 0.5 0 0
10930 0.0734927 0 9.25 0.32549 0.5 0 0
10940 0.0734927 0 9.25 0.32549 0.5 0 0
10950 0.0734927 0 9.25 0.32549 0.5 0 0
10960 0.0739649 0 9.25 0.32549 0.5 0 0
10970 0.0739649 0 9.25 0.32549 0.5 0 0
10980 0.0750504 0 9.25 0.32549 0.5 0 0
10990 0.0750504 0 9.25 0.32549 0.5 0 0
11000 0.0751286 0 9.25 0.32549 0.5 0 0
11010 0.0751286 0 9.25 0.321569 0.5 0 0
11020 0.0757691 0 9.25 0.32549 0.5 0 0
11030 0.0757691 0 9.25 0.32549 0.5 0 0
11040 0.0765503 0 9.25 0.321569 0.5 0 0
11050 0.0765503 0 9.25 0.32549 0.5 0 0
11060 0.0775189 0 9.25 0.329412 0.5 0 0
11070 0.0775189 0 9.25 0.329412 0.5 0 0
11080 0.0783631 0 9.25 0.333333 0.5 0 0
11090 0.0783631 0 9.25 0.333333 0.5 0 0
11100 0.0783929 0 9.25 0.333333 0.5 0 0
11110 0.0783929 0 9.25 0.333333 0.5 0 0
11120 0.0783911 0 9.25 0.333333 0.5 0 0
11130 0.0783911 0 9.25 0.337255 0.5 0 0
11140 0.0779989 0 9.25 0.337255 0.5 0 0
11150 0.0779989 0 9.25 0.341176 0.5 0 0
11160 0.0778026 0 9.25 0.337255 0.5 0 0
11170 0.0778026 0 9.25 0.341176 0.5 0 0
11180 0.0772823 0 9.25 0.337255 0.5 0 0
11190 0.0772823 0 9.25 0.337255 0.5 0 0
11200 0.0763331 0 9.25 0.32549 0.5 0 0
11210 0.0763331 0 9.25 0.321569 0.5 0 0
11220 0.0754652 0 9.25 0.321569 0.5 0 0
11230 0.0754652 0 9.25 0.321569 0.5 0 0
11240 0.0748883 0 9.25 0.32549 0.5 0 0
11250 0.0748883 0 9.25 0.313725 0.5 0 0
11260 0.0727086 0.5 9.75 0.321569 0.5 0 0
11270 0.0727086 0.5 9.75 0.317647 0.5 0 0
11280 0.0727104 0.5 10.25 0.317647 0.5 0 0
11290 0.0727104 0.5 10.25 0.313725 0.5 0 0
11300 0.0728735 0.75 11 0.313725 0.5 0 0
11310 0.0728735 0.75 11 0.309804 0.5 0 0
11320 0.0726711 0.75 11.75 0.309804 0.5 0 0
11330 0.0726711 0.75 11.75 0.305882 0.5 0 0
11340 0.0723975 0.75 12.5 0.305882 0.5 0 0
11350 0.0723975 0.75 12.5 0.305882 0.5 0 0
11360 0.0720823 0.75 13.25 0.305882 0.5 0 0
11370 0.0720823 0.75 13.25 0.301961 0.5 0 0
11380 0.0716365 0.75 14 0.301961 0.5 0 0
11390 0.0716365 0.75 14 0.301961 0.5 0 0
11400 0.071269 0.75 14.75 0.301961 0.5 0 0
11410 0.071269 0.75 14.75 0.298039 0.5 0 0
11420 0.0708165 0.5 15.25 0.301961 0.5 0 0
11430 0.0708165 0.5 15.25 0.298039 0.5 0 0
11440 0.0700242 0.5 15.75 0.301961 0.5 0 0
11450 0.0700242 0.5 15.75 0.301961 0.5 0 0
11460 0.0698124 0.5 16.25 0.305882 0.5 0 0
11470 0.0698124 0.5 16.25 0.301961 0.5 0 0
11480 0.0697056 0 16.25 0.301961 0.5 0 0
11490 0.0697056 0 16.25 0.301961 0.5 0 0
11500 0.0689294 0 16.25 0.298039 0.5 0 0
11510 0.0689294 0 16.25 0.329412 0.5 0 0
11520 0.0682722 0 16.25 0.333333 0.5 0 0
11530 0.0682722 0 16.25 0.337255 0.5 0 0
11540 0.0677776 0 16.25 0.337255 0.5 0 0
11550 0.0677776 0 16.25 0.34902 0.5 0 0
11560 0.0674904 0 16.25 0.356863 0.5 0 0
11570 0.0674904 0 16.25 0.352941 0.5 0 0
11580 0.0674235 0.25 16.5 0.341176 0.5 0 0
11590 0.0674235 0.25 16.5 0.352941 0.5 0 0
11600 0.0673841 0.25 16.75 0.341176 0.5 0 0
11610 0.0673841 0.25 16.75 0.360784 0.5 0 0
11620 0.0673552 0.25 17 0.345098 0.5 0 0
11630 0.0673552 0.25 17 0.341176 0.5 0 0
11640 0.067335 0.25 17.25 0.337255 0.5 0 0
11650 0.067335 0.25 17.25 0.345098 0.5 0 0
11660 0.0673224 0.25 17.5 0.352941 0.5 0 0
11670 0.0673224 0.25 17.5 0.337255 0.5 0 0
11680 0.0673101 0 17.5 0.352941 0.5 0 0
11690 0.0673101 0 17.5 0.360784 0.5 0 0
11700 0.0672302 0 17.5 0.345098 0.5 0 0
11710 0.0672302 0 17.5 0.360784 0.5 0 0
11720 0.0669175 0 17.5 0.345098 0.5 0 0
11730 0.0669175 0 17.5 0.352941 0.5 0 0
11740 0.0669158 0 17.5 0.337255 0.5 0 0
11750 0.0669158 0 17.5 0.356863 0.5 0 0
11760 0.0669158 0 17.5 0.345098 0.5 0 0
11770 0.0669158 0 17.5 0.34902 0.5 0 0
11780 0.0669158 0 17.5 0.356863 0.5 0 0
11790 0.0669158 0 17.5 0.352941 0.5 0 0
11800 0.0669158 0 17.5 0.333333 0.5 0 0
11810 0.0669158 0 17.5 0.360784 0.5 0 0
11820 0.0669158 0 17.5 0.341176 0.5 0 0
11830 0.0669158 0 17.5 0.360784 0.5 0 0
11840 0.0669158 0 17.5 0.345098 0.5 0 0
11850 0.0669158 0 17.5 0.360784 0.5 0 0
11860 0.0669158 0 17.5 0.337255 0.5 0 0
11870 0.0669158 0 17.5 0.352941 0.5 0 0
11880 0.0669158 0 17.5 0.341176 0.5 0 0
11890 0.0669158 0 17.5 0.356863 0.5 0 0
11900 0.0669158 0 17.5 0.337255 0.5 0 0
11910 0.0669158 0 17.5 0.345098 0.5 0 0
11920 0.0669158 0 17.5 0.341176 0.5 0 0
11930 0.0669158 0 17.5 0.341176 0.5 0 0
11940 0.0669158 0 17.5 0.34902 0.5 0 0
11950 0.0669158 0 17.5 0.356863 0.5 0 0
11960 0.0669007 0 17.5 0.360784 0.5 0 0
11970 0.0669007 0 17.5 0.352941 0.5 0 0
11980 0.0669007 0 17.5 0.345098 0.5 0 0
11990 0.0669007 0 17.5 0.352941 0.5 0 0
12000 0.0669007 0 17.5 0.337255 0.5 0 0
12010 0.0669007 0 17.5 0.345098 0.5 0 0
12020 0.0669007 0 17.5 0.345098 0.5 0 0
12030 0.0669007 0 17.5 0.364706 0.5 0 0
12040 0.0669007 0 17.5 0.345098 0.5 0 0
12050 0.0669007 0 17.5 0.352941 0.5 0 0
12060 0.0669007 0 17.5 0.329412 0.5 0 0
12070 0.0669007 0 17.5 0.360784 0.5 0 0
12080 0.0669007 0 17.5 0.341176 0.5 0 0
12090 0.0669007 0 17.5 0.352941 0.5 0 0
12100 0.0669007 0 17.5 0.34902 0.5 0 0
12110 0.0669007 0 17.5 0.352941 0.5 0 0
12120 0.0669007 0 17.5 0.341176 0.5 0 0
12130 0.0669007 0 17.5 0.345098 0.5 0 0
12140 0.0669007 0 17.5 0.337255 0.5 0 0
12150 0.0669007 0 17.5 0.329412 0.5 0 0
12160 0.0669007 0 17.5 0.352941 0.5 0 0
12170 0.0669007 0 17.5 0.360784 0.5 0 0
12180 0.0669007 0 17.5 0.34902 0.5 0 0
12190 0.0669007 0 17.5 0.341176 0.5 0 0
12200 0.0669007 0 17.5 0.337255 0.5 0 0
12210 0.0669007 0 17.5 0.345098 0.5 0 0
12220 0.0669007 0 17.5 0.333333 0.5 0 0
12230 0.0669007 0 17.5 0.34902 0.5 0 0
12240 0.0669007 0 17.5 0.352941 0.5 0 0
12250 0.0669007 0 17.5 0.341176 0.5 0 0
12260 0.0669007 0 17.5 0.360784 0.5 0 0
12270 0.0669007 0 17.5 0.34902 0.5 0 0
12280 0.0672386 0 17.5 0.32549 0.5 0 0
12290 0.0672386 0 17.5 0.313725 0.5 0 0
12300 0.0686106 0 17.5 0.309804 0.5 0 0
12310 0.0686106 0 17.5 0.305882 0.5 0 0
12320 0.0698008 0 17.5 0.309804 0.5 0 0
12330 0.0698008 0 17.5 0.309804 0.5 0 0
12340 0.0706803 0 17.5 0.313725 0.5 0 0
12350 0.0706803 0 17.5 0.313725 0.5 0 0
12360 0.0707923 0 17.5 0.313725 0.5 0 0
12370 0.0707923 0 17.5 0.313725 0.5 0 0
12380 0.0708222 0 17.5 0.313725 0.5 0 0
12390 0.0708222 0 17.5 0.313725 0.5 0 0
12400 0.0708222 0 17.5 0.313725 0.5 0 0
12410 0.0708222 0 17.5 0.313725 0.5 0 0
12420 0.0708227 0 17.5 0.313725 0.5 0 0
12430 0.0708227 0 17.5 0.313725 0.5 0 0
12440 0.0707954 0 17.5 0.313725 0.5 0 0
12450 0.0707954 0 17.5 0.309804 0.5 0 0
12460 0.0705441 0 17.5 0.309804 0.5 0 0
12470 0.0705441 0 17.5 0.305882 0.5 0 0
12480 0.0697377 0 17.5 0.301961 0.5 0 0
12490 0.0697377 0 17.5 0.294118 0.5 0 0
12500 0.0687096 0 17.5 0.309804 0.5 0 0
12510 0.0687096 0 17.5 0.313725 0.5 0 0
12520 0.0681461 0 17.5 0.317647 0.5 0 0
12530 0.0681461 0 17.5 0.309804 0.5 0 0
12540 0.0681412 0 17.5 0.333333 0.5 0 0
12550 0.0681412 0 17.5 0.321569 0.5 0 0
12560 0.0681412 0 17.5 0.313725 0.5 0 0
12570 0.0681412 0 17.5 0.317647 0.5 0 0
12580 0.0675356 0 17.5 0.301961 0.5 0 0
12590 0.0675356 0 17.5 0.298039 0.5 0 0
12600 0.0663788 0 17.5 0.298039 0.5 0 0
12610 0.0663788 0 17.5 0.298039 0.5 0 0
12620 0.0663063 0 17.5 0.298039 0.5 0 0
12630 0.0663063 0 17.5 0.301961 0.5 0 0
12640 0.0665494 0 17.5 0.298039 0.5 0 0
12650 0.0665494 0 17.5 0.298039 0.5 0 0
12660 0.0671874 0 17.5 0.298039 0.5 0 0
12670 0.0671874 0 17.5 0.301961 0.5 0 0
12680 0.0679303 0 17.5 0.301961 0.5 0 0
12690 0.0679303 0 17.5 0.301961 0.5 0 0
12700 0.0681393 0 17.5 0.298039 0.5 0 0
12710 0.0681393 0 17.5 0.301961 0.5 0 0
12720 0.0687821 0 17.5 0.305882 0.5 0 0
12730 0.0687821 0 17.5 0.309804 0.5 0 0
12740 0.0691002 0 17.5 0.313725 0.5 0 0
12750 0.0691002 0 17.5 0.313725 0.5 0 0
12760 0.0691031 0 17.5 0.309804 0.5 0 0
12770 0.0691031 0 17.5 0.313725 0.5 0 0
12780 0.0690789 0 17.5 0.309804 0.5 0 0
12790 0.0690789 0 17.5 0.309804 0.5 0 0
12800 0.068518 0 17.5 0.305882 0.5 0 0
12810 0.068518 0 17.5 0.298039 0.5 0 0
12820 0.0672998 0 17.5 0.301961 0.5 0 0
12830 0.0672998 0 17.5 0.298039 0.5 0 0
12840 0.066749 0 17.5 0.305882 0.5 0 0
12850 0.066749 0 17.5 0.313725 0.5 0 0
12860 0.066549 0 17.5 0.321569 0.5 0 0
12870 0.066549 0 17.5 0.333333 0.5 0 0
12880 0.0662929 0 17.5 0.32549 0.5 0 0
12890 0.0662929 0 17.5 0.305882 0.5 0 0
12900 0.0657983 0 17.5 0.294118 0.5 0 0
12910 0.0657983 0 17.5 0.286275 0.5 0 0
12920 0.0653277 0 17.5 0.290196 0.5 0 0
12930 0.0653277 0 17.5 0.290196 0.5 0 0
12940 0.0641509 0 17.5 0.294118 0.5 0 0
12950 0.0641509 0 17.5 0.294118 0.5 0 0
12960 0.0643164 0 17.5 0.301961 0.5 0 0
12970 0.0643164 0 17.5 0.298039 0.5 0 0
12980 0.0643094 0 17.5 0.301961 0.5 0 0
12990 0.0643094 0 17.5 0.301961 0.5 0 0
13000 0.0643342 0 17.5 0.298039 0.5 0 0
13010 0.0643342 0 17.5 0.301961 0.5 0 0
13020 0.0642579 0 17.5 0.298039 0.5 0 0
13030 0.0642579 0 17.5 0.294118 0.5 0 0
13040 0.0635039 0 17.5 0.294118 0.5 0 0
13050 0.0635039 0 17.5 0.286275 0.5 0 0
13060 0.0625744 0 17.5 0.282353 0.5 0 0
13070 0.0625744 0 17.5 0.278431 0.5 0 0
13080 0.0616747 0 17.5 0.290196 0.5 0 0
13090 0.0616747 0 17.5 0.294118 0.5 0 0
13100 0.061401 0 17.5 0.309804 0.5 0 0
13110 0.061401 0 17.5 0.309804 0.5 0 0
13120 0.0609897 0 17.5 0.388235 0.5 0 0
13130 0.0609897 0 17.5 0.345098 0.5 0 0
13140 0.0605684 0 17.5 0.423529 0.5 0 0
13150 0.0605684 0 17.5 0.4 0.5 0 0
13160 0.0605671 0 17.5 0.329412 0.5 0 0
13170 0.0605671 0 17.5 0.380392 0.5 0 0
13180 0.0605671 0 17.5 0.458824 0.5 0 0
13190 0.0605671 0 17.5 0.423529 0.5 0 0
13200 0.0605671 0 17.5 0.368627 0.5 0 0
13210 0.0605671 0 17.5 0.4 0.5 0 0
13220 0.0605671 0 17.5 0.337255 0.5 0 0
13230 0.0605671 0 17.5 0.32549 0.5 0 0
13240 0.0605671 0 17.5 0.380392 0.5 0 0
13250 0.0605671 0 17.5 0.341176 0.5 0 0
13260 0.0605671 0 17.5 0.34902 0.5 0 0
13270 0.0605671 0 17.5 0.388235 0.5 0 0
13280 0.0605671 0 17.5 0.364706 0.5 0 0
13290 0.0605671 0 17.5 0.372549 0.5 0 0
13300 0.0605671 0 17.5 0.329412 0.5 0 0
13310 0.0605671 0 17.5 0.419608 0.5 0 0
13320 0.0605671 0 17.5 0.329412 0.5 0 0
13330 0.0605671 0 17.5 0.345098 0.5 0 0
13340 0.0605671 0 17.5 0.411765 0.5 0 0
13350 0.0605671 0 17.5 0.364706 0.5 0 0
13360 0.0605671 0 17.5 0.356863 0.5 0 0
13370 0.0605671 0 17.5 0.32549 0.5 0 0
13380 0.0605671 0 17.5 0.364706 0.5 0 0
13390 0.0605671 0 17.5 0.517647 0.5 0 0
13400 0.0605671 0 17.5 0.368627 0.5 0 0
13410 0.0605671 0 17.5 0.313725 0.5 0 0
13420 0.0605671 0 17.5 0.458824 0.5 0 0
13430 0.0605671 0 17.5 0.419608 0.5 0 0
13440 0.0605671 0 17.5 0.384314 0.5 0 0
13450 0.0605671 0 17.5 0.423529 0.5 0 0
13460 0.0605671 0 17.5 0.364706 0.5 0 0
13470 0.0605671 0 17.5 0.458824 0.5 0 0
13480 0.0605671 0 17.5 0.411765 0.5 0 0
13490 0.0605671 0 17.5 0.352941 0.5 0 0
13500 0.0605671 0 17.5 0.329412 0.5 0 0
13510 0.0605671 0 17.5 0.411765 0.5 0 0
13520 0.0605671 0 17.5 0.403922 0.5 0 0
13530 0.0605671 0 17.5 0.337255 0.5 0 0
13540 0.0605671 0 17.5 0.380392 0.5 0 0
13550 0.0605671 0 17.5 0.32549 0.5 0 0
13560 0.0607085 0 17.5 0.282353 0.5 0 0
13570 0.0607085 0 17.5 0.286275 0.5 0 0
13580 0.0611029 0 17.5 0.278431 0.5 0 0
13590 0.0611029 0 17.5 0.282353 0.5 0 0
13600 0.0615151 0 17.5 0.278431 0.5 0 0
13610 0.0615151 0 17.5 0.282353 0.5 0 0
13620 0.0626921 0 17.5 0.278431 0.5 0 0
13630 0.0626921 0 17.5 0.286275 0.5 0 0
13640 0.0628986 0 17.5 0.282353 0.5 0 0
13650 0.0628986 0 17.5 0.286275 0.5 0 0
13660 0.0628987 0 17.5 0.286275 0.5 0 0
13670 0.0628987 0 17.5 0.282353 0.5 0 0
13680 0.0628987 0 17.5 0.286275 0.5 0 0
13690 0.0628987 0 17.5 0.286275 0.5 0 0
13700 0.0628662 0 17.5 0.282353 0.5 0 0
13710 0.0628662 0 17.5 0.286275 0.5 0 0
13720 0.062526 0 17.5 0.290196 0.5 0 0
13730 0.062526 0 17.5 0.286275 0.5 0 0
13740 0.0620427 0 17.5 0.282353 0.5 0 0
13750 0.0620427 0 17.5 0.294118 0.5 0 0
13760 0.0617409 0 17.5 0.282353 0.5 0 0
13770 0.0617409 0 17.5 0.282353 0.5 0 0
13780 0.0610006 0 17.5 0.270588 0.5 0 0
13790 0.0610006 0 17.5 0.270588 0.5 0 0
13800 0.0596431 0 17.5 0.27451 0.5 0 0
13810 0.0596431 0 17.5 0.27451 0.5 0 0
13820 0.0594272 0 17.5 0.27451 0.5 0 0
13830 0.0594272 0 17.5 0.278431 0.5 0 0
13840 0.059427 0 17.5 0.278431 0.5 0 0
13850 0.059427 0 17.5 0.278431 0.5 0 0
13860 0.0591412 0 17.5 0.27451 0.5 0 0
13870 0.0591412 0 17.5 0.278431 0.5 0 0
13880 0.0589104 0 17.5 0.278431 0.5 0 0
13890 0.0589104 0 17.5 0.278431 0.5 0 0
13900 0.0589549 0 17.5 0.27451 0.5 0 0
13910 0.0589549 0 17.5 0.27451 0.5 0 0
13920 0.0589929 0 17.5 0.278431 0.5 0 0
13930 0.0589929 0 17.5 0.278431 0.5 0 0
13940 0.0596853 0 17.5 0.27451 0.5 0 0
13950 0.0596853 0 17.5 0.270588 0.5 0 0
13960 0.0603527 0 17.5 0.270588 0.5 0 0
13970 0.0603527 0 17.5 0.270588 0.5 0 0
13980 0.0608866 0 17.5 0.27451 0.5 0 0
13990 0.0608866 0 17.5 0.278431 0.5 0 0
14000 0.061063 0 17.5 0.282353 0.5 0 0
14010 0.061063 0 17.5 0.282353 0.5 0 0
14020 0.0610749 0 17.5 0.286275 0.5 0 0
14030 0.0610749 0 17.5 0.282353 0.5 0 0
14040 0.0607204 0 17.5 0.282353 0.5 0 0
14050 0.0607204 0 17.5 0.270588 0.5 0 0
14060 0.059664 0 17.5 0.254902 0.5 0 0
14070 0.059664 0 17.5 0.254902 0.5 0 0
14080 0.0588654 0 17.5 0.262745 0.5 0 0
14090 0.0588654 0 17.5 0.258824 0.5 0 0
14100 0.0583319 0 17.5 0.258824 0.5 0 0
14110 0.0583319 0 17.5 0.258824 0.5 0 0
14120 0.0585811 0 17.5 0.266667 0.5 0 0
14130 0.0585811 0 17.5 0.262745 0.5 0 0
14140 0.0581378 0 17.5 0.247059 0.5 0 0
14150 0.0581378 0 17.5 0.247059 0.5 0 0
14160 0.0577053 0 17.5 0.247059 0.5 0 0
14170 0.0577053 0 17.5 0.254902 0.5 0 0
14180 0.0569025 0 17.5 0.258824 0.5 0 0
14190 0.0569025 0 17.5 0.258824 0.5 0 0
14200 0.0560184 0 17.5 0.254902 0.5 0 0
14210 0.0560184 0 17.5 0.27451 0.5 0 0
14220 0.0553109 0 17.5 0.266667 0.5 0 0
14230 0.0553109 0 17.5 0.27451 0.5 0 0
14240 0.0540829 0 17.5 0.262745 0.5 0 0
14250 0.0540829 0 17.5 0.247059 0.5 0 0
14260 0.0531695 0 17.5 0.243137 0.5 0 0
14270 0.0531695 0 17.5 0.231373 0.5 0 0
14280 0.0521793 0 17.5 0.235294 0.5 0 0
14290 0.0521793 0 17.5 0.243137 0.5 0 0
14300 0.0506518 0 17.5 0.243137 0.5 0 0
14310 0.0506518 0 17.5 0.247059 0.5 0 0
14320 0.0504817 0 17.5 0.243137 0.5 0 0
14330 0.0504817 0 17.5 0.243137 0.5 0 0
14340 0.0501425 0 17.5 0.243137 0.5 0 0
14350 0.0501425 0 17.5 0.25098 0.5 0 0
14360 0.0500826 0 17.5 0.247059 0.5 0 0
14370 0.0500826 0 17.5 0.25098 0.5 0 0
14380 0.0499266 0 17.5 0.243137 0.5 0 0
14390 0.0499266 0 17.5 0.247059 0.5 0 0
14400 0.0499266 0 17.5 0.25098 0.5 0 0
14410 0.0499266 0 17.5 0.247059 0.5 0 0
14420 0.0499266 0 17.5 0.243137 0.5 0 0
14430 0.0499266 0 17.5 0.25098 0.5 0 0
14440 0.0499266 0 17.5 0.243137 0.5 0 0
14450 0.0499266 0 17.5 0.25098 0.5 0 0
14460 0.0499266 0 17.5 0.247059 0.5 0 0
14470 0.0499266 0 17.5 0.247059 0.5 0 0
14480 0.0499266 0 17.5 0.25098 0.5 0 0
14490 0.0499266 0 17.5 0.254902 0.5 0 0
14500 0.0499266 0 17.5 0.254902 0.5 0 0
14510 0.0499266 0 17.5 0.25098 0.5 0 0
14520 0.0499266 0 17.5 0.247059 0.5 0 0
14530 0.0499266 0 17.5 0.247059 0.5 0 0
14540 0.0499266 0 17.5 0.247059 0.5 0 0
14550 0.0499266 0 17.5 0.254902 0.5 0 0
14560 0.0499266 0 17.5 0.247059 0.5 0 0
14570 0.0499266 0 17.5 0.247059 0.5 0 0
14580 0.0499266 0 17.5 0.254902 0.5 0 0
14590 0.0499266 0 17.5 0.247059 0.5 0 0
14600 0.0499266 0 17.5 0.25098 0.5 0 0
14610 0.0499266 0 17.5 0.247059 0.5 0 0
14620 0.0499266 0 17.5 0.243137 0.5 0 0
14630 0.0499266 0 17.5 0.247059 0.5 0 0
14640 0.0499266 0 17.5 0.25098 0.5 0 0
14650 0.0499266 0 17.5 0.243137 0.5 0 0
14660 0.0499266 0 17.5 0.247059 0.5 0 0
14670 0.0499266 0 17.5 0.243137 0.5 0 0
14680 0.0499266 0 17.5 0.247059 0.5 0 0
14690 0.0499266 0 17.5 0.25098 0.5 0 0
14700 0.0499266 0 17.5 0.243137 0.5 0 0
14710 0.0499266 0 17.5 0.254902 0.5 0 0
14720 0.0499266 0 17.5 0.247059 0.5 0 0
14730 0.0499266 0 17.5 0.254902 0.5 0 0
14740 0.0499266 0 17.5 0.25098 0.5 0 0
14750 0.0499266 0 17.5 0.25098 0.5 0 0
14760 0.0501415 0 17.5 0.247059 0.5 0 0
14770 0.0501415 0 17.5 0.247059 0.5 0 0
14780 0.0508657 0 17.5 0.243137 0.5 0 0
14790 0.0508657 0 17.5 0.247059 0.5 0 0
14800 0.0514846 0 17.5 0.247059 0.5 0 0
14810 0.0514846 0 17.5 0.243137 0.5 0 0
14820 0.052164 0 17.5 0.239216 0.5 0 0
14830 0.052164 0 17.5 0.243137 0.5 0 0
14840 0.0525173 0 17.5 0.247059 0.5 0 0
14850 0.0525173 0 17.5 0.25098 0.5 0 0
14860 0.0525758 0 17.5 0.247059 0.5 0 0
14870 0.0525758 0 17.5 0.25098 0.5 0 0
14880 0.0525397 0 17.5 0.247059 0.5 0 0
14890 0.0525397 0 17.5 0.243137 0.5 0 0
14900 0.0520381 0 17.5 0.239216 0.5 0 0
14910 0.0520381 0 17.5 0.223529 0.5 0 0
14920 0.0508946 0 17.5 0.219608 0.5 0 0
14930 0.0508946 0 17.5 0.231373 0.5 0 0
14940 0.0504653 0 17.5 0.235294 0.5 0 0
14950 0.0504653 0 17.5 0.235294 0.5 0 0
14960 0.0502434 0 17.5 0.235294 0.5 0 0
14970 0.0502434 0 17.5 0.235294 0.5 0 0
14980 0.0498799 0 17.5 0.231373 0.5 0 0
14990 0.0498799 0 17.5 0.231373 0.5 0 0
15000 0.0494256 0 17.5 0.231373 0.5 0 0
15010 0.0494256 0 17.5 0.239216 0.5 0 0
15020 0.0487884 0 17.5 0.231373 0.5 0 0
15030 0.0487884 0 17.5 0.231373 0.5 0 0
15040 0.0485519 0 17.5 0.235294 0.5 0 0
15050 0.0485519 0 17.5 0.235294 0.5 0 0
15060 0.0484718 0 17.5 0.235294 0.5 0 0
15070 0.0484718 0 17.5 0.235294 0.5 0 0
15080 0.0484718 0 17.5 0.235294 0.5 0 0
15090 0.0484718 0 17.5 0.235294 0.5 0 0
15100 0.0486017 0 17.5 0.239216 0.5 0 0
15110 0.0486017 0 17.5 0.239216 0.5 0 0
15120 0.0494056 0 17.5 0.223529 0.5 0 0
15130 0.0494056 0 17.5 0.215686 0.5 0 0
15140 0.0505264 0 17.5 0.223529 0.5 0 0
15150 0.0505264 0 17.5 0.239216 0.5 0 0
15160 0.0510866 0 17.5 0.247059 0.5 0 0
15170 0.0510866 0 17.5 0.243137 0.5 0 0
15180 0.0510978 0 17.5 0.243137 0.5 0 0
15190 0.0510978 0 17.5 0.243137 0.5 0 0
15200 0.0510978 0 17.5 0.239216 0.5 0 0
15210 0.0510978 0 17.5 0.247059 0.5 0 0
15220 0.0512001 0 17.5 0.243137 0.5 0 0
15230 0.0512001 0 17.5 0.247059 0.5 0 0
15240 0.0512003 0 17.5 0.243137 0.5 0 0
15250 0.0512003 0 17.5 0.243137 0.5 0 0
15260 0.0512003 0 17.5 0.247059 0.5 0 0
15270 0.0512003 0 17.5 0.239216 0.5 0 0
15280 0.050585 0 17.5 0.231373 0.5 0 0
15290 0.050585 0 17.5 0.211765 0.5 0 0
15300 0.049611 0 17.5 0.211765 0.5 0 0
15310 0.049611 0 17.5 0.211765 0.5 0 0
15320 0.0487522 0 17.5 0.211765 0.5 0 0
15330 0.0487522 0 17.5 0.207843 0.5 0 0
15340 0.0480297 0 17.5 0.207843 0.5 0 0
15350 0.0480297 0 17.5 0.2 0.5 0 0
15360 0.0473268 0 17.5 0.192157 0.5 0 0
15370 0.0473268 0 17.5 0.196078 0.5 0 0
15380 0.0459001 0 17.5 0.192157 0.5 0 0
15390 0.0459001 0 17.5 0.184314 0.5 0 0
15400 0.0439672 0 17.5 0.184314 0.5 0 0
15410 0.0439672 0 17.5 0.176471 0.5 0 0
15420 0.0424901 0 17.5 0.168627 0.5 0 0
15430 0.0424901 0 17.5 0.176471 0.5 0 0
15440 0.0409635 0 17.5 0.176471 0.5 0 0
15450 0.0409635 0 17.5 0.172549 0.5 0 0
15460 0.0404384 0 17.5 0.176471 0.5 0 0
15470 0.0404384 0 17.5 0.180392 0.5 0 0
15480 0.0403764 0 17.5 0.176471 0.5 0 0
15490 0.0403764 0 17.5 0.176471 0.5 0 0
15500 0.0402569 0 17.5 0.176471 0.5 0 0
15510 0.0402569 0 17.5 0.176471 0.5 0 0
15520 0.0402567 0 17.5 0.176471 0.5 0 0
15530 0.0402567 0 17.5 0.176471 0.5 0 0
15540 0.0399547 0 17.5 0.176471 0.5 0 0
15550 0.0399547 0 17.5 0.176471 0.5 0 0
15560 0.0399486 0 17.5 0.176471 0.5 0 0
15570 0.0399486 0 17.5 0.176471 0.5 0 0
15580 0.0399486 0 17.5 0.176471 0.5 0 0
15590 0.0399486 0 17.5 0.180392 0.5 0 0
15600 0.0399486 0 17.5 0.176471 0.5 0 0
15610 0.0399486 0 17.5 0.176471 0.5 0 0
15620 0.0399486 0 17.5 0.176471 0.5 0 0
15630 0.0399486 0 17.5 0.176471 0.5 0 0
15640 0.0399486 0 17.5 0.180392 0.5 0 0
15650 0.0399486 0 17.5 0.176471 0.5 0 0
15660 0.0399486 0 17.5 0.176471 0.5 0 0
15670 0.0399486 0 17.5 0.176471 0.5 0 0
15680 0.0399238 0 17.5 0.176471 0.5 0 0
15690 0.0399238 0 17.5 0.176471 0.5 0 0
15700 0.0399116 0 17.5 0.176471 0.5 0 0
15710 0.0399116 0 17.5 0.180392 0.5 0 0
15720 0.0398684 0 17.5 0.176471 0.5 0 0
15730 0.0398684 0 17.5 0.176471 0.5 0 0
15740 0.0398684 0 17.5 0.176471 0.5 0 0
15750 0.0398684 0 17.5 0.176471 0.5 0 0
15760 0.0398684 0 17.5 0.180392 0.5 0 0
15770 0.0398684 0 17.5 0.176471 0.5 0 0
15780 0.0398684 0 17.5 0.176471 0.5 0 0
15790 0.0398684 0 17.5 0.176471 0.5 0 0
15800 0.0398584 0 17.5 0.176471 0.5 0 0
15810 0.0398584 0 17.5 0.180392 0.5 0 0
15820 0.0398584 0 17.5 0.176471 0.5 0 0
15830 0.0398584 0 17.5 0.180392 0.5 0 0
15840 0.0398584 0 17.5 0.176471 0.5 0 0
15850 0.0398584 0 17.5 0.176471 0.5 0 0
15860 0.0400067 0 17.5 0.176471 0.5 0 0
15870 0.0400067 0 17.5 0.176471 0.5 0 0
15880 0.0403219 0 17.5 0.172549 0.5 0 0
15890 0.0403219 0 17.5 0.168627 0.5 0 0
15900 0.0408882 0 17.5 0.180392 0.5 0 0
15910 0.0408882 0 17.5 0.184314 0.5 0 0
15920 0.040999 0 17.5 0.184314 0.5 0 0
15930 0.040999 0 17.5 0.184314 0.5 0 0
15940 0.0409991 0 17.5 0.184314 0.5 0 0
15950 0.0409991 0 17.5 0.184314 0.5 0 0
15960 0.0409991 0 17.5 0.180392 0.5 0 0
15970 0.0409991 0 17.5 0.180392 0.5 0 0
15980 0.0409329 0 17.5 0.184314 0.5 0 0
15990 0.0409329 0 17.5 0.184314 0.5 0 0
16000 0.0408382 0 17.5 0.188235 0.5 0 0
16010 0.0408382 0 17.5 0.184314 0.5 0 0
16020 0.0406968 0 17.5 0.188235 0.5 0 0
16030 0.0406968 0 17.5 0.184314 0.5 0 0
16040 0.040348 0 17.5 0.188235 0.5 0 0
16050 0.040348 0 17.5 0.172549 0.5 0 0
16060 0.0395995 0 17.5 0.168627 0.5 0 0
16070 0.0395995 0 17.5 0.160784 0.5 0 0
16080 0.0387562 0 17.5 0.156863 0.5 0 0
16090 0.0387562 0 17.5 0.152941 0.5 0 0
16100 0.038261 0 17.5 0.152941 0.5 0 0
16110 0.038261 0 17.5 0.156863 0.5 0 0
16120 0.038077 0 17.5 0.156863 0.5 0 0
16130 0.038077 0 17.5 0.156863 0.5 0 0
16140 0.0379732 0 17.5 0.152941 0.5 0 0
16150 0.0379732 0 17.5 0.152941 0.5 0 0
16160 0.0379259 0 17.5 0.156863 0.5 0 0
16170 0.0379259 0 17.5 0.156863 0.5 0 0
16180 0.0379259 0 17.5 0.152941 0.5 0 0
16190 0.0379259 0 17.5 0.156863 0.5 0 0
16200 0.0379475 0 17.5 0.152941 0.5 0 0
16210 0.0379475 0 17.5 0.156863 0.5 0 0
16220 0.0383753 0 17.5 0.160784 0.5 0 0
16230 0.0383753 0 17.5 0.160784 0.5 0 0
16240 0.0383903 0 17.5 0.160784 0.5 0 0
16250 0.0383903 0 17.5 0.164706 0.5 0 0
16260 0.0386289 0 17.5 0.164706 0.5 0 0
16270 0.0386289 0 17.5 0.168627 0.5 0 0
16280 0.0386353 0 17.5 0.164706 0.5 0 0
16290 0.0386353 0 17.5 0.164706 0.5 0 0
16300 0.0386254 0 17.5 0.164706 0.5 0 0
16310 0.0386254 0 17.5 0.164706 0.5 0 0
16320 0.0378127 0 17.5 0.152941 0.5 0 0
16330 0.0378127 0 17.5 0.152941 0.5 0 0
16340 0.037035 0 17.5 0.156863 0.5 0 0
16350 0.037035 0 17.5 0.160784 0.5 0 0
16360 0.0369406 0 17.5 0.160784 0.5 0 0
16370 0.0369406 0 17.5 0.164706 0.5 0 0
16380 0.0368435 0 17.5 0.160784 0.5 0 0
16390 0.0368435 0 17.5 0.156863 0.5 0 0
16400 0.0362243 0 17.5 0.14902 0.5 0 0
16410 0.0362243 0 17.5 0.141176 0.5 0 0
16420 0.0351769 0 17.5 0.141176 0.5 0 0
16430 0.0351769 0 17.5 0.145098 0.5 0 0
16440 0.0339886 0.5 18 0.14902 0.5 0 0
16450 0.0339886 0.5 18 0.14902 0.5 0 0
16460 0.0337623 0.5 18.5 0.145098 0.5 0 0
16470 0.0337623 0.5 18.5 0.145098 0.5 0 0
16480 0.0334539 0.5 19 0.141176 0.5 0 0
16490 0.0334539 0.5 19 0.137255 0.5 0 0
16500 0.0328889 0.5 19.5 0.137255 0.5 0 0
16510 0.0328889 0.5 19.5 0.141176 0.5 0 0
16520 0.0326333 0.5 20 0.137255 0.5 0 0
16530 0.0326333 0.5 20 0.137255 0.5 0 0
16540 0.0325969 0.5 20.5 0.137255 0.5 0 0
16550 0.0325969 0.5 20.5 0.137255 0.5 0 0
16560 0.0323809 0 20.5 0.137255 0.5 0 0
16570 0.0323809 0 20.5 0.137255 0.5 0 0
16580 0.0323792 0 20.5 0.141176 0.5 0 0
16590 0.0323792 0 20.5 0.137255 0.5 0 0
16600 0.0323792 0 20.5 0.141176 0.5 0 0
16610 0.0323792 0 20.5 0.137255 0.5 0 0
16620 0.0323395 0 20.5 0.141176 0.5 0 0
16630 0.0323395 0 20.5 0.137255 0.5 0 0
16640 0.0323374 0 20.5 0.141176 0.5 0 0
16650 0.0323374 0 20.5 0.141176 0.5 0 0
16660 0.03228 0 20.5 0.137255 0.5 0 0
16670 0.03228 0 20.5 0.137255 0.5 0 0
16680 0.0322075 0 20.5 0.141176 0.5 0 0
16690 0.0322075 0 20.5 0.141176 0.5 0 0
16700 0.0322075 0 20.5 0.141176 0.5 0 0
16710 0.0322075 0 20.5 0.137255 0.5 0 0
16720 0.032206 0 20.5 0.141176 0.5 0 0
16730 0.032206 0 20.5 0.137255 0.5 0 0
16740 0.032206 0 20.5 0.141176 0.5 0 0
16750 0.032206 0 20.5 0.137255 0.5 0 0
16760 0.032206 0 20.5 0.141176 0.5 0 0
16770 0.032206 0 20.5 0.141176 0.5 0 0
16780 0.032206 0 20.5 0.137255 0.5 0 0
16790 0.032206 0 20.5 0.137255 0.5 0 0
16800 0.032206 0 20.5 0.141176 0.5 0 0
16810 0.032206 0 20.5 0.137255 0.5 0 0
16820 0.032206 0 20.5 0.141176 0.5 0 0
16830 0.032206 0 20.5 0.141176 0.5 0 0
16840 0.0324767 0 20.5 0.137255 0.5 0 0
16850 0.0324767 0 20.5 0.137255 0.5 0 0
16860 0.0326124 0 20.5 0.137255 0.5 0 0
16870 0.0326124 0 20.5 0.137255 0.5 0 0
16880 0.0331851 0 20.5 0.137255 0.5 0 0
16890 0.0331851 0 20.5 0.145098 0.5 0 0
16900 0.0335333 0 20.5 0.14902 0.5 0 0
16910 0.0335333 0 20.5 0.152941 0.5 0 0
16920 0.0335807 0 20.5 0.152941 0.5 0 0
16930 0.0335807 0 20.5 0.152941 0.5 0 0
16940 0.0335807 0 20.5 0.14902 0.5 0 0
16950 0.0335807 0 20.5 0.152941 0.5 0 0
16960 0.0332896 0 20.5 0.14902 0.5 0 0
16970 0.0332896 0 20.5 0.141176 0.5 0 0
16980 0.032547 0 20.5 0.133333 0.5 0 0
16990 0.032547 0 20.5 0.12549 0.5 0 0
17000 0.0318698 0 20.5 0.12549 0.5 0 0
17010 0.0318698 0 20.5 0.12549 0.5 0 0
17020 0.0313901 0 20.5 0.133333 0.5 0 0
17030 0.0313901 0 20.5 0.137255 0.5 0 0
17040 0.0312101 0 20.5 0.137255 0.5 0 0
17050 0.0312101 0 20.5 0.133333 0.5 0 0
17060 0.0310333 0 20.5 0.141176 0.5 0 0
17070 0.0310333 0 20.5 0.141176 0.5 0 0
17080 0.0305656 0 20.5 0.133333 0.5 0 0
17090 0.0305656 0 20.5 0.129412 0.5 0 0
17100 0.0298124 0 20.5 0.121569 0.5 0 0
17110 0.0298124 0 20.5 0.117647 0.5 0 0
17120 0.0291894 0 20.5 0.117647 0.5 0 0
17130 0.0291894 0 20.5 0.121569 0.5 0 0
17140 0.028924 0 20.5 0.117647 0.5 0 0
17150 0.028924 0 20.5 0.117647 0.5 0 0
17160 0.0287529 0 20.5 0.117647 0.5 0 0
17170 0.0287529 0 20.5 0.121569 0.5 0 0
17180 0.0286539 0 20.5 0.121569 0.5 0 0
17190 0.0286539 0 20.5 0.121569 0.5 0 0
17200 0.0286497 0 20.5 0.117647 0.5 0 0
17210 0.0286497 0 20.5 0.117647 0.5 0 0
17220 0.0291204 0 20.5 0.121569 0.5 0 0
17230 0.0291204 0 20.5 0.12549 0.5 0 0
17240 0.0292853 0 20.5 0.12549 0.5 0 0
17250 0.0292853 0 20.5 0.12549 0.5 0 0
17260 0.0292804 0 20.5 0.12549 0.5 0 0
17270 0.0292804 0 20.5 0.12549 0.5 0 0
17280 0.0291649 0 20.5 0.121569 0.5 0 0
17290 0.0291649 0 20.5 0.113725 0.5 0 0
17300 0.0286782 0 20.5 0.113725 0.5 0 0
17310 0.0286782 0 20.5 0.117647 0.5 0 0
17320 0.0280188 0 20.5 0.117647 0.5 0 0
17330 0.0280188 0 20.5 0.117647 0.5 0 0
17340 0.0277391 0 20.5 0.117647 0.5 0 0
17350 0.0277391 0 20.5 0.113725 0.5 0 0
17360 0.0273263 0 20.5 0.109804 0.5 0 0
17370 0.0273263 0 20.5 0.105882 0.5 0 0
17380 0.0267663 0 20.5 0.109804 0.5 0 0
17390 0.0267663 0 20.5 0.109804 0.5 0 0
17400 0.0265261 0 20.5 0.113725 0.5 0 0
17410 0.0265261 0 20.5 0.113725 0.5 0 0
17420 0.0263737 0 20.5 0.117647 0.5 0 0
17430 0.0263737 0 20.5 0.117647 0.5 0 0
17440 0.0261429 0 20.5 0.117647 0.5 0 0
17450 0.0261429 0 20.5 0.113725 0.5 0 0
17460 0.0256005 0 20.5 0.109804 0.5 0 0
17470 0.0256005 0 20.5 0.105882 0.5 0 0
17480 0.0246965 0 20.5 0.109804 0.5 0 0
17490 0.0246965 0 20.5 0.113725 0.5 0 0
17500 0.0241875 0 20.5 0.113725 0.5 0 0
17510 0.0241875 0 20.5 0.109804 0.5 0 0
17520 0.0239162 0 20.5 0.109804 0.5 0 0
17530 0.0239162 0 20.5 0.0980392 0.5 0 0
17540 0.0233029 0 20.5 0.0980392 0.5 0 0
17550 0.0233029 0 20.5 0.0980392 0.5 0 0
17560 0.0224016 0 20.5 0.0980392 0.5 0 0
17570 0.0224016 0 20.5 0.101961 0.5 0 0
17580 0.0220158 0 20.5 0.101961 0.5 0 0
17590 0.0220158 0 20.5 0.101961 0.5 0 0
17600 0.0218376 0 20.5 0.101961 0.5 0 0
17610 0.0218376 0 20.5 0.101961 0.5 0 0
17620 0.0215675 0 20.5 0.0980392 0.5 0 0
17630 0.0215675 0 20.5 0.0980392 0.5 0 0
17640 0.0213315 0 20.5 0.0980392 0.5 0 0
17650 0.0213315 0 20.5 0.101961 0.5 0 0
17660 0.0213123 0 20.5 0.101961 0.5 0 0
17670 0.0213123 0 20.5 0.101961 0.5 0 0
17680 0.021251 0 20.5 0.101961 0.5 0 0
17690 0.021251 0 20.5 0.0980392 0.5 0 0
17700 0.0212509 0 20.5 0.0980392 0.5 0 0
17710 0.0212509 0 20.5 0.101961 0.5 0 0
17720 0.0212025 0 20.5 0.0980392 0.5 0 0
17730 0.0212025 0 20.5 0.0980392 0.5 0 0
17740 0.0211685 0 20.5 0.101961 0.5 0 0
17750 0.0211685 0 20.5 0.0980392 0.5 0 0
17760 0.021438 0 20.5 0.101961 0.5 0 0
17770 0.021438 0 20.5 0.101961 0.5 0 0
17780 0.0214641 0 20.5 0.101961 0.5 0 0
17790 0.0214641 0 20.5 0.101961 0.5 0 0
17800 0.0214636 0 20.5 0.101961 0.5 0 0
17810 0.0214636 0 20.5 0.101961 0.5 0 0
17820 0.0214636 0 20.5 0.101961 0.5 0 0
17830 0.0214636 0 20.5 0.101961 0.5 0 0
17840 0.0213633 0 20.5 0.0980392 0.5 0 0
17850 0.0213633 0 20.5 0.0980392 0.5 0 0
17860 0.0209976 0 20.5 0.0941176 0.5 0 0
17870 0.0209976 0 20.5 0.0901961 0.5 0 0
17880 0.0204689 0 20.5 0.0941176 0.5 0 0
17890 0.0204689 0 20.5 0.0980392 0.5 0 0
17900 0.0202288 0 20.5 0.0941176 0.5 0 0
17910 0.0202288 0 20.5 0.0980392 0.5 0 0
17920 0.0202277 0 20.5 0.0980392 0.5 0 0
17930 0.0202277 0 20.5 0.0980392 0.5 0 0
17940 0.0201653 0 20.5 0.0941176 0.5 0 0
17950 0.0201653 0 20.5 0.0941176 0.5 0 0
17960 0.0197196 0 20.5 0.0901961 0.5 0 0
17970 0.0197196 0 20.5 0.0901961 0.5 0 0
17980 0.0192307 0 20.5 0.0901961 0.5 0 0
17990 0.0192307 0 20.5 0.0941176 0.5 0 0
18000 0.0189231 0 20.5 0.0941176 0.5 0 0
18010 0.0189231 0 20.5 0.0941176 0.5 0 0
18020 0.0188077 0 20.5 0.0980392 0.5 0 0
18030 0.0188077 0 20.5 0.0941176 0.5 0 0
18040 0.0184926 0 20.5 0.0901961 0.5 0 0
18050 0.0184926 0 20.5 0.0862745 0.5 0 0
18060 0.0179849 0 20.5 0.0862745 0.5 0 0
18070 0.0179849 0 20.5 0.0862745 0.5 0 0
18080 0.0176789 0 20.5 0.0862745 0.5 0 0
18090 0.0176789 0 20.5 0.0901961 0.5 0 0
18100 0.0177368 0 20.5 0.0901961 0.5 0 0
18110 0.0177368 0 20.5 0.0901961 0.5 0 0
18120 0.0177312 0 20.5 0.0901961 0.5 0 0
18130 0.0177312 0 20.5 0.0901961 0.5 0 0
18140 0.0177023 0 20.5 0.0901961 0.5 0 0
18150 0.0177023 0 20.5 0.0901961 0.5 0 0
18160 0.0175425 0 20.5 0.0901961 0.5 0 0
18170 0.0175425 0 20.5 0.0901961 0.5 0 0
18180 0.017325 0 20.5 0.0901961 0.5 0 0
18190 0.017325 0 20.5 0.0901961 0.5 0 0
18200 0.0171016 0 20.5 0.0901961 0.5 0 0
18210 0.0171016 0 20.5 0.0901961 0.5 0 0
18220 0.0168185 0 20.5 0.0941176 0.5 0 0
18230 0.0168185 0 20.5 0.0941176 0.5 0 0
18240 0.0165762 0 20.5 0.0941176 0.5 0 0
18250 0.0165762 0 20.5 0.0901961 0.5 0 0
18260 0.0164111 0 20.5 0.0901961 0.5 0 0
18270 0.0164111 0 20.5 0.0862745 0.5 0 0
18280 0.0160713 0 20.5 0.0862745 0.5 0 0
18290 0.0160713 0 20.5 0.0901961 0.5 0 0
18300 0.0157607 0.5 21 0.0901961 0.5 0 0
18310 0.0157607 0.5 21 0.0941176 0.5 0 0
18320 0.0152243 0.5 21.5 0.0862745 0.5 0 0
18330 0.0152243 0.5 21.5 0.0862745 0.5 0 0
18340 0.0148915 0.5 22 0.0823529 0.5 0 0
18350 0.0148915 0.5 22 0.0823529 0.5 0 0
18360 0.0145697 0.5 22.5 0.0823529 0.5 0 0
18370 0.0145697 0.5 22.5 0.0784314 0.5 0 0
18380 0.0142702 0.5 23 0.0784314 0.5 0 0
18390 0.0142702 0.5 23 0.0784314 0.5 0 0
18400 0.0140704 0.5 23.5 0.0784314 0.5 0 0
18410 0.0140704 0.5 23.5 0.0784314 0.5 0 0
18420 0.013773 0 23.5 0.0784314 0.5 0 0
18430 0.013773 0 23.5 0.0823529 0.5 0 0
18440 0.0132012 0 23.5 0.0784314 0.5 0 0
18450 0.0132012 0 23.5 0.0784314 0.5 0 0
18460 0.0128616 0 23.5 0.0823529 0.5 0 0
18470 0.0128616 0 23.5 0.0823529 0.5 0 0
18480 0.0127063 0 23.5 0.0823529 0.5 0 0
18490 0.0127063 0 23.5 0.0823529 0.5 0 0
18500 0.0126104 0 23.5 0.0823529 0.5 0 0
18510 0.0126104 0 23.5 0.0823529 0.5 0 0
18520 0.0126938 0 23.5 0.0823529 0.5 0 0
18530 0.0126938 0 23.5 0.0823529 0.5 0 0
18540 0.0126618 0 23.5 0.0823529 0.5 0 0
18550 0.0126618 0 23.5 0.0823529 0.5 0 0
18560 0.0126739 0 23.5 0.0784314 0.5 0 0
18570 0.0126739 0 23.5 0.0745098 0.5 0 0
18580 0.0125836 0 23.5 0.0745098 0.5 0 0
18590 0.0125836 0 23.5 0.0784314 0.5 0 0
18600 0.01245 0 23.5 0.0784314 0.5 0 0
18610 0.01245 0 23.5 0.0784314 0.5 0 0
18620 0.012331 0 23.5 0.0745098 0.5 0 0
18630 0.012331 0 23.5 0.0745098 0.5 0 0
18640 0.0121248 0 23.5 0.0745098 0.5 0 0
18650 0.0121248 0 23.5 0.0705882 0.5 0 0
18660 0.011715 0 23.5 0.0705882 0.5 0 0
18670 0.011715 0 23.5 0.0705882 0.5 0 0
18680 0.0114862 0 23.5 0.0705882 0.5 0 0
18690 0.0114862 0 23.5 0.0705882 0.5 0 0
18700 0.0113343 0 23.5 0.0705882 0.5 0 0
18710 0.0113343 0 23.5 0.0705882 0.5 0 0
18720 0.0111289 0 23.5 0.0705882 0.5 0 0
18730 0.0111289 0 23.5 0.0745098 0.5 0 0
18740 0.0109497 0 23.5 0.0745098 0.5 0 0
18750 0.0109497 0 23.5 0.0745098 0.5 0 0
18760 0.0107541 0 23.5 0.0745098 0.5 0 0
18770 0.0107541 0 23.5 0.0745098 0.5 0 0
18780 0.010665 0 23.5 0.0784314 0.5 0 0
18790 0.010665 0 23.5 0.0823529 0.5 0 0
18800 0.0105632 0 23.5 0.0823529 0.5 0 0
18810 0.0105632 0 23.5 0.0823529 0.5 0 0
18820 0.0104666 0 23.5 0.0784314 0.5 0 0
18830 0.0104666 0 23.5 0.0745098 0.5 0 0
18840 0.0102201 0 23.5 0.0705882 0.5 0 0
18850 0.0102201 0 23.5 0.0705882 0.5 0 0
18860 0.00973605 0 23.5 0.0705882 0.5 0 0
18870 0.00973605 0 23.5 0.0705882 0.5 0 0
18880 0.00958769 0 23.5 0.0666667 0.5 0 0
18890 0.00958769 0 23.5 0.0705882 0.5 0 0
18900 0.00953319 0 23.5 0.0666667 0.5 0 0
18910 0.00953319 0 23.5 0.0666667 0.5 0 0
18920 0.00934595 0 23.5 0.0666667 0.5 0 0
18930 0.00934595 0 23.5 0.0666667 0.5 0 0
18940 0.00914994 0 23.5 0.0627451 0.5 0 0
18950 0.00914994 0 23.5 0.0666667 0.5 0 0
18960 0.008873 0 23.5 0.0666667 0.5 0 0
18970 0.008873 0 23.5 0.0666667 0.5 0 0
18980 0.00879764 0 23.5 0.0666667 0.5 0 0
18990 0.00879764 0 23.5 0.0666667 0.5 0 0
19000 0.00863483 0 23.5 0.0666667 0.5 0 0
19010 0.00863483 0 23.5 0.0666667 0.5 0 0
19020 0.00840904 0 23.5 0.0705882 0.5 0 0
19030 0.00840904 0 23.5 0.0705882 0.5 0 0
19040 0.00818125 0 23.5 0.0666667 0.5 0 0
19050 0.00818125 0 23.5 0.0666667 0.5 0 0
19060 0.00800436 0 23.5 0.0666667 0.5 0 0
19070 0.00800436 0 23.5 0.0627451 0.5 0 0
19080 0.00779571 0 23.5 0.0627451 0.5 0 0
19090 0.00779571 0 23.5 0.0627451 0.5 0 0
19100 0.00744155 0 23.5 0.0666667 0.5 0 0
19110 0.00744155 0 23.5 0.0666667 0.5 0 0
19120 0.00726638 0 23.5 0.0666667 0.5 0 0
19130 0.00726638 0 23.5 0.0666667 0.5 0 0
19140 0.00707668 0 23.5 0.0666667 0.5 0 0
19150 0.00707668 0 23.5 0.0666667 0.5 0 0
19160 0.00692122 0 23.5 0.0588235 0.5 0 0
19170 0.00692122 0 23.5 0.0588235 0.5 0 0
19180 0.00685626 0 23.5 0.0588235 0.5 0 0
19190 0.00685626 0 23.5 0.0627451 0.5 0 0
19200 0.00657942 0 23.5 0.0627451 0.5 0 0
19210 0.00657942 0 23.5 0.0627451 0.5 0 0
19220 0.00651892 0 23.5 0.0627451 0.5 0 0
19230 0.00651892 0 23.5 0.0627451 0.5 0 0
19240 0.0064743 0 23.5 0.0666667 0.5 0 0
19250 0.0064743 0 23.5 0.0666667 0.5 0 0
19260 0.00645263 0 23.5 0.0627451 0.5 0 0
19270 0.00645263 0 23.5 0.0666667 0.5 0 0
19280 0.00643463 0 23.5 0.0666667 0.5 0 0
19290 0.00643463 0 23.5 0.0666667 0.5 0 0
19300 0.0063883 0 23.5 0.0627451 0.5 0 0
19310 0.0063883 0 23.5 0.0627451 0.5 0 0
19320 0.00619906 0 23.5 0.0627451 0.5 0 0
19330 0.00619906 0 23.5 0.0588235 0.5 0 0
19340 0.00590466 0 23.5 0.054902 0.5 0 0
19350 0.00590466 0 23.5 0.054902 0.5 0 0
19360 0.00565437 0 23.5 0.0588235 0.5 0 0
19370 0.00565437 0 23.5 0.0588235 0.5 0 0
19380 0.00559149 0 23.5 0.054902 0.5 0 0
19390 0.00559149 0 23.5 0.054902 0.5 0 0
19400 0.00549474 0 23.5 0.0588235 0.5 0 0
19410 0.00549474 0 23.5 0.0588235 0.5 0 0
19420 0.00547404 0 23.5 0.0588235 0.5 0 0
19430 0.00547404 0 23.5 0.054902 0.5 0 0
19440 0.00537856 0 23.5 0.054902 0.5 0 0
19450 0.00537856 0 23.5 0.054902 0.5 0 0
19460 0.0054876 0 23.5 0.054902 0.5 0 0
19470 0.0054876 0 23.5 0.054902 0.5 0 0
19480 0.00561893 0 23.5 0.0588235 0.5 0 0
19490 0.00561893 0 23.5 0.0588235 0.5 0 0
19500 0.00569697 0 23.5 0.0588235 0.5 0 0
19510 0.00569697 0 23.5 0.0627451 0.5 0 0
19520 0.00563914 0 23.5 0.0588235 0.5 0 0
19530 0.00563914 0 23.5 0.0588235 0.5 0 0
19540 0.00566584 0 23.5 0.0588235 0.5 0 0
19550 0.00566584 0 23.5 0.0627451 0.5 0 0
19560 0.00561884 0 23.5 0.0627451 0.5 0 0
19570 0.00561884 0 23.5 0.0627451 0.5 0 0
19580 0.00551822 0 23.5 0.0627451 0.5 0 0
19590 0.00551822 0 23.5 0.0588235 0.5 0 0
19600 0.00529751 0 23.5 0.0588235 0.5 0 0
19610 0.00529751 0 23.5 0.0588235 0.5 0 0
19620 0.00506705 0 23.5 0.0588235 0.5 0 0
19630 0.00506705 0 23.5 0.0588235 0.5 0 0
19640 0.00497514 0 23.5 0.0588235 0.5 0 0
19650 0.00497514 0 23.5 0.0588235 0.5 0 0
19660 0.00496838 0 23.5 0.0588235 0.5 0 0
19670 0.00496838 0 23.5 0.054902 0.5 0 0
19680 0.00486097 0 23.5 0.0509804 0.5 0 0
19690 0.00486097 0 23.5 0.0509804 0.5 0 0
19700 0.00459729 0 23.5 0.0509804 0.5 0 0
19710 0.00459729 0 23.5 0.054902 0.5 0 0
19720 0.00449373 0 23.5 0.054902 0.5 0 0
19730 0.00449373 0 23.5 0.0509804 0.5 0 0
19740 0.00444307 0 23.5 0.0509804 0.5 0 0
19750 0.00444307 0 23.5 0.0509804 0.5 0 0
19760 0.00457171 0 23.5 0.054902 0.5 0 0
19770 0.00457171 0 23.5 0.054902 0.5 0 0
19780 0.00463758 0 23.5 0.054902 0.5 0 0
19790 0.00463758 0 23.5 0.054902 0.5 0 0
19800 0.00470141 0 23.5 0.054902 0.5 0 0
19810 0.00470141 0 23.5 0.0588235 0.5 0 0
19820 0.00468715 0 23.5 0.0588235 0.5 0 0
19830 0.00468715 0 23.5 0.0588235 0.5 0 0
19840 0.00472975 0 23.5 0.054902 0.5 0 0
19850 0.00472975 0 23.5 0.0588235 0.5 0 0
19860 0.00481163 0 23.5 0.054902 0.5 0 0
19870 0.00481163 0 23.5 0.054902 0.5 0 0
19880 0.00477203 0 23.5 0.054902 0.5 0 0
19890 0.00477203 0 23.5 0.054902 0.5 0 0
19900 0.00473032 0 23.5 0.054902 0.5 0 0
19910 0.00473032 0 23.5 0.054902 0.5 0 0
19920 0.00473093 0 23.5 0.054902 0.5 0 0
19930 0.00473093 0 23.5 0.054902 0.5 0 0
19940 0.00474312 0 23.5 0.0588235 0.5 0 0
19950 0.00474312 0 23.5 0.054902 0.5 0 0
19960 0.00476021 0 23.5 0.054902 0.5 0 0
19970 0.00476021 0 23.5 0.054902 0.5 0 0
19980 0.00472093 0 23.5 0.0509804 0.5 0 0
19990 0.00472093 0 23.5 0.054902 0.5 0 0
20000 0.00473638 0 23.5 0.0509804 0.5 0 0
20010 0.00473638 0 23.5 0.054902 0.5 0 0
