0 0.114964 0 0 0.5 0.5 0 0
10 0.114964 0 0 0.792157 0.5 0 0
20 0.114504 0 0 0.678431 0.5 0 0
30 0.114504 0 0 0.690196 0.5 0 0
40 0.114504 0 0 0.796078 0.5 0 0
50 0.114504 0 0 0.835294 0.5 0 0
60 0.114635 0 0 0.792157 0.5 0 0
70 0.114635 0 0 0.709804 0.5 0 0
80 0.114265 0 0 0.843137 0.5 0 0
90 0.114265 0 0 0.792157 0.5 0 0
100 0.114265 0 0 0.792157 0.5 0 0
110 0.114265 0 0 0.733333 0.5 0 0
120 0.114346 0 0 0.8 0.5 0 0
130 0.114346 0 0 0.796078 0.5 0 0
140 0.115431 0 0 0.733333 0.5 0 0
150 0.115431 0 0 0.701961 0.5 0 0
160 0.116101 0 0 0.792157 0.5 0 0
170 0.116101 0 0 0.698039 0.5 0 0
180 0.116843 0 0 0.694118 0.5 0 0
190 0.116843 0 0 0.764706 0.5 0 0
200 0.116998 0 0 0.819608 0.5 0 0
210 0.116998 0 0 0.792157 0.5 0 0
220 0.116779 0 0 0.839216 0.5 0 0
230 0.116779 0 0 0.764706 0.5 0 0
240 0.11633 0 0 0.839216 0.5 0 0
250 0.11633 0 0 0.690196 0.5 0 0
260 0.115826 0 0 0.792157 0.5 0 0
270 0.115826 0 0 0.760784 0.5 0 0
280 0.115584 0 0 0.764706 0.5 0 0
290 0.115584 0 0 0.72549 0.5 0 0
300 0.11547 0 0 0.839216 0.5 0 0
310 0.11547 0 0 0.698039 0.5 0 0
320 0.115462 0 0 0.72549 0.5 0 0
330 0.115462 0 0 0.764706 0.5 0 0
340 0.115462 0 0 0.831373 0.5 0 0
350 0.115462 0 0 0.682353 0.5 0 0
360 0.115462 0 0 0.8 0.5 0 0
370 0.115462 0 0 0.819608 0.5 0 0
380 0.115462 0 0 0.792157 0.5 0 0
390 0.115462 0 0 0.733333 0.5 0 0
400 0.115462 0.25 0.25 0.686275 0.5 0 0
410 0.115462 0.25 0.25 0.835294 0.5 0 0
420 0.11545 0.25 0.5 0.835294 0.5 0 0
430 0.11545 0.25 0.5 0.835294 0.5 0 0
440 0.115445 0.25 0.75 0.690196 0.5 0 0
450 0.115445 0.25 0.75 0.690196 0.5 0 0
460 0.115445 0.25 1 0.764706 0.5 0 0
470 0.115445 0.25 1 0.792157 0.5 0 0
480 0.115445 0.25 1.25 0.701961 0.5 0 0
490 0.115445 0.25 1.25 0.721569 0.5 0 0
500 0.115445 0 1.25 0.768627 0.5 0 0
510 0.115445 0 1.25 0.701961 0.5 0 0
520 0.115445 0 1.25 0.694118 0.5 0 0
530 0.115445 0 1.25 0.72549 0.5 0 0
540 0.115445 0 1.25 0.733333 0.5 0 0
550 0.115445 0 1.25 0.694118 0.5 0 0
560 0.115445 0 1.25 0.839216 0.5 0 0
570 0.115445 0 1.25 0.729412 0.5 0 0
580 0.115445 0 1.25 0.835294 0.5 0 0
590 0.115445 0 1.25 0.678431 0.5 0 0
600 0.115445 0 1.25 0.764706 0.5 0 0
610 0.115445 0 1.25 0.835294 0.5 0 0
620 0.115445 0 1.25 0.729412 0.5 0 0
630 0.115445 0 1.25 0.694118 0.5 0 0
640 0.115675 0 1.25 0.792157 0.5 0 0
650 0.115675 0 1.25 0.819608 0.5 0 0
660 0.11618 0.25 1.5 0.796078 0.5 0 0
670 0.11618 0.25 1.5 0.741176 0.5 0 0
680 0.11621 0.25 1.75 0.741176 0.5 0 0
690 0.11621 0.25 1.75 0.8 0.5 0 0
700 0.11607 0.25 2 0.839216 0.5 0 0
710 0.11607 0.25 2 0.686275 0.5 0 0
720 0.116118 0.25 2.25 0.729412 0.5 0 0
730 0.116118 0.25 2.25 0.737255 0.5 0 0
740 0.116168 0.25 2.5 0.682353 0.5 0 0
750 0.116168 0.25 2.5 0.760784 0.5 0 0
760 0.116201 0.25 2.75 0.764706 0.5 0 0
770 0.116201 0.25 2.75 0.756863 0.5 0 0
780 0.116372 0 2.75 0.721569 0.5 0 0
790 0.116372 0 2.75 0.803922 0.5 0 0
800 0.116758 0 2.75 0.807843 0.5 0 0
810 0.116758 0 2.75 0.792157 0.5 0 0
820 0.117303 0 2.75 0.721569 0.5 0 0
830 0.117303 0 2.75 0.6 0.5 0 0
840 0.117721 0 2.75 0.619608 0.5 0 0
850 0.117721 0 2.75 0.733333 0.5 0 0
860 0.117759 0 2.75 0.796078 0.5 0 0
870 0.117759 0 2.75 0.670588 0.5 0 0
880 0.117759 0 2.75 0.721569 0.5 0 0
890 0.117759 0 2.75 0.670588 0.5 0 0
900 0.117759 0 2.75 0.690196 0.5 0 0
910 0.117759 0 2.75 0.686275 0.5 0 0
920 0.117714 0 2.75 0.796078 0.5 0 0
930 0.117714 0 2.75 0.796078 0.5 0 0
940 0.117712 0 2.75 0.796078 0.5 0 0
950 0.117712 0 2.75 0.611765 0.5 0 0
960 0.117677 0 2.75 0.670588 0.5 0 0
970 0.117677 0 2.75 0.721569 0.5 0 0
980 0.117945 0 2.75 0.686275 0.5 0 0
990 0.117945 0 2.75 0.760784 0.5 0 0
1000 0.118424 0 2.75 0.752941 0.5 0 0
1010 0.118424 0 2.75 0.694118 0.5 0 0
1020 0.118988 0 2.75 0.717647 0.5 0 0
1030 0.118988 0 2.75 0.615686 0.5 0 0
1040 0.119038 0 2.75 0.6 0.5 0 0
1050 0.119038 0 2.75 0.556863 0.5 0 0
1060 0.118583 0 2.75 0.52549 0.5 0 0
1070 0.118583 0 2.75 0.517647 0.5 0 0
1080 0.117632 0 2.75 0.517647 0.5 0 0
1090 0.117632 0 2.75 0.517647 0.5 0 0
1100 0.117259 0 2.75 0.52549 0.5 0 0
1110 0.117259 0 2.75 0.517647 0.5 0 0
1120 0.117258 0 2.75 0.521569 0.5 0 0
1130 0.117258 0 2.75 0.521569 0.5 0 0
1140 0.117129 0 2.75 0.517647 0.5 0 0
1150 0.117129 0 2.75 0.521569 0.5 0 0
1160 0.11668 0 2.75 0.521569 0.5 0 0
1170 0.11668 0 2.75 0.517647 0.5 0 0
1180 0.11674 0 2.75 0.513725 0.5 0 0
1190 0.11674 0 2.75 0.517647 0.5 0 0
1200 0.117293 0 2.75 0.517647 0.5 0 0
1210 0.117293 0 2.75 0.509804 0.5 0 0
1220 0.117621 0 2.75 0.509804 0.5 0 0
1230 0.117621 0 2.75 0.509804 0.5 0 0
1240 0.117471 0 2.75 0.513725 0.5 0 0
1250 0.117471 0 2.75 0.509804 0.5 0 0
1260 0.117469 0 2.75 0.517647 0.5 0 0
1270 0.117469 0 2.75 0.509804 0.5 0 0
1280 0.117469 0 2.75 0.513725 0.5 0 0
1290 0.117469 0 2.75 0.509804 0.5 0 0
1300 0.117748 0 2.75 0.501961 0.5 0 0
1310 0.117748 0 2.75 0.486275 0.5 0 0
1320 0.117503 0 2.75 0.478431 0.5 0 0
1330 0.117503 0 2.75 0.478431 0.5 0 0
1340 0.116915 0 2.75 0.478431 0.5 0 0
1350 0.116915 0 2.75 0.478431 0.5 0 0
1360 0.116823 0 2.75 0.478431 0.5 0 0
1370 0.116823 0 2.75 0.478431 0.5 0 0
1380 0.116823 0 2.75 0.47451 0.5 0 0
1390 0.116823 0 2.75 0.47451 0.5 0 0
1400 0.116754 0 2.75 0.478431 0.5 0 0
1410 0.116754 0 2.75 0.478431 0.5 0 0
1420 0.116399 0 2.75 0.478431 0.5 0 0
1430 0.116399 0 2.75 0.478431 0.5 0 0
1440 0.11617 0 2.75 0.47451 0.5 0 0
1450 0.11617 0 2.75 0.478431 0.5 0 0
1460 0.115999 0 2.75 0.478431 0.5 0 0
1470 0.115999 0 2.75 0.478431 0.5 0 0
1480 0.115645 0 2.75 0.478431 0.5 0 0
1490 0.115645 0 2.75 0.47451 0.5 0 0
1500 0.115586 0 2.75 0.478431 0.5 0 0
1510 0.115586 0 2.75 0.478431 0.5 0 0
1520 0.115586 0 2.75 0.478431 0.5 0 0
1530 0.115586 0 2.75 0.478431 0.5 0 0
1540 0.115227 0 2.75 0.478431 0.5 0 0
1550 0.115227 0 2.75 0.478431 0.5 0 0
1560 0.115115 0 2.75 0.478431 0.5 0 0
1570 0.115115 0 2.75 0.478431 0.5 0 0
1580 0.115115 0 2.75 0.478431 0.5 0 0
1590 0.115115 0 2.75 0.478431 0.5 0 0
1600 0.115115 0 2.75 0.478431 0.5 0 0
1610 0.115115 0 2.75 0.47451 0.5 0 0
1620 0.114874 0 2.75 0.478431 0.5 0 0
1630 0.114874 0 2.75 0.478431 0.5 0 0
1640 0.11475 0 2.75 0.478431 0.5 0 0
1650 0.11475 0 2.75 0.482353 0.5 0 0
1660 0.11475 0 2.75 0.478431 0.5 0 0
1670 0.11475 0 2.75 0.478431 0.5 0 0
1680 0.11475 0 2.75 0.478431 0.5 0 0
1690 0.11475 0 2.75 0.478431 0.5 0 0
1700 0.114728 0 2.75 0.478431 0.5 0 0
1710 0.114728 0 2.75 0.478431 0.5 0 0
1720 0.114728 0 2.75 0.478431 0.5 0 0
1730 0.114728 0 2.75 0.478431 0.5 0 0
1740 0.114728 0 2.75 0.478431 0.5 0 0
1750 0.114728 0 2.75 0.478431 0.5 0 0
1760 0.114728 0 2.75 0.478431 0.5 0 0
1770 0.114728 0 2.75 0.47451 0.5 0 0
1780 0.114899 0 2.75 0.470588 0.5 0 0
1790 0.114899 0 2.75 0.470588 0.5 0 0
1800 0.115411 0 2.75 0.462745 0.5 0 0
1810 0.115411 0 2.75 0.458824 0.5 0 0
1820 0.115324 0 2.75 0.447059 0.5 0 0
1830 0.115324 0 2.75 0.447059 0.5 0 0
1840 0.114966 0 2.75 0.447059 0.5 0 0
1850 0.114966 0 2.75 0.447059 0.5 0 0
1860 0.114915 0 2.75 0.447059 0.5 0 0
1870 0.114915 0 2.75 0.447059 0.5 0 0
1880 0.114958 0 2.75 0.447059 0.5 0 0
1890 0.114958 0 2.75 0.443137 0.5 0 0
1900 0.115021 0 2.75 0.447059 0.5 0 0
1910 0.115021 0 2.75 0.443137 0.5 0 0
1920 0.1148 0 2.75 0.447059 0.5 0 0
1930 0.1148 0 2.75 0.447059 0.5 0 0
1940 0.114736 0 2.75 0.447059 0.5 0 0
1950 0.114736 0 2.75 0.447059 0.5 0 0
1960 0.114701 0 2.75 0.447059 0.5 0 0
1970 0.114701 0 2.75 0.447059 0.5 0 0
1980 0.114482 0 2.75 0.447059 0.5 0 0
1990 0.114482 0 2.75 0.447059 0.5 0 0
2000 0.114148 0 2.75 0.447059 0.5 0 0
2010 0.114148 0 2.75 0.447059 0.5 0 0
2020 0.113534 0 2.75 0.435294 0.5 0 0
2030 0.113534 0 2.75 0.439216 0.5 0 0
2040 0.113282 0 2.75 0.435294 0.5 0 0
2050 0.113282 0 2.75 0.431373 0.5 0 0
2060 0.112649 0 2.75 0.435294 0.5 0 0
2070 0.112649 0 2.75 0.435294 0.5 0 0
2080 0.111918 0 2.75 0.427451 0.5 0 0
2090 0.111918 0 2.75 0.427451 0.5 0 0
2100 0.111082 0 2.75 0.427451 0.5 0 0
2110 0.111082 0 2.75 0.427451 0.5 0 0
2120 0.109877 0 2.75 0.427451 0.5 0 0
2130 0.109877 0 2.75 0.427451 0.5 0 0
2140 0.109398 0 2.75 0.427451 0.5 0 0
2150 0.109398 0 2.75 0.427451 0.5 0 0
2160 0.108763 0 2.75 0.427451 0.5 0 0
2170 0.108763 0 2.75 0.427451 0.5 0 0
2180 0.108094 0 2.75 0.427451 0.5 0 0
2190 0.108094 0 2.75 0.427451 0.5 0 0
2200 0.107948 0 2.75 0.427451 0.5 0 0
2210 0.107948 0 2.75 0.427451 0.5 0 0
2220 0.107948 0 2.75 0.427451 0.5 0 0
2230 0.107948 0 2.75 0.427451 0.5 0 0
2240 0.107948 0 2.75 0.427451 0.5 0 0
2250 0.107948 0 2.75 0.427451 0.5 0 0
2260 0.107948 0 2.75 0.427451 0.5 0 0
2270 0.107948 0 2.75 0.427451 0.5 0 0
2280 0.107842 0 2.75 0.427451 0.5 0 0
2290 0.107842 0 2.75 0.427451 0.5 0 0
2300 0.107817 0 2.75 0.427451 0.5 0 0
2310 0.107817 0 2.75 0.427451 0.5 0 0
2320 0.107817 0 2.75 0.427451 0.5 0 0
2330 0.107817 0 2.75 0.427451 0.5 0 0
2340 0.107817 0 2.75 0.427451 0.5 0 0
2350 0.107817 0 2.75 0.427451 0.5 0 0
2360 0.107817 0 2.75 0.427451 0.5 0 0
2370 0.107817 0 2.75 0.427451 0.5 0 0
2380 0.107817 0 2.75 0.427451 0.5 0 0
2390 0.107817 0 2.75 0.427451 0.5 0 0
2400 0.107817 0 2.75 0.427451 0.5 0 0
2410 0.107817 0 2.75 0.427451 0.5 0 0
2420 0.107817 0 2.75 0.427451 0.5 0 0
2430 0.107817 0 2.75 0.427451 0.5 0 0
2440 0.107817 0 2.75 0.427451 0.5 0 0
2450 0.107817 0 2.75 0.427451 0.5 0 0
2460 0.107817 0 2.75 0.427451 0.5 0 0
2470 0.107817 0 2.75 0.427451 0.5 0 0
2480 0.107817 0 2.75 0.427451 0.5 0 0
2490 0.107817 0 2.75 0.427451 0.5 0 0
2500 0.107817 0 2.75 0.427451 0.5 0 0
2510 0.107817 0 2.75 0.427451 0.5 0 0
2520 0.107817 0 2.75 0.427451 0.5 0 0
2530 0.107817 0 2.75 0.427451 0.5 0 0
2540 0.107817 0 2.75 0.427451 0.5 0 0
2550 0.107817 0 2.75 0.427451 0.5 0 0
2560 0.107817 0 2.75 0.427451 0.5 0 0
2570 0.107817 0 2.75 0.427451 0.5 0 0
2580 0.107817 0 2.75 0.427451 0.5 0 0
2590 0.107817 0 2.75 0.427451 0.5 0 0
2600 0.107817 0 2.75 0.427451 0.5 0 0
2610 0.107817 0 2.75 0.427451 0.5 0 0
2620 0.107817 0 2.75 0.427451 0.5 0 0
2630 0.107817 0 2.75 0.427451 0.5 0 0
2640 0.107817 0 2.75 0.427451 0.5 0 0
2650 0.107817 0 2.75 0.427451 0.5 0 0
2660 0.107857 0 2.75 0.427451 0.5 0 0
2670 0.107857 0 2.75 0.427451 0.5 0 0
2680 0.108117 0 2.75 0.427451 0.5 0 0
2690 0.108117 0 2.75 0.427451 0.5 0 0
2700 0.108118 0 2.75 0.427451 0.5 0 0
2710 0.108118 0 2.75 0.427451 0.5 0 0
2720 0.108351 0 2.75 0.423529 0.5 0 0
2730 0.108351 0 2.75 0.423529 0.5 0 0
2740 0.108632 0 2.75 0.423529 0.5 0 0
2750 0.108632 0 2.75 0.423529 0.5 0 0
2760 0.108982 0 2.75 0.423529 0.5 0 0
2770 0.108982 0 2.75 0.423529 0.5 0 0
2780 0.109107 0 2.75 0.423529 0.5 0 0
2790 0.109107 0 2.75 0.419608 0.5 0 0
2800 0.10923 0 2.75 0.415686 0.5 0 0
2810 0.10923 0 2.75 0.419608 0.5 0 0
2820 0.109038 0 2.75 0.419608 0.5 0 0
2830 0.109038 0 2.75 0.419608 0.5 0 0
2840 0.108762 0 2.75 0.415686 0.5 0 0
2850 0.108762 0 2.75 0.419608 0.5 0 0
2860 0.108619 0 2.75 0.419608 0.5 0 0
2870 0.108619 0 2.75 0.419608 0.5 0 0
2880 0.108619 0 2.75 0.419608 0.5 0 0
2890 0.108619 0 2.75 0.419608 0.5 0 0
2900 0.108471 0 2.75 0.419608 0.5 0 0
2910 0.108471 0 2.75 0.419608 0.5 0 0
2920 0.108431 0 2.75 0.419608 0.5 0 0
2930 0.108431 0 2.75 0.419608 0.5 0 0
2940 0.108311 0 2.75 0.419608 0.5 0 0
2950 0.108311 0 2.75 0.419608 0.5 0 0
2960 0.108311 0 2.75 0.419608 0.5 0 0
2970 0.108311 0 2.75 0.419608 0.5 0 0
2980 0.108774 0 2.75 0.419608 0.5 0 0
2990 0.108774 0 2.75 0.415686 0.5 0 0
3000 0.109316 0 2.75 0.415686 0.5 0 0
3010 0.109316 0 2.75 0.411765 0.5 0 0
3020 0.110063 0 2.75 0.411765 0.5 0 0
3030 0.110063 0 2.75 0.407843 0.5 0 0
3040 0.109986 0 2.75 0.411765 0.5 0 0
3050 0.109986 0 2.75 0.407843 0.5 0 0
3060 0.109983 0 2.75 0.407843 0.5 0 0
3070 0.109983 0 2.75 0.407843 0.5 0 0
3080 0.110393 0 2.75 0.407843 0.5 0 0
3090 0.110393 0 2.75 0.411765 0.5 0 0
3100 0.110307 0 2.75 0.411765 0.5 0 0
3110 0.110307 0 2.75 0.411765 0.5 0 0
3120 0.1103 0 2.75 0.407843 0.5 0 0
3130 0.1103 0 2.75 0.411765 0.5 0 0
3140 0.110271 0 2.75 0.407843 0.5 0 0
3150 0.110271 0 2.75 0.403922 0.5 0 0
3160 0.109637 0 2.75 0.407843 0.5 0 0
3170 0.109637 0 2.75 0.407843 0.5 0 0
3180 0.108789 0 2.75 0.403922 0.5 0 0
3190 0.108789 0 2.75 0.403922 0.5 0 0
3200 0.108546 0 2.75 0.403922 0.5 0 0
3210 0.108546 0 2.75 0.403922 0.5 0 0
3220 0.10847 0 2.75 0.403922 0.5 0 0
3230 0.10847 0 2.75 0.403922 0.5 0 0
3240 0.10794 0 2.75 0.403922 0.5 0 0
3250 0.10794 0 2.75 0.403922 0.5 0 0
3260 0.107529 0 2.75 0.403922 0.5 0 0
3270 0.107529 0 2.75 0.403922 0.5 0 0
3280 0.106615 0 2.75 0.403922 0.5 0 0
3290 0.106615 0 2.75 0.403922 0.5 0 0
3300 0.106345 0 2.75 0.403922 0.5 0 0
3310 0.106345 0 2.75 0.403922 0.5 0 0
3320 0.106345 0 2.75 0.403922 0.5 0 0
3330 0.106345 0 2.75 0.403922 0.5 0 0
3340 0.106112 0 2.75 0.403922 0.5 0 0
3350 0.106112 0 2.75 0.403922 0.5 0 0
3360 0.106111 0 2.75 0.403922 0.5 0 0
3370 0.106111 0 2.75 0.403922 0.5 0 0
3380 0.106111 0 2.75 0.403922 0.5 0 0
3390 0.106111 0 2.75 0.403922 0.5 0 0
3400 0.106111 0 2.75 0.403922 0.5 0 0
3410 0.106111 0 2.75 0.403922 0.5 0 0
3420 0.106111 0 2.75 0.403922 0.5 0 0
3430 0.106111 0 2.75 0.403922 0.5 0 0
3440 0.106111 0 2.75 0.403922 0.5 0 0
3450 0.106111 0 2.75 0.403922 0.5 0 0
3460 0.106111 0 2.75 0.403922 0.5 0 0
3470 0.106111 0 2.75 0.403922 0.5 0 0
3480 0.106111 0 2.75 0.403922 0.5 0 0
3490 0.106111 0 2.75 0.403922 0.5 0 0
3500 0.106111 0 2.75 0.403922 0.5 0 0
3510 0.106111 0 2.75 0.403922 0.5 0 0
3520 0.106679 0 2.75 0.407843 0.5 0 0
3530 0.106679 0 2.75 0.407843 0.5 0 0
3540 0.107028 0 2.75 0.407843 0.5 0 0
3550 0.107028 0 2.75 0.403922 0.5 0 0
3560 0.107437 0 2.75 0.403922 0.5 0 0
3570 0.107437 0 2.75 0.403922 0.5 0 0
3580 0.107793 0 2.75 0.4 0.5 0 0
3590 0.107793 0 2.75 0.403922 0.5 0 0
3600 0.108171 0 2.75 0.403922 0.5 0 0
3610 0.108171 0 2.75 0.403922 0.5 0 0
3620 0.108145 0 2.75 0.403922 0.5 0 0
3630 0.108145 0 2.75 0.403922 0.5 0 0
3640 0.108202 0 2.75 0.403922 0.5 0 0
3650 0.108202 0 2.75 0.4 0.5 0 0
3660 0.107562 0 2.75 0.396078 0.5 0 0
3670 0.107562 0 2.75 0.392157 0.5 0 0
3680 0.106112 0 2.75 0.392157 0.5 0 0
3690 0.106112 0 2.75 0.392157 0.5 0 0
3700 0.104934 0 2.75 0.392157 0.5 0 0
3710 0.104934 0 2.75 0.388235 0.5 0 0
3720 0.10462 0 2.75 0.388235 0.5 0 0
3730 0.10462 0 2.75 0.388235 0.5 0 0
3740 0.103906 0 2.75 0.388235 0.5 0 0
3750 0.103906 0 2.75 0.388235 0.5 0 0
3760 0.103285 0 2.75 0.392157 0.5 0 0
3770 0.103285 0 2.75 0.392157 0.5 0 0
3780 0.103072 0 2.75 0.392157 0.5 0 0
3790 0.103072 0 2.75 0.392157 0.5 0 0
3800 0.102883 0 2.75 0.392157 0.5 0 0
3810 0.102883 0 2.75 0.384314 0.5 0 0
3820 0.101467 0 2.75 0.380392 0.5 0 0
3830 0.101467 0 2.75 0.380392 0.5 0 0
3840 0.100251 0 2.75 0.380392 0.5 0 0
3850 0.100251 0 2.75 0.380392 0.5 0 0
3860 0.0990298 0 2.75 0.380392 0.5 0 0
3870 0.0990298 0 2.75 0.380392 0.5 0 0
3880 0.0982628 0 2.75 0.380392 0.5 0 0
3890 0.0982628 0 2.75 0.380392 0.5 0 0
3900 0.0981121 0 2.75 0.380392 0.5 0 0
3910 0.0981121 0 2.75 0.380392 0.5 0 0
3920 0.0981097 0 2.75 0.380392 0.5 0 0
3930 0.0981097 0 2.75 0.380392 0.5 0 0
3940 0.0981097 0 2.75 0.380392 0.5 0 0
3950 0.0981097 0 2.75 0.380392 0.5 0 0
3960 0.0979802 0 2.75 0.380392 0.5 0 0
3970 0.0979802 0 2.75 0.380392 0.5 0 0
3980 0.0979794 0 2.75 0.380392 0.5 0 0
3990 0.0979794 0 2.75 0.380392 0.5 0 0
4000 0.0979794 0 2.75 0.380392 0.5 0 0
4010 0.0979794 0 2.75 0.380392 0.5 0 0
4020 0.0979794 0 2.75 0.380392 0.5 0 0
4030 0.0979794 0 2.75 0.380392 0.5 0 0
4040 0.0979794 0 2.75 0.380392 0.5 0 0
4050 0.0979794 0 2.75 0.380392 0.5 0 0
4060 0.0979794 0 2.75 0.380392 0.5 0 0
4070 0.0979794 0 2.75 0.380392 0.5 0 0
4080 0.0979794 0 2.75 0.380392 0.5 0 0
4090 0.0979794 0 2.75 0.380392 0.5 0 0
4100 0.0979794 0 2.75 0.380392 0.5 0 0
4110 0.0979794 0 2.75 0.380392 0.5 0 0
4120 0.0979794 0 2.75 0.380392 0.5 0 0
4130 0.0979794 0 2.75 0.380392 0.5 0 0
4140 0.0979794 0 2.75 0.380392 0.5 0 0
4150 0.0979794 0 2.75 0.380392 0.5 0 0
4160 0.0979794 0 2.75 0.380392 0.5 0 0
4170 0.0979794 0 2.75 0.380392 0.5 0 0
4180 0.0979794 0 2.75 0.380392 0.5 0 0
4190 0.0979794 0 2.75 0.380392 0.5 0 0
4200 0.0979794 0 2.75 0.380392 0.5 0 0
4210 0.0979794 0 2.75 0.380392 0.5 0 0
4220 0.0979783 0 2.75 0.380392 0.5 0 0
4230 0.0979783 0 2.75 0.380392 0.5 0 0
4240 0.0979783 0 2.75 0.380392 0.5 0 0
4250 0.0979783 0 2.75 0.380392 0.5 0 0
4260 0.0979783 0 2.75 0.380392 0.5 0 0
4270 0.0979783 0 2.75 0.380392 0.5 0 0
4280 0.0979783 0 2.75 0.380392 0.5 0 0
4290 0.0979783 0 2.75 0.380392 0.5 0 0
4300 0.0979783 0 2.75 0.380392 0.5 0 0
4310 0.0979783 0 2.75 0.380392 0.5 0 0
4320 0.0979813 0 2.75 0.380392 0.5 0 0
4330 0.0979813 0 2.75 0.380392 0.5 0 0
4340 0.0989156 0 2.75 0.384314 0.5 0 0
4350 0.0989156 0 2.75 0.384314 0.5 0 0
4360 0.0990333 0 2.75 0.384314 0.5 0 0
4370 0.0990333 0 2.75 0.384314 0.5 0 0
4380 0.0990333 0 2.75 0.384314 0.5 0 0
4390 0.0990333 0 2.75 0.384314 0.5 0 0
4400 0.0991802 0 2.75 0.380392 0.5 0 0
4410 0.0991802 0 2.75 0.380392 0.5 0 0
4420 0.0989775 0 2.75 0.380392 0.5 0 0
4430 0.0989775 0 2.75 0.380392 0.5 0 0
4440 0.0986968 0 2.75 0.380392 0.5 0 0
4450 0.0986968 0 2.75 0.376471 0.5 0 0
4460 0.0980576 0 2.75 0.376471 0.5 0 0
4470 0.0980576 0 2.75 0.376471 0.5 0 0
4480 0.0974412 0 2.75 0.376471 0.5 0 0
4490 0.0974412 0 2.75 0.376471 0.5 0 0
4500 0.0970056 0 2.75 0.376471 0.5 0 0
4510 0.0970056 0 2.75 0.376471 0.5 0 0
4520 0.0969807 0 2.75 0.376471 0.5 0 0
4530 0.0969807 0 2.75 0.376471 0.5 0 0
4540 0.0964369 0 2.75 0.376471 0.5 0 0
4550 0.0964369 0 2.75 0.376471 0.5 0 0
4560 0.0961787 0 2.75 0.376471 0.5 0 0
4570 0.0961787 0 2.75 0.376471 0.5 0 0
4580 0.0961787 0 2.75 0.376471 0.5 0 0
4590 0.0961787 0 2.75 0.376471 0.5 0 0
4600 0.0961787 0 2.75 0.376471 0.5 0 0
4610 0.0961787 0 2.75 0.376471 0.5 0 0
4620 0.0963076 0 2.75 0.376471 0.5 0 0
4630 0.0963076 0 2.75 0.376471 0.5 0 0
4640 0.0969997 0 2.75 0.376471 0.5 0 0
4650 0.0969997 0 2.75 0.376471 0.5 0 0
4660 0.0978747 0 2.75 0.380392 0.5 0 0
4670 0.0978747 0 2.75 0.376471 0.5 0 0
4680 0.0982427 0 2.75 0.380392 0.5 0 0
4690 0.0982427 0 2.75 0.380392 0.5 0 0
4700 0.0982497 0 2.75 0.380392 0.5 0 0
4710 0.0982497 0 2.75 0.380392 0.5 0 0
4720 0.0982172 0 2.75 0.380392 0.5 0 0
4730 0.0982172 0 2.75 0.380392 0.5 0 0
4740 0.0980006 0 2.75 0.376471 0.5 0 0
4750 0.0980006 0 2.75 0.372549 0.5 0 0
4760 0.0972085 0 2.75 0.372549 0.5 0 0
4770 0.0972085 0 2.75 0.372549 0.5 0 0
4780 0.0964288 0 2.75 0.372549 0.5 0 0
4790 0.0964288 0 2.75 0.372549 0.5 0 0
4800 0.0961168 0 2.75 0.372549 0.5 0 0
4810 0.0961168 0 2.75 0.372549 0.5 0 0
4820 0.0959684 0 2.75 0.372549 0.5 0 0
4830 0.0959684 0 2.75 0.372549 0.5 0 0
4840 0.0952971 0 2.75 0.372549 0.5 0 0
4850 0.0952971 0 2.75 0.372549 0.5 0 0
4860 0.0949779 0 2.75 0.372549 0.5 0 0
4870 0.0949779 0 2.75 0.372549 0.5 0 0
4880 0.0948488 0 2.75 0.372549 0.5 0 0
4890 0.0948488 0 2.75 0.372549 0.5 0 0
4900 0.0945295 0 2.75 0.372549 0.5 0 0
4910 0.0945295 0 2.75 0.372549 0.5 0 0
4920 0.0945283 0 2.75 0.372549 0.5 0 0
4930 0.0945283 0 2.75 0.372549 0.5 0 0
4940 0.0945283 0 2.75 0.372549 0.5 0 0
4950 0.0945283 0 2.75 0.372549 0.5 0 0
4960 0.0945283 0 2.75 0.372549 0.5 0 0
4970 0.0945283 0 2.75 0.372549 0.5 0 0
4980 0.0945283 0 2.75 0.372549 0.5 0 0
4990 0.0945283 0 2.75 0.372549 0.5 0 0
5000 0.0945283 0 2.75 0.372549 0.5 0 0
5010 0.0945283 0 2.75 0.372549 0.5 0 0
5020 0.0945283 0 2.75 0.372549 0.5 0 0
5030 0.0945283 0 2.75 0.372549 0.5 0 0
5040 0.0945283 0 2.75 0.372549 0.5 0 0
5050 0.0945283 0 2.75 0.372549 0.5 0 0
5060 0.0945283 0 2.75 0.372549 0.5 0 0
5070 0.0945283 0 2.75 0.372549 0.5 0 0
5080 0.0945283 0 2.75 0.372549 0.5 0 0
5090 0.0945283 0 2.75 0.372549 0.5 0 0
5100 0.0945283 0 2.75 0.372549 0.5 0 0
5110 0.0945283 0 2.75 0.372549 0.5 0 0
5120 0.0950815 0 2.75 0.372549 0.5 0 0
5130 0.0950815 0 2.75 0.372549 0.5 0 0
5140 0.0960516 0 2.75 0.372549 0.5 0 0
5150 0.0960516 0 2.75 0.372549 0.5 0 0
5160 0.096996 0 2.75 0.372549 0.5 0 0
5170 0.096996 0 2.75 0.376471 0.5 0 0
5180 0.0971773 0 2.75 0.372549 0.5 0 0
5190 0.0971773 0 2.75 0.376471 0.5 0 0
5200 0.0971968 0 2.75 0.372549 0.5 0 0
5210 0.0971968 0 2.75 0.372549 0.5 0 0
5220 0.0971679 0 2.75 0.372549 0.5 0 0
5230 0.0971679 0 2.75 0.372549 0.5 0 0
5240 0.0969941 0 2.75 0.368627 0.5 0 0
5250 0.0969941 0 2.75 0.372549 0.5 0 0
5260 0.0966023 0 2.75 0.372549 0.5 0 0
5270 0.0966023 0 2.75 0.372549 0.5 0 0
5280 0.0964084 0 2.75 0.372549 0.5 0 0
5290 0.0964084 0 2.75 0.372549 0.5 0 0
5300 0.0962052 0 2.75 0.372549 0.5 0 0
5310 0.0962052 0 2.75 0.372549 0.5 0 0
5320 0.0952099 0 2.75 0.368627 0.5 0 0
5330 0.0952099 0 2.75 0.364706 0.5 0 0
5340 0.094424 0 2.75 0.368627 0.5 0 0
5350 0.094424 0 2.75 0.368627 0.5 0 0
5360 0.0932717 0 2.75 0.364706 0.5 0 0
5370 0.0932717 0 2.75 0.364706 0.5 0 0
5380 0.0918528 0 2.75 0.364706 0.5 0 0
5390 0.0918528 0 2.75 0.364706 0.5 0 0
5400 0.091014 0 2.75 0.364706 0.5 0 0
5410 0.091014 0 2.75 0.364706 0.5 0 0
5420 0.0900727 0 2.75 0.364706 0.5 0 0
5430 0.0900727 0 2.75 0.364706 0.5 0 0
5440 0.0896365 0 2.75 0.364706 0.5 0 0
5450 0.0896365 0 2.75 0.364706 0.5 0 0
5460 0.0893318 0 2.75 0.364706 0.5 0 0
5470 0.0893318 0 2.75 0.364706 0.5 0 0
5480 0.0893162 0 2.75 0.364706 0.5 0 0
5490 0.0893162 0 2.75 0.364706 0.5 0 0
5500 0.0893127 0 2.75 0.364706 0.5 0 0
5510 0.0893127 0 2.75 0.364706 0.5 0 0
5520 0.0893127 0 2.75 0.364706 0.5 0 0
5530 0.0893127 0 2.75 0.364706 0.5 0 0
5540 0.0893127 0 2.75 0.364706 0.5 0 0
5550 0.0893127 0 2.75 0.364706 0.5 0 0
5560 0.0893127 0 2.75 0.364706 0.5 0 0
5570 0.0893127 0 2.75 0.364706 0.5 0 0
5580 0.0893127 0 2.75 0.364706 0.5 0 0
5590 0.0893127 0 2.75 0.364706 0.5 0 0
5600 0.0893127 0 2.75 0.364706 0.5 0 0
5610 0.0893127 0 2.75 0.364706 0.5 0 0
5620 0.0893127 0 2.75 0.364706 0.5 0 0
5630 0.0893127 0 2.75 0.364706 0.5 0 0
5640 0.0893127 0 2.75 0.364706 0.5 0 0
5650 0.0893127 0 2.75 0.364706 0.5 0 0
5660 0.0893127 0 2.75 0.364706 0.5 0 0
5670 0.0893127 0 2.75 0.364706 0.5 0 0
5680 0.0893127 0 2.75 0.364706 0.5 0 0
5690 0.0893127 0 2.75 0.364706 0.5 0 0
5700 0.0893127 0 2.75 0.364706 0.5 0 0
5710 0.0893127 0 2.75 0.364706 0.5 0 0
5720 0.0893127 0 2.75 0.364706 0.5 0 0
5730 0.0893127 0 2.75 0.364706 0.5 0 0
5740 0.0893127 0 2.75 0.364706 0.5 0 0
5750 0.0893127 0 2.75 0.364706 0.5 0 0
5760 0.0893127 0 2.75 0.364706 0.5 0 0
5770 0.0893127 0 2.75 0.364706 0.5 0 0
5780 0.0893127 0 2.75 0.364706 0.5 0 0
5790 0.0893127 0 2.75 0.364706 0.5 0 0
5800 0.0893127 0 2.75 0.364706 0.5 0 0
5810 0.0893127 0 2.75 0.364706 0.5 0 0
5820 0.0893127 0 2.75 0.364706 0.5 0 0
5830 0.0893127 0 2.75 0.364706 0.5 0 0
5840 0.0893279 0 2.75 0.364706 0.5 0 0
5850 0.0893279 0 2.75 0.364706 0.5 0 0
5860 0.0900657 0 2.75 0.368627 0.5 0 0
5870 0.0900657 0 2.75 0.368627 0.5 0 0
5880 0.0906724 0 2.75 0.368627 0.5 0 0
5890 0.0906724 0 2.75 0.372549 0.5 0 0
5900 0.0910819 0 2.75 0.372549 0.5 0 0
5910 0.0910819 0 2.75 0.372549 0.5 0 0
5920 0.0912609 0 2.75 0.372549 0.5 0 0
5930 0.0912609 0 2.75 0.372549 0.5 0 0
5940 0.0911583 0 2.75 0.372549 0.5 0 0
5950 0.0911583 0 2.75 0.368627 0.5 0 0
5960 0.0905083 0 2.75 0.364706 0.5 0 0
5970 0.0905083 0 2.75 0.360784 0.5 0 0
5980 0.0897011 0 2.75 0.356863 0.5 0 0
5990 0.0897011 0 2.75 0.356863 0.5 0 0
6000 0.088169 0 2.75 0.356863 0.5 0 0
6010 0.088169 0 2.75 0.356863 0.5 0 0
6020 0.0876982 0 2.75 0.356863 0.5 0 0
6030 0.0876982 0 2.75 0.356863 0.5 0 0
6040 0.0874268 0 2.75 0.356863 0.5 0 0
6050 0.0874268 0 2.75 0.356863 0.5 0 0
6060 0.0869698 0 2.75 0.356863 0.5 0 0
6070 0.0869698 0 2.75 0.356863 0.5 0 0
6080 0.0868118 0 2.75 0.356863 0.5 0 0
6090 0.0868118 0 2.75 0.356863 0.5 0 0
6100 0.0863314 0 2.75 0.356863 0.5 0 0
6110 0.0863314 0 2.75 0.352941 0.5 0 0
6120 0.0871199 0 2.75 0.352941 0.5 0 0
6130 0.0871199 0 2.75 0.356863 0.5 0 0
6140 0.0874979 0 2.75 0.356863 0.5 0 0
6150 0.0874979 0 2.75 0.356863 0.5 0 0
6160 0.0875053 0 2.75 0.356863 0.5 0 0
6170 0.0875053 0 2.75 0.356863 0.5 0 0
6180 0.0874843 0 2.75 0.356863 0.5 0 0
6190 0.0874843 0 2.75 0.352941 0.5 0 0
6200 0.0872995 0 2.75 0.352941 0.5 0 0
6210 0.0872995 0 2.75 0.352941 0.5 0 0
6220 0.0866426 0 2.75 0.34902 0.5 0 0
6230 0.0866426 0 2.75 0.352941 0.5 0 0
6240 0.0854257 0 2.75 0.352941 0.5 0 0
6250 0.0854257 0 2.75 0.356863 0.5 0 0
6260 0.0850796 0 2.75 0.356863 0.5 0 0
6270 0.0850796 0 2.75 0.352941 0.5 0 0
6280 0.085029 0 2.75 0.356863 0.5 0 0
6290 0.085029 0 2.75 0.356863 0.5 0 0
6300 0.0848739 0 2.75 0.356863 0.5 0 0
6310 0.0848739 0 2.75 0.356863 0.5 0 0
6320 0.0843509 0 2.75 0.356863 0.5 0 0
6330 0.0843509 0 2.75 0.352941 0.5 0 0
6340 0.0839079 0 2.75 0.356863 0.5 0 0
6350 0.0839079 0 2.75 0.356863 0.5 0 0
6360 0.0838434 0 2.75 0.356863 0.5 0 0
6370 0.0838434 0 2.75 0.356863 0.5 0 0
6380 0.0838434 0 2.75 0.356863 0.5 0 0
6390 0.0838434 0 2.75 0.356863 0.5 0 0
6400 0.0838434 0 2.75 0.356863 0.5 0 0
6410 0.0838434 0 2.75 0.356863 0.5 0 0
6420 0.0838434 0 2.75 0.352941 0.5 0 0
6430 0.0838434 0 2.75 0.356863 0.5 0 0
6440 0.0838434 0 2.75 0.356863 0.5 0 0
6450 0.0838434 0 2.75 0.356863 0.5 0 0
6460 0.0838434 0 2.75 0.356863 0.5 0 0
6470 0.0838434 0 2.75 0.356863 0.5 0 0
6480 0.0838434 0 2.75 0.356863 0.5 0 0
6490 0.0838434 0 2.75 0.356863 0.5 0 0
6500 0.0838434 0 2.75 0.356863 0.5 0 0
6510 0.0838434 0 2.75 0.352941 0.5 0 0
6520 0.0838434 0 2.75 0.356863 0.5 0 0
6530 0.0838434 0 2.75 0.356863 0.5 0 0
6540 0.0838434 0 2.75 0.356863 0.5 0 0
6550 0.0838434 0 2.75 0.356863 0.5 0 0
6560 0.0838434 0 2.75 0.356863 0.5 0 0
6570 0.0838434 0 2.75 0.356863 0.5 0 0
6580 0.0838434 0 2.75 0.356863 0.5 0 0
6590 0.0838434 0 2.75 0.356863 0.5 0 0
6600 0.0843512 0 2.75 0.356863 0.5 0 0
6610 0.0843512 0 2.75 0.352941 0.5 0 0
6620 0.08504 0 2.75 0.352941 0.5 0 0
6630 0.08504 0 2.75 0.352941 0.5 0 0
6640 0.0866652 0 2.75 0.356863 0.5 0 0
6650 0.0866652 0 2.75 0.356863 0.5 0 0
6660 0.0872833 0 2.75 0.356863 0.5 0 0
6670 0.0872833 0 2.75 0.356863 0.5 0 0
6680 0.0874005 0 2.75 0.356863 0.5 0 0
6690 0.0874005 0 2.75 0.356863 0.5 0 0
6700 0.0874011 0 2.75 0.356863 0.5 0 0
6710 0.0874011 0 2.75 0.356863 0.5 0 0
6720 0.087394 0 2.75 0.356863 0.5 0 0
6730 0.087394 0 2.75 0.352941 0.5 0 0
6740 0.0871385 0 2.75 0.352941 0.5 0 0
6750 0.0871385 0 2.75 0.352941 0.5 0 0
6760 0.0866551 0 2.75 0.34902 0.5 0 0
6770 0.0866551 0 2.75 0.34902 0.5 0 0
6780 0.0855395 0 2.75 0.34902 0.5 0 0
6790 0.0855395 0 2.75 0.34902 0.5 0 0
6800 0.0847111 0 2.75 0.34902 0.5 0 0
6810 0.0847111 0 2.75 0.34902 0.5 0 0
6820 0.0841699 0 2.75 0.34902 0.5 0 0
6830 0.0841699 0 2.75 0.34902 0.5 0 0
6840 0.0838675 0 2.75 0.34902 0.5 0 0
6850 0.0838675 0 2.75 0.34902 0.5 0 0
6860 0.0836536 0 2.75 0.34902 0.5 0 0
6870 0.0836536 0 2.75 0.34902 0.5 0 0
6880 0.0830597 0 2.75 0.34902 0.5 0 0
6890 0.0830597 0 2.75 0.34902 0.5 0 0
6900 0.0826217 0 2.75 0.34902 0.5 0 0
6910 0.0826217 0 2.75 0.34902 0.5 0 0
6920 0.0825186 0 2.75 0.34902 0.5 0 0
6930 0.0825186 0 2.75 0.34902 0.5 0 0
6940 0.0824855 0 2.75 0.34902 0.5 0 0
6950 0.0824855 0 2.75 0.34902 0.5 0 0
6960 0.082383 0 2.75 0.34902 0.5 0 0
6970 0.082383 0 2.75 0.34902 0.5 0 0
6980 0.0823488 0 2.75 0.34902 0.5 0 0
6990 0.0823488 0 2.75 0.34902 0.5 0 0
7000 0.0823463 0 2.75 0.34902 0.5 0 0
7010 0.0823463 0 2.75 0.34902 0.5 0 0
7020 0.0823463 0 2.75 0.34902 0.5 0 0
7030 0.0823463 0 2.75 0.34902 0.5 0 0
7040 0.0823463 0 2.75 0.34902 0.5 0 0
7050 0.0823463 0 2.75 0.34902 0.5 0 0
7060 0.0823463 0 2.75 0.34902 0.5 0 0
7070 0.0823463 0 2.75 0.34902 0.5 0 0
7080 0.0823463 0 2.75 0.34902 0.5 0 0
7090 0.0823463 0 2.75 0.34902 0.5 0 0
7100 0.0823463 0 2.75 0.34902 0.5 0 0
7110 0.0823463 0 2.75 0.34902 0.5 0 0
7120 0.0823463 0 2.75 0.34902 0.5 0 0
7130 0.0823463 0 2.75 0.34902 0.5 0 0
7140 0.0823463 0 2.75 0.34902 0.5 0 0
7150 0.0823463 0 2.75 0.34902 0.5 0 0
7160 0.0823463 0 2.75 0.34902 0.5 0 0
7170 0.0823463 0 2.75 0.34902 0.5 0 0
7180 0.0823463 0 2.75 0.34902 0.5 0 0
7190 0.0823463 0 2.75 0.34902 0.5 0 0
7200 0.0823463 0 2.75 0.34902 0.5 0 0
7210 0.0823463 0 2.75 0.34902 0.5 0 0
7220 0.0823463 0 2.75 0.34902 0.5 0 0
7230 0.0823463 0 2.75 0.34902 0.5 0 0
7240 0.0823463 0 2.75 0.34902 0.5 0 0
7250 0.0823463 0 2.75 0.34902 0.5 0 0
7260 0.0823463 0 2.75 0.34902 0.5 0 0
7270 0.0823463 0 2.75 0.34902 0.5 0 0
7280 0.0824475 0 2.75 0.34902 0.5 0 0
7290 0.0824475 0 2.75 0.34902 0.5 0 0
7300 0.0827147 0 2.75 0.34902 0.5 0 0
7310 0.0827147 0 2.75 0.34902 0.5 0 0
7320 0.0830142 0 2.75 0.352941 0.5 0 0
7330 0.0830142 0 2.75 0.34902 0.5 0 0
7340 0.0832185 0 2.75 0.352941 0.5 0 0
7350 0.0832185 0 2.75 0.34902 0.5 0 0
7360 0.0833978 0 2.75 0.352941 0.5 0 0
7370 0.0833978 0 2.75 0.352941 0.5 0 0
7380 0.0837014 0 2.75 0.352941 0.5 0 0
7390 0.0837014 0 2.75 0.352941 0.5 0 0
7400 0.0835187 0 2.75 0.352941 0.5 0 0
7410 0.0835187 0 2.75 0.352941 0.5 0 0
7420 0.0827809 0 2.75 0.34902 0.5 0 0
7430 0.0827809 0 2.75 0.34902 0.5 0 0
7440 0.0821526 0 2.75 0.345098 0.5 0 0
7450 0.0821526 0 2.75 0.341176 0.5 0 0
7460 0.0805849 0 2.75 0.341176 0.5 0 0
7470 0.0805849 0 2.75 0.341176 0.5 0 0
7480 0.0797931 0 2.75 0.345098 0.5 0 0
7490 0.0797931 0 2.75 0.34902 0.5 0 0
7500 0.0795896 0 2.75 0.341176 0.5 0 0
7510 0.0795896 0 2.75 0.345098 0.5 0 0
7520 0.0798011 0 2.75 0.341176 0.5 0 0
7530 0.0798011 0 2.75 0.341176 0.5 0 0
7540 0.0799339 0 2.75 0.345098 0.5 0 0
7550 0.0799339 0 2.75 0.345098 0.5 0 0
7560 0.079423 0 2.75 0.345098 0.5 0 0
7570 0.079423 0 2.75 0.345098 0.5 0 0
7580 0.0790826 0 2.75 0.345098 0.5 0 0
7590 0.0790826 0 2.75 0.345098 0.5 0 0
7600 0.0790118 0 2.75 0.345098 0.5 0 0
7610 0.0790118 0 2.75 0.341176 0.5 0 0
7620 0.0786911 0 2.75 0.341176 0.5 0 0
7630 0.0786911 0 2.75 0.337255 0.5 0 0
7640 0.077723 0 2.75 0.337255 0.5 0 0
7650 0.077723 0 2.75 0.337255 0.5 0 0
7660 0.0766797 0 2.75 0.337255 0.5 0 0
7670 0.0766797 0 2.75 0.337255 0.5 0 0
7680 0.0760494 0 2.75 0.337255 0.5 0 0
7690 0.0760494 0 2.75 0.337255 0.5 0 0
7700 0.0760265 0 2.75 0.337255 0.5 0 0
7710 0.0760265 0 2.75 0.337255 0.5 0 0
7720 0.0758675 0 2.75 0.337255 0.5 0 0
7730 0.0758675 0 2.75 0.337255 0.5 0 0
7740 0.0758513 0 2.75 0.337255 0.5 0 0
7750 0.0758513 0 2.75 0.337255 0.5 0 0
7760 0.0758513 0 2.75 0.337255 0.5 0 0
7770 0.0758513 0 2.75 0.337255 0.5 0 0
7780 0.0758513 0 2.75 0.337255 0.5 0 0
7790 0.0758513 0 2.75 0.337255 0.5 0 0
7800 0.0758513 0 2.75 0.337255 0.5 0 0
7810 0.0758513 0 2.75 0.337255 0.5 0 0
7820 0.0758513 0 2.75 0.337255 0.5 0 0
7830 0.0758513 0 2.75 0.337255 0.5 0 0
7840 0.0758513 0 2.75 0.337255 0.5 0 0
7850 0.0758513 0 2.75 0.337255 0.5 0 0
7860 0.0758513 0 2.75 0.337255 0.5 0 0
7870 0.0758513 0 2.75 0.337255 0.5 0 0
7880 0.0758513 0 2.75 0.337255 0.5 0 0
7890 0.0758513 0 2.75 0.337255 0.5 0 0
7900 0.0758513 0 2.75 0.337255 0.5 0 0
7910 0.0758513 0 2.75 0.337255 0.5 0 0
7920 0.0758513 0 2.75 0.337255 0.5 0 0
7930 0.0758513 0 2.75 0.337255 0.5 0 0
7940 0.0758513 0 2.75 0.337255 0.5 0 0
7950 0.0758513 0 2.75 0.337255 0.5 0 0
7960 0.0758513 0 2.75 0.337255 0.5 0 0
7970 0.0758513 0 2.75 0.337255 0.5 0 0
7980 0.0758513 0 2.75 0.337255 0.5 0 0
7990 0.0758513 0 2.75 0.337255 0.5 0 0
8000 0.0764993 0 2.75 0.337255 0.5 0 0
8010 0.0764993 0 2.75 0.341176 0.5 0 0
8020 0.0776606 0 2.75 0.341176 0.5 0 0
8030 0.0776606 0 2.75 0.341176 0.5 0 0
8040 0.078084 0 2.75 0.345098 0.5 0 0
8050 0.078084 0 2.75 0.341176 0.5 0 0
8060 0.078093 0 2.75 0.341176 0.5 0 0
8070 0.078093 0 2.75 0.345098 0.5 0 0
8080 0.078093 0 2.75 0.341176 0.5 0 0
8090 0.078093 0 2.75 0.345098 0.5 0 0
8100 0.078168 0 2.75 0.341176 0.5 0 0
8110 0.078168 0 2.75 0.341176 0.5 0 0
8120 0.0782423 0 2.75 0.341176 0.5 0 0
8130 0.0782423 0 2.75 0.341176 0.5 0 0
8140 0.0781101 0 2.75 0.341176 0.5 0 0
8150 0.0781101 0 2.75 0.337255 0.5 0 0
8160 0.077482 0 2.75 0.333333 0.5 0 0
8170 0.077482 0 2.75 0.333333 0.5 0 0
8180 0.0765966 0 2.75 0.333333 0.5 0 0
8190 0.0765966 0 2.75 0.333333 0.5 0 0
8200 0.0758136 0 2.75 0.333333 0.5 0 0
8210 0.0758136 0 2.75 0.333333 0.5 0 0
8220 0.0754184 0 2.75 0.333333 0.5 0 0
8230 0.0754184 0 2.75 0.333333 0.5 0 0
8240 0.0749432 0 2.75 0.333333 0.5 0 0
8250 0.0749432 0 2.75 0.333333 0.5 0 0
8260 0.0743375 0 2.75 0.333333 0.5 0 0
8270 0.0743375 0 2.75 0.333333 0.5 0 0
8280 0.0742485 0 2.75 0.333333 0.5 0 0
8290 0.0742485 0 2.75 0.333333 0.5 0 0
8300 0.0742454 0 2.75 0.333333 0.5 0 0
8310 0.0742454 0 2.75 0.333333 0.5 0 0
8320 0.0742454 0 2.75 0.333333 0.5 0 0
8330 0.0742454 0 2.75 0.333333 0.5 0 0
8340 0.0742454 0 2.75 0.333333 0.5 0 0
8350 0.0742454 0 2.75 0.333333 0.5 0 0
8360 0.0742454 0 2.75 0.333333 0.5 0 0
8370 0.0742454 0 2.75 0.333333 0.5 0 0
8380 0.0742454 0 2.75 0.333333 0.5 0 0
8390 0.0742454 0 2.75 0.333333 0.5 0 0
8400 0.0742454 0 2.75 0.333333 0.5 0 0
8410 0.0742454 0 2.75 0.333333 0.5 0 0
8420 0.0742454 0 2.75 0.333333 0.5 0 0
8430 0.0742454 0 2.75 0.333333 0.5 0 0
8440 0.0742454 0 2.75 0.333333 0.5 0 0
8450 0.0742454 0 2.75 0.333333 0.5 0 0
8460 0.0742454 0 2.75 0.333333 0.5 0 0
8470 0.0742454 0 2.75 0.333333 0.5 0 0
8480 0.0742454 0 2.75 0.333333 0.5 0 0
8490 0.0742454 0 2.75 0.333333 0.5 0 0
8500 0.0742454 0 2.75 0.333333 0.5 0 0
8510 0.0742454 0 2.75 0.333333 0.5 0 0
8520 0.0742454 0 2.75 0.333333 0.5 0 0
8530 0.0742454 0 2.75 0.333333 0.5 0 0
8540 0.0742454 0 2.75 0.333333 0.5 0 0
8550 0.0742454 0 2.75 0.333333 0.5 0 0
8560 0.0742454 0 2.75 0.333333 0.5 0 0
8570 0.0742454 0 2.75 0.333333 0.5 0 0
8580 0.0742454 0 2.75 0.333333 0.5 0 0
8590 0.0742454 0 2.75 0.333333 0.5 0 0
8600 0.0742454 0 2.75 0.333333 0.5 0 0
8610 0.0742454 0 2.75 0.333333 0.5 0 0
8620 0.0742802 0 2.75 0.333333 0.5 0 0
8630 0.0742802 0 2.75 0.333333 0.5 0 0
8640 0.0750607 0 2.75 0.337255 0.5 0 0
8650 0.0750607 0 2.75 0.337255 0.5 0 0
8660 0.0754484 0 2.75 0.337255 0.5 0 0
8670 0.0754484 0 2.75 0.337255 0.5 0 0
8680 0.0758045 0 2.75 0.333333 0.5 0 0
8690 0.0758045 0 2.75 0.333333 0.5 0 0
8700 0.0764997 0 2.75 0.337255 0.5 0 0
8710 0.0764997 0 2.75 0.337255 0.5 0 0
8720 0.0767992 0 2.75 0.341176 0.5 0 0
8730 0.0767992 0 2.75 0.337255 0.5 0 0
8740 0.0768051 0 2.75 0.341176 0.5 0 0
8750 0.0768051 0 2.75 0.337255 0.5 0 0
8760 0.0767545 0 2.75 0.337255 0.5 0 0
8770 0.0767545 0 2.75 0.337255 0.5 0 0
8780 0.0760283 0 2.75 0.333333 0.5 0 0
8790 0.0760283 0 2.75 0.333333 0.5 0 0
8800 0.0742248 0 2.75 0.329412 0.5 0 0
8810 0.0742248 0 2.75 0.329412 0.5 0 0
8820 0.073655 0 2.75 0.329412 0.5 0 0
8830 0.073655 0 2.75 0.329412 0.5 0 0
8840 0.0741459 0 2.75 0.329412 0.5 0 0
8850 0.0741459 0 2.75 0.329412 0.5 0 0
8860 0.0738164 0 2.75 0.329412 0.5 0 0
8870 0.0738164 0 2.75 0.32549 0.5 0 0
8880 0.0730589 0 2.75 0.32549 0.5 0 0
8890 0.0730589 0 2.75 0.32549 0.5 0 0
8900 0.0730749 0 2.75 0.329412 0.5 0 0
8910 0.0730749 0 2.75 0.333333 0.5 0 0
8920 0.0732698 0 2.75 0.333333 0.5 0 0
8930 0.0732698 0 2.75 0.333333 0.5 0 0
8940 0.0731214 0 2.75 0.333333 0.5 0 0
8950 0.0731214 0 2.75 0.333333 0.5 0 0
8960 0.0730514 0 2.75 0.333333 0.5 0 0
8970 0.0730514 0 2.75 0.333333 0.5 0 0
8980 0.0727867 0 2.75 0.329412 0.5 0 0
8990 0.0727867 0 2.75 0.32549 0.5 0 0
9000 0.0720446 0 2.75 0.32549 0.5 0 0
9010 0.0720446 0 2.75 0.32549 0.5 0 0
9020 0.0700268 0 2.75 0.329412 0.5 0 0
9030 0.0700268 0 2.75 0.329412 0.5 0 0
9040 0.0697751 0 2.75 0.329412 0.5 0 0
9050 0.0697751 0 2.75 0.329412 0.5 0 0
9060 0.0697749 0 2.75 0.329412 0.5 0 0
9070 0.0697749 0 2.75 0.329412 0.5 0 0
9080 0.0697749 0 2.75 0.329412 0.5 0 0
9090 0.0697749 0 2.75 0.329412 0.5 0 0
9100 0.069472 0 2.75 0.329412 0.5 0 0
9110 0.069472 0 2.75 0.329412 0.5 0 0
9120 0.0694708 0 2.75 0.329412 0.5 0 0
9130 0.0694708 0 2.75 0.333333 0.5 0 0
9140 0.0694269 0 2.75 0.329412 0.5 0 0
9150 0.0694269 0 2.75 0.329412 0.5 0 0
9160 0.0694092 0 2.75 0.329412 0.5 0 0
9170 0.0694092 0 2.75 0.333333 0.5 0 0
9180 0.0694042 0 2.75 0.329412 0.5 0 0
9190 0.0694042 0 2.75 0.329412 0.5 0 0
9200 0.0694042 0 2.75 0.329412 0.5 0 0
9210 0.0694042 0 2.75 0.333333 0.5 0 0
9220 0.0694042 0 2.75 0.329412 0.5 0 0
9230 0.0694042 0 2.75 0.329412 0.5 0 0
9240 0.0694042 0 2.75 0.329412 0.5 0 0
9250 0.0694042 0 2.75 0.329412 0.5 0 0
9260 0.0694042 0 2.75 0.329412 0.5 0 0
9270 0.0694042 0 2.75 0.329412 0.5 0 0
9280 0.0694042 0 2.75 0.329412 0.5 0 0
9290 0.0694042 0 2.75 0.329412 0.5 0 0
9300 0.0694042 0 2.75 0.329412 0.5 0 0
9310 0.0694042 0 2.75 0.329412 0.5 0 0
9320 0.0694593 0 2.75 0.333333 0.5 0 0
9330 0.0694593 0 2.75 0.333333 0.5 0 0
9340 0.0707183 0 2.75 0.329412 0.5 0 0
9350 0.0707183 0 2.75 0.329412 0.5 0 0
9360 0.0715933 0 2.75 0.32549 0.5 0 0
9370 0.0715933 0 2.75 0.321569 0.5 0 0
9380 0.0724657 0 2.75 0.321569 0.5 0 0
9390 0.0724657 0 2.75 0.32549 0.5 0 0
9400 0.0734092 0 2.75 0.329412 0.5 0 0
9410 0.0734092 0 2.75 0.329412 0.5 0 0
9420 0.0736644 0 2.75 0.329412 0.5 0 0
9430 0.0736644 0 2.75 0.329412 0.5 0 0
9440 0.0741273 0 2.75 0.329412 0.5 0 0
9450 0.0741273 0 2.75 0.329412 0.5 0 0
9460 0.0742402 0 2.75 0.329412 0.5 0 0
9470 0.0742402 0 2.75 0.329412 0.5 0 0
9480 0.074202 0 2.75 0.32549 0.5 0 0
9490 0.074202 0 2.75 0.32549 0.5 0 0
9500 0.0737332 0 2.75 0.321569 0.5 0 0
9510 0.0737332 0 2.75 0.32549 0.5 0 0
9520 0.0731514 0 2.75 0.329412 0.5 0 0
9530 0.0731514 0 2.75 0.333333 0.5 0 0
9540 0.0728598 0 2.75 0.329412 0.5 0 0
9550 0.0728598 0 2.75 0.329412 0.5 0 0
9560 0.0726594 0 2.75 0.329412 0.5 0 0
9570 0.0726594 0 2.75 0.32549 0.5 0 0
9580 0.0717135 0 2.75 0.317647 0.5 0 0
9590 0.0717135 0 2.75 0.317647 0.5 0 0
9600 0.0707766 0 2.75 0.317647 0.5 0 0
9610 0.0707766 0 2.75 0.317647 0.5 0 0
9620 0.0699041 0 2.75 0.317647 0.5 0 0
9630 0.0699041 0 2.75 0.317647 0.5 0 0
9640 0.0687299 0 2.75 0.321569 0.5 0 0
9650 0.0687299 0 2.75 0.321569 0.5 0 0
9660 0.0674307 0 2.75 0.321569 0.5 0 0
9670 0.0674307 0 2.75 0.321569 0.5 0 0
9680 0.067163 0 2.75 0.32549 0.5 0 0
9690 0.067163 0 2.75 0.329412 0.5 0 0
9700 0.066971 0 2.75 0.32549 0.5 0 0
9710 0.066971 0 2.75 0.321569 0.5 0 0
9720 0.0669407 0 2.75 0.32549 0.5 0 0
9730 0.0669407 0 2.75 0.32549 0.5 0 0
9740 0.0666203 0 2.75 0.333333 0.5 0 0
9750 0.0666203 0 2.75 0.329412 0.5 0 0
9760 0.0666087 0 2.75 0.341176 0.5 0 0
9770 0.0666087 0 2.75 0.337255 0.5 0 0
9780 0.0666087 0 2.75 0.32549 0.5 0 0
9790 0.0666087 0 2.75 0.329412 0.5 0 0
9800 0.0666087 0 2.75 0.337255 0.5 0 0
9810 0.0666087 0 2.75 0.333333 0.5 0 0
9820 0.0666087 0 2.75 0.333333 0.5 0 0
9830 0.0666087 0 2.75 0.329412 0.5 0 0
9840 0.0666087 0 2.75 0.329412 0.5 0 0
9850 0.0666087 0 2.75 0.337255 0.5 0 0
9860 0.0666087 0 2.75 0.329412 0.5 0 0
9870 0.0666087 0 2.75 0.333333 0.5 0 0
9880 0.0666087 0 2.75 0.333333 0.5 0 0
9890 0.0666087 0 2.75 0.329412 0.5 0 0
9900 0.0666087 0 2.75 0.337255 0.5 0 0
9910 0.0666087 0 2.75 0.329412 0.5 0 0
9920 0.0666087 0 2.75 0.337255 0.5 0 0
9930 0.0666087 0 2.75 0.321569 0.5 0 0
9940 0.0666087 0 2.75 0.333333 0.5 0 0
9950 0.0666087 0 2.75 0.333333 0.5 0 0
9960 0.0668411 0 2.75 0.32549 0.5 0 0
9970 0.0668411 0 2.75 0.321569 0.5 0 0
9980 0.068276 0 2.75 0.32549 0.5 0 0
9990 0.068276 0 2.75 0.32549 0.5 0 0
10000 0.0694945 0 2.75 0.32549 0.5 0 0
10010 0.0694945 0 2.75 0.32549 0.5 0 0
10020 0.069694 0 2.75 0.329412 0.5 0 0
10030 0.069694 0 2.75 0.32549 0.5 0 0
10040 0.0702388 0 2.75 0.32549 0.5 0 0
10050 0.0702388 0 2.75 0.32549 0.5 0 0
10060 0.0705917 0 2.75 0.321569 0.5 0 0
10070 0.0705917 0 2.75 0.321569 0.5 0 0
10080 0.0708282 0 2.75 0.321569 0.5 0 0
10090 0.0708282 0 2.75 0.321569 0.5 0 0
10100 0.0708584 0 2.75 0.321569 0.5 0 0
10110 0.0708584 0 2.75 0.321569 0.5 0 0
10120 0.0706667 0 2.75 0.321569 0.5 0 0
10130 0.0706667 0 2.75 0.321569 0.5 0 0
10140 0.0699583 0 2.75 0.32549 0.5 0 0
10150 0.0699583 0 2.75 0.32549 0.5 0 0
10160 0.0695821 0 2.75 0.32549 0.5 0 0
10170 0.0695821 0 2.75 0.329412 0.5 0 0
10180 0.0697413 0 2.75 0.32549 0.5 0 0
10190 0.0697413 0 2.75 0.32549 0.5 0 0
10200 0.0691387 0 2.75 0.317647 0.5 0 0
10210 0.0691387 0 2.75 0.309804 0.5 0 0
10220 0.0683722 0 2.75 0.313725 0.5 0 0
10230 0.0683722 0 2.75 0.317647 0.5 0 0
10240 0.0677898 0 2.75 0.317647 0.5 0 0
10250 0.0677898 0 2.75 0.317647 0.5 0 0
10260 0.0672432 0 2.75 0.317647 0.5 0 0
10270 0.0672432 0 2.75 0.321569 0.5 0 0
10280 0.0671309 0 2.75 0.317647 0.5 0 0
10290 0.0671309 0 2.75 0.321569 0.5 0 0
10300 0.0670908 0 2.75 0.317647 0.5 0 0
10310 0.0670908 0 2.75 0.317647 0.5 0 0
10320 0.0669126 0 2.75 0.317647 0.5 0 0
10330 0.0669126 0 2.75 0.317647 0.5 0 0
10340 0.0665414 0 2.75 0.313725 0.5 0 0
10350 0.0665414 0 2.75 0.305882 0.5 0 0
10360 0.065937 0 2.75 0.305882 0.5 0 0
10370 0.065937 0 2.75 0.309804 0.5 0 0
10380 0.0652542 0 2.75 0.309804 0.5 0 0
10390 0.0652542 0 2.75 0.309804 0.5 0 0
10400 0.0647379 0 2.75 0.313725 0.5 0 0
10410 0.0647379 0 2.75 0.313725 0.5 0 0
10420 0.0645827 0 2.75 0.313725 0.5 0 0
10430 0.0645827 0 2.75 0.313725 0.5 0 0
10440 0.0638628 0 2.75 0.313725 0.5 0 0
10450 0.0638628 0 2.75 0.317647 0.5 0 0
10460 0.0637564 0 2.75 0.317647 0.5 0 0
10470 0.0637564 0 2.75 0.313725 0.5 0 0
10480 0.0637564 0 2.75 0.313725 0.5 0 0
10490 0.0637564 0 2.75 0.313725 0.5 0 0
10500 0.0636703 0 2.75 0.317647 0.5 0 0
10510 0.0636703 0 2.75 0.317647 0.5 0 0
10520 0.0636703 0 2.75 0.313725 0.5 0 0
10530 0.0636703 0 2.75 0.313725 0.5 0 0
10540 0.0636703 0 2.75 0.317647 0.5 0 0
10550 0.0636703 0 2.75 0.317647 0.5 0 0
10560 0.0636703 0 2.75 0.313725 0.5 0 0
10570 0.0636703 0 2.75 0.317647 0.5 0 0
10580 0.0636703 0 2.75 0.317647 0.5 0 0
10590 0.0636703 0 2.75 0.317647 0.5 0 0
10600 0.0636703 0 2.75 0.313725 0.5 0 0
10610 0.0636703 0 2.75 0.313725 0.5 0 0
10620 0.0636703 0 2.75 0.313725 0.5 0 0
10630 0.0636703 0 2.75 0.317647 0.5 0 0
10640 0.0636703 0 2.75 0.317647 0.5 0 0
10650 0.0636703 0 2.75 0.317647 0.5 0 0
10660 0.0636703 0 2.75 0.313725 0.5 0 0
10670 0.0636703 0 2.75 0.317647 0.5 0 0
10680 0.0641503 0 2.75 0.317647 0.5 0 0
10690 0.0641503 0 2.75 0.317647 0.5 0 0
10700 0.0651295 0 2.75 0.317647 0.5 0 0
10710 0.0651295 0 2.75 0.313725 0.5 0 0
10720 0.0661539 0 2.75 0.309804 0.5 0 0
10730 0.0661539 0 2.75 0.313725 0.5 0 0
10740 0.0671271 0 2.75 0.313725 0.5 0 0
10750 0.0671271 0 2.75 0.313725 0.5 0 0
10760 0.0677541 0 2.75 0.313725 0.5 0 0
10770 0.0677541 0 2.75 0.317647 0.5 0 0
10780 0.0681795 0 2.75 0.321569 0.5 0 0
10790 0.0681795 0 2.75 0.321569 0.5 0 0
10800 0.0685656 0 2.75 0.321569 0.5 0 0
10810 0.0685656 0 2.75 0.321569 0.5 0 0
10820 0.0685355 0 2.75 0.321569 0.5 0 0
10830 0.0685355 0 2.75 0.317647 0.5 0 0
10840 0.0681505 0 2.75 0.317647 0.5 0 0
10850 0.0681505 0 2.75 0.317647 0.5 0 0
10860 0.0675363 0 2.75 0.317647 0.5 0 0
10870 0.0675363 0 2.75 0.321569 0.5 0 0
10880 0.0667549 0 2.75 0.313725 0.5 0 0
10890 0.0667549 0 2.75 0.313725 0.5 0 0
10900 0.0660482 0 2.75 0.305882 0.5 0 0
10910 0.0660482 0 2.75 0.294118 0.5 0 0
10920 0.0645633 0 2.75 0.298039 0.5 0 0
10930 0.0645633 0 2.75 0.294118 0.5 0 0
10940 0.0640961 0 2.75 0.298039 0.5 0 0
10950 0.0640961 0 2.75 0.298039 0.5 0 0
10960 0.0637847 0 2.75 0.298039 0.5 0 0
10970 0.0637847 0 2.75 0.298039 0.5 0 0
10980 0.0622224 0 2.75 0.305882 0.5 0 0
10990 0.0622224 0 2.75 0.313725 0.5 0 0
11000 0.0606426 0 2.75 0.313725 0.5 0 0
11010 0.0606426 0 2.75 0.313725 0.5 0 0
11020 0.0598693 0 2.75 0.309804 0.5 0 0
11030 0.0598693 0 2.75 0.313725 0.5 0 0
11040 0.0597304 0 2.75 0.313725 0.5 0 0
11050 0.0597304 0 2.75 0.313725 0.5 0 0
11060 0.0597304 0 2.75 0.313725 0.5 0 0
11070 0.0597304 0 2.75 0.313725 0.5 0 0
11080 0.0596413 0 2.75 0.313725 0.5 0 0
11090 0.0596413 0 2.75 0.313725 0.5 0 0
11100 0.0596394 0 2.75 0.313725 0.5 0 0
11110 0.0596394 0 2.75 0.313725 0.5 0 0
11120 0.0595798 0 2.75 0.313725 0.5 0 0
11130 0.0595798 0 2.75 0.313725 0.5 0 0
11140 0.0595797 0 2.75 0.313725 0.5 0 0
11150 0.0595797 0 2.75 0.309804 0.5 0 0
11160 0.0595797 0 2.75 0.313725 0.5 0 0
11170 0.0595797 0 2.75 0.313725 0.5 0 0
11180 0.0595797 0 2.75 0.313725 0.5 0 0
11190 0.0595797 0 2.75 0.313725 0.5 0 0
11200 0.0595797 0 2.75 0.309804 0.5 0 0
11210 0.0595797 0 2.75 0.317647 0.5 0 0
11220 0.0595797 0 2.75 0.309804 0.5 0 0
11230 0.0595797 0 2.75 0.313725 0.5 0 0
11240 0.0595797 0 2.75 0.313725 0.5 0 0
11250 0.0595797 0 2.75 0.313725 0.5 0 0
11260 0.0599613 0 2.75 0.313725 0.5 0 0
11270 0.0599613 0 2.75 0.309804 0.5 0 0
11280 0.0608525 0 2.75 0.313725 0.5 0 0
11290 0.0608525 0 2.75 0.317647 0.5 0 0
11300 0.0617248 0 2.75 0.317647 0.5 0 0
11310 0.0617248 0 2.75 0.317647 0.5 0 0
11320 0.0626685 0 2.75 0.313725 0.5 0 0
11330 0.0626685 0 2.75 0.309804 0.5 0 0
11340 0.0631975 0 2.75 0.309804 0.5 0 0
11350 0.0631975 0 2.75 0.309804 0.5 0 0
11360 0.0639678 0 2.75 0.305882 0.5 0 0
11370 0.0639678 0 2.75 0.305882 0.5 0 0
11380 0.0645353 0 2.75 0.309804 0.5 0 0
11390 0.0645353 0 2.75 0.313725 0.5 0 0
11400 0.0646456 0 2.75 0.309804 0.5 0 0
11410 0.0646456 0 2.75 0.313725 0.5 0 0
11420 0.0646456 0 2.75 0.313725 0.5 0 0
11430 0.0646456 0 2.75 0.309804 0.5 0 0
11440 0.0648204 0 2.75 0.309804 0.5 0 0
11450 0.0648204 0 2.75 0.309804 0.5 0 0
11460 0.0639357 0 2.75 0.301961 0.5 0 0
11470 0.0639357 0 2.75 0.298039 0.5 0 0
11480 0.0633218 0 2.75 0.301961 0.5 0 0
11490 0.0633218 0 2.75 0.301961 0.5 0 0
11500 0.0637698 0 2.75 0.298039 0.5 0 0
11510 0.0637698 0 2.75 0.301961 0.5 0 0
11520 0.0641747 0 2.75 0.301961 0.5 0 0
11530 0.0641747 0 2.75 0.305882 0.5 0 0
11540 0.0639592 0 2.75 0.301961 0.5 0 0
11550 0.0639592 0 2.75 0.305882 0.5 0 0
11560 0.0638082 0 2.75 0.305882 0.5 0 0
11570 0.0638082 0 2.75 0.305882 0.5 0 0
11580 0.0630831 0 2.75 0.309804 0.5 0 0
11590 0.0630831 0 2.75 0.309804 0.5 0 0
11600 0.0620483 0 2.75 0.301961 0.5 0 0
11610 0.0620483 0 2.75 0.298039 0.5 0 0
11620 0.0604187 0 2.75 0.290196 0.5 0 0
11630 0.0604187 0 2.75 0.278431 0.5 0 0
11640 0.0591691 0 2.75 0.278431 0.5 0 0
11650 0.0591691 0 2.75 0.278431 0.5 0 0
11660 0.058343 0 2.75 0.282353 0.5 0 0
11670 0.058343 0 2.75 0.282353 0.5 0 0
11680 0.058203 0 2.75 0.286275 0.5 0 0
11690 0.058203 0 2.75 0.286275 0.5 0 0
11700 0.058203 0 2.75 0.286275 0.5 0 0
11710 0.058203 0 2.75 0.286275 0.5 0 0
11720 0.0575963 0 2.75 0.286275 0.5 0 0
11730 0.0575963 0 2.75 0.286275 0.5 0 0
11740 0.0573017 0 2.75 0.286275 0.5 0 0
11750 0.0573017 0 2.75 0.286275 0.5 0 0
11760 0.0569828 0 2.75 0.286275 0.5 0 0
11770 0.0569828 0 2.75 0.290196 0.5 0 0
11780 0.056963 0 2.75 0.290196 0.5 0 0
11790 0.056963 0 2.75 0.290196 0.5 0 0
11800 0.0569555 0 2.75 0.290196 0.5 0 0
11810 0.0569555 0 2.75 0.286275 0.5 0 0
11820 0.0569555 0 2.75 0.290196 0.5 0 0
11830 0.0569555 0 2.75 0.286275 0.5 0 0
11840 0.0569555 0 2.75 0.282353 0.5 0 0
11850 0.0569555 0 2.75 0.282353 0.5 0 0
11860 0.0569555 0 2.75 0.286275 0.5 0 0
11870 0.0569555 0 2.75 0.286275 0.5 0 0
11880 0.0569555 0 2.75 0.286275 0.5 0 0
11890 0.0569555 0 2.75 0.286275 0.5 0 0
11900 0.0569555 0 2.75 0.286275 0.5 0 0
11910 0.0569555 0 2.75 0.290196 0.5 0 0
11920 0.0569555 0 2.75 0.286275 0.5 0 0
11930 0.0569555 0 2.75 0.290196 0.5 0 0
11940 0.0569555 0 2.75 0.282353 0.5 0 0
11950 0.0569555 0 2.75 0.290196 0.5 0 0
11960 0.0570137 0 2.75 0.282353 0.5 0 0
11970 0.0570137 0 2.75 0.290196 0.5 0 0
11980 0.0578426 0 2.75 0.286275 0.5 0 0
11990 0.0578426 0 2.75 0.294118 0.5 0 0
12000 0.0589523 0 2.75 0.290196 0.5 0 0
12010 0.0589523 0 2.75 0.282353 0.5 0 0
12020 0.0605142 0 2.75 0.290196 0.5 0 0
12030 0.0605142 0 2.75 0.294118 0.5 0 0
12040 0.0609634 0 2.75 0.294118 0.5 0 0
12050 0.0609634 0 2.75 0.290196 0.5 0 0
12060 0.0610308 0 2.75 0.294118 0.5 0 0
12070 0.0610308 0 2.75 0.290196 0.5 0 0
12080 0.0611251 0 2.75 0.294118 0.5 0 0
12090 0.0611251 0 2.75 0.294118 0.5 0 0
12100 0.0612377 0 2.75 0.290196 0.5 0 0
12110 0.0612377 0 2.75 0.294118 0.5 0 0
12120 0.0610354 0 2.75 0.294118 0.5 0 0
12130 0.0610354 0 2.75 0.290196 0.5 0 0
12140 0.0604303 0 2.75 0.290196 0.5 0 0
12150 0.0604303 0 2.75 0.278431 0.5 0 0
12160 0.0595601 0 2.75 0.286275 0.5 0 0
12170 0.0595601 0 2.75 0.290196 0.5 0 0
12180 0.0590004 0 2.75 0.290196 0.5 0 0
12190 0.0590004 0 2.75 0.286275 0.5 0 0
12200 0.0586927 0 2.75 0.282353 0.5 0 0
12210 0.0586927 0 2.75 0.282353 0.5 0 0
12220 0.0574839 0 2.75 0.27451 0.5 0 0
12230 0.0574839 0 2.75 0.27451 0.5 0 0
12240 0.0566082 0 2.75 0.290196 0.5 0 0
12250 0.0566082 0 2.75 0.27451 0.5 0 0
12260 0.0557641 0 2.75 0.278431 0.5 0 0
12270 0.0557641 0 2.75 0.278431 0.5 0 0
12280 0.0553597 0 2.75 0.278431 0.5 0 0
12290 0.0553597 0 2.75 0.278431 0.5 0 0
12300 0.0551348 0 2.75 0.278431 0.5 0 0
12310 0.0551348 0 2.75 0.278431 0.5 0 0
12320 0.054529 0 2.75 0.278431 0.5 0 0
12330 0.054529 0 2.75 0.27451 0.5 0 0
12340 0.0542783 0 2.75 0.278431 0.5 0 0
12350 0.0542783 0 2.75 0.278431 0.5 0 0
12360 0.0542293 0 2.75 0.278431 0.5 0 0
12370 0.0542293 0 2.75 0.278431 0.5 0 0
12380 0.0542293 0 2.75 0.278431 0.5 0 0
12390 0.0542293 0 2.75 0.27451 0.5 0 0
12400 0.0542293 0 2.75 0.278431 0.5 0 0
12410 0.0542293 0 2.75 0.278431 0.5 0 0
12420 0.0542293 0 2.75 0.278431 0.5 0 0
12430 0.0542293 0 2.75 0.278431 0.5 0 0
12440 0.0542293 0 2.75 0.278431 0.5 0 0
12450 0.0542293 0 2.75 0.278431 0.5 0 0
12460 0.0542293 0 2.75 0.27451 0.5 0 0
12470 0.0542293 0 2.75 0.278431 0.5 0 0
12480 0.0542293 0 2.75 0.278431 0.5 0 0
12490 0.0542293 0 2.75 0.278431 0.5 0 0
12500 0.0542293 0 2.75 0.278431 0.5 0 0
12510 0.0542293 0 2.75 0.27451 0.5 0 0
12520 0.0542293 0 2.75 0.278431 0.5 0 0
12530 0.0542293 0 2.75 0.278431 0.5 0 0
12540 0.0543288 0 2.75 0.278431 0.5 0 0
12550 0.0543288 0 2.75 0.278431 0.5 0 0
12560 0.0548195 0 2.75 0.278431 0.5 0 0
12570 0.0548195 0 2.75 0.278431 0.5 0 0
12580 0.05571 0 2.75 0.278431 0.5 0 0
12590 0.05571 0 2.75 0.278431 0.5 0 0
12600 0.0563256 0 2.75 0.27451 0.5 0 0
12610 0.0563256 0 2.75 0.27451 0.5 0 0
12620 0.0567721 0 2.75 0.27451 0.5 0 0
12630 0.0567721 0 2.75 0.278431 0.5 0 0
12640 0.0571433 0 2.75 0.282353 0.5 0 0
12650 0.0571433 0 2.75 0.282353 0.5 0 0
12660 0.0571905 0 2.75 0.282353 0.5 0 0
12670 0.0571905 0 2.75 0.286275 0.5 0 0
12680 0.0572668 0 2.75 0.286275 0.5 0 0
12690 0.0572668 0 2.75 0.27451 0.5 0 0
12700 0.0565704 0 2.75 0.27451 0.5 0 0
12710 0.0565704 0 2.75 0.278431 0.5 0 0
12720 0.0558144 0 2.75 0.282353 0.5 0 0
12730 0.0558144 0 2.75 0.282353 0.5 0 0
12740 0.0554425 0 2.75 0.282353 0.5 0 0
12750 0.0554425 0 2.75 0.27451 0.5 0 0
12760 0.0549457 0 2.75 0.258824 0.5 0 0
12770 0.0549457 0 2.75 0.25098 0.5 0 0
12780 0.054034 0 2.75 0.254902 0.5 0 0
12790 0.054034 0 2.75 0.25098 0.5 0 0
12800 0.0531234 0 2.75 0.254902 0.5 0 0
12810 0.0531234 0 2.75 0.262745 0.5 0 0
12820 0.0521453 0 2.75 0.262745 0.5 0 0
12830 0.0521453 0 2.75 0.266667 0.5 0 0
12840 0.0518222 0 2.75 0.266667 0.5 0 0
12850 0.0518222 0 2.75 0.262745 0.5 0 0
12860 0.0512946 0 2.75 0.258824 0.5 0 0
12870 0.0512946 0 2.75 0.266667 0.5 0 0
12880 0.0512331 0 2.75 0.258824 0.5 0 0
12890 0.0512331 0 2.75 0.262745 0.5 0 0
12900 0.0512331 0 2.75 0.262745 0.5 0 0
12910 0.0512331 0 2.75 0.262745 0.5 0 0
12920 0.0510492 0 2.75 0.266667 0.5 0 0
12930 0.0510492 0 2.75 0.270588 0.5 0 0
12940 0.0510486 0 2.75 0.266667 0.5 0 0
12950 0.0510486 0 2.75 0.258824 0.5 0 0
12960 0.0510486 0 2.75 0.266667 0.5 0 0
12970 0.0510486 0 2.75 0.262745 0.5 0 0
12980 0.0510486 0 2.75 0.262745 0.5 0 0
12990 0.0510486 0 2.75 0.258824 0.5 0 0
13000 0.0510395 0 2.75 0.266667 0.5 0 0
13010 0.0510395 0 2.75 0.262745 0.5 0 0
13020 0.0510384 0 2.75 0.262745 0.5 0 0
13030 0.0510384 0 2.75 0.258824 0.5 0 0
13040 0.0510384 0 2.75 0.266667 0.5 0 0
13050 0.0510384 0 2.75 0.262745 0.5 0 0
13060 0.0510384 0 2.75 0.262745 0.5 0 0
13070 0.0510384 0 2.75 0.262745 0.5 0 0
13080 0.0510384 0 2.75 0.266667 0.5 0 0
13090 0.0510384 0 2.75 0.266667 0.5 0 0
13100 0.0510384 0 2.75 0.262745 0.5 0 0
13110 0.0510384 0 2.75 0.262745 0.5 0 0
13120 0.0510384 0 2.75 0.262745 0.5 0 0
13130 0.0510384 0 2.75 0.266667 0.5 0 0
13140 0.0510384 0 2.75 0.262745 0.5 0 0
13150 0.0510384 0 2.75 0.262745 0.5 0 0
13160 0.0510384 0 2.75 0.266667 0.5 0 0
13170 0.0510384 0 2.75 0.262745 0.5 0 0
13180 0.0510384 0 2.75 0.270588 0.5 0 0
13190 0.0510384 0 2.75 0.266667 0.5 0 0
13200 0.0511142 0 2.75 0.262745 0.5 0 0
13210 0.0511142 0 2.75 0.262745 0.5 0 0
13220 0.0516904 0 2.75 0.25098 0.5 0 0
13230 0.0516904 0 2.75 0.254902 0.5 0 0
13240 0.0528683 0 2.75 0.262745 0.5 0 0
13250 0.0528683 0 2.75 0.266667 0.5 0 0
13260 0.0531058 0 2.75 0.266667 0.5 0 0
13270 0.0531058 0 2.75 0.266667 0.5 0 0
13280 0.0531058 0 2.75 0.262745 0.5 0 0
13290 0.0531058 0 2.75 0.266667 0.5 0 0
13300 0.0531414 0 2.75 0.262745 0.5 0 0
13310 0.0531414 0 2.75 0.270588 0.5 0 0
13320 0.0531429 0 2.75 0.266667 0.5 0 0
13330 0.0531429 0 2.75 0.262745 0.5 0 0
13340 0.0528656 0 2.75 0.258824 0.5 0 0
13350 0.0528656 0 2.75 0.258824 0.5 0 0
13360 0.0517776 0 2.75 0.247059 0.5 0 0
13370 0.0517776 0 2.75 0.239216 0.5 0 0
13380 0.0506028 0 2.75 0.254902 0.5 0 0
13390 0.0506028 0 2.75 0.266667 0.5 0 0
13400 0.0503803 0 2.75 0.262745 0.5 0 0
13410 0.0503803 0 2.75 0.266667 0.5 0 0
13420 0.0503801 0 2.75 0.262745 0.5 0 0
13430 0.0503801 0 2.75 0.262745 0.5 0 0
13440 0.0500465 0 2.75 0.266667 0.5 0 0
13450 0.0500465 0 2.75 0.262745 0.5 0 0
13460 0.0494997 0 2.75 0.266667 0.5 0 0
13470 0.0494997 0 2.75 0.266667 0.5 0 0
13480 0.0491776 0 2.75 0.270588 0.5 0 0
13490 0.0491776 0 2.75 0.266667 0.5 0 0
13500 0.0490328 0 2.75 0.262745 0.5 0 0
13510 0.0490328 0 2.75 0.266667 0.5 0 0
13520 0.0490328 0 2.75 0.266667 0.5 0 0
13530 0.0490328 0 2.75 0.266667 0.5 0 0
13540 0.0490328 0 2.75 0.266667 0.5 0 0
13550 0.0490328 0 2.75 0.266667 0.5 0 0
13560 0.0488205 0 2.75 0.270588 0.5 0 0
13570 0.0488205 0 2.75 0.266667 0.5 0 0
13580 0.0488199 0 2.75 0.270588 0.5 0 0
13590 0.0488199 0 2.75 0.270588 0.5 0 0
13600 0.0488199 0 2.75 0.262745 0.5 0 0
13610 0.0488199 0 2.75 0.266667 0.5 0 0
13620 0.0488199 0 2.75 0.270588 0.5 0 0
13630 0.0488199 0 2.75 0.266667 0.5 0 0
13640 0.0488199 0 2.75 0.262745 0.5 0 0
13650 0.0488199 0 2.75 0.266667 0.5 0 0
13660 0.0488199 0 2.75 0.27451 0.5 0 0
13670 0.0488199 0 2.75 0.270588 0.5 0 0
13680 0.0488199 0 2.75 0.262745 0.5 0 0
13690 0.0488199 0 2.75 0.266667 0.5 0 0
13700 0.0488199 0 2.75 0.262745 0.5 0 0
13710 0.0488199 0 2.75 0.266667 0.5 0 0
13720 0.0488199 0 2.75 0.270588 0.5 0 0
13730 0.0488199 0 2.75 0.266667 0.5 0 0
13740 0.0488199 0 2.75 0.266667 0.5 0 0
13750 0.0488199 0 2.75 0.270588 0.5 0 0
13760 0.0489107 0 2.75 0.266667 0.5 0 0
13770 0.0489107 0 2.75 0.266667 0.5 0 0
13780 0.0495228 0 2.75 0.254902 0.5 0 0
13790 0.0495228 0 2.75 0.247059 0.5 0 0
13800 0.0503474 0 2.75 0.247059 0.5 0 0
13810 0.0503474 0 2.75 0.254902 0.5 0 0
13820 0.0508337 0 2.75 0.262745 0.5 0 0
13830 0.0508337 0 2.75 0.262745 0.5 0 0
13840 0.0509113 0 2.75 0.262745 0.5 0 0
13850 0.0509113 0 2.75 0.262745 0.5 0 0
13860 0.0509492 0 2.75 0.266667 0.5 0 0
13870 0.0509492 0 2.75 0.262745 0.5 0 0
13880 0.0509531 0 2.75 0.258824 0.5 0 0
13890 0.0509531 0 2.75 0.258824 0.5 0 0
13900 0.0501123 0 2.75 0.247059 0.5 0 0
13910 0.0501123 0 2.75 0.235294 0.5 0 0
13920 0.048354 0 2.75 0.223529 0.5 0 0
13930 0.048354 0 2.75 0.227451 0.5 0 0
13940 0.0478627 0.5 3.25 0.227451 0.5 0 0
13950 0.0478627 0.5 3.25 0.231373 0.5 0 0
13960 0.0478348 0.5 3.75 0.231373 0.5 0 0
13970 0.0478348 0.5 3.75 0.231373 0.5 0 0
13980 0.0478229 0.5 4.25 0.231373 0.5 0 0
13990 0.0478229 0.5 4.25 0.227451 0.5 0 0
14000 0.0478187 0.5 4.75 0.227451 0.5 0 0
14010 0.0478187 0.5 4.75 0.231373 0.5 0 0
14020 0.0478187 0.5 5.25 0.231373 0.5 0 0
14030 0.0478187 0.5 5.25 0.227451 0.5 0 0
14040 0.0478187 0.5 5.75 0.231373 0.5 0 0
14050 0.0478187 0.5 5.75 0.231373 0.5 0 0
14060 0.0477952 0 5.75 0.231373 0.5 0 0
14070 0.0477952 0 5.75 0.231373 0.5 0 0
14080 0.047115 0 5.75 0.223529 0.5 0 0
14090 0.047115 0 5.75 0.223529 0.5 0 0
14100 0.046614 0 5.75 0.227451 0.5 0 0
14110 0.046614 0 5.75 0.227451 0.5 0 0
14120 0.046188 0 5.75 0.227451 0.5 0 0
14130 0.046188 0 5.75 0.231373 0.5 0 0
14140 0.0458948 0 5.75 0.223529 0.5 0 0
14150 0.0458948 0 5.75 0.227451 0.5 0 0
14160 0.0453637 0 5.75 0.223529 0.5 0 0
14170 0.0453637 0 5.75 0.227451 0.5 0 0
14180 0.0453222 0 5.75 0.239216 0.5 0 0
14190 0.0453222 0 5.75 0.227451 0.5 0 0
14200 0.0453222 0 5.75 0.227451 0.5 0 0
14210 0.0453222 0 5.75 0.227451 0.5 0 0
14220 0.0453107 0 5.75 0.227451 0.5 0 0
14230 0.0453107 0 5.75 0.227451 0.5 0 0
14240 0.0453038 0 5.75 0.227451 0.5 0 0
14250 0.0453038 0 5.75 0.227451 0.5 0 0
14260 0.0453012 0 5.75 0.235294 0.5 0 0
14270 0.0453012 0 5.75 0.231373 0.5 0 0
14280 0.0452965 0 5.75 0.227451 0.5 0 0
14290 0.0452965 0 5.75 0.231373 0.5 0 0
14300 0.0452965 0 5.75 0.235294 0.5 0 0
14310 0.0452965 0 5.75 0.227451 0.5 0 0
14320 0.0452854 0 5.75 0.231373 0.5 0 0
14330 0.0452854 0 5.75 0.227451 0.5 0 0
14340 0.0452831 0 5.75 0.235294 0.5 0 0
14350 0.0452831 0 5.75 0.223529 0.5 0 0
14360 0.0458808 0 5.75 0.231373 0.5 0 0
14370 0.0458808 0 5.75 0.231373 0.5 0 0
14380 0.0461532 0 5.75 0.227451 0.5 0 0
14390 0.0461532 0 5.75 0.223529 0.5 0 0
14400 0.0469575 0 5.75 0.227451 0.5 0 0
14410 0.0469575 0 5.75 0.239216 0.5 0 0
14420 0.0472144 0 5.75 0.239216 0.5 0 0
14430 0.0472144 0 5.75 0.239216 0.5 0 0
14440 0.0472177 0 5.75 0.239216 0.5 0 0
14450 0.0472177 0 5.75 0.239216 0.5 0 0
14460 0.0472326 0 5.75 0.239216 0.5 0 0
14470 0.0472326 0 5.75 0.239216 0.5 0 0
14480 0.0469954 0 5.75 0.235294 0.5 0 0
14490 0.0469954 0 5.75 0.219608 0.5 0 0
14500 0.045913 0 5.75 0.211765 0.5 0 0
14510 0.045913 0 5.75 0.207843 0.5 0 0
14520 0.0446607 0.5 6.25 0.219608 0.5 0 0
14530 0.0446607 0.5 6.25 0.219608 0.5 0 0
14540 0.0443651 0.5 6.75 0.223529 0.5 0 0
14550 0.0443651 0.5 6.75 0.223529 0.5 0 0
14560 0.0443485 0.5 7.25 0.223529 0.5 0 0
14570 0.0443485 0.5 7.25 0.231373 0.5 0 0
14580 0.0443363 0.5 7.75 0.231373 0.5 0 0
14590 0.0443363 0.5 7.75 0.223529 0.5 0 0
14600 0.0443168 0.5 8.25 0.223529 0.5 0 0
14610 0.0443168 0.5 8.25 0.223529 0.5 0 0
14620 0.044302 0.5 8.75 0.223529 0.5 0 0
14630 0.044302 0.5 8.75 0.223529 0.5 0 0
14640 0.044248 0 8.75 0.219608 0.5 0 0
14650 0.044248 0 8.75 0.227451 0.5 0 0
14660 0.0441687 0 8.75 0.227451 0.5 0 0
14670 0.0441687 0 8.75 0.227451 0.5 0 0
14680 0.043856 0 8.75 0.231373 0.5 0 0
14690 0.043856 0 8.75 0.223529 0.5 0 0
14700 0.0436498 0 8.75 0.231373 0.5 0 0
14710 0.0436498 0 8.75 0.231373 0.5 0 0
14720 0.0434943 0 8.75 0.231373 0.5 0 0
14730 0.0434943 0 8.75 0.223529 0.5 0 0
14740 0.0431314 0 8.75 0.231373 0.5 0 0
14750 0.0431314 0 8.75 0.223529 0.5 0 0
14760 0.0431314 0 8.75 0.227451 0.5 0 0
14770 0.0431314 0 8.75 0.223529 0.5 0 0
14780 0.0431314 0 8.75 0.227451 0.5 0 0
14790 0.0431314 0 8.75 0.223529 0.5 0 0
14800 0.0431314 0 8.75 0.223529 0.5 0 0
14810 0.0431314 0 8.75 0.227451 0.5 0 0
14820 0.0431314 0 8.75 0.223529 0.5 0 0
14830 0.0431314 0 8.75 0.231373 0.5 0 0
14840 0.0431314 0 8.75 0.223529 0.5 0 0
14850 0.0431314 0 8.75 0.231373 0.5 0 0
14860 0.0431314 0 8.75 0.227451 0.5 0 0
14870 0.0431314 0 8.75 0.223529 0.5 0 0
14880 0.0431173 0 8.75 0.227451 0.5 0 0
14890 0.0431173 0 8.75 0.231373 0.5 0 0
14900 0.0431155 0 8.75 0.235294 0.5 0 0
14910 0.0431155 0 8.75 0.223529 0.5 0 0
14920 0.0431155 0 8.75 0.223529 0.5 0 0
14930 0.0431155 0 8.75 0.227451 0.5 0 0
14940 0.0431155 0 8.75 0.227451 0.5 0 0
14950 0.0431155 0 8.75 0.227451 0.5 0 0
14960 0.0431155 0 8.75 0.223529 0.5 0 0
14970 0.0431155 0 8.75 0.223529 0.5 0 0
14980 0.0431016 0 8.75 0.231373 0.5 0 0
14990 0.0431016 0 8.75 0.223529 0.5 0 0
15000 0.0431016 0 8.75 0.227451 0.5 0 0
15010 0.0431016 0 8.75 0.235294 0.5 0 0
15020 0.0433439 0 8.75 0.219608 0.5 0 0
15030 0.0433439 0 8.75 0.219608 0.5 0 0
15040 0.0442983 0 8.75 0.215686 0.5 0 0
15050 0.0442983 0 8.75 0.211765 0.5 0 0
15060 0.0448833 0 8.75 0.211765 0.5 0 0
15070 0.0448833 0 8.75 0.215686 0.5 0 0
15080 0.0452045 0 8.75 0.223529 0.5 0 0
15090 0.0452045 0 8.75 0.223529 0.5 0 0
15100 0.0452781 0 8.75 0.219608 0.5 0 0
15110 0.0452781 0 8.75 0.219608 0.5 0 0
15120 0.045245 0 8.75 0.219608 0.5 0 0
15130 0.045245 0 8.75 0.219608 0.5 0 0
15140 0.0447946 0 8.75 0.219608 0.5 0 0
15150 0.0447946 0 8.75 0.207843 0.5 0 0
15160 0.0438736 0 8.75 0.207843 0.5 0 0
15170 0.0438736 0 8.75 0.211765 0.5 0 0
15180 0.0433046 0 8.75 0.215686 0.5 0 0
15190 0.0433046 0 8.75 0.211765 0.5 0 0
15200 0.0429857 0 8.75 0.215686 0.5 0 0
15210 0.0429857 0 8.75 0.211765 0.5 0 0
15220 0.0425515 0 8.75 0.2 0.5 0 0
15230 0.0425515 0 8.75 0.188235 0.5 0 0
15240 0.0419057 0 8.75 0.180392 0.5 0 0
15250 0.0419057 0 8.75 0.180392 0.5 0 0
15260 0.041005 0 8.75 0.184314 0.5 0 0
15270 0.041005 0 8.75 0.188235 0.5 0 0
15280 0.0403887 0 8.75 0.184314 0.5 0 0
15290 0.0403887 0 8.75 0.188235 0.5 0 0
15300 0.0402598 0 8.75 0.188235 0.5 0 0
15310 0.0402598 0 8.75 0.184314 0.5 0 0
15320 0.0401299 0 8.75 0.188235 0.5 0 0
15330 0.0401299 0 8.75 0.188235 0.5 0 0
15340 0.0400974 0 8.75 0.188235 0.5 0 0
15350 0.0400974 0 8.75 0.188235 0.5 0 0
15360 0.0397726 0 8.75 0.188235 0.5 0 0
15370 0.0397726 0 8.75 0.188235 0.5 0 0
15380 0.0396523 0 8.75 0.184314 0.5 0 0
15390 0.0396523 0 8.75 0.188235 0.5 0 0
15400 0.0396522 0 8.75 0.184314 0.5 0 0
15410 0.0396522 0 8.75 0.188235 0.5 0 0
15420 0.0396522 0 8.75 0.184314 0.5 0 0
15430 0.0396522 0 8.75 0.188235 0.5 0 0
15440 0.0396522 0 8.75 0.184314 0.5 0 0
15450 0.0396522 0 8.75 0.188235 0.5 0 0
15460 0.0396478 0 8.75 0.184314 0.5 0 0
15470 0.0396478 0 8.75 0.188235 0.5 0 0
15480 0.0396478 0 8.75 0.188235 0.5 0 0
15490 0.0396478 0 8.75 0.188235 0.5 0 0
15500 0.0395887 0 8.75 0.184314 0.5 0 0
15510 0.0395887 0 8.75 0.188235 0.5 0 0
15520 0.0395757 0 8.75 0.184314 0.5 0 0
15530 0.0395757 0 8.75 0.188235 0.5 0 0
15540 0.0395757 0 8.75 0.188235 0.5 0 0
15550 0.0395757 0 8.75 0.188235 0.5 0 0
15560 0.0399798 0 8.75 0.188235 0.5 0 0
15570 0.0399798 0 8.75 0.192157 0.5 0 0
15580 0.0405463 0 8.75 0.188235 0.5 0 0
15590 0.0405463 0 8.75 0.180392 0.5 0 0
15600 0.0411572 0 8.75 0.188235 0.5 0 0
15610 0.0411572 0 8.75 0.192157 0.5 0 0
15620 0.0413452 0 8.75 0.196078 0.5 0 0
15630 0.0413452 0 8.75 0.196078 0.5 0 0
15640 0.0412872 0 8.75 0.196078 0.5 0 0
15650 0.0412872 0 8.75 0.2 0.5 0 0
15660 0.0408989 0 8.75 0.2 0.5 0 0
15670 0.0408989 0 8.75 0.188235 0.5 0 0
15680 0.0399421 0 8.75 0.188235 0.5 0 0
15690 0.0399421 0 8.75 0.184314 0.5 0 0
15700 0.0396479 0 8.75 0.184314 0.5 0 0
15710 0.0396479 0 8.75 0.180392 0.5 0 0
15720 0.039439 0 8.75 0.176471 0.5 0 0
15730 0.039439 0 8.75 0.172549 0.5 0 0
15740 0.0388017 0 8.75 0.168627 0.5 0 0
15750 0.0388017 0 8.75 0.164706 0.5 0 0
15760 0.0383694 0 8.75 0.164706 0.5 0 0
15770 0.0383694 0 8.75 0.164706 0.5 0 0
15780 0.0375785 0 8.75 0.164706 0.5 0 0
15790 0.0375785 0 8.75 0.160784 0.5 0 0
15800 0.0368793 0 8.75 0.160784 0.5 0 0
15810 0.0368793 0 8.75 0.160784 0.5 0 0
15820 0.0365661 0 8.75 0.164706 0.5 0 0
15830 0.0365661 0 8.75 0.164706 0.5 0 0
15840 0.0362949 0 8.75 0.164706 0.5 0 0
15850 0.0362949 0 8.75 0.164706 0.5 0 0
15860 0.036236 0 8.75 0.160784 0.5 0 0
15870 0.036236 0 8.75 0.164706 0.5 0 0
15880 0.0360347 0 8.75 0.164706 0.5 0 0
15890 0.0360347 0 8.75 0.160784 0.5 0 0
15900 0.0360152 0 8.75 0.164706 0.5 0 0
15910 0.0360152 0 8.75 0.164706 0.5 0 0
15920 0.0359993 0 8.75 0.164706 0.5 0 0
15930 0.0359993 0 8.75 0.164706 0.5 0 0
15940 0.0359993 0 8.75 0.160784 0.5 0 0
15950 0.0359993 0 8.75 0.164706 0.5 0 0
15960 0.0359993 0 8.75 0.160784 0.5 0 0
15970 0.0359993 0 8.75 0.160784 0.5 0 0
15980 0.0359593 0 8.75 0.164706 0.5 0 0
15990 0.0359593 0 8.75 0.160784 0.5 0 0
16000 0.035852 0 8.75 0.164706 0.5 0 0
16010 0.035852 0 8.75 0.164706 0.5 0 0
16020 0.0358519 0 8.75 0.164706 0.5 0 0
16030 0.0358519 0 8.75 0.164706 0.5 0 0
16040 0.0358519 0 8.75 0.164706 0.5 0 0
16050 0.0358519 0 8.75 0.164706 0.5 0 0
16060 0.0358191 0 8.75 0.164706 0.5 0 0
16070 0.0358191 0 8.75 0.164706 0.5 0 0
16080 0.0358141 0 8.75 0.164706 0.5 0 0
16090 0.0358141 0 8.75 0.156863 0.5 0 0
16100 0.0363075 0 8.75 0.160784 0.5 0 0
16110 0.0363075 0 8.75 0.164706 0.5 0 0
16120 0.0365413 0 8.75 0.168627 0.5 0 0
16130 0.0365413 0 8.75 0.168627 0.5 0 0
16140 0.0365693 0 8.75 0.172549 0.5 0 0
16150 0.0365693 0 8.75 0.172549 0.5 0 0
16160 0.0365447 0 8.75 0.172549 0.5 0 0
16170 0.0365447 0 8.75 0.172549 0.5 0 0
16180 0.0361572 0 8.75 0.168627 0.5 0 0
16190 0.0361572 0 8.75 0.164706 0.5 0 0
16200 0.0360202 0 8.75 0.160784 0.5 0 0
16210 0.0360202 0 8.75 0.152941 0.5 0 0
16220 0.0353851 0 8.75 0.14902 0.5 0 0
16230 0.0353851 0 8.75 0.141176 0.5 0 0
16240 0.0347724 0 8.75 0.141176 0.5 0 0
16250 0.0347724 0 8.75 0.145098 0.5 0 0
16260 0.0341192 0 8.75 0.141176 0.5 0 0
16270 0.0341192 0 8.75 0.141176 0.5 0 0
16280 0.033451 0 8.75 0.137255 0.5 0 0
16290 0.033451 0 8.75 0.137255 0.5 0 0
16300 0.032541 0 8.75 0.141176 0.5 0 0
16310 0.032541 0 8.75 0.14902 0.5 0 0
16320 0.0319481 0 8.75 0.14902 0.5 0 0
16330 0.0319481 0 8.75 0.14902 0.5 0 0
16340 0.0315725 0 8.75 0.152941 0.5 0 0
16350 0.0315725 0 8.75 0.152941 0.5 0 0
16360 0.031314 0 8.75 0.14902 0.5 0 0
16370 0.031314 0 8.75 0.14902 0.5 0 0
16380 0.0308644 0 8.75 0.145098 0.5 0 0
16390 0.0308644 0 8.75 0.137255 0.5 0 0
16400 0.0304697 0 8.75 0.12549 0.5 0 0
16410 0.0304697 0 8.75 0.12549 0.5 0 0
16420 0.0296264 0 8.75 0.129412 0.5 0 0
16430 0.0296264 0 8.75 0.12549 0.5 0 0
16440 0.0292599 0 8.75 0.12549 0.5 0 0
16450 0.0292599 0 8.75 0.12549 0.5 0 0
16460 0.0292468 0 8.75 0.12549 0.5 0 0
16470 0.0292468 0 8.75 0.12549 0.5 0 0
16480 0.0290755 0 8.75 0.12549 0.5 0 0
16490 0.0290755 0 8.75 0.12549 0.5 0 0
16500 0.0288849 0 8.75 0.12549 0.5 0 0
16510 0.0288849 0 8.75 0.12549 0.5 0 0
16520 0.0288233 0 8.75 0.12549 0.5 0 0
16530 0.0288233 0 8.75 0.12549 0.5 0 0
16540 0.028593 0 8.75 0.12549 0.5 0 0
16550 0.028593 0 8.75 0.12549 0.5 0 0
16560 0.0287919 0 8.75 0.12549 0.5 0 0
16570 0.0287919 0 8.75 0.129412 0.5 0 0
16580 0.0289191 0 8.75 0.12549 0.5 0 0
16590 0.0289191 0 8.75 0.129412 0.5 0 0
16600 0.0294308 0 8.75 0.133333 0.5 0 0
16610 0.0294308 0 8.75 0.137255 0.5 0 0
16620 0.0295822 0 8.75 0.141176 0.5 0 0
16630 0.0295822 0 8.75 0.141176 0.5 0 0
16640 0.0295286 0 8.75 0.137255 0.5 0 0
16650 0.0295286 0 8.75 0.137255 0.5 0 0
16660 0.0291385 0 8.75 0.141176 0.5 0 0
16670 0.0291385 0 8.75 0.141176 0.5 0 0
16680 0.0287623 0 8.75 0.145098 0.5 0 0
16690 0.0287623 0 8.75 0.141176 0.5 0 0
16700 0.0286084 0 8.75 0.141176 0.5 0 0
16710 0.0286084 0 8.75 0.141176 0.5 0 0
16720 0.0283066 0 8.75 0.137255 0.5 0 0
16730 0.0283066 0 8.75 0.12549 0.5 0 0
16740 0.027757 0 8.75 0.12549 0.5 0 0
16750 0.027757 0 8.75 0.121569 0.5 0 0
16760 0.026803 0 8.75 0.117647 0.5 0 0
16770 0.026803 0 8.75 0.113725 0.5 0 0
16780 0.0252733 0 8.75 0.117647 0.5 0 0
16790 0.0252733 0 8.75 0.117647 0.5 0 0
16800 0.0248445 0 8.75 0.113725 0.5 0 0
16810 0.0248445 0 8.75 0.113725 0.5 0 0
16820 0.0248416 0 8.75 0.113725 0.5 0 0
16830 0.0248416 0 8.75 0.113725 0.5 0 0
16840 0.0245048 0 8.75 0.113725 0.5 0 0
16850 0.0245048 0 8.75 0.117647 0.5 0 0
16860 0.0243026 0 8.75 0.117647 0.5 0 0
16870 0.0243026 0 8.75 0.117647 0.5 0 0
16880 0.0241963 0 8.75 0.117647 0.5 0 0
16890 0.0241963 0 8.75 0.117647 0.5 0 0
16900 0.0241407 0 8.75 0.113725 0.5 0 0
16910 0.0241407 0 8.75 0.113725 0.5 0 0
16920 0.0240791 0 8.75 0.117647 0.5 0 0
16930 0.0240791 0 8.75 0.117647 0.5 0 0
16940 0.0240367 0 8.75 0.117647 0.5 0 0
16950 0.0240367 0 8.75 0.113725 0.5 0 0
16960 0.0240367 0 8.75 0.117647 0.5 0 0
16970 0.0240367 0 8.75 0.117647 0.5 0 0
16980 0.0238901 0 8.75 0.117647 0.5 0 0
16990 0.0238901 0 8.75 0.113725 0.5 0 0
17000 0.0238803 0 8.75 0.113725 0.5 0 0
17010 0.0238803 0 8.75 0.113725 0.5 0 0
17020 0.0239192 0 8.75 0.113725 0.5 0 0
17030 0.0239192 0 8.75 0.113725 0.5 0 0
17040 0.0241253 0 8.75 0.109804 0.5 0 0
17050 0.0241253 0 8.75 0.105882 0.5 0 0
17060 0.02413 0 8.75 0.109804 0.5 0 0
17070 0.02413 0 8.75 0.109804 0.5 0 0
17080 0.0240353 0 8.75 0.113725 0.5 0 0
17090 0.0240353 0 8.75 0.113725 0.5 0 0
17100 0.0239972 0 8.75 0.113725 0.5 0 0
17110 0.0239972 0 8.75 0.113725 0.5 0 0
17120 0.0239972 0 8.75 0.113725 0.5 0 0
17130 0.0239972 0 8.75 0.117647 0.5 0 0
17140 0.0238932 0 8.75 0.117647 0.5 0 0
17150 0.0238932 0 8.75 0.113725 0.5 0 0
17160 0.023527 0 8.75 0.113725 0.5 0 0
17170 0.023527 0 8.75 0.109804 0.5 0 0
17180 0.0227895 0 8.75 0.105882 0.5 0 0
17190 0.0227895 0 8.75 0.101961 0.5 0 0
17200 0.0217428 0 8.75 0.105882 0.5 0 0
17210 0.0217428 0 8.75 0.101961 0.5 0 0
17220 0.0212983 0 8.75 0.105882 0.5 0 0
17230 0.0212983 0 8.75 0.101961 0.5 0 0
17240 0.0208883 0 8.75 0.101961 0.5 0 0
17250 0.0208883 0 8.75 0.0980392 0.5 0 0
17260 0.0204672 0 8.75 0.0941176 0.5 0 0
17270 0.0204672 0 8.75 0.0980392 0.5 0 0
17280 0.02014 0 8.75 0.0980392 0.5 0 0
17290 0.02014 0 8.75 0.101961 0.5 0 0
17300 0.0199301 0 8.75 0.101961 0.5 0 0
17310 0.0199301 0 8.75 0.101961 0.5 0 0
17320 0.019929 0 8.75 0.101961 0.5 0 0
17330 0.019929 0 8.75 0.0941176 0.5 0 0
17340 0.0196637 0 8.75 0.0941176 0.5 0 0
17350 0.0196637 0 8.75 0.0941176 0.5 0 0
17360 0.0194149 0 8.75 0.0941176 0.5 0 0
17370 0.0194149 0 8.75 0.0941176 0.5 0 0
17380 0.0191553 0 8.75 0.0941176 0.5 0 0
17390 0.0191553 0 8.75 0.0941176 0.5 0 0
17400 0.0189883 0 8.75 0.0941176 0.5 0 0
17410 0.0189883 0 8.75 0.0941176 0.5 0 0
17420 0.0189817 0 8.75 0.0941176 0.5 0 0
17430 0.0189817 0 8.75 0.0941176 0.5 0 0
17440 0.0189817 0 8.75 0.0941176 0.5 0 0
17450 0.0189817 0 8.75 0.0941176 0.5 0 0
17460 0.0190623 0 8.75 0.0980392 0.5 0 0
17470 0.0190623 0 8.75 0.0980392 0.5 0 0
17480 0.0190269 0 8.75 0.0941176 0.5 0 0
17490 0.0190269 0 8.75 0.0980392 0.5 0 0
17500 0.0190073 0 8.75 0.0941176 0.5 0 0
17510 0.0190073 0 8.75 0.0980392 0.5 0 0
17520 0.0188784 0 8.75 0.0980392 0.5 0 0
17530 0.0188784 0 8.75 0.101961 0.5 0 0
17540 0.0186696 0 8.75 0.101961 0.5 0 0
17550 0.0186696 0 8.75 0.101961 0.5 0 0
17560 0.0185825 0 8.75 0.105882 0.5 0 0
17570 0.0185825 0 8.75 0.101961 0.5 0 0
17580 0.0183593 0 8.75 0.105882 0.5 0 0
17590 0.0183593 0 8.75 0.101961 0.5 0 0
17600 0.0182031 0 8.75 0.0980392 0.5 0 0
17610 0.0182031 0 8.75 0.0980392 0.5 0 0
17620 0.0179157 0 8.75 0.0941176 0.5 0 0
17630 0.0179157 0 8.75 0.0941176 0.5 0 0
17640 0.017638 0 8.75 0.0941176 0.5 0 0
17650 0.017638 0 8.75 0.0901961 0.5 0 0
17660 0.0170806 0 8.75 0.0862745 0.5 0 0
17670 0.0170806 0 8.75 0.0862745 0.5 0 0
17680 0.0162301 0 8.75 0.0862745 0.5 0 0
17690 0.0162301 0 8.75 0.0862745 0.5 0 0
17700 0.0157681 0 8.75 0.0862745 0.5 0 0
17710 0.0157681 0 8.75 0.0862745 0.5 0 0
17720 0.0156 0 8.75 0.0823529 0.5 0 0
17730 0.0156 0 8.75 0.0862745 0.5 0 0
17740 0.0155917 0 8.75 0.0862745 0.5 0 0
17750 0.0155917 0 8.75 0.0862745 0.5 0 0
17760 0.0155395 0 8.75 0.0862745 0.5 0 0
17770 0.0155395 0 8.75 0.0862745 0.5 0 0
17780 0.0154469 0 8.75 0.0862745 0.5 0 0
17790 0.0154469 0 8.75 0.0862745 0.5 0 0
17800 0.0153771 0 8.75 0.0862745 0.5 0 0
17810 0.0153771 0 8.75 0.0862745 0.5 0 0
17820 0.0153738 0 8.75 0.0862745 0.5 0 0
17830 0.0153738 0 8.75 0.0862745 0.5 0 0
17840 0.0153274 0 8.75 0.0862745 0.5 0 0
17850 0.0153274 0 8.75 0.0862745 0.5 0 0
17860 0.0155107 0 8.75 0.0901961 0.5 0 0
17870 0.0155107 0 8.75 0.0901961 0.5 0 0
17880 0.0155137 0 8.75 0.0901961 0.5 0 0
17890 0.0155137 0 8.75 0.0901961 0.5 0 0
17900 0.0154724 0 8.75 0.0901961 0.5 0 0
17910 0.0154724 0 8.75 0.0901961 0.5 0 0
17920 0.0151853 0 8.75 0.0862745 0.5 0 0
17930 0.0151853 0 8.75 0.0862745 0.5 0 0
17940 0.0147819 0 8.75 0.0823529 0.5 0 0
17950 0.0147819 0 8.75 0.0823529 0.5 0 0
17960 0.014229 0 8.75 0.0784314 0.5 0 0
17970 0.014229 0 8.75 0.0784314 0.5 0 0
17980 0.0136944 0 8.75 0.0784314 0.5 0 0
17990 0.0136944 0 8.75 0.0823529 0.5 0 0
18000 0.0132117 0 8.75 0.0862745 0.5 0 0
18010 0.0132117 0 8.75 0.0823529 0.5 0 0
18020 0.0130134 0 8.75 0.0862745 0.5 0 0
18030 0.0130134 0 8.75 0.0862745 0.5 0 0
18040 0.0128826 0 8.75 0.0862745 0.5 0 0
18050 0.0128826 0 8.75 0.0823529 0.5 0 0
18060 0.0125306 0 8.75 0.0823529 0.5 0 0
18070 0.0125306 0 8.75 0.0784314 0.5 0 0
18080 0.0122169 0 8.75 0.0745098 0.5 0 0
18090 0.0122169 0 8.75 0.0745098 0.5 0 0
18100 0.0119189 0 8.75 0.0745098 0.5 0 0
18110 0.0119189 0 8.75 0.0745098 0.5 0 0
18120 0.0115881 0 8.75 0.0784314 0.5 0 0
18130 0.0115881 0 8.75 0.0784314 0.5 0 0
18140 0.0115292 0 8.75 0.0784314 0.5 0 0
18150 0.0115292 0 8.75 0.0784314 0.5 0 0
18160 0.0114595 0 8.75 0.0784314 0.5 0 0
18170 0.0114595 0 8.75 0.0784314 0.5 0 0
18180 0.0112697 0 8.75 0.0784314 0.5 0 0
18190 0.0112697 0 8.75 0.0784314 0.5 0 0
18200 0.0114628 0 8.75 0.0784314 0.5 0 0
18210 0.0114628 0 8.75 0.0784314 0.5 0 0
18220 0.0115507 0 8.75 0.0784314 0.5 0 0
18230 0.0115507 0 8.75 0.0823529 0.5 0 0
18240 0.0116012 0 8.75 0.0784314 0.5 0 0
18250 0.0116012 0 8.75 0.0823529 0.5 0 0
18260 0.0115225 0 8.75 0.0823529 0.5 0 0
18270 0.0115225 0 8.75 0.0823529 0.5 0 0
18280 0.0114383 0 8.75 0.0823529 0.5 0 0
18290 0.0114383 0 8.75 0.0823529 0.5 0 0
18300 0.0111824 0 8.75 0.0823529 0.5 0 0
18310 0.0111824 0 8.75 0.0823529 0.5 0 0
18320 0.0109034 0 8.75 0.0784314 0.5 0 0
18330 0.0109034 0 8.75 0.0784314 0.5 0 0
18340 0.0106952 0 8.75 0.0784314 0.5 0 0
18350 0.0106952 0 8.75 0.0745098 0.5 0 0
18360 0.0103948 0 8.75 0.0745098 0.5 0 0
18370 0.0103948 0 8.75 0.0705882 0.5 0 0
18380 0.0101221 0 8.75 0.0745098 0.5 0 0
18390 0.0101221 0 8.75 0.0705882 0.5 0 0
18400 0.00986953 0 8.75 0.0745098 0.5 0 0
18410 0.00986953 0 8.75 0.0705882 0.5 0 0
18420 0.00966549 0 8.75 0.0745098 0.5 0 0
18430 0.00966549 0 8.75 0.0745098 0.5 0 0
18440 0.00953387 0 8.75 0.0745098 0.5 0 0
18450 0.00953387 0 8.75 0.0745098 0.5 0 0
18460 0.00931516 0 8.75 0.0745098 0.5 0 0
18470 0.00931516 0 8.75 0.0705882 0.5 0 0
18480 0.00909266 0 8.75 0.0745098 0.5 0 0
18490 0.00909266 0 8.75 0.0784314 0.5 0 0
18500 0.00894934 0 8.75 0.0823529 0.5 0 0
18510 0.00894934 0 8.75 0.0823529 0.5 0 0
18520 0.00892654 0 8.75 0.0862745 0.5 0 0
18530 0.00892654 0 8.75 0.0823529 0.5 0 0
18540 0.00892653 0 8.75 0.0823529 0.5 0 0
18550 0.00892653 0 8.75 0.0823529 0.5 0 0
18560 0.00881748 0 8.75 0.0823529 0.5 0 0
18570 0.00881748 0 8.75 0.0705882 0.5 0 0
18580 0.00853868 0 8.75 0.0666667 0.5 0 0
18590 0.00853868 0 8.75 0.0666667 0.5 0 0
18600 0.00829737 0 8.75 0.0666667 0.5 0 0
18610 0.00829737 0 8.75 0.0627451 0.5 0 0
18620 0.00840113 0 8.75 0.0666667 0.5 0 0
18630 0.00840113 0 8.75 0.0705882 0.5 0 0
18640 0.00835739 0 8.75 0.0705882 0.5 0 0
18650 0.00835739 0 8.75 0.0705882 0.5 0 0
18660 0.00833977 0 8.75 0.0705882 0.5 0 0
18670 0.00833977 0 8.75 0.0705882 0.5 0 0
18680 0.00829728 0 8.75 0.0705882 0.5 0 0
18690 0.00829728 0 8.75 0.0705882 0.5 0 0
18700 0.00805748 0 8.75 0.0666667 0.5 0 0
18710 0.00805748 0 8.75 0.0666667 0.5 0 0
18720 0.00783563 0 8.75 0.0666667 0.5 0 0
18730 0.00783563 0 8.75 0.0666667 0.5 0 0
18740 0.00769223 0 8.75 0.0705882 0.5 0 0
18750 0.00769223 0 8.75 0.0666667 0.5 0 0
18760 0.00755856 0 8.75 0.0666667 0.5 0 0
18770 0.00755856 0 8.75 0.0627451 0.5 0 0
18780 0.00736194 0 8.75 0.0627451 0.5 0 0
18790 0.00736194 0 8.75 0.0627451 0.5 0 0
18800 0.00718775 0 8.75 0.0627451 0.5 0 0
18810 0.00718775 0 8.75 0.0627451 0.5 0 0
18820 0.00696402 0 8.75 0.0627451 0.5 0 0
18830 0.00696402 0 8.75 0.0627451 0.5 0 0
18840 0.00693865 0 8.75 0.0627451 0.5 0 0
18850 0.00693865 0 8.75 0.0627451 0.5 0 0
18860 0.00690746 0 8.75 0.0627451 0.5 0 0
18870 0.00690746 0 8.75 0.0627451 0.5 0 0
18880 0.00684517 0 8.75 0.0627451 0.5 0 0
18890 0.00684517 0 8.75 0.0627451 0.5 0 0
18900 0.00679302 0 8.75 0.0627451 0.5 0 0
18910 0.00679302 0 8.75 0.0627451 0.5 0 0
18920 0.00683331 0 8.75 0.0627451 0.5 0 0
18930 0.00683331 0 8.75 0.0627451 0.5 0 0
18940 0.0068109 0 8.75 0.0627451 0.5 0 0
18950 0.0068109 0 8.75 0.0627451 0.5 0 0
18960 0.00675776 0 8.75 0.0627451 0.5 0 0
18970 0.00675776 0 8.75 0.0627451 0.5 0 0
18980 0.00666703 0 8.75 0.0588235 0.5 0 0
18990 0.00666703 0 8.75 0.0588235 0.5 0 0
19000 0.00653392 0 8.75 0.0588235 0.5 0 0
19010 0.00653392 0 8.75 0.0588235 0.5 0 0
19020 0.00638243 0 8.75 0.0627451 0.5 0 0
19030 0.00638243 0 8.75 0.0627451 0.5 0 0
19040 0.00619448 0 8.75 0.0627451 0.5 0 0
19050 0.00619448 0 8.75 0.0627451 0.5 0 0
19060 0.00605461 0 8.75 0.0627451 0.5 0 0
19070 0.00605461 0 8.75 0.0666667 0.5 0 0
19080 0.00603107 0 8.75 0.0666667 0.5 0 0
19090 0.00603107 0 8.75 0.0627451 0.5 0 0
19100 0.00587326 0 8.75 0.0627451 0.5 0 0
19110 0.00587326 0 8.75 0.0666667 0.5 0 0
19120 0.00571991 0 8.75 0.0666667 0.5 0 0
19130 0.00571991 0 8.75 0.0666667 0.5 0 0
19140 0.00569877 0 8.75 0.0705882 0.5 0 0
19150 0.00569877 0 8.75 0.0666667 0.5 0 0
19160 0.00568977 0 8.75 0.0705882 0.5 0 0
19170 0.00568977 0 8.75 0.0666667 0.5 0 0
19180 0.00562204 0 8.75 0.0627451 0.5 0 0
19190 0.00562204 0 8.75 0.0588235 0.5 0 0
19200 0.00554302 0 8.75 0.0588235 0.5 0 0
19210 0.00554302 0 8.75 0.0588235 0.5 0 0
19220 0.00549325 0 8.75 0.0627451 0.5 0 0
19230 0.00549325 0 8.75 0.0666667 0.5 0 0
19240 0.00553017 0 8.75 0.0666667 0.5 0 0
19250 0.00553017 0 8.75 0.0705882 0.5 0 0
19260 0.00553117 0 8.75 0.0705882 0.5 0 0
19270 0.00553117 0 8.75 0.0705882 0.5 0 0
19280 0.00551605 0 8.75 0.0666667 0.5 0 0
19290 0.00551605 0 8.75 0.0705882 0.5 0 0
19300 0.0055925 0 8.75 0.0745098 0.5 0 0
19310 0.0055925 0 8.75 0.0705882 0.5 0 0
19320 0.00560386 0 8.75 0.0666667 0.5 0 0
19330 0.00560386 0 8.75 0.0666667 0.5 0 0
19340 0.00558292 0 8.75 0.0666667 0.5 0 0
19350 0.00558292 0 8.75 0.0666667 0.5 0 0
19360 0.00548806 0 8.75 0.0666667 0.5 0 0
19370 0.00548806 0 8.75 0.0745098 0.5 0 0
19380 0.00549163 0 8.75 0.0745098 0.5 0 0
19390 0.00549163 0 8.75 0.0745098 0.5 0 0
19400 0.00546766 0 8.75 0.0745098 0.5 0 0
19410 0.00546766 0 8.75 0.0745098 0.5 0 0
19420 0.00536963 0 8.75 0.0627451 0.5 0 0
19430 0.00536963 0 8.75 0.054902 0.5 0 0
19440 0.0051909 0 8.75 0.054902 0.5 0 0
19450 0.0051909 0 8.75 0.054902 0.5 0 0
19460 0.0051644 0 8.75 0.054902 0.5 0 0
19470 0.0051644 0 8.75 0.054902 0.5 0 0
19480 0.00509334 0 8.75 0.054902 0.5 0 0
19490 0.00509334 0 8.75 0.0588235 0.5 0 0
19500 0.00507594 0 8.75 0.0588235 0.5 0 0
19510 0.00507594 0 8.75 0.0588235 0.5 0 0
19520 0.00500539 0 8.75 0.054902 0.5 0 0
19530 0.00500539 0 8.75 0.054902 0.5 0 0
19540 0.0049996 0 8.75 0.054902 0.5 0 0
19550 0.0049996 0 8.75 0.054902 0.5 0 0
19560 0.00500318 0 8.75 0.0588235 0.5 0 0
19570 0.00500318 0 8.75 0.0588235 0.5 0 0
19580 0.00499752 0 8.75 0.0588235 0.5 0 0
19590 0.00499752 0 8.75 0.0588235 0.5 0 0
19600 0.00497401 0 8.75 0.054902 0.5 0 0
19610 0.00497401 0 8.75 0.054902 0.5 0 0
19620 0.00497862 0 8.75 0.054902 0.5 0 0
19630 0.00497862 0 8.75 0.054902 0.5 0 0
19640 0.00496136 0 8.75 0.054902 0.5 0 0
19650 0.00496136 0 8.75 0.054902 0.5 0 0
19660 0.00491146 0 8.75 0.054902 0.5 0 0
19670 0.00491146 0 8.75 0.054902 0.5 0 0
19680 0.00481304 0 8.75 0.054902 0.5 0 0
19690 0.00481304 0 8.75 0.054902 0.5 0 0
19700 0.00460024 0 8.75 0.0588235 0.5 0 0
19710 0.00460024 0 8.75 0.0588235 0.5 0 0
19720 0.00456304 0 8.75 0.0588235 0.5 0 0
19730 0.00456304 0 8.75 0.054902 0.5 0 0
19740 0.00450166 0 8.75 0.054902 0.5 0 0
19750 0.00450166 0 8.75 0.0509804 0.5 0 0
19760 0.00420666 0 8.75 0.054902 0.5 0 0
19770 0.00420666 0 8.75 0.054902 0.5 0 0
19780 0.00418198 0 8.75 0.0588235 0.5 0 0
19790 0.00418198 0 8.75 0.0588235 0.5 0 0
19800 0.00424271 0 8.75 0.054902 0.5 0 0
19810 0.00424271 0 8.75 0.0588235 0.5 0 0
19820 0.00426268 0 8.75 0.0588235 0.5 0 0
19830 0.00426268 0 8.75 0.0588235 0.5 0 0
19840 0.00427414 0 8.75 0.054902 0.5 0 0
19850 0.00427414 0 8.75 0.054902 0.5 0 0
19860 0.00421051 0 8.75 0.0509804 0.5 0 0
19870 0.00421051 0 8.75 0.054902 0.5 0 0
19880 0.00430794 0 8.75 0.0588235 0.5 0 0
19890 0.00430794 0 8.75 0.0588235 0.5 0 0
19900 0.00432428 0 8.75 0.0588235 0.5 0 0
19910 0.00432428 0 8.75 0.054902 0.5 0 0
19920 0.00430249 0 8.75 0.054902 0.5 0 0
19930 0.00430249 0 8.75 0.0509804 0.5 0 0
19940 0.00430813 0 8.75 0.0509804 0.5 0 0
19950 0.00430813 0 8.75 0.054902 0.5 0 0
19960 0.00436039 0 8.75 0.054902 0.5 0 0
19970 0.00436039 0 8.75 0.054902 0.5 0 0
19980 0.00437782 0 8.75 0.0588235 0.5 0 0
19990 0.00437782 0 8.75 0.054902 0.5 0 0
20000 0.00437461 0 8.75 0.0588235 0.5 0 0
20010 0.00437461 0 8.75 0.0588235 0.5 0 0
