0 0.102073 0 0 0.5 0.5 0 0
10 0.102073 0 0 0.796078 0.5 0 0
20 0.102728 0 0 0.733333 0.5 0 0
30 0.102728 0 0 0.72549 0.5 0 0
40 0.102404 0 0 0.741176 0.5 0 0
50 0.102404 0 0 0.8 0.5 0 0
60 0.10138 0 0 0.682353 0.5 0 0
70 0.10138 0 0 0.8 0.5 0 0
80 0.100836 0 0 0.8 0.5 0 0
90 0.100836 0 0 0.72549 0.5 0 0
100 0.0994113 0 0 0.8 0.5 0 0
110 0.0994113 0 0 0.72549 0.5 0 0
120 0.0986316 0 0 0.796078 0.5 0 0
130 0.0986316 0 0 0.654902 0.5 0 0
140 0.0982581 0 0 0.72549 0.5 0 0
150 0.0982581 0 0 0.690196 0.5 0 0
160 0.0982396 0 0 0.709804 0.5 0 0
170 0.0982396 0 0 0.690196 0.5 0 0
180 0.0980527 0 0 0.72549 0.5 0 0
190 0.0980527 0 0 0.72549 0.5 0 0
200 0.0976835 0 0 0.686275 0.5 0 0
210 0.0976835 0 0 0.662745 0.5 0 0
220 0.0980908 0 0 0.635294 0.5 0 0
230 0.0980908 0 0 0.733333 0.5 0 0
240 0.0982837 0 0 0.737255 0.5 0 0
250 0.0982837 0 0 0.682353 0.5 0 0
260 0.0982836 0 0 0.643137 0.5 0 0
270 0.0982836 0 0 0.635294 0.5 0 0
280 0.0984012 0 0 0.564706 0.5 0 0
290 0.0984012 0 0 0.537255 0.5 0 0
300 0.0982758 0 0 0.52549 0.5 0 0
310 0.0982758 0 0 0.521569 0.5 0 0
320 0.0979007 0 0 0.517647 0.5 0 0
330 0.0979007 0 0 0.521569 0.5 0 0
340 0.0977831 0 0 0.521569 0.5 0 0
350 0.0977831 0 0 0.529412 0.5 0 0
360 0.0976087 0 0 0.52549 0.5 0 0
370 0.0976087 0 0 0.52549 0.5 0 0
380 0.097608 0 0 0.52549 0.5 0 0
390 0.097608 0 0 0.529412 0.5 0 0
400 0.097608 0 0 0.521569 0.5 0 0
410 0.097608 0 0 0.521569 0.5 0 0
420 0.0975779 0 0 0.52549 0.5 0 0
430 0.0975779 0 0 0.52549 0.5 0 0
440 0.0975777 0 0 0.517647 0.5 0 0
450 0.0975777 0 0 0.521569 0.5 0 0
460 0.0975777 0 0 0.52549 0.5 0 0
470 0.0975777 0 0 0.521569 0.5 0 0
480 0.0973778 0 0 0.52549 0.5 0 0
490 0.0973778 0 0 0.52549 0.5 0 0
500 0.0968263 0 0 0.52549 0.5 0 0
510 0.0968263 0 0 0.52549 0.5 0 0
520 0.0965845 0 0 0.521569 0.5 0 0
530 0.0965845 0 0 0.52549 0.5 0 0
540 0.0963309 0 0 0.517647 0.5 0 0
550 0.0963309 0 0 0.517647 0.5 0 0
560 0.096635 0 0 0.505882 0.5 0 0
570 0.096635 0 0 0.501961 0.5 0 0
580 0.096947 0 0 0.494118 0.5 0 0
590 0.096947 0 0 0.482353 0.5 0 0
600 0.0967715 0 0 0.482353 0.5 0 0
610 0.0967715 0 0 0.482353 0.5 0 0
620 0.0966143 0 0 0.482353 0.5 0 0
630 0.0966143 0 0 0.482353 0.5 0 0
640 0.0967873 0 0 0.482353 0.5 0 0
650 0.0967873 0 0 0.482353 0.5 0 0
660 0.0967695 0 0 0.482353 0.5 0 0
670 0.0967695 0 0 0.482353 0.5 0 0
680 0.0966989 0 0 0.482353 0.5 0 0
690 0.0966989 0 0 0.482353 0.5 0 0
700 0.0966989 0 0 0.482353 0.5 0 0
710 0.0966989 0 0 0.482353 0.5 0 0
720 0.0966989 0 0 0.482353 0.5 0 0
730 0.0966989 0 0 0.482353 0.5 0 0
740 0.0966989 0 0 0.482353 0.5 0 0
750 0.0966989 0 0 0.482353 0.5 0 0
760 0.0966989 0 0 0.482353 0.5 0 0
770 0.0966989 0 0 0.482353 0.5 0 0
780 0.0966989 0 0 0.482353 0.5 0 0
790 0.0966989 0 0 0.482353 0.5 0 0
800 0.0964392 0 0 0.482353 0.5 0 0
810 0.0964392 0 0 0.482353 0.5 0 0
820 0.096234 0 0 0.482353 0.5 0 0
830 0.096234 0 0 0.482353 0.5 0 0
840 0.0960614 0 0 0.486275 0.5 0 0
850 0.0960614 0 0 0.482353 0.5 0 0
860 0.0954989 0 0 0.482353 0.5 0 0
870 0.0954989 0 0 0.486275 0.5 0 0
880 0.0951377 0 0 0.482353 0.5 0 0
890 0.0951377 0 0 0.482353 0.5 0 0
900 0.0947485 0 0 0.482353 0.5 0 0
910 0.0947485 0 0 0.482353 0.5 0 0
920 0.0944972 0 0 0.482353 0.5 0 0
930 0.0944972 0 0 0.482353 0.5 0 0
940 0.0943336 0 0 0.482353 0.5 0 0
950 0.0943336 0 0 0.482353 0.5 0 0
960 0.0943033 0 0 0.482353 0.5 0 0
970 0.0943033 0 0 0.482353 0.5 0 0
980 0.0943033 0 0 0.482353 0.5 0 0
990 0.0943033 0 0 0.482353 0.5 0 0
1000 0.0943033 0 0 0.482353 0.5 0 0
1010 0.0943033 0 0 0.482353 0.5 0 0
1020 0.0943033 0 0 0.482353 0.5 0 0
1030 0.0943033 0 0 0.482353 0.5 0 0
1040 0.0943033 0 0 0.482353 0.5 0 0
1050 0.0943033 0 0 0.486275 0.5 0 0
1060 0.0943033 0 0 0.482353 0.5 0 0
1070 0.0943033 0 0 0.482353 0.5 0 0
1080 0.0943033 0 0 0.486275 0.5 0 0
1090 0.0943033 0 0 0.482353 0.5 0 0
1100 0.0943033 0 0 0.482353 0.5 0 0
1110 0.0943033 0 0 0.482353 0.5 0 0
1120 0.0943033 0 0 0.482353 0.5 0 0
1130 0.0943033 0 0 0.482353 0.5 0 0
1140 0.0943033 0 0 0.482353 0.5 0 0
1150 0.0943033 0 0 0.486275 0.5 0 0
1160 0.0943033 0 0 0.482353 0.5 0 0
1170 0.0943033 0 0 0.482353 0.5 0 0
1180 0.0942424 0 0 0.482353 0.5 0 0
1190 0.0942424 0 0 0.482353 0.5 0 0
1200 0.0942424 0 0 0.486275 0.5 0 0
1210 0.0942424 0 0 0.482353 0.5 0 0
1220 0.0942539 0 0 0.482353 0.5 0 0
1230 0.0942539 0 0 0.486275 0.5 0 0
1240 0.0942505 0 0 0.486275 0.5 0 0
1250 0.0942505 0 0 0.482353 0.5 0 0
1260 0.0942502 0 0 0.486275 0.5 0 0
1270 0.0942502 0 0 0.486275 0.5 0 0
1280 0.0942502 0 0 0.482353 0.5 0 0
1290 0.0942502 0 0 0.482353 0.5 0 0
1300 0.0942502 0 0 0.482353 0.5 0 0
1310 0.0942502 0 0 0.482353 0.5 0 0
1320 0.0942502 0 0 0.482353 0.5 0 0
1330 0.0942502 0 0 0.486275 0.5 0 0
1340 0.0942502 0 0 0.486275 0.5 0 0
1350 0.0942502 0 0 0.482353 0.5 0 0
1360 0.0945407 0 0 0.482353 0.5 0 0
1370 0.0945407 0 0 0.486275 0.5 0 0
1380 0.0948882 0 0 0.482353 0.5 0 0
1390 0.0948882 0 0 0.482353 0.5 0 0
1400 0.095471 0 0 0.478431 0.5 0 0
1410 0.095471 0 0 0.470588 0.5 0 0
1420 0.096221 0 0 0.466667 0.5 0 0
1430 0.096221 0 0 0.458824 0.5 0 0
1440 0.0970584 0 0 0.462745 0.5 0 0
1450 0.0970584 0 0 0.462745 0.5 0 0
1460 0.0974255 0 0 0.462745 0.5 0 0
1470 0.0974255 0 0 0.462745 0.5 0 0
1480 0.0974314 0 0 0.462745 0.5 0 0
1490 0.0974314 0 0 0.466667 0.5 0 0
1500 0.0976422 0 0 0.462745 0.5 0 0
1510 0.0976422 0 0 0.454902 0.5 0 0
1520 0.0976322 0 0 0.45098 0.5 0 0
1530 0.0976322 0 0 0.45098 0.5 0 0
1540 0.0976694 0 0 0.45098 0.5 0 0
1550 0.0976694 0 0 0.45098 0.5 0 0
1560 0.0976227 0 0 0.45098 0.5 0 0
1570 0.0976227 0 0 0.45098 0.5 0 0
1580 0.0976226 0 0 0.454902 0.5 0 0
1590 0.0976226 0 0 0.45098 0.5 0 0
1600 0.0976226 0 0 0.454902 0.5 0 0
1610 0.0976226 0 0 0.45098 0.5 0 0
1620 0.0976226 0 0 0.45098 0.5 0 0
1630 0.0976226 0 0 0.45098 0.5 0 0
1640 0.0975242 0 0 0.443137 0.5 0 0
1650 0.0975242 0 0 0.447059 0.5 0 0
1660 0.0972557 0 0 0.447059 0.5 0 0
1670 0.0972557 0 0 0.447059 0.5 0 0
1680 0.096565 0 0 0.447059 0.5 0 0
1690 0.096565 0 0 0.443137 0.5 0 0
1700 0.0958631 0 0 0.443137 0.5 0 0
1710 0.0958631 0 0 0.443137 0.5 0 0
1720 0.0953221 0 0 0.443137 0.5 0 0
1730 0.0953221 0 0 0.443137 0.5 0 0
1740 0.0951609 0 0 0.443137 0.5 0 0
1750 0.0951609 0 0 0.443137 0.5 0 0
1760 0.095155 0 0 0.447059 0.5 0 0
1770 0.095155 0 0 0.443137 0.5 0 0
1780 0.095155 0 0 0.443137 0.5 0 0
1790 0.095155 0 0 0.443137 0.5 0 0
1800 0.095155 0 0 0.443137 0.5 0 0
1810 0.095155 0 0 0.443137 0.5 0 0
1820 0.0951664 0 0 0.443137 0.5 0 0
1830 0.0951664 0 0 0.443137 0.5 0 0
1840 0.0951682 0 0 0.443137 0.5 0 0
1850 0.0951682 0 0 0.443137 0.5 0 0
1860 0.0951682 0 0 0.443137 0.5 0 0
1870 0.0951682 0 0 0.443137 0.5 0 0
1880 0.0951682 0 0 0.443137 0.5 0 0
1890 0.0951682 0 0 0.443137 0.5 0 0
1900 0.0951682 0 0 0.443137 0.5 0 0
1910 0.0951682 0 0 0.443137 0.5 0 0
1920 0.0951682 0 0 0.443137 0.5 0 0
1930 0.0951682 0 0 0.443137 0.5 0 0
1940 0.0951682 0 0 0.443137 0.5 0 0
1950 0.0951682 0 0 0.443137 0.5 0 0
1960 0.0951682 0 0 0.443137 0.5 0 0
1970 0.0951682 0 0 0.443137 0.5 0 0
1980 0.095166 0 0 0.443137 0.5 0 0
1990 0.095166 0 0 0.443137 0.5 0 0
2000 0.095166 0 0 0.443137 0.5 0 0
2010 0.095166 0 0 0.443137 0.5 0 0
2020 0.095166 0 0 0.443137 0.5 0 0
2030 0.095166 0 0 0.443137 0.5 0 0
2040 0.0956954 0 0 0.447059 0.5 0 0
2050 0.0956954 0 0 0.447059 0.5 0 0
2060 0.0962733 0 0 0.447059 0.5 0 0
2070 0.0962733 0 0 0.45098 0.5 0 0
2080 0.0966185 0 0 0.45098 0.5 0 0
2090 0.0966185 0 0 0.447059 0.5 0 0
2100 0.0972131 0 0 0.443137 0.5 0 0
2110 0.0972131 0 0 0.439216 0.5 0 0
2120 0.0977099 0 0 0.443137 0.5 0 0
2130 0.0977099 0 0 0.439216 0.5 0 0
2140 0.0978676 0 0 0.443137 0.5 0 0
2150 0.0978676 0 0 0.439216 0.5 0 0
2160 0.0983008 0 0 0.439216 0.5 0 0
2170 0.0983008 0 0 0.431373 0.5 0 0
2180 0.0980677 0 0 0.427451 0.5 0 0
2190 0.0980677 0 0 0.427451 0.5 0 0
2200 0.0978064 0 0 0.427451 0.5 0 0
2210 0.0978064 0 0 0.427451 0.5 0 0
2220 0.0977802 0 0 0.427451 0.5 0 0
2230 0.0977802 0 0 0.427451 0.5 0 0
2240 0.0977691 0 0 0.427451 0.5 0 0
2250 0.0977691 0 0 0.427451 0.5 0 0
2260 0.0977691 0 0 0.427451 0.5 0 0
2270 0.0977691 0 0 0.427451 0.5 0 0
2280 0.0977691 0 0 0.427451 0.5 0 0
2290 0.0977691 0 0 0.427451 0.5 0 0
2300 0.0975248 0 0 0.427451 0.5 0 0
2310 0.0975248 0 0 0.427451 0.5 0 0
2320 0.0969881 0 0 0.427451 0.5 0 0
2330 0.0969881 0 0 0.427451 0.5 0 0
2340 0.096582 0 0 0.427451 0.5 0 0
2350 0.096582 0 0 0.427451 0.5 0 0
2360 0.0961115 0 0 0.427451 0.5 0 0
2370 0.0961115 0 0 0.427451 0.5 0 0
2380 0.0961181 0 0 0.427451 0.5 0 0
2390 0.0961181 0 0 0.423529 0.5 0 0
2400 0.0964511 0 0 0.423529 0.5 0 0
2410 0.0964511 0 0 0.419608 0.5 0 0
2420 0.0966083 0 0 0.419608 0.5 0 0
2430 0.0966083 0 0 0.419608 0.5 0 0
2440 0.0964987 0 0 0.419608 0.5 0 0
2450 0.0964987 0 0 0.419608 0.5 0 0
2460 0.0964879 0 0 0.419608 0.5 0 0
2470 0.0964879 0 0 0.419608 0.5 0 0
2480 0.0964881 0 0 0.419608 0.5 0 0
2490 0.0964881 0 0 0.415686 0.5 0 0
2500 0.0962842 0 0 0.415686 0.5 0 0
2510 0.0962842 0 0 0.415686 0.5 0 0
2520 0.0962655 0 0 0.415686 0.5 0 0
2530 0.0962655 0 0 0.415686 0.5 0 0
2540 0.0961509 0 0 0.415686 0.5 0 0
2550 0.0961509 0 0 0.415686 0.5 0 0
2560 0.0961509 0 0 0.415686 0.5 0 0
2570 0.0961509 0 0 0.415686 0.5 0 0
2580 0.095839 0 0 0.415686 0.5 0 0
2590 0.095839 0 0 0.415686 0.5 0 0
2600 0.0952434 0 0 0.415686 0.5 0 0
2610 0.0952434 0 0 0.415686 0.5 0 0
2620 0.0948217 0 0 0.415686 0.5 0 0
2630 0.0948217 0 0 0.415686 0.5 0 0
2640 0.094695 0 0 0.415686 0.5 0 0
2650 0.094695 0 0 0.415686 0.5 0 0
2660 0.094695 0 0 0.415686 0.5 0 0
2670 0.094695 0 0 0.415686 0.5 0 0
2680 0.0946902 0 0 0.415686 0.5 0 0
2690 0.0946902 0 0 0.415686 0.5 0 0
2700 0.0946375 0 0 0.415686 0.5 0 0
2710 0.0946375 0 0 0.415686 0.5 0 0
2720 0.0946375 0 0 0.415686 0.5 0 0
2730 0.0946375 0 0 0.415686 0.5 0 0
2740 0.0946375 0 0 0.415686 0.5 0 0
2750 0.0946375 0 0 0.415686 0.5 0 0
2760 0.0946375 0 0 0.415686 0.5 0 0
2770 0.0946375 0 0 0.415686 0.5 0 0
2780 0.0946375 0 0 0.415686 0.5 0 0
2790 0.0946375 0 0 0.415686 0.5 0 0
2800 0.0946308 0 0 0.415686 0.5 0 0
2810 0.0946308 0 0 0.415686 0.5 0 0
2820 0.0946308 0 0 0.415686 0.5 0 0
2830 0.0946308 0 0 0.415686 0.5 0 0
2840 0.0946308 0 0 0.415686 0.5 0 0
2850 0.0946308 0 0 0.415686 0.5 0 0
2860 0.0946308 0 0 0.415686 0.5 0 0
2870 0.0946308 0 0 0.415686 0.5 0 0
2880 0.0946308 0 0 0.415686 0.5 0 0
2890 0.0946308 0 0 0.415686 0.5 0 0
2900 0.0946308 0 0 0.415686 0.5 0 0
2910 0.0946308 0 0 0.415686 0.5 0 0
2920 0.0946308 0 0 0.415686 0.5 0 0
2930 0.0946308 0 0 0.415686 0.5 0 0
2940 0.0946308 0 0 0.415686 0.5 0 0
2950 0.0946308 0 0 0.415686 0.5 0 0
2960 0.0946308 0 0 0.415686 0.5 0 0
2970 0.0946308 0 0 0.415686 0.5 0 0
2980 0.0946308 0 0 0.415686 0.5 0 0
2990 0.0946308 0 0 0.415686 0.5 0 0
3000 0.0946308 0 0 0.415686 0.5 0 0
3010 0.0946308 0 0 0.415686 0.5 0 0
3020 0.0946308 0 0 0.415686 0.5 0 0
3030 0.0946308 0 0 0.415686 0.5 0 0
3040 0.0946308 0 0 0.415686 0.5 0 0
3050 0.0946308 0 0 0.415686 0.5 0 0
3060 0.0946308 0 0 0.415686 0.5 0 0
3070 0.0946308 0 0 0.415686 0.5 0 0
3080 0.0946308 0 0 0.415686 0.5 0 0
3090 0.0946308 0 0 0.415686 0.5 0 0
3100 0.0946308 0 0 0.415686 0.5 0 0
3110 0.0946308 0 0 0.415686 0.5 0 0
3120 0.0946308 0 0 0.415686 0.5 0 0
3130 0.0946308 0 0 0.419608 0.5 0 0
3140 0.0946308 0 0 0.415686 0.5 0 0
3150 0.0946308 0 0 0.415686 0.5 0 0
3160 0.0951897 0 0 0.415686 0.5 0 0
3170 0.0951897 0 0 0.419608 0.5 0 0
3180 0.0959142 0 0 0.419608 0.5 0 0
3190 0.0959142 0 0 0.419608 0.5 0 0
3200 0.0963739 0 0 0.419608 0.5 0 0
3210 0.0963739 0 0 0.415686 0.5 0 0
3220 0.0966688 0 0 0.415686 0.5 0 0
3230 0.0966688 0 0 0.415686 0.5 0 0
3240 0.097068 0 0 0.411765 0.5 0 0
3250 0.097068 0 0 0.407843 0.5 0 0
3260 0.097392 0 0 0.407843 0.5 0 0
3270 0.097392 0 0 0.407843 0.5 0 0
3280 0.0974258 0 0 0.411765 0.5 0 0
3290 0.0974258 0 0 0.407843 0.5 0 0
3300 0.0978044 0 0 0.407843 0.5 0 0
3310 0.0978044 0 0 0.407843 0.5 0 0
3320 0.0979196 0 0 0.403922 0.5 0 0
3330 0.0979196 0 0 0.4 0.5 0 0
3340 0.0975629 0 0 0.403922 0.5 0 0
3350 0.0975629 0 0 0.4 0.5 0 0
3360 0.0973919 0 0 0.403922 0.5 0 0
3370 0.0973919 0 0 0.403922 0.5 0 0
3380 0.097019 0 0 0.403922 0.5 0 0
3390 0.097019 0 0 0.403922 0.5 0 0
3400 0.0968335 0 0 0.403922 0.5 0 0
3410 0.0968335 0 0 0.4 0.5 0 0
3420 0.095885 0 0 0.396078 0.5 0 0
3430 0.095885 0 0 0.4 0.5 0 0
3440 0.0949524 0 0 0.4 0.5 0 0
3450 0.0949524 0 0 0.4 0.5 0 0
3460 0.0944448 0 0 0.4 0.5 0 0
3470 0.0944448 0 0 0.4 0.5 0 0
3480 0.0943342 0 0 0.4 0.5 0 0
3490 0.0943342 0 0 0.396078 0.5 0 0
3500 0.0943342 0 0 0.4 0.5 0 0
3510 0.0943342 0 0 0.4 0.5 0 0
3520 0.0943342 0 0 0.4 0.5 0 0
3530 0.0943342 0 0 0.4 0.5 0 0
3540 0.0941482 0 0 0.4 0.5 0 0
3550 0.0941482 0 0 0.4 0.5 0 0
3560 0.0941336 0 0 0.4 0.5 0 0
3570 0.0941336 0 0 0.396078 0.5 0 0
3580 0.0941336 0 0 0.4 0.5 0 0
3590 0.0941336 0 0 0.4 0.5 0 0
3600 0.0941336 0 0 0.4 0.5 0 0
3610 0.0941336 0 0 0.396078 0.5 0 0
3620 0.0941336 0 0 0.4 0.5 0 0
3630 0.0941336 0 0 0.4 0.5 0 0
3640 0.0941336 0 0 0.4 0.5 0 0
3650 0.0941336 0 0 0.4 0.5 0 0
3660 0.0941336 0 0 0.4 0.5 0 0
3670 0.0941336 0 0 0.4 0.5 0 0
3680 0.0941336 0 0 0.396078 0.5 0 0
3690 0.0941336 0 0 0.396078 0.5 0 0
3700 0.0941336 0 0 0.4 0.5 0 0
3710 0.0941336 0 0 0.4 0.5 0 0
3720 0.0941336 0 0 0.4 0.5 0 0
3730 0.0941336 0 0 0.396078 0.5 0 0
3740 0.0941336 0 0 0.4 0.5 0 0
3750 0.0941336 0 0 0.4 0.5 0 0
3760 0.0941 0 0 0.4 0.5 0 0
3770 0.0941 0 0 0.396078 0.5 0 0
3780 0.0949374 0 0 0.396078 0.5 0 0
3790 0.0949374 0 0 0.396078 0.5 0 0
3800 0.0958548 0 0 0.396078 0.5 0 0
3810 0.0958548 0 0 0.396078 0.5 0 0
3820 0.0959893 0 0 0.396078 0.5 0 0
3830 0.0959893 0 0 0.396078 0.5 0 0
3840 0.0960209 0 0 0.396078 0.5 0 0
3850 0.0960209 0 0 0.396078 0.5 0 0
3860 0.0961388 0 0 0.392157 0.5 0 0
3870 0.0961388 0 0 0.388235 0.5 0 0
3880 0.0959913 0 0 0.388235 0.5 0 0
3890 0.0959913 0 0 0.388235 0.5 0 0
3900 0.0952824 0 0 0.388235 0.5 0 0
3910 0.0952824 0 0 0.388235 0.5 0 0
3920 0.0950438 0 0 0.388235 0.5 0 0
3930 0.0950438 0 0 0.388235 0.5 0 0
3940 0.094941 0 0 0.392157 0.5 0 0
3950 0.094941 0 0 0.388235 0.5 0 0
3960 0.0947176 0 0 0.388235 0.5 0 0
3970 0.0947176 0 0 0.388235 0.5 0 0
3980 0.0941348 0 0 0.388235 0.5 0 0
3990 0.0941348 0 0 0.392157 0.5 0 0
4000 0.0936869 0 0 0.388235 0.5 0 0
4010 0.0936869 0 0 0.392157 0.5 0 0
4020 0.0934091 0 0 0.388235 0.5 0 0
4030 0.0934091 0 0 0.388235 0.5 0 0
4040 0.0936747 0 0 0.392157 0.5 0 0
4050 0.0936747 0 0 0.388235 0.5 0 0
4060 0.0942737 0 0 0.392157 0.5 0 0
4070 0.0942737 0 0 0.392157 0.5 0 0
4080 0.0946585 0 0 0.392157 0.5 0 0
4090 0.0946585 0 0 0.392157 0.5 0 0
4100 0.0950032 0 0 0.392157 0.5 0 0
4110 0.0950032 0 0 0.388235 0.5 0 0
4120 0.0949612 0 0 0.384314 0.5 0 0
4130 0.0949612 0 0 0.384314 0.5 0 0
4140 0.0944196 0 0 0.380392 0.5 0 0
4150 0.0944196 0 0 0.380392 0.5 0 0
4160 0.0932842 0 0 0.380392 0.5 0 0
4170 0.0932842 0 0 0.376471 0.5 0 0
4180 0.0921718 0 0 0.380392 0.5 0 0
4190 0.0921718 0 0 0.380392 0.5 0 0
4200 0.0918796 0 0 0.380392 0.5 0 0
4210 0.0918796 0 0 0.380392 0.5 0 0
4220 0.0917937 0 0 0.380392 0.5 0 0
4230 0.0917937 0 0 0.376471 0.5 0 0
4240 0.0909176 0 0 0.376471 0.5 0 0
4250 0.0909176 0 0 0.376471 0.5 0 0
4260 0.0899471 0 0 0.376471 0.5 0 0
4270 0.0899471 0 0 0.376471 0.5 0 0
4280 0.0896636 0 0 0.376471 0.5 0 0
4290 0.0896636 0 0 0.376471 0.5 0 0
4300 0.0895744 0 0 0.376471 0.5 0 0
4310 0.0895744 0 0 0.376471 0.5 0 0
4320 0.0895744 0 0 0.376471 0.5 0 0
4330 0.0895744 0 0 0.376471 0.5 0 0
4340 0.0895744 0 0 0.376471 0.5 0 0
4350 0.0895744 0 0 0.376471 0.5 0 0
4360 0.0895744 0 0 0.376471 0.5 0 0
4370 0.0895744 0 0 0.376471 0.5 0 0
4380 0.0895744 0 0 0.376471 0.5 0 0
4390 0.0895744 0 0 0.376471 0.5 0 0
4400 0.0895744 0 0 0.376471 0.5 0 0
4410 0.0895744 0 0 0.376471 0.5 0 0
4420 0.0895744 0 0 0.376471 0.5 0 0
4430 0.0895744 0 0 0.376471 0.5 0 0
4440 0.0895744 0 0 0.376471 0.5 0 0
4450 0.0895744 0 0 0.376471 0.5 0 0
4460 0.0895744 0 0 0.376471 0.5 0 0
4470 0.0895744 0 0 0.376471 0.5 0 0
4480 0.0895744 0 0 0.376471 0.5 0 0
4490 0.0895744 0 0 0.376471 0.5 0 0
4500 0.0895744 0 0 0.376471 0.5 0 0
4510 0.0895744 0 0 0.376471 0.5 0 0
4520 0.0895744 0 0 0.376471 0.5 0 0
4530 0.0895744 0 0 0.376471 0.5 0 0
4540 0.0895744 0 0 0.376471 0.5 0 0
4550 0.0895744 0 0 0.376471 0.5 0 0
4560 0.0895744 0 0 0.376471 0.5 0 0
4570 0.0895744 0 0 0.376471 0.5 0 0
4580 0.0895744 0 0 0.376471 0.5 0 0
4590 0.0895744 0 0 0.376471 0.5 0 0
4600 0.0895744 0 0 0.376471 0.5 0 0
4610 0.0895744 0 0 0.376471 0.5 0 0
4620 0.0895744 0 0 0.376471 0.5 0 0
4630 0.0895744 0 0 0.376471 0.5 0 0
4640 0.0895744 0 0 0.376471 0.5 0 0
4650 0.0895744 0 0 0.376471 0.5 0 0
4660 0.0895744 0 0 0.376471 0.5 0 0
4670 0.0895744 0 0 0.376471 0.5 0 0
4680 0.0895744 0 0 0.376471 0.5 0 0
4690 0.0895744 0 0 0.376471 0.5 0 0
4700 0.0895744 0 0 0.376471 0.5 0 0
4710 0.0895744 0 0 0.376471 0.5 0 0
4720 0.0895744 0 0 0.376471 0.5 0 0
4730 0.0895744 0 0 0.376471 0.5 0 0
4740 0.0895744 0 0 0.376471 0.5 0 0
4750 0.0895744 0 0 0.376471 0.5 0 0
4760 0.0895744 0 0 0.376471 0.5 0 0
4770 0.0895744 0 0 0.376471 0.5 0 0
4780 0.0895744 0 0 0.376471 0.5 0 0
4790 0.0895744 0 0 0.376471 0.5 0 0
4800 0.0895744 0 0 0.376471 0.5 0 0
4810 0.0895744 0 0 0.376471 0.5 0 0
4820 0.0895744 0 0 0.376471 0.5 0 0
4830 0.0895744 0 0 0.376471 0.5 0 0
4840 0.0895787 0 0 0.376471 0.5 0 0
4850 0.0895787 0 0 0.376471 0.5 0 0
4860 0.0899493 0 0 0.376471 0.5 0 0
4870 0.0899493 0 0 0.376471 0.5 0 0
4880 0.0901919 0 0 0.376471 0.5 0 0
4890 0.0901919 0 0 0.376471 0.5 0 0
4900 0.0903258 0 0 0.372549 0.5 0 0
4910 0.0903258 0 0 0.372549 0.5 0 0
4920 0.090093 0 0 0.372549 0.5 0 0
4930 0.090093 0 0 0.368627 0.5 0 0
4940 0.0895263 0 0 0.368627 0.5 0 0
4950 0.0895263 0 0 0.364706 0.5 0 0
4960 0.0881016 0 0 0.364706 0.5 0 0
4970 0.0881016 0 0 0.364706 0.5 0 0
4980 0.0870467 0 0 0.364706 0.5 0 0
4990 0.0870467 0 0 0.364706 0.5 0 0
5000 0.0868577 0 0 0.364706 0.5 0 0
5010 0.0868577 0 0 0.364706 0.5 0 0
5020 0.0867239 0 0 0.364706 0.5 0 0
5030 0.0867239 0 0 0.364706 0.5 0 0
5040 0.0863242 0 0 0.364706 0.5 0 0
5050 0.0863242 0 0 0.364706 0.5 0 0
5060 0.0857538 0 0 0.364706 0.5 0 0
5070 0.0857538 0 0 0.364706 0.5 0 0
5080 0.0855103 0 0 0.364706 0.5 0 0
5090 0.0855103 0 0 0.364706 0.5 0 0
5100 0.085506 0 0 0.364706 0.5 0 0
5110 0.085506 0 0 0.364706 0.5 0 0
5120 0.085506 0 0 0.364706 0.5 0 0
5130 0.085506 0 0 0.364706 0.5 0 0
5140 0.0854 0 0 0.364706 0.5 0 0
5150 0.0854 0 0 0.364706 0.5 0 0
5160 0.0853978 0 0 0.364706 0.5 0 0
5170 0.0853978 0 0 0.364706 0.5 0 0
5180 0.0853978 0 0 0.364706 0.5 0 0
5190 0.0853978 0 0 0.364706 0.5 0 0
5200 0.0853978 0 0 0.364706 0.5 0 0
5210 0.0853978 0 0 0.364706 0.5 0 0
5220 0.0853978 0 0 0.364706 0.5 0 0
5230 0.0853978 0 0 0.364706 0.5 0 0
5240 0.0853978 0 0 0.364706 0.5 0 0
5250 0.0853978 0 0 0.364706 0.5 0 0
5260 0.0853978 0 0 0.364706 0.5 0 0
5270 0.0853978 0 0 0.364706 0.5 0 0
5280 0.0853978 0 0 0.364706 0.5 0 0
5290 0.0853978 0 0 0.364706 0.5 0 0
5300 0.0855126 0 0 0.364706 0.5 0 0
5310 0.0855126 0 0 0.364706 0.5 0 0
5320 0.0861438 0 0 0.364706 0.5 0 0
5330 0.0861438 0 0 0.364706 0.5 0 0
5340 0.0872575 0 0 0.368627 0.5 0 0
5350 0.0872575 0 0 0.368627 0.5 0 0
5360 0.0875108 0 0 0.368627 0.5 0 0
5370 0.0875108 0 0 0.368627 0.5 0 0
5380 0.0875109 0 0 0.368627 0.5 0 0
5390 0.0875109 0 0 0.368627 0.5 0 0
5400 0.0875545 0 0 0.368627 0.5 0 0
5410 0.0875545 0 0 0.368627 0.5 0 0
5420 0.0875544 0 0 0.368627 0.5 0 0
5430 0.0875544 0 0 0.364706 0.5 0 0
5440 0.087223 0 0 0.364706 0.5 0 0
5450 0.087223 0 0 0.360784 0.5 0 0
5460 0.0867991 0 0 0.360784 0.5 0 0
5470 0.0867991 0 0 0.360784 0.5 0 0
5480 0.0863529 0 0 0.360784 0.5 0 0
5490 0.0863529 0 0 0.360784 0.5 0 0
5500 0.0858862 0 0 0.360784 0.5 0 0
5510 0.0858862 0 0 0.360784 0.5 0 0
5520 0.0854768 0 0 0.360784 0.5 0 0
5530 0.0854768 0 0 0.360784 0.5 0 0
5540 0.0851656 0 0 0.360784 0.5 0 0
5550 0.0851656 0 0 0.360784 0.5 0 0
5560 0.0852193 0 0 0.360784 0.5 0 0
5570 0.0852193 0 0 0.360784 0.5 0 0
5580 0.0855551 0 0 0.360784 0.5 0 0
5590 0.0855551 0 0 0.360784 0.5 0 0
5600 0.0859183 0 0 0.360784 0.5 0 0
5610 0.0859183 0 0 0.360784 0.5 0 0
5620 0.0861386 0 0 0.356863 0.5 0 0
5630 0.0861386 0 0 0.356863 0.5 0 0
5640 0.0862225 0 0 0.356863 0.5 0 0
5650 0.0862225 0 0 0.352941 0.5 0 0
5660 0.08607 0 0 0.352941 0.5 0 0
5670 0.08607 0 0 0.352941 0.5 0 0
5680 0.0860186 0 0 0.352941 0.5 0 0
5690 0.0860186 0 0 0.352941 0.5 0 0
5700 0.0853131 0 0 0.352941 0.5 0 0
5710 0.0853131 0 0 0.352941 0.5 0 0
5720 0.0850035 0 0 0.352941 0.5 0 0
5730 0.0850035 0 0 0.352941 0.5 0 0
5740 0.0846859 0 0 0.352941 0.5 0 0
5750 0.0846859 0 0 0.352941 0.5 0 0
5760 0.0841135 0 0 0.352941 0.5 0 0
5770 0.0841135 0 0 0.352941 0.5 0 0
5780 0.0839467 0 0 0.352941 0.5 0 0
5790 0.0839467 0 0 0.356863 0.5 0 0
5800 0.0837702 0 0 0.352941 0.5 0 0
5810 0.0837702 0 0 0.356863 0.5 0 0
5820 0.0837702 0 0 0.352941 0.5 0 0
5830 0.0837702 0 0 0.352941 0.5 0 0
5840 0.0837702 0 0 0.352941 0.5 0 0
5850 0.0837702 0 0 0.352941 0.5 0 0
5860 0.0837702 0 0 0.352941 0.5 0 0
5870 0.0837702 0 0 0.352941 0.5 0 0
5880 0.0837702 0 0 0.352941 0.5 0 0
5890 0.0837702 0 0 0.352941 0.5 0 0
5900 0.0837702 0 0 0.352941 0.5 0 0
5910 0.0837702 0 0 0.352941 0.5 0 0
5920 0.0837702 0 0 0.356863 0.5 0 0
5930 0.0837702 0 0 0.356863 0.5 0 0
5940 0.0837702 0 0 0.352941 0.5 0 0
5950 0.0837702 0 0 0.352941 0.5 0 0
5960 0.0837702 0 0 0.356863 0.5 0 0
5970 0.0837702 0 0 0.352941 0.5 0 0
5980 0.0837702 0 0 0.352941 0.5 0 0
5990 0.0837702 0 0 0.352941 0.5 0 0
6000 0.0837702 0 0 0.352941 0.5 0 0
6010 0.0837702 0 0 0.352941 0.5 0 0
6020 0.0837702 0 0 0.356863 0.5 0 0
6030 0.0837702 0 0 0.352941 0.5 0 0
6040 0.0837702 0 0 0.352941 0.5 0 0
6050 0.0837702 0 0 0.352941 0.5 0 0
6060 0.0837702 0 0 0.352941 0.5 0 0
6070 0.0837702 0 0 0.352941 0.5 0 0
6080 0.0837702 0 0 0.352941 0.5 0 0
6090 0.0837702 0 0 0.352941 0.5 0 0
6100 0.0837333 0 0 0.352941 0.5 0 0
6110 0.0837333 0 0 0.352941 0.5 0 0
6120 0.0837306 0 0 0.356863 0.5 0 0
6130 0.0837306 0 0 0.352941 0.5 0 0
6140 0.0837306 0 0 0.352941 0.5 0 0
6150 0.0837306 0 0 0.352941 0.5 0 0
6160 0.0837306 0 0 0.356863 0.5 0 0
6170 0.0837306 0 0 0.352941 0.5 0 0
6180 0.0837306 0 0 0.352941 0.5 0 0
6190 0.0837306 0 0 0.352941 0.5 0 0
6200 0.0837306 0 0 0.356863 0.5 0 0
6210 0.0837306 0 0 0.352941 0.5 0 0
6220 0.0837306 0 0 0.352941 0.5 0 0
6230 0.0837306 0 0 0.352941 0.5 0 0
6240 0.0837306 0 0 0.352941 0.5 0 0
6250 0.0837306 0 0 0.352941 0.5 0 0
6260 0.0837306 0 0 0.352941 0.5 0 0
6270 0.0837306 0 0 0.352941 0.5 0 0
6280 0.0837683 0 0 0.352941 0.5 0 0
6290 0.0837683 0 0 0.352941 0.5 0 0
6300 0.0848647 0 0 0.356863 0.5 0 0
6310 0.0848647 0 0 0.356863 0.5 0 0
6320 0.0852537 0 0 0.356863 0.5 0 0
6330 0.0852537 0 0 0.360784 0.5 0 0
6340 0.085255 0 0 0.360784 0.5 0 0
6350 0.085255 0 0 0.356863 0.5 0 0
6360 0.085255 0 0 0.360784 0.5 0 0
6370 0.085255 0 0 0.356863 0.5 0 0
6380 0.0852102 0 0 0.356863 0.5 0 0
6390 0.0852102 0 0 0.352941 0.5 0 0
6400 0.0847651 0 0 0.352941 0.5 0 0
6410 0.0847651 0 0 0.34902 0.5 0 0
6420 0.0838125 0 0 0.345098 0.5 0 0
6430 0.0838125 0 0 0.345098 0.5 0 0
6440 0.0834853 0 0 0.345098 0.5 0 0
6450 0.0834853 0 0 0.34902 0.5 0 0
6460 0.083245 0 0 0.352941 0.5 0 0
6470 0.083245 0 0 0.352941 0.5 0 0
6480 0.083321 0 0 0.352941 0.5 0 0
6490 0.083321 0 0 0.34902 0.5 0 0
6500 0.0827706 0 0 0.352941 0.5 0 0
6510 0.0827706 0 0 0.345098 0.5 0 0
6520 0.0817223 0 0 0.345098 0.5 0 0
6530 0.0817223 0 0 0.345098 0.5 0 0
6540 0.080992 0 0 0.345098 0.5 0 0
6550 0.080992 0 0 0.345098 0.5 0 0
6560 0.0799891 0 0 0.345098 0.5 0 0
6570 0.0799891 0 0 0.345098 0.5 0 0
6580 0.0797195 0 0 0.345098 0.5 0 0
6590 0.0797195 0 0 0.345098 0.5 0 0
6600 0.0797195 0 0 0.345098 0.5 0 0
6610 0.0797195 0 0 0.345098 0.5 0 0
6620 0.0797195 0 0 0.345098 0.5 0 0
6630 0.0797195 0 0 0.345098 0.5 0 0
6640 0.0797311 0 0 0.345098 0.5 0 0
6650 0.0797311 0 0 0.345098 0.5 0 0
6660 0.0797311 0 0 0.345098 0.5 0 0
6670 0.0797311 0 0 0.345098 0.5 0 0
6680 0.0797311 0 0 0.345098 0.5 0 0
6690 0.0797311 0 0 0.345098 0.5 0 0
6700 0.0797311 0 0 0.345098 0.5 0 0
6710 0.0797311 0 0 0.345098 0.5 0 0
6720 0.0797311 0 0 0.345098 0.5 0 0
6730 0.0797311 0 0 0.345098 0.5 0 0
6740 0.0798193 0 0 0.345098 0.5 0 0
6750 0.0798193 0 0 0.345098 0.5 0 0
6760 0.0806398 0 0 0.341176 0.5 0 0
6770 0.0806398 0 0 0.341176 0.5 0 0
6780 0.081855 0 0 0.345098 0.5 0 0
6790 0.081855 0 0 0.34902 0.5 0 0
6800 0.0822734 0 0 0.34902 0.5 0 0
6810 0.0822734 0 0 0.34902 0.5 0 0
6820 0.0822743 0 0 0.34902 0.5 0 0
6830 0.0822743 0 0 0.34902 0.5 0 0
6840 0.0822743 0 0 0.34902 0.5 0 0
6850 0.0822743 0 0 0.34902 0.5 0 0
6860 0.0822743 0 0 0.34902 0.5 0 0
6870 0.0822743 0 0 0.34902 0.5 0 0
6880 0.0820412 0 0 0.34902 0.5 0 0
6890 0.0820412 0 0 0.345098 0.5 0 0
6900 0.0815333 0 0 0.345098 0.5 0 0
6910 0.0815333 0 0 0.345098 0.5 0 0
6920 0.0810942 0 0 0.341176 0.5 0 0
6930 0.0810942 0 0 0.341176 0.5 0 0
6940 0.0803333 0 0 0.337255 0.5 0 0
6950 0.0803333 0 0 0.337255 0.5 0 0
6960 0.078938 0 0 0.337255 0.5 0 0
6970 0.078938 0 0 0.337255 0.5 0 0
6980 0.0786035 0 0 0.337255 0.5 0 0
6990 0.0786035 0 0 0.337255 0.5 0 0
7000 0.0787609 0 0 0.337255 0.5 0 0
7010 0.0787609 0 0 0.341176 0.5 0 0
7020 0.0789033 0 0 0.341176 0.5 0 0
7030 0.0789033 0 0 0.337255 0.5 0 0
7040 0.0789131 0 0 0.337255 0.5 0 0
7050 0.0789131 0 0 0.333333 0.5 0 0
7060 0.0787636 0 0 0.337255 0.5 0 0
7070 0.0787636 0 0 0.337255 0.5 0 0
7080 0.078698 0 0 0.337255 0.5 0 0
7090 0.078698 0 0 0.337255 0.5 0 0
7100 0.0781882 0 0 0.337255 0.5 0 0
7110 0.0781882 0 0 0.333333 0.5 0 0
7120 0.0770843 0 0 0.329412 0.5 0 0
7130 0.0770843 0 0 0.329412 0.5 0 0
7140 0.0760595 0 0 0.329412 0.5 0 0
7150 0.0760595 0 0 0.32549 0.5 0 0
7160 0.0751923 0 0 0.32549 0.5 0 0
7170 0.0751923 0 0 0.32549 0.5 0 0
7180 0.0743986 0 0 0.329412 0.5 0 0
7190 0.0743986 0 0 0.32549 0.5 0 0
7200 0.074257 0 0 0.329412 0.5 0 0
7210 0.074257 0 0 0.329412 0.5 0 0
7220 0.0742525 0 0 0.32549 0.5 0 0
7230 0.0742525 0 0 0.329412 0.5 0 0
7240 0.0742311 0 0 0.32549 0.5 0 0
7250 0.0742311 0 0 0.32549 0.5 0 0
7260 0.0741228 0 0 0.32549 0.5 0 0
7270 0.0741228 0 0 0.329412 0.5 0 0
7280 0.0741228 0 0 0.32549 0.5 0 0
7290 0.0741228 0 0 0.329412 0.5 0 0
7300 0.0741228 0 0 0.32549 0.5 0 0
7310 0.0741228 0 0 0.329412 0.5 0 0
7320 0.0741228 0 0 0.32549 0.5 0 0
7330 0.0741228 0 0 0.329412 0.5 0 0
7340 0.0741228 0 0 0.32549 0.5 0 0
7350 0.0741228 0 0 0.32549 0.5 0 0
7360 0.0741228 0 0 0.329412 0.5 0 0
7370 0.0741228 0 0 0.32549 0.5 0 0
7380 0.0741228 0 0 0.32549 0.5 0 0
7390 0.0741228 0 0 0.32549 0.5 0 0
7400 0.0741228 0 0 0.32549 0.5 0 0
7410 0.0741228 0 0 0.329412 0.5 0 0
7420 0.0741228 0 0 0.32549 0.5 0 0
7430 0.0741228 0 0 0.329412 0.5 0 0
7440 0.0741228 0 0 0.32549 0.5 0 0
7450 0.0741228 0 0 0.329412 0.5 0 0
7460 0.0741228 0 0 0.32549 0.5 0 0
7470 0.0741228 0 0 0.329412 0.5 0 0
7480 0.0741228 0 0 0.329412 0.5 0 0
7490 0.0741228 0 0 0.32549 0.5 0 0
7500 0.0741228 0 0 0.32549 0.5 0 0
7510 0.0741228 0 0 0.329412 0.5 0 0
7520 0.0741228 0 0 0.32549 0.5 0 0
7530 0.0741228 0 0 0.32549 0.5 0 0
7540 0.0741228 0 0 0.32549 0.5 0 0
7550 0.0741228 0 0 0.329412 0.5 0 0
7560 0.0741228 0 0 0.32549 0.5 0 0
7570 0.0741228 0 0 0.329412 0.5 0 0
7580 0.0741228 0 0 0.32549 0.5 0 0
7590 0.0741228 0 0 0.329412 0.5 0 0
7600 0.0741228 0 0 0.329412 0.5 0 0
7610 0.0741228 0 0 0.32549 0.5 0 0
7620 0.0741228 0 0 0.32549 0.5 0 0
7630 0.0741228 0 0 0.32549 0.5 0 0
7640 0.0743529 0 0 0.329412 0.5 0 0
7650 0.0743529 0 0 0.32549 0.5 0 0
7660 0.0744907 0 0 0.329412 0.5 0 0
7670 0.0744907 0 0 0.329412 0.5 0 0
7680 0.0746275 0 0 0.32549 0.5 0 0
7690 0.0746275 0 0 0.32549 0.5 0 0
7700 0.0751142 0 0 0.32549 0.5 0 0
7710 0.0751142 0 0 0.329412 0.5 0 0
7720 0.0757341 0 0 0.329412 0.5 0 0
7730 0.0757341 0 0 0.333333 0.5 0 0
7740 0.0758912 0 0 0.333333 0.5 0 0
7750 0.0758912 0 0 0.333333 0.5 0 0
7760 0.0758914 0 0 0.333333 0.5 0 0
7770 0.0758914 0 0 0.333333 0.5 0 0
7780 0.0757831 0 0 0.333333 0.5 0 0
7790 0.0757831 0 0 0.329412 0.5 0 0
7800 0.0752728 0 0 0.32549 0.5 0 0
7810 0.0752728 0 0 0.321569 0.5 0 0
7820 0.0748081 0 0 0.321569 0.5 0 0
7830 0.0748081 0 0 0.317647 0.5 0 0
7840 0.073832 0 0 0.313725 0.5 0 0
7850 0.073832 0 0 0.313725 0.5 0 0
7860 0.0729846 0 0 0.313725 0.5 0 0
7870 0.0729846 0 0 0.317647 0.5 0 0
7880 0.0724215 0 0 0.317647 0.5 0 0
7890 0.0724215 0 0 0.317647 0.5 0 0
7900 0.0717727 0 0 0.317647 0.5 0 0
7910 0.0717727 0 0 0.317647 0.5 0 0
7920 0.0708694 0 0 0.317647 0.5 0 0
7930 0.0708694 0 0 0.321569 0.5 0 0
7940 0.0700676 0 0 0.317647 0.5 0 0
7950 0.0700676 0 0 0.317647 0.5 0 0
7960 0.0699723 0 0 0.321569 0.5 0 0
7970 0.0699723 0 0 0.317647 0.5 0 0
7980 0.0699256 0 0 0.321569 0.5 0 0
7990 0.0699256 0 0 0.321569 0.5 0 0
8000 0.0699255 0 0 0.317647 0.5 0 0
8010 0.0699255 0 0 0.321569 0.5 0 0
8020 0.0699255 0 0 0.317647 0.5 0 0
8030 0.0699255 0 0 0.317647 0.5 0 0
8040 0.0699255 0 0 0.317647 0.5 0 0
8050 0.0699255 0 0 0.321569 0.5 0 0
8060 0.0699255 0 0 0.317647 0.5 0 0
8070 0.0699255 0 0 0.317647 0.5 0 0
8080 0.0704775 0 0 0.317647 0.5 0 0
8090 0.0704775 0 0 0.317647 0.5 0 0
8100 0.0714817 0 0 0.321569 0.5 0 0
8110 0.0714817 0 0 0.321569 0.5 0 0
8120 0.0720613 0 0 0.317647 0.5 0 0
8130 0.0720613 0 0 0.317647 0.5 0 0
8140 0.0731504 0 0 0.317647 0.5 0 0
8150 0.0731504 0 0 0.321569 0.5 0 0
8160 0.073715 0 0 0.32549 0.5 0 0
8170 0.073715 0 0 0.32549 0.5 0 0
8180 0.0737629 0 0 0.32549 0.5 0 0
8190 0.0737629 0 0 0.32549 0.5 0 0
8200 0.0737629 0 0 0.32549 0.5 0 0
8210 0.0737629 0 0 0.32549 0.5 0 0
8220 0.0736037 0 0 0.321569 0.5 0 0
8230 0.0736037 0 0 0.321569 0.5 0 0
8240 0.0728504 0 0 0.321569 0.5 0 0
8250 0.0728504 0 0 0.321569 0.5 0 0
8260 0.072505 0 0 0.321569 0.5 0 0
8270 0.072505 0 0 0.32549 0.5 0 0
8280 0.0722275 0 0 0.329412 0.5 0 0
8290 0.0722275 0 0 0.329412 0.5 0 0
8300 0.0716508 0 0 0.329412 0.5 0 0
8310 0.0716508 0 0 0.32549 0.5 0 0
8320 0.0710279 0 0 0.313725 0.5 0 0
8330 0.0710279 0 0 0.305882 0.5 0 0
8340 0.07002 0 0 0.305882 0.5 0 0
8350 0.07002 0 0 0.305882 0.5 0 0
8360 0.0690815 0 0 0.301961 0.5 0 0
8370 0.0690815 0 0 0.298039 0.5 0 0
8380 0.067769 0 0 0.301961 0.5 0 0
8390 0.067769 0 0 0.305882 0.5 0 0
8400 0.0672496 0 0 0.309804 0.5 0 0
8410 0.0672496 0 0 0.309804 0.5 0 0
8420 0.0672491 0 0 0.305882 0.5 0 0
8430 0.0672491 0 0 0.305882 0.5 0 0
8440 0.0671103 0 0 0.305882 0.5 0 0
8450 0.0671103 0 0 0.305882 0.5 0 0
8460 0.0668916 0 0 0.309804 0.5 0 0
8470 0.0668916 0 0 0.305882 0.5 0 0
8480 0.066874 0 0 0.305882 0.5 0 0
8490 0.066874 0 0 0.305882 0.5 0 0
8500 0.0668056 0 0 0.305882 0.5 0 0
8510 0.0668056 0 0 0.305882 0.5 0 0
8520 0.0667842 0 0 0.305882 0.5 0 0
8530 0.0667842 0 0 0.305882 0.5 0 0
8540 0.0667842 0 0 0.305882 0.5 0 0
8550 0.0667842 0 0 0.305882 0.5 0 0
8560 0.0667842 0 0 0.305882 0.5 0 0
8570 0.0667842 0 0 0.305882 0.5 0 0
8580 0.0667644 0 0 0.305882 0.5 0 0
8590 0.0667644 0 0 0.305882 0.5 0 0
8600 0.0667643 0 0 0.301961 0.5 0 0
8610 0.0667643 0 0 0.305882 0.5 0 0
8620 0.0667643 0 0 0.305882 0.5 0 0
8630 0.0667643 0 0 0.305882 0.5 0 0
8640 0.0667643 0 0 0.305882 0.5 0 0
8650 0.0667643 0 0 0.309804 0.5 0 0
8660 0.0667643 0 0 0.305882 0.5 0 0
8670 0.0667643 0 0 0.305882 0.5 0 0
8680 0.0667643 0 0 0.309804 0.5 0 0
8690 0.0667643 0 0 0.305882 0.5 0 0
8700 0.0667643 0 0 0.305882 0.5 0 0
8710 0.0667643 0 0 0.305882 0.5 0 0
8720 0.0667643 0 0 0.305882 0.5 0 0
8730 0.0667643 0 0 0.305882 0.5 0 0
8740 0.0667643 0 0 0.305882 0.5 0 0
8750 0.0667643 0 0 0.305882 0.5 0 0
8760 0.0667643 0 0 0.309804 0.5 0 0
8770 0.0667643 0 0 0.305882 0.5 0 0
8780 0.0667643 0 0 0.309804 0.5 0 0
8790 0.0667643 0 0 0.305882 0.5 0 0
8800 0.0667643 0 0 0.309804 0.5 0 0
8810 0.0667643 0 0 0.305882 0.5 0 0
8820 0.0667643 0 0 0.305882 0.5 0 0
8830 0.0667643 0 0 0.305882 0.5 0 0
8840 0.0667643 0 0 0.301961 0.5 0 0
8850 0.0667643 0 0 0.309804 0.5 0 0
8860 0.0667643 0 0 0.305882 0.5 0 0
8870 0.0667643 0 0 0.305882 0.5 0 0
8880 0.0667643 0 0 0.305882 0.5 0 0
8890 0.0667643 0 0 0.305882 0.5 0 0
8900 0.0667643 0 0 0.305882 0.5 0 0
8910 0.0667643 0 0 0.305882 0.5 0 0
8920 0.0667643 0 0 0.305882 0.5 0 0
8930 0.0667643 0 0 0.305882 0.5 0 0
8940 0.0667643 0 0 0.305882 0.5 0 0
8950 0.0667643 0 0 0.305882 0.5 0 0
8960 0.0674421 0 0 0.305882 0.5 0 0
8970 0.0674421 0 0 0.305882 0.5 0 0
8980 0.0683851 0 0 0.309804 0.5 0 0
8990 0.0683851 0 0 0.309804 0.5 0 0
9000 0.0692035 0 0 0.309804 0.5 0 0
9010 0.0692035 0 0 0.309804 0.5 0 0
9020 0.0697008 0 0 0.309804 0.5 0 0
9030 0.0697008 0 0 0.313725 0.5 0 0
9040 0.0700558 0 0 0.313725 0.5 0 0
9050 0.0700558 0 0 0.317647 0.5 0 0
9060 0.0702127 0 0 0.317647 0.5 0 0
9070 0.0702127 0 0 0.317647 0.5 0 0
9080 0.0701951 0 0 0.321569 0.5 0 0
9090 0.0701951 0 0 0.32549 0.5 0 0
9100 0.0702895 0 0 0.32549 0.5 0 0
9110 0.0702895 0 0 0.32549 0.5 0 0
9120 0.07 0 0 0.321569 0.5 0 0
9130 0.07 0 0 0.313725 0.5 0 0
9140 0.0688999 0 0 0.305882 0.5 0 0
9150 0.0688999 0 0 0.301961 0.5 0 0
9160 0.067069 0 0 0.298039 0.5 0 0
9170 0.067069 0 0 0.305882 0.5 0 0
9180 0.0659827 0 0 0.321569 0.5 0 0
9190 0.0659827 0 0 0.32549 0.5 0 0
9200 0.0659325 0 0 0.313725 0.5 0 0
9210 0.0659325 0 0 0.313725 0.5 0 0
9220 0.0659325 0 0 0.321569 0.5 0 0
9230 0.0659325 0 0 0.333333 0.5 0 0
9240 0.0659287 0 0 0.329412 0.5 0 0
9250 0.0659287 0 0 0.333333 0.5 0 0
9260 0.0655297 0 0 0.321569 0.5 0 0
9270 0.0655297 0 0 0.32549 0.5 0 0
9280 0.0654745 0 0 0.317647 0.5 0 0
9290 0.0654745 0 0 0.329412 0.5 0 0
9300 0.0654745 0 0 0.313725 0.5 0 0
9310 0.0654745 0 0 0.329412 0.5 0 0
9320 0.0654745 0 0 0.32549 0.5 0 0
9330 0.0654745 0 0 0.32549 0.5 0 0
9340 0.0653934 0 0 0.317647 0.5 0 0
9350 0.0653934 0 0 0.317647 0.5 0 0
9360 0.0653079 0 0 0.317647 0.5 0 0
9370 0.0653079 0 0 0.290196 0.5 0 0
9380 0.0667459 0 0 0.290196 0.5 0 0
9390 0.0667459 0 0 0.290196 0.5 0 0
9400 0.067301 0 0 0.294118 0.5 0 0
9410 0.067301 0 0 0.290196 0.5 0 0
9420 0.0677473 0 0 0.298039 0.5 0 0
9430 0.0677473 0 0 0.298039 0.5 0 0
9440 0.067913 0 0 0.298039 0.5 0 0
9450 0.067913 0 0 0.294118 0.5 0 0
9460 0.0679154 0 0 0.298039 0.5 0 0
9470 0.0679154 0 0 0.298039 0.5 0 0
9480 0.067944 0 0 0.298039 0.5 0 0
9490 0.067944 0 0 0.298039 0.5 0 0
9500 0.068052 0 0 0.298039 0.5 0 0
9510 0.068052 0 0 0.298039 0.5 0 0
9520 0.0675442 0 0 0.294118 0.5 0 0
9530 0.0675442 0 0 0.313725 0.5 0 0
9540 0.0672157 0 0 0.321569 0.5 0 0
9550 0.0672157 0 0 0.321569 0.5 0 0
9560 0.0672022 0 0 0.321569 0.5 0 0
9570 0.0672022 0 0 0.321569 0.5 0 0
9580 0.0665489 0 0 0.301961 0.5 0 0
9590 0.0665489 0 0 0.282353 0.5 0 0
9600 0.0653096 0 0 0.282353 0.5 0 0
9610 0.0653096 0 0 0.282353 0.5 0 0
9620 0.0648688 0 0 0.282353 0.5 0 0
9630 0.0648688 0 0 0.282353 0.5 0 0
9640 0.064867 0 0 0.282353 0.5 0 0
9650 0.064867 0 0 0.282353 0.5 0 0
9660 0.0643225 0 0 0.282353 0.5 0 0
9670 0.0643225 0 0 0.282353 0.5 0 0
9680 0.0629818 0 0 0.282353 0.5 0 0
9690 0.0629818 0 0 0.282353 0.5 0 0
9700 0.0626574 0 0 0.282353 0.5 0 0
9710 0.0626574 0 0 0.282353 0.5 0 0
9720 0.0621923 0 0 0.282353 0.5 0 0
9730 0.0621923 0 0 0.282353 0.5 0 0
9740 0.0621763 0 0 0.282353 0.5 0 0
9750 0.0621763 0 0 0.282353 0.5 0 0
9760 0.0619875 0 0 0.286275 0.5 0 0
9770 0.0619875 0 0 0.286275 0.5 0 0
9780 0.0619849 0 0 0.282353 0.5 0 0
9790 0.0619849 0 0 0.282353 0.5 0 0
9800 0.0618811 0 0 0.282353 0.5 0 0
9810 0.0618811 0 0 0.282353 0.5 0 0
9820 0.0618808 0 0 0.282353 0.5 0 0
9830 0.0618808 0 0 0.286275 0.5 0 0
9840 0.0618626 0 0 0.282353 0.5 0 0
9850 0.0618626 0 0 0.282353 0.5 0 0
9860 0.0618624 0 0 0.282353 0.5 0 0
9870 0.0618624 0 0 0.282353 0.5 0 0
9880 0.0618624 0 0 0.282353 0.5 0 0
9890 0.0618624 0 0 0.282353 0.5 0 0
9900 0.0618624 0 0 0.282353 0.5 0 0
9910 0.0618624 0 0 0.282353 0.5 0 0
9920 0.0618624 0 0 0.282353 0.5 0 0
9930 0.0618624 0 0 0.282353 0.5 0 0
9940 0.0618624 0 0 0.282353 0.5 0 0
9950 0.0618624 0 0 0.282353 0.5 0 0
9960 0.0618624 0 0 0.282353 0.5 0 0
9970 0.0618624 0 0 0.282353 0.5 0 0
9980 0.0618624 0 0 0.282353 0.5 0 0
9990 0.0618624 0 0 0.282353 0.5 0 0
10000 0.0618624 0 0 0.282353 0.5 0 0
10010 0.0618624 0 0 0.286275 0.5 0 0
10020 0.0618624 0 0 0.282353 0.5 0 0
10030 0.0618624 0 0 0.286275 0.5 0 0
10040 0.0618624 0 0 0.282353 0.5 0 0
10050 0.0618624 0 0 0.286275 0.5 0 0
10060 0.0618624 0 0 0.282353 0.5 0 0
10070 0.0618624 0 0 0.282353 0.5 0 0
10080 0.0618624 0 0 0.282353 0.5 0 0
10090 0.0618624 0 0 0.286275 0.5 0 0
10100 0.0618624 0 0 0.286275 0.5 0 0
10110 0.0618624 0 0 0.282353 0.5 0 0
10120 0.0618624 0 0 0.282353 0.5 0 0
10130 0.0618624 0 0 0.282353 0.5 0 0
10140 0.0618624 0 0 0.286275 0.5 0 0
10150 0.0618624 0 0 0.282353 0.5 0 0
10160 0.0618606 0 0 0.282353 0.5 0 0
10170 0.0618606 0 0 0.282353 0.5 0 0
10180 0.0618606 0 0 0.286275 0.5 0 0
10190 0.0618606 0 0 0.286275 0.5 0 0
10200 0.0618606 0 0 0.282353 0.5 0 0
10210 0.0618606 0 0 0.282353 0.5 0 0
10220 0.0619555 0 0 0.282353 0.5 0 0
10230 0.0619555 0 0 0.282353 0.5 0 0
10240 0.0625129 0 0 0.282353 0.5 0 0
10250 0.0625129 0 0 0.286275 0.5 0 0
10260 0.063796 0 0 0.286275 0.5 0 0
10270 0.063796 0 0 0.286275 0.5 0 0
10280 0.0645526 0 0 0.286275 0.5 0 0
10290 0.0645526 0 0 0.286275 0.5 0 0
10300 0.0650349 0 0 0.286275 0.5 0 0
10310 0.0650349 0 0 0.286275 0.5 0 0
10320 0.0652784 0 0 0.290196 0.5 0 0
10330 0.0652784 0 0 0.290196 0.5 0 0
10340 0.0653676 0 0 0.290196 0.5 0 0
10350 0.0653676 0 0 0.290196 0.5 0 0
10360 0.065236 0 0 0.290196 0.5 0 0
10370 0.065236 0 0 0.286275 0.5 0 0
10380 0.0647006 0 0 0.294118 0.5 0 0
10390 0.0647006 0 0 0.301961 0.5 0 0
10400 0.0641371 0 0 0.301961 0.5 0 0
10410 0.0641371 0 0 0.294118 0.5 0 0
10420 0.0637713 0 0 0.290196 0.5 0 0
10430 0.0637713 0 0 0.282353 0.5 0 0
10440 0.0624399 0 0 0.270588 0.5 0 0
10450 0.0624399 0 0 0.278431 0.5 0 0
10460 0.0614869 0 0 0.282353 0.5 0 0
10470 0.0614869 0 0 0.282353 0.5 0 0
10480 0.0611552 0 0 0.282353 0.5 0 0
10490 0.0611552 0 0 0.278431 0.5 0 0
10500 0.0608307 0 0 0.282353 0.5 0 0
10510 0.0608307 0 0 0.282353 0.5 0 0
10520 0.0604011 0 0 0.278431 0.5 0 0
10530 0.0604011 0 0 0.282353 0.5 0 0
10540 0.0602934 0 0 0.282353 0.5 0 0
10550 0.0602934 0 0 0.282353 0.5 0 0
10560 0.0602814 0 0 0.282353 0.5 0 0
10570 0.0602814 0 0 0.282353 0.5 0 0
10580 0.0602813 0 0 0.282353 0.5 0 0
10590 0.0602813 0 0 0.282353 0.5 0 0
10600 0.0603487 0 0 0.282353 0.5 0 0
10610 0.0603487 0 0 0.282353 0.5 0 0
10620 0.0605271 0 0 0.282353 0.5 0 0
10630 0.0605271 0 0 0.286275 0.5 0 0
10640 0.060991 0 0 0.278431 0.5 0 0
10650 0.060991 0 0 0.27451 0.5 0 0
10660 0.0617529 0 0 0.27451 0.5 0 0
10670 0.0617529 0 0 0.27451 0.5 0 0
10680 0.062292 0 0 0.278431 0.5 0 0
10690 0.062292 0 0 0.282353 0.5 0 0
10700 0.0625974 0 0 0.290196 0.5 0 0
10710 0.0625974 0 0 0.286275 0.5 0 0
10720 0.0626117 0 0 0.290196 0.5 0 0
10730 0.0626117 0 0 0.286275 0.5 0 0
10740 0.0626133 0 0 0.286275 0.5 0 0
10750 0.0626133 0 0 0.282353 0.5 0 0
10760 0.0619745 0 0 0.270588 0.5 0 0
10770 0.0619745 0 0 0.266667 0.5 0 0
10780 0.0608989 0 0 0.262745 0.5 0 0
10790 0.0608989 0 0 0.258824 0.5 0 0
10800 0.0601754 0 0 0.258824 0.5 0 0
10810 0.0601754 0 0 0.254902 0.5 0 0
10820 0.0596095 0 0 0.25098 0.5 0 0
10830 0.0596095 0 0 0.243137 0.5 0 0
10840 0.0584615 0 0 0.243137 0.5 0 0
10850 0.0584615 0 0 0.247059 0.5 0 0
10860 0.0575235 0 0 0.25098 0.5 0 0
10870 0.0575235 0 0 0.25098 0.5 0 0
10880 0.0571372 0 0 0.243137 0.5 0 0
10890 0.0571372 0 0 0.239216 0.5 0 0
10900 0.0564187 0 0 0.239216 0.5 0 0
10910 0.0564187 0 0 0.243137 0.5 0 0
10920 0.0544736 0 0 0.262745 0.5 0 0
10930 0.0544736 0 0 0.270588 0.5 0 0
10940 0.0539062 0 0 0.282353 0.5 0 0
10950 0.0539062 0 0 0.278431 0.5 0 0
10960 0.0537024 0 0 0.27451 0.5 0 0
10970 0.0537024 0 0 0.270588 0.5 0 0
10980 0.0537019 0 0 0.27451 0.5 0 0
10990 0.0537019 0 0 0.27451 0.5 0 0
11000 0.0537019 0 0 0.270588 0.5 0 0
11010 0.0537019 0 0 0.270588 0.5 0 0
11020 0.0537019 0 0 0.278431 0.5 0 0
11030 0.0537019 0 0 0.27451 0.5 0 0
11040 0.0537019 0 0 0.278431 0.5 0 0
11050 0.0537019 0 0 0.270588 0.5 0 0
11060 0.0537019 0 0 0.266667 0.5 0 0
11070 0.0537019 0 0 0.270588 0.5 0 0
11080 0.0537019 0 0 0.27451 0.5 0 0
11090 0.0537019 0 0 0.266667 0.5 0 0
11100 0.0537019 0 0 0.278431 0.5 0 0
11110 0.0537019 0 0 0.270588 0.5 0 0
11120 0.0537019 0 0 0.27451 0.5 0 0
11130 0.0537019 0 0 0.278431 0.5 0 0
11140 0.0537019 0 0 0.278431 0.5 0 0
11150 0.0537019 0 0 0.278431 0.5 0 0
11160 0.0537019 0 0 0.27451 0.5 0 0
11170 0.0537019 0 0 0.278431 0.5 0 0
11180 0.0537019 0 0 0.278431 0.5 0 0
11190 0.0537019 0 0 0.278431 0.5 0 0
11200 0.0537019 0 0 0.278431 0.5 0 0
11210 0.0537019 0 0 0.278431 0.5 0 0
11220 0.0537019 0 0 0.270588 0.5 0 0
11230 0.0537019 0 0 0.27451 0.5 0 0
11240 0.0537019 0 0 0.27451 0.5 0 0
11250 0.0537019 0 0 0.27451 0.5 0 0
11260 0.0537019 0 0 0.27451 0.5 0 0
11270 0.0537019 0 0 0.278431 0.5 0 0
11280 0.0537019 0 0 0.266667 0.5 0 0
11290 0.0537019 0 0 0.266667 0.5 0 0
11300 0.0537019 0 0 0.282353 0.5 0 0
11310 0.0537019 0 0 0.27451 0.5 0 0
11320 0.0537019 0 0 0.270588 0.5 0 0
11330 0.0537019 0 0 0.266667 0.5 0 0
11340 0.0537019 0 0 0.27451 0.5 0 0
11350 0.0537019 0 0 0.266667 0.5 0 0
11360 0.0537019 0 0 0.266667 0.5 0 0
11370 0.0537019 0 0 0.270588 0.5 0 0
11380 0.0537019 0 0 0.27451 0.5 0 0
11390 0.0537019 0 0 0.270588 0.5 0 0
11400 0.0537019 0 0 0.270588 0.5 0 0
11410 0.0537019 0 0 0.278431 0.5 0 0
11420 0.0540858 0 0 0.282353 0.5 0 0
11430 0.0540858 0 0 0.270588 0.5 0 0
11440 0.0550842 0 0 0.25098 0.5 0 0
11450 0.0550842 0 0 0.239216 0.5 0 0
11460 0.0563335 0 0 0.243137 0.5 0 0
11470 0.0563335 0 0 0.25098 0.5 0 0
11480 0.0570625 0 0 0.25098 0.5 0 0
11490 0.0570625 0 0 0.25098 0.5 0 0
11500 0.0573943 0 0 0.254902 0.5 0 0
11510 0.0573943 0 0 0.254902 0.5 0 0
11520 0.0574619 0 0 0.258824 0.5 0 0
11530 0.0574619 0 0 0.254902 0.5 0 0
11540 0.057475 0 0 0.266667 0.5 0 0
11550 0.057475 0 0 0.266667 0.5 0 0
11560 0.0573222 0 0 0.262745 0.5 0 0
11570 0.0573222 0 0 0.266667 0.5 0 0
11580 0.0572636 0 0 0.262745 0.5 0 0
11590 0.0572636 0 0 0.254902 0.5 0 0
11600 0.0559856 0 0 0.239216 0.5 0 0
11610 0.0559856 0 0 0.239216 0.5 0 0
11620 0.0551022 0 0 0.243137 0.5 0 0
11630 0.0551022 0 0 0.239216 0.5 0 0
11640 0.0544915 0 0 0.231373 0.5 0 0
11650 0.0544915 0 0 0.219608 0.5 0 0
11660 0.0533948 0 0 0.231373 0.5 0 0
11670 0.0533948 0 0 0.239216 0.5 0 0
11680 0.0529526 0 0 0.235294 0.5 0 0
11690 0.0529526 0 0 0.239216 0.5 0 0
11700 0.0524968 0 0 0.239216 0.5 0 0
11710 0.0524968 0 0 0.243137 0.5 0 0
11720 0.0519426 0 0 0.262745 0.5 0 0
11730 0.0519426 0 0 0.27451 0.5 0 0
11740 0.0517576 0 0 0.266667 0.5 0 0
11750 0.0517576 0 0 0.27451 0.5 0 0
11760 0.0517576 0 0 0.266667 0.5 0 0
11770 0.0517576 0 0 0.258824 0.5 0 0
11780 0.0517576 0 0 0.258824 0.5 0 0
11790 0.0517576 0 0 0.258824 0.5 0 0
11800 0.0517576 0 0 0.258824 0.5 0 0
11810 0.0517576 0 0 0.27451 0.5 0 0
11820 0.0517497 0 0 0.247059 0.5 0 0
11830 0.0517497 0 0 0.223529 0.5 0 0
11840 0.0530272 0 0 0.231373 0.5 0 0
11850 0.0530272 0 0 0.231373 0.5 0 0
11860 0.0533757 0 0 0.239216 0.5 0 0
11870 0.0533757 0 0 0.239216 0.5 0 0
11880 0.0533766 0 0 0.239216 0.5 0 0
11890 0.0533766 0 0 0.239216 0.5 0 0
11900 0.0533766 0 0 0.235294 0.5 0 0
11910 0.0533766 0 0 0.235294 0.5 0 0
11920 0.0533557 0 0 0.239216 0.5 0 0
11930 0.0533557 0 0 0.239216 0.5 0 0
11940 0.0533736 0 0 0.239216 0.5 0 0
11950 0.0533736 0 0 0.239216 0.5 0 0
11960 0.0531525 0 0 0.239216 0.5 0 0
11970 0.0531525 0 0 0.239216 0.5 0 0
11980 0.0525842 0 0 0.235294 0.5 0 0
11990 0.0525842 0 0 0.231373 0.5 0 0
12000 0.051534 0 0 0.254902 0.5 0 0
12010 0.051534 0 0 0.258824 0.5 0 0
12020 0.0512269 0 0 0.258824 0.5 0 0
12030 0.0512269 0 0 0.254902 0.5 0 0
12040 0.0509615 0 0 0.262745 0.5 0 0
12050 0.0509615 0 0 0.25098 0.5 0 0
12060 0.0502368 0 0 0.239216 0.5 0 0
12070 0.0502368 0 0 0.215686 0.5 0 0
12080 0.0494452 0 0 0.219608 0.5 0 0
12090 0.0494452 0 0 0.219608 0.5 0 0
12100 0.0487057 0 0 0.219608 0.5 0 0
12110 0.0487057 0 0 0.215686 0.5 0 0
12120 0.0481703 0 0 0.211765 0.5 0 0
12130 0.0481703 0 0 0.223529 0.5 0 0
12140 0.0480644 0 0 0.219608 0.5 0 0
12150 0.0480644 0 0 0.219608 0.5 0 0
12160 0.0480643 0 0 0.215686 0.5 0 0
12170 0.0480643 0 0 0.227451 0.5 0 0
12180 0.0480643 0 0 0.215686 0.5 0 0
12190 0.0480643 0 0 0.219608 0.5 0 0
12200 0.0480643 0 0 0.211765 0.5 0 0
12210 0.0480643 0 0 0.219608 0.5 0 0
12220 0.0480172 0 0 0.227451 0.5 0 0
12230 0.0480172 0 0 0.223529 0.5 0 0
12240 0.0480166 0 0 0.219608 0.5 0 0
12250 0.0480166 0 0 0.219608 0.5 0 0
12260 0.0480166 0 0 0.219608 0.5 0 0
12270 0.0480166 0 0 0.215686 0.5 0 0
12280 0.0480166 0 0 0.215686 0.5 0 0
12290 0.0480166 0 0 0.215686 0.5 0 0
12300 0.0479873 0 0 0.223529 0.5 0 0
12310 0.0479873 0 0 0.227451 0.5 0 0
12320 0.0479873 0 0 0.215686 0.5 0 0
12330 0.0479873 0 0 0.215686 0.5 0 0
12340 0.0479873 0 0 0.219608 0.5 0 0
12350 0.0479873 0 0 0.223529 0.5 0 0
12360 0.0479873 0 0 0.215686 0.5 0 0
12370 0.0479873 0 0 0.219608 0.5 0 0
12380 0.0479669 0 0 0.223529 0.5 0 0
12390 0.0479669 0 0 0.227451 0.5 0 0
12400 0.0479661 0 0 0.215686 0.5 0 0
12410 0.0479661 0 0 0.219608 0.5 0 0
12420 0.0479661 0 0 0.223529 0.5 0 0
12430 0.0479661 0 0 0.215686 0.5 0 0
12440 0.0479661 0 0 0.219608 0.5 0 0
12450 0.0479661 0 0 0.219608 0.5 0 0
12460 0.0479653 0 0 0.219608 0.5 0 0
12470 0.0479653 0 0 0.223529 0.5 0 0
12480 0.0479653 0 0 0.211765 0.5 0 0
12490 0.0479653 0 0 0.215686 0.5 0 0
12500 0.0479653 0 0 0.219608 0.5 0 0
12510 0.0479653 0 0 0.215686 0.5 0 0
12520 0.0479653 0 0 0.215686 0.5 0 0
12530 0.0479653 0 0 0.215686 0.5 0 0
12540 0.0479653 0 0 0.219608 0.5 0 0
12550 0.0479653 0 0 0.215686 0.5 0 0
12560 0.0479653 0 0 0.215686 0.5 0 0
12570 0.0479653 0 0 0.2 0.5 0 0
12580 0.0485578 0 0 0.192157 0.5 0 0
12590 0.0485578 0 0 0.196078 0.5 0 0
12600 0.0492129 0 0 0.196078 0.5 0 0
12610 0.0492129 0 0 0.196078 0.5 0 0
12620 0.0493077 0 0 0.2 0.5 0 0
12630 0.0493077 0 0 0.196078 0.5 0 0
12640 0.0493077 0 0 0.2 0.5 0 0
12650 0.0493077 0 0 0.2 0.5 0 0
12660 0.0492888 0 0 0.196078 0.5 0 0
12670 0.0492888 0 0 0.207843 0.5 0 0
12680 0.0490196 0 0 0.219608 0.5 0 0
12690 0.0490196 0 0 0.215686 0.5 0 0
12700 0.0488151 0 0 0.223529 0.5 0 0
12710 0.0488151 0 0 0.215686 0.5 0 0
12720 0.0485605 0 0 0.227451 0.5 0 0
12730 0.0485605 0 0 0.231373 0.5 0 0
12740 0.0480752 0 0 0.215686 0.5 0 0
12750 0.0480752 0 0 0.196078 0.5 0 0
12760 0.0469922 0 0 0.176471 0.5 0 0
12770 0.0469922 0 0 0.176471 0.5 0 0
12780 0.0462193 0 0 0.176471 0.5 0 0
12790 0.0462193 0 0 0.180392 0.5 0 0
12800 0.045835 0 0 0.180392 0.5 0 0
12810 0.045835 0 0 0.180392 0.5 0 0
12820 0.0454555 0 0 0.176471 0.5 0 0
12830 0.0454555 0 0 0.176471 0.5 0 0
12840 0.0448549 0 0 0.176471 0.5 0 0
12850 0.0448549 0 0 0.180392 0.5 0 0
12860 0.0442578 0 0 0.180392 0.5 0 0
12870 0.0442578 0 0 0.180392 0.5 0 0
12880 0.0438461 0 0 0.180392 0.5 0 0
12890 0.0438461 0 0 0.180392 0.5 0 0
12900 0.0436219 0 0 0.180392 0.5 0 0
12910 0.0436219 0 0 0.180392 0.5 0 0
12920 0.0435294 0 0 0.180392 0.5 0 0
12930 0.0435294 0 0 0.180392 0.5 0 0
12940 0.0439982 0 0 0.176471 0.5 0 0
12950 0.0439982 0 0 0.176471 0.5 0 0
12960 0.0442715 0 0 0.168627 0.5 0 0
12970 0.0442715 0 0 0.172549 0.5 0 0
12980 0.0448243 0 0 0.180392 0.5 0 0
12990 0.0448243 0 0 0.180392 0.5 0 0
13000 0.044867 0 0 0.184314 0.5 0 0
13010 0.044867 0 0 0.184314 0.5 0 0
13020 0.044867 0 0 0.188235 0.5 0 0
13030 0.044867 0 0 0.188235 0.5 0 0
13040 0.0448631 0 0 0.188235 0.5 0 0
13050 0.0448631 0 0 0.172549 0.5 0 0
13060 0.044258 0 0 0.168627 0.5 0 0
13070 0.044258 0 0 0.172549 0.5 0 0
13080 0.0438369 0 0 0.180392 0.5 0 0
13090 0.0438369 0 0 0.180392 0.5 0 0
13100 0.0436797 0 0 0.176471 0.5 0 0
13110 0.0436797 0 0 0.184314 0.5 0 0
13120 0.043465 0 0 0.172549 0.5 0 0
13130 0.043465 0 0 0.160784 0.5 0 0
13140 0.0422088 0 0 0.152941 0.5 0 0
13150 0.0422088 0 0 0.156863 0.5 0 0
13160 0.0413627 0 0 0.152941 0.5 0 0
13170 0.0413627 0 0 0.156863 0.5 0 0
13180 0.0404631 0 0 0.156863 0.5 0 0
13190 0.0404631 0 0 0.156863 0.5 0 0
13200 0.0401088 0 0 0.156863 0.5 0 0
13210 0.0401088 0 0 0.152941 0.5 0 0
13220 0.0393595 0 0 0.14902 0.5 0 0
13230 0.0393595 0 0 0.14902 0.5 0 0
13240 0.0387213 0 0 0.14902 0.5 0 0
13250 0.0387213 0 0 0.152941 0.5 0 0
13260 0.0384474 0 0 0.14902 0.5 0 0
13270 0.0384474 0 0 0.152941 0.5 0 0
13280 0.0382189 0 0 0.152941 0.5 0 0
13290 0.0382189 0 0 0.14902 0.5 0 0
13300 0.0379128 0 0 0.14902 0.5 0 0
13310 0.0379128 0 0 0.14902 0.5 0 0
13320 0.0376324 0 0 0.14902 0.5 0 0
13330 0.0376324 0 0 0.14902 0.5 0 0
13340 0.0375656 0 0 0.14902 0.5 0 0
13350 0.0375656 0 0 0.14902 0.5 0 0
13360 0.0374923 0 0 0.14902 0.5 0 0
13370 0.0374923 0 0 0.152941 0.5 0 0
13380 0.0374923 0 0 0.14902 0.5 0 0
13390 0.0374923 0 0 0.14902 0.5 0 0
13400 0.0374923 0 0 0.14902 0.5 0 0
13410 0.0374923 0 0 0.14902 0.5 0 0
13420 0.0374923 0 0 0.14902 0.5 0 0
13430 0.0374923 0 0 0.14902 0.5 0 0
13440 0.0374413 0 0 0.14902 0.5 0 0
13450 0.0374413 0 0 0.14902 0.5 0 0
13460 0.0374355 0 0 0.14902 0.5 0 0
13470 0.0374355 0 0 0.14902 0.5 0 0
13480 0.0374355 0 0 0.14902 0.5 0 0
13490 0.0374355 0 0 0.14902 0.5 0 0
13500 0.0374355 0 0 0.14902 0.5 0 0
13510 0.0374355 0 0 0.14902 0.5 0 0
13520 0.0374355 0 0 0.14902 0.5 0 0
13530 0.0374355 0 0 0.14902 0.5 0 0
13540 0.0374129 0 0 0.14902 0.5 0 0
13550 0.0374129 0 0 0.14902 0.5 0 0
13560 0.0374129 0 0 0.14902 0.5 0 0
13570 0.0374129 0 0 0.14902 0.5 0 0
13580 0.0374943 0 0 0.152941 0.5 0 0
13590 0.0374943 0 0 0.152941 0.5 0 0
13600 0.0377861 0 0 0.14902 0.5 0 0
13610 0.0377861 0 0 0.14902 0.5 0 0
13620 0.0381914 0 0 0.152941 0.5 0 0
13630 0.0381914 0 0 0.156863 0.5 0 0
13640 0.0382525 0 0 0.156863 0.5 0 0
13650 0.0382525 0 0 0.156863 0.5 0 0
13660 0.0382517 0 0 0.156863 0.5 0 0
13670 0.0382517 0 0 0.160784 0.5 0 0
13680 0.0382497 0 0 0.152941 0.5 0 0
13690 0.0382497 0 0 0.156863 0.5 0 0
13700 0.0378856 0 0 0.152941 0.5 0 0
13710 0.0378856 0 0 0.14902 0.5 0 0
13720 0.0375318 0 0 0.14902 0.5 0 0
13730 0.0375318 0 0 0.14902 0.5 0 0
13740 0.0374464 0 0 0.14902 0.5 0 0
13750 0.0374464 0 0 0.160784 0.5 0 0
13760 0.0374428 0 0 0.172549 0.5 0 0
13770 0.0374428 0 0 0.168627 0.5 0 0
13780 0.0373371 0 0 0.168627 0.5 0 0
13790 0.0373371 0 0 0.164706 0.5 0 0
13800 0.037005 0 0 0.156863 0.5 0 0
13810 0.037005 0 0 0.145098 0.5 0 0
13820 0.0360898 0 0 0.141176 0.5 0 0
13830 0.0360898 0 0 0.133333 0.5 0 0
13840 0.0347885 0 0 0.129412 0.5 0 0
13850 0.0347885 0 0 0.129412 0.5 0 0
13860 0.0332749 0 0 0.133333 0.5 0 0
13870 0.0332749 0 0 0.129412 0.5 0 0
13880 0.0326691 0 0 0.121569 0.5 0 0
13890 0.0326691 0 0 0.12549 0.5 0 0
13900 0.0321939 0 0 0.12549 0.5 0 0
13910 0.0321939 0 0 0.12549 0.5 0 0
13920 0.0316334 0 0 0.12549 0.5 0 0
13930 0.0316334 0 0 0.12549 0.5 0 0
13940 0.0310938 0 0 0.12549 0.5 0 0
13950 0.0310938 0 0 0.12549 0.5 0 0
13960 0.0309881 0 0 0.12549 0.5 0 0
13970 0.0309881 0 0 0.12549 0.5 0 0
13980 0.03123 0 0 0.12549 0.5 0 0
13990 0.03123 0 0 0.121569 0.5 0 0
14000 0.0313211 0 0 0.121569 0.5 0 0
14010 0.0313211 0 0 0.12549 0.5 0 0
14020 0.0312855 0 0 0.12549 0.5 0 0
14030 0.0312855 0 0 0.12549 0.5 0 0
14040 0.0311286 0 0 0.12549 0.5 0 0
14050 0.0311286 0 0 0.121569 0.5 0 0
14060 0.030742 0 0 0.117647 0.5 0 0
14070 0.030742 0 0 0.117647 0.5 0 0
14080 0.0300098 0 0 0.117647 0.5 0 0
14090 0.0300098 0 0 0.121569 0.5 0 0
14100 0.0297296 0 0 0.113725 0.5 0 0
14110 0.0297296 0 0 0.117647 0.5 0 0
14120 0.0293901 0 0 0.121569 0.5 0 0
14130 0.0293901 0 0 0.12549 0.5 0 0
14140 0.0289626 0 0 0.12549 0.5 0 0
14150 0.0289626 0 0 0.117647 0.5 0 0
14160 0.0284185 0 0 0.113725 0.5 0 0
14170 0.0284185 0 0 0.105882 0.5 0 0
14180 0.027549 0 0 0.105882 0.5 0 0
14190 0.027549 0 0 0.109804 0.5 0 0
14200 0.0269072 0 0 0.105882 0.5 0 0
14210 0.0269072 0 0 0.105882 0.5 0 0
14220 0.0263208 0 0 0.105882 0.5 0 0
14230 0.0263208 0 0 0.109804 0.5 0 0
14240 0.0257455 0 0 0.105882 0.5 0 0
14250 0.0257455 0 0 0.105882 0.5 0 0
14260 0.02546 0 0 0.109804 0.5 0 0
14270 0.02546 0 0 0.109804 0.5 0 0
14280 0.0252718 0 0 0.109804 0.5 0 0
14290 0.0252718 0 0 0.105882 0.5 0 0
14300 0.0250343 0 0 0.109804 0.5 0 0
14310 0.0250343 0 0 0.109804 0.5 0 0
14320 0.0249224 0 0 0.105882 0.5 0 0
14330 0.0249224 0 0 0.109804 0.5 0 0
14340 0.0248284 0 0 0.109804 0.5 0 0
14350 0.0248284 0 0 0.105882 0.5 0 0
14360 0.0247747 0 0 0.109804 0.5 0 0
14370 0.0247747 0 0 0.109804 0.5 0 0
14380 0.0247278 0 0 0.109804 0.5 0 0
14390 0.0247278 0 0 0.109804 0.5 0 0
14400 0.0247278 0 0 0.109804 0.5 0 0
14410 0.0247278 0 0 0.109804 0.5 0 0
14420 0.0247278 0 0 0.109804 0.5 0 0
14430 0.0247278 0 0 0.109804 0.5 0 0
14440 0.0247233 0 0 0.109804 0.5 0 0
14450 0.0247233 0 0 0.109804 0.5 0 0
14460 0.024681 0 0 0.109804 0.5 0 0
14470 0.024681 0 0 0.109804 0.5 0 0
14480 0.0246708 0 0 0.109804 0.5 0 0
14490 0.0246708 0 0 0.109804 0.5 0 0
14500 0.0246657 0 0 0.105882 0.5 0 0
14510 0.0246657 0 0 0.109804 0.5 0 0
14520 0.0246754 0 0 0.105882 0.5 0 0
14530 0.0246754 0 0 0.101961 0.5 0 0
14540 0.0248513 0 0 0.101961 0.5 0 0
14550 0.0248513 0 0 0.105882 0.5 0 0
14560 0.0249131 0 0 0.109804 0.5 0 0
14570 0.0249131 0 0 0.109804 0.5 0 0
14580 0.024872 0 0 0.105882 0.5 0 0
14590 0.024872 0 0 0.109804 0.5 0 0
14600 0.0248668 0 0 0.109804 0.5 0 0
14610 0.0248668 0 0 0.109804 0.5 0 0
14620 0.0246042 0 0 0.105882 0.5 0 0
14630 0.0246042 0 0 0.0980392 0.5 0 0
14640 0.0239425 0 0 0.101961 0.5 0 0
14650 0.0239425 0 0 0.101961 0.5 0 0
14660 0.0234994 0 0 0.101961 0.5 0 0
14670 0.0234994 0 0 0.105882 0.5 0 0
14680 0.0233171 0 0 0.101961 0.5 0 0
14690 0.0233171 0 0 0.101961 0.5 0 0
14700 0.0230876 0 0 0.101961 0.5 0 0
14710 0.0230876 0 0 0.0980392 0.5 0 0
14720 0.0224569 0 0 0.101961 0.5 0 0
14730 0.0224569 0 0 0.101961 0.5 0 0
14740 0.0217432 0 0 0.101961 0.5 0 0
14750 0.0217432 0 0 0.0941176 0.5 0 0
14760 0.0212295 0 0 0.0941176 0.5 0 0
14770 0.0212295 0 0 0.0980392 0.5 0 0
14780 0.0209297 0 0 0.0980392 0.5 0 0
14790 0.0209297 0 0 0.0980392 0.5 0 0
14800 0.0207797 0 0 0.0980392 0.5 0 0
14810 0.0207797 0 0 0.0941176 0.5 0 0
14820 0.0204754 0 0 0.0901961 0.5 0 0
14830 0.0204754 0 0 0.0901961 0.5 0 0
14840 0.0199478 0 0 0.0901961 0.5 0 0
14850 0.0199478 0 0 0.0901961 0.5 0 0
14860 0.0196777 0 0 0.0901961 0.5 0 0
14870 0.0196777 0 0 0.0901961 0.5 0 0
14880 0.0193214 0 0 0.0941176 0.5 0 0
14890 0.0193214 0 0 0.0941176 0.5 0 0
14900 0.0192027 0 0 0.0901961 0.5 0 0
14910 0.0192027 0 0 0.0901961 0.5 0 0
14920 0.0189617 0 0 0.0941176 0.5 0 0
14930 0.0189617 0 0 0.0901961 0.5 0 0
14940 0.0185325 0 0 0.0941176 0.5 0 0
14950 0.0185325 0 0 0.0901961 0.5 0 0
14960 0.0181348 0 0 0.0941176 0.5 0 0
14970 0.0181348 0 0 0.0901961 0.5 0 0
14980 0.0178696 0 0 0.0941176 0.5 0 0
14990 0.0178696 0 0 0.0980392 0.5 0 0
15000 0.0178262 0 0 0.101961 0.5 0 0
15010 0.0178262 0 0 0.101961 0.5 0 0
15020 0.0176815 0 0 0.101961 0.5 0 0
15030 0.0176815 0 0 0.0980392 0.5 0 0
15040 0.0174593 0 0 0.0941176 0.5 0 0
15050 0.0174593 0 0 0.0901961 0.5 0 0
15060 0.0167933 0 0 0.0823529 0.5 0 0
15070 0.0167933 0 0 0.0862745 0.5 0 0
15080 0.0164248 0 0 0.0823529 0.5 0 0
15090 0.0164248 0 0 0.0862745 0.5 0 0
15100 0.0162777 0 0 0.0823529 0.5 0 0
15110 0.0162777 0 0 0.0823529 0.5 0 0
15120 0.0158058 0 0 0.0823529 0.5 0 0
15130 0.0158058 0 0 0.0823529 0.5 0 0
15140 0.0155017 0 0 0.0823529 0.5 0 0
15150 0.0155017 0 0 0.0823529 0.5 0 0
15160 0.0151487 0 0 0.0823529 0.5 0 0
15170 0.0151487 0 0 0.0823529 0.5 0 0
15180 0.0150356 0 0 0.0823529 0.5 0 0
15190 0.0150356 0 0 0.0823529 0.5 0 0
15200 0.0148765 0 0 0.0823529 0.5 0 0
15210 0.0148765 0 0 0.0823529 0.5 0 0
15220 0.0148742 0 0 0.0823529 0.5 0 0
15230 0.0148742 0 0 0.0823529 0.5 0 0
15240 0.0148572 0 0 0.0823529 0.5 0 0
15250 0.0148572 0 0 0.0823529 0.5 0 0
15260 0.0148418 0 0 0.0823529 0.5 0 0
15270 0.0148418 0 0 0.0823529 0.5 0 0
15280 0.0148409 0 0 0.0823529 0.5 0 0
15290 0.0148409 0 0 0.0823529 0.5 0 0
15300 0.0148317 0 0 0.0823529 0.5 0 0
15310 0.0148317 0 0 0.0823529 0.5 0 0
15320 0.0148289 0 0 0.0823529 0.5 0 0
15330 0.0148289 0 0 0.0823529 0.5 0 0
15340 0.0147991 0 0 0.0823529 0.5 0 0
15350 0.0147991 0 0 0.0823529 0.5 0 0
15360 0.0147425 0 0 0.0823529 0.5 0 0
15370 0.0147425 0 0 0.0823529 0.5 0 0
15380 0.0147352 0 0 0.0862745 0.5 0 0
15390 0.0147352 0 0 0.0862745 0.5 0 0
15400 0.0147011 0 0 0.0862745 0.5 0 0
15410 0.0147011 0 0 0.0862745 0.5 0 0
15420 0.0144567 0 0 0.0862745 0.5 0 0
15430 0.0144567 0 0 0.0823529 0.5 0 0
15440 0.0139952 0 0 0.0784314 0.5 0 0
15450 0.0139952 0 0 0.0784314 0.5 0 0
15460 0.0136132 0 0 0.0784314 0.5 0 0
15470 0.0136132 0 0 0.0823529 0.5 0 0
15480 0.0133564 0 0 0.0823529 0.5 0 0
15490 0.0133564 0 0 0.0823529 0.5 0 0
15500 0.0133489 0 0 0.0823529 0.5 0 0
15510 0.0133489 0 0 0.0784314 0.5 0 0
15520 0.0131936 0 0 0.0784314 0.5 0 0
15530 0.0131936 0 0 0.0784314 0.5 0 0
15540 0.0128587 0 0 0.0784314 0.5 0 0
15550 0.0128587 0 0 0.0745098 0.5 0 0
15560 0.0125649 0 0 0.0745098 0.5 0 0
15570 0.0125649 0 0 0.0745098 0.5 0 0
15580 0.0123644 0 0 0.0745098 0.5 0 0
15590 0.0123644 0 0 0.0745098 0.5 0 0
15600 0.0123629 0 0 0.0745098 0.5 0 0
15610 0.0123629 0 0 0.0745098 0.5 0 0
15620 0.0123855 0 0 0.0784314 0.5 0 0
15630 0.0123855 0 0 0.0784314 0.5 0 0
15640 0.0123724 0 0 0.0784314 0.5 0 0
15650 0.0123724 0 0 0.0823529 0.5 0 0
15660 0.0123764 0 0 0.0784314 0.5 0 0
15670 0.0123764 0 0 0.0823529 0.5 0 0
15680 0.0123212 0 0 0.0823529 0.5 0 0
15690 0.0123212 0 0 0.0823529 0.5 0 0
15700 0.0120505 0 0 0.0784314 0.5 0 0
15710 0.0120505 0 0 0.0784314 0.5 0 0
15720 0.0117274 0 0 0.0745098 0.5 0 0
15730 0.0117274 0 0 0.0745098 0.5 0 0
15740 0.0113897 0 0 0.0745098 0.5 0 0
15750 0.0113897 0 0 0.0784314 0.5 0 0
15760 0.011229 0 0 0.0784314 0.5 0 0
15770 0.011229 0 0 0.0745098 0.5 0 0
15780 0.0112097 0 0 0.0784314 0.5 0 0
15790 0.0112097 0 0 0.0745098 0.5 0 0
15800 0.0111104 0 0 0.0745098 0.5 0 0
15810 0.0111104 0 0 0.0705882 0.5 0 0
15820 0.010708 0 0 0.0666667 0.5 0 0
15830 0.010708 0 0 0.0705882 0.5 0 0
15840 0.0104516 0 0 0.0705882 0.5 0 0
15850 0.0104516 0 0 0.0705882 0.5 0 0
15860 0.0102899 0 0 0.0705882 0.5 0 0
15870 0.0102899 0 0 0.0705882 0.5 0 0
15880 0.0101331 0 0 0.0705882 0.5 0 0
15890 0.0101331 0 0 0.0666667 0.5 0 0
15900 0.00990938 0 0 0.0705882 0.5 0 0
15910 0.00990938 0 0 0.0705882 0.5 0 0
15920 0.00975203 0 0 0.0666667 0.5 0 0
15930 0.00975203 0 0 0.0666667 0.5 0 0
15940 0.00959734 0 0 0.0705882 0.5 0 0
15950 0.00959734 0 0 0.0705882 0.5 0 0
15960 0.00957273 0 0 0.0705882 0.5 0 0
15970 0.00957273 0 0 0.0705882 0.5 0 0
15980 0.0096145 0 0 0.0705882 0.5 0 0
15990 0.0096145 0 0 0.0705882 0.5 0 0
16000 0.0096243 0 0 0.0705882 0.5 0 0
16010 0.0096243 0 0 0.0705882 0.5 0 0
16020 0.00980565 0 0 0.0666667 0.5 0 0
16030 0.00980565 0 0 0.0705882 0.5 0 0
16040 0.0097639 0 0 0.0705882 0.5 0 0
16050 0.0097639 0 0 0.0705882 0.5 0 0
16060 0.00972993 0 0 0.0705882 0.5 0 0
16070 0.00972993 0 0 0.0745098 0.5 0 0
16080 0.00976868 0 0 0.0745098 0.5 0 0
16090 0.00976868 0 0 0.0745098 0.5 0 0
16100 0.0096858 0 0 0.0705882 0.5 0 0
16110 0.0096858 0 0 0.0705882 0.5 0 0
16120 0.0094443 0 0 0.0666667 0.5 0 0
16130 0.0094443 0 0 0.0705882 0.5 0 0
16140 0.00923049 0 0 0.0705882 0.5 0 0
16150 0.00923049 0 0 0.0705882 0.5 0 0
16160 0.00913734 0 0 0.0705882 0.5 0 0
16170 0.00913734 0 0 0.0705882 0.5 0 0
16180 0.00908565 0 0 0.0705882 0.5 0 0
16190 0.00908565 0 0 0.0666667 0.5 0 0
16200 0.00883262 0 0 0.0666667 0.5 0 0
16210 0.00883262 0 0 0.0627451 0.5 0 0
16220 0.00855168 0 0 0.0627451 0.5 0 0
16230 0.00855168 0 0 0.0627451 0.5 0 0
16240 0.00836259 0 0 0.0627451 0.5 0 0
16250 0.00836259 0 0 0.0627451 0.5 0 0
16260 0.00801271 0 0 0.0627451 0.5 0 0
16270 0.00801271 0 0 0.0627451 0.5 0 0
16280 0.00777918 0 0 0.0627451 0.5 0 0
16290 0.00777918 0 0 0.0627451 0.5 0 0
16300 0.0077987 0 0 0.0627451 0.5 0 0
16310 0.0077987 0 0 0.0666667 0.5 0 0
16320 0.00773738 0 0 0.0666667 0.5 0 0
16330 0.00773738 0 0 0.0666667 0.5 0 0
16340 0.00776591 0 0 0.0666667 0.5 0 0
16350 0.00776591 0 0 0.0705882 0.5 0 0
16360 0.00774662 0 0 0.0705882 0.5 0 0
16370 0.00774662 0 0 0.0705882 0.5 0 0
16380 0.00761254 0 0 0.0705882 0.5 0 0
16390 0.00761254 0 0 0.0705882 0.5 0 0
16400 0.00733143 0 0 0.0705882 0.5 0 0
16410 0.00733143 0 0 0.0705882 0.5 0 0
16420 0.00708997 0 0 0.0666667 0.5 0 0
16430 0.00708997 0 0 0.0627451 0.5 0 0
16440 0.00688906 0 0 0.0627451 0.5 0 0
16450 0.00688906 0 0 0.0588235 0.5 0 0
16460 0.00661091 0 0 0.0627451 0.5 0 0
16470 0.00661091 0 0 0.0627451 0.5 0 0
16480 0.00647193 0 0 0.0627451 0.5 0 0
16490 0.00647193 0 0 0.0627451 0.5 0 0
16500 0.00643114 0 0 0.0666667 0.5 0 0
16510 0.00643114 0 0 0.0666667 0.5 0 0
16520 0.00628608 0 0 0.0666667 0.5 0 0
16530 0.00628608 0 0 0.0666667 0.5 0 0
16540 0.0060721 0 0 0.0588235 0.5 0 0
16550 0.0060721 0 0 0.0588235 0.5 0 0
16560 0.00587741 0 0 0.0588235 0.5 0 0
16570 0.00587741 0 0 0.0588235 0.5 0 0
16580 0.00572236 0 0 0.0588235 0.5 0 0
16590 0.00572236 0 0 0.0588235 0.5 0 0
16600 0.00561422 0 0 0.0588235 0.5 0 0
16610 0.00561422 0 0 0.0588235 0.5 0 0
16620 0.00558748 0 0 0.0588235 0.5 0 0
16630 0.00558748 0 0 0.0588235 0.5 0 0
16640 0.00556906 0 0 0.0588235 0.5 0 0
16650 0.00556906 0 0 0.0588235 0.5 0 0
16660 0.00552993 0 0 0.0588235 0.5 0 0
16670 0.00552993 0 0 0.0588235 0.5 0 0
16680 0.00551176 0 0 0.054902 0.5 0 0
16690 0.00551176 0 0 0.054902 0.5 0 0
16700 0.00544636 0 0 0.054902 0.5 0 0
16710 0.00544636 0 0 0.054902 0.5 0 0
16720 0.00537204 0 0 0.054902 0.5 0 0
16730 0.00537204 0 0 0.0588235 0.5 0 0
16740 0.00541801 0 0 0.0588235 0.5 0 0
16750 0.00541801 0 0 0.0666667 0.5 0 0
16760 0.0053636 0 0 0.0666667 0.5 0 0
16770 0.0053636 0 0 0.0705882 0.5 0 0
16780 0.00532738 0 0 0.0705882 0.5 0 0
16790 0.00532738 0 0 0.0705882 0.5 0 0
16800 0.00527037 0 0 0.0666667 0.5 0 0
16810 0.00527037 0 0 0.0666667 0.5 0 0
16820 0.00519107 0 0 0.0627451 0.5 0 0
16830 0.00519107 0 0 0.054902 0.5 0 0
16840 0.00512027 0 0 0.054902 0.5 0 0
16850 0.00512027 0 0 0.054902 0.5 0 0
16860 0.00513633 0 0 0.054902 0.5 0 0
16870 0.00513633 0 0 0.054902 0.5 0 0
16880 0.00496522 0 0 0.054902 0.5 0 0
16890 0.00496522 0 0 0.054902 0.5 0 0
16900 0.00485763 0 0 0.054902 0.5 0 0
16910 0.00485763 0 0 0.054902 0.5 0 0
16920 0.00480095 0 0 0.054902 0.5 0 0
16930 0.00480095 0 0 0.054902 0.5 0 0
16940 0.00480174 0 0 0.054902 0.5 0 0
16950 0.00480174 0 0 0.054902 0.5 0 0
16960 0.0048586 0 0 0.054902 0.5 0 0
16970 0.0048586 0 0 0.054902 0.5 0 0
16980 0.00490689 0 0 0.054902 0.5 0 0
16990 0.00490689 0 0 0.054902 0.5 0 0
17000 0.00497294 0 0 0.0588235 0.5 0 0
17010 0.00497294 0 0 0.0588235 0.5 0 0
17020 0.00501989 0 0 0.0588235 0.5 0 0
17030 0.00501989 0 0 0.0627451 0.5 0 0
17040 0.00500327 0 0 0.0627451 0.5 0 0
17050 0.00500327 0 0 0.0588235 0.5 0 0
17060 0.00491325 0 0 0.0588235 0.5 0 0
17070 0.00491325 0 0 0.0588235 0.5 0 0
17080 0.00475711 0 0 0.0588235 0.5 0 0
17090 0.00475711 0 0 0.054902 0.5 0 0
17100 0.00450531 0 0 0.054902 0.5 0 0
17110 0.00450531 0 0 0.0588235 0.5 0 0
17120 0.00438984 0 0 0.0588235 0.5 0 0
17130 0.00438984 0 0 0.0588235 0.5 0 0
17140 0.00438703 0 0 0.0588235 0.5 0 0
17150 0.00438703 0 0 0.0588235 0.5 0 0
17160 0.00435553 0 0 0.0588235 0.5 0 0
17170 0.00435553 0 0 0.054902 0.5 0 0
17180 0.00427698 0 0 0.0509804 0.5 0 0
17190 0.00427698 0 0 0.0588235 0.5 0 0
17200 0.00431616 0 0 0.0588235 0.5 0 0
17210 0.00431616 0 0 0.0627451 0.5 0 0
17220 0.00434831 0 0 0.0627451 0.5 0 0
17230 0.00434831 0 0 0.0627451 0.5 0 0
17240 0.00434831 0 0 0.0627451 0.5 0 0
17250 0.00434831 0 0 0.0627451 0.5 0 0
17260 0.00429371 0 0 0.054902 0.5 0 0
17270 0.00429371 0 0 0.0509804 0.5 0 0
17280 0.0042536 0 0 0.0509804 0.5 0 0
17290 0.0042536 0 0 0.0509804 0.5 0 0
17300 0.00426353 0 0 0.054902 0.5 0 0
17310 0.00426353 0 0 0.054902 0.5 0 0
17320 0.00430311 0 0 0.054902 0.5 0 0
17330 0.00430311 0 0 0.054902 0.5 0 0
17340 0.00439331 0 0 0.0588235 0.5 0 0
17350 0.00439331 0 0 0.0627451 0.5 0 0
17360 0.00441647 0 0 0.0588235 0.5 0 0
17370 0.00441647 0 0 0.0627451 0.5 0 0
17380 0.00441413 0 0 0.0627451 0.5 0 0
17390 0.00441413 0 0 0.0666667 0.5 0 0
17400 0.00440878 0 0 0.0666667 0.5 0 0
17410 0.00440878 0 0 0.0666667 0.5 0 0
17420 0.00439482 0 0 0.0666667 0.5 0 0
17430 0.00439482 0 0 0.0627451 0.5 0 0
17440 0.00433931 0 0 0.054902 0.5 0 0
17450 0.00433931 0 0 0.0509804 0.5 0 0
17460 0.00426059 0 0 0.054902 0.5 0 0
17470 0.00426059 0 0 0.054902 0.5 0 0
17480 0.00423749 0 0 0.054902 0.5 0 0
17490 0.00423749 0 0 0.054902 0.5 0 0
17500 0.00421797 0 0 0.0509804 0.5 0 0
17510 0.00421797 0 0 0.0509804 0.5 0 0
17520 0.00441591 0 0 0.054902 0.5 0 0
17530 0.00441591 0 0 0.054902 0.5 0 0
17540 0.00462301 0 0 0.0588235 0.5 0 0
17550 0.00462301 0 0 0.0588235 0.5 0 0
17560 0.00467751 0 0 0.0588235 0.5 0 0
17570 0.00467751 0 0 0.0588235 0.5 0 0
17580 0.00467749 0 0 0.0588235 0.5 0 0
17590 0.00467749 0 0 0.054902 0.5 0 0
17600 0.00469983 0 0 0.054902 0.5 0 0
17610 0.00469983 0 0 0.054902 0.5 0 0
17620 0.00479002 0 0 0.054902 0.5 0 0
17630 0.00479002 0 0 0.054902 0.5 0 0
17640 0.00486142 0 0 0.054902 0.5 0 0
17650 0.00486142 0 0 0.054902 0.5 0 0
17660 0.00485003 0 0 0.054902 0.5 0 0
17670 0.00485003 0 0 0.054902 0.5 0 0
17680 0.00483312 0 0 0.0588235 0.5 0 0
17690 0.00483312 0 0 0.0588235 0.5 0 0
17700 0.00477585 0 0 0.0588235 0.5 0 0
17710 0.00477585 0 0 0.0588235 0.5 0 0
17720 0.00467954 0 0 0.0588235 0.5 0 0
17730 0.00467954 0 0 0.0588235 0.5 0 0
17740 0.00451616 0 0 0.054902 0.5 0 0
17750 0.00451616 0 0 0.054902 0.5 0 0
17760 0.00443201 0 0 0.054902 0.5 0 0
17770 0.00443201 0 0 0.054902 0.5 0 0
17780 0.00429502 0 0 0.054902 0.5 0 0
17790 0.00429502 0 0 0.0588235 0.5 0 0
17800 0.00431751 0 0 0.0627451 0.5 0 0
17810 0.00431751 0 0 0.0627451 0.5 0 0
17820 0.00432837 0 0 0.0666667 0.5 0 0
17830 0.00432837 0 0 0.0666667 0.5 0 0
17840 0.00430536 0 0 0.0666667 0.5 0 0
17850 0.00430536 0 0 0.0666667 0.5 0 0
17860 0.0042128 0 0 0.0666667 0.5 0 0
17870 0.0042128 0 0 0.0666667 0.5 0 0
17880 0.00422869 0 0 0.0705882 0.5 0 0
17890 0.00422869 0 0 0.0705882 0.5 0 0
17900 0.00420378 0 0 0.0705882 0.5 0 0
17910 0.00420378 0 0 0.0666667 0.5 0 0
17920 0.00412007 0 0 0.0627451 0.5 0 0
17930 0.00412007 0 0 0.0627451 0.5 0 0
17940 0.00418469 0 0 0.0588235 0.5 0 0
17950 0.00418469 0 0 0.0627451 0.5 0 0
17960 0.00424359 0 0 0.0627451 0.5 0 0
17970 0.00424359 0 0 0.0627451 0.5 0 0
17980 0.00428674 0 0 0.0666667 0.5 0 0
17990 0.00428674 0 0 0.0705882 0.5 0 0
18000 0.00436689 0 0 0.0705882 0.5 0 0
18010 0.00436689 0 0 0.0705882 0.5 0 0
18020 0.0043615 0 0 0.0705882 0.5 0 0
18030 0.0043615 0 0 0.0666667 0.5 0 0
18040 0.0043061 0 0 0.0627451 0.5 0 0
18050 0.0043061 0 0 0.0588235 0.5 0 0
18060 0.00429122 0 0 0.0627451 0.5 0 0
18070 0.00429122 0 0 0.0666667 0.5 0 0
18080 0.00425338 0 0 0.0666667 0.5 0 0
18090 0.00425338 0 0 0.0705882 0.5 0 0
18100 0.00423705 0 0 0.0705882 0.5 0 0
18110 0.00423705 0 0 0.0705882 0.5 0 0
18120 0.00418299 0 0 0.0705882 0.5 0 0
18130 0.00418299 0 0 0.0705882 0.5 0 0
18140 0.00414541 0 0 0.0666667 0.5 0 0
18150 0.00414541 0 0 0.0588235 0.5 0 0
18160 0.0040975 0 0 0.054902 0.5 0 0
18170 0.0040975 0 0 0.0509804 0.5 0 0
18180 0.00414542 0 0 0.0509804 0.5 0 0
18190 0.00414542 0 0 0.0509804 0.5 0 0
18200 0.00423827 0 0 0.0509804 0.5 0 0
18210 0.00423827 0 0 0.054902 0.5 0 0
18220 0.00424318 0 0 0.054902 0.5 0 0
18230 0.00424318 0 0 0.054902 0.5 0 0
18240 0.00435031 0 0 0.0509804 0.5 0 0
18250 0.00435031 0 0 0.0509804 0.5 0 0
18260 0.00439638 0 0 0.0509804 0.5 0 0
18270 0.00439638 0 0 0.0509804 0.5 0 0
18280 0.00464443 0 0 0.0509804 0.5 0 0
18290 0.00464443 0 0 0.054902 0.5 0 0
18300 0.00484679 0 0 0.054902 0.5 0 0
18310 0.00484679 0 0 0.054902 0.5 0 0
18320 0.00485659 0 0 0.0588235 0.5 0 0
18330 0.00485659 0 0 0.054902 0.5 0 0
18340 0.00484155 0 0 0.0588235 0.5 0 0
18350 0.00484155 0 0 0.0588235 0.5 0 0
18360 0.00480927 0 0 0.0588235 0.5 0 0
18370 0.00480927 0 0 0.0588235 0.5 0 0
18380 0.00473748 0 0 0.0588235 0.5 0 0
18390 0.00473748 0 0 0.0588235 0.5 0 0
18400 0.00463921 0 0 0.0588235 0.5 0 0
18410 0.00463921 0 0 0.0588235 0.5 0 0
18420 0.0044859 0 0 0.054902 0.5 0 0
18430 0.0044859 0 0 0.054902 0.5 0 0
18440 0.00434245 0 0 0.054902 0.5 0 0
18450 0.00434245 0 0 0.0509804 0.5 0 0
18460 0.00417252 0 0 0.0509804 0.5 0 0
18470 0.00417252 0 0 0.0470588 0.5 0 0
18480 0.0041805 0 0 0.0509804 0.5 0 0
18490 0.0041805 0 0 0.054902 0.5 0 0
18500 0.00422451 0 0 0.054902 0.5 0 0
18510 0.00422451 0 0 0.054902 0.5 0 0
18520 0.00410424 0 0 0.054902 0.5 0 0
18530 0.00410424 0 0 0.0509804 0.5 0 0
18540 0.00409051 0 0 0.0509804 0.5 0 0
18550 0.00409051 0 0 0.0509804 0.5 0 0
18560 0.00411659 0 0 0.054902 0.5 0 0
18570 0.00411659 0 0 0.054902 0.5 0 0
18580 0.00405957 0 0 0.054902 0.5 0 0
18590 0.00405957 0 0 0.0588235 0.5 0 0
18600 0.00406796 0 0 0.0588235 0.5 0 0
18610 0.00406796 0 0 0.0588235 0.5 0 0
18620 0.00406646 0 0 0.0588235 0.5 0 0
18630 0.00406646 0 0 0.054902 0.5 0 0
18640 0.00405616 0 0 0.054902 0.5 0 0
18650 0.00405616 0 0 0.0588235 0.5 0 0
18660 0.00401487 0 0 0.054902 0.5 0 0
18670 0.00401487 0 0 0.0588235 0.5 0 0
18680 0.00401735 0 0 0.0588235 0.5 0 0
18690 0.00401735 0 0 0.0627451 0.5 0 0
18700 0.00403242 0 0 0.0627451 0.5 0 0
18710 0.00403242 0 0 0.0627451 0.5 0 0
18720 0.00403242 0 0 0.0627451 0.5 0 0
18730 0.00403242 0 0 0.0627451 0.5 0 0
18740 0.00398873 0 0 0.0627451 0.5 0 0
18750 0.00398873 0 0 0.0588235 0.5 0 0
18760 0.0040648 0 0 0.054902 0.5 0 0
18770 0.0040648 0 0 0.0509804 0.5 0 0
18780 0.00422447 0 0 0.0509804 0.5 0 0
18790 0.00422447 0 0 0.0509804 0.5 0 0
18800 0.00449165 0 0 0.054902 0.5 0 0
18810 0.00449165 0 0 0.054902 0.5 0 0
18820 0.00471206 0 0 0.0588235 0.5 0 0
18830 0.00471206 0 0 0.054902 0.5 0 0
18840 0.00487068 0 0 0.0588235 0.5 0 0
18850 0.00487068 0 0 0.0588235 0.5 0 0
18860 0.00497572 0 0 0.0627451 0.5 0 0
18870 0.00497572 0 0 0.0588235 0.5 0 0
18880 0.00504518 0 0 0.0588235 0.5 0 0
18890 0.00504518 0 0 0.054902 0.5 0 0
18900 0.00513174 0 0 0.054902 0.5 0 0
18910 0.00513174 0 0 0.054902 0.5 0 0
18920 0.0050975 0 0 0.054902 0.5 0 0
18930 0.0050975 0 0 0.054902 0.5 0 0
18940 0.00509251 0 0 0.0588235 0.5 0 0
18950 0.00509251 0 0 0.0588235 0.5 0 0
18960 0.00514219 0 0 0.0588235 0.5 0 0
18970 0.00514219 0 0 0.0588235 0.5 0 0
18980 0.00514225 0 0 0.0588235 0.5 0 0
18990 0.00514225 0 0 0.0588235 0.5 0 0
19000 0.00514225 0 0 0.0588235 0.5 0 0
19010 0.00514225 0 0 0.0588235 0.5 0 0
19020 0.0049702 0 0 0.054902 0.5 0 0
19030 0.0049702 0 0 0.054902 0.5 0 0
19040 0.00482173 0 0 0.054902 0.5 0 0
19050 0.00482173 0 0 0.054902 0.5 0 0
19060 0.00479342 0 0 0.0588235 0.5 0 0
19070 0.00479342 0 0 0.0588235 0.5 0 0
19080 0.00478849 0 0 0.054902 0.5 0 0
19090 0.00478849 0 0 0.054902 0.5 0 0
19100 0.00472638 0 0 0.054902 0.5 0 0
19110 0.00472638 0 0 0.0588235 0.5 0 0
19120 0.0046125 0 0 0.0588235 0.5 0 0
19130 0.0046125 0 0 0.0588235 0.5 0 0
19140 0.00454303 0 0 0.054902 0.5 0 0
19150 0.00454303 0 0 0.054902 0.5 0 0
19160 0.00448999 0 0 0.0509804 0.5 0 0
19170 0.00448999 0 0 0.054902 0.5 0 0
19180 0.00443186 0 0 0.0588235 0.5 0 0
19190 0.00443186 0 0 0.0588235 0.5 0 0
19200 0.00433716 0 0 0.054902 0.5 0 0
19210 0.00433716 0 0 0.054902 0.5 0 0
19220 0.00439501 0 0 0.054902 0.5 0 0
19230 0.00439501 0 0 0.0588235 0.5 0 0
19240 0.00440902 0 0 0.0627451 0.5 0 0
19250 0.00440902 0 0 0.0588235 0.5 0 0
19260 0.00440015 0 0 0.0588235 0.5 0 0
19270 0.00440015 0 0 0.0627451 0.5 0 0
19280 0.00440331 0 0 0.0588235 0.5 0 0
19290 0.00440331 0 0 0.0588235 0.5 0 0
19300 0.00439652 0 0 0.054902 0.5 0 0
19310 0.00439652 0 0 0.054902 0.5 0 0
19320 0.00436831 0 0 0.054902 0.5 0 0
19330 0.00436831 0 0 0.054902 0.5 0 0
19340 0.00432396 0 0 0.054902 0.5 0 0
19350 0.00432396 0 0 0.0588235 0.5 0 0
19360 0.00424998 0 0 0.054902 0.5 0 0
19370 0.00424998 0 0 0.0588235 0.5 0 0
19380 0.00423009 0 0 0.0588235 0.5 0 0
19390 0.00423009 0 0 0.0588235 0.5 0 0
19400 0.0042068 0 0 0.0509804 0.5 0 0
19410 0.0042068 0 0 0.0509804 0.5 0 0
19420 0.00433997 0 0 0.0509804 0.5 0 0
19430 0.00433997 0 0 0.0509804 0.5 0 0
19440 0.00449311 0 0 0.0509804 0.5 0 0
19450 0.00449311 0 0 0.0509804 0.5 0 0
19460 0.00476326 0 0 0.054902 0.5 0 0
19470 0.00476326 0 0 0.0588235 0.5 0 0
19480 0.00493185 0 0 0.0588235 0.5 0 0
19490 0.00493185 0 0 0.0588235 0.5 0 0
19500 0.00501606 0 0 0.054902 0.5 0 0
19510 0.00501606 0 0 0.054902 0.5 0 0
19520 0.00505663 0 0 0.054902 0.5 0 0
19530 0.00505663 0 0 0.054902 0.5 0 0
19540 0.00521612 0 0 0.0588235 0.5 0 0
19550 0.00521612 0 0 0.0588235 0.5 0 0
19560 0.00522092 0 0 0.0588235 0.5 0 0
19570 0.00522092 0 0 0.0588235 0.5 0 0
19580 0.00522092 0 0 0.0588235 0.5 0 0
19590 0.00522092 0 0 0.0588235 0.5 0 0
19600 0.00520938 0 0 0.0588235 0.5 0 0
19610 0.00520938 0 0 0.054902 0.5 0 0
19620 0.00515893 0 0 0.054902 0.5 0 0
19630 0.00515893 0 0 0.054902 0.5 0 0
19640 0.00509687 0 0 0.054902 0.5 0 0
19650 0.00509687 0 0 0.054902 0.5 0 0
19660 0.00495681 0 0 0.054902 0.5 0 0
19670 0.00495681 0 0 0.054902 0.5 0 0
19680 0.0047289 0 0 0.054902 0.5 0 0
19690 0.0047289 0 0 0.0588235 0.5 0 0
19700 0.00469074 0 0 0.0588235 0.5 0 0
19710 0.00469074 0 0 0.0588235 0.5 0 0
19720 0.00468527 0 0 0.0588235 0.5 0 0
19730 0.00468527 0 0 0.0588235 0.5 0 0
19740 0.00467878 0 0 0.0627451 0.5 0 0
19750 0.00467878 0 0 0.0588235 0.5 0 0
19760 0.00457829 0 0 0.0588235 0.5 0 0
19770 0.00457829 0 0 0.054902 0.5 0 0
19780 0.00451816 0 0 0.054902 0.5 0 0
19790 0.00451816 0 0 0.054902 0.5 0 0
19800 0.00448647 0 0 0.054902 0.5 0 0
19810 0.00448647 0 0 0.054902 0.5 0 0
19820 0.00444024 0 0 0.054902 0.5 0 0
19830 0.00444024 0 0 0.0509804 0.5 0 0
19840 0.00442121 0 0 0.0509804 0.5 0 0
19850 0.00442121 0 0 0.0509804 0.5 0 0
19860 0.00437184 0 0 0.0509804 0.5 0 0
19870 0.00437184 0 0 0.054902 0.5 0 0
19880 0.00428295 0 0 0.054902 0.5 0 0
19890 0.00428295 0 0 0.0509804 0.5 0 0
19900 0.0043093 0 0 0.054902 0.5 0 0
19910 0.0043093 0 0 0.0588235 0.5 0 0
19920 0.00428013 0 0 0.0588235 0.5 0 0
19930 0.00428013 0 0 0.0588235 0.5 0 0
19940 0.00427292 0 0 0.0588235 0.5 0 0
19950 0.00427292 0 0 0.0627451 0.5 0 0
19960 0.00423639 0 0 0.0588235 0.5 0 0
19970 0.00423639 0 0 0.0588235 0.5 0 0
19980 0.00414273 0 0 0.0588235 0.5 0 0
19990 0.00414273 0 0 0.0588235 0.5 0 0
20000 0.00417002 0 0 0.0588235 0.5 0 0
20010 0.00417002 0 0 0.054902 0.5 0 0
