0 0.109953 0 0 0.5 0.5 0 0
10 0.109953 0 0 0.796078 0.5 0 0
20 0.111567 0 0 0.807843 0.5 0 0
30 0.111567 0 0 0.721569 0.5 0 0
40 0.112021 0 0 0.721569 0.5 0 0
50 0.112021 0 0 0.792157 0.5 0 0
60 0.112662 0 0 0.796078 0.5 0 0
70 0.112662 0 0 0.792157 0.5 0 0
80 0.113463 0 0 0.807843 0.5 0 0
90 0.113463 0 0 0.698039 0.5 0 0
100 0.1141 0 0 0.752941 0.5 0 0
110 0.1141 0 0 0.705882 0.5 0 0
120 0.113437 0 0 0.690196 0.5 0 0
130 0.113437 0 0 0.721569 0.5 0 0
140 0.112999 0 0 0.807843 0.5 0 0
150 0.112999 0 0 0.752941 0.5 0 0
160 0.113484 0 0 0.65098 0.5 0 0
170 0.113484 0 0 0.686275 0.5 0 0
180 0.113604 0 0 0.72549 0.5 0 0
190 0.113604 0 0 0.635294 0.5 0 0
200 0.113389 0 0 0.717647 0.5 0 0
210 0.113389 0 0 0.67451 0.5 0 0
220 0.113071 0 0 0.752941 0.5 0 0
230 0.113071 0 0 0.662745 0.5 0 0
240 0.113299 0 0 0.662745 0.5 0 0
250 0.113299 0 0 0.662745 0.5 0 0
260 0.1133 0 0 0.721569 0.5 0 0
270 0.1133 0 0 0.635294 0.5 0 0
280 0.113074 0 0 0.662745 0.5 0 0
290 0.113074 0 0 0.647059 0.5 0 0
300 0.112741 0.25 0.25 0.721569 0.5 0 0
310 0.112741 0.25 0.25 0.666667 0.5 0 0
320 0.112714 0.25 0.5 0.682353 0.5 0 0
330 0.112714 0.25 0.5 0.690196 0.5 0 0
340 0.112714 0.25 0.75 0.792157 0.5 0 0
350 0.112714 0.25 0.75 0.686275 0.5 0 0
360 0.112714 0.25 1 0.662745 0.5 0 0
370 0.112714 0.25 1 0.65098 0.5 0 0
380 0.112714 0.25 1.25 0.686275 0.5 0 0
390 0.112714 0.25 1.25 0.65098 0.5 0 0
400 0.112714 0 1.25 0.666667 0.5 0 0
410 0.112714 0 1.25 0.792157 0.5 0 0
420 0.112714 0 1.25 0.662745 0.5 0 0
430 0.112714 0 1.25 0.65098 0.5 0 0
440 0.112662 0 1.25 0.792157 0.5 0 0
450 0.112662 0 1.25 0.721569 0.5 0 0
460 0.112717 0 1.25 0.666667 0.5 0 0
470 0.112717 0 1.25 0.592157 0.5 0 0
480 0.113059 0 1.25 0.568627 0.5 0 0
490 0.113059 0 1.25 0.545098 0.5 0 0
500 0.113621 0 1.25 0.52549 0.5 0 0
510 0.113621 0 1.25 0.521569 0.5 0 0
520 0.114218 0 1.25 0.521569 0.5 0 0
530 0.114218 0 1.25 0.521569 0.5 0 0
540 0.114356 0 1.25 0.52549 0.5 0 0
550 0.114356 0 1.25 0.52549 0.5 0 0
560 0.114356 0 1.25 0.52549 0.5 0 0
570 0.114356 0 1.25 0.521569 0.5 0 0
580 0.114353 0 1.25 0.52549 0.5 0 0
590 0.114353 0 1.25 0.521569 0.5 0 0
600 0.114349 0 1.25 0.52549 0.5 0 0
610 0.114349 0 1.25 0.52549 0.5 0 0
620 0.114349 0 1.25 0.521569 0.5 0 0
630 0.114349 0 1.25 0.529412 0.5 0 0
640 0.114363 0 1.25 0.52549 0.5 0 0
650 0.114363 0 1.25 0.521569 0.5 0 0
660 0.114634 0 1.25 0.517647 0.5 0 0
670 0.114634 0 1.25 0.521569 0.5 0 0
680 0.114616 0 1.25 0.52549 0.5 0 0
690 0.114616 0 1.25 0.513725 0.5 0 0
700 0.114599 0 1.25 0.501961 0.5 0 0
710 0.114599 0 1.25 0.501961 0.5 0 0
720 0.114912 0 1.25 0.498039 0.5 0 0
730 0.114912 0 1.25 0.505882 0.5 0 0
740 0.114739 0 1.25 0.498039 0.5 0 0
750 0.114739 0 1.25 0.501961 0.5 0 0
760 0.114632 0 1.25 0.490196 0.5 0 0
770 0.114632 0 1.25 0.490196 0.5 0 0
780 0.114612 0 1.25 0.494118 0.5 0 0
790 0.114612 0 1.25 0.494118 0.5 0 0
800 0.114374 0 1.25 0.494118 0.5 0 0
810 0.114374 0 1.25 0.494118 0.5 0 0
820 0.114299 0 1.25 0.490196 0.5 0 0
830 0.114299 0 1.25 0.490196 0.5 0 0
840 0.11395 0 1.25 0.490196 0.5 0 0
850 0.11395 0 1.25 0.490196 0.5 0 0
860 0.11372 0 1.25 0.490196 0.5 0 0
870 0.11372 0 1.25 0.494118 0.5 0 0
880 0.114186 0 1.25 0.494118 0.5 0 0
890 0.114186 0 1.25 0.490196 0.5 0 0
900 0.114431 0 1.25 0.490196 0.5 0 0
910 0.114431 0 1.25 0.482353 0.5 0 0
920 0.114404 0 1.25 0.482353 0.5 0 0
930 0.114404 0 1.25 0.482353 0.5 0 0
940 0.114362 0 1.25 0.482353 0.5 0 0
950 0.114362 0 1.25 0.478431 0.5 0 0
960 0.114363 0 1.25 0.482353 0.5 0 0
970 0.114363 0 1.25 0.482353 0.5 0 0
980 0.114363 0 1.25 0.482353 0.5 0 0
990 0.114363 0 1.25 0.478431 0.5 0 0
1000 0.114453 0 1.25 0.470588 0.5 0 0
1010 0.114453 0 1.25 0.462745 0.5 0 0
1020 0.114155 0 1.25 0.462745 0.5 0 0
1030 0.114155 0 1.25 0.462745 0.5 0 0
1040 0.114018 0 1.25 0.462745 0.5 0 0
1050 0.114018 0 1.25 0.462745 0.5 0 0
1060 0.114227 0 1.25 0.462745 0.5 0 0
1070 0.114227 0 1.25 0.458824 0.5 0 0
1080 0.114053 0 1.25 0.458824 0.5 0 0
1090 0.114053 0 1.25 0.458824 0.5 0 0
1100 0.113898 0 1.25 0.462745 0.5 0 0
1110 0.113898 0 1.25 0.458824 0.5 0 0
1120 0.11394 0 1.25 0.458824 0.5 0 0
1130 0.11394 0 1.25 0.454902 0.5 0 0
1140 0.113819 0 1.25 0.454902 0.5 0 0
1150 0.113819 0 1.25 0.458824 0.5 0 0
1160 0.113407 0 1.25 0.454902 0.5 0 0
1170 0.113407 0 1.25 0.454902 0.5 0 0
1180 0.113188 0 1.25 0.454902 0.5 0 0
1190 0.113188 0 1.25 0.454902 0.5 0 0
1200 0.11293 0 1.25 0.458824 0.5 0 0
1210 0.11293 0 1.25 0.454902 0.5 0 0
1220 0.112721 0 1.25 0.454902 0.5 0 0
1230 0.112721 0 1.25 0.458824 0.5 0 0
1240 0.112655 0 1.25 0.458824 0.5 0 0
1250 0.112655 0 1.25 0.458824 0.5 0 0
1260 0.112138 0 1.25 0.454902 0.5 0 0
1270 0.112138 0 1.25 0.458824 0.5 0 0
1280 0.112084 0 1.25 0.458824 0.5 0 0
1290 0.112084 0 1.25 0.458824 0.5 0 0
1300 0.112084 0 1.25 0.458824 0.5 0 0
1310 0.112084 0 1.25 0.454902 0.5 0 0
1320 0.112084 0 1.25 0.458824 0.5 0 0
1330 0.112084 0 1.25 0.458824 0.5 0 0
1340 0.112084 0 1.25 0.458824 0.5 0 0
1350 0.112084 0 1.25 0.458824 0.5 0 0
1360 0.112086 0 1.25 0.458824 0.5 0 0
1370 0.112086 0 1.25 0.454902 0.5 0 0
1380 0.112352 0 1.25 0.45098 0.5 0 0
1390 0.112352 0 1.25 0.45098 0.5 0 0
1400 0.112607 0 1.25 0.447059 0.5 0 0
1410 0.112607 0 1.25 0.439216 0.5 0 0
1420 0.112658 0 1.25 0.439216 0.5 0 0
1430 0.112658 0 1.25 0.439216 0.5 0 0
1440 0.112658 0 1.25 0.439216 0.5 0 0
1450 0.112658 0 1.25 0.439216 0.5 0 0
1460 0.112881 0 1.25 0.439216 0.5 0 0
1470 0.112881 0 1.25 0.435294 0.5 0 0
1480 0.11304 0 1.25 0.435294 0.5 0 0
1490 0.11304 0 1.25 0.435294 0.5 0 0
1500 0.113051 0 1.25 0.435294 0.5 0 0
1510 0.113051 0 1.25 0.435294 0.5 0 0
1520 0.11319 0 1.25 0.435294 0.5 0 0
1530 0.11319 0 1.25 0.435294 0.5 0 0
1540 0.11329 0 1.25 0.431373 0.5 0 0
1550 0.11329 0 1.25 0.431373 0.5 0 0
1560 0.113084 0 1.25 0.435294 0.5 0 0
1570 0.113084 0 1.25 0.431373 0.5 0 0
1580 0.112882 0 1.25 0.431373 0.5 0 0
1590 0.112882 0 1.25 0.435294 0.5 0 0
1600 0.112678 0 1.25 0.435294 0.5 0 0
1610 0.112678 0 1.25 0.435294 0.5 0 0
1620 0.11257 0 1.25 0.431373 0.5 0 0
1630 0.11257 0 1.25 0.427451 0.5 0 0
1640 0.11203 0 1.25 0.427451 0.5 0 0
1650 0.11203 0 1.25 0.427451 0.5 0 0
1660 0.111333 0 1.25 0.427451 0.5 0 0
1670 0.111333 0 1.25 0.427451 0.5 0 0
1680 0.11086 0 1.25 0.427451 0.5 0 0
1690 0.11086 0 1.25 0.427451 0.5 0 0
1700 0.110341 0 1.25 0.427451 0.5 0 0
1710 0.110341 0 1.25 0.423529 0.5 0 0
1720 0.110118 0 1.25 0.423529 0.5 0 0
1730 0.110118 0 1.25 0.427451 0.5 0 0
1740 0.11001 0 1.25 0.427451 0.5 0 0
1750 0.11001 0 1.25 0.427451 0.5 0 0
1760 0.109983 0 1.25 0.427451 0.5 0 0
1770 0.109983 0 1.25 0.423529 0.5 0 0
1780 0.109983 0 1.25 0.427451 0.5 0 0
1790 0.109983 0 1.25 0.427451 0.5 0 0
1800 0.109983 0 1.25 0.423529 0.5 0 0
1810 0.109983 0 1.25 0.427451 0.5 0 0
1820 0.109983 0 1.25 0.427451 0.5 0 0
1830 0.109983 0 1.25 0.427451 0.5 0 0
1840 0.109983 0 1.25 0.427451 0.5 0 0
1850 0.109983 0 1.25 0.423529 0.5 0 0
1860 0.110318 0 1.25 0.423529 0.5 0 0
1870 0.110318 0 1.25 0.423529 0.5 0 0
1880 0.110765 0 1.25 0.423529 0.5 0 0
1890 0.110765 0 1.25 0.419608 0.5 0 0
1900 0.111141 0 1.25 0.419608 0.5 0 0
1910 0.111141 0 1.25 0.419608 0.5 0 0
1920 0.111526 0 1.25 0.419608 0.5 0 0
1930 0.111526 0 1.25 0.419608 0.5 0 0
1940 0.111965 0 1.25 0.419608 0.5 0 0
1950 0.111965 0 1.25 0.419608 0.5 0 0
1960 0.112148 0 1.25 0.419608 0.5 0 0
1970 0.112148 0 1.25 0.419608 0.5 0 0
1980 0.112066 0 1.25 0.419608 0.5 0 0
1990 0.112066 0 1.25 0.415686 0.5 0 0
2000 0.111964 0 1.25 0.415686 0.5 0 0
2010 0.111964 0 1.25 0.419608 0.5 0 0
2020 0.11172 0 1.25 0.415686 0.5 0 0
2030 0.11172 0 1.25 0.411765 0.5 0 0
2040 0.111508 0 1.25 0.407843 0.5 0 0
2050 0.111508 0 1.25 0.407843 0.5 0 0
2060 0.110986 0 1.25 0.407843 0.5 0 0
2070 0.110986 0 1.25 0.407843 0.5 0 0
2080 0.110493 0 1.25 0.407843 0.5 0 0
2090 0.110493 0 1.25 0.407843 0.5 0 0
2100 0.110284 0 1.25 0.407843 0.5 0 0
2110 0.110284 0 1.25 0.407843 0.5 0 0
2120 0.109934 0 1.25 0.407843 0.5 0 0
2130 0.109934 0 1.25 0.407843 0.5 0 0
2140 0.109263 0 1.25 0.407843 0.5 0 0
2150 0.109263 0 1.25 0.407843 0.5 0 0
2160 0.108887 0 1.25 0.407843 0.5 0 0
2170 0.108887 0 1.25 0.407843 0.5 0 0
2180 0.108632 0 1.25 0.407843 0.5 0 0
2190 0.108632 0 1.25 0.407843 0.5 0 0
2200 0.108632 0 1.25 0.407843 0.5 0 0
2210 0.108632 0 1.25 0.407843 0.5 0 0
2220 0.108632 0 1.25 0.407843 0.5 0 0
2230 0.108632 0 1.25 0.407843 0.5 0 0
2240 0.108632 0 1.25 0.407843 0.5 0 0
2250 0.108632 0 1.25 0.407843 0.5 0 0
2260 0.108632 0 1.25 0.407843 0.5 0 0
2270 0.108632 0 1.25 0.407843 0.5 0 0
2280 0.108632 0 1.25 0.411765 0.5 0 0
2290 0.108632 0 1.25 0.407843 0.5 0 0
2300 0.108632 0 1.25 0.407843 0.5 0 0
2310 0.108632 0 1.25 0.411765 0.5 0 0
2320 0.108632 0 1.25 0.411765 0.5 0 0
2330 0.108632 0 1.25 0.407843 0.5 0 0
2340 0.108762 0 1.25 0.407843 0.5 0 0
2350 0.108762 0 1.25 0.407843 0.5 0 0
2360 0.108763 0 1.25 0.411765 0.5 0 0
2370 0.108763 0 1.25 0.407843 0.5 0 0
2380 0.108763 0 1.25 0.407843 0.5 0 0
2390 0.108763 0 1.25 0.407843 0.5 0 0
2400 0.10923 0 1.25 0.407843 0.5 0 0
2410 0.10923 0 1.25 0.407843 0.5 0 0
2420 0.109815 0 1.25 0.411765 0.5 0 0
2430 0.109815 0 1.25 0.411765 0.5 0 0
2440 0.109897 0 1.25 0.411765 0.5 0 0
2450 0.109897 0 1.25 0.411765 0.5 0 0
2460 0.110148 0 1.25 0.407843 0.5 0 0
2470 0.110148 0 1.25 0.403922 0.5 0 0
2480 0.110049 0 1.25 0.403922 0.5 0 0
2490 0.110049 0 1.25 0.403922 0.5 0 0
2500 0.109257 0 1.25 0.4 0.5 0 0
2510 0.109257 0 1.25 0.403922 0.5 0 0
2520 0.108441 0 1.25 0.403922 0.5 0 0
2530 0.108441 0 1.25 0.403922 0.5 0 0
2540 0.108361 0 1.25 0.403922 0.5 0 0
2550 0.108361 0 1.25 0.403922 0.5 0 0
2560 0.108361 0 1.25 0.403922 0.5 0 0
2570 0.108361 0 1.25 0.403922 0.5 0 0
2580 0.108361 0 1.25 0.403922 0.5 0 0
2590 0.108361 0 1.25 0.403922 0.5 0 0
2600 0.10782 0 1.25 0.403922 0.5 0 0
2610 0.10782 0 1.25 0.403922 0.5 0 0
2620 0.107743 0 1.25 0.403922 0.5 0 0
2630 0.107743 0 1.25 0.403922 0.5 0 0
2640 0.107731 0 1.25 0.403922 0.5 0 0
2650 0.107731 0 1.25 0.403922 0.5 0 0
2660 0.107755 0 1.25 0.403922 0.5 0 0
2670 0.107755 0 1.25 0.403922 0.5 0 0
2680 0.107879 0 1.25 0.403922 0.5 0 0
2690 0.107879 0 1.25 0.403922 0.5 0 0
2700 0.107879 0 1.25 0.403922 0.5 0 0
2710 0.107879 0 1.25 0.403922 0.5 0 0
2720 0.107879 0 1.25 0.403922 0.5 0 0
2730 0.107879 0 1.25 0.403922 0.5 0 0
2740 0.108036 0 1.25 0.403922 0.5 0 0
2750 0.108036 0 1.25 0.403922 0.5 0 0
2760 0.108816 0 1.25 0.4 0.5 0 0
2770 0.108816 0 1.25 0.4 0.5 0 0
2780 0.109062 0 1.25 0.4 0.5 0 0
2790 0.109062 0 1.25 0.396078 0.5 0 0
2800 0.108911 0 1.25 0.396078 0.5 0 0
2810 0.108911 0 1.25 0.396078 0.5 0 0
2820 0.108595 0 1.25 0.396078 0.5 0 0
2830 0.108595 0 1.25 0.396078 0.5 0 0
2840 0.108444 0 1.25 0.396078 0.5 0 0
2850 0.108444 0 1.25 0.396078 0.5 0 0
2860 0.108408 0 1.25 0.396078 0.5 0 0
2870 0.108408 0 1.25 0.396078 0.5 0 0
2880 0.108163 0 1.25 0.392157 0.5 0 0
2890 0.108163 0 1.25 0.392157 0.5 0 0
2900 0.107548 0 1.25 0.392157 0.5 0 0
2910 0.107548 0 1.25 0.396078 0.5 0 0
2920 0.107329 0 1.25 0.396078 0.5 0 0
2930 0.107329 0 1.25 0.396078 0.5 0 0
2940 0.107242 0 1.25 0.396078 0.5 0 0
2950 0.107242 0 1.25 0.396078 0.5 0 0
2960 0.106693 0 1.25 0.392157 0.5 0 0
2970 0.106693 0 1.25 0.392157 0.5 0 0
2980 0.105781 0 1.25 0.392157 0.5 0 0
2990 0.105781 0 1.25 0.392157 0.5 0 0
3000 0.105458 0 1.25 0.392157 0.5 0 0
3010 0.105458 0 1.25 0.392157 0.5 0 0
3020 0.105192 0 1.25 0.392157 0.5 0 0
3030 0.105192 0 1.25 0.392157 0.5 0 0
3040 0.105192 0 1.25 0.392157 0.5 0 0
3050 0.105192 0 1.25 0.396078 0.5 0 0
3060 0.105192 0 1.25 0.392157 0.5 0 0
3070 0.105192 0 1.25 0.392157 0.5 0 0
3080 0.106103 0 1.25 0.396078 0.5 0 0
3090 0.106103 0 1.25 0.396078 0.5 0 0
3100 0.106276 0 1.25 0.396078 0.5 0 0
3110 0.106276 0 1.25 0.396078 0.5 0 0
3120 0.106595 0 1.25 0.396078 0.5 0 0
3130 0.106595 0 1.25 0.396078 0.5 0 0
3140 0.106595 0 1.25 0.396078 0.5 0 0
3150 0.106595 0 1.25 0.396078 0.5 0 0
3160 0.106767 0 1.25 0.392157 0.5 0 0
3170 0.106767 0 1.25 0.392157 0.5 0 0
3180 0.10691 0 1.25 0.392157 0.5 0 0
3190 0.10691 0 1.25 0.392157 0.5 0 0
3200 0.106789 0 1.25 0.388235 0.5 0 0
3210 0.106789 0 1.25 0.388235 0.5 0 0
3220 0.106637 0 1.25 0.388235 0.5 0 0
3230 0.106637 0 1.25 0.388235 0.5 0 0
3240 0.106105 0 1.25 0.388235 0.5 0 0
3250 0.106105 0 1.25 0.388235 0.5 0 0
3260 0.10593 0 1.25 0.388235 0.5 0 0
3270 0.10593 0 1.25 0.388235 0.5 0 0
3280 0.105908 0 1.25 0.388235 0.5 0 0
3290 0.105908 0 1.25 0.388235 0.5 0 0
3300 0.105858 0 1.25 0.388235 0.5 0 0
3310 0.105858 0 1.25 0.388235 0.5 0 0
3320 0.105406 0 1.25 0.388235 0.5 0 0
3330 0.105406 0 1.25 0.388235 0.5 0 0
3340 0.105396 0 1.25 0.388235 0.5 0 0
3350 0.105396 0 1.25 0.388235 0.5 0 0
3360 0.105396 0 1.25 0.388235 0.5 0 0
3370 0.105396 0 1.25 0.388235 0.5 0 0
3380 0.105356 0 1.25 0.388235 0.5 0 0
3390 0.105356 0 1.25 0.388235 0.5 0 0
3400 0.105347 0 1.25 0.388235 0.5 0 0
3410 0.105347 0 1.25 0.388235 0.5 0 0
3420 0.105347 0 1.25 0.388235 0.5 0 0
3430 0.105347 0 1.25 0.388235 0.5 0 0
3440 0.105347 0 1.25 0.388235 0.5 0 0
3450 0.105347 0 1.25 0.388235 0.5 0 0
3460 0.105347 0 1.25 0.388235 0.5 0 0
3470 0.105347 0 1.25 0.388235 0.5 0 0
3480 0.105347 0 1.25 0.388235 0.5 0 0
3490 0.105347 0 1.25 0.388235 0.5 0 0
3500 0.10607 0 1.25 0.388235 0.5 0 0
3510 0.10607 0 1.25 0.388235 0.5 0 0
3520 0.106553 0 1.25 0.388235 0.5 0 0
3530 0.106553 0 1.25 0.388235 0.5 0 0
3540 0.107553 0 1.25 0.392157 0.5 0 0
3550 0.107553 0 1.25 0.392157 0.5 0 0
3560 0.107746 0 1.25 0.392157 0.5 0 0
3570 0.107746 0 1.25 0.392157 0.5 0 0
3580 0.107726 0 1.25 0.392157 0.5 0 0
3590 0.107726 0 1.25 0.392157 0.5 0 0
3600 0.107971 0 1.25 0.392157 0.5 0 0
3610 0.107971 0 1.25 0.388235 0.5 0 0
3620 0.107941 0 1.25 0.388235 0.5 0 0
3630 0.107941 0 1.25 0.384314 0.5 0 0
3640 0.107101 0 1.25 0.384314 0.5 0 0
3650 0.107101 0 1.25 0.384314 0.5 0 0
3660 0.106254 0 1.25 0.384314 0.5 0 0
3670 0.106254 0 1.25 0.384314 0.5 0 0
3680 0.105972 0 1.25 0.384314 0.5 0 0
3690 0.105972 0 1.25 0.384314 0.5 0 0
3700 0.105895 0 1.25 0.384314 0.5 0 0
3710 0.105895 0 1.25 0.384314 0.5 0 0
3720 0.105555 0 1.25 0.384314 0.5 0 0
3730 0.105555 0 1.25 0.384314 0.5 0 0
3740 0.105214 0 1.25 0.384314 0.5 0 0
3750 0.105214 0 1.25 0.384314 0.5 0 0
3760 0.105213 0 1.25 0.384314 0.5 0 0
3770 0.105213 0 1.25 0.384314 0.5 0 0
3780 0.105067 0 1.25 0.384314 0.5 0 0
3790 0.105067 0 1.25 0.384314 0.5 0 0
3800 0.104907 0 1.25 0.384314 0.5 0 0
3810 0.104907 0 1.25 0.384314 0.5 0 0
3820 0.104906 0 1.25 0.384314 0.5 0 0
3830 0.104906 0 1.25 0.384314 0.5 0 0
3840 0.104906 0 1.25 0.384314 0.5 0 0
3850 0.104906 0 1.25 0.384314 0.5 0 0
3860 0.104906 0 1.25 0.384314 0.5 0 0
3870 0.104906 0 1.25 0.384314 0.5 0 0
3880 0.104906 0 1.25 0.384314 0.5 0 0
3890 0.104906 0 1.25 0.384314 0.5 0 0
3900 0.104906 0 1.25 0.384314 0.5 0 0
3910 0.104906 0 1.25 0.384314 0.5 0 0
3920 0.104906 0 1.25 0.384314 0.5 0 0
3930 0.104906 0 1.25 0.384314 0.5 0 0
3940 0.104906 0 1.25 0.384314 0.5 0 0
3950 0.104906 0 1.25 0.384314 0.5 0 0
3960 0.104906 0 1.25 0.384314 0.5 0 0
3970 0.104906 0 1.25 0.384314 0.5 0 0
3980 0.105189 0 1.25 0.384314 0.5 0 0
3990 0.105189 0 1.25 0.384314 0.5 0 0
4000 0.106238 0 1.25 0.384314 0.5 0 0
4010 0.106238 0 1.25 0.384314 0.5 0 0
4020 0.106824 0 1.25 0.384314 0.5 0 0
4030 0.106824 0 1.25 0.384314 0.5 0 0
4040 0.10742 0 1.25 0.384314 0.5 0 0
4050 0.10742 0 1.25 0.384314 0.5 0 0
4060 0.107698 0 1.25 0.384314 0.5 0 0
4070 0.107698 0 1.25 0.384314 0.5 0 0
4080 0.108151 0 1.25 0.384314 0.5 0 0
4090 0.108151 0 1.25 0.384314 0.5 0 0
4100 0.108016 0 1.25 0.384314 0.5 0 0
4110 0.108016 0 1.25 0.384314 0.5 0 0
4120 0.107887 0 1.25 0.384314 0.5 0 0
4130 0.107887 0 1.25 0.384314 0.5 0 0
4140 0.107596 0 1.25 0.384314 0.5 0 0
4150 0.107596 0 1.25 0.380392 0.5 0 0
4160 0.106518 0 1.25 0.380392 0.5 0 0
4170 0.106518 0 1.25 0.380392 0.5 0 0
4180 0.105784 0 1.25 0.380392 0.5 0 0
4190 0.105784 0 1.25 0.380392 0.5 0 0
4200 0.104813 0 1.25 0.380392 0.5 0 0
4210 0.104813 0 1.25 0.380392 0.5 0 0
4220 0.104348 0 1.25 0.380392 0.5 0 0
4230 0.104348 0 1.25 0.380392 0.5 0 0
4240 0.104263 0 1.25 0.380392 0.5 0 0
4250 0.104263 0 1.25 0.380392 0.5 0 0
4260 0.103965 0 1.25 0.380392 0.5 0 0
4270 0.103965 0 1.25 0.380392 0.5 0 0
4280 0.103651 0 1.25 0.380392 0.5 0 0
4290 0.103651 0 1.25 0.380392 0.5 0 0
4300 0.103649 0 1.25 0.380392 0.5 0 0
4310 0.103649 0 1.25 0.380392 0.5 0 0
4320 0.10427 0 1.25 0.380392 0.5 0 0
4330 0.10427 0 1.25 0.380392 0.5 0 0
4340 0.104977 0 1.25 0.376471 0.5 0 0
4350 0.104977 0 1.25 0.376471 0.5 0 0
4360 0.105412 0 1.25 0.376471 0.5 0 0
4370 0.105412 0 1.25 0.376471 0.5 0 0
4380 0.105583 0 1.25 0.376471 0.5 0 0
4390 0.105583 0 1.25 0.380392 0.5 0 0
4400 0.105486 0 1.25 0.380392 0.5 0 0
4410 0.105486 0 1.25 0.376471 0.5 0 0
4420 0.105378 0 1.25 0.372549 0.5 0 0
4430 0.105378 0 1.25 0.376471 0.5 0 0
4440 0.104466 0 1.25 0.372549 0.5 0 0
4450 0.104466 0 1.25 0.372549 0.5 0 0
4460 0.104117 0 1.25 0.372549 0.5 0 0
4470 0.104117 0 1.25 0.372549 0.5 0 0
4480 0.103867 0 1.25 0.376471 0.5 0 0
4490 0.103867 0 1.25 0.372549 0.5 0 0
4500 0.103492 0 1.25 0.372549 0.5 0 0
4510 0.103492 0 1.25 0.372549 0.5 0 0
4520 0.102929 0 1.25 0.372549 0.5 0 0
4530 0.102929 0 1.25 0.372549 0.5 0 0
4540 0.102287 0 1.25 0.372549 0.5 0 0
4550 0.102287 0 1.25 0.376471 0.5 0 0
4560 0.102274 0 1.25 0.372549 0.5 0 0
4570 0.102274 0 1.25 0.372549 0.5 0 0
4580 0.102041 0 1.25 0.372549 0.5 0 0
4590 0.102041 0 1.25 0.372549 0.5 0 0
4600 0.101976 0 1.25 0.372549 0.5 0 0
4610 0.101976 0 1.25 0.372549 0.5 0 0
4620 0.101976 0 1.25 0.372549 0.5 0 0
4630 0.101976 0 1.25 0.372549 0.5 0 0
4640 0.101976 0 1.25 0.372549 0.5 0 0
4650 0.101976 0 1.25 0.372549 0.5 0 0
4660 0.101976 0 1.25 0.372549 0.5 0 0
4670 0.101976 0 1.25 0.372549 0.5 0 0
4680 0.101976 0 1.25 0.372549 0.5 0 0
4690 0.101976 0 1.25 0.372549 0.5 0 0
4700 0.102303 0 1.25 0.372549 0.5 0 0
4710 0.102303 0 1.25 0.372549 0.5 0 0
4720 0.102715 0 1.25 0.376471 0.5 0 0
4730 0.102715 0 1.25 0.376471 0.5 0 0
4740 0.10307 0 1.25 0.376471 0.5 0 0
4750 0.10307 0 1.25 0.376471 0.5 0 0
4760 0.103084 0 1.25 0.372549 0.5 0 0
4770 0.103084 0 1.25 0.372549 0.5 0 0
4780 0.102796 0 1.25 0.372549 0.5 0 0
4790 0.102796 0 1.25 0.368627 0.5 0 0
4800 0.101865 0 1.25 0.364706 0.5 0 0
4810 0.101865 0 1.25 0.368627 0.5 0 0
4820 0.100648 0 1.25 0.372549 0.5 0 0
4830 0.100648 0 1.25 0.372549 0.5 0 0
4840 0.100169 0 1.25 0.372549 0.5 0 0
4850 0.100169 0 1.25 0.372549 0.5 0 0
4860 0.100153 0 1.25 0.372549 0.5 0 0
4870 0.100153 0 1.25 0.372549 0.5 0 0
4880 0.10015 0 1.25 0.372549 0.5 0 0
4890 0.10015 0 1.25 0.372549 0.5 0 0
4900 0.0995942 0 1.25 0.372549 0.5 0 0
4910 0.0995942 0 1.25 0.372549 0.5 0 0
4920 0.099405 0 1.25 0.368627 0.5 0 0
4930 0.099405 0 1.25 0.372549 0.5 0 0
4940 0.0993816 0 1.25 0.372549 0.5 0 0
4950 0.0993816 0 1.25 0.372549 0.5 0 0
4960 0.0993816 0 1.25 0.372549 0.5 0 0
4970 0.0993816 0 1.25 0.372549 0.5 0 0
4980 0.0993816 0 1.25 0.372549 0.5 0 0
4990 0.0993816 0 1.25 0.372549 0.5 0 0
5000 0.0993816 0 1.25 0.368627 0.5 0 0
5010 0.0993816 0 1.25 0.368627 0.5 0 0
5020 0.0993816 0 1.25 0.372549 0.5 0 0
5030 0.0993816 0 1.25 0.372549 0.5 0 0
5040 0.0993816 0 1.25 0.368627 0.5 0 0
5050 0.0993816 0 1.25 0.368627 0.5 0 0
5060 0.0999787 0 1.25 0.368627 0.5 0 0
5070 0.0999787 0 1.25 0.368627 0.5 0 0
5080 0.100587 0 1.25 0.368627 0.5 0 0
5090 0.100587 0 1.25 0.364706 0.5 0 0
5100 0.100807 0 1.25 0.364706 0.5 0 0
5110 0.100807 0 1.25 0.364706 0.5 0 0
5120 0.10087 0 1.25 0.364706 0.5 0 0
5130 0.10087 0 1.25 0.364706 0.5 0 0
5140 0.100635 0 1.25 0.360784 0.5 0 0
5150 0.100635 0 1.25 0.360784 0.5 0 0
5160 0.100388 0 1.25 0.360784 0.5 0 0
5170 0.100388 0 1.25 0.360784 0.5 0 0
5180 0.0996195 0 1.25 0.360784 0.5 0 0
5190 0.0996195 0 1.25 0.360784 0.5 0 0
5200 0.0994581 0 1.25 0.364706 0.5 0 0
5210 0.0994581 0 1.25 0.364706 0.5 0 0
5220 0.0992368 0 1.25 0.368627 0.5 0 0
5230 0.0992368 0 1.25 0.368627 0.5 0 0
5240 0.0986792 0 1.25 0.368627 0.5 0 0
5250 0.0986792 0 1.25 0.372549 0.5 0 0
5260 0.098313 0 1.25 0.372549 0.5 0 0
5270 0.098313 0 1.25 0.372549 0.5 0 0
5280 0.0977424 0 1.25 0.372549 0.5 0 0
5290 0.0977424 0 1.25 0.380392 0.5 0 0
5300 0.0972071 0 1.25 0.380392 0.5 0 0
5310 0.0972071 0 1.25 0.376471 0.5 0 0
5320 0.0966692 0 1.25 0.376471 0.5 0 0
5330 0.0966692 0 1.25 0.360784 0.5 0 0
5340 0.0957539 0 1.25 0.360784 0.5 0 0
5350 0.0957539 0 1.25 0.360784 0.5 0 0
5360 0.095121 0 1.25 0.360784 0.5 0 0
5370 0.095121 0 1.25 0.360784 0.5 0 0
5380 0.0949901 0 1.25 0.360784 0.5 0 0
5390 0.0949901 0 1.25 0.360784 0.5 0 0
5400 0.0949901 0 1.25 0.360784 0.5 0 0
5410 0.0949901 0 1.25 0.360784 0.5 0 0
5420 0.0949901 0 1.25 0.360784 0.5 0 0
5430 0.0949901 0 1.25 0.360784 0.5 0 0
5440 0.0949901 0 1.25 0.360784 0.5 0 0
5450 0.0949901 0 1.25 0.360784 0.5 0 0
5460 0.0949833 0 1.25 0.360784 0.5 0 0
5470 0.0949833 0 1.25 0.360784 0.5 0 0
5480 0.0949833 0 1.25 0.360784 0.5 0 0
5490 0.0949833 0 1.25 0.360784 0.5 0 0
5500 0.0949833 0 1.25 0.360784 0.5 0 0
5510 0.0949833 0 1.25 0.360784 0.5 0 0
5520 0.0952897 0 1.25 0.360784 0.5 0 0
5530 0.0952897 0 1.25 0.360784 0.5 0 0
5540 0.0955143 0 1.25 0.360784 0.5 0 0
5550 0.0955143 0 1.25 0.360784 0.5 0 0
5560 0.0959545 0 1.25 0.364706 0.5 0 0
5570 0.0959545 0 1.25 0.364706 0.5 0 0
5580 0.096132 0 1.25 0.364706 0.5 0 0
5590 0.096132 0 1.25 0.364706 0.5 0 0
5600 0.0961461 0 1.25 0.364706 0.5 0 0
5610 0.0961461 0 1.25 0.364706 0.5 0 0
5620 0.095951 0 1.25 0.360784 0.5 0 0
5630 0.095951 0 1.25 0.356863 0.5 0 0
5640 0.0952679 0 1.25 0.356863 0.5 0 0
5650 0.0952679 0 1.25 0.356863 0.5 0 0
5660 0.0943961 0 1.25 0.356863 0.5 0 0
5670 0.0943961 0 1.25 0.356863 0.5 0 0
5680 0.0939135 0 1.25 0.356863 0.5 0 0
5690 0.0939135 0 1.25 0.356863 0.5 0 0
5700 0.0939092 0 1.25 0.356863 0.5 0 0
5710 0.0939092 0 1.25 0.356863 0.5 0 0
5720 0.0935985 0 1.25 0.356863 0.5 0 0
5730 0.0935985 0 1.25 0.356863 0.5 0 0
5740 0.0935774 0 1.25 0.356863 0.5 0 0
5750 0.0935774 0 1.25 0.356863 0.5 0 0
5760 0.0935774 0 1.25 0.356863 0.5 0 0
5770 0.0935774 0 1.25 0.356863 0.5 0 0
5780 0.0935774 0 1.25 0.356863 0.5 0 0
5790 0.0935774 0 1.25 0.356863 0.5 0 0
5800 0.0935774 0 1.25 0.356863 0.5 0 0
5810 0.0935774 0 1.25 0.352941 0.5 0 0
5820 0.0942517 0 1.25 0.352941 0.5 0 0
5830 0.0942517 0 1.25 0.352941 0.5 0 0
5840 0.0953138 0 1.25 0.356863 0.5 0 0
5850 0.0953138 0 1.25 0.360784 0.5 0 0
5860 0.0960832 0 1.25 0.360784 0.5 0 0
5870 0.0960832 0 1.25 0.364706 0.5 0 0
5880 0.0963066 0 1.25 0.364706 0.5 0 0
5890 0.0963066 0 1.25 0.364706 0.5 0 0
5900 0.0963073 0 1.25 0.364706 0.5 0 0
5910 0.0963073 0 1.25 0.360784 0.5 0 0
5920 0.096032 0 1.25 0.360784 0.5 0 0
5930 0.096032 0 1.25 0.356863 0.5 0 0
5940 0.0948007 0 1.25 0.352941 0.5 0 0
5950 0.0948007 0 1.25 0.345098 0.5 0 0
5960 0.0933735 0 1.25 0.352941 0.5 0 0
5970 0.0933735 0 1.25 0.352941 0.5 0 0
5980 0.0929163 0 1.25 0.352941 0.5 0 0
5990 0.0929163 0 1.25 0.352941 0.5 0 0
6000 0.0929158 0 1.25 0.352941 0.5 0 0
6010 0.0929158 0 1.25 0.352941 0.5 0 0
6020 0.0925791 0 1.25 0.34902 0.5 0 0
6030 0.0925791 0 1.25 0.34902 0.5 0 0
6040 0.0915998 0 1.25 0.34902 0.5 0 0
6050 0.0915998 0 1.25 0.34902 0.5 0 0
6060 0.0906912 0 1.25 0.34902 0.5 0 0
6070 0.0906912 0 1.25 0.34902 0.5 0 0
6080 0.0901926 0 1.25 0.34902 0.5 0 0
6090 0.0901926 0 1.25 0.34902 0.5 0 0
6100 0.0901521 0 1.25 0.34902 0.5 0 0
6110 0.0901521 0 1.25 0.34902 0.5 0 0
6120 0.0904517 0 1.25 0.34902 0.5 0 0
6130 0.0904517 0 1.25 0.34902 0.5 0 0
6140 0.0913277 0 1.25 0.34902 0.5 0 0
6150 0.0913277 0 1.25 0.34902 0.5 0 0
6160 0.092091 0 1.25 0.34902 0.5 0 0
6170 0.092091 0 1.25 0.352941 0.5 0 0
6180 0.092256 0 1.25 0.352941 0.5 0 0
6190 0.092256 0 1.25 0.352941 0.5 0 0
6200 0.0923068 0 1.25 0.352941 0.5 0 0
6210 0.0923068 0 1.25 0.34902 0.5 0 0
6220 0.0923013 0 1.25 0.34902 0.5 0 0
6230 0.0923013 0 1.25 0.34902 0.5 0 0
6240 0.0919338 0 1.25 0.34902 0.5 0 0
6250 0.0919338 0 1.25 0.345098 0.5 0 0
6260 0.091355 0 1.25 0.345098 0.5 0 0
6270 0.091355 0 1.25 0.341176 0.5 0 0
6280 0.0905794 0 1.25 0.345098 0.5 0 0
6290 0.0905794 0 1.25 0.345098 0.5 0 0
6300 0.090458 0 1.25 0.345098 0.5 0 0
6310 0.090458 0 1.25 0.345098 0.5 0 0
6320 0.0904533 0 1.25 0.345098 0.5 0 0
6330 0.0904533 0 1.25 0.345098 0.5 0 0
6340 0.0903218 0 1.25 0.345098 0.5 0 0
6350 0.0903218 0 1.25 0.345098 0.5 0 0
6360 0.0902218 0 1.25 0.345098 0.5 0 0
6370 0.0902218 0 1.25 0.345098 0.5 0 0
6380 0.0899547 0 1.25 0.345098 0.5 0 0
6390 0.0899547 0 1.25 0.345098 0.5 0 0
6400 0.0899401 0 1.25 0.345098 0.5 0 0
6410 0.0899401 0 1.25 0.345098 0.5 0 0
6420 0.0899145 0 1.25 0.345098 0.5 0 0
6430 0.0899145 0 1.25 0.345098 0.5 0 0
6440 0.0899145 0 1.25 0.345098 0.5 0 0
6450 0.0899145 0 1.25 0.345098 0.5 0 0
6460 0.0899145 0 1.25 0.345098 0.5 0 0
6470 0.0899145 0 1.25 0.345098 0.5 0 0
6480 0.0899145 0 1.25 0.345098 0.5 0 0
6490 0.0899145 0 1.25 0.345098 0.5 0 0
6500 0.0899145 0 1.25 0.345098 0.5 0 0
6510 0.0899145 0 1.25 0.345098 0.5 0 0
6520 0.0904267 0 1.25 0.345098 0.5 0 0
6530 0.0904267 0 1.25 0.345098 0.5 0 0
6540 0.0916928 0 1.25 0.34902 0.5 0 0
6550 0.0916928 0 1.25 0.34902 0.5 0 0
6560 0.0924554 0 1.25 0.352941 0.5 0 0
6570 0.0924554 0 1.25 0.352941 0.5 0 0
6580 0.0926077 0 1.25 0.352941 0.5 0 0
6590 0.0926077 0 1.25 0.352941 0.5 0 0
6600 0.0926077 0 1.25 0.352941 0.5 0 0
6610 0.0926077 0 1.25 0.352941 0.5 0 0
6620 0.0926053 0 1.25 0.352941 0.5 0 0
6630 0.0926053 0 1.25 0.352941 0.5 0 0
6640 0.0923502 0 1.25 0.34902 0.5 0 0
6650 0.0923502 0 1.25 0.34902 0.5 0 0
6660 0.0915994 0 1.25 0.345098 0.5 0 0
6670 0.0915994 0 1.25 0.345098 0.5 0 0
6680 0.0907513 0 1.25 0.345098 0.5 0 0
6690 0.0907513 0 1.25 0.345098 0.5 0 0
6700 0.0907132 0 1.25 0.34902 0.5 0 0
6710 0.0907132 0 1.25 0.345098 0.5 0 0
6720 0.0907132 0 1.25 0.345098 0.5 0 0
6730 0.0907132 0 1.25 0.345098 0.5 0 0
6740 0.0903584 0 1.25 0.345098 0.5 0 0
6750 0.0903584 0 1.25 0.34902 0.5 0 0
6760 0.0901176 0 1.25 0.34902 0.5 0 0
6770 0.0901176 0 1.25 0.34902 0.5 0 0
6780 0.0900512 0 1.25 0.34902 0.5 0 0
6790 0.0900512 0 1.25 0.34902 0.5 0 0
6800 0.0900465 0 1.25 0.34902 0.5 0 0
6810 0.0900465 0 1.25 0.34902 0.5 0 0
6820 0.0900465 0 1.25 0.34902 0.5 0 0
6830 0.0900465 0 1.25 0.345098 0.5 0 0
6840 0.0900465 0 1.25 0.34902 0.5 0 0
6850 0.0900465 0 1.25 0.34902 0.5 0 0
6860 0.0900465 0 1.25 0.34902 0.5 0 0
6870 0.0900465 0 1.25 0.34902 0.5 0 0
6880 0.0900465 0 1.25 0.34902 0.5 0 0
6890 0.0900465 0 1.25 0.34902 0.5 0 0
6900 0.0900465 0 1.25 0.34902 0.5 0 0
6910 0.0900465 0 1.25 0.34902 0.5 0 0
6920 0.0900465 0 1.25 0.34902 0.5 0 0
6930 0.0900465 0 1.25 0.34902 0.5 0 0
6940 0.0900465 0 1.25 0.34902 0.5 0 0
6950 0.0900465 0 1.25 0.34902 0.5 0 0
6960 0.0904976 0 1.25 0.34902 0.5 0 0
6970 0.0904976 0 1.25 0.34902 0.5 0 0
6980 0.0907067 0 1.25 0.34902 0.5 0 0
6990 0.0907067 0 1.25 0.34902 0.5 0 0
7000 0.0908662 0 1.25 0.352941 0.5 0 0
7010 0.0908662 0 1.25 0.34902 0.5 0 0
7020 0.090791 0 1.25 0.34902 0.5 0 0
7030 0.090791 0 1.25 0.345098 0.5 0 0
7040 0.0902746 0 1.25 0.341176 0.5 0 0
7050 0.0902746 0 1.25 0.341176 0.5 0 0
7060 0.0895024 0 1.25 0.337255 0.5 0 0
7070 0.0895024 0 1.25 0.333333 0.5 0 0
7080 0.0883244 0 1.25 0.337255 0.5 0 0
7090 0.0883244 0 1.25 0.341176 0.5 0 0
7100 0.0879338 0 1.25 0.34902 0.5 0 0
7110 0.0879338 0 1.25 0.345098 0.5 0 0
7120 0.0879246 0 1.25 0.341176 0.5 0 0
7130 0.0879246 0 1.25 0.345098 0.5 0 0
7140 0.0872216 0 1.25 0.337255 0.5 0 0
7150 0.0872216 0 1.25 0.337255 0.5 0 0
7160 0.0860786 0 1.25 0.337255 0.5 0 0
7170 0.0860786 0 1.25 0.333333 0.5 0 0
7180 0.0860339 0 1.25 0.337255 0.5 0 0
7190 0.0860339 0 1.25 0.337255 0.5 0 0
7200 0.0859328 0 1.25 0.333333 0.5 0 0
7210 0.0859328 0 1.25 0.333333 0.5 0 0
7220 0.0861867 0 1.25 0.333333 0.5 0 0
7230 0.0861867 0 1.25 0.337255 0.5 0 0
7240 0.0865959 0 1.25 0.337255 0.5 0 0
7250 0.0865959 0 1.25 0.341176 0.5 0 0
7260 0.0868488 0 1.25 0.341176 0.5 0 0
7270 0.0868488 0 1.25 0.345098 0.5 0 0
7280 0.0868018 0 1.25 0.341176 0.5 0 0
7290 0.0868018 0 1.25 0.345098 0.5 0 0
7300 0.0868018 0 1.25 0.341176 0.5 0 0
7310 0.0868018 0 1.25 0.341176 0.5 0 0
7320 0.0868018 0 1.25 0.345098 0.5 0 0
7330 0.0868018 0 1.25 0.345098 0.5 0 0
7340 0.0867393 0 1.25 0.341176 0.5 0 0
7350 0.0867393 0 1.25 0.337255 0.5 0 0
7360 0.0859648 0 1.25 0.333333 0.5 0 0
7370 0.0859648 0 1.25 0.333333 0.5 0 0
7380 0.0847245 0 1.25 0.333333 0.5 0 0
7390 0.0847245 0 1.25 0.333333 0.5 0 0
7400 0.0839923 0 1.25 0.333333 0.5 0 0
7410 0.0839923 0 1.25 0.333333 0.5 0 0
7420 0.0836661 0 1.25 0.333333 0.5 0 0
7430 0.0836661 0 1.25 0.333333 0.5 0 0
7440 0.0831115 0 1.25 0.333333 0.5 0 0
7450 0.0831115 0 1.25 0.333333 0.5 0 0
7460 0.0819693 0 1.25 0.333333 0.5 0 0
7470 0.0819693 0 1.25 0.333333 0.5 0 0
7480 0.0813994 0 1.25 0.333333 0.5 0 0
7490 0.0813994 0 1.25 0.333333 0.5 0 0
7500 0.0813058 0 1.25 0.333333 0.5 0 0
7510 0.0813058 0 1.25 0.333333 0.5 0 0
7520 0.0809911 0 1.25 0.333333 0.5 0 0
7530 0.0809911 0 1.25 0.333333 0.5 0 0
7540 0.0813869 0 1.25 0.329412 0.5 0 0
7550 0.0813869 0 1.25 0.333333 0.5 0 0
7560 0.0817103 0 1.25 0.333333 0.5 0 0
7570 0.0817103 0 1.25 0.333333 0.5 0 0
7580 0.0817855 0 1.25 0.333333 0.5 0 0
7590 0.0817855 0 1.25 0.333333 0.5 0 0
7600 0.0816898 0 1.25 0.333333 0.5 0 0
7610 0.0816898 0 1.25 0.333333 0.5 0 0
7620 0.081519 0 1.25 0.337255 0.5 0 0
7630 0.081519 0 1.25 0.337255 0.5 0 0
7640 0.0813295 0 1.25 0.333333 0.5 0 0
7650 0.0813295 0 1.25 0.333333 0.5 0 0
7660 0.0808642 0 1.25 0.321569 0.5 0 0
7670 0.0808642 0 1.25 0.321569 0.5 0 0
7680 0.0798028 0 1.25 0.321569 0.5 0 0
7690 0.0798028 0 1.25 0.321569 0.5 0 0
7700 0.0788913 0 1.25 0.321569 0.5 0 0
7710 0.0788913 0 1.25 0.321569 0.5 0 0
7720 0.0784956 0 1.25 0.32549 0.5 0 0
7730 0.0784956 0 1.25 0.321569 0.5 0 0
7740 0.078099 0 1.25 0.321569 0.5 0 0
7750 0.078099 0 1.25 0.32549 0.5 0 0
7760 0.077027 0 1.25 0.321569 0.5 0 0
7770 0.077027 0 1.25 0.321569 0.5 0 0
7780 0.0762998 0 1.25 0.321569 0.5 0 0
7790 0.0762998 0 1.25 0.321569 0.5 0 0
7800 0.0759448 0 1.25 0.321569 0.5 0 0
7810 0.0759448 0 1.25 0.321569 0.5 0 0
7820 0.0760662 0 1.25 0.321569 0.5 0 0
7830 0.0760662 0 1.25 0.321569 0.5 0 0
7840 0.0764876 0 1.25 0.321569 0.5 0 0
7850 0.0764876 0 1.25 0.32549 0.5 0 0
7860 0.077855 0 1.25 0.32549 0.5 0 0
7870 0.077855 0 1.25 0.321569 0.5 0 0
7880 0.0787468 0 1.25 0.32549 0.5 0 0
7890 0.0787468 0 1.25 0.32549 0.5 0 0
7900 0.0790472 0 1.25 0.32549 0.5 0 0
7910 0.0790472 0 1.25 0.32549 0.5 0 0
7920 0.0793656 0 1.25 0.32549 0.5 0 0
7930 0.0793656 0 1.25 0.321569 0.5 0 0
7940 0.0799386 0 1.25 0.32549 0.5 0 0
7950 0.0799386 0 1.25 0.329412 0.5 0 0
7960 0.0803708 0 1.25 0.329412 0.5 0 0
7970 0.0803708 0 1.25 0.329412 0.5 0 0
7980 0.0804646 0 1.25 0.329412 0.5 0 0
7990 0.0804646 0 1.25 0.333333 0.5 0 0
8000 0.0803572 0 1.25 0.333333 0.5 0 0
8010 0.0803572 0 1.25 0.337255 0.5 0 0
8020 0.0799354 0 1.25 0.337255 0.5 0 0
8030 0.0799354 0 1.25 0.341176 0.5 0 0
8040 0.0796249 0 1.25 0.341176 0.5 0 0
8050 0.0796249 0 1.25 0.337255 0.5 0 0
8060 0.0792477 0 1.25 0.333333 0.5 0 0
8070 0.0792477 0 1.25 0.321569 0.5 0 0
8080 0.0782144 0 1.25 0.313725 0.5 0 0
8090 0.0782144 0 1.25 0.32549 0.5 0 0
8100 0.0765701 0 1.25 0.337255 0.5 0 0
8110 0.0765701 0 1.25 0.345098 0.5 0 0
8120 0.0763441 0 1.25 0.341176 0.5 0 0
8130 0.0763441 0 1.25 0.345098 0.5 0 0
8140 0.0763441 0 1.25 0.341176 0.5 0 0
8150 0.0763441 0 1.25 0.352941 0.5 0 0
8160 0.0758895 0 1.25 0.341176 0.5 0 0
8170 0.0758895 0 1.25 0.345098 0.5 0 0
8180 0.0755509 0 1.25 0.341176 0.5 0 0
8190 0.0755509 0 1.25 0.345098 0.5 0 0
8200 0.0754191 0 1.25 0.34902 0.5 0 0
8210 0.0754191 0 1.25 0.341176 0.5 0 0
8220 0.0754191 0 1.25 0.345098 0.5 0 0
8230 0.0754191 0 1.25 0.34902 0.5 0 0
8240 0.0755421 0 1.25 0.345098 0.5 0 0
8250 0.0755421 0 1.25 0.345098 0.5 0 0
8260 0.0760762 0 1.25 0.333333 0.5 0 0
8270 0.0760762 0 1.25 0.32549 0.5 0 0
8280 0.0776027 0 1.25 0.317647 0.5 0 0
8290 0.0776027 0 1.25 0.317647 0.5 0 0
8300 0.0783214 0 1.25 0.321569 0.5 0 0
8310 0.0783214 0 1.25 0.317647 0.5 0 0
8320 0.0786962 0 1.25 0.317647 0.5 0 0
8330 0.0786962 0 1.25 0.317647 0.5 0 0
8340 0.0793566 0 1.25 0.321569 0.5 0 0
8350 0.0793566 0 1.25 0.32549 0.5 0 0
8360 0.0798173 0 1.25 0.32549 0.5 0 0
8370 0.0798173 0 1.25 0.329412 0.5 0 0
8380 0.0798385 0 1.25 0.32549 0.5 0 0
8390 0.0798385 0 1.25 0.329412 0.5 0 0
8400 0.0798385 0 1.25 0.32549 0.5 0 0
8410 0.0798385 0 1.25 0.329412 0.5 0 0
8420 0.0795776 0 1.25 0.32549 0.5 0 0
8430 0.0795776 0 1.25 0.317647 0.5 0 0
8440 0.0783531 0 1.25 0.317647 0.5 0 0
8450 0.0783531 0 1.25 0.317647 0.5 0 0
8460 0.0772959 0 1.25 0.317647 0.5 0 0
8470 0.0772959 0 1.25 0.317647 0.5 0 0
8480 0.0771695 0 1.25 0.317647 0.5 0 0
8490 0.0771695 0 1.25 0.317647 0.5 0 0
8500 0.0772701 0 1.25 0.317647 0.5 0 0
8510 0.0772701 0 1.25 0.317647 0.5 0 0
8520 0.0769812 0 1.25 0.317647 0.5 0 0
8530 0.0769812 0 1.25 0.317647 0.5 0 0
8540 0.0762144 0 1.25 0.321569 0.5 0 0
8550 0.0762144 0 1.25 0.317647 0.5 0 0
8560 0.0767403 0 1.25 0.321569 0.5 0 0
8570 0.0767403 0 1.25 0.321569 0.5 0 0
8580 0.0770154 0 1.25 0.321569 0.5 0 0
8590 0.0770154 0 1.25 0.321569 0.5 0 0
8600 0.0771838 0 1.25 0.321569 0.5 0 0
8610 0.0771838 0 1.25 0.321569 0.5 0 0
8620 0.0774947 0 1.25 0.321569 0.5 0 0
8630 0.0774947 0 1.25 0.321569 0.5 0 0
8640 0.0775437 0 1.25 0.321569 0.5 0 0
8650 0.0775437 0 1.25 0.321569 0.5 0 0
8660 0.0775724 0 1.25 0.32549 0.5 0 0
8670 0.0775724 0 1.25 0.32549 0.5 0 0
8680 0.0771407 0 1.25 0.32549 0.5 0 0
8690 0.0771407 0 1.25 0.329412 0.5 0 0
8700 0.0770046 0 1.25 0.329412 0.5 0 0
8710 0.0770046 0 1.25 0.329412 0.5 0 0
8720 0.0766517 0 1.25 0.32549 0.5 0 0
8730 0.0766517 0 1.25 0.313725 0.5 0 0
8740 0.0747854 0 1.25 0.313725 0.5 0 0
8750 0.0747854 0 1.25 0.317647 0.5 0 0
8760 0.0737357 0 1.25 0.317647 0.5 0 0
8770 0.0737357 0 1.25 0.317647 0.5 0 0
8780 0.0739375 0 1.25 0.317647 0.5 0 0
8790 0.0739375 0 1.25 0.317647 0.5 0 0
8800 0.0739774 0 1.25 0.317647 0.5 0 0
8810 0.0739774 0 1.25 0.317647 0.5 0 0
8820 0.0731129 0 1.25 0.317647 0.5 0 0
8830 0.0731129 0 1.25 0.317647 0.5 0 0
8840 0.0725716 0 1.25 0.313725 0.5 0 0
8850 0.0725716 0 1.25 0.313725 0.5 0 0
8860 0.0726596 0 1.25 0.313725 0.5 0 0
8870 0.0726596 0 1.25 0.313725 0.5 0 0
8880 0.0727213 0 1.25 0.317647 0.5 0 0
8890 0.0727213 0 1.25 0.317647 0.5 0 0
8900 0.0727657 0 1.25 0.321569 0.5 0 0
8910 0.0727657 0 1.25 0.321569 0.5 0 0
8920 0.0727279 0 1.25 0.321569 0.5 0 0
8930 0.0727279 0 1.25 0.317647 0.5 0 0
8940 0.0722223 0 1.25 0.317647 0.5 0 0
8950 0.0722223 0 1.25 0.313725 0.5 0 0
8960 0.0709224 0 1.25 0.301961 0.5 0 0
8970 0.0709224 0 1.25 0.301961 0.5 0 0
8980 0.0698574 0 1.25 0.301961 0.5 0 0
8990 0.0698574 0 1.25 0.305882 0.5 0 0
9000 0.0695343 0 1.25 0.305882 0.5 0 0
9010 0.0695343 0 1.25 0.301961 0.5 0 0
9020 0.0691072 0 1.25 0.301961 0.5 0 0
9030 0.0691072 0 1.25 0.305882 0.5 0 0
9040 0.0688059 0 1.25 0.305882 0.5 0 0
9050 0.0688059 0 1.25 0.305882 0.5 0 0
9060 0.0687999 0 1.25 0.305882 0.5 0 0
9070 0.0687999 0 1.25 0.305882 0.5 0 0
9080 0.0684919 0 1.25 0.305882 0.5 0 0
9090 0.0684919 0 1.25 0.305882 0.5 0 0
9100 0.0684506 0 1.25 0.305882 0.5 0 0
9110 0.0684506 0 1.25 0.305882 0.5 0 0
9120 0.0684506 0 1.25 0.305882 0.5 0 0
9130 0.0684506 0 1.25 0.305882 0.5 0 0
9140 0.0684683 0 1.25 0.305882 0.5 0 0
9150 0.0684683 0 1.25 0.305882 0.5 0 0
9160 0.0689419 0 1.25 0.305882 0.5 0 0
9170 0.0689419 0 1.25 0.305882 0.5 0 0
9180 0.0701375 0 1.25 0.305882 0.5 0 0
9190 0.0701375 0 1.25 0.301961 0.5 0 0
9200 0.070489 0 1.25 0.305882 0.5 0 0
9210 0.070489 0 1.25 0.305882 0.5 0 0
9220 0.0713276 0 1.25 0.309804 0.5 0 0
9230 0.0713276 0 1.25 0.309804 0.5 0 0
9240 0.0719844 0 1.25 0.309804 0.5 0 0
9250 0.0719844 0 1.25 0.309804 0.5 0 0
9260 0.0721907 0 1.25 0.309804 0.5 0 0
9270 0.0721907 0 1.25 0.309804 0.5 0 0
9280 0.0727585 0 1.25 0.309804 0.5 0 0
9290 0.0727585 0 1.25 0.309804 0.5 0 0
9300 0.0729557 0 1.25 0.309804 0.5 0 0
9310 0.0729557 0 1.25 0.309804 0.5 0 0
9320 0.0730009 0 1.25 0.309804 0.5 0 0
9330 0.0730009 0 1.25 0.309804 0.5 0 0
9340 0.0728485 0 1.25 0.313725 0.5 0 0
9350 0.0728485 0 1.25 0.313725 0.5 0 0
9360 0.0724831 0 1.25 0.317647 0.5 0 0
9370 0.0724831 0 1.25 0.313725 0.5 0 0
9380 0.071958 0 1.25 0.313725 0.5 0 0
9390 0.071958 0 1.25 0.309804 0.5 0 0
9400 0.0708728 0 1.25 0.301961 0.5 0 0
9410 0.0708728 0 1.25 0.301961 0.5 0 0
9420 0.0701147 0 1.25 0.301961 0.5 0 0
9430 0.0701147 0 1.25 0.305882 0.5 0 0
9440 0.0696586 0 1.25 0.305882 0.5 0 0
9450 0.0696586 0 1.25 0.301961 0.5 0 0
9460 0.0691174 0 1.25 0.305882 0.5 0 0
9470 0.0691174 0 1.25 0.305882 0.5 0 0
9480 0.0683493 0 1.25 0.305882 0.5 0 0
9490 0.0683493 0 1.25 0.309804 0.5 0 0
9500 0.0673349 0 1.25 0.305882 0.5 0 0
9510 0.0673349 0 1.25 0.305882 0.5 0 0
9520 0.0663824 0 1.25 0.305882 0.5 0 0
9530 0.0663824 0 1.25 0.305882 0.5 0 0
9540 0.0664096 0 1.25 0.305882 0.5 0 0
9550 0.0664096 0 1.25 0.305882 0.5 0 0
9560 0.066579 0 1.25 0.305882 0.5 0 0
9570 0.066579 0 1.25 0.305882 0.5 0 0
9580 0.0665669 0 1.25 0.305882 0.5 0 0
9590 0.0665669 0 1.25 0.305882 0.5 0 0
9600 0.0667634 0.25 1.5 0.305882 0.5 0 0
9610 0.0667634 0.25 1.5 0.301961 0.5 0 0
9620 0.06721 0.25 1.75 0.301961 0.5 0 0
9630 0.06721 0.25 1.75 0.298039 0.5 0 0
9640 0.0677173 0.25 2 0.301961 0.5 0 0
9650 0.0677173 0.25 2 0.305882 0.5 0 0
9660 0.0680229 0.25 2.25 0.309804 0.5 0 0
9670 0.0680229 0.25 2.25 0.305882 0.5 0 0
9680 0.067996 0.25 2.5 0.309804 0.5 0 0
9690 0.067996 0.25 2.5 0.309804 0.5 0 0
9700 0.067865 0 2.5 0.309804 0.5 0 0
9710 0.067865 0 2.5 0.305882 0.5 0 0
9720 0.0675247 0 2.5 0.305882 0.5 0 0
9730 0.0675247 0 2.5 0.298039 0.5 0 0
9740 0.0666928 0 2.5 0.290196 0.5 0 0
9750 0.0666928 0 2.5 0.282353 0.5 0 0
9760 0.0657683 0 2.5 0.286275 0.5 0 0
9770 0.0657683 0 2.5 0.286275 0.5 0 0
9780 0.0650919 0 2.5 0.282353 0.5 0 0
9790 0.0650919 0 2.5 0.286275 0.5 0 0
9800 0.0648891 0 2.5 0.282353 0.5 0 0
9810 0.0648891 0 2.5 0.286275 0.5 0 0
9820 0.0645439 0 2.5 0.282353 0.5 0 0
9830 0.0645439 0 2.5 0.286275 0.5 0 0
9840 0.0649639 0 2.5 0.286275 0.5 0 0
9850 0.0649639 0 2.5 0.286275 0.5 0 0
9860 0.0650225 0 2.5 0.290196 0.5 0 0
9870 0.0650225 0 2.5 0.290196 0.5 0 0
9880 0.0648025 0 2.5 0.290196 0.5 0 0
9890 0.0648025 0 2.5 0.294118 0.5 0 0
9900 0.064218 0 2.5 0.290196 0.5 0 0
9910 0.064218 0 2.5 0.294118 0.5 0 0
9920 0.0639274 0 2.5 0.294118 0.5 0 0
9930 0.0639274 0 2.5 0.294118 0.5 0 0
9940 0.0636504 0 2.5 0.290196 0.5 0 0
9950 0.0636504 0 2.5 0.294118 0.5 0 0
9960 0.0629905 0 2.5 0.294118 0.5 0 0
9970 0.0629905 0 2.5 0.301961 0.5 0 0
9980 0.0625858 0 2.5 0.301961 0.5 0 0
9990 0.0625858 0 2.5 0.301961 0.5 0 0
10000 0.0623442 0 2.5 0.290196 0.5 0 0
10010 0.0623442 0 2.5 0.270588 0.5 0 0
10020 0.0613513 0 2.5 0.27451 0.5 0 0
10030 0.0613513 0 2.5 0.27451 0.5 0 0
10040 0.0609375 0 2.5 0.278431 0.5 0 0
10050 0.0609375 0 2.5 0.27451 0.5 0 0
10060 0.0612168 0 2.5 0.27451 0.5 0 0
10070 0.0612168 0 2.5 0.278431 0.5 0 0
10080 0.062119 0 2.5 0.278431 0.5 0 0
10090 0.062119 0 2.5 0.282353 0.5 0 0
10100 0.0627014 0 2.5 0.282353 0.5 0 0
10110 0.0627014 0 2.5 0.286275 0.5 0 0
10120 0.0623069 0 2.5 0.282353 0.5 0 0
10130 0.0623069 0 2.5 0.286275 0.5 0 0
10140 0.0624115 0 2.5 0.286275 0.5 0 0
10150 0.0624115 0 2.5 0.290196 0.5 0 0
10160 0.0623963 0 2.5 0.290196 0.5 0 0
10170 0.0623963 0 2.5 0.286275 0.5 0 0
10180 0.0620423 0 2.5 0.298039 0.5 0 0
10190 0.0620423 0 2.5 0.298039 0.5 0 0
10200 0.061673 0 2.5 0.290196 0.5 0 0
10210 0.061673 0 2.5 0.298039 0.5 0 0
10220 0.0612236 0 2.5 0.298039 0.5 0 0
10230 0.0612236 0 2.5 0.286275 0.5 0 0
10240 0.0602402 0 2.5 0.270588 0.5 0 0
10250 0.0602402 0 2.5 0.266667 0.5 0 0
10260 0.0586036 0 2.5 0.262745 0.5 0 0
10270 0.0586036 0 2.5 0.262745 0.5 0 0
10280 0.058043 0 2.5 0.27451 0.5 0 0
10290 0.058043 0 2.5 0.262745 0.5 0 0
10300 0.0580058 0 2.5 0.27451 0.5 0 0
10310 0.0580058 0 2.5 0.266667 0.5 0 0
10320 0.0579982 0 2.5 0.282353 0.5 0 0
10330 0.0579982 0 2.5 0.27451 0.5 0 0
10340 0.0579653 0 2.5 0.270588 0.5 0 0
10350 0.0579653 0 2.5 0.27451 0.5 0 0
10360 0.0579392 0 2.5 0.282353 0.5 0 0
10370 0.0579392 0 2.5 0.270588 0.5 0 0
10380 0.0578805 0 2.5 0.270588 0.5 0 0
10390 0.0578805 0 2.5 0.27451 0.5 0 0
10400 0.0578805 0 2.5 0.270588 0.5 0 0
10410 0.0578805 0 2.5 0.27451 0.5 0 0
10420 0.0578805 0 2.5 0.286275 0.5 0 0
10430 0.0578805 0 2.5 0.27451 0.5 0 0
10440 0.0578805 0 2.5 0.270588 0.5 0 0
10450 0.0578805 0 2.5 0.270588 0.5 0 0
10460 0.0578805 0 2.5 0.278431 0.5 0 0
10470 0.0578805 0 2.5 0.27451 0.5 0 0
10480 0.0578805 0 2.5 0.270588 0.5 0 0
10490 0.0578805 0 2.5 0.266667 0.5 0 0
10500 0.0578805 0 2.5 0.27451 0.5 0 0
10510 0.0578805 0 2.5 0.266667 0.5 0 0
10520 0.0578805 0 2.5 0.270588 0.5 0 0
10530 0.0578805 0 2.5 0.270588 0.5 0 0
10540 0.0579178 0 2.5 0.266667 0.5 0 0
10550 0.0579178 0 2.5 0.266667 0.5 0 0
10560 0.0588854 0 2.5 0.266667 0.5 0 0
10570 0.0588854 0 2.5 0.262745 0.5 0 0
10580 0.0596157 0 2.5 0.266667 0.5 0 0
10590 0.0596157 0 2.5 0.266667 0.5 0 0
10600 0.0601624 0 2.5 0.270588 0.5 0 0
10610 0.0601624 0 2.5 0.270588 0.5 0 0
10620 0.0603089 0 2.5 0.270588 0.5 0 0
10630 0.0603089 0 2.5 0.270588 0.5 0 0
10640 0.0603797 0 2.5 0.270588 0.5 0 0
10650 0.0603797 0 2.5 0.270588 0.5 0 0
10660 0.0603796 0 2.5 0.270588 0.5 0 0
10670 0.0603796 0 2.5 0.27451 0.5 0 0
10680 0.0602355 0 2.5 0.270588 0.5 0 0
10690 0.0602355 0 2.5 0.270588 0.5 0 0
10700 0.0598964 0 2.5 0.270588 0.5 0 0
10710 0.0598964 0 2.5 0.278431 0.5 0 0
10720 0.0593805 0 2.5 0.290196 0.5 0 0
10730 0.0593805 0 2.5 0.305882 0.5 0 0
10740 0.0588952 0 2.5 0.301961 0.5 0 0
10750 0.0588952 0 2.5 0.309804 0.5 0 0
10760 0.0579628 0 2.5 0.290196 0.5 0 0
10770 0.0579628 0 2.5 0.278431 0.5 0 0
10780 0.056658 0 2.5 0.301961 0.5 0 0
10790 0.056658 0 2.5 0.27451 0.5 0 0
10800 0.0558792 0 2.5 0.282353 0.5 0 0
10810 0.0558792 0 2.5 0.345098 0.5 0 0
10820 0.056186 0 2.5 0.32549 0.5 0 0
10830 0.056186 0 2.5 0.301961 0.5 0 0
10840 0.0564701 0 2.5 0.270588 0.5 0 0
10850 0.0564701 0 2.5 0.247059 0.5 0 0
10860 0.0559107 0 2.5 0.243137 0.5 0 0
10870 0.0559107 0 2.5 0.239216 0.5 0 0
10880 0.055752 0 2.5 0.247059 0.5 0 0
10890 0.055752 0 2.5 0.247059 0.5 0 0
10900 0.055839 0 2.5 0.247059 0.5 0 0
10910 0.055839 0 2.5 0.254902 0.5 0 0
10920 0.0558353 0 2.5 0.25098 0.5 0 0
10930 0.0558353 0 2.5 0.254902 0.5 0 0
10940 0.0558353 0 2.5 0.25098 0.5 0 0
10950 0.0558353 0 2.5 0.25098 0.5 0 0
10960 0.0558353 0 2.5 0.25098 0.5 0 0
10970 0.0558353 0 2.5 0.25098 0.5 0 0
10980 0.0558353 0 2.5 0.25098 0.5 0 0
10990 0.0558353 0 2.5 0.254902 0.5 0 0
11000 0.0549463 0 2.5 0.258824 0.5 0 0
11010 0.0549463 0 2.5 0.25098 0.5 0 0
11020 0.0551854 0 2.5 0.254902 0.5 0 0
11030 0.0551854 0 2.5 0.258824 0.5 0 0
11040 0.0553004 0 2.5 0.254902 0.5 0 0
11050 0.0553004 0 2.5 0.254902 0.5 0 0
11060 0.0546938 0 2.5 0.262745 0.5 0 0
11070 0.0546938 0 2.5 0.25098 0.5 0 0
11080 0.0538841 0 2.5 0.227451 0.5 0 0
11090 0.0538841 0 2.5 0.223529 0.5 0 0
11100 0.0528771 0 2.5 0.223529 0.5 0 0
11110 0.0528771 0 2.5 0.223529 0.5 0 0
11120 0.0522928 0 2.5 0.223529 0.5 0 0
11130 0.0522928 0 2.5 0.223529 0.5 0 0
11140 0.0520452 0 2.5 0.231373 0.5 0 0
11150 0.0520452 0 2.5 0.239216 0.5 0 0
11160 0.0518084 0 2.5 0.243137 0.5 0 0
11170 0.0518084 0 2.5 0.243137 0.5 0 0
11180 0.0515279 0 2.5 0.243137 0.5 0 0
11190 0.0515279 0 2.5 0.231373 0.5 0 0
11200 0.0506076 0 2.5 0.243137 0.5 0 0
11210 0.0506076 0 2.5 0.227451 0.5 0 0
11220 0.0498332 0 2.5 0.227451 0.5 0 0
11230 0.0498332 0 2.5 0.215686 0.5 0 0
11240 0.0499548 0 2.5 0.215686 0.5 0 0
11250 0.0499548 0 2.5 0.211765 0.5 0 0
11260 0.0502226 0 2.5 0.211765 0.5 0 0
11270 0.0502226 0 2.5 0.219608 0.5 0 0
11280 0.0502446 0 2.5 0.223529 0.5 0 0
11290 0.0502446 0 2.5 0.231373 0.5 0 0
11300 0.0502931 0 2.5 0.235294 0.5 0 0
11310 0.0502931 0 2.5 0.231373 0.5 0 0
11320 0.0502673 0 2.5 0.231373 0.5 0 0
11330 0.0502673 0 2.5 0.231373 0.5 0 0
11340 0.0502563 0 2.5 0.231373 0.5 0 0
11350 0.0502563 0 2.5 0.231373 0.5 0 0
11360 0.049877 0 2.5 0.215686 0.5 0 0
11370 0.049877 0 2.5 0.215686 0.5 0 0
11380 0.0489551 0 2.5 0.215686 0.5 0 0
11390 0.0489551 0 2.5 0.211765 0.5 0 0
11400 0.0487481 0 2.5 0.215686 0.5 0 0
11410 0.0487481 0 2.5 0.219608 0.5 0 0
11420 0.0485561 0 2.5 0.215686 0.5 0 0
11430 0.0485561 0 2.5 0.211765 0.5 0 0
11440 0.0479388 0 2.5 0.207843 0.5 0 0
11450 0.0479388 0 2.5 0.207843 0.5 0 0
11460 0.0470728 0 2.5 0.207843 0.5 0 0
11470 0.0470728 0 2.5 0.207843 0.5 0 0
11480 0.046358 0 2.5 0.207843 0.5 0 0
11490 0.046358 0 2.5 0.207843 0.5 0 0
11500 0.045897 0 2.5 0.207843 0.5 0 0
11510 0.045897 0 2.5 0.207843 0.5 0 0
11520 0.045695 0 2.5 0.207843 0.5 0 0
11530 0.045695 0 2.5 0.211765 0.5 0 0
11540 0.0455685 0 2.5 0.207843 0.5 0 0
11550 0.0455685 0 2.5 0.207843 0.5 0 0
11560 0.0453538 0 2.5 0.207843 0.5 0 0
11570 0.0453538 0 2.5 0.207843 0.5 0 0
11580 0.0452326 0 2.5 0.211765 0.5 0 0
11590 0.0452326 0 2.5 0.207843 0.5 0 0
11600 0.0452324 0 2.5 0.211765 0.5 0 0
11610 0.0452324 0 2.5 0.207843 0.5 0 0
11620 0.0452324 0 2.5 0.207843 0.5 0 0
11630 0.0452324 0 2.5 0.211765 0.5 0 0
11640 0.0452324 0 2.5 0.207843 0.5 0 0
11650 0.0452324 0 2.5 0.211765 0.5 0 0
11660 0.0452324 0 2.5 0.211765 0.5 0 0
11670 0.0452324 0 2.5 0.211765 0.5 0 0
11680 0.0452324 0 2.5 0.207843 0.5 0 0
11690 0.0452324 0 2.5 0.211765 0.5 0 0
11700 0.0452293 0 2.5 0.207843 0.5 0 0
11710 0.0452293 0 2.5 0.207843 0.5 0 0
11720 0.0452538 0 2.5 0.207843 0.5 0 0
11730 0.0452538 0 2.5 0.211765 0.5 0 0
11740 0.0457074 0 2.5 0.203922 0.5 0 0
11750 0.0457074 0 2.5 0.207843 0.5 0 0
11760 0.0461865 0 2.5 0.215686 0.5 0 0
11770 0.0461865 0 2.5 0.219608 0.5 0 0
11780 0.0462961 0 2.5 0.219608 0.5 0 0
11790 0.0462961 0 2.5 0.215686 0.5 0 0
11800 0.0462806 0 2.5 0.215686 0.5 0 0
11810 0.0462806 0 2.5 0.215686 0.5 0 0
11820 0.0459253 0 2.5 0.203922 0.5 0 0
11830 0.0459253 0 2.5 0.192157 0.5 0 0
11840 0.0449485 0 2.5 0.184314 0.5 0 0
11850 0.0449485 0 2.5 0.188235 0.5 0 0
11860 0.044401 0 2.5 0.196078 0.5 0 0
11870 0.044401 0 2.5 0.192157 0.5 0 0
11880 0.0443565 0 2.5 0.192157 0.5 0 0
11890 0.0443565 0 2.5 0.196078 0.5 0 0
11900 0.0443565 0 2.5 0.192157 0.5 0 0
11910 0.0443565 0 2.5 0.196078 0.5 0 0
11920 0.0442633 0 2.5 0.192157 0.5 0 0
11930 0.0442633 0 2.5 0.196078 0.5 0 0
11940 0.0439504 0 2.5 0.196078 0.5 0 0
11950 0.0439504 0 2.5 0.2 0.5 0 0
11960 0.0437537 0 2.5 0.196078 0.5 0 0
11970 0.0437537 0 2.5 0.196078 0.5 0 0
11980 0.0436935 0 2.5 0.192157 0.5 0 0
11990 0.0436935 0 2.5 0.176471 0.5 0 0
12000 0.0441415 0 2.5 0.180392 0.5 0 0
12010 0.0441415 0 2.5 0.188235 0.5 0 0
12020 0.0440728 0 2.5 0.196078 0.5 0 0
12030 0.0440728 0 2.5 0.192157 0.5 0 0
12040 0.0440724 0 2.5 0.192157 0.5 0 0
12050 0.0440724 0 2.5 0.192157 0.5 0 0
12060 0.0440724 0 2.5 0.192157 0.5 0 0
12070 0.0440724 0 2.5 0.192157 0.5 0 0
12080 0.0440724 0 2.5 0.192157 0.5 0 0
12090 0.0440724 0 2.5 0.192157 0.5 0 0
12100 0.0437509 0 2.5 0.188235 0.5 0 0
12110 0.0437509 0 2.5 0.180392 0.5 0 0
12120 0.0428994 0 2.5 0.168627 0.5 0 0
12130 0.0428994 0 2.5 0.172549 0.5 0 0
12140 0.0426061 0 2.5 0.176471 0.5 0 0
12150 0.0426061 0 2.5 0.180392 0.5 0 0
12160 0.0425322 0 2.5 0.184314 0.5 0 0
12170 0.0425322 0 2.5 0.188235 0.5 0 0
12180 0.0425174 0 2.5 0.184314 0.5 0 0
12190 0.0425174 0 2.5 0.180392 0.5 0 0
12200 0.0419258 0 2.5 0.164706 0.5 0 0
12210 0.0419258 0 2.5 0.160784 0.5 0 0
12220 0.0412231 0 2.5 0.160784 0.5 0 0
12230 0.0412231 0 2.5 0.156863 0.5 0 0
12240 0.0394488 0 2.5 0.156863 0.5 0 0
12250 0.0394488 0 2.5 0.160784 0.5 0 0
12260 0.0389782 0 2.5 0.156863 0.5 0 0
12270 0.0389782 0 2.5 0.160784 0.5 0 0
12280 0.038819 0 2.5 0.160784 0.5 0 0
12290 0.038819 0 2.5 0.160784 0.5 0 0
12300 0.0386355 0 2.5 0.160784 0.5 0 0
12310 0.0386355 0 2.5 0.160784 0.5 0 0
12320 0.0382416 0 2.5 0.160784 0.5 0 0
12330 0.0382416 0 2.5 0.156863 0.5 0 0
12340 0.0382402 0 2.5 0.160784 0.5 0 0
12350 0.0382402 0 2.5 0.160784 0.5 0 0
12360 0.0383514 0 2.5 0.160784 0.5 0 0
12370 0.0383514 0 2.5 0.160784 0.5 0 0
12380 0.0387078 0 2.5 0.152941 0.5 0 0
12390 0.0387078 0 2.5 0.156863 0.5 0 0
12400 0.0389803 0 2.5 0.164706 0.5 0 0
12410 0.0389803 0 2.5 0.172549 0.5 0 0
12420 0.039004 0 2.5 0.168627 0.5 0 0
12430 0.039004 0 2.5 0.168627 0.5 0 0
12440 0.0389555 0 2.5 0.176471 0.5 0 0
12450 0.0389555 0 2.5 0.176471 0.5 0 0
12460 0.0384341 0 2.5 0.172549 0.5 0 0
12470 0.0384341 0 2.5 0.172549 0.5 0 0
12480 0.03807 0 2.5 0.168627 0.5 0 0
12490 0.03807 0 2.5 0.168627 0.5 0 0
12500 0.0376914 0 2.5 0.164706 0.5 0 0
12510 0.0376914 0 2.5 0.160784 0.5 0 0
12520 0.0373152 0 2.5 0.160784 0.5 0 0
12530 0.0373152 0 2.5 0.152941 0.5 0 0
12540 0.0365888 0 2.5 0.14902 0.5 0 0
12550 0.0365888 0 2.5 0.141176 0.5 0 0
12560 0.0357115 0 2.5 0.14902 0.5 0 0
12570 0.0357115 0 2.5 0.152941 0.5 0 0
12580 0.0353629 0 2.5 0.156863 0.5 0 0
12590 0.0353629 0 2.5 0.152941 0.5 0 0
12600 0.0352351 0 2.5 0.152941 0.5 0 0
12610 0.0352351 0 2.5 0.152941 0.5 0 0
12620 0.0346416 0 2.5 0.141176 0.5 0 0
12630 0.0346416 0 2.5 0.141176 0.5 0 0
12640 0.0337185 0 2.5 0.141176 0.5 0 0
12650 0.0337185 0 2.5 0.141176 0.5 0 0
12660 0.0334046 0 2.5 0.141176 0.5 0 0
12670 0.0334046 0 2.5 0.141176 0.5 0 0
12680 0.0333998 0 2.5 0.141176 0.5 0 0
12690 0.0333998 0 2.5 0.141176 0.5 0 0
12700 0.0333998 0 2.5 0.137255 0.5 0 0
12710 0.0333998 0 2.5 0.141176 0.5 0 0
12720 0.0333998 0 2.5 0.141176 0.5 0 0
12730 0.0333998 0 2.5 0.141176 0.5 0 0
12740 0.0334043 0 2.5 0.141176 0.5 0 0
12750 0.0334043 0 2.5 0.141176 0.5 0 0
12760 0.0334155 0 2.5 0.141176 0.5 0 0
12770 0.0334155 0 2.5 0.141176 0.5 0 0
12780 0.0335347 0 2.5 0.141176 0.5 0 0
12790 0.0335347 0 2.5 0.137255 0.5 0 0
12800 0.0341659 0 2.5 0.141176 0.5 0 0
12810 0.0341659 0 2.5 0.145098 0.5 0 0
12820 0.0347444 0 2.5 0.14902 0.5 0 0
12830 0.0347444 0 2.5 0.152941 0.5 0 0
12840 0.0348687 0 2.5 0.152941 0.5 0 0
12850 0.0348687 0 2.5 0.156863 0.5 0 0
12860 0.0348407 0 2.5 0.152941 0.5 0 0
12870 0.0348407 0 2.5 0.156863 0.5 0 0
12880 0.0348059 0 2.5 0.156863 0.5 0 0
12890 0.0348059 0 2.5 0.145098 0.5 0 0
12900 0.0339196 0 2.5 0.145098 0.5 0 0
12910 0.0339196 0 2.5 0.14902 0.5 0 0
12920 0.0334944 0 2.5 0.14902 0.5 0 0
12930 0.0334944 0 2.5 0.152941 0.5 0 0
12940 0.0333885 0 2.5 0.152941 0.5 0 0
12950 0.0333885 0 2.5 0.152941 0.5 0 0
12960 0.0331245 0 2.5 0.14902 0.5 0 0
12970 0.0331245 0 2.5 0.141176 0.5 0 0
12980 0.0326615 0 2.5 0.129412 0.5 0 0
12990 0.0326615 0 2.5 0.12549 0.5 0 0
13000 0.0321224 0 2.5 0.12549 0.5 0 0
13010 0.0321224 0 2.5 0.129412 0.5 0 0
13020 0.031639 0 2.5 0.129412 0.5 0 0
13030 0.031639 0 2.5 0.129412 0.5 0 0
13040 0.031417 0 2.5 0.129412 0.5 0 0
13050 0.031417 0 2.5 0.133333 0.5 0 0
13060 0.0311494 0 2.5 0.133333 0.5 0 0
13070 0.0311494 0 2.5 0.129412 0.5 0 0
13080 0.0307325 0 2.5 0.129412 0.5 0 0
13090 0.0307325 0 2.5 0.129412 0.5 0 0
13100 0.030494 0 2.5 0.12549 0.5 0 0
13110 0.030494 0 2.5 0.117647 0.5 0 0
13120 0.0298774 0 2.5 0.113725 0.5 0 0
13130 0.0298774 0 2.5 0.113725 0.5 0 0
13140 0.0292365 0 2.5 0.117647 0.5 0 0
13150 0.0292365 0 2.5 0.121569 0.5 0 0
13160 0.0289665 0 2.5 0.117647 0.5 0 0
13170 0.0289665 0 2.5 0.121569 0.5 0 0
13180 0.0288613 0 2.5 0.121569 0.5 0 0
13190 0.0288613 0 2.5 0.117647 0.5 0 0
13200 0.0283067 0 2.5 0.113725 0.5 0 0
13210 0.0283067 0 2.5 0.117647 0.5 0 0
13220 0.0275595 0 2.5 0.121569 0.5 0 0
13230 0.0275595 0 2.5 0.121569 0.5 0 0
13240 0.0272689 0 2.5 0.121569 0.5 0 0
13250 0.0272689 0 2.5 0.121569 0.5 0 0
13260 0.0271397 0 2.5 0.121569 0.5 0 0
13270 0.0271397 0 2.5 0.121569 0.5 0 0
13280 0.0267133 0 2.5 0.117647 0.5 0 0
13290 0.0267133 0 2.5 0.105882 0.5 0 0
13300 0.0260964 0 2.5 0.101961 0.5 0 0
13310 0.0260964 0 2.5 0.101961 0.5 0 0
13320 0.0255276 0 2.5 0.105882 0.5 0 0
13330 0.0255276 0 2.5 0.105882 0.5 0 0
13340 0.0253181 0 2.5 0.109804 0.5 0 0
13350 0.0253181 0 2.5 0.109804 0.5 0 0
13360 0.0251982 0 2.5 0.109804 0.5 0 0
13370 0.0251982 0 2.5 0.109804 0.5 0 0
13380 0.0251108 0 2.5 0.109804 0.5 0 0
13390 0.0251108 0 2.5 0.109804 0.5 0 0
13400 0.0250644 0 2.5 0.109804 0.5 0 0
13410 0.0250644 0 2.5 0.105882 0.5 0 0
13420 0.0247642 0 2.5 0.109804 0.5 0 0
13430 0.0247642 0 2.5 0.109804 0.5 0 0
13440 0.0245902 0 2.5 0.113725 0.5 0 0
13450 0.0245902 0 2.5 0.113725 0.5 0 0
13460 0.0245067 0 2.5 0.113725 0.5 0 0
13470 0.0245067 0 2.5 0.113725 0.5 0 0
13480 0.0242426 0 2.5 0.113725 0.5 0 0
13490 0.0242426 0 2.5 0.113725 0.5 0 0
13500 0.0239179 0 2.5 0.113725 0.5 0 0
13510 0.0239179 0 2.5 0.109804 0.5 0 0
13520 0.023418 0 2.5 0.101961 0.5 0 0
13530 0.023418 0 2.5 0.101961 0.5 0 0
13540 0.022935 0 2.5 0.101961 0.5 0 0
13550 0.022935 0 2.5 0.0980392 0.5 0 0
13560 0.0225746 0 2.5 0.0980392 0.5 0 0
13570 0.0225746 0 2.5 0.0980392 0.5 0 0
13580 0.0222848 0 2.5 0.0980392 0.5 0 0
13590 0.0222848 0 2.5 0.0941176 0.5 0 0
13600 0.0219921 0 2.5 0.0980392 0.5 0 0
13610 0.0219921 0 2.5 0.0980392 0.5 0 0
13620 0.0216501 0 2.5 0.0941176 0.5 0 0
13630 0.0216501 0 2.5 0.0980392 0.5 0 0
13640 0.0215267 0 2.5 0.0980392 0.5 0 0
13650 0.0215267 0 2.5 0.0980392 0.5 0 0
13660 0.0213026 0 2.5 0.0980392 0.5 0 0
13670 0.0213026 0 2.5 0.0980392 0.5 0 0
13680 0.0212728 0 2.5 0.0941176 0.5 0 0
13690 0.0212728 0 2.5 0.0980392 0.5 0 0
13700 0.0212725 0 2.5 0.0980392 0.5 0 0
13710 0.0212725 0 2.5 0.0980392 0.5 0 0
13720 0.0212468 0 2.5 0.0980392 0.5 0 0
13730 0.0212468 0 2.5 0.0980392 0.5 0 0
13740 0.021507 0 2.5 0.101961 0.5 0 0
13750 0.021507 0 2.5 0.101961 0.5 0 0
13760 0.0215105 0 2.5 0.105882 0.5 0 0
13770 0.0215105 0 2.5 0.105882 0.5 0 0
13780 0.0215103 0 2.5 0.105882 0.5 0 0
13790 0.0215103 0 2.5 0.105882 0.5 0 0
13800 0.0215103 0 2.5 0.101961 0.5 0 0
13810 0.0215103 0 2.5 0.101961 0.5 0 0
13820 0.0214857 0 2.5 0.101961 0.5 0 0
13830 0.0214857 0 2.5 0.0980392 0.5 0 0
13840 0.0209007 0 2.5 0.0901961 0.5 0 0
13850 0.0209007 0 2.5 0.0901961 0.5 0 0
13860 0.0202508 0 2.5 0.0901961 0.5 0 0
13870 0.0202508 0 2.5 0.0901961 0.5 0 0
13880 0.02009 0 2.5 0.0941176 0.5 0 0
13890 0.02009 0 2.5 0.0941176 0.5 0 0
13900 0.0199847 0 2.5 0.0941176 0.5 0 0
13910 0.0199847 0 2.5 0.0980392 0.5 0 0
13920 0.0199141 0 2.5 0.0980392 0.5 0 0
13930 0.0199141 0 2.5 0.0941176 0.5 0 0
13940 0.0196658 0 2.5 0.0941176 0.5 0 0
13950 0.0196658 0 2.5 0.0901961 0.5 0 0
13960 0.0191636 0 2.5 0.0901961 0.5 0 0
13970 0.0191636 0 2.5 0.0862745 0.5 0 0
13980 0.0184394 0 2.5 0.0862745 0.5 0 0
13990 0.0184394 0 2.5 0.0862745 0.5 0 0
14000 0.0178176 0 2.5 0.0901961 0.5 0 0
14010 0.0178176 0 2.5 0.0901961 0.5 0 0
14020 0.0175126 0 2.5 0.0901961 0.5 0 0
14030 0.0175126 0 2.5 0.0941176 0.5 0 0
14040 0.0172053 0 2.5 0.0941176 0.5 0 0
14050 0.0172053 0 2.5 0.0941176 0.5 0 0
14060 0.0170515 0 2.5 0.0941176 0.5 0 0
14070 0.0170515 0 2.5 0.0901961 0.5 0 0
14080 0.0167987 0 2.5 0.0901961 0.5 0 0
14090 0.0167987 0 2.5 0.0862745 0.5 0 0
14100 0.0162789 0 2.5 0.0823529 0.5 0 0
14110 0.0162789 0 2.5 0.0784314 0.5 0 0
14120 0.0156131 0 2.5 0.0823529 0.5 0 0
14130 0.0156131 0 2.5 0.0823529 0.5 0 0
14140 0.0152322 0 2.5 0.0823529 0.5 0 0
14150 0.0152322 0 2.5 0.0823529 0.5 0 0
14160 0.0150474 0 2.5 0.0823529 0.5 0 0
14170 0.0150474 0 2.5 0.0823529 0.5 0 0
14180 0.014698 0 2.5 0.0784314 0.5 0 0
14190 0.014698 0 2.5 0.0823529 0.5 0 0
14200 0.0140925 0 2.5 0.0823529 0.5 0 0
14210 0.0140925 0 2.5 0.0823529 0.5 0 0
14220 0.0137048 0 2.5 0.0823529 0.5 0 0
14230 0.0137048 0 2.5 0.0823529 0.5 0 0
14240 0.0134038 0 2.5 0.0823529 0.5 0 0
14250 0.0134038 0 2.5 0.0823529 0.5 0 0
14260 0.0130724 0 2.5 0.0823529 0.5 0 0
14270 0.0130724 0 2.5 0.0784314 0.5 0 0
14280 0.0126105 0 2.5 0.0784314 0.5 0 0
14290 0.0126105 0 2.5 0.0745098 0.5 0 0
14300 0.0120112 0 2.5 0.0745098 0.5 0 0
14310 0.0120112 0 2.5 0.0784314 0.5 0 0
14320 0.0117238 0 2.5 0.0745098 0.5 0 0
14330 0.0117238 0 2.5 0.0784314 0.5 0 0
14340 0.0114424 0 2.5 0.0784314 0.5 0 0
14350 0.0114424 0 2.5 0.0784314 0.5 0 0
14360 0.0114069 0 2.5 0.0784314 0.5 0 0
14370 0.0114069 0 2.5 0.0784314 0.5 0 0
14380 0.0114069 0 2.5 0.0784314 0.5 0 0
14390 0.0114069 0 2.5 0.0745098 0.5 0 0
14400 0.0114069 0 2.5 0.0784314 0.5 0 0
14410 0.0114069 0 2.5 0.0784314 0.5 0 0
14420 0.0114069 0 2.5 0.0784314 0.5 0 0
14430 0.0114069 0 2.5 0.0784314 0.5 0 0
14440 0.0114069 0 2.5 0.0784314 0.5 0 0
14450 0.0114069 0 2.5 0.0745098 0.5 0 0
14460 0.0114069 0 2.5 0.0784314 0.5 0 0
14470 0.0114069 0 2.5 0.0784314 0.5 0 0
14480 0.0114618 0 2.5 0.0784314 0.5 0 0
14490 0.0114618 0 2.5 0.0784314 0.5 0 0
14500 0.0115706 0 2.5 0.0745098 0.5 0 0
14510 0.0115706 0 2.5 0.0745098 0.5 0 0
14520 0.0116296 0 2.5 0.0784314 0.5 0 0
14530 0.0116296 0 2.5 0.0784314 0.5 0 0
14540 0.0116255 0 2.5 0.0784314 0.5 0 0
14550 0.0116255 0 2.5 0.0784314 0.5 0 0
14560 0.0116212 0 2.5 0.0784314 0.5 0 0
14570 0.0116212 0 2.5 0.0784314 0.5 0 0
14580 0.0115355 0 2.5 0.0784314 0.5 0 0
14590 0.0115355 0 2.5 0.0784314 0.5 0 0
14600 0.0113647 0 2.5 0.0745098 0.5 0 0
14610 0.0113647 0 2.5 0.0745098 0.5 0 0
14620 0.0111081 0 2.5 0.0705882 0.5 0 0
14630 0.0111081 0 2.5 0.0705882 0.5 0 0
14640 0.0106213 0 2.5 0.0745098 0.5 0 0
14650 0.0106213 0 2.5 0.0745098 0.5 0 0
14660 0.010504 0 2.5 0.0745098 0.5 0 0
14670 0.010504 0 2.5 0.0745098 0.5 0 0
14680 0.0104961 0 2.5 0.0745098 0.5 0 0
14690 0.0104961 0 2.5 0.0745098 0.5 0 0
14700 0.0102512 0 2.5 0.0705882 0.5 0 0
14710 0.0102512 0 2.5 0.0666667 0.5 0 0
14720 0.00982522 0 2.5 0.0627451 0.5 0 0
14730 0.00982522 0 2.5 0.0666667 0.5 0 0
14740 0.00915215 0 2.5 0.0666667 0.5 0 0
14750 0.00915215 0 2.5 0.0666667 0.5 0 0
14760 0.00878173 0 2.5 0.0666667 0.5 0 0
14770 0.00878173 0 2.5 0.0666667 0.5 0 0
14780 0.00866476 0 2.5 0.0666667 0.5 0 0
14790 0.00866476 0 2.5 0.0666667 0.5 0 0
14800 0.0083876 0 2.5 0.0627451 0.5 0 0
14810 0.0083876 0 2.5 0.0627451 0.5 0 0
14820 0.00800601 0 2.5 0.0588235 0.5 0 0
14830 0.00800601 0 2.5 0.0627451 0.5 0 0
14840 0.00772749 0 2.5 0.0627451 0.5 0 0
14850 0.00772749 0 2.5 0.0627451 0.5 0 0
14860 0.00713557 0 2.5 0.0588235 0.5 0 0
14870 0.00713557 0 2.5 0.054902 0.5 0 0
14880 0.00661016 0 2.5 0.0588235 0.5 0 0
14890 0.00661016 0 2.5 0.0588235 0.5 0 0
14900 0.00627605 0 2.5 0.0588235 0.5 0 0
14910 0.00627605 0 2.5 0.0588235 0.5 0 0
14920 0.00604509 0 2.5 0.0588235 0.5 0 0
14930 0.00604509 0 2.5 0.0588235 0.5 0 0
14940 0.00598894 0 2.5 0.0588235 0.5 0 0
14950 0.00598894 0 2.5 0.0588235 0.5 0 0
14960 0.00596755 0 2.5 0.0588235 0.5 0 0
14970 0.00596755 0 2.5 0.0588235 0.5 0 0
14980 0.00589608 0 2.5 0.0588235 0.5 0 0
14990 0.00589608 0 2.5 0.0588235 0.5 0 0
15000 0.00579931 0 2.5 0.054902 0.5 0 0
15010 0.00579931 0 2.5 0.0588235 0.5 0 0
15020 0.00568206 0 2.5 0.0588235 0.5 0 0
15030 0.00568206 0 2.5 0.0588235 0.5 0 0
15040 0.00560636 0 2.5 0.054902 0.5 0 0
15050 0.00560636 0 2.5 0.0588235 0.5 0 0
15060 0.00558131 0 2.5 0.0588235 0.5 0 0
15070 0.00558131 0 2.5 0.0588235 0.5 0 0
15080 0.00558131 0 2.5 0.0588235 0.5 0 0
15090 0.00558131 0 2.5 0.0588235 0.5 0 0
15100 0.00558008 0 2.5 0.0588235 0.5 0 0
15110 0.00558008 0 2.5 0.0588235 0.5 0 0
15120 0.00559554 0 2.5 0.054902 0.5 0 0
15130 0.00559554 0 2.5 0.0588235 0.5 0 0
15140 0.00576061 0 2.5 0.0588235 0.5 0 0
15150 0.00576061 0 2.5 0.0588235 0.5 0 0
15160 0.00580082 0 2.5 0.0588235 0.5 0 0
15170 0.00580082 0 2.5 0.0588235 0.5 0 0
15180 0.00587337 0 2.5 0.0588235 0.5 0 0
15190 0.00587337 0 2.5 0.0588235 0.5 0 0
15200 0.00582755 0 2.5 0.0588235 0.5 0 0
15210 0.00582755 0 2.5 0.0588235 0.5 0 0
15220 0.00580386 0 2.5 0.0627451 0.5 0 0
15230 0.00580386 0 2.5 0.0588235 0.5 0 0
15240 0.00577485 0 2.5 0.0627451 0.5 0 0
15250 0.00577485 0 2.5 0.0627451 0.5 0 0
15260 0.00564693 0 2.5 0.0627451 0.5 0 0
15270 0.00564693 0 2.5 0.0627451 0.5 0 0
15280 0.00556613 0 2.5 0.0627451 0.5 0 0
15290 0.00556613 0 2.5 0.0627451 0.5 0 0
15300 0.0054774 0 2.5 0.0666667 0.5 0 0
15310 0.0054774 0 2.5 0.0627451 0.5 0 0
15320 0.00532686 0 2.5 0.0627451 0.5 0 0
15330 0.00532686 0 2.5 0.0588235 0.5 0 0
15340 0.00523166 0 2.5 0.0588235 0.5 0 0
15350 0.00523166 0 2.5 0.0627451 0.5 0 0
15360 0.00509036 0 2.5 0.0627451 0.5 0 0
15370 0.00509036 0 2.5 0.0627451 0.5 0 0
15380 0.00500695 0 2.5 0.0666667 0.5 0 0
15390 0.00500695 0 2.5 0.0627451 0.5 0 0
15400 0.00496422 0 2.5 0.0666667 0.5 0 0
15410 0.00496422 0 2.5 0.0666667 0.5 0 0
15420 0.00487531 0 2.5 0.0627451 0.5 0 0
15430 0.00487531 0 2.5 0.054902 0.5 0 0
15440 0.00491262 0 2.5 0.0588235 0.5 0 0
15450 0.00491262 0 2.5 0.0588235 0.5 0 0
15460 0.00487337 0 2.5 0.0588235 0.5 0 0
15470 0.00487337 0 2.5 0.0627451 0.5 0 0
15480 0.00489704 0 2.5 0.0627451 0.5 0 0
15490 0.00489704 0 2.5 0.0666667 0.5 0 0
15500 0.00488454 0 2.5 0.0627451 0.5 0 0
15510 0.00488454 0 2.5 0.0627451 0.5 0 0
15520 0.00490191 0 2.5 0.0627451 0.5 0 0
15530 0.00490191 0 2.5 0.0666667 0.5 0 0
15540 0.00496293 0 2.5 0.0666667 0.5 0 0
15550 0.00496293 0 2.5 0.0666667 0.5 0 0
15560 0.00499133 0 2.5 0.0627451 0.5 0 0
15570 0.00499133 0 2.5 0.0627451 0.5 0 0
15580 0.0049613 0 2.5 0.0627451 0.5 0 0
15590 0.0049613 0 2.5 0.0627451 0.5 0 0
15600 0.00494771 0 2.5 0.0705882 0.5 0 0
15610 0.00494771 0 2.5 0.0745098 0.5 0 0
15620 0.00492521 0 2.5 0.0784314 0.5 0 0
15630 0.00492521 0 2.5 0.0705882 0.5 0 0
15640 0.00486063 0 2.5 0.0705882 0.5 0 0
15650 0.00486063 0 2.5 0.0705882 0.5 0 0
15660 0.00478306 0 2.5 0.0666667 0.5 0 0
15670 0.00478306 0 2.5 0.0627451 0.5 0 0
15680 0.00488525 0 2.5 0.0588235 0.5 0 0
15690 0.00488525 0 2.5 0.0627451 0.5 0 0
15700 0.00490697 0 2.5 0.0588235 0.5 0 0
15710 0.00490697 0 2.5 0.0588235 0.5 0 0
15720 0.00499101 0 2.5 0.0588235 0.5 0 0
15730 0.00499101 0 2.5 0.054902 0.5 0 0
15740 0.00500736 0 2.5 0.054902 0.5 0 0
15750 0.00500736 0 2.5 0.054902 0.5 0 0
15760 0.00507756 0 2.5 0.054902 0.5 0 0
15770 0.00507756 0 2.5 0.0588235 0.5 0 0
15780 0.00523605 0 2.5 0.054902 0.5 0 0
15790 0.00523605 0 2.5 0.054902 0.5 0 0
15800 0.00526897 0 2.5 0.054902 0.5 0 0
15810 0.00526897 0 2.5 0.054902 0.5 0 0
15820 0.0053939 0 2.5 0.0588235 0.5 0 0
15830 0.0053939 0 2.5 0.0588235 0.5 0 0
15840 0.00549217 0 2.5 0.0627451 0.5 0 0
15850 0.00549217 0 2.5 0.0627451 0.5 0 0
15860 0.00549776 0 2.5 0.0627451 0.5 0 0
15870 0.00549776 0 2.5 0.0627451 0.5 0 0
15880 0.00549776 0 2.5 0.0627451 0.5 0 0
15890 0.00549776 0 2.5 0.0627451 0.5 0 0
15900 0.00537251 0 2.5 0.0588235 0.5 0 0
15910 0.00537251 0 2.5 0.0588235 0.5 0 0
15920 0.00524866 0 2.5 0.054902 0.5 0 0
15930 0.00524866 0 2.5 0.054902 0.5 0 0
15940 0.00506508 0 2.5 0.054902 0.5 0 0
15950 0.00506508 0 2.5 0.054902 0.5 0 0
15960 0.0048873 0 2.5 0.0588235 0.5 0 0
15970 0.0048873 0 2.5 0.054902 0.5 0 0
15980 0.00479688 0 2.5 0.0588235 0.5 0 0
15990 0.00479688 0 2.5 0.054902 0.5 0 0
16000 0.00468243 0 2.5 0.054902 0.5 0 0
16010 0.00468243 0 2.5 0.0509804 0.5 0 0
16020 0.00455061 0 2.5 0.054902 0.5 0 0
16030 0.00455061 0 2.5 0.054902 0.5 0 0
16040 0.00445561 0 2.5 0.054902 0.5 0 0
16050 0.00445561 0 2.5 0.054902 0.5 0 0
16060 0.00439579 0 2.5 0.054902 0.5 0 0
16070 0.00439579 0 2.5 0.0627451 0.5 0 0
16080 0.00443994 0 2.5 0.0666667 0.5 0 0
16090 0.00443994 0 2.5 0.0627451 0.5 0 0
16100 0.00442429 0 2.5 0.0627451 0.5 0 0
16110 0.00442429 0 2.5 0.0627451 0.5 0 0
16120 0.00432042 0 2.5 0.054902 0.5 0 0
16130 0.00432042 0 2.5 0.0470588 0.5 0 0
16140 0.00428538 0 2.5 0.0509804 0.5 0 0
16150 0.00428538 0 2.5 0.0509804 0.5 0 0
16160 0.00432979 0 2.5 0.0509804 0.5 0 0
16170 0.00432979 0 2.5 0.0509804 0.5 0 0
16180 0.00429048 0 2.5 0.0509804 0.5 0 0
16190 0.00429048 0 2.5 0.0509804 0.5 0 0
16200 0.00422748 0 2.5 0.0509804 0.5 0 0
16210 0.00422748 0 2.5 0.054902 0.5 0 0
16220 0.00422729 0 2.5 0.0588235 0.5 0 0
16230 0.00422729 0 2.5 0.0588235 0.5 0 0
16240 0.00422975 0 2.5 0.0588235 0.5 0 0
16250 0.00422975 0 2.5 0.0627451 0.5 0 0
16260 0.00424387 0 2.5 0.0588235 0.5 0 0
16270 0.00424387 0 2.5 0.0627451 0.5 0 0
16280 0.00426676 0 2.5 0.0627451 0.5 0 0
16290 0.00426676 0 2.5 0.0666667 0.5 0 0
16300 0.00429453 0 2.5 0.0666667 0.5 0 0
16310 0.00429453 0 2.5 0.0588235 0.5 0 0
16320 0.00449154 0 2.5 0.0588235 0.5 0 0
16330 0.00449154 0 2.5 0.0588235 0.5 0 0
16340 0.00450405 0 2.5 0.0627451 0.5 0 0
16350 0.00450405 0 2.5 0.0666667 0.5 0 0
16360 0.00459112 0 2.5 0.0666667 0.5 0 0
16370 0.00459112 0 2.5 0.0705882 0.5 0 0
16380 0.00472144 0 2.5 0.0666667 0.5 0 0
16390 0.00472144 0 2.5 0.0666667 0.5 0 0
16400 0.00477141 0 2.5 0.0666667 0.5 0 0
16410 0.00477141 0 2.5 0.0666667 0.5 0 0
16420 0.00485327 0 2.5 0.0627451 0.5 0 0
16430 0.00485327 0 2.5 0.0627451 0.5 0 0
16440 0.00509588 0 2.5 0.0627451 0.5 0 0
16450 0.00509588 0 2.5 0.0627451 0.5 0 0
16460 0.00525142 0 2.5 0.0627451 0.5 0 0
16470 0.00525142 0 2.5 0.0627451 0.5 0 0
16480 0.00537016 0 2.5 0.0627451 0.5 0 0
16490 0.00537016 0 2.5 0.0627451 0.5 0 0
16500 0.00539728 0 2.5 0.0627451 0.5 0 0
16510 0.00539728 0 2.5 0.0627451 0.5 0 0
16520 0.00540298 0 2.5 0.0627451 0.5 0 0
16530 0.00540298 0 2.5 0.0627451 0.5 0 0
16540 0.00531262 0 2.5 0.0627451 0.5 0 0
16550 0.00531262 0 2.5 0.0627451 0.5 0 0
16560 0.00519831 0 2.5 0.0627451 0.5 0 0
16570 0.00519831 0 2.5 0.0588235 0.5 0 0
16580 0.00503248 0 2.5 0.0588235 0.5 0 0
16590 0.00503248 0 2.5 0.0588235 0.5 0 0
16600 0.00485934 0 2.5 0.054902 0.5 0 0
16610 0.00485934 0 2.5 0.054902 0.5 0 0
16620 0.00478725 0 2.5 0.0509804 0.5 0 0
16630 0.00478725 0 2.5 0.0509804 0.5 0 0
16640 0.00474937 0.5 3 0.0509804 0.5 0 0
16650 0.00474937 0.5 3 0.0509804 0.5 0 0
16660 0.00471263 0.75 3.75 0.0509804 0.5 0 0
16670 0.00471263 0.75 3.75 0.0509804 0.5 0 0
16680 0.00470747 0.75 4.5 0.0509804 0.5 0 0
16690 0.00470747 0.75 4.5 0.0509804 0.5 0 0
16700 0.00471579 0.75 5.25 0.0509804 0.5 0 0
16710 0.00471579 0.75 5.25 0.0509804 0.5 0 0
16720 0.0047235 0.75 6 0.0509804 0.5 0 0
16730 0.0047235 0.75 6 0.0509804 0.5 0 0
16740 0.00471833 0.75 6.75 0.0509804 0.5 0 0
16750 0.00471833 0.75 6.75 0.0509804 0.5 0 0
16760 0.00471289 0.75 7.5 0.0509804 0.5 0 0
16770 0.00471289 0.75 7.5 0.0509804 0.5 0 0
16780 0.00469257 0.75 8.25 0.0509804 0.5 0 0
16790 0.00469257 0.75 8.25 0.0509804 0.5 0 0
16800 0.00466578 0.75 9 0.0509804 0.5 0 0
16810 0.00466578 0.75 9 0.0509804 0.5 0 0
16820 0.00462221 0.5 9.5 0.0509804 0.5 0 0
16830 0.00462221 0.5 9.5 0.0509804 0.5 0 0
16840 0.00448094 0.5 10 0.0509804 0.5 0 0
16850 0.00448094 0.5 10 0.0509804 0.5 0 0
16860 0.00442445 0.5 10.5 0.0509804 0.5 0 0
16870 0.00442445 0.5 10.5 0.054902 0.5 0 0
16880 0.00438183 0.5 11 0.0509804 0.5 0 0
16890 0.00438183 0.5 11 0.0509804 0.5 0 0
16900 0.00433631 0.5 11.5 0.0509804 0.5 0 0
16910 0.00433631 0.5 11.5 0.0509804 0.5 0 0
16920 0.0043373 0.5 12 0.0509804 0.5 0 0
16930 0.0043373 0.5 12 0.054902 0.5 0 0
16940 0.00437065 0.5 12.5 0.054902 0.5 0 0
16950 0.00437065 0.5 12.5 0.0509804 0.5 0 0
16960 0.00437666 0.5 13 0.054902 0.5 0 0
16970 0.00437666 0.5 13 0.0588235 0.5 0 0
16980 0.00443357 0.5 13.5 0.0588235 0.5 0 0
16990 0.00443357 0.5 13.5 0.0627451 0.5 0 0
17000 0.00446383 0.75 14.25 0.0627451 0.5 0 0
17010 0.00446383 0.75 14.25 0.0627451 0.5 0 0
17020 0.00443244 0.75 15 0.0588235 0.5 0 0
17030 0.00443244 0.75 15 0.0588235 0.5 0 0
17040 0.00426079 0.5 15.5 0.054902 0.5 0 0
17050 0.00426079 0.5 15.5 0.0509804 0.5 0 0
17060 0.00421587 0.5 16 0.0588235 0.5 0 0
17070 0.00421587 0.5 16 0.0627451 0.5 0 0
17080 0.00419046 0.5 16.5 0.0627451 0.5 0 0
17090 0.00419046 0.5 16.5 0.0627451 0.5 0 0
17100 0.00419447 0.5 17 0.0627451 0.5 0 0
17110 0.00419447 0.5 17 0.0627451 0.5 0 0
17120 0.00415863 0.5 17.5 0.054902 0.5 0 0
17130 0.00415863 0.5 17.5 0.0509804 0.5 0 0
17140 0.00418866 0 17.5 0.054902 0.5 0 0
17150 0.00418866 0 17.5 0.054902 0.5 0 0
17160 0.00424695 0 17.5 0.054902 0.5 0 0
17170 0.00424695 0 17.5 0.0588235 0.5 0 0
17180 0.00438925 0 17.5 0.0627451 0.5 0 0
17190 0.00438925 0 17.5 0.0627451 0.5 0 0
17200 0.00439986 0 17.5 0.0627451 0.5 0 0
17210 0.00439986 0 17.5 0.0627451 0.5 0 0
17220 0.00444237 0 17.5 0.0588235 0.5 0 0
17230 0.00444237 0 17.5 0.0588235 0.5 0 0
17240 0.0045311 0 17.5 0.0627451 0.5 0 0
17250 0.0045311 0 17.5 0.0588235 0.5 0 0
17260 0.00463196 0 17.5 0.054902 0.5 0 0
17270 0.00463196 0 17.5 0.054902 0.5 0 0
17280 0.00461164 0 17.5 0.054902 0.5 0 0
17290 0.00461164 0 17.5 0.054902 0.5 0 0
17300 0.00451865 0 17.5 0.0509804 0.5 0 0
17310 0.00451865 0 17.5 0.0509804 0.5 0 0
17320 0.00435147 0 17.5 0.0509804 0.5 0 0
17330 0.00435147 0 17.5 0.0509804 0.5 0 0
17340 0.00421206 0 17.5 0.054902 0.5 0 0
17350 0.00421206 0 17.5 0.054902 0.5 0 0
17360 0.00427403 0 17.5 0.0509804 0.5 0 0
17370 0.00427403 0 17.5 0.0509804 0.5 0 0
17380 0.00422029 0 17.5 0.054902 0.5 0 0
17390 0.00422029 0 17.5 0.054902 0.5 0 0
17400 0.00410562 0 17.5 0.054902 0.5 0 0
17410 0.00410562 0 17.5 0.054902 0.5 0 0
17420 0.00414573 0 17.5 0.0509804 0.5 0 0
17430 0.00414573 0 17.5 0.054902 0.5 0 0
17440 0.00431931 0 17.5 0.0588235 0.5 0 0
17450 0.00431931 0 17.5 0.0588235 0.5 0 0
17460 0.00431776 0 17.5 0.0588235 0.5 0 0
17470 0.00431776 0 17.5 0.0627451 0.5 0 0
17480 0.00429942 0 17.5 0.0627451 0.5 0 0
17490 0.00429942 0 17.5 0.0666667 0.5 0 0
17500 0.00427375 0 17.5 0.0627451 0.5 0 0
17510 0.00427375 0 17.5 0.0627451 0.5 0 0
17520 0.00428656 0 17.5 0.054902 0.5 0 0
17530 0.00428656 0 17.5 0.0509804 0.5 0 0
17540 0.00421243 0 17.5 0.0509804 0.5 0 0
17550 0.00421243 0 17.5 0.0509804 0.5 0 0
17560 0.00427557 0 17.5 0.0509804 0.5 0 0
17570 0.00427557 0 17.5 0.0509804 0.5 0 0
17580 0.00445053 0 17.5 0.054902 0.5 0 0
17590 0.00445053 0 17.5 0.054902 0.5 0 0
17600 0.00455027 0 17.5 0.054902 0.5 0 0
17610 0.00455027 0 17.5 0.0588235 0.5 0 0
17620 0.00462765 0 17.5 0.0588235 0.5 0 0
17630 0.00462765 0 17.5 0.0588235 0.5 0 0
17640 0.00459556 0 17.5 0.054902 0.5 0 0
17650 0.00459556 0 17.5 0.054902 0.5 0 0
17660 0.00465967 0 17.5 0.054902 0.5 0 0
17670 0.00465967 0 17.5 0.054902 0.5 0 0
17680 0.00469562 0 17.5 0.054902 0.5 0 0
17690 0.00469562 0 17.5 0.054902 0.5 0 0
17700 0.00481478 0 17.5 0.054902 0.5 0 0
17710 0.00481478 0 17.5 0.054902 0.5 0 0
17720 0.00484132 0 17.5 0.0588235 0.5 0 0
17730 0.00484132 0 17.5 0.0588235 0.5 0 0
17740 0.00481628 0 17.5 0.0588235 0.5 0 0
17750 0.00481628 0 17.5 0.0588235 0.5 0 0
17760 0.00473819 0 17.5 0.0588235 0.5 0 0
17770 0.00473819 0 17.5 0.0588235 0.5 0 0
17780 0.00458701 0 17.5 0.054902 0.5 0 0
17790 0.00458701 0 17.5 0.054902 0.5 0 0
17800 0.00450101 0 17.5 0.0588235 0.5 0 0
17810 0.00450101 0 17.5 0.0588235 0.5 0 0
17820 0.00441498 0 17.5 0.0588235 0.5 0 0
17830 0.00441498 0 17.5 0.054902 0.5 0 0
17840 0.00433804 0 17.5 0.054902 0.5 0 0
17850 0.00433804 0 17.5 0.0588235 0.5 0 0
17860 0.00425032 0 17.5 0.054902 0.5 0 0
17870 0.00425032 0 17.5 0.054902 0.5 0 0
17880 0.00419904 0 17.5 0.054902 0.5 0 0
17890 0.00419904 0 17.5 0.0588235 0.5 0 0
17900 0.00421699 0 17.5 0.0588235 0.5 0 0
17910 0.00421699 0 17.5 0.0627451 0.5 0 0
17920 0.00425502 0 17.5 0.0666667 0.5 0 0
17930 0.00425502 0 17.5 0.0666667 0.5 0 0
17940 0.00428343 0 17.5 0.0666667 0.5 0 0
17950 0.00428343 0 17.5 0.0705882 0.5 0 0
17960 0.00427426 0 17.5 0.0666667 0.5 0 0
17970 0.00427426 0 17.5 0.0627451 0.5 0 0
17980 0.00421912 0 17.5 0.0627451 0.5 0 0
17990 0.00421912 0 17.5 0.0588235 0.5 0 0
18000 0.00417947 0 17.5 0.054902 0.5 0 0
18010 0.00417947 0 17.5 0.0509804 0.5 0 0
18020 0.00422923 0 17.5 0.054902 0.5 0 0
18030 0.00422923 0 17.5 0.0588235 0.5 0 0
18040 0.00436572 0 17.5 0.0588235 0.5 0 0
18050 0.00436572 0 17.5 0.0588235 0.5 0 0
18060 0.00437473 0 17.5 0.0588235 0.5 0 0
18070 0.00437473 0 17.5 0.0588235 0.5 0 0
18080 0.00436211 0 17.5 0.0627451 0.5 0 0
18090 0.00436211 0 17.5 0.0666667 0.5 0 0
18100 0.00433809 0 17.5 0.0666667 0.5 0 0
18110 0.00433809 0 17.5 0.0705882 0.5 0 0
18120 0.00429797 0 17.5 0.0705882 0.5 0 0
18130 0.00429797 0 17.5 0.0666667 0.5 0 0
18140 0.0042357 0 17.5 0.0588235 0.5 0 0
18150 0.0042357 0 17.5 0.0588235 0.5 0 0
18160 0.00420981 0 17.5 0.054902 0.5 0 0
18170 0.00420981 0 17.5 0.054902 0.5 0 0
18180 0.00422968 0 17.5 0.0588235 0.5 0 0
18190 0.00422968 0 17.5 0.054902 0.5 0 0
18200 0.00440206 0 17.5 0.0588235 0.5 0 0
18210 0.00440206 0 17.5 0.0627451 0.5 0 0
18220 0.00453321 0 17.5 0.0627451 0.5 0 0
18230 0.00453321 0 17.5 0.0627451 0.5 0 0
18240 0.00460798 0 17.5 0.0627451 0.5 0 0
18250 0.00460798 0 17.5 0.0588235 0.5 0 0
18260 0.004674 0 17.5 0.0588235 0.5 0 0
18270 0.004674 0 17.5 0.054902 0.5 0 0
18280 0.00472659 0 17.5 0.054902 0.5 0 0
18290 0.00472659 0 17.5 0.0509804 0.5 0 0
18300 0.00480366 0 17.5 0.0509804 0.5 0 0
18310 0.00480366 0 17.5 0.0509804 0.5 0 0
18320 0.00498329 0 17.5 0.054902 0.5 0 0
18330 0.00498329 0 17.5 0.054902 0.5 0 0
18340 0.00497825 0 17.5 0.054902 0.5 0 0
18350 0.00497825 0 17.5 0.054902 0.5 0 0
18360 0.00497915 0 17.5 0.054902 0.5 0 0
18370 0.00497915 0 17.5 0.054902 0.5 0 0
18380 0.00493494 0 17.5 0.0588235 0.5 0 0
18390 0.00493494 0 17.5 0.0588235 0.5 0 0
18400 0.00488433 0 17.5 0.0588235 0.5 0 0
18410 0.00488433 0 17.5 0.0588235 0.5 0 0
18420 0.00475588 0 17.5 0.054902 0.5 0 0
18430 0.00475588 0 17.5 0.0509804 0.5 0 0
18440 0.00466109 0 17.5 0.0509804 0.5 0 0
18450 0.00466109 0 17.5 0.0509804 0.5 0 0
18460 0.0045475 0 17.5 0.0509804 0.5 0 0
18470 0.0045475 0 17.5 0.0509804 0.5 0 0
18480 0.0043627 0 17.5 0.0509804 0.5 0 0
18490 0.0043627 0 17.5 0.0509804 0.5 0 0
18500 0.00431448 0 17.5 0.0509804 0.5 0 0
18510 0.00431448 0 17.5 0.0509804 0.5 0 0
18520 0.00419739 0 17.5 0.0509804 0.5 0 0
18530 0.00419739 0 17.5 0.0509804 0.5 0 0
18540 0.00414412 0 17.5 0.054902 0.5 0 0
18550 0.00414412 0 17.5 0.054902 0.5 0 0
18560 0.00423819 0 17.5 0.0509804 0.5 0 0
18570 0.00423819 0 17.5 0.0509804 0.5 0 0
18580 0.00418558 0 17.5 0.054902 0.5 0 0
18590 0.00418558 0 17.5 0.054902 0.5 0 0
18600 0.00406642 0 17.5 0.054902 0.5 0 0
18610 0.00406642 0 17.5 0.054902 0.5 0 0
18620 0.00410858 0 17.5 0.054902 0.5 0 0
18630 0.00410858 0 17.5 0.054902 0.5 0 0
18640 0.0040634 0 17.5 0.054902 0.5 0 0
18650 0.0040634 0 17.5 0.0509804 0.5 0 0
18660 0.00411783 0 17.5 0.054902 0.5 0 0
18670 0.00411783 0 17.5 0.0588235 0.5 0 0
18680 0.00412613 0 17.5 0.0666667 0.5 0 0
18690 0.00412613 0 17.5 0.0666667 0.5 0 0
18700 0.00413087 0 17.5 0.0666667 0.5 0 0
18710 0.00413087 0 17.5 0.0666667 0.5 0 0
18720 0.00413087 0 17.5 0.0666667 0.5 0 0
18730 0.00413087 0 17.5 0.0666667 0.5 0 0
18740 0.00411545 0 17.5 0.0666667 0.5 0 0
18750 0.00411545 0 17.5 0.0666667 0.5 0 0
18760 0.0042189 0 17.5 0.0666667 0.5 0 0
18770 0.0042189 0 17.5 0.0627451 0.5 0 0
18780 0.00426727 0 17.5 0.0627451 0.5 0 0
18790 0.00426727 0 17.5 0.0588235 0.5 0 0
18800 0.00428313 0 17.5 0.054902 0.5 0 0
18810 0.00428313 0 17.5 0.0509804 0.5 0 0
18820 0.00426823 0 17.5 0.054902 0.5 0 0
18830 0.00426823 0 17.5 0.054902 0.5 0 0
18840 0.00433796 0 17.5 0.054902 0.5 0 0
18850 0.00433796 0 17.5 0.054902 0.5 0 0
18860 0.00448437 0 17.5 0.054902 0.5 0 0
18870 0.00448437 0 17.5 0.054902 0.5 0 0
18880 0.00458554 0 17.5 0.054902 0.5 0 0
18890 0.00458554 0 17.5 0.054902 0.5 0 0
18900 0.00461531 0 17.5 0.054902 0.5 0 0
18910 0.00461531 0 17.5 0.0588235 0.5 0 0
18920 0.00462447 0 17.5 0.054902 0.5 0 0
18930 0.00462447 0 17.5 0.054902 0.5 0 0
18940 0.00467001 0 17.5 0.054902 0.5 0 0
18950 0.00467001 0 17.5 0.054902 0.5 0 0
18960 0.00473304 0 17.5 0.0588235 0.5 0 0
18970 0.00473304 0 17.5 0.0588235 0.5 0 0
18980 0.00468754 0 17.5 0.0588235 0.5 0 0
18990 0.00468754 0 17.5 0.0588235 0.5 0 0
19000 0.00460495 0 17.5 0.054902 0.5 0 0
19010 0.00460495 0 17.5 0.054902 0.5 0 0
19020 0.00440907 0 17.5 0.0509804 0.5 0 0
19030 0.00440907 0 17.5 0.0509804 0.5 0 0
19040 0.00431242 0 17.5 0.0509804 0.5 0 0
19050 0.00431242 0 17.5 0.054902 0.5 0 0
19060 0.00435802 0 17.5 0.054902 0.5 0 0
19070 0.00435802 0 17.5 0.054902 0.5 0 0
19080 0.00434995 0 17.5 0.054902 0.5 0 0
19090 0.00434995 0 17.5 0.054902 0.5 0 0
19100 0.00431998 0 17.5 0.054902 0.5 0 0
19110 0.00431998 0 17.5 0.0588235 0.5 0 0
19120 0.00425547 0 17.5 0.0627451 0.5 0 0
19130 0.00425547 0 17.5 0.0627451 0.5 0 0
19140 0.00430466 0 17.5 0.0627451 0.5 0 0
19150 0.00430466 0 17.5 0.0588235 0.5 0 0
19160 0.0043102 0 17.5 0.0627451 0.5 0 0
19170 0.0043102 0 17.5 0.0588235 0.5 0 0
19180 0.00421073 0 17.5 0.054902 0.5 0 0
19190 0.00421073 0 17.5 0.0509804 0.5 0 0
19200 0.00419676 0 17.5 0.0509804 0.5 0 0
19210 0.00419676 0 17.5 0.054902 0.5 0 0
19220 0.00423904 0 17.5 0.054902 0.5 0 0
19230 0.00423904 0 17.5 0.054902 0.5 0 0
19240 0.00420625 0 17.5 0.054902 0.5 0 0
19250 0.00420625 0 17.5 0.054902 0.5 0 0
19260 0.00415329 0 17.5 0.054902 0.5 0 0
19270 0.00415329 0 17.5 0.0509804 0.5 0 0
19280 0.00407037 0 17.5 0.0509804 0.5 0 0
19290 0.00407037 0 17.5 0.0509804 0.5 0 0
19300 0.00407087 0 17.5 0.0509804 0.5 0 0
19310 0.00407087 0 17.5 0.054902 0.5 0 0
19320 0.00405845 0 17.5 0.0588235 0.5 0 0
19330 0.00405845 0 17.5 0.0627451 0.5 0 0
19340 0.00407096 0 17.5 0.0627451 0.5 0 0
19350 0.00407096 0 17.5 0.0627451 0.5 0 0
19360 0.00407096 0 17.5 0.0627451 0.5 0 0
19370 0.00407096 0 17.5 0.0627451 0.5 0 0
19380 0.00406797 0 17.5 0.0588235 0.5 0 0
19390 0.00406797 0 17.5 0.054902 0.5 0 0
19400 0.00401811 0 17.5 0.0588235 0.5 0 0
19410 0.00401811 0 17.5 0.0588235 0.5 0 0
19420 0.00402447 0 17.5 0.0588235 0.5 0 0
19430 0.00402447 0 17.5 0.0588235 0.5 0 0
19440 0.00402916 0 17.5 0.0588235 0.5 0 0
19450 0.00402916 0 17.5 0.0588235 0.5 0 0
19460 0.0040164 0 17.5 0.054902 0.5 0 0
19470 0.0040164 0 17.5 0.0509804 0.5 0 0
19480 0.0040831 0 17.5 0.0509804 0.5 0 0
19490 0.0040831 0 17.5 0.0509804 0.5 0 0
19500 0.00424405 0 17.5 0.0509804 0.5 0 0
19510 0.00424405 0 17.5 0.054902 0.5 0 0
19520 0.00440505 0 17.5 0.054902 0.5 0 0
19530 0.00440505 0 17.5 0.0509804 0.5 0 0
19540 0.00447824 0 17.5 0.0509804 0.5 0 0
19550 0.00447824 0 17.5 0.0509804 0.5 0 0
19560 0.00455224 0 17.5 0.0509804 0.5 0 0
19570 0.00455224 0 17.5 0.054902 0.5 0 0
19580 0.00474726 0 17.5 0.054902 0.5 0 0
19590 0.00474726 0 17.5 0.054902 0.5 0 0
19600 0.00480301 0 17.5 0.0588235 0.5 0 0
19610 0.00480301 0 17.5 0.0588235 0.5 0 0
19620 0.00480674 0 17.5 0.0588235 0.5 0 0
19630 0.00480674 0 17.5 0.0588235 0.5 0 0
19640 0.00480119 0 17.5 0.054902 0.5 0 0
19650 0.00480119 0 17.5 0.054902 0.5 0 0
19660 0.00465289 0 17.5 0.054902 0.5 0 0
19670 0.00465289 0 17.5 0.0509804 0.5 0 0
19680 0.00454798 0 17.5 0.0509804 0.5 0 0
19690 0.00454798 0 17.5 0.054902 0.5 0 0
19700 0.00452025 0 17.5 0.054902 0.5 0 0
19710 0.00452025 0 17.5 0.054902 0.5 0 0
19720 0.00442723 0 17.5 0.054902 0.5 0 0
19730 0.00442723 0 17.5 0.054902 0.5 0 0
19740 0.00438007 0 17.5 0.054902 0.5 0 0
19750 0.00438007 0 17.5 0.054902 0.5 0 0
19760 0.00432751 0 17.5 0.0588235 0.5 0 0
19770 0.00432751 0 17.5 0.054902 0.5 0 0
19780 0.00428922 0 17.5 0.054902 0.5 0 0
19790 0.00428922 0 17.5 0.0509804 0.5 0 0
19800 0.00424067 0 17.5 0.0470588 0.5 0 0
19810 0.00424067 0 17.5 0.0509804 0.5 0 0
19820 0.00432428 0.5 18 0.054902 0.5 0 0
19830 0.00432428 0.5 18 0.0509804 0.5 0 0
19840 0.00428384 0.5 18.5 0.054902 0.5 0 0
19850 0.00428384 0.5 18.5 0.054902 0.5 0 0
19860 0.00422993 0.5 19 0.054902 0.5 0 0
19870 0.00422993 0.5 19 0.054902 0.5 0 0
19880 0.00421847 0.5 19.5 0.0588235 0.5 0 0
19890 0.00421847 0.5 19.5 0.054902 0.5 0 0
19900 0.00420805 0.5 20 0.054902 0.5 0 0
19910 0.00420805 0.5 20 0.054902 0.5 0 0
19920 0.00418133 0.5 20.5 0.054902 0.5 0 0
19930 0.00418133 0.5 20.5 0.054902 0.5 0 0
19940 0.0041431 0 20.5 0.054902 0.5 0 0
19950 0.0041431 0 20.5 0.0588235 0.5 0 0
19960 0.00411173 0 20.5 0.0627451 0.5 0 0
19970 0.00411173 0 20.5 0.0666667 0.5 0 0
19980 0.00412904 0 20.5 0.0705882 0.5 0 0
19990 0.00412904 0 20.5 0.0705882 0.5 0 0
20000 0.00412088 0 20.5 0.0705882 0.5 0 0
20010 0.00412088 0 20.5 0.0666667 0.5 0 0
