0 0.109156 0 0 0.5 0.5 0 0
10 0.109156 0 0 0.658824 0.5 0 0
20 0.108592 0 0 0.74902 0.5 0 0
30 0.108592 0 0 0.74902 0.5 0 0
40 0.108592 0 0 0.643137 0.5 0 0
50 0.108592 0 0 0.67451 0.5 0 0
60 0.108592 0 0 0.698039 0.5 0 0
70 0.108592 0 0 0.74902 0.5 0 0
80 0.108592 0 0 0.619608 0.5 0 0
90 0.108592 0 0 0.678431 0.5 0 0
100 0.108592 0 0 0.74902 0.5 0 0
110 0.108592 0 0 0.74902 0.5 0 0
120 0.108592 0 0 0.74902 0.5 0 0
130 0.108592 0 0 0.670588 0.5 0 0
140 0.108499 0 0 0.670588 0.5 0 0
150 0.108499 0 0 0.568627 0.5 0 0
160 0.108459 0 0 0.635294 0.5 0 0
170 0.108459 0 0 0.72549 0.5 0 0
180 0.10829 0 0 0.619608 0.5 0 0
190 0.10829 0 0 0.556863 0.5 0 0
200 0.107792 0 0 0.552941 0.5 0 0
210 0.107792 0 0 0.545098 0.5 0 0
220 0.107264 0 0 0.54902 0.5 0 0
230 0.107264 0 0 0.54902 0.5 0 0
240 0.106545 0 0 0.54902 0.5 0 0
250 0.106545 0 0 0.541176 0.5 0 0
260 0.106427 0 0 0.552941 0.5 0 0
270 0.106427 0 0 0.545098 0.5 0 0
280 0.106393 0 0 0.545098 0.5 0 0
290 0.106393 0 0 0.658824 0.5 0 0
300 0.106313 0.25 0.25 0.545098 0.5 0 0
310 0.106313 0.25 0.25 0.576471 0.5 0 0
320 0.106305 0.25 0.5 0.568627 0.5 0 0
330 0.106305 0.25 0.5 0.556863 0.5 0 0
340 0.106293 0.25 0.75 0.545098 0.5 0 0
350 0.106293 0.25 0.75 0.54902 0.5 0 0
360 0.105647 0.25 1 0.541176 0.5 0 0
370 0.105647 0.25 1 0.54902 0.5 0 0
380 0.104651 0.25 1.25 0.658824 0.5 0 0
390 0.104651 0.25 1.25 0.545098 0.5 0 0
400 0.103761 0 1.25 0.52549 0.5 0 0
410 0.103761 0 1.25 0.603922 0.5 0 0
420 0.102526 0 1.25 0.607843 0.5 0 0
430 0.102526 0 1.25 0.486275 0.5 0 0
440 0.101527 0 1.25 0.482353 0.5 0 0
450 0.101527 0 1.25 0.478431 0.5 0 0
460 0.100308 0 1.25 0.462745 0.5 0 0
470 0.100308 0 1.25 0.458824 0.5 0 0
480 0.0992038 0 1.25 0.454902 0.5 0 0
490 0.0992038 0 1.25 0.454902 0.5 0 0
500 0.0989856 0 1.25 0.458824 0.5 0 0
510 0.0989856 0 1.25 0.454902 0.5 0 0
520 0.0984483 0 1.25 0.454902 0.5 0 0
530 0.0984483 0 1.25 0.454902 0.5 0 0
540 0.098367 0 1.25 0.454902 0.5 0 0
550 0.098367 0 1.25 0.454902 0.5 0 0
560 0.098367 0 1.25 0.454902 0.5 0 0
570 0.098367 0 1.25 0.454902 0.5 0 0
580 0.098367 0 1.25 0.458824 0.5 0 0
590 0.098367 0 1.25 0.458824 0.5 0 0
600 0.098367 0 1.25 0.454902 0.5 0 0
610 0.098367 0 1.25 0.454902 0.5 0 0
620 0.0982448 0 1.25 0.454902 0.5 0 0
630 0.0982448 0 1.25 0.454902 0.5 0 0
640 0.0979404 0 1.25 0.454902 0.5 0 0
650 0.0979404 0 1.25 0.454902 0.5 0 0
660 0.0978088 0 1.25 0.454902 0.5 0 0
670 0.0978088 0 1.25 0.458824 0.5 0 0
680 0.0973012 0 1.25 0.454902 0.5 0 0
690 0.0973012 0 1.25 0.454902 0.5 0 0
700 0.0969282 0 1.25 0.454902 0.5 0 0
710 0.0969282 0 1.25 0.454902 0.5 0 0
720 0.0971631 0 1.25 0.454902 0.5 0 0
730 0.0971631 0 1.25 0.454902 0.5 0 0
740 0.0971869 0 1.25 0.454902 0.5 0 0
750 0.0971869 0 1.25 0.454902 0.5 0 0
760 0.0971869 0 1.25 0.454902 0.5 0 0
770 0.0971869 0 1.25 0.454902 0.5 0 0
780 0.0971869 0 1.25 0.454902 0.5 0 0
790 0.0971869 0 1.25 0.454902 0.5 0 0
800 0.0971869 0 1.25 0.454902 0.5 0 0
810 0.0971869 0 1.25 0.454902 0.5 0 0
820 0.0971869 0 1.25 0.454902 0.5 0 0
830 0.0971869 0 1.25 0.454902 0.5 0 0
840 0.0971869 0 1.25 0.454902 0.5 0 0
850 0.0971869 0 1.25 0.454902 0.5 0 0
860 0.0971869 0 1.25 0.454902 0.5 0 0
870 0.0971869 0 1.25 0.454902 0.5 0 0
880 0.0971869 0 1.25 0.454902 0.5 0 0
890 0.0971869 0 1.25 0.454902 0.5 0 0
900 0.0970675 0 1.25 0.454902 0.5 0 0
910 0.0970675 0 1.25 0.454902 0.5 0 0
920 0.0974445 0 1.25 0.454902 0.5 0 0
930 0.0974445 0 1.25 0.454902 0.5 0 0
940 0.0976255 0 1.25 0.454902 0.5 0 0
950 0.0976255 0 1.25 0.454902 0.5 0 0
960 0.0980332 0 1.25 0.454902 0.5 0 0
970 0.0980332 0 1.25 0.454902 0.5 0 0
980 0.0984273 0 1.25 0.454902 0.5 0 0
990 0.0984273 0 1.25 0.454902 0.5 0 0
1000 0.0987322 0 1.25 0.454902 0.5 0 0
1010 0.0987322 0 1.25 0.454902 0.5 0 0
1020 0.0987943 0 1.25 0.454902 0.5 0 0
1030 0.0987943 0 1.25 0.454902 0.5 0 0
1040 0.0987995 0 1.25 0.454902 0.5 0 0
1050 0.0987995 0 1.25 0.454902 0.5 0 0
1060 0.0990218 0 1.25 0.45098 0.5 0 0
1070 0.0990218 0 1.25 0.443137 0.5 0 0
1080 0.0989685 0 1.25 0.443137 0.5 0 0
1090 0.0989685 0 1.25 0.439216 0.5 0 0
1100 0.0989731 0 1.25 0.435294 0.5 0 0
1110 0.0989731 0 1.25 0.439216 0.5 0 0
1120 0.0990878 0 1.25 0.439216 0.5 0 0
1130 0.0990878 0 1.25 0.435294 0.5 0 0
1140 0.0989978 0 1.25 0.439216 0.5 0 0
1150 0.0989978 0 1.25 0.439216 0.5 0 0
1160 0.0989849 0 1.25 0.435294 0.5 0 0
1170 0.0989849 0 1.25 0.439216 0.5 0 0
1180 0.0988714 0 1.25 0.435294 0.5 0 0
1190 0.0988714 0 1.25 0.439216 0.5 0 0
1200 0.0988338 0 1.25 0.435294 0.5 0 0
1210 0.0988338 0 1.25 0.435294 0.5 0 0
1220 0.0987047 0 1.25 0.439216 0.5 0 0
1230 0.0987047 0 1.25 0.435294 0.5 0 0
1240 0.0984488 0 1.25 0.435294 0.5 0 0
1250 0.0984488 0 1.25 0.439216 0.5 0 0
1260 0.0983797 0 1.25 0.435294 0.5 0 0
1270 0.0983797 0 1.25 0.439216 0.5 0 0
1280 0.0982972 0 1.25 0.439216 0.5 0 0
1290 0.0982972 0 1.25 0.439216 0.5 0 0
1300 0.0979056 0 1.25 0.435294 0.5 0 0
1310 0.0979056 0 1.25 0.435294 0.5 0 0
1320 0.0979001 0 1.25 0.435294 0.5 0 0
1330 0.0979001 0 1.25 0.439216 0.5 0 0
1340 0.0977997 0 1.25 0.435294 0.5 0 0
1350 0.0977997 0 1.25 0.435294 0.5 0 0
1360 0.0977935 0 1.25 0.435294 0.5 0 0
1370 0.0977935 0 1.25 0.439216 0.5 0 0
1380 0.0977935 0 1.25 0.439216 0.5 0 0
1390 0.0977935 0 1.25 0.439216 0.5 0 0
1400 0.0977595 0 1.25 0.439216 0.5 0 0
1410 0.0977595 0 1.25 0.439216 0.5 0 0
1420 0.0977589 0 1.25 0.439216 0.5 0 0
1430 0.0977589 0 1.25 0.439216 0.5 0 0
1440 0.0977589 0 1.25 0.439216 0.5 0 0
1450 0.0977589 0 1.25 0.435294 0.5 0 0
1460 0.0977589 0 1.25 0.439216 0.5 0 0
1470 0.0977589 0 1.25 0.439216 0.5 0 0
1480 0.0977589 0 1.25 0.435294 0.5 0 0
1490 0.0977589 0 1.25 0.439216 0.5 0 0
1500 0.0977494 0 1.25 0.435294 0.5 0 0
1510 0.0977494 0 1.25 0.435294 0.5 0 0
1520 0.0977494 0 1.25 0.435294 0.5 0 0
1530 0.0977494 0 1.25 0.439216 0.5 0 0
1540 0.0977494 0 1.25 0.439216 0.5 0 0
1550 0.0977494 0 1.25 0.439216 0.5 0 0
1560 0.0977494 0 1.25 0.439216 0.5 0 0
1570 0.0977494 0 1.25 0.435294 0.5 0 0
1580 0.0977494 0 1.25 0.435294 0.5 0 0
1590 0.0977494 0 1.25 0.439216 0.5 0 0
1600 0.0977494 0 1.25 0.439216 0.5 0 0
1610 0.0977494 0 1.25 0.439216 0.5 0 0
1620 0.0977494 0 1.25 0.435294 0.5 0 0
1630 0.0977494 0 1.25 0.435294 0.5 0 0
1640 0.0977494 0 1.25 0.435294 0.5 0 0
1650 0.0977494 0 1.25 0.439216 0.5 0 0
1660 0.0981545 0 1.25 0.435294 0.5 0 0
1670 0.0981545 0 1.25 0.435294 0.5 0 0
1680 0.0991059 0 1.25 0.435294 0.5 0 0
1690 0.0991059 0 1.25 0.435294 0.5 0 0
1700 0.0997442 0 1.25 0.439216 0.5 0 0
1710 0.0997442 0 1.25 0.439216 0.5 0 0
1720 0.100108 0 1.25 0.439216 0.5 0 0
1730 0.100108 0 1.25 0.439216 0.5 0 0
1740 0.100565 0 1.25 0.435294 0.5 0 0
1750 0.100565 0 1.25 0.427451 0.5 0 0
1760 0.10107 0 1.25 0.427451 0.5 0 0
1770 0.10107 0 1.25 0.427451 0.5 0 0
1780 0.100971 0 1.25 0.427451 0.5 0 0
1790 0.100971 0 1.25 0.423529 0.5 0 0
1800 0.101759 0 1.25 0.423529 0.5 0 0
1810 0.101759 0 1.25 0.427451 0.5 0 0
1820 0.101884 0 1.25 0.427451 0.5 0 0
1830 0.101884 0 1.25 0.427451 0.5 0 0
1840 0.101832 0 1.25 0.427451 0.5 0 0
1850 0.101832 0 1.25 0.427451 0.5 0 0
1860 0.101794 0 1.25 0.419608 0.5 0 0
1870 0.101794 0 1.25 0.415686 0.5 0 0
1880 0.10151 0 1.25 0.415686 0.5 0 0
1890 0.10151 0 1.25 0.415686 0.5 0 0
1900 0.101288 0 1.25 0.415686 0.5 0 0
1910 0.101288 0 1.25 0.415686 0.5 0 0
1920 0.101084 0 1.25 0.415686 0.5 0 0
1930 0.101084 0 1.25 0.415686 0.5 0 0
1940 0.101016 0 1.25 0.415686 0.5 0 0
1950 0.101016 0 1.25 0.415686 0.5 0 0
1960 0.100723 0 1.25 0.415686 0.5 0 0
1970 0.100723 0 1.25 0.415686 0.5 0 0
1980 0.100325 0 1.25 0.415686 0.5 0 0
1990 0.100325 0 1.25 0.415686 0.5 0 0
2000 0.10001 0 1.25 0.415686 0.5 0 0
2010 0.10001 0 1.25 0.415686 0.5 0 0
2020 0.0995138 0 1.25 0.415686 0.5 0 0
2030 0.0995138 0 1.25 0.415686 0.5 0 0
2040 0.0994842 0 1.25 0.415686 0.5 0 0
2050 0.0994842 0 1.25 0.415686 0.5 0 0
2060 0.0994842 0 1.25 0.415686 0.5 0 0
2070 0.0994842 0 1.25 0.415686 0.5 0 0
2080 0.0994842 0 1.25 0.415686 0.5 0 0
2090 0.0994842 0 1.25 0.415686 0.5 0 0
2100 0.0999276 0 1.25 0.415686 0.5 0 0
2110 0.0999276 0 1.25 0.415686 0.5 0 0
2120 0.0999467 0 1.25 0.415686 0.5 0 0
2130 0.0999467 0 1.25 0.415686 0.5 0 0
2140 0.100431 0 1.25 0.419608 0.5 0 0
2150 0.100431 0 1.25 0.419608 0.5 0 0
2160 0.100659 0 1.25 0.419608 0.5 0 0
2170 0.100659 0 1.25 0.419608 0.5 0 0
2180 0.100948 0 1.25 0.419608 0.5 0 0
2190 0.100948 0 1.25 0.415686 0.5 0 0
2200 0.1011 0 1.25 0.415686 0.5 0 0
2210 0.1011 0 1.25 0.411765 0.5 0 0
2220 0.100869 0 1.25 0.407843 0.5 0 0
2230 0.100869 0 1.25 0.407843 0.5 0 0
2240 0.10059 0 1.25 0.407843 0.5 0 0
2250 0.10059 0 1.25 0.407843 0.5 0 0
2260 0.100352 0 1.25 0.407843 0.5 0 0
2270 0.100352 0 1.25 0.407843 0.5 0 0
2280 0.100335 0 1.25 0.407843 0.5 0 0
2290 0.100335 0 1.25 0.407843 0.5 0 0
2300 0.100256 0 1.25 0.407843 0.5 0 0
2310 0.100256 0 1.25 0.407843 0.5 0 0
2320 0.100173 0 1.25 0.407843 0.5 0 0
2330 0.100173 0 1.25 0.407843 0.5 0 0
2340 0.0999104 0 1.25 0.407843 0.5 0 0
2350 0.0999104 0 1.25 0.407843 0.5 0 0
2360 0.0998684 0 1.25 0.407843 0.5 0 0
2370 0.0998684 0 1.25 0.407843 0.5 0 0
2380 0.0998684 0 1.25 0.407843 0.5 0 0
2390 0.0998684 0 1.25 0.407843 0.5 0 0
2400 0.0996815 0 1.25 0.407843 0.5 0 0
2410 0.0996815 0 1.25 0.407843 0.5 0 0
2420 0.0996814 0 1.25 0.407843 0.5 0 0
2430 0.0996814 0 1.25 0.407843 0.5 0 0
2440 0.0996814 0 1.25 0.407843 0.5 0 0
2450 0.0996814 0 1.25 0.407843 0.5 0 0
2460 0.0996814 0 1.25 0.407843 0.5 0 0
2470 0.0996814 0 1.25 0.407843 0.5 0 0
2480 0.0996814 0 1.25 0.407843 0.5 0 0
2490 0.0996814 0 1.25 0.407843 0.5 0 0
2500 0.099686 0 1.25 0.407843 0.5 0 0
2510 0.099686 0 1.25 0.407843 0.5 0 0
2520 0.0996862 0 1.25 0.407843 0.5 0 0
2530 0.0996862 0 1.25 0.407843 0.5 0 0
2540 0.0996862 0 1.25 0.407843 0.5 0 0
2550 0.0996862 0 1.25 0.407843 0.5 0 0
2560 0.0996862 0 1.25 0.407843 0.5 0 0
2570 0.0996862 0 1.25 0.407843 0.5 0 0
2580 0.0996862 0 1.25 0.407843 0.5 0 0
2590 0.0996862 0 1.25 0.407843 0.5 0 0
2600 0.0996862 0 1.25 0.407843 0.5 0 0
2610 0.0996862 0 1.25 0.407843 0.5 0 0
2620 0.0996862 0 1.25 0.407843 0.5 0 0
2630 0.0996862 0 1.25 0.407843 0.5 0 0
2640 0.0996862 0 1.25 0.407843 0.5 0 0
2650 0.0996862 0 1.25 0.407843 0.5 0 0
2660 0.0996862 0 1.25 0.407843 0.5 0 0
2670 0.0996862 0 1.25 0.407843 0.5 0 0
2680 0.100013 0 1.25 0.407843 0.5 0 0
2690 0.100013 0 1.25 0.411765 0.5 0 0
2700 0.100713 0 1.25 0.411765 0.5 0 0
2710 0.100713 0 1.25 0.411765 0.5 0 0
2720 0.100725 0 1.25 0.411765 0.5 0 0
2730 0.100725 0 1.25 0.411765 0.5 0 0
2740 0.100862 0 1.25 0.411765 0.5 0 0
2750 0.100862 0 1.25 0.411765 0.5 0 0
2760 0.101404 0 1.25 0.411765 0.5 0 0
2770 0.101404 0 1.25 0.411765 0.5 0 0
2780 0.101607 0 1.25 0.407843 0.5 0 0
2790 0.101607 0 1.25 0.403922 0.5 0 0
2800 0.101393 0 1.25 0.4 0.5 0 0
2810 0.101393 0 1.25 0.4 0.5 0 0
2820 0.102052 0 1.25 0.4 0.5 0 0
2830 0.102052 0 1.25 0.4 0.5 0 0
2840 0.102941 0 1.25 0.403922 0.5 0 0
2850 0.102941 0 1.25 0.403922 0.5 0 0
2860 0.103016 0 1.25 0.403922 0.5 0 0
2870 0.103016 0 1.25 0.403922 0.5 0 0
2880 0.10293 0 1.25 0.403922 0.5 0 0
2890 0.10293 0 1.25 0.4 0.5 0 0
2900 0.102169 0 1.25 0.396078 0.5 0 0
2910 0.102169 0 1.25 0.396078 0.5 0 0
2920 0.101576 0 1.25 0.396078 0.5 0 0
2930 0.101576 0 1.25 0.396078 0.5 0 0
2940 0.101051 0 1.25 0.396078 0.5 0 0
2950 0.101051 0 1.25 0.396078 0.5 0 0
2960 0.100802 0 1.25 0.396078 0.5 0 0
2970 0.100802 0 1.25 0.396078 0.5 0 0
2980 0.100362 0 1.25 0.396078 0.5 0 0
2990 0.100362 0 1.25 0.396078 0.5 0 0
3000 0.100013 0 1.25 0.396078 0.5 0 0
3010 0.100013 0 1.25 0.396078 0.5 0 0
3020 0.100008 0 1.25 0.396078 0.5 0 0
3030 0.100008 0 1.25 0.396078 0.5 0 0
3040 0.100008 0 1.25 0.396078 0.5 0 0
3050 0.100008 0 1.25 0.396078 0.5 0 0
3060 0.100008 0 1.25 0.396078 0.5 0 0
3070 0.100008 0 1.25 0.396078 0.5 0 0
3080 0.099987 0 1.25 0.396078 0.5 0 0
3090 0.099987 0 1.25 0.396078 0.5 0 0
3100 0.099987 0 1.25 0.396078 0.5 0 0
3110 0.099987 0 1.25 0.396078 0.5 0 0
3120 0.099987 0 1.25 0.396078 0.5 0 0
3130 0.099987 0 1.25 0.396078 0.5 0 0
3140 0.099987 0 1.25 0.396078 0.5 0 0
3150 0.099987 0 1.25 0.396078 0.5 0 0
3160 0.099987 0 1.25 0.396078 0.5 0 0
3170 0.099987 0 1.25 0.396078 0.5 0 0
3180 0.099987 0 1.25 0.396078 0.5 0 0
3190 0.099987 0 1.25 0.396078 0.5 0 0
3200 0.099987 0 1.25 0.396078 0.5 0 0
3210 0.099987 0 1.25 0.396078 0.5 0 0
3220 0.099987 0 1.25 0.396078 0.5 0 0
3230 0.099987 0 1.25 0.396078 0.5 0 0
3240 0.099987 0 1.25 0.396078 0.5 0 0
3250 0.099987 0 1.25 0.396078 0.5 0 0
3260 0.099987 0 1.25 0.396078 0.5 0 0
3270 0.099987 0 1.25 0.396078 0.5 0 0
3280 0.099987 0 1.25 0.396078 0.5 0 0
3290 0.099987 0 1.25 0.396078 0.5 0 0
3300 0.099987 0 1.25 0.396078 0.5 0 0
3310 0.099987 0 1.25 0.396078 0.5 0 0
3320 0.099987 0 1.25 0.396078 0.5 0 0
3330 0.099987 0 1.25 0.396078 0.5 0 0
3340 0.099987 0 1.25 0.396078 0.5 0 0
3350 0.099987 0 1.25 0.396078 0.5 0 0
3360 0.099987 0 1.25 0.396078 0.5 0 0
3370 0.099987 0 1.25 0.396078 0.5 0 0
3380 0.099987 0 1.25 0.396078 0.5 0 0
3390 0.099987 0 1.25 0.396078 0.5 0 0
3400 0.099987 0 1.25 0.392157 0.5 0 0
3410 0.099987 0 1.25 0.396078 0.5 0 0
3420 0.099987 0 1.25 0.392157 0.5 0 0
3430 0.099987 0 1.25 0.396078 0.5 0 0
3440 0.100267 0 1.25 0.396078 0.5 0 0
3450 0.100267 0 1.25 0.392157 0.5 0 0
3460 0.100379 0 1.25 0.392157 0.5 0 0
3470 0.100379 0 1.25 0.388235 0.5 0 0
3480 0.100116 0 1.25 0.388235 0.5 0 0
3490 0.100116 0 1.25 0.388235 0.5 0 0
3500 0.099545 0 1.25 0.388235 0.5 0 0
3510 0.099545 0 1.25 0.388235 0.5 0 0
3520 0.0995879 0 1.25 0.388235 0.5 0 0
3530 0.0995879 0 1.25 0.388235 0.5 0 0
3540 0.0994311 0 1.25 0.388235 0.5 0 0
3550 0.0994311 0 1.25 0.388235 0.5 0 0
3560 0.0991732 0 1.25 0.388235 0.5 0 0
3570 0.0991732 0 1.25 0.388235 0.5 0 0
3580 0.0988829 0 1.25 0.388235 0.5 0 0
3590 0.0988829 0 1.25 0.388235 0.5 0 0
3600 0.0984713 0 1.25 0.388235 0.5 0 0
3610 0.0984713 0 1.25 0.388235 0.5 0 0
3620 0.0983129 0 1.25 0.388235 0.5 0 0
3630 0.0983129 0 1.25 0.388235 0.5 0 0
3640 0.0981113 0 1.25 0.388235 0.5 0 0
3650 0.0981113 0 1.25 0.388235 0.5 0 0
3660 0.0979759 0 1.25 0.388235 0.5 0 0
3670 0.0979759 0 1.25 0.388235 0.5 0 0
3680 0.0979759 0 1.25 0.388235 0.5 0 0
3690 0.0979759 0 1.25 0.388235 0.5 0 0
3700 0.0979759 0 1.25 0.388235 0.5 0 0
3710 0.0979759 0 1.25 0.388235 0.5 0 0
3720 0.0979759 0 1.25 0.388235 0.5 0 0
3730 0.0979759 0 1.25 0.388235 0.5 0 0
3740 0.0982508 0 1.25 0.388235 0.5 0 0
3750 0.0982508 0 1.25 0.388235 0.5 0 0
3760 0.0991238 0 1.25 0.388235 0.5 0 0
3770 0.0991238 0 1.25 0.384314 0.5 0 0
3780 0.0996947 0 1.25 0.384314 0.5 0 0
3790 0.0996947 0 1.25 0.384314 0.5 0 0
3800 0.0997735 0 1.25 0.384314 0.5 0 0
3810 0.0997735 0 1.25 0.384314 0.5 0 0
3820 0.0997651 0 1.25 0.384314 0.5 0 0
3830 0.0997651 0 1.25 0.384314 0.5 0 0
3840 0.0996381 0 1.25 0.384314 0.5 0 0
3850 0.0996381 0 1.25 0.380392 0.5 0 0
3860 0.0991685 0 1.25 0.384314 0.5 0 0
3870 0.0991685 0 1.25 0.384314 0.5 0 0
3880 0.0992771 0 1.25 0.384314 0.5 0 0
3890 0.0992771 0 1.25 0.384314 0.5 0 0
3900 0.0990385 0 1.25 0.384314 0.5 0 0
3910 0.0990385 0 1.25 0.384314 0.5 0 0
3920 0.0984384 0 1.25 0.380392 0.5 0 0
3930 0.0984384 0 1.25 0.384314 0.5 0 0
3940 0.0979504 0 1.25 0.384314 0.5 0 0
3950 0.0979504 0 1.25 0.384314 0.5 0 0
3960 0.0972188 0 1.25 0.384314 0.5 0 0
3970 0.0972188 0 1.25 0.384314 0.5 0 0
3980 0.0970152 0 1.25 0.384314 0.5 0 0
3990 0.0970152 0 1.25 0.380392 0.5 0 0
4000 0.0969406 0 1.25 0.380392 0.5 0 0
4010 0.0969406 0 1.25 0.384314 0.5 0 0
4020 0.0967766 0 1.25 0.384314 0.5 0 0
4030 0.0967766 0 1.25 0.384314 0.5 0 0
4040 0.0967766 0 1.25 0.384314 0.5 0 0
4050 0.0967766 0 1.25 0.384314 0.5 0 0
4060 0.0967766 0 1.25 0.384314 0.5 0 0
4070 0.0967766 0 1.25 0.384314 0.5 0 0
4080 0.0967766 0 1.25 0.380392 0.5 0 0
4090 0.0967766 0 1.25 0.384314 0.5 0 0
4100 0.0967766 0 1.25 0.380392 0.5 0 0
4110 0.0967766 0 1.25 0.384314 0.5 0 0
4120 0.0967766 0 1.25 0.384314 0.5 0 0
4130 0.0967766 0 1.25 0.384314 0.5 0 0
4140 0.0967766 0 1.25 0.384314 0.5 0 0
4150 0.0967766 0 1.25 0.384314 0.5 0 0
4160 0.0967766 0 1.25 0.384314 0.5 0 0
4170 0.0967766 0 1.25 0.384314 0.5 0 0
4180 0.0967766 0 1.25 0.384314 0.5 0 0
4190 0.0967766 0 1.25 0.384314 0.5 0 0
4200 0.0967766 0 1.25 0.384314 0.5 0 0
4210 0.0967766 0 1.25 0.384314 0.5 0 0
4220 0.0967766 0 1.25 0.384314 0.5 0 0
4230 0.0967766 0 1.25 0.384314 0.5 0 0
4240 0.0967766 0 1.25 0.384314 0.5 0 0
4250 0.0967766 0 1.25 0.380392 0.5 0 0
4260 0.0967766 0 1.25 0.380392 0.5 0 0
4270 0.0967766 0 1.25 0.384314 0.5 0 0
4280 0.0967766 0 1.25 0.384314 0.5 0 0
4290 0.0967766 0 1.25 0.384314 0.5 0 0
4300 0.0967766 0 1.25 0.380392 0.5 0 0
4310 0.0967766 0 1.25 0.384314 0.5 0 0
4320 0.0967766 0 1.25 0.380392 0.5 0 0
4330 0.0967766 0 1.25 0.384314 0.5 0 0
4340 0.0973072 0 1.25 0.384314 0.5 0 0
4350 0.0973072 0 1.25 0.384314 0.5 0 0
4360 0.0979195 0 1.25 0.384314 0.5 0 0
4370 0.0979195 0 1.25 0.380392 0.5 0 0
4380 0.0980942 0 1.25 0.380392 0.5 0 0
4390 0.0980942 0 1.25 0.380392 0.5 0 0
4400 0.0979931 0 1.25 0.376471 0.5 0 0
4410 0.0979931 0 1.25 0.376471 0.5 0 0
4420 0.0976351 0 1.25 0.372549 0.5 0 0
4430 0.0976351 0 1.25 0.372549 0.5 0 0
4440 0.0971023 0 1.25 0.372549 0.5 0 0
4450 0.0971023 0 1.25 0.372549 0.5 0 0
4460 0.0968504 0 1.25 0.372549 0.5 0 0
4470 0.0968504 0 1.25 0.372549 0.5 0 0
4480 0.0966741 0 1.25 0.372549 0.5 0 0
4490 0.0966741 0 1.25 0.368627 0.5 0 0
4500 0.0959215 0 1.25 0.368627 0.5 0 0
4510 0.0959215 0 1.25 0.372549 0.5 0 0
4520 0.0947251 0 1.25 0.372549 0.5 0 0
4530 0.0947251 0 1.25 0.372549 0.5 0 0
4540 0.0940338 0 1.25 0.376471 0.5 0 0
4550 0.0940338 0 1.25 0.372549 0.5 0 0
4560 0.0935092 0 1.25 0.372549 0.5 0 0
4570 0.0935092 0 1.25 0.368627 0.5 0 0
4580 0.0920878 0 1.25 0.368627 0.5 0 0
4590 0.0920878 0 1.25 0.368627 0.5 0 0
4600 0.091441 0 1.25 0.368627 0.5 0 0
4610 0.091441 0 1.25 0.368627 0.5 0 0
4620 0.0911122 0 1.25 0.368627 0.5 0 0
4630 0.0911122 0 1.25 0.368627 0.5 0 0
4640 0.0911082 0 1.25 0.368627 0.5 0 0
4650 0.0911082 0 1.25 0.368627 0.5 0 0
4660 0.0911082 0 1.25 0.368627 0.5 0 0
4670 0.0911082 0 1.25 0.368627 0.5 0 0
4680 0.0911082 0 1.25 0.368627 0.5 0 0
4690 0.0911082 0 1.25 0.368627 0.5 0 0
4700 0.0908454 0 1.25 0.368627 0.5 0 0
4710 0.0908454 0 1.25 0.368627 0.5 0 0
4720 0.0908444 0 1.25 0.368627 0.5 0 0
4730 0.0908444 0 1.25 0.368627 0.5 0 0
4740 0.0908444 0 1.25 0.368627 0.5 0 0
4750 0.0908444 0 1.25 0.368627 0.5 0 0
4760 0.0908444 0 1.25 0.368627 0.5 0 0
4770 0.0908444 0 1.25 0.368627 0.5 0 0
4780 0.0908444 0 1.25 0.368627 0.5 0 0
4790 0.0908444 0 1.25 0.368627 0.5 0 0
4800 0.0908444 0 1.25 0.368627 0.5 0 0
4810 0.0908444 0 1.25 0.368627 0.5 0 0
4820 0.0908444 0 1.25 0.368627 0.5 0 0
4830 0.0908444 0 1.25 0.368627 0.5 0 0
4840 0.0908444 0 1.25 0.368627 0.5 0 0
4850 0.0908444 0 1.25 0.368627 0.5 0 0
4860 0.0908444 0 1.25 0.368627 0.5 0 0
4870 0.0908444 0 1.25 0.368627 0.5 0 0
4880 0.0908444 0 1.25 0.368627 0.5 0 0
4890 0.0908444 0 1.25 0.368627 0.5 0 0
4900 0.0908444 0 1.25 0.368627 0.5 0 0
4910 0.0908444 0 1.25 0.368627 0.5 0 0
4920 0.0908444 0 1.25 0.368627 0.5 0 0
4930 0.0908444 0 1.25 0.368627 0.5 0 0
4940 0.0912696 0 1.25 0.372549 0.5 0 0
4950 0.0912696 0 1.25 0.372549 0.5 0 0
4960 0.0914884 0 1.25 0.372549 0.5 0 0
4970 0.0914884 0 1.25 0.372549 0.5 0 0
4980 0.091965 0 1.25 0.372549 0.5 0 0
4990 0.091965 0 1.25 0.372549 0.5 0 0
5000 0.0921672 0 1.25 0.372549 0.5 0 0
5010 0.0921672 0 1.25 0.372549 0.5 0 0
5020 0.0922561 0 1.25 0.368627 0.5 0 0
5030 0.0922561 0 1.25 0.368627 0.5 0 0
5040 0.0920771 0 1.25 0.368627 0.5 0 0
5050 0.0920771 0 1.25 0.368627 0.5 0 0
5060 0.0915682 0 1.25 0.364706 0.5 0 0
5070 0.0915682 0 1.25 0.364706 0.5 0 0
5080 0.0907597 0 1.25 0.364706 0.5 0 0
5090 0.0907597 0 1.25 0.364706 0.5 0 0
5100 0.0904999 0 1.25 0.364706 0.5 0 0
5110 0.0904999 0 1.25 0.364706 0.5 0 0
5120 0.090506 0 1.25 0.364706 0.5 0 0
5130 0.090506 0 1.25 0.364706 0.5 0 0
5140 0.0902959 0 1.25 0.364706 0.5 0 0
5150 0.0902959 0 1.25 0.364706 0.5 0 0
5160 0.0902738 0 1.25 0.364706 0.5 0 0
5170 0.0902738 0 1.25 0.364706 0.5 0 0
5180 0.0902738 0 1.25 0.364706 0.5 0 0
5190 0.0902738 0 1.25 0.364706 0.5 0 0
5200 0.0902738 0 1.25 0.364706 0.5 0 0
5210 0.0902738 0 1.25 0.364706 0.5 0 0
5220 0.0902738 0 1.25 0.364706 0.5 0 0
5230 0.0902738 0 1.25 0.364706 0.5 0 0
5240 0.0902738 0 1.25 0.364706 0.5 0 0
5250 0.0902738 0 1.25 0.364706 0.5 0 0
5260 0.0902738 0 1.25 0.364706 0.5 0 0
5270 0.0902738 0 1.25 0.364706 0.5 0 0
5280 0.0909098 0 1.25 0.364706 0.5 0 0
5290 0.0909098 0 1.25 0.364706 0.5 0 0
5300 0.0913818 0 1.25 0.364706 0.5 0 0
5310 0.0913818 0 1.25 0.360784 0.5 0 0
5320 0.091553 0 1.25 0.360784 0.5 0 0
5330 0.091553 0 1.25 0.360784 0.5 0 0
5340 0.0915693 0 1.25 0.360784 0.5 0 0
5350 0.0915693 0 1.25 0.360784 0.5 0 0
5360 0.0913282 0 1.25 0.356863 0.5 0 0
5370 0.0913282 0 1.25 0.356863 0.5 0 0
5380 0.0909502 0 1.25 0.356863 0.5 0 0
5390 0.0909502 0 1.25 0.356863 0.5 0 0
5400 0.0902198 0 1.25 0.356863 0.5 0 0
5410 0.0902198 0 1.25 0.356863 0.5 0 0
5420 0.0897287 0 1.25 0.356863 0.5 0 0
5430 0.0897287 0 1.25 0.356863 0.5 0 0
5440 0.0892559 0 1.25 0.356863 0.5 0 0
5450 0.0892559 0 1.25 0.356863 0.5 0 0
5460 0.0888644 0 1.25 0.356863 0.5 0 0
5470 0.0888644 0 1.25 0.356863 0.5 0 0
5480 0.0887853 0 1.25 0.356863 0.5 0 0
5490 0.0887853 0 1.25 0.356863 0.5 0 0
5500 0.0886278 0 1.25 0.356863 0.5 0 0
5510 0.0886278 0 1.25 0.356863 0.5 0 0
5520 0.0884552 0 1.25 0.356863 0.5 0 0
5530 0.0884552 0 1.25 0.356863 0.5 0 0
5540 0.088455 0 1.25 0.356863 0.5 0 0
5550 0.088455 0 1.25 0.356863 0.5 0 0
5560 0.088455 0 1.25 0.356863 0.5 0 0
5570 0.088455 0 1.25 0.356863 0.5 0 0
5580 0.088443 0 1.25 0.356863 0.5 0 0
5590 0.088443 0 1.25 0.356863 0.5 0 0
5600 0.088443 0 1.25 0.356863 0.5 0 0
5610 0.088443 0 1.25 0.356863 0.5 0 0
5620 0.088443 0 1.25 0.356863 0.5 0 0
5630 0.088443 0 1.25 0.356863 0.5 0 0
5640 0.088443 0 1.25 0.356863 0.5 0 0
5650 0.088443 0 1.25 0.356863 0.5 0 0
5660 0.088443 0 1.25 0.356863 0.5 0 0
5670 0.088443 0 1.25 0.356863 0.5 0 0
5680 0.088443 0 1.25 0.356863 0.5 0 0
5690 0.088443 0 1.25 0.356863 0.5 0 0
5700 0.088443 0 1.25 0.356863 0.5 0 0
5710 0.088443 0 1.25 0.356863 0.5 0 0
5720 0.088443 0 1.25 0.356863 0.5 0 0
5730 0.088443 0 1.25 0.356863 0.5 0 0
5740 0.088443 0 1.25 0.356863 0.5 0 0
5750 0.088443 0 1.25 0.356863 0.5 0 0
5760 0.088443 0 1.25 0.356863 0.5 0 0
5770 0.088443 0 1.25 0.356863 0.5 0 0
5780 0.088443 0 1.25 0.356863 0.5 0 0
5790 0.088443 0 1.25 0.356863 0.5 0 0
5800 0.088443 0 1.25 0.356863 0.5 0 0
5810 0.088443 0 1.25 0.356863 0.5 0 0
5820 0.0894497 0 1.25 0.356863 0.5 0 0
5830 0.0894497 0 1.25 0.356863 0.5 0 0
5840 0.0907235 0 1.25 0.356863 0.5 0 0
5850 0.0907235 0 1.25 0.360784 0.5 0 0
5860 0.0920745 0 1.25 0.360784 0.5 0 0
5870 0.0920745 0 1.25 0.364706 0.5 0 0
5880 0.0924246 0 1.25 0.360784 0.5 0 0
5890 0.0924246 0 1.25 0.364706 0.5 0 0
5900 0.0924247 0 1.25 0.360784 0.5 0 0
5910 0.0924247 0 1.25 0.364706 0.5 0 0
5920 0.0924247 0 1.25 0.364706 0.5 0 0
5930 0.0924247 0 1.25 0.360784 0.5 0 0
5940 0.0924226 0 1.25 0.360784 0.5 0 0
5950 0.0924226 0 1.25 0.360784 0.5 0 0
5960 0.0922363 0 1.25 0.356863 0.5 0 0
5970 0.0922363 0 1.25 0.356863 0.5 0 0
5980 0.0914005 0 1.25 0.356863 0.5 0 0
5990 0.0914005 0 1.25 0.356863 0.5 0 0
6000 0.0899523 0 1.25 0.356863 0.5 0 0
6010 0.0899523 0 1.25 0.356863 0.5 0 0
6020 0.0896713 0 1.25 0.356863 0.5 0 0
6030 0.0896713 0 1.25 0.356863 0.5 0 0
6040 0.0896701 0 1.25 0.356863 0.5 0 0
6050 0.0896701 0 1.25 0.356863 0.5 0 0
6060 0.0889375 0 1.25 0.356863 0.5 0 0
6070 0.0889375 0 1.25 0.356863 0.5 0 0
6080 0.0887623 0 1.25 0.356863 0.5 0 0
6090 0.0887623 0 1.25 0.356863 0.5 0 0
6100 0.0887506 0 1.25 0.356863 0.5 0 0
6110 0.0887506 0 1.25 0.356863 0.5 0 0
6120 0.0886818 0 1.25 0.356863 0.5 0 0
6130 0.0886818 0 1.25 0.356863 0.5 0 0
6140 0.0885474 0 1.25 0.360784 0.5 0 0
6150 0.0885474 0 1.25 0.356863 0.5 0 0
6160 0.0885474 0 1.25 0.356863 0.5 0 0
6170 0.0885474 0 1.25 0.356863 0.5 0 0
6180 0.0885474 0 1.25 0.356863 0.5 0 0
6190 0.0885474 0 1.25 0.356863 0.5 0 0
6200 0.0885414 0 1.25 0.356863 0.5 0 0
6210 0.0885414 0 1.25 0.356863 0.5 0 0
6220 0.0885414 0 1.25 0.360784 0.5 0 0
6230 0.0885414 0 1.25 0.360784 0.5 0 0
6240 0.0885414 0 1.25 0.356863 0.5 0 0
6250 0.0885414 0 1.25 0.360784 0.5 0 0
6260 0.0885414 0 1.25 0.360784 0.5 0 0
6270 0.0885414 0 1.25 0.356863 0.5 0 0
6280 0.0885414 0 1.25 0.356863 0.5 0 0
6290 0.0885414 0 1.25 0.356863 0.5 0 0
6300 0.0885414 0 1.25 0.356863 0.5 0 0
6310 0.0885414 0 1.25 0.356863 0.5 0 0
6320 0.0885414 0 1.25 0.356863 0.5 0 0
6330 0.0885414 0 1.25 0.360784 0.5 0 0
6340 0.0885414 0 1.25 0.356863 0.5 0 0
6350 0.0885414 0 1.25 0.356863 0.5 0 0
6360 0.0885414 0 1.25 0.356863 0.5 0 0
6370 0.0885414 0 1.25 0.356863 0.5 0 0
6380 0.0885414 0 1.25 0.356863 0.5 0 0
6390 0.0885414 0 1.25 0.356863 0.5 0 0
6400 0.0888644 0 1.25 0.356863 0.5 0 0
6410 0.0888644 0 1.25 0.356863 0.5 0 0
6420 0.0897383 0 1.25 0.360784 0.5 0 0
6430 0.0897383 0 1.25 0.360784 0.5 0 0
6440 0.0902402 0 1.25 0.360784 0.5 0 0
6450 0.0902402 0 1.25 0.360784 0.5 0 0
6460 0.0905409 0 1.25 0.360784 0.5 0 0
6470 0.0905409 0 1.25 0.360784 0.5 0 0
6480 0.090774 0 1.25 0.360784 0.5 0 0
6490 0.090774 0 1.25 0.364706 0.5 0 0
6500 0.0910397 0 1.25 0.364706 0.5 0 0
6510 0.0910397 0 1.25 0.364706 0.5 0 0
6520 0.0911808 0 1.25 0.364706 0.5 0 0
6530 0.0911808 0 1.25 0.360784 0.5 0 0
6540 0.0908474 0 1.25 0.360784 0.5 0 0
6550 0.0908474 0 1.25 0.356863 0.5 0 0
6560 0.0895273 0 1.25 0.352941 0.5 0 0
6570 0.0895273 0 1.25 0.34902 0.5 0 0
6580 0.0884317 0 1.25 0.34902 0.5 0 0
6590 0.0884317 0 1.25 0.34902 0.5 0 0
6600 0.0876712 0 1.25 0.34902 0.5 0 0
6610 0.0876712 0 1.25 0.34902 0.5 0 0
6620 0.0871257 0 1.25 0.34902 0.5 0 0
6630 0.0871257 0 1.25 0.34902 0.5 0 0
6640 0.086381 0 1.25 0.34902 0.5 0 0
6650 0.086381 0 1.25 0.345098 0.5 0 0
6660 0.0853726 0 1.25 0.34902 0.5 0 0
6670 0.0853726 0 1.25 0.34902 0.5 0 0
6680 0.0845055 0 1.25 0.34902 0.5 0 0
6690 0.0845055 0 1.25 0.34902 0.5 0 0
6700 0.0844256 0 1.25 0.34902 0.5 0 0
6710 0.0844256 0 1.25 0.34902 0.5 0 0
6720 0.0844527 0 1.25 0.34902 0.5 0 0
6730 0.0844527 0 1.25 0.34902 0.5 0 0
6740 0.0847876 0 1.25 0.34902 0.5 0 0
6750 0.0847876 0 1.25 0.34902 0.5 0 0
6760 0.0849656 0 1.25 0.34902 0.5 0 0
6770 0.0849656 0 1.25 0.34902 0.5 0 0
6780 0.0849751 0 1.25 0.34902 0.5 0 0
6790 0.0849751 0 1.25 0.34902 0.5 0 0
6800 0.0849041 0 1.25 0.34902 0.5 0 0
6810 0.0849041 0 1.25 0.34902 0.5 0 0
6820 0.0845195 0 1.25 0.345098 0.5 0 0
6830 0.0845195 0 1.25 0.345098 0.5 0 0
6840 0.0836802 0 1.25 0.345098 0.5 0 0
6850 0.0836802 0 1.25 0.341176 0.5 0 0
6860 0.0826449 0 1.25 0.341176 0.5 0 0
6870 0.0826449 0 1.25 0.341176 0.5 0 0
6880 0.0813078 0 1.25 0.341176 0.5 0 0
6890 0.0813078 0 1.25 0.341176 0.5 0 0
6900 0.080582 0 1.25 0.341176 0.5 0 0
6910 0.080582 0 1.25 0.341176 0.5 0 0
6920 0.0803059 0 1.25 0.341176 0.5 0 0
6930 0.0803059 0 1.25 0.341176 0.5 0 0
6940 0.0802686 0 1.25 0.341176 0.5 0 0
6950 0.0802686 0 1.25 0.341176 0.5 0 0
6960 0.0798721 0 1.25 0.341176 0.5 0 0
6970 0.0798721 0 1.25 0.341176 0.5 0 0
6980 0.0798708 0 1.25 0.341176 0.5 0 0
6990 0.0798708 0 1.25 0.341176 0.5 0 0
7000 0.0798708 0 1.25 0.341176 0.5 0 0
7010 0.0798708 0 1.25 0.341176 0.5 0 0
7020 0.0798708 0 1.25 0.341176 0.5 0 0
7030 0.0798708 0 1.25 0.341176 0.5 0 0
7040 0.0798708 0 1.25 0.341176 0.5 0 0
7050 0.0798708 0 1.25 0.341176 0.5 0 0
7060 0.0798708 0 1.25 0.341176 0.5 0 0
7070 0.0798708 0 1.25 0.341176 0.5 0 0
7080 0.0798708 0 1.25 0.341176 0.5 0 0
7090 0.0798708 0 1.25 0.341176 0.5 0 0
7100 0.0798708 0 1.25 0.341176 0.5 0 0
7110 0.0798708 0 1.25 0.341176 0.5 0 0
7120 0.0798708 0 1.25 0.341176 0.5 0 0
7130 0.0798708 0 1.25 0.341176 0.5 0 0
7140 0.0798708 0 1.25 0.341176 0.5 0 0
7150 0.0798708 0 1.25 0.341176 0.5 0 0
7160 0.0798708 0 1.25 0.341176 0.5 0 0
7170 0.0798708 0 1.25 0.341176 0.5 0 0
7180 0.0798708 0 1.25 0.341176 0.5 0 0
7190 0.0798708 0 1.25 0.341176 0.5 0 0
7200 0.0798708 0 1.25 0.341176 0.5 0 0
7210 0.0798708 0 1.25 0.341176 0.5 0 0
7220 0.0798708 0 1.25 0.341176 0.5 0 0
7230 0.0798708 0 1.25 0.341176 0.5 0 0
7240 0.0798708 0 1.25 0.341176 0.5 0 0
7250 0.0798708 0 1.25 0.341176 0.5 0 0
7260 0.0798708 0 1.25 0.341176 0.5 0 0
7270 0.0798708 0 1.25 0.341176 0.5 0 0
7280 0.0803576 0 1.25 0.341176 0.5 0 0
7290 0.0803576 0 1.25 0.341176 0.5 0 0
7300 0.0810514 0 1.25 0.341176 0.5 0 0
7310 0.0810514 0 1.25 0.341176 0.5 0 0
7320 0.081807 0 1.25 0.341176 0.5 0 0
7330 0.081807 0 1.25 0.341176 0.5 0 0
7340 0.0822054 0 1.25 0.345098 0.5 0 0
7350 0.0822054 0 1.25 0.345098 0.5 0 0
7360 0.0822341 0 1.25 0.34902 0.5 0 0
7370 0.0822341 0 1.25 0.345098 0.5 0 0
7380 0.0820684 0 1.25 0.345098 0.5 0 0
7390 0.0820684 0 1.25 0.345098 0.5 0 0
7400 0.080529 0 1.25 0.337255 0.5 0 0
7410 0.080529 0 1.25 0.329412 0.5 0 0
7420 0.0795821 0 1.25 0.32549 0.5 0 0
7430 0.0795821 0 1.25 0.32549 0.5 0 0
7440 0.0782599 0 1.25 0.329412 0.5 0 0
7450 0.0782599 0 1.25 0.329412 0.5 0 0
7460 0.0778387 0 1.25 0.329412 0.5 0 0
7470 0.0778387 0 1.25 0.329412 0.5 0 0
7480 0.0776628 0 1.25 0.329412 0.5 0 0
7490 0.0776628 0 1.25 0.333333 0.5 0 0
7500 0.0767056 0 1.25 0.333333 0.5 0 0
7510 0.0767056 0 1.25 0.337255 0.5 0 0
7520 0.0760927 0 1.25 0.333333 0.5 0 0
7530 0.0760927 0 1.25 0.333333 0.5 0 0
7540 0.0759782 0 1.25 0.333333 0.5 0 0
7550 0.0759782 0 1.25 0.333333 0.5 0 0
7560 0.0757766 0 1.25 0.333333 0.5 0 0
7570 0.0757766 0 1.25 0.333333 0.5 0 0
7580 0.0757322 0 1.25 0.333333 0.5 0 0
7590 0.0757322 0 1.25 0.333333 0.5 0 0
7600 0.0756796 0 1.25 0.333333 0.5 0 0
7610 0.0756796 0 1.25 0.333333 0.5 0 0
7620 0.0756764 0 1.25 0.333333 0.5 0 0
7630 0.0756764 0 1.25 0.333333 0.5 0 0
7640 0.0755478 0 1.25 0.337255 0.5 0 0
7650 0.0755478 0 1.25 0.333333 0.5 0 0
7660 0.0755431 0 1.25 0.337255 0.5 0 0
7670 0.0755431 0 1.25 0.337255 0.5 0 0
7680 0.0755431 0 1.25 0.333333 0.5 0 0
7690 0.0755431 0 1.25 0.333333 0.5 0 0
7700 0.0755431 0 1.25 0.333333 0.5 0 0
7710 0.0755431 0 1.25 0.337255 0.5 0 0
7720 0.0755431 0 1.25 0.333333 0.5 0 0
7730 0.0755431 0 1.25 0.333333 0.5 0 0
7740 0.0755431 0 1.25 0.333333 0.5 0 0
7750 0.0755431 0 1.25 0.333333 0.5 0 0
7760 0.0755431 0 1.25 0.337255 0.5 0 0
7770 0.0755431 0 1.25 0.337255 0.5 0 0
7780 0.0759305 0 1.25 0.333333 0.5 0 0
7790 0.0759305 0 1.25 0.337255 0.5 0 0
7800 0.07635 0 1.25 0.337255 0.5 0 0
7810 0.07635 0 1.25 0.337255 0.5 0 0
7820 0.0770736 0 1.25 0.337255 0.5 0 0
7830 0.0770736 0 1.25 0.337255 0.5 0 0
7840 0.0780011 0 1.25 0.333333 0.5 0 0
7850 0.0780011 0 1.25 0.333333 0.5 0 0
7860 0.07895 0 1.25 0.337255 0.5 0 0
7870 0.07895 0 1.25 0.337255 0.5 0 0
7880 0.0792113 0 1.25 0.337255 0.5 0 0
7890 0.0792113 0 1.25 0.337255 0.5 0 0
7900 0.0792166 0 1.25 0.337255 0.5 0 0
7910 0.0792166 0 1.25 0.337255 0.5 0 0
7920 0.0791915 0 1.25 0.337255 0.5 0 0
7930 0.0791915 0 1.25 0.337255 0.5 0 0
7940 0.0789072 0 1.25 0.337255 0.5 0 0
7950 0.0789072 0 1.25 0.333333 0.5 0 0
7960 0.0786861 0 1.25 0.333333 0.5 0 0
7970 0.0786861 0 1.25 0.337255 0.5 0 0
7980 0.0781865 0 1.25 0.337255 0.5 0 0
7990 0.0781865 0 1.25 0.341176 0.5 0 0
8000 0.0779422 0 1.25 0.341176 0.5 0 0
8010 0.0779422 0 1.25 0.345098 0.5 0 0
8020 0.0772218 0 1.25 0.341176 0.5 0 0
8030 0.0772218 0 1.25 0.333333 0.5 0 0
8040 0.075817 0 1.25 0.317647 0.5 0 0
8050 0.075817 0 1.25 0.317647 0.5 0 0
8060 0.07489 0 1.25 0.317647 0.5 0 0
8070 0.07489 0 1.25 0.317647 0.5 0 0
8080 0.0747862 0 1.25 0.317647 0.5 0 0
8090 0.0747862 0 1.25 0.321569 0.5 0 0
8100 0.0751089 0 1.25 0.321569 0.5 0 0
8110 0.0751089 0 1.25 0.321569 0.5 0 0
8120 0.0748082 0 1.25 0.321569 0.5 0 0
8130 0.0748082 0 1.25 0.321569 0.5 0 0
8140 0.074165 0 1.25 0.321569 0.5 0 0
8150 0.074165 0 1.25 0.321569 0.5 0 0
8160 0.0735054 0 1.25 0.317647 0.5 0 0
8170 0.0735054 0 1.25 0.313725 0.5 0 0
8180 0.0726241 0 1.25 0.317647 0.5 0 0
8190 0.0726241 0 1.25 0.317647 0.5 0 0
8200 0.0723685 0 1.25 0.32549 0.5 0 0
8210 0.0723685 0 1.25 0.32549 0.5 0 0
8220 0.0721147 0 1.25 0.321569 0.5 0 0
8230 0.0721147 0 1.25 0.317647 0.5 0 0
8240 0.0714801 0 1.25 0.317647 0.5 0 0
8250 0.0714801 0 1.25 0.313725 0.5 0 0
8260 0.0705808 0 1.25 0.313725 0.5 0 0
8270 0.0705808 0 1.25 0.313725 0.5 0 0
8280 0.0698346 0 1.25 0.313725 0.5 0 0
8290 0.0698346 0 1.25 0.313725 0.5 0 0
8300 0.0690129 0 1.25 0.313725 0.5 0 0
8310 0.0690129 0 1.25 0.313725 0.5 0 0
8320 0.0684101 0 1.25 0.313725 0.5 0 0
8330 0.0684101 0 1.25 0.313725 0.5 0 0
8340 0.0682145 0 1.25 0.313725 0.5 0 0
8350 0.0682145 0 1.25 0.313725 0.5 0 0
8360 0.0679636 0 1.25 0.313725 0.5 0 0
8370 0.0679636 0 1.25 0.313725 0.5 0 0
8380 0.0679634 0 1.25 0.313725 0.5 0 0
8390 0.0679634 0 1.25 0.313725 0.5 0 0
8400 0.0679634 0 1.25 0.313725 0.5 0 0
8410 0.0679634 0 1.25 0.313725 0.5 0 0
8420 0.0679634 0 1.25 0.313725 0.5 0 0
8430 0.0679634 0 1.25 0.309804 0.5 0 0
8440 0.0679634 0 1.25 0.313725 0.5 0 0
8450 0.0679634 0 1.25 0.313725 0.5 0 0
8460 0.0679634 0 1.25 0.313725 0.5 0 0
8470 0.0679634 0 1.25 0.313725 0.5 0 0
8480 0.0679634 0 1.25 0.313725 0.5 0 0
8490 0.0679634 0 1.25 0.313725 0.5 0 0
8500 0.0679634 0 1.25 0.313725 0.5 0 0
8510 0.0679634 0 1.25 0.313725 0.5 0 0
8520 0.0679634 0 1.25 0.313725 0.5 0 0
8530 0.0679634 0 1.25 0.309804 0.5 0 0
8540 0.0679634 0 1.25 0.313725 0.5 0 0
8550 0.0679634 0 1.25 0.313725 0.5 0 0
8560 0.0686003 0 1.25 0.313725 0.5 0 0
8570 0.0686003 0 1.25 0.317647 0.5 0 0
8580 0.0695928 0 1.25 0.317647 0.5 0 0
8590 0.0695928 0 1.25 0.313725 0.5 0 0
8600 0.0698347 0 1.25 0.313725 0.5 0 0
8610 0.0698347 0 1.25 0.317647 0.5 0 0
8620 0.0708275 0 1.25 0.313725 0.5 0 0
8630 0.0708275 0 1.25 0.313725 0.5 0 0
8640 0.0713301 0 1.25 0.313725 0.5 0 0
8650 0.0713301 0 1.25 0.313725 0.5 0 0
8660 0.0717844 0 1.25 0.317647 0.5 0 0
8670 0.0717844 0 1.25 0.317647 0.5 0 0
8680 0.0722986 0 1.25 0.321569 0.5 0 0
8690 0.0722986 0 1.25 0.321569 0.5 0 0
8700 0.0723182 0 1.25 0.321569 0.5 0 0
8710 0.0723182 0 1.25 0.321569 0.5 0 0
8720 0.0721418 0 1.25 0.329412 0.5 0 0
8730 0.0721418 0 1.25 0.329412 0.5 0 0
8740 0.0717977 0 1.25 0.329412 0.5 0 0
8750 0.0717977 0 1.25 0.32549 0.5 0 0
8760 0.0707946 0 1.25 0.317647 0.5 0 0
8770 0.0707946 0 1.25 0.305882 0.5 0 0
8780 0.0690405 0 1.25 0.305882 0.5 0 0
8790 0.0690405 0 1.25 0.313725 0.5 0 0
8800 0.0683718 0 1.25 0.32549 0.5 0 0
8810 0.0683718 0 1.25 0.329412 0.5 0 0
8820 0.0683646 0 1.25 0.329412 0.5 0 0
8830 0.0683646 0 1.25 0.329412 0.5 0 0
8840 0.0683646 0 1.25 0.337255 0.5 0 0
8850 0.0683646 0 1.25 0.329412 0.5 0 0
8860 0.0683646 0 1.25 0.337255 0.5 0 0
8870 0.0683646 0 1.25 0.305882 0.5 0 0
8880 0.0677045 0 1.25 0.301961 0.5 0 0
8890 0.0677045 0 1.25 0.313725 0.5 0 0
8900 0.0671732 0 1.25 0.305882 0.5 0 0
8910 0.0671732 0 1.25 0.301961 0.5 0 0
8920 0.0666192 0 1.25 0.305882 0.5 0 0
8930 0.0666192 0 1.25 0.301961 0.5 0 0
8940 0.0661677 0 1.25 0.301961 0.5 0 0
8950 0.0661677 0 1.25 0.305882 0.5 0 0
8960 0.0659159 0 1.25 0.305882 0.5 0 0
8970 0.0659159 0 1.25 0.301961 0.5 0 0
8980 0.0658138 0 1.25 0.301961 0.5 0 0
8990 0.0658138 0 1.25 0.301961 0.5 0 0
9000 0.0658138 0 1.25 0.301961 0.5 0 0
9010 0.0658138 0 1.25 0.301961 0.5 0 0
9020 0.0658138 0 1.25 0.301961 0.5 0 0
9030 0.0658138 0 1.25 0.301961 0.5 0 0
9040 0.0657588 0 1.25 0.301961 0.5 0 0
9050 0.0657588 0 1.25 0.305882 0.5 0 0
9060 0.0657588 0 1.25 0.305882 0.5 0 0
9070 0.0657588 0 1.25 0.301961 0.5 0 0
9080 0.0657588 0 1.25 0.301961 0.5 0 0
9090 0.0657588 0 1.25 0.301961 0.5 0 0
9100 0.0657588 0 1.25 0.305882 0.5 0 0
9110 0.0657588 0 1.25 0.305882 0.5 0 0
9120 0.0657633 0 1.25 0.301961 0.5 0 0
9130 0.0657633 0 1.25 0.301961 0.5 0 0
9140 0.0663569 0 1.25 0.301961 0.5 0 0
9150 0.0663569 0 1.25 0.305882 0.5 0 0
9160 0.0674903 0 1.25 0.305882 0.5 0 0
9170 0.0674903 0 1.25 0.305882 0.5 0 0
9180 0.0683656 0 1.25 0.309804 0.5 0 0
9190 0.0683656 0 1.25 0.309804 0.5 0 0
9200 0.0686147 0 1.25 0.309804 0.5 0 0
9210 0.0686147 0 1.25 0.309804 0.5 0 0
9220 0.0689393 0 1.25 0.309804 0.5 0 0
9230 0.0689393 0 1.25 0.313725 0.5 0 0
9240 0.0691012 0 1.25 0.313725 0.5 0 0
9250 0.0691012 0 1.25 0.313725 0.5 0 0
9260 0.0690773 0 1.25 0.309804 0.5 0 0
9270 0.0690773 0 1.25 0.309804 0.5 0 0
9280 0.068713 0 1.25 0.309804 0.5 0 0
9290 0.068713 0 1.25 0.305882 0.5 0 0
9300 0.0679572 0 1.25 0.309804 0.5 0 0
9310 0.0679572 0 1.25 0.309804 0.5 0 0
9320 0.0676883 0 1.25 0.313725 0.5 0 0
9330 0.0676883 0 1.25 0.317647 0.5 0 0
9340 0.0675852 0 1.25 0.321569 0.5 0 0
9350 0.0675852 0 1.25 0.313725 0.5 0 0
9360 0.0667363 0 1.25 0.305882 0.5 0 0
9370 0.0667363 0 1.25 0.298039 0.5 0 0
9380 0.0658248 0 1.25 0.294118 0.5 0 0
9390 0.0658248 0 1.25 0.301961 0.5 0 0
9400 0.0655978 0 1.25 0.309804 0.5 0 0
9410 0.0655978 0 1.25 0.309804 0.5 0 0
9420 0.0655631 0 1.25 0.317647 0.5 0 0
9430 0.0655631 0 1.25 0.313725 0.5 0 0
9440 0.0655631 0 1.25 0.317647 0.5 0 0
9450 0.0655631 0 1.25 0.317647 0.5 0 0
9460 0.0655631 0 1.25 0.317647 0.5 0 0
9470 0.0655631 0 1.25 0.313725 0.5 0 0
9480 0.0655377 0 1.25 0.313725 0.5 0 0
9490 0.0655377 0 1.25 0.313725 0.5 0 0
9500 0.0655376 0 1.25 0.317647 0.5 0 0
9510 0.0655376 0 1.25 0.317647 0.5 0 0
9520 0.0655376 0 1.25 0.313725 0.5 0 0
9530 0.0655376 0 1.25 0.313725 0.5 0 0
9540 0.0655376 0 1.25 0.313725 0.5 0 0
9550 0.0655376 0 1.25 0.313725 0.5 0 0
9560 0.0654119 0 1.25 0.317647 0.5 0 0
9570 0.0654119 0 1.25 0.309804 0.5 0 0
9580 0.0648939 0 1.25 0.294118 0.5 0 0
9590 0.0648939 0 1.25 0.305882 0.5 0 0
9600 0.0633634 0 1.25 0.32549 0.5 0 0
9610 0.0633634 0 1.25 0.337255 0.5 0 0
9620 0.0630783 0 1.25 0.364706 0.5 0 0
9630 0.0630783 0 1.25 0.368627 0.5 0 0
9640 0.0630783 0 1.25 0.345098 0.5 0 0
9650 0.0630783 0 1.25 0.356863 0.5 0 0
9660 0.0630783 0 1.25 0.356863 0.5 0 0
9670 0.0630783 0 1.25 0.376471 0.5 0 0
9680 0.0630783 0 1.25 0.360784 0.5 0 0
9690 0.0630783 0 1.25 0.352941 0.5 0 0
9700 0.0630783 0 1.25 0.356863 0.5 0 0
9710 0.0630783 0 1.25 0.34902 0.5 0 0
9720 0.0630783 0 1.25 0.352941 0.5 0 0
9730 0.0630783 0 1.25 0.372549 0.5 0 0
9740 0.0630783 0 1.25 0.368627 0.5 0 0
9750 0.0630783 0 1.25 0.364706 0.5 0 0
9760 0.0629367 0 1.25 0.34902 0.5 0 0
9770 0.0629367 0 1.25 0.360784 0.5 0 0
9780 0.0629366 0 1.25 0.368627 0.5 0 0
9790 0.0629366 0 1.25 0.345098 0.5 0 0
9800 0.0629366 0 1.25 0.356863 0.5 0 0
9810 0.0629366 0 1.25 0.360784 0.5 0 0
9820 0.0629366 0 1.25 0.34902 0.5 0 0
9830 0.0629366 0 1.25 0.356863 0.5 0 0
9840 0.0629366 0 1.25 0.364706 0.5 0 0
9850 0.0629366 0 1.25 0.356863 0.5 0 0
9860 0.0629946 0 1.25 0.356863 0.5 0 0
9870 0.0629946 0 1.25 0.32549 0.5 0 0
9880 0.0636357 0 1.25 0.309804 0.5 0 0
9890 0.0636357 0 1.25 0.294118 0.5 0 0
9900 0.064333 0 1.25 0.290196 0.5 0 0
9910 0.064333 0 1.25 0.290196 0.5 0 0
9920 0.0654138 0 1.25 0.298039 0.5 0 0
9930 0.0654138 0 1.25 0.301961 0.5 0 0
9940 0.0660924 0 1.25 0.305882 0.5 0 0
9950 0.0660924 0 1.25 0.305882 0.5 0 0
9960 0.0663678 0 1.25 0.305882 0.5 0 0
9970 0.0663678 0 1.25 0.305882 0.5 0 0
9980 0.0664185 0 1.25 0.305882 0.5 0 0
9990 0.0664185 0 1.25 0.305882 0.5 0 0
10000 0.0664185 0 1.25 0.305882 0.5 0 0
10010 0.0664185 0 1.25 0.305882 0.5 0 0
10020 0.0663833 0 1.25 0.301961 0.5 0 0
10030 0.0663833 0 1.25 0.301961 0.5 0 0
10040 0.0656433 0 1.25 0.294118 0.5 0 0
10050 0.0656433 0 1.25 0.286275 0.5 0 0
10060 0.0642238 0 1.25 0.294118 0.5 0 0
10070 0.0642238 0 1.25 0.298039 0.5 0 0
10080 0.0639599 0 1.25 0.298039 0.5 0 0
10090 0.0639599 0 1.25 0.301961 0.5 0 0
10100 0.0639596 0 1.25 0.301961 0.5 0 0
10110 0.0639596 0 1.25 0.305882 0.5 0 0
10120 0.0637254 0 1.25 0.301961 0.5 0 0
10130 0.0637254 0 1.25 0.301961 0.5 0 0
10140 0.0630939 0 1.25 0.298039 0.5 0 0
10150 0.0630939 0 1.25 0.301961 0.5 0 0
10160 0.0626661 0 1.25 0.301961 0.5 0 0
10170 0.0626661 0 1.25 0.305882 0.5 0 0
10180 0.0624839 0 1.25 0.301961 0.5 0 0
10190 0.0624839 0 1.25 0.301961 0.5 0 0
10200 0.0623812 0 1.25 0.301961 0.5 0 0
10210 0.0623812 0 1.25 0.298039 0.5 0 0
10220 0.0622602 0 1.25 0.305882 0.5 0 0
10230 0.0622602 0 1.25 0.298039 0.5 0 0
10240 0.0622518 0 1.25 0.301961 0.5 0 0
10250 0.0622518 0 1.25 0.301961 0.5 0 0
10260 0.0621644 0 1.25 0.301961 0.5 0 0
10270 0.0621644 0 1.25 0.301961 0.5 0 0
10280 0.062061 0 1.25 0.301961 0.5 0 0
10290 0.062061 0 1.25 0.305882 0.5 0 0
10300 0.062061 0 1.25 0.301961 0.5 0 0
10310 0.062061 0 1.25 0.305882 0.5 0 0
10320 0.062061 0 1.25 0.301961 0.5 0 0
10330 0.062061 0 1.25 0.305882 0.5 0 0
10340 0.062061 0 1.25 0.301961 0.5 0 0
10350 0.062061 0 1.25 0.301961 0.5 0 0
10360 0.062061 0 1.25 0.301961 0.5 0 0
10370 0.062061 0 1.25 0.301961 0.5 0 0
10380 0.062061 0 1.25 0.305882 0.5 0 0
10390 0.062061 0 1.25 0.301961 0.5 0 0
10400 0.0625332 0 1.25 0.301961 0.5 0 0
10410 0.0625332 0 1.25 0.305882 0.5 0 0
10420 0.0630718 0 1.25 0.301961 0.5 0 0
10430 0.0630718 0 1.25 0.298039 0.5 0 0
10440 0.0638075 0 1.25 0.298039 0.5 0 0
10450 0.0638075 0 1.25 0.298039 0.5 0 0
10460 0.0643215 0 1.25 0.298039 0.5 0 0
10470 0.0643215 0 1.25 0.298039 0.5 0 0
10480 0.0647763 0 1.25 0.301961 0.5 0 0
10490 0.0647763 0 1.25 0.301961 0.5 0 0
10500 0.0649141 0 1.25 0.305882 0.5 0 0
10510 0.0649141 0 1.25 0.305882 0.5 0 0
10520 0.0649057 0 1.25 0.305882 0.5 0 0
10530 0.0649057 0 1.25 0.305882 0.5 0 0
10540 0.0645763 0 1.25 0.301961 0.5 0 0
10550 0.0645763 0 1.25 0.301961 0.5 0 0
10560 0.0639521 0 1.25 0.294118 0.5 0 0
10570 0.0639521 0 1.25 0.294118 0.5 0 0
10580 0.0635052 0 1.25 0.294118 0.5 0 0
10590 0.0635052 0 1.25 0.294118 0.5 0 0
10600 0.062893 0 1.25 0.290196 0.5 0 0
10610 0.062893 0 1.25 0.301961 0.5 0 0
10620 0.0625377 0 1.25 0.294118 0.5 0 0
10630 0.0625377 0 1.25 0.290196 0.5 0 0
10640 0.0615656 0 1.25 0.278431 0.5 0 0
10650 0.0615656 0 1.25 0.27451 0.5 0 0
10660 0.0608731 0 1.25 0.278431 0.5 0 0
10670 0.0608731 0 1.25 0.278431 0.5 0 0
10680 0.061171 0 1.25 0.278431 0.5 0 0
10690 0.061171 0 1.25 0.282353 0.5 0 0
10700 0.0618612 0 1.25 0.290196 0.5 0 0
10710 0.0618612 0 1.25 0.294118 0.5 0 0
10720 0.0620781 0 1.25 0.298039 0.5 0 0
10730 0.0620781 0 1.25 0.294118 0.5 0 0
10740 0.0619742 0 1.25 0.298039 0.5 0 0
10750 0.0619742 0 1.25 0.298039 0.5 0 0
10760 0.0619742 0 1.25 0.298039 0.5 0 0
10770 0.0619742 0 1.25 0.298039 0.5 0 0
10780 0.0619742 0 1.25 0.298039 0.5 0 0
10790 0.0619742 0 1.25 0.298039 0.5 0 0
10800 0.0619742 0 1.25 0.294118 0.5 0 0
10810 0.0619742 0 1.25 0.294118 0.5 0 0
10820 0.0616667 0 1.25 0.294118 0.5 0 0
10830 0.0616667 0 1.25 0.290196 0.5 0 0
10840 0.0614002 0 1.25 0.282353 0.5 0 0
10850 0.0614002 0 1.25 0.27451 0.5 0 0
10860 0.0599817 0 1.25 0.266667 0.5 0 0
10870 0.0599817 0 1.25 0.270588 0.5 0 0
10880 0.0589842 0 1.25 0.270588 0.5 0 0
10890 0.0589842 0 1.25 0.278431 0.5 0 0
10900 0.0588937 0 1.25 0.278431 0.5 0 0
10910 0.0588937 0 1.25 0.27451 0.5 0 0
10920 0.0588937 0 1.25 0.27451 0.5 0 0
10930 0.0588937 0 1.25 0.27451 0.5 0 0
10940 0.0588583 0 1.25 0.27451 0.5 0 0
10950 0.0588583 0 1.25 0.27451 0.5 0 0
10960 0.0584888 0 1.25 0.27451 0.5 0 0
10970 0.0584888 0 1.25 0.270588 0.5 0 0
10980 0.0580725 0 1.25 0.278431 0.5 0 0
10990 0.0580725 0 1.25 0.278431 0.5 0 0
11000 0.0580238 0 1.25 0.270588 0.5 0 0
11010 0.0580238 0 1.25 0.278431 0.5 0 0
11020 0.0579913 0 1.25 0.27451 0.5 0 0
11030 0.0579913 0 1.25 0.278431 0.5 0 0
11040 0.0579913 0 1.25 0.27451 0.5 0 0
11050 0.0579913 0 1.25 0.278431 0.5 0 0
11060 0.0579913 0 1.25 0.270588 0.5 0 0
11070 0.0579913 0 1.25 0.278431 0.5 0 0
11080 0.0579913 0 1.25 0.278431 0.5 0 0
11090 0.0579913 0 1.25 0.27451 0.5 0 0
11100 0.0581045 0 1.25 0.27451 0.5 0 0
11110 0.0581045 0 1.25 0.27451 0.5 0 0
11120 0.0586057 0 1.25 0.278431 0.5 0 0
11130 0.0586057 0 1.25 0.270588 0.5 0 0
11140 0.0599793 0 1.25 0.270588 0.5 0 0
11150 0.0599793 0 1.25 0.27451 0.5 0 0
11160 0.060614 0 1.25 0.278431 0.5 0 0
11170 0.060614 0 1.25 0.278431 0.5 0 0
11180 0.060831 0 1.25 0.282353 0.5 0 0
11190 0.060831 0 1.25 0.286275 0.5 0 0
11200 0.0609114 0 1.25 0.286275 0.5 0 0
11210 0.0609114 0 1.25 0.282353 0.5 0 0
11220 0.0609054 0 1.25 0.286275 0.5 0 0
11230 0.0609054 0 1.25 0.282353 0.5 0 0
11240 0.06072 0 1.25 0.278431 0.5 0 0
11250 0.06072 0 1.25 0.278431 0.5 0 0
11260 0.0601778 0 1.25 0.27451 0.5 0 0
11270 0.0601778 0 1.25 0.270588 0.5 0 0
11280 0.0595264 0 1.25 0.270588 0.5 0 0
11290 0.0595264 0 1.25 0.282353 0.5 0 0
11300 0.0591795 0 1.25 0.27451 0.5 0 0
11310 0.0591795 0 1.25 0.282353 0.5 0 0
11320 0.058713 0 1.25 0.282353 0.5 0 0
11330 0.058713 0 1.25 0.290196 0.5 0 0
11340 0.0580961 0 1.25 0.290196 0.5 0 0
11350 0.0580961 0 1.25 0.266667 0.5 0 0
11360 0.0569685 0 1.25 0.262745 0.5 0 0
11370 0.0569685 0 1.25 0.266667 0.5 0 0
11380 0.0559625 0 1.25 0.266667 0.5 0 0
11390 0.0559625 0 1.25 0.266667 0.5 0 0
11400 0.0548557 0 1.25 0.266667 0.5 0 0
11410 0.0548557 0 1.25 0.266667 0.5 0 0
11420 0.0545 0 1.25 0.266667 0.5 0 0
11430 0.0545 0 1.25 0.266667 0.5 0 0
11440 0.0544885 0 1.25 0.266667 0.5 0 0
11450 0.0544885 0 1.25 0.266667 0.5 0 0
11460 0.0543749 0 1.25 0.266667 0.5 0 0
11470 0.0543749 0 1.25 0.266667 0.5 0 0
11480 0.0543104 0 1.25 0.266667 0.5 0 0
11490 0.0543104 0 1.25 0.266667 0.5 0 0
11500 0.0542699 0 1.25 0.266667 0.5 0 0
11510 0.0542699 0 1.25 0.266667 0.5 0 0
11520 0.0542252 0 1.25 0.266667 0.5 0 0
11530 0.0542252 0 1.25 0.266667 0.5 0 0
11540 0.0542103 0 1.25 0.266667 0.5 0 0
11550 0.0542103 0 1.25 0.266667 0.5 0 0
11560 0.0542103 0 1.25 0.266667 0.5 0 0
11570 0.0542103 0 1.25 0.266667 0.5 0 0
11580 0.0542103 0 1.25 0.266667 0.5 0 0
11590 0.0542103 0 1.25 0.266667 0.5 0 0
11600 0.0542103 0 1.25 0.266667 0.5 0 0
11610 0.0542103 0 1.25 0.262745 0.5 0 0
11620 0.0542692 0 1.25 0.266667 0.5 0 0
11630 0.0542692 0 1.25 0.266667 0.5 0 0
11640 0.0543162 0 1.25 0.266667 0.5 0 0
11650 0.0543162 0 1.25 0.266667 0.5 0 0
11660 0.0546889 0 1.25 0.266667 0.5 0 0
11670 0.0546889 0 1.25 0.266667 0.5 0 0
11680 0.0551271 0 1.25 0.262745 0.5 0 0
11690 0.0551271 0 1.25 0.266667 0.5 0 0
11700 0.0555932 0 1.25 0.270588 0.5 0 0
11710 0.0555932 0 1.25 0.27451 0.5 0 0
11720 0.0556705 0 1.25 0.27451 0.5 0 0
11730 0.0556705 0 1.25 0.270588 0.5 0 0
11740 0.055667 0 1.25 0.27451 0.5 0 0
11750 0.055667 0 1.25 0.27451 0.5 0 0
11760 0.055059 0 1.25 0.266667 0.5 0 0
11770 0.055059 0 1.25 0.25098 0.5 0 0
11780 0.0540788 0 1.25 0.247059 0.5 0 0
11790 0.0540788 0 1.25 0.25098 0.5 0 0
11800 0.0536488 0 1.25 0.254902 0.5 0 0
11810 0.0536488 0 1.25 0.254902 0.5 0 0
11820 0.053416 0 1.25 0.25098 0.5 0 0
11830 0.053416 0 1.25 0.254902 0.5 0 0
11840 0.0533695 0 1.25 0.254902 0.5 0 0
11850 0.0533695 0 1.25 0.254902 0.5 0 0
11860 0.0532968 0 1.25 0.254902 0.5 0 0
11870 0.0532968 0 1.25 0.254902 0.5 0 0
11880 0.0532215 0 1.25 0.25098 0.5 0 0
11890 0.0532215 0 1.25 0.25098 0.5 0 0
11900 0.0536292 0 1.25 0.254902 0.5 0 0
11910 0.0536292 0 1.25 0.247059 0.5 0 0
11920 0.0542634 0 1.25 0.247059 0.5 0 0
11930 0.0542634 0 1.25 0.254902 0.5 0 0
11940 0.0546401 0 1.25 0.258824 0.5 0 0
11950 0.0546401 0 1.25 0.258824 0.5 0 0
11960 0.0546935 0 1.25 0.258824 0.5 0 0
11970 0.0546935 0 1.25 0.258824 0.5 0 0
11980 0.0546683 0 1.25 0.254902 0.5 0 0
11990 0.0546683 0 1.25 0.254902 0.5 0 0
12000 0.0540203 0 1.25 0.239216 0.5 0 0
12010 0.0540203 0 1.25 0.239216 0.5 0 0
12020 0.0526097 0 1.25 0.235294 0.5 0 0
12030 0.0526097 0 1.25 0.239216 0.5 0 0
12040 0.0519305 0 1.25 0.239216 0.5 0 0
12050 0.0519305 0 1.25 0.243137 0.5 0 0
12060 0.0516461 0 1.25 0.239216 0.5 0 0
12070 0.0516461 0 1.25 0.239216 0.5 0 0
12080 0.0510549 0 1.25 0.243137 0.5 0 0
12090 0.0510549 0 1.25 0.239216 0.5 0 0
12100 0.0499183 0 1.25 0.235294 0.5 0 0
12110 0.0499183 0 1.25 0.239216 0.5 0 0
12120 0.0493559 0 1.25 0.235294 0.5 0 0
12130 0.0493559 0 1.25 0.239216 0.5 0 0
12140 0.0493265 0 1.25 0.239216 0.5 0 0
12150 0.0493265 0 1.25 0.239216 0.5 0 0
12160 0.0491271 0 1.25 0.239216 0.5 0 0
12170 0.0491271 0 1.25 0.239216 0.5 0 0
12180 0.0491235 0 1.25 0.239216 0.5 0 0
12190 0.0491235 0 1.25 0.243137 0.5 0 0
12200 0.0491235 0 1.25 0.239216 0.5 0 0
12210 0.0491235 0 1.25 0.239216 0.5 0 0
12220 0.0491235 0 1.25 0.239216 0.5 0 0
12230 0.0491235 0 1.25 0.239216 0.5 0 0
12240 0.0491235 0 1.25 0.239216 0.5 0 0
12250 0.0491235 0 1.25 0.239216 0.5 0 0
12260 0.0491235 0 1.25 0.235294 0.5 0 0
12270 0.0491235 0 1.25 0.239216 0.5 0 0
12280 0.0491235 0 1.25 0.239216 0.5 0 0
12290 0.0491235 0 1.25 0.235294 0.5 0 0
12300 0.0491235 0 1.25 0.239216 0.5 0 0
12310 0.0491235 0 1.25 0.239216 0.5 0 0
12320 0.0494164 0 1.25 0.239216 0.5 0 0
12330 0.0494164 0 1.25 0.243137 0.5 0 0
12340 0.0501706 0 1.25 0.243137 0.5 0 0
12350 0.0501706 0 1.25 0.243137 0.5 0 0
12360 0.0507903 0 1.25 0.243137 0.5 0 0
12370 0.0507903 0 1.25 0.25098 0.5 0 0
12380 0.0511687 0 1.25 0.258824 0.5 0 0
12390 0.0511687 0 1.25 0.258824 0.5 0 0
12400 0.0511865 0 1.25 0.258824 0.5 0 0
12410 0.0511865 0 1.25 0.258824 0.5 0 0
12420 0.0511868 0 1.25 0.258824 0.5 0 0
12430 0.0511868 0 1.25 0.258824 0.5 0 0
12440 0.05108 0 1.25 0.254902 0.5 0 0
12450 0.05108 0 1.25 0.243137 0.5 0 0
12460 0.049866 0 1.25 0.231373 0.5 0 0
12470 0.049866 0 1.25 0.235294 0.5 0 0
12480 0.0493249 0.5 1.75 0.243137 0.5 0 0
12490 0.0493249 0.5 1.75 0.235294 0.5 0 0
12500 0.0492212 0.5 2.25 0.239216 0.5 0 0
12510 0.0492212 0.5 2.25 0.239216 0.5 0 0
12520 0.049169 0.5 2.75 0.235294 0.5 0 0
12530 0.049169 0.5 2.75 0.239216 0.5 0 0
12540 0.0491439 0.5 3.25 0.239216 0.5 0 0
12550 0.0491439 0.5 3.25 0.239216 0.5 0 0
12560 0.0491439 0.5 3.75 0.239216 0.5 0 0
12570 0.0491439 0.5 3.75 0.239216 0.5 0 0
12580 0.0491439 0.5 4.25 0.235294 0.5 0 0
12590 0.0491439 0.5 4.25 0.235294 0.5 0 0
12600 0.0491375 0 4.25 0.239216 0.5 0 0
12610 0.0491375 0 4.25 0.235294 0.5 0 0
12620 0.0489864 0 4.25 0.235294 0.5 0 0
12630 0.0489864 0 4.25 0.235294 0.5 0 0
12640 0.0489851 0 4.25 0.235294 0.5 0 0
12650 0.0489851 0 4.25 0.239216 0.5 0 0
12660 0.0485135 0 4.25 0.231373 0.5 0 0
12670 0.0485135 0 4.25 0.235294 0.5 0 0
12680 0.0480051 0 4.25 0.239216 0.5 0 0
12690 0.0480051 0 4.25 0.235294 0.5 0 0
12700 0.0475798 0 4.25 0.231373 0.5 0 0
12710 0.0475798 0 4.25 0.235294 0.5 0 0
12720 0.0474231 0 4.25 0.235294 0.5 0 0
12730 0.0474231 0 4.25 0.235294 0.5 0 0
12740 0.0473602 0 4.25 0.231373 0.5 0 0
12750 0.0473602 0 4.25 0.235294 0.5 0 0
12760 0.0472236 0 4.25 0.235294 0.5 0 0
12770 0.0472236 0 4.25 0.235294 0.5 0 0
12780 0.0472272 0 4.25 0.235294 0.5 0 0
12790 0.0472272 0 4.25 0.235294 0.5 0 0
12800 0.0474417 0 4.25 0.239216 0.5 0 0
12810 0.0474417 0 4.25 0.231373 0.5 0 0
12820 0.0479681 0 4.25 0.223529 0.5 0 0
12830 0.0479681 0 4.25 0.227451 0.5 0 0
12840 0.0484057 0 4.25 0.235294 0.5 0 0
12850 0.0484057 0 4.25 0.239216 0.5 0 0
12860 0.0485012 0 4.25 0.239216 0.5 0 0
12870 0.0485012 0 4.25 0.235294 0.5 0 0
12880 0.0484717 0 4.25 0.239216 0.5 0 0
12890 0.0484717 0 4.25 0.231373 0.5 0 0
12900 0.0481621 0 4.25 0.227451 0.5 0 0
12910 0.0481621 0 4.25 0.215686 0.5 0 0
12920 0.0475842 0 4.25 0.207843 0.5 0 0
12930 0.0475842 0 4.25 0.203922 0.5 0 0
12940 0.0466449 0 4.25 0.211765 0.5 0 0
12950 0.0466449 0 4.25 0.215686 0.5 0 0
12960 0.0464819 0 4.25 0.211765 0.5 0 0
12970 0.0464819 0 4.25 0.211765 0.5 0 0
12980 0.0464819 0 4.25 0.207843 0.5 0 0
12990 0.0464819 0 4.25 0.211765 0.5 0 0
13000 0.0461049 0 4.25 0.211765 0.5 0 0
13010 0.0461049 0 4.25 0.211765 0.5 0 0
13020 0.045874 0 4.25 0.215686 0.5 0 0
13030 0.045874 0 4.25 0.207843 0.5 0 0
13040 0.0464478 0 4.25 0.203922 0.5 0 0
13050 0.0464478 0 4.25 0.207843 0.5 0 0
13060 0.0467264 0 4.25 0.215686 0.5 0 0
13070 0.0467264 0 4.25 0.219608 0.5 0 0
13080 0.046767 0 4.25 0.219608 0.5 0 0
13090 0.046767 0 4.25 0.219608 0.5 0 0
13100 0.0467511 0 4.25 0.219608 0.5 0 0
13110 0.0467511 0 4.25 0.219608 0.5 0 0
13120 0.0465064 0 4.25 0.227451 0.5 0 0
13130 0.0465064 0 4.25 0.235294 0.5 0 0
13140 0.0463231 0 4.25 0.223529 0.5 0 0
13150 0.0463231 0 4.25 0.227451 0.5 0 0
13160 0.0461207 0 4.25 0.219608 0.5 0 0
13170 0.0461207 0 4.25 0.207843 0.5 0 0
13180 0.0451057 0 4.25 0.192157 0.5 0 0
13190 0.0451057 0 4.25 0.180392 0.5 0 0
13200 0.0433146 0 4.25 0.176471 0.5 0 0
13210 0.0433146 0 4.25 0.184314 0.5 0 0
13220 0.04259 0 4.25 0.2 0.5 0 0
13230 0.04259 0 4.25 0.192157 0.5 0 0
13240 0.0423403 0 4.25 0.196078 0.5 0 0
13250 0.0423403 0 4.25 0.196078 0.5 0 0
13260 0.0418569 0 4.25 0.2 0.5 0 0
13270 0.0418569 0 4.25 0.192157 0.5 0 0
13280 0.0416779 0 4.25 0.196078 0.5 0 0
13290 0.0416779 0 4.25 0.2 0.5 0 0
13300 0.041656 0 4.25 0.196078 0.5 0 0
13310 0.041656 0 4.25 0.2 0.5 0 0
13320 0.0415807 0 4.25 0.2 0.5 0 0
13330 0.0415807 0 4.25 0.196078 0.5 0 0
13340 0.0415807 0 4.25 0.2 0.5 0 0
13350 0.0415807 0 4.25 0.196078 0.5 0 0
13360 0.0415807 0 4.25 0.2 0.5 0 0
13370 0.0415807 0 4.25 0.184314 0.5 0 0
13380 0.0415807 0 4.25 0.2 0.5 0 0
13390 0.0415807 0 4.25 0.192157 0.5 0 0
13400 0.0415807 0 4.25 0.2 0.5 0 0
13410 0.0415807 0 4.25 0.196078 0.5 0 0
13420 0.0415807 0 4.25 0.2 0.5 0 0
13430 0.0415807 0 4.25 0.196078 0.5 0 0
13440 0.0415807 0 4.25 0.196078 0.5 0 0
13450 0.0415807 0 4.25 0.196078 0.5 0 0
13460 0.0415807 0 4.25 0.192157 0.5 0 0
13470 0.0415807 0 4.25 0.196078 0.5 0 0
13480 0.0415807 0 4.25 0.196078 0.5 0 0
13490 0.0415807 0 4.25 0.2 0.5 0 0
13500 0.0415807 0 4.25 0.2 0.5 0 0
13510 0.0415807 0 4.25 0.196078 0.5 0 0
13520 0.0415807 0 4.25 0.2 0.5 0 0
13530 0.0415807 0 4.25 0.188235 0.5 0 0
13540 0.0419117 0 4.25 0.188235 0.5 0 0
13550 0.0419117 0 4.25 0.176471 0.5 0 0
13560 0.0423271 0 4.25 0.184314 0.5 0 0
13570 0.0423271 0 4.25 0.180392 0.5 0 0
13580 0.0425176 0 4.25 0.184314 0.5 0 0
13590 0.0425176 0 4.25 0.188235 0.5 0 0
13600 0.0427697 0 4.25 0.192157 0.5 0 0
13610 0.0427697 0 4.25 0.188235 0.5 0 0
13620 0.0427714 0 4.25 0.192157 0.5 0 0
13630 0.0427714 0 4.25 0.188235 0.5 0 0
13640 0.0427714 0 4.25 0.192157 0.5 0 0
13650 0.0427714 0 4.25 0.188235 0.5 0 0
13660 0.0425041 0 4.25 0.184314 0.5 0 0
13670 0.0425041 0 4.25 0.176471 0.5 0 0
13680 0.0417172 0 4.25 0.168627 0.5 0 0
13690 0.0417172 0 4.25 0.172549 0.5 0 0
13700 0.0409956 0 4.25 0.176471 0.5 0 0
13710 0.0409956 0 4.25 0.180392 0.5 0 0
13720 0.040837 0 4.25 0.180392 0.5 0 0
13730 0.040837 0 4.25 0.180392 0.5 0 0
13740 0.040676 0 4.25 0.180392 0.5 0 0
13750 0.040676 0 4.25 0.180392 0.5 0 0
13760 0.0401785 0 4.25 0.168627 0.5 0 0
13770 0.0401785 0 4.25 0.160784 0.5 0 0
13780 0.0391895 0 4.25 0.160784 0.5 0 0
13790 0.0391895 0 4.25 0.164706 0.5 0 0
13800 0.038155 0 4.25 0.168627 0.5 0 0
13810 0.038155 0 4.25 0.164706 0.5 0 0
13820 0.0376445 0 4.25 0.160784 0.5 0 0
13830 0.0376445 0 4.25 0.160784 0.5 0 0
13840 0.0372595 0 4.25 0.160784 0.5 0 0
13850 0.0372595 0 4.25 0.160784 0.5 0 0
13860 0.0371685 0 4.25 0.160784 0.5 0 0
13870 0.0371685 0 4.25 0.160784 0.5 0 0
13880 0.0374075 0 4.25 0.156863 0.5 0 0
13890 0.0374075 0 4.25 0.164706 0.5 0 0
13900 0.0378695 0 4.25 0.172549 0.5 0 0
13910 0.0378695 0 4.25 0.172549 0.5 0 0
13920 0.0379526 0 4.25 0.172549 0.5 0 0
13930 0.0379526 0 4.25 0.172549 0.5 0 0
13940 0.0379527 0 4.25 0.172549 0.5 0 0
13950 0.0379527 0 4.25 0.172549 0.5 0 0
13960 0.037757 0 4.25 0.168627 0.5 0 0
13970 0.037757 0 4.25 0.168627 0.5 0 0
13980 0.036727 0 4.25 0.156863 0.5 0 0
13990 0.036727 0 4.25 0.14902 0.5 0 0
14000 0.0359977 0 4.25 0.14902 0.5 0 0
14010 0.0359977 0 4.25 0.14902 0.5 0 0
14020 0.0356974 0 4.25 0.145098 0.5 0 0
14030 0.0356974 0 4.25 0.152941 0.5 0 0
14040 0.0354564 0 4.25 0.156863 0.5 0 0
14050 0.0354564 0 4.25 0.152941 0.5 0 0
14060 0.0352654 0 4.25 0.152941 0.5 0 0
14070 0.0352654 0 4.25 0.14902 0.5 0 0
14080 0.0347631 0 4.25 0.141176 0.5 0 0
14090 0.0347631 0 4.25 0.133333 0.5 0 0
14100 0.0341636 0 4.25 0.133333 0.5 0 0
14110 0.0341636 0 4.25 0.137255 0.5 0 0
14120 0.0338046 0 4.25 0.141176 0.5 0 0
14130 0.0338046 0 4.25 0.145098 0.5 0 0
14140 0.0336348 0 4.25 0.141176 0.5 0 0
14150 0.0336348 0 4.25 0.145098 0.5 0 0
14160 0.0335905 0 4.25 0.145098 0.5 0 0
14170 0.0335905 0 4.25 0.145098 0.5 0 0
14180 0.0333047 0 4.25 0.141176 0.5 0 0
14190 0.0333047 0 4.25 0.145098 0.5 0 0
14200 0.0327987 0 4.25 0.137255 0.5 0 0
14210 0.0327987 0 4.25 0.137255 0.5 0 0
14220 0.0322679 0 4.25 0.137255 0.5 0 0
14230 0.0322679 0 4.25 0.141176 0.5 0 0
14240 0.032098 0 4.25 0.141176 0.5 0 0
14250 0.032098 0 4.25 0.141176 0.5 0 0
14260 0.031941 0 4.25 0.145098 0.5 0 0
14270 0.031941 0 4.25 0.137255 0.5 0 0
14280 0.0314766 0 4.25 0.137255 0.5 0 0
14290 0.0314766 0 4.25 0.129412 0.5 0 0
14300 0.0305449 0 4.25 0.121569 0.5 0 0
14310 0.0305449 0 4.25 0.121569 0.5 0 0
14320 0.0300534 0 4.25 0.121569 0.5 0 0
14330 0.0300534 0 4.25 0.121569 0.5 0 0
14340 0.0296613 0 4.25 0.121569 0.5 0 0
14350 0.0296613 0 4.25 0.117647 0.5 0 0
14360 0.0292939 0 4.25 0.117647 0.5 0 0
14370 0.0292939 0 4.25 0.121569 0.5 0 0
14380 0.0290937 0 4.25 0.121569 0.5 0 0
14390 0.0290937 0 4.25 0.121569 0.5 0 0
14400 0.0288549 0 4.25 0.117647 0.5 0 0
14410 0.0288549 0 4.25 0.121569 0.5 0 0
14420 0.0288105 0 4.25 0.117647 0.5 0 0
14430 0.0288105 0 4.25 0.117647 0.5 0 0
14440 0.0288095 0 4.25 0.121569 0.5 0 0
14450 0.0288095 0 4.25 0.121569 0.5 0 0
14460 0.0288 0 4.25 0.117647 0.5 0 0
14470 0.0288 0 4.25 0.117647 0.5 0 0
14480 0.0288 0 4.25 0.121569 0.5 0 0
14490 0.0288 0 4.25 0.121569 0.5 0 0
14500 0.0288 0 4.25 0.121569 0.5 0 0
14510 0.0288 0 4.25 0.121569 0.5 0 0
14520 0.0287935 0 4.25 0.121569 0.5 0 0
14530 0.0287935 0 4.25 0.121569 0.5 0 0
14540 0.0288973 0 4.25 0.121569 0.5 0 0
14550 0.0288973 0 4.25 0.121569 0.5 0 0
14560 0.0288817 0 4.25 0.121569 0.5 0 0
14570 0.0288817 0 4.25 0.121569 0.5 0 0
14580 0.0291154 0 4.25 0.121569 0.5 0 0
14590 0.0291154 0 4.25 0.129412 0.5 0 0
14600 0.029361 0 4.25 0.133333 0.5 0 0
14610 0.029361 0 4.25 0.133333 0.5 0 0
14620 0.0293676 0 4.25 0.133333 0.5 0 0
14630 0.0293676 0 4.25 0.133333 0.5 0 0
14640 0.0291958 0 4.25 0.12549 0.5 0 0
14650 0.0291958 0 4.25 0.12549 0.5 0 0
14660 0.0287789 0 4.25 0.12549 0.5 0 0
14670 0.0287789 0 4.25 0.129412 0.5 0 0
14680 0.0284975 0 4.25 0.129412 0.5 0 0
14690 0.0284975 0 4.25 0.133333 0.5 0 0
14700 0.0283739 0 4.25 0.129412 0.5 0 0
14710 0.0283739 0 4.25 0.12549 0.5 0 0
14720 0.0279859 0 4.25 0.121569 0.5 0 0
14730 0.0279859 0 4.25 0.117647 0.5 0 0
14740 0.0271601 0 4.25 0.109804 0.5 0 0
14750 0.0271601 0 4.25 0.109804 0.5 0 0
14760 0.0254997 0 4.25 0.105882 0.5 0 0
14770 0.0254997 0 4.25 0.105882 0.5 0 0
14780 0.0244516 0 4.25 0.105882 0.5 0 0
14790 0.0244516 0 4.25 0.105882 0.5 0 0
14800 0.0236752 0 4.25 0.105882 0.5 0 0
14810 0.0236752 0 4.25 0.105882 0.5 0 0
14820 0.0233382 0 4.25 0.105882 0.5 0 0
14830 0.0233382 0 4.25 0.105882 0.5 0 0
14840 0.023244 0 4.25 0.105882 0.5 0 0
14850 0.023244 0 4.25 0.105882 0.5 0 0
14860 0.0230682 0 4.25 0.105882 0.5 0 0
14870 0.0230682 0 4.25 0.105882 0.5 0 0
14880 0.0233028 0 4.25 0.105882 0.5 0 0
14890 0.0233028 0 4.25 0.109804 0.5 0 0
14900 0.0234843 0 4.25 0.109804 0.5 0 0
14910 0.0234843 0 4.25 0.109804 0.5 0 0
14920 0.0234995 0 4.25 0.109804 0.5 0 0
14930 0.0234995 0 4.25 0.109804 0.5 0 0
14940 0.0234122 0 4.25 0.109804 0.5 0 0
14950 0.0234122 0 4.25 0.109804 0.5 0 0
14960 0.0232887 0 4.25 0.109804 0.5 0 0
14970 0.0232887 0 4.25 0.109804 0.5 0 0
14980 0.022743 0 4.25 0.101961 0.5 0 0
14990 0.022743 0 4.25 0.101961 0.5 0 0
15000 0.0223316 0 4.25 0.105882 0.5 0 0
15010 0.0223316 0 4.25 0.105882 0.5 0 0
15020 0.0220296 0 4.25 0.105882 0.5 0 0
15030 0.0220296 0 4.25 0.105882 0.5 0 0
15040 0.0220267 0 4.25 0.105882 0.5 0 0
15050 0.0220267 0 4.25 0.105882 0.5 0 0
15060 0.0217892 0 4.25 0.101961 0.5 0 0
15070 0.0217892 0 4.25 0.0941176 0.5 0 0
15080 0.02108 0 4.25 0.0941176 0.5 0 0
15090 0.02108 0 4.25 0.0941176 0.5 0 0
15100 0.0203692 0 4.25 0.0941176 0.5 0 0
15110 0.0203692 0 4.25 0.0980392 0.5 0 0
15120 0.0200531 0 4.25 0.0980392 0.5 0 0
15130 0.0200531 0 4.25 0.0941176 0.5 0 0
15140 0.0199852 0 4.25 0.0980392 0.5 0 0
15150 0.0199852 0 4.25 0.0901961 0.5 0 0
15160 0.0194999 0 4.25 0.0901961 0.5 0 0
15170 0.0194999 0 4.25 0.0901961 0.5 0 0
15180 0.0185618 0 4.25 0.0901961 0.5 0 0
15190 0.0185618 0 4.25 0.0941176 0.5 0 0
15200 0.0182806 0 4.25 0.0941176 0.5 0 0
15210 0.0182806 0 4.25 0.0901961 0.5 0 0
15220 0.0182695 0 4.25 0.0941176 0.5 0 0
15230 0.0182695 0 4.25 0.0941176 0.5 0 0
15240 0.0181531 0 4.25 0.0941176 0.5 0 0
15250 0.0181531 0 4.25 0.0941176 0.5 0 0
15260 0.0179999 0 4.25 0.0901961 0.5 0 0
15270 0.0179999 0 4.25 0.0941176 0.5 0 0
15280 0.0179634 0 4.25 0.0901961 0.5 0 0
15290 0.0179634 0 4.25 0.0941176 0.5 0 0
15300 0.017944 0 4.25 0.0901961 0.5 0 0
15310 0.017944 0 4.25 0.0901961 0.5 0 0
15320 0.017942 0 4.25 0.0941176 0.5 0 0
15330 0.017942 0 4.25 0.0901961 0.5 0 0
15340 0.017942 0 4.25 0.0901961 0.5 0 0
15350 0.017942 0 4.25 0.0941176 0.5 0 0
15360 0.017942 0 4.25 0.0941176 0.5 0 0
15370 0.017942 0 4.25 0.0941176 0.5 0 0
15380 0.0179336 0 4.25 0.0901961 0.5 0 0
15390 0.0179336 0 4.25 0.0901961 0.5 0 0
15400 0.0180334 0 4.25 0.0901961 0.5 0 0
15410 0.0180334 0 4.25 0.0901961 0.5 0 0
15420 0.0182336 0 4.25 0.0901961 0.5 0 0
15430 0.0182336 0 4.25 0.0941176 0.5 0 0
15440 0.0182534 0 4.25 0.0941176 0.5 0 0
15450 0.0182534 0 4.25 0.0941176 0.5 0 0
15460 0.0182503 0 4.25 0.0941176 0.5 0 0
15470 0.0182503 0 4.25 0.0980392 0.5 0 0
15480 0.0182547 0 4.25 0.0980392 0.5 0 0
15490 0.0182547 0 4.25 0.101961 0.5 0 0
15500 0.0181236 0 4.25 0.101961 0.5 0 0
15510 0.0181236 0 4.25 0.101961 0.5 0 0
15520 0.0179817 0 4.25 0.101961 0.5 0 0
15530 0.0179817 0 4.25 0.0980392 0.5 0 0
15540 0.0177482 0 4.25 0.0980392 0.5 0 0
15550 0.0177482 0 4.25 0.0941176 0.5 0 0
15560 0.0171201 0 4.25 0.0901961 0.5 0 0
15570 0.0171201 0 4.25 0.0901961 0.5 0 0
15580 0.0166445 0 4.25 0.0862745 0.5 0 0
15590 0.0166445 0 4.25 0.0823529 0.5 0 0
15600 0.0162095 0 4.25 0.0823529 0.5 0 0
15610 0.0162095 0 4.25 0.0862745 0.5 0 0
15620 0.0155447 0 4.25 0.0823529 0.5 0 0
15630 0.0155447 0 4.25 0.0823529 0.5 0 0
15640 0.015093 0 4.25 0.0862745 0.5 0 0
15650 0.015093 0 4.25 0.0901961 0.5 0 0
15660 0.0149889 0 4.25 0.0862745 0.5 0 0
15670 0.0149889 0 4.25 0.0901961 0.5 0 0
15680 0.0148188 0 4.25 0.0862745 0.5 0 0
15690 0.0148188 0 4.25 0.0862745 0.5 0 0
15700 0.0144528 0 4.25 0.0823529 0.5 0 0
15710 0.0144528 0 4.25 0.0784314 0.5 0 0
15720 0.0140138 0 4.25 0.0745098 0.5 0 0
15730 0.0140138 0 4.25 0.0745098 0.5 0 0
15740 0.0133573 0 4.25 0.0784314 0.5 0 0
15750 0.0133573 0 4.25 0.0823529 0.5 0 0
15760 0.0132101 0 4.25 0.0823529 0.5 0 0
15770 0.0132101 0 4.25 0.0823529 0.5 0 0
15780 0.0132223 0 4.25 0.0823529 0.5 0 0
15790 0.0132223 0 4.25 0.0823529 0.5 0 0
15800 0.0132159 0 4.25 0.0823529 0.5 0 0
15810 0.0132159 0 4.25 0.0784314 0.5 0 0
15820 0.0128527 0 4.25 0.0745098 0.5 0 0
15830 0.0128527 0 4.25 0.0705882 0.5 0 0
15840 0.0124714 0 4.25 0.0745098 0.5 0 0
15850 0.0124714 0 4.25 0.0745098 0.5 0 0
15860 0.0119117 0 4.25 0.0705882 0.5 0 0
15870 0.0119117 0 4.25 0.0705882 0.5 0 0
15880 0.0116073 0 4.25 0.0745098 0.5 0 0
15890 0.0116073 0 4.25 0.0745098 0.5 0 0
15900 0.0112287 0 4.25 0.0705882 0.5 0 0
15910 0.0112287 0 4.25 0.0705882 0.5 0 0
15920 0.0107256 0 4.25 0.0705882 0.5 0 0
15930 0.0107256 0 4.25 0.0705882 0.5 0 0
15940 0.010497 0 4.25 0.0705882 0.5 0 0
15950 0.010497 0 4.25 0.0705882 0.5 0 0
15960 0.0102113 0 4.25 0.0705882 0.5 0 0
15970 0.0102113 0 4.25 0.0705882 0.5 0 0
15980 0.00996634 0 4.25 0.0705882 0.5 0 0
15990 0.00996634 0 4.25 0.0705882 0.5 0 0
16000 0.00985117 0 4.25 0.0705882 0.5 0 0
16010 0.00985117 0 4.25 0.0705882 0.5 0 0
16020 0.00973408 0 4.25 0.0705882 0.5 0 0
16030 0.00973408 0 4.25 0.0705882 0.5 0 0
16040 0.00965602 0 4.25 0.0705882 0.5 0 0
16050 0.00965602 0 4.25 0.0705882 0.5 0 0
16060 0.00963574 0 4.25 0.0705882 0.5 0 0
16070 0.00963574 0 4.25 0.0705882 0.5 0 0
16080 0.00961295 0 4.25 0.0705882 0.5 0 0
16090 0.00961295 0 4.25 0.0705882 0.5 0 0
16100 0.00960234 0 4.25 0.0705882 0.5 0 0
16110 0.00960234 0 4.25 0.0705882 0.5 0 0
16120 0.00960645 0 4.25 0.0705882 0.5 0 0
16130 0.00960645 0 4.25 0.0705882 0.5 0 0
16140 0.00959997 0 4.25 0.0705882 0.5 0 0
16150 0.00959997 0 4.25 0.0705882 0.5 0 0
16160 0.00954693 0 4.25 0.0705882 0.5 0 0
16170 0.00954693 0 4.25 0.0705882 0.5 0 0
16180 0.00962518 0 4.25 0.0705882 0.5 0 0
16190 0.00962518 0 4.25 0.0705882 0.5 0 0
16200 0.00963501 0 4.25 0.0666667 0.5 0 0
16210 0.00963501 0 4.25 0.0705882 0.5 0 0
16220 0.0095448 0 4.25 0.0705882 0.5 0 0
16230 0.0095448 0 4.25 0.0705882 0.5 0 0
16240 0.00934585 0 4.25 0.0745098 0.5 0 0
16250 0.00934585 0 4.25 0.0745098 0.5 0 0
16260 0.00913274 0 4.25 0.0745098 0.5 0 0
16270 0.00913274 0 4.25 0.0745098 0.5 0 0
16280 0.00901624 0 4.25 0.0784314 0.5 0 0
16290 0.00901624 0 4.25 0.0745098 0.5 0 0
16300 0.00888128 0 4.25 0.0745098 0.5 0 0
16310 0.00888128 0 4.25 0.0705882 0.5 0 0
16320 0.0085619 0 4.25 0.0627451 0.5 0 0
16330 0.0085619 0 4.25 0.0627451 0.5 0 0
16340 0.00804612 0 4.25 0.0666667 0.5 0 0
16350 0.00804612 0 4.25 0.0666667 0.5 0 0
16360 0.00784516 0 4.25 0.0666667 0.5 0 0
16370 0.00784516 0 4.25 0.0705882 0.5 0 0
16380 0.00794575 0 4.25 0.0666667 0.5 0 0
16390 0.00794575 0 4.25 0.0666667 0.5 0 0
16400 0.00797667 0 4.25 0.0666667 0.5 0 0
16410 0.00797667 0 4.25 0.0627451 0.5 0 0
16420 0.00793035 0 4.25 0.0627451 0.5 0 0
16430 0.00793035 0 4.25 0.0666667 0.5 0 0
16440 0.00789317 0 4.25 0.0705882 0.5 0 0
16450 0.00789317 0 4.25 0.0705882 0.5 0 0
16460 0.00783463 0 4.25 0.0705882 0.5 0 0
16470 0.00783463 0 4.25 0.0666667 0.5 0 0
16480 0.00771455 0 4.25 0.0705882 0.5 0 0
16490 0.00771455 0 4.25 0.0666667 0.5 0 0
16500 0.00739981 0 4.25 0.0666667 0.5 0 0
16510 0.00739981 0 4.25 0.0627451 0.5 0 0
16520 0.00713496 0 4.25 0.0666667 0.5 0 0
16530 0.00713496 0 4.25 0.0627451 0.5 0 0
16540 0.00697575 0 4.25 0.0666667 0.5 0 0
16550 0.00697575 0 4.25 0.0666667 0.5 0 0
16560 0.00685313 0 4.25 0.0666667 0.5 0 0
16570 0.00685313 0 4.25 0.0666667 0.5 0 0
16580 0.00673738 0 4.25 0.0627451 0.5 0 0
16590 0.00673738 0 4.25 0.0627451 0.5 0 0
16600 0.00655839 0 4.25 0.0627451 0.5 0 0
16610 0.00655839 0 4.25 0.0666667 0.5 0 0
16620 0.00645603 0 4.25 0.0666667 0.5 0 0
16630 0.00645603 0 4.25 0.0666667 0.5 0 0
16640 0.00639931 0 4.25 0.0666667 0.5 0 0
16650 0.00639931 0 4.25 0.0705882 0.5 0 0
16660 0.00634047 0 4.25 0.0705882 0.5 0 0
16670 0.00634047 0 4.25 0.0666667 0.5 0 0
16680 0.00620828 0 4.25 0.0627451 0.5 0 0
16690 0.00620828 0 4.25 0.0588235 0.5 0 0
16700 0.00604681 0 4.25 0.054902 0.5 0 0
16710 0.00604681 0 4.25 0.054902 0.5 0 0
16720 0.00588703 0 4.25 0.054902 0.5 0 0
16730 0.00588703 0 4.25 0.0588235 0.5 0 0
16740 0.00581528 0 4.25 0.0588235 0.5 0 0
16750 0.00581528 0 4.25 0.0588235 0.5 0 0
16760 0.00578968 0 4.25 0.0588235 0.5 0 0
16770 0.00578968 0 4.25 0.0588235 0.5 0 0
16780 0.0058336 0 4.25 0.0588235 0.5 0 0
16790 0.0058336 0 4.25 0.0588235 0.5 0 0
16800 0.00587899 0 4.25 0.0588235 0.5 0 0
16810 0.00587899 0 4.25 0.0588235 0.5 0 0
16820 0.00588925 0 4.25 0.0588235 0.5 0 0
16830 0.00588925 0 4.25 0.0627451 0.5 0 0
16840 0.00587313 0 4.25 0.0627451 0.5 0 0
16850 0.00587313 0 4.25 0.0627451 0.5 0 0
16860 0.00587321 0 4.25 0.0627451 0.5 0 0
16870 0.00587321 0 4.25 0.0627451 0.5 0 0
16880 0.00587321 0 4.25 0.0627451 0.5 0 0
16890 0.00587321 0 4.25 0.0627451 0.5 0 0
16900 0.00587321 0 4.25 0.0627451 0.5 0 0
16910 0.00587321 0 4.25 0.0627451 0.5 0 0
16920 0.00582544 0 4.25 0.0627451 0.5 0 0
16930 0.00582544 0 4.25 0.0588235 0.5 0 0
16940 0.00563936 0 4.25 0.054902 0.5 0 0
16950 0.00563936 0 4.25 0.0509804 0.5 0 0
16960 0.00535763 0 4.25 0.054902 0.5 0 0
16970 0.00535763 0 4.25 0.054902 0.5 0 0
16980 0.00525119 0 4.25 0.054902 0.5 0 0
16990 0.00525119 0 4.25 0.054902 0.5 0 0
17000 0.00520867 0 4.25 0.054902 0.5 0 0
17010 0.00520867 0 4.25 0.054902 0.5 0 0
17020 0.00514572 0 4.25 0.054902 0.5 0 0
17030 0.00514572 0 4.25 0.054902 0.5 0 0
17040 0.00535696 0 4.25 0.0588235 0.5 0 0
17050 0.00535696 0 4.25 0.0588235 0.5 0 0
17060 0.00547529 0 4.25 0.0588235 0.5 0 0
17070 0.00547529 0 4.25 0.0627451 0.5 0 0
17080 0.00547342 0 4.25 0.0588235 0.5 0 0
17090 0.00547342 0 4.25 0.0588235 0.5 0 0
17100 0.0054789 0 4.25 0.0627451 0.5 0 0
17110 0.0054789 0 4.25 0.0588235 0.5 0 0
17120 0.00536696 0 4.25 0.0588235 0.5 0 0
17130 0.00536696 0 4.25 0.0588235 0.5 0 0
17140 0.00520122 0 4.25 0.0588235 0.5 0 0
17150 0.00520122 0 4.25 0.054902 0.5 0 0
17160 0.00508673 0 4.25 0.054902 0.5 0 0
17170 0.00508673 0 4.25 0.054902 0.5 0 0
17180 0.0050287 0 4.25 0.054902 0.5 0 0
17190 0.0050287 0 4.25 0.054902 0.5 0 0
17200 0.0049886 0 4.25 0.054902 0.5 0 0
17210 0.0049886 0 4.25 0.054902 0.5 0 0
17220 0.00480828 0 4.25 0.054902 0.5 0 0
17230 0.00480828 0 4.25 0.0509804 0.5 0 0
17240 0.00463863 0 4.25 0.0509804 0.5 0 0
17250 0.00463863 0 4.25 0.0509804 0.5 0 0
17260 0.00454854 0 4.25 0.0509804 0.5 0 0
17270 0.00454854 0 4.25 0.0509804 0.5 0 0
17280 0.00456254 0 4.25 0.0509804 0.5 0 0
17290 0.00456254 0 4.25 0.0509804 0.5 0 0
17300 0.00465214 0 4.25 0.054902 0.5 0 0
17310 0.00465214 0 4.25 0.054902 0.5 0 0
17320 0.00473389 0 4.25 0.0588235 0.5 0 0
17330 0.00473389 0 4.25 0.0588235 0.5 0 0
17340 0.00490001 0 4.25 0.054902 0.5 0 0
17350 0.00490001 0 4.25 0.054902 0.5 0 0
17360 0.00504158 0 4.25 0.0588235 0.5 0 0
17370 0.00504158 0 4.25 0.0588235 0.5 0 0
17380 0.00504832 0 4.25 0.0588235 0.5 0 0
17390 0.00504832 0 4.25 0.0588235 0.5 0 0
17400 0.00518484 0 4.25 0.0588235 0.5 0 0
17410 0.00518484 0 4.25 0.0588235 0.5 0 0
17420 0.00524989 0 4.25 0.0588235 0.5 0 0
17430 0.00524989 0 4.25 0.054902 0.5 0 0
17440 0.00536177 0 4.25 0.0588235 0.5 0 0
17450 0.00536177 0 4.25 0.0588235 0.5 0 0
17460 0.00535156 0 4.25 0.0588235 0.5 0 0
17470 0.00535156 0 4.25 0.0588235 0.5 0 0
17480 0.0053544 0 4.25 0.0627451 0.5 0 0
17490 0.0053544 0 4.25 0.0627451 0.5 0 0
17500 0.00535098 0 4.25 0.0627451 0.5 0 0
17510 0.00535098 0 4.25 0.0588235 0.5 0 0
17520 0.00527795 0 4.25 0.0588235 0.5 0 0
17530 0.00527795 0 4.25 0.0588235 0.5 0 0
17540 0.00515583 0 4.25 0.0588235 0.5 0 0
17550 0.00515583 0 4.25 0.054902 0.5 0 0
17560 0.00492613 0 4.25 0.054902 0.5 0 0
17570 0.00492613 0 4.25 0.0509804 0.5 0 0
17580 0.00465846 0 4.25 0.0509804 0.5 0 0
17590 0.00465846 0 4.25 0.054902 0.5 0 0
17600 0.00461493 0 4.25 0.054902 0.5 0 0
17610 0.00461493 0 4.25 0.054902 0.5 0 0
17620 0.00456426 0 4.25 0.054902 0.5 0 0
17630 0.00456426 0 4.25 0.054902 0.5 0 0
17640 0.00456265 0 4.25 0.054902 0.5 0 0
17650 0.00456265 0 4.25 0.054902 0.5 0 0
17660 0.00456067 0 4.25 0.0509804 0.5 0 0
17670 0.00456067 0 4.25 0.0509804 0.5 0 0
17680 0.00449634 0 4.25 0.0509804 0.5 0 0
17690 0.00449634 0 4.25 0.0509804 0.5 0 0
17700 0.0043951 0 4.25 0.0509804 0.5 0 0
17710 0.0043951 0 4.25 0.054902 0.5 0 0
17720 0.00437994 0 4.25 0.054902 0.5 0 0
17730 0.00437994 0 4.25 0.0588235 0.5 0 0
17740 0.00433399 0 4.25 0.054902 0.5 0 0
17750 0.00433399 0 4.25 0.054902 0.5 0 0
17760 0.00425625 0 4.25 0.054902 0.5 0 0
17770 0.00425625 0 4.25 0.0509804 0.5 0 0
17780 0.00408832 0 4.25 0.0509804 0.5 0 0
17790 0.00408832 0 4.25 0.054902 0.5 0 0
17800 0.00408779 0 4.25 0.0509804 0.5 0 0
17810 0.00408779 0 4.25 0.0509804 0.5 0 0
17820 0.00402382 0 4.25 0.0588235 0.5 0 0
17830 0.00402382 0 4.25 0.0588235 0.5 0 0
17840 0.00402763 0 4.25 0.0588235 0.5 0 0
17850 0.00402763 0 4.25 0.0627451 0.5 0 0
17860 0.00402817 0 4.25 0.0627451 0.5 0 0
17870 0.00402817 0 4.25 0.0627451 0.5 0 0
17880 0.00402817 0 4.25 0.0627451 0.5 0 0
17890 0.00402817 0 4.25 0.0588235 0.5 0 0
17900 0.00402253 0 4.25 0.0588235 0.5 0 0
17910 0.00402253 0 4.25 0.0588235 0.5 0 0
17920 0.00409445 0 4.25 0.0588235 0.5 0 0
17930 0.00409445 0 4.25 0.054902 0.5 0 0
17940 0.00414399 0 4.25 0.0588235 0.5 0 0
17950 0.00414399 0 4.25 0.0588235 0.5 0 0
17960 0.00421128 0 4.25 0.0588235 0.5 0 0
17970 0.00421128 0 4.25 0.0588235 0.5 0 0
17980 0.00428321 0 4.25 0.054902 0.5 0 0
17990 0.00428321 0 4.25 0.054902 0.5 0 0
18000 0.00448102 0 4.25 0.054902 0.5 0 0
18010 0.00448102 0 4.25 0.0588235 0.5 0 0
18020 0.00459797 0 4.25 0.0588235 0.5 0 0
18030 0.00459797 0 4.25 0.0588235 0.5 0 0
18040 0.0046022 0 4.25 0.0588235 0.5 0 0
18050 0.0046022 0 4.25 0.0588235 0.5 0 0
18060 0.00465789 0 4.25 0.0588235 0.5 0 0
18070 0.00465789 0 4.25 0.0588235 0.5 0 0
18080 0.00471952 0 4.25 0.0588235 0.5 0 0
18090 0.00471952 0 4.25 0.0588235 0.5 0 0
18100 0.00479879 0 4.25 0.0588235 0.5 0 0
18110 0.00479879 0 4.25 0.0588235 0.5 0 0
18120 0.0047977 0 4.25 0.0588235 0.5 0 0
18130 0.0047977 0 4.25 0.0588235 0.5 0 0
18140 0.00477166 0 4.25 0.0588235 0.5 0 0
18150 0.00477166 0 4.25 0.0588235 0.5 0 0
18160 0.00468902 0 4.25 0.0588235 0.5 0 0
18170 0.00468902 0 4.25 0.0588235 0.5 0 0
18180 0.00456618 0 4.25 0.0588235 0.5 0 0
18190 0.00456618 0 4.25 0.054902 0.5 0 0
18200 0.00440041 0 4.25 0.054902 0.5 0 0
18210 0.00440041 0 4.25 0.054902 0.5 0 0
18220 0.00425324 0 4.25 0.054902 0.5 0 0
18230 0.00425324 0 4.25 0.054902 0.5 0 0
18240 0.00422656 0 4.25 0.0588235 0.5 0 0
18250 0.00422656 0 4.25 0.0588235 0.5 0 0
18260 0.00422486 0 4.25 0.0588235 0.5 0 0
18270 0.00422486 0 4.25 0.054902 0.5 0 0
18280 0.00419113 0 4.25 0.0588235 0.5 0 0
18290 0.00419113 0 4.25 0.054902 0.5 0 0
18300 0.00410963 0 4.25 0.054902 0.5 0 0
18310 0.00410963 0 4.25 0.054902 0.5 0 0
18320 0.00405182 0 4.25 0.0509804 0.5 0 0
18330 0.00405182 0 4.25 0.054902 0.5 0 0
18340 0.00411737 0 4.25 0.054902 0.5 0 0
18350 0.00411737 0 4.25 0.0588235 0.5 0 0
18360 0.00415651 0 4.25 0.0588235 0.5 0 0
18370 0.00415651 0 4.25 0.0588235 0.5 0 0
18380 0.00417017 0 4.25 0.0627451 0.5 0 0
18390 0.00417017 0 4.25 0.0627451 0.5 0 0
18400 0.00412834 0 4.25 0.0627451 0.5 0 0
18410 0.00412834 0 4.25 0.0666667 0.5 0 0
18420 0.00410298 0 4.25 0.0666667 0.5 0 0
18430 0.00410298 0 4.25 0.0666667 0.5 0 0
18440 0.00411812 0 4.25 0.0666667 0.5 0 0
18450 0.00411812 0 4.25 0.0666667 0.5 0 0
18460 0.00412182 0 4.25 0.0666667 0.5 0 0
18470 0.00412182 0 4.25 0.0588235 0.5 0 0
18480 0.00408803 0 4.25 0.0588235 0.5 0 0
18490 0.00408803 0 4.25 0.054902 0.5 0 0
18500 0.0040425 0 4.25 0.0627451 0.5 0 0
18510 0.0040425 0 4.25 0.0627451 0.5 0 0
18520 0.00401604 0 4.25 0.0666667 0.5 0 0
18530 0.00401604 0 4.25 0.0666667 0.5 0 0
18540 0.00401593 0 4.25 0.0666667 0.5 0 0
18550 0.00401593 0 4.25 0.0666667 0.5 0 0
18560 0.00399907 0 4.25 0.0627451 0.5 0 0
18570 0.00399907 0 4.25 0.054902 0.5 0 0
18580 0.00405125 0 4.25 0.054902 0.5 0 0
18590 0.00405125 0 4.25 0.0509804 0.5 0 0
18600 0.00416945 0 4.25 0.054902 0.5 0 0
18610 0.00416945 0 4.25 0.054902 0.5 0 0
18620 0.0043044 0 4.25 0.0588235 0.5 0 0
18630 0.0043044 0 4.25 0.054902 0.5 0 0
18640 0.00432508 0 4.25 0.054902 0.5 0 0
18650 0.00432508 0 4.25 0.0588235 0.5 0 0
18660 0.00436433 0 4.25 0.0588235 0.5 0 0
18670 0.00436433 0 4.25 0.054902 0.5 0 0
18680 0.00437304 0 4.25 0.0588235 0.5 0 0
18690 0.00437304 0 4.25 0.0588235 0.5 0 0
18700 0.00452411 0 4.25 0.054902 0.5 0 0
18710 0.00452411 0 4.25 0.054902 0.5 0 0
18720 0.00461565 0 4.25 0.054902 0.5 0 0
18730 0.00461565 0 4.25 0.054902 0.5 0 0
18740 0.00468698 0 4.25 0.054902 0.5 0 0
18750 0.00468698 0 4.25 0.054902 0.5 0 0
18760 0.00469582 0 4.25 0.054902 0.5 0 0
18770 0.00469582 0 4.25 0.054902 0.5 0 0
18780 0.00471536 0 4.25 0.054902 0.5 0 0
18790 0.00471536 0 4.25 0.054902 0.5 0 0
18800 0.00472123 0 4.25 0.054902 0.5 0 0
18810 0.00472123 0 4.25 0.054902 0.5 0 0
18820 0.00466712 0 4.25 0.0588235 0.5 0 0
18830 0.00466712 0 4.25 0.0588235 0.5 0 0
18840 0.004632 0 4.25 0.0588235 0.5 0 0
18850 0.004632 0 4.25 0.0588235 0.5 0 0
18860 0.0045377 0 4.25 0.0588235 0.5 0 0
18870 0.0045377 0 4.25 0.0588235 0.5 0 0
18880 0.00439317 0 4.25 0.054902 0.5 0 0
18890 0.00439317 0 4.25 0.054902 0.5 0 0
18900 0.00424137 0 4.25 0.0509804 0.5 0 0
18910 0.00424137 0 4.25 0.0509804 0.5 0 0
18920 0.00417769 0 4.25 0.0509804 0.5 0 0
18930 0.00417769 0 4.25 0.0509804 0.5 0 0
18940 0.00417134 0 4.25 0.0509804 0.5 0 0
18950 0.00417134 0 4.25 0.0509804 0.5 0 0
18960 0.00405699 0 4.25 0.054902 0.5 0 0
18970 0.00405699 0 4.25 0.054902 0.5 0 0
18980 0.00406085 0 4.25 0.054902 0.5 0 0
18990 0.00406085 0 4.25 0.054902 0.5 0 0
19000 0.00399833 0 4.25 0.0509804 0.5 0 0
19010 0.00399833 0 4.25 0.0509804 0.5 0 0
19020 0.00396997 0 4.25 0.054902 0.5 0 0
19030 0.00396997 0 4.25 0.054902 0.5 0 0
19040 0.00402322 0 4.25 0.0588235 0.5 0 0
19050 0.00402322 0 4.25 0.0588235 0.5 0 0
19060 0.00401499 0 4.25 0.0588235 0.5 0 0
19070 0.00401499 0 4.25 0.054902 0.5 0 0
19080 0.0040205 0 4.25 0.054902 0.5 0 0
19090 0.0040205 0 4.25 0.0509804 0.5 0 0
19100 0.00422238 0 4.25 0.054902 0.5 0 0
19110 0.00422238 0 4.25 0.054902 0.5 0 0
19120 0.00420086 0 4.25 0.0588235 0.5 0 0
19130 0.00420086 0 4.25 0.0627451 0.5 0 0
19140 0.00428387 0 4.25 0.0666667 0.5 0 0
19150 0.00428387 0 4.25 0.0666667 0.5 0 0
19160 0.00430876 0 4.25 0.0666667 0.5 0 0
19170 0.00430876 0 4.25 0.0705882 0.5 0 0
19180 0.00426737 0 4.25 0.054902 0.5 0 0
19190 0.00426737 0 4.25 0.0588235 0.5 0 0
19200 0.00426087 0 4.25 0.0588235 0.5 0 0
19210 0.00426087 0 4.25 0.0627451 0.5 0 0
19220 0.00426547 0 4.25 0.0627451 0.5 0 0
19230 0.00426547 0 4.25 0.0627451 0.5 0 0
19240 0.00425927 0 4.25 0.0666667 0.5 0 0
19250 0.00425927 0 4.25 0.0666667 0.5 0 0
19260 0.0043146 0 4.25 0.0627451 0.5 0 0
19270 0.0043146 0 4.25 0.0627451 0.5 0 0
19280 0.00443364 0 4.25 0.0627451 0.5 0 0
19290 0.00443364 0 4.25 0.0627451 0.5 0 0
19300 0.00463055 0 4.25 0.0627451 0.5 0 0
19310 0.00463055 0 4.25 0.0627451 0.5 0 0
19320 0.00477101 0 4.25 0.0588235 0.5 0 0
19330 0.00477101 0 4.25 0.0588235 0.5 0 0
19340 0.00481168 0 4.25 0.0627451 0.5 0 0
19350 0.00481168 0 4.25 0.0588235 0.5 0 0
19360 0.00483823 0 4.25 0.0588235 0.5 0 0
19370 0.00483823 0 4.25 0.0588235 0.5 0 0
19380 0.00491553 0 4.25 0.0588235 0.5 0 0
19390 0.00491553 0 4.25 0.0588235 0.5 0 0
19400 0.0049061 0 4.25 0.054902 0.5 0 0
19410 0.0049061 0 4.25 0.054902 0.5 0 0
19420 0.0048314 0 4.25 0.054902 0.5 0 0
19430 0.0048314 0 4.25 0.054902 0.5 0 0
19440 0.0047919 0 4.25 0.0509804 0.5 0 0
19450 0.0047919 0 4.25 0.0509804 0.5 0 0
19460 0.00480158 0 4.25 0.054902 0.5 0 0
19470 0.00480158 0 4.25 0.054902 0.5 0 0
19480 0.00470456 0 4.25 0.0509804 0.5 0 0
19490 0.00470456 0 4.25 0.0509804 0.5 0 0
19500 0.00455471 0 4.25 0.054902 0.5 0 0
19510 0.00455471 0 4.25 0.054902 0.5 0 0
19520 0.00446611 0 4.25 0.0588235 0.5 0 0
19530 0.00446611 0 4.25 0.0588235 0.5 0 0
19540 0.00444029 0 4.25 0.0588235 0.5 0 0
19550 0.00444029 0 4.25 0.054902 0.5 0 0
19560 0.0043414 0 4.25 0.054902 0.5 0 0
19570 0.0043414 0 4.25 0.0509804 0.5 0 0
19580 0.00423669 0 4.25 0.0509804 0.5 0 0
19590 0.00423669 0 4.25 0.054902 0.5 0 0
19600 0.00428266 0 4.25 0.054902 0.5 0 0
19610 0.00428266 0 4.25 0.0588235 0.5 0 0
19620 0.00430222 0 4.25 0.0588235 0.5 0 0
19630 0.00430222 0 4.25 0.0627451 0.5 0 0
19640 0.00430221 0 4.25 0.0588235 0.5 0 0
19650 0.00430221 0 4.25 0.054902 0.5 0 0
19660 0.00425388 0 4.25 0.054902 0.5 0 0
19670 0.00425388 0 4.25 0.0509804 0.5 0 0
19680 0.00437275 0 4.25 0.054902 0.5 0 0
19690 0.00437275 0 4.25 0.0588235 0.5 0 0
19700 0.00438667 0 4.25 0.054902 0.5 0 0
19710 0.00438667 0 4.25 0.0588235 0.5 0 0
19720 0.00439467 0 4.25 0.0588235 0.5 0 0
19730 0.00439467 0 4.25 0.0588235 0.5 0 0
19740 0.00439989 0 4.25 0.0588235 0.5 0 0
19750 0.00439989 0 4.25 0.0509804 0.5 0 0
19760 0.00434456 0 4.25 0.054902 0.5 0 0
19770 0.00434456 0 4.25 0.0588235 0.5 0 0
19780 0.00438744 0 4.25 0.0588235 0.5 0 0
19790 0.00438744 0 4.25 0.0588235 0.5 0 0
19800 0.00438536 0 4.25 0.0588235 0.5 0 0
19810 0.00438536 0 4.25 0.0627451 0.5 0 0
19820 0.00436227 0 4.25 0.0588235 0.5 0 0
19830 0.00436227 0 4.25 0.054902 0.5 0 0
19840 0.00431041 0 4.25 0.054902 0.5 0 0
19850 0.00431041 0 4.25 0.0588235 0.5 0 0
19860 0.00434123 0 4.25 0.0588235 0.5 0 0
19870 0.00434123 0 4.25 0.0509804 0.5 0 0
19880 0.00437581 0 4.25 0.054902 0.5 0 0
19890 0.00437581 0 4.25 0.054902 0.5 0 0
19900 0.00446539 0 4.25 0.054902 0.5 0 0
19910 0.00446539 0 4.25 0.054902 0.5 0 0
19920 0.00455566 0 4.25 0.054902 0.5 0 0
19930 0.00455566 0 4.25 0.0588235 0.5 0 0
19940 0.00462316 0 4.25 0.0588235 0.5 0 0
19950 0.00462316 0 4.25 0.0588235 0.5 0 0
19960 0.00463447 0 4.25 0.0588235 0.5 0 0
19970 0.00463447 0 4.25 0.0588235 0.5 0 0
19980 0.00469617 0 4.25 0.0588235 0.5 0 0
19990 0.00469617 0 4.25 0.0588235 0.5 0 0
20000 0.00478467 0 4.25 0.0588235 0.5 0 0
20010 0.00478467 0 4.25 0.0588235 0.5 0 0
