0 0.111432 0 0 0.5 0.5 0 0
10 0.111432 0 0 0.639216 0.5 0 0
20 0.110996 0 0 0.639216 0.5 0 0
30 0.110996 0 0 0.729412 0.5 0 0
40 0.110994 0 0 0.6 0.5 0 0
50 0.110994 0 0 0.623529 0.5 0 0
60 0.111014 0 0 0.662745 0.5 0 0
70 0.111014 0 0 0.729412 0.5 0 0
80 0.111062 0 0 0.67451 0.5 0 0
90 0.111062 0 0 0.67451 0.5 0 0
100 0.111426 0 0 0.607843 0.5 0 0
110 0.111426 0 0 0.611765 0.5 0 0
120 0.111622 0 0 0.619608 0.5 0 0
130 0.111622 0 0 0.639216 0.5 0 0
140 0.111641 0 0 0.592157 0.5 0 0
150 0.111641 0 0 0.623529 0.5 0 0
160 0.111641 0.5 0.5 0.607843 0.5 0 0
170 0.111641 0.5 0.5 0.639216 0.5 0 0
180 0.111641 0.5 1 0.631373 0.5 0 0
190 0.111641 0.5 1 0.67451 0.5 0 0
200 0.111641 0.5 1.5 0.607843 0.5 0 0
210 0.111641 0.5 1.5 0.690196 0.5 0 0
220 0.111641 0.5 2 0.690196 0.5 0 0
230 0.111641 0.5 2 0.662745 0.5 0 0
240 0.111641 0.5 2.5 0.65098 0.5 0 0
250 0.111641 0.5 2.5 0.603922 0.5 0 0
260 0.111641 0.5 3 0.6 0.5 0 0
270 0.111641 0.5 3 0.67451 0.5 0 0
280 0.111505 0.5 3.5 0.784314 0.5 0 0
290 0.111505 0.5 3.5 0.619608 0.5 0 0
300 0.111419 0.5 4 0.65098 0.5 0 0
310 0.111419 0.5 4 0.67451 0.5 0 0
320 0.111341 0.5 4.5 0.619608 0.5 0 0
330 0.111341 0.5 4.5 0.639216 0.5 0 0
340 0.111279 0.75 5.25 0.67451 0.5 0 0
350 0.111279 0.75 5.25 0.662745 0.5 0 0
360 0.111279 0.75 6 0.6 0.5 0 0
370 0.111279 0.75 6 0.607843 0.5 0 0
380 0.111279 0.75 6.75 0.596078 0.5 0 0
390 0.111279 0.75 6.75 0.639216 0.5 0 0
400 0.111279 0.75 7.5 0.603922 0.5 0 0
410 0.111279 0.75 7.5 0.607843 0.5 0 0
420 0.111279 0.75 8.25 0.603922 0.5 0 0
430 0.111279 0.75 8.25 0.611765 0.5 0 0
440 0.111279 0.5 8.75 0.729412 0.5 0 0
450 0.111279 0.5 8.75 0.611765 0.5 0 0
460 0.111279 0.5 9.25 0.690196 0.5 0 0
470 0.111279 0.5 9.25 0.596078 0.5 0 0
480 0.111279 0.5 9.75 0.619608 0.5 0 0
490 0.111279 0.5 9.75 0.654902 0.5 0 0
500 0.111279 0.5 10.25 0.580392 0.5 0 0
510 0.111279 0.5 10.25 0.619608 0.5 0 0
520 0.111279 0.5 10.75 0.639216 0.5 0 0
530 0.111279 0.5 10.75 0.611765 0.5 0 0
540 0.111279 0.5 11.25 0.639216 0.5 0 0
550 0.111279 0.5 11.25 0.745098 0.5 0 0
560 0.111279 0.5 11.75 0.619608 0.5 0 0
570 0.111279 0.5 11.75 0.65098 0.5 0 0
580 0.111279 0.75 12.5 0.67451 0.5 0 0
590 0.111279 0.75 12.5 0.788235 0.5 0 0
600 0.111279 0.75 13.25 0.607843 0.5 0 0
610 0.111279 0.75 13.25 0.6 0.5 0 0
620 0.111279 0.75 14 0.639216 0.5 0 0
630 0.111279 0.75 14 0.584314 0.5 0 0
640 0.111279 0.75 14.75 0.607843 0.5 0 0
650 0.111279 0.75 14.75 0.631373 0.5 0 0
660 0.111279 0.75 15.5 0.729412 0.5 0 0
670 0.111279 0.75 15.5 0.607843 0.5 0 0
680 0.111279 0.5 16 0.6 0.5 0 0
690 0.111279 0.5 16 0.639216 0.5 0 0
700 0.111279 0.5 16.5 0.588235 0.5 0 0
710 0.111279 0.5 16.5 0.639216 0.5 0 0
720 0.111279 0.5 17 0.6 0.5 0 0
730 0.111279 0.5 17 0.623529 0.5 0 0
740 0.111279 0.5 17.5 0.662745 0.5 0 0
750 0.111279 0.5 17.5 0.745098 0.5 0 0
760 0.111279 0.5 18 0.788235 0.5 0 0
770 0.111279 0.5 18 0.631373 0.5 0 0
780 0.111279 0.5 18.5 0.619608 0.5 0 0
790 0.111279 0.5 18.5 0.607843 0.5 0 0
800 0.111279 0.5 19 0.788235 0.5 0 0
810 0.111279 0.5 19 0.654902 0.5 0 0
820 0.111279 0.5 19.5 0.745098 0.5 0 0
830 0.111279 0.5 19.5 0.611765 0.5 0 0
840 0.111279 0.5 20 0.623529 0.5 0 0
850 0.111279 0.5 20 0.588235 0.5 0 0
860 0.111279 0.5 20.5 0.631373 0.5 0 0
870 0.111279 0.5 20.5 0.631373 0.5 0 0
880 0.111279 0.5 21 0.623529 0.5 0 0
890 0.111279 0.5 21 0.596078 0.5 0 0
900 0.111225 0.5 21.5 0.745098 0.5 0 0
910 0.111225 0.5 21.5 0.6 0.5 0 0
920 0.110809 0.5 22 0.639216 0.5 0 0
930 0.110809 0.5 22 0.639216 0.5 0 0
940 0.110595 0.5 22.5 0.596078 0.5 0 0
950 0.110595 0.5 22.5 0.623529 0.5 0 0
960 0.110222 0.5 23 0.788235 0.5 0 0
970 0.110222 0.5 23 0.662745 0.5 0 0
980 0.110146 0.5 23.5 0.639216 0.5 0 0
990 0.110146 0.5 23.5 0.682353 0.5 0 0
1000 0.109791 0.5 24 0.772549 0.5 0 0
1010 0.109791 0.5 24 0.564706 0.5 0 0
1020 0.108981 0.5 24.5 0.517647 0.5 0 0
1030 0.108981 0.5 24.5 0.486275 0.5 0 0
1040 0.107812 0.5 25 0.498039 0.5 0 0
1050 0.107812 0.5 25 0.490196 0.5 0 0
1060 0.10725 0.5 25.5 0.490196 0.5 0 0
1070 0.10725 0.5 25.5 0.490196 0.5 0 0
1080 0.106979 0.5 26 0.486275 0.5 0 0
1090 0.106979 0.5 26 0.490196 0.5 0 0
1100 0.106748 0.5 26.5 0.490196 0.5 0 0
1110 0.106748 0.5 26.5 0.486275 0.5 0 0
1120 0.106746 0.5 27 0.490196 0.5 0 0
1130 0.106746 0.5 27 0.490196 0.5 0 0
1140 0.106746 0.5 27.5 0.486275 0.5 0 0
1150 0.106746 0.5 27.5 0.486275 0.5 0 0
1160 0.106746 0.5 28 0.490196 0.5 0 0
1170 0.106746 0.5 28 0.494118 0.5 0 0
1180 0.106675 0.5 28.5 0.486275 0.5 0 0
1190 0.106675 0.5 28.5 0.482353 0.5 0 0
1200 0.106202 0.5 29 0.462745 0.5 0 0
1210 0.106202 0.5 29 0.458824 0.5 0 0
1220 0.105128 0.5 29.5 0.458824 0.5 0 0
1230 0.105128 0.5 29.5 0.482353 0.5 0 0
1240 0.104823 0.5 30 0.490196 0.5 0 0
1250 0.104823 0.5 30 0.454902 0.5 0 0
1260 0.104823 0.5 30.5 0.454902 0.5 0 0
1270 0.104823 0.5 30.5 0.454902 0.5 0 0
1280 0.104823 0.5 31 0.458824 0.5 0 0
1290 0.104823 0.5 31 0.482353 0.5 0 0
1300 0.104823 0.5 31.5 0.458824 0.5 0 0
1310 0.104823 0.5 31.5 0.494118 0.5 0 0
1320 0.104823 0.5 32 0.454902 0.5 0 0
1330 0.104823 0.5 32 0.482353 0.5 0 0
1340 0.104823 0.5 32.5 0.458824 0.5 0 0
1350 0.104823 0.5 32.5 0.454902 0.5 0 0
1360 0.104651 0.75 33.25 0.454902 0.5 0 0
1370 0.104651 0.75 33.25 0.458824 0.5 0 0
1380 0.104332 0.75 34 0.494118 0.5 0 0
1390 0.104332 0.75 34 0.454902 0.5 0 0
1400 0.104101 0.75 34.75 0.458824 0.5 0 0
1410 0.104101 0.75 34.75 0.458824 0.5 0 0
1420 0.104101 0.75 35.5 0.458824 0.5 0 0
1430 0.104101 0.75 35.5 0.454902 0.5 0 0
1440 0.104101 0.75 36.25 0.458824 0.5 0 0
1450 0.104101 0.75 36.25 0.454902 0.5 0 0
1460 0.104101 0.75 37 0.490196 0.5 0 0
1470 0.104101 0.75 37 0.454902 0.5 0 0
1480 0.104101 0.75 37.75 0.454902 0.5 0 0
1490 0.104101 0.75 37.75 0.454902 0.5 0 0
1500 0.104101 0.75 38.5 0.458824 0.5 0 0
1510 0.104101 0.75 38.5 0.482353 0.5 0 0
1520 0.104101 0.75 39.25 0.454902 0.5 0 0
1530 0.104101 0.75 39.25 0.490196 0.5 0 0
1540 0.104101 0.75 40 0.458824 0.5 0 0
1550 0.104101 0.75 40 0.482353 0.5 0 0
1560 0.104101 0.75 40.75 0.454902 0.5 0 0
1570 0.104101 0.75 40.75 0.458824 0.5 0 0
1580 0.104101 0.75 41.5 0.454902 0.5 0 0
1590 0.104101 0.75 41.5 0.458824 0.5 0 0
1600 0.104101 0.75 42.25 0.454902 0.5 0 0
1610 0.104101 0.75 42.25 0.458824 0.5 0 0
1620 0.104101 0.75 43 0.458824 0.5 0 0
1630 0.104101 0.75 43 0.454902 0.5 0 0
1640 0.104101 0.75 43.75 0.458824 0.5 0 0
1650 0.104101 0.75 43.75 0.454902 0.5 0 0
1660 0.104101 0.75 44.5 0.494118 0.5 0 0
1670 0.104101 0.75 44.5 0.458824 0.5 0 0
1680 0.104101 0.75 45.25 0.458824 0.5 0 0
1690 0.104101 0.75 45.25 0.458824 0.5 0 0
1700 0.104101 0.75 46 0.458824 0.5 0 0
1710 0.104101 0.75 46 0.454902 0.5 0 0
1720 0.104101 0.75 46.75 0.458824 0.5 0 0
1730 0.104101 0.75 46.75 0.458824 0.5 0 0
1740 0.104101 0.75 47.5 0.458824 0.5 0 0
1750 0.104101 0.75 47.5 0.458824 0.5 0 0
1760 0.104101 0.75 48.25 0.482353 0.5 0 0
1770 0.104101 0.75 48.25 0.454902 0.5 0 0
1780 0.104101 0.75 49 0.454902 0.5 0 0
1790 0.104101 0.75 49 0.458824 0.5 0 0
1800 0.104101 0.75 49.75 0.458824 0.5 0 0
1810 0.104101 0.75 49.75 0.458824 0.5 0 0
1820 0.104101 1 50.75 0.494118 0.5 0 0
1830 0.104101 1 50.75 0.458824 0.5 0 0
1840 0.104101 1 51.75 0.458824 0.5 0 0
1850 0.104101 1 51.75 0.458824 0.5 0 0
1860 0.104101 1 52.75 0.458824 0.5 0 0
1870 0.104101 1 52.75 0.490196 0.5 0 0
1880 0.104101 1 53.75 0.454902 0.5 0 0
1890 0.104101 1 53.75 0.458824 0.5 0 0
1900 0.104101 1 54.75 0.458824 0.5 0 0
1910 0.104101 1 54.75 0.458824 0.5 0 0
1920 0.104101 1 55.75 0.458824 0.5 0 0
1930 0.104101 1 55.75 0.490196 0.5 0 0
1940 0.104101 0.75 56.5 0.458824 0.5 0 0
1950 0.104101 0.75 56.5 0.458824 0.5 0 0
1960 0.104101 0.75 57.25 0.458824 0.5 0 0
1970 0.104101 0.75 57.25 0.458824 0.5 0 0
1980 0.104101 0.75 58 0.454902 0.5 0 0
1990 0.104101 0.75 58 0.458824 0.5 0 0
2000 0.104101 0.75 58.75 0.454902 0.5 0 0
2010 0.104101 0.75 58.75 0.458824 0.5 0 0
2020 0.104101 0.75 59.5 0.494118 0.5 0 0
2030 0.104101 0.75 59.5 0.458824 0.5 0 0
2040 0.104101 0.75 60.25 0.454902 0.5 0 0
2050 0.104101 0.75 60.25 0.454902 0.5 0 0
2060 0.104101 0.75 61 0.454902 0.5 0 0
2070 0.104101 0.75 61 0.454902 0.5 0 0
2080 0.103886 0.75 61.75 0.490196 0.5 0 0
2090 0.103886 0.75 61.75 0.454902 0.5 0 0
2100 0.103567 0.75 62.5 0.458824 0.5 0 0
2110 0.103567 0.75 62.5 0.458824 0.5 0 0
2120 0.103271 0.75 63.25 0.458824 0.5 0 0
2130 0.103271 0.75 63.25 0.458824 0.5 0 0
2140 0.102723 0.75 64 0.482353 0.5 0 0
2150 0.102723 0.75 64 0.458824 0.5 0 0
2160 0.102332 0.75 64.75 0.458824 0.5 0 0
2170 0.102332 0.75 64.75 0.458824 0.5 0 0
2180 0.102016 0.75 65.5 0.458824 0.5 0 0
2190 0.102016 0.75 65.5 0.458824 0.5 0 0
2200 0.101725 0.75 66.25 0.454902 0.5 0 0
2210 0.101725 0.75 66.25 0.458824 0.5 0 0
2220 0.101406 0.5 66.75 0.454902 0.5 0 0
2230 0.101406 0.5 66.75 0.458824 0.5 0 0
2240 0.101052 0.5 67.25 0.458824 0.5 0 0
2250 0.101052 0.5 67.25 0.462745 0.5 0 0
2260 0.100776 0.75 68 0.454902 0.5 0 0
2270 0.100776 0.75 68 0.454902 0.5 0 0
2280 0.100692 0.75 68.75 0.458824 0.5 0 0
2290 0.100692 0.75 68.75 0.454902 0.5 0 0
2300 0.100605 0.75 69.5 0.454902 0.5 0 0
2310 0.100605 0.75 69.5 0.458824 0.5 0 0
2320 0.100517 0.75 70.25 0.458824 0.5 0 0
2330 0.100517 0.75 70.25 0.458824 0.5 0 0
2340 0.100453 0.75 71 0.458824 0.5 0 0
2350 0.100453 0.75 71 0.458824 0.5 0 0
2360 0.100285 0.5 71.5 0.458824 0.5 0 0
2370 0.100285 0.5 71.5 0.458824 0.5 0 0
2380 0.100201 1 72.5 0.458824 0.5 0 0
2390 0.100201 1 72.5 0.458824 0.5 0 0
2400 0.10016 1 73.5 0.454902 0.5 0 0
2410 0.10016 1 73.5 0.458824 0.5 0 0
2420 0.100119 1 74.5 0.458824 0.5 0 0
2430 0.100119 1 74.5 0.458824 0.5 0 0
2440 0.100078 1 75.5 0.458824 0.5 0 0
2450 0.100078 1 75.5 0.458824 0.5 0 0
2460 0.100038 1 76.5 0.458824 0.5 0 0
2470 0.100038 1 76.5 0.458824 0.5 0 0
2480 0.100001 1 77.5 0.458824 0.5 0 0
2490 0.100001 1 77.5 0.458824 0.5 0 0
2500 0.0999648 0.75 78.25 0.458824 0.5 0 0
2510 0.0999648 0.75 78.25 0.454902 0.5 0 0
2520 0.0999279 0.75 79 0.458824 0.5 0 0
2530 0.0999279 0.75 79 0.454902 0.5 0 0
2540 0.0998922 0.75 79.75 0.454902 0.5 0 0
2550 0.0998922 0.75 79.75 0.454902 0.5 0 0
2560 0.0998604 0.75 80.5 0.458824 0.5 0 0
2570 0.0998604 0.75 80.5 0.454902 0.5 0 0
2580 0.0998307 0.75 81.25 0.454902 0.5 0 0
2590 0.0998307 0.75 81.25 0.454902 0.5 0 0
2600 0.0998021 1 82.25 0.454902 0.5 0 0
2610 0.0998021 1 82.25 0.458824 0.5 0 0
2620 0.0997755 1 83.25 0.458824 0.5 0 0
2630 0.0997755 1 83.25 0.454902 0.5 0 0
2640 0.0997522 1 84.25 0.458824 0.5 0 0
2650 0.0997522 1 84.25 0.454902 0.5 0 0
2660 0.0997325 1 85.25 0.458824 0.5 0 0
2670 0.0997325 1 85.25 0.458824 0.5 0 0
2680 0.0997162 1 86.25 0.458824 0.5 0 0
2690 0.0997162 1 86.25 0.458824 0.5 0 0
2700 0.0997041 1 87.25 0.454902 0.5 0 0
2710 0.0997041 1 87.25 0.458824 0.5 0 0
2720 0.0996941 0.75 88 0.458824 0.5 0 0
2730 0.0996941 0.75 88 0.458824 0.5 0 0
2740 0.0996881 0.75 88.75 0.454902 0.5 0 0
2750 0.0996881 0.75 88.75 0.458824 0.5 0 0
2760 0.0996857 0.25 89 0.458824 0.5 0 0
2770 0.0996857 0.25 89 0.458824 0.5 0 0
2780 0.0996857 0.75 89.75 0.458824 0.5 0 0
2790 0.0996857 0.75 89.75 0.454902 0.5 0 0
2800 0.0996857 0.5 90.25 0.458824 0.5 0 0
2810 0.0996857 0.5 90.25 0.458824 0.5 0 0
2820 0.0996857 0.75 91 0.458824 0.5 0 0
2830 0.0996857 0.75 91 0.458824 0.5 0 0
2840 0.0996857 0.75 91.75 0.458824 0.5 0 0
2850 0.0996857 0.75 91.75 0.454902 0.5 0 0
2860 0.0996857 0.75 92.5 0.454902 0.5 0 0
2870 0.0996857 0.75 92.5 0.458824 0.5 0 0
2880 0.0996857 0.75 93.25 0.458824 0.5 0 0
2890 0.0996857 0.75 93.25 0.458824 0.5 0 0
2900 0.0996857 0.75 94 0.458824 0.5 0 0
2910 0.0996857 0.75 94 0.454902 0.5 0 0
2920 0.0996857 0.75 94.75 0.458824 0.5 0 0
2930 0.0996857 0.75 94.75 0.458824 0.5 0 0
2940 0.0996857 0.75 95.5 0.458824 0.5 0 0
2950 0.0996857 0.75 95.5 0.458824 0.5 0 0
2960 0.0996857 0.5 96 0.458824 0.5 0 0
2970 0.0996857 0.5 96 0.458824 0.5 0 0
2980 0.0996857 0.5 96.5 0.458824 0.5 0 0
2990 0.0996857 0.5 96.5 0.458824 0.5 0 0
3000 0.0996857 0.5 97 0.458824 0.5 0 0
3010 0.0996857 0.5 97 0.454902 0.5 0 0
3020 0.0996857 0.5 97.5 0.454902 0.5 0 0
3030 0.0996857 0.5 97.5 0.458824 0.5 0 0
3040 0.0996857 0.5 98 0.454902 0.5 0 0
3050 0.0996857 0.5 98 0.454902 0.5 0 0
3060 0.0996857 0.5 98.5 0.458824 0.5 0 0
3070 0.0996857 0.5 98.5 0.458824 0.5 0 0
3080 0.0996857 0.5 99 0.458824 0.5 0 0
3090 0.0996857 0.5 99 0.458824 0.5 0 0
3100 0.0996857 0.5 99.5 0.458824 0.5 0 0
3110 0.0996857 0.5 99.5 0.454902 0.5 0 0
3120 0.0996857 0.5 100 0.454902 0.5 0 0
3130 0.0996857 0.5 100 0.458824 0.5 0 0
3140 0.0996857 0.5 100.5 0.458824 0.5 0 0
3150 0.0996857 0.5 100.5 0.458824 0.5 0 0
3160 0.0996857 0.5 101 0.454902 0.5 0 0
3170 0.0996857 0.5 101 0.458824 0.5 0 0
3180 0.0996395 0.5 101.5 0.458824 0.5 0 0
3190 0.0996395 0.5 101.5 0.454902 0.5 0 0
3200 0.0996137 0.5 102 0.454902 0.5 0 0
3210 0.0996137 0.5 102 0.454902 0.5 0 0
3220 0.0996137 0.5 102.5 0.454902 0.5 0 0
3230 0.0996137 0.5 102.5 0.454902 0.5 0 0
3240 0.0996137 0.5 103 0.454902 0.5 0 0
3250 0.0996137 0.5 103 0.458824 0.5 0 0
3260 0.0996137 0.5 103.5 0.458824 0.5 0 0
3270 0.0996137 0.5 103.5 0.458824 0.5 0 0
3280 0.0996022 0.5 104 0.458824 0.5 0 0
3290 0.0996022 0.5 104 0.458824 0.5 0 0
3300 0.0995836 0.5 104.5 0.454902 0.5 0 0
3310 0.0995836 0.5 104.5 0.458824 0.5 0 0
3320 0.0995727 0.5 105 0.458824 0.5 0 0
3330 0.0995727 0.5 105 0.458824 0.5 0 0
3340 0.0994814 0.5 105.5 0.458824 0.5 0 0
3350 0.0994814 0.5 105.5 0.458824 0.5 0 0
3360 0.0994812 0.5 106 0.458824 0.5 0 0
3370 0.0994812 0.5 106 0.458824 0.5 0 0
3380 0.0994812 0.5 106.5 0.454902 0.5 0 0
3390 0.0994812 0.5 106.5 0.458824 0.5 0 0
3400 0.0994812 0.5 107 0.454902 0.5 0 0
3410 0.0994812 0.5 107 0.458824 0.5 0 0
3420 0.0994812 0.5 107.5 0.458824 0.5 0 0
3430 0.0994812 0.5 107.5 0.454902 0.5 0 0
3440 0.0994812 0.5 108 0.458824 0.5 0 0
3450 0.0994812 0.5 108 0.454902 0.5 0 0
3460 0.0994812 0.5 108.5 0.454902 0.5 0 0
3470 0.0994812 0.5 108.5 0.454902 0.5 0 0
3480 0.0994812 0.5 109 0.458824 0.5 0 0
3490 0.0994812 0.5 109 0.454902 0.5 0 0
3500 0.0994812 0.5 109.5 0.458824 0.5 0 0
3510 0.0994812 0.5 109.5 0.458824 0.5 0 0
3520 0.0994812 0.5 110 0.458824 0.5 0 0
3530 0.0994812 0.5 110 0.458824 0.5 0 0
3540 0.0994812 0.5 110.5 0.458824 0.5 0 0
3550 0.0994812 0.5 110.5 0.454902 0.5 0 0
3560 0.0994812 0.5 111 0.458824 0.5 0 0
3570 0.0994812 0.5 111 0.458824 0.5 0 0
3580 0.0994812 0 111 0.458824 0.5 0 0
3590 0.0994812 0 111 0.454902 0.5 0 0
3600 0.0998033 0 111 0.45098 0.5 0 0
3610 0.0998033 0 111 0.447059 0.5 0 0
3620 0.100314 0 111 0.443137 0.5 0 0
3630 0.100314 0 111 0.443137 0.5 0 0
3640 0.100793 0 111 0.443137 0.5 0 0
3650 0.100793 0 111 0.443137 0.5 0 0
3660 0.100958 0 111 0.443137 0.5 0 0
3670 0.100958 0 111 0.443137 0.5 0 0
3680 0.101664 0 111 0.443137 0.5 0 0
3690 0.101664 0 111 0.443137 0.5 0 0
3700 0.102001 0 111 0.443137 0.5 0 0
3710 0.102001 0 111 0.439216 0.5 0 0
3720 0.102299 0 111 0.431373 0.5 0 0
3730 0.102299 0 111 0.427451 0.5 0 0
3740 0.102438 0 111 0.427451 0.5 0 0
3750 0.102438 0 111 0.431373 0.5 0 0
3760 0.102402 0 111 0.431373 0.5 0 0
3770 0.102402 0 111 0.427451 0.5 0 0
3780 0.102401 0 111 0.427451 0.5 0 0
3790 0.102401 0 111 0.431373 0.5 0 0
3800 0.102401 0 111 0.431373 0.5 0 0
3810 0.102401 0 111 0.431373 0.5 0 0
3820 0.102401 0 111 0.427451 0.5 0 0
3830 0.102401 0 111 0.431373 0.5 0 0
3840 0.102401 0 111 0.431373 0.5 0 0
3850 0.102401 0 111 0.427451 0.5 0 0
3860 0.102374 0 111 0.431373 0.5 0 0
3870 0.102374 0 111 0.431373 0.5 0 0
3880 0.10237 0 111 0.427451 0.5 0 0
3890 0.10237 0 111 0.427451 0.5 0 0
3900 0.102056 0 111 0.427451 0.5 0 0
3910 0.102056 0 111 0.431373 0.5 0 0
3920 0.101631 0 111 0.431373 0.5 0 0
3930 0.101631 0 111 0.427451 0.5 0 0
3940 0.101591 0 111 0.431373 0.5 0 0
3950 0.101591 0 111 0.427451 0.5 0 0
3960 0.101591 0 111 0.431373 0.5 0 0
3970 0.101591 0 111 0.427451 0.5 0 0
3980 0.10119 0 111 0.431373 0.5 0 0
3990 0.10119 0 111 0.431373 0.5 0 0
4000 0.101004 0 111 0.427451 0.5 0 0
4010 0.101004 0 111 0.427451 0.5 0 0
4020 0.100847 0 111 0.431373 0.5 0 0
4030 0.100847 0 111 0.427451 0.5 0 0
4040 0.100271 0 111 0.431373 0.5 0 0
4050 0.100271 0 111 0.431373 0.5 0 0
4060 0.100224 0 111 0.427451 0.5 0 0
4070 0.100224 0 111 0.431373 0.5 0 0
4080 0.100224 0 111 0.427451 0.5 0 0
4090 0.100224 0 111 0.427451 0.5 0 0
4100 0.100224 0 111 0.427451 0.5 0 0
4110 0.100224 0 111 0.431373 0.5 0 0
4120 0.100224 0 111 0.431373 0.5 0 0
4130 0.100224 0 111 0.427451 0.5 0 0
4140 0.100224 0 111 0.427451 0.5 0 0
4150 0.100224 0 111 0.427451 0.5 0 0
4160 0.100423 0 111 0.427451 0.5 0 0
4170 0.100423 0 111 0.427451 0.5 0 0
4180 0.10108 0 111 0.423529 0.5 0 0
4190 0.10108 0 111 0.419608 0.5 0 0
4200 0.102877 0 111 0.419608 0.5 0 0
4210 0.102877 0 111 0.419608 0.5 0 0
4220 0.103581 0 111 0.419608 0.5 0 0
4230 0.103581 0 111 0.419608 0.5 0 0
4240 0.103819 0 111 0.419608 0.5 0 0
4250 0.103819 0 111 0.419608 0.5 0 0
4260 0.104024 0 111 0.419608 0.5 0 0
4270 0.104024 0 111 0.419608 0.5 0 0
4280 0.103988 0 111 0.419608 0.5 0 0
4290 0.103988 0 111 0.415686 0.5 0 0
4300 0.104135 0 111 0.411765 0.5 0 0
4310 0.104135 0 111 0.411765 0.5 0 0
4320 0.104061 0 111 0.411765 0.5 0 0
4330 0.104061 0 111 0.411765 0.5 0 0
4340 0.103913 0 111 0.411765 0.5 0 0
4350 0.103913 0 111 0.411765 0.5 0 0
4360 0.10389 0 111 0.411765 0.5 0 0
4370 0.10389 0 111 0.411765 0.5 0 0
4380 0.103805 0 111 0.411765 0.5 0 0
4390 0.103805 0 111 0.411765 0.5 0 0
4400 0.103417 0 111 0.411765 0.5 0 0
4410 0.103417 0 111 0.411765 0.5 0 0
4420 0.103151 0 111 0.411765 0.5 0 0
4430 0.103151 0 111 0.411765 0.5 0 0
4440 0.10315 0 111 0.411765 0.5 0 0
4450 0.10315 0 111 0.411765 0.5 0 0
4460 0.102748 0 111 0.411765 0.5 0 0
4470 0.102748 0 111 0.407843 0.5 0 0
4480 0.102374 0 111 0.411765 0.5 0 0
4490 0.102374 0 111 0.411765 0.5 0 0
4500 0.102067 0 111 0.411765 0.5 0 0
4510 0.102067 0 111 0.411765 0.5 0 0
4520 0.101875 0 111 0.411765 0.5 0 0
4530 0.101875 0 111 0.407843 0.5 0 0
4540 0.101829 0 111 0.407843 0.5 0 0
4550 0.101829 0 111 0.411765 0.5 0 0
4560 0.101819 0 111 0.411765 0.5 0 0
4570 0.101819 0 111 0.411765 0.5 0 0
4580 0.101819 0 111 0.411765 0.5 0 0
4590 0.101819 0 111 0.411765 0.5 0 0
4600 0.101819 0 111 0.411765 0.5 0 0
4610 0.101819 0 111 0.407843 0.5 0 0
4620 0.101819 0 111 0.407843 0.5 0 0
4630 0.101819 0 111 0.411765 0.5 0 0
4640 0.101819 0 111 0.411765 0.5 0 0
4650 0.101819 0 111 0.411765 0.5 0 0
4660 0.101819 0 111 0.411765 0.5 0 0
4670 0.101819 0 111 0.411765 0.5 0 0
4680 0.101819 0 111 0.411765 0.5 0 0
4690 0.101819 0 111 0.411765 0.5 0 0
4700 0.101819 0 111 0.411765 0.5 0 0
4710 0.101819 0 111 0.411765 0.5 0 0
4720 0.101819 0 111 0.411765 0.5 0 0
4730 0.101819 0 111 0.411765 0.5 0 0
4740 0.101819 0 111 0.411765 0.5 0 0
4750 0.101819 0 111 0.411765 0.5 0 0
4760 0.102433 0 111 0.411765 0.5 0 0
4770 0.102433 0 111 0.411765 0.5 0 0
4780 0.102546 0 111 0.411765 0.5 0 0
4790 0.102546 0 111 0.411765 0.5 0 0
4800 0.102583 0 111 0.411765 0.5 0 0
4810 0.102583 0 111 0.411765 0.5 0 0
4820 0.10287 0 111 0.407843 0.5 0 0
4830 0.10287 0 111 0.407843 0.5 0 0
4840 0.102881 0 111 0.403922 0.5 0 0
4850 0.102881 0 111 0.403922 0.5 0 0
4860 0.102604 0 111 0.403922 0.5 0 0
4870 0.102604 0 111 0.403922 0.5 0 0
4880 0.102501 0 111 0.403922 0.5 0 0
4890 0.102501 0 111 0.403922 0.5 0 0
4900 0.102765 0 111 0.403922 0.5 0 0
4910 0.102765 0 111 0.403922 0.5 0 0
4920 0.103279 0 111 0.407843 0.5 0 0
4930 0.103279 0 111 0.407843 0.5 0 0
4940 0.103871 0 111 0.403922 0.5 0 0
4950 0.103871 0 111 0.403922 0.5 0 0
4960 0.104122 0 111 0.403922 0.5 0 0
4970 0.104122 0 111 0.403922 0.5 0 0
4980 0.104483 0 111 0.4 0.5 0 0
4990 0.104483 0 111 0.396078 0.5 0 0
5000 0.104043 0 111 0.396078 0.5 0 0
5010 0.104043 0 111 0.396078 0.5 0 0
5020 0.103039 0 111 0.396078 0.5 0 0
5030 0.103039 0 111 0.396078 0.5 0 0
5040 0.102875 0 111 0.396078 0.5 0 0
5050 0.102875 0 111 0.396078 0.5 0 0
5060 0.102391 0 111 0.392157 0.5 0 0
5070 0.102391 0 111 0.396078 0.5 0 0
5080 0.101703 0 111 0.396078 0.5 0 0
5090 0.101703 0 111 0.396078 0.5 0 0
5100 0.101004 0 111 0.392157 0.5 0 0
5110 0.101004 0 111 0.388235 0.5 0 0
5120 0.100644 0 111 0.388235 0.5 0 0
5130 0.100644 0 111 0.388235 0.5 0 0
5140 0.100018 0 111 0.388235 0.5 0 0
5150 0.100018 0 111 0.388235 0.5 0 0
5160 0.0998017 0 111 0.388235 0.5 0 0
5170 0.0998017 0 111 0.388235 0.5 0 0
5180 0.0995358 0 111 0.388235 0.5 0 0
5190 0.0995358 0 111 0.388235 0.5 0 0
5200 0.0992547 0 111 0.388235 0.5 0 0
5210 0.0992547 0 111 0.388235 0.5 0 0
5220 0.0992316 0 111 0.388235 0.5 0 0
5230 0.0992316 0 111 0.388235 0.5 0 0
5240 0.0992316 0 111 0.388235 0.5 0 0
5250 0.0992316 0 111 0.388235 0.5 0 0
5260 0.0992316 0 111 0.388235 0.5 0 0
5270 0.0992316 0 111 0.384314 0.5 0 0
5280 0.0993652 0 111 0.388235 0.5 0 0
5290 0.0993652 0 111 0.388235 0.5 0 0
5300 0.0993653 0 111 0.388235 0.5 0 0
5310 0.0993653 0 111 0.388235 0.5 0 0
5320 0.0993653 0 111 0.388235 0.5 0 0
5330 0.0993653 0 111 0.384314 0.5 0 0
5340 0.0993653 0 111 0.388235 0.5 0 0
5350 0.0993653 0 111 0.388235 0.5 0 0
5360 0.0994043 0 111 0.388235 0.5 0 0
5370 0.0994043 0 111 0.384314 0.5 0 0
5380 0.100111 0 111 0.388235 0.5 0 0
5390 0.100111 0 111 0.388235 0.5 0 0
5400 0.10025 0 111 0.388235 0.5 0 0
5410 0.10025 0 111 0.388235 0.5 0 0
5420 0.100257 0 111 0.388235 0.5 0 0
5430 0.100257 0 111 0.388235 0.5 0 0
5440 0.100375 0 111 0.384314 0.5 0 0
5450 0.100375 0 111 0.384314 0.5 0 0
5460 0.100293 0 111 0.380392 0.5 0 0
5470 0.100293 0 111 0.380392 0.5 0 0
5480 0.100218 0 111 0.384314 0.5 0 0
5490 0.100218 0 111 0.384314 0.5 0 0
5500 0.0993516 0 111 0.384314 0.5 0 0
5510 0.0993516 0 111 0.380392 0.5 0 0
5520 0.0989405 0 111 0.384314 0.5 0 0
5530 0.0989405 0 111 0.384314 0.5 0 0
5540 0.0987005 0 111 0.384314 0.5 0 0
5550 0.0987005 0 111 0.384314 0.5 0 0
5560 0.098677 0 111 0.384314 0.5 0 0
5570 0.098677 0 111 0.384314 0.5 0 0
5580 0.098677 0 111 0.384314 0.5 0 0
5590 0.098677 0 111 0.380392 0.5 0 0
5600 0.098345 0 111 0.384314 0.5 0 0
5610 0.098345 0 111 0.380392 0.5 0 0
5620 0.0980573 0 111 0.384314 0.5 0 0
5630 0.0980573 0 111 0.384314 0.5 0 0
5640 0.0980382 0 111 0.384314 0.5 0 0
5650 0.0980382 0 111 0.384314 0.5 0 0
5660 0.0980382 0 111 0.384314 0.5 0 0
5670 0.0980382 0 111 0.384314 0.5 0 0
5680 0.0980382 0 111 0.384314 0.5 0 0
5690 0.0980382 0 111 0.384314 0.5 0 0
5700 0.0980382 0 111 0.384314 0.5 0 0
5710 0.0980382 0 111 0.384314 0.5 0 0
5720 0.0980382 0 111 0.384314 0.5 0 0
5730 0.0980382 0 111 0.380392 0.5 0 0
5740 0.0981239 0 111 0.384314 0.5 0 0
5750 0.0981239 0 111 0.384314 0.5 0 0
5760 0.0981242 0 111 0.380392 0.5 0 0
5770 0.0981242 0 111 0.384314 0.5 0 0
5780 0.0981242 0 111 0.384314 0.5 0 0
5790 0.0981242 0 111 0.380392 0.5 0 0
5800 0.0981242 0 111 0.384314 0.5 0 0
5810 0.0981242 0 111 0.384314 0.5 0 0
5820 0.0981242 0 111 0.384314 0.5 0 0
5830 0.0981242 0 111 0.384314 0.5 0 0
5840 0.09835 0 111 0.380392 0.5 0 0
5850 0.09835 0 111 0.380392 0.5 0 0
5860 0.0986189 0 111 0.380392 0.5 0 0
5870 0.0986189 0 111 0.380392 0.5 0 0
5880 0.09867 0 111 0.380392 0.5 0 0
5890 0.09867 0 111 0.380392 0.5 0 0
5900 0.0986551 0 111 0.380392 0.5 0 0
5910 0.0986551 0 111 0.376471 0.5 0 0
5920 0.0984204 0 111 0.380392 0.5 0 0
5930 0.0984204 0 111 0.376471 0.5 0 0
5940 0.098125 0 111 0.380392 0.5 0 0
5950 0.098125 0 111 0.380392 0.5 0 0
5960 0.0981142 0 111 0.376471 0.5 0 0
5970 0.0981142 0 111 0.376471 0.5 0 0
5980 0.0980963 0 111 0.376471 0.5 0 0
5990 0.0980963 0 111 0.376471 0.5 0 0
6000 0.0973238 0 111 0.376471 0.5 0 0
6010 0.0973238 0 111 0.380392 0.5 0 0
6020 0.0971183 0 111 0.380392 0.5 0 0
6030 0.0971183 0 111 0.376471 0.5 0 0
6040 0.0971094 0 111 0.380392 0.5 0 0
6050 0.0971094 0 111 0.380392 0.5 0 0
6060 0.0971093 0 111 0.376471 0.5 0 0
6070 0.0971093 0 111 0.380392 0.5 0 0
6080 0.0969844 0 111 0.380392 0.5 0 0
6090 0.0969844 0 111 0.380392 0.5 0 0
6100 0.0969804 0 111 0.380392 0.5 0 0
6110 0.0969804 0 111 0.380392 0.5 0 0
6120 0.0969804 0 111 0.376471 0.5 0 0
6130 0.0969804 0 111 0.376471 0.5 0 0
6140 0.0969804 0 111 0.376471 0.5 0 0
6150 0.0969804 0 111 0.380392 0.5 0 0
6160 0.0969804 0 111 0.376471 0.5 0 0
6170 0.0969804 0 111 0.380392 0.5 0 0
6180 0.0969804 0 111 0.376471 0.5 0 0
6190 0.0969804 0 111 0.380392 0.5 0 0
6200 0.0969804 0 111 0.376471 0.5 0 0
6210 0.0969804 0 111 0.380392 0.5 0 0
6220 0.0969804 0 111 0.380392 0.5 0 0
6230 0.0969804 0 111 0.380392 0.5 0 0
6240 0.0969804 0 111 0.376471 0.5 0 0
6250 0.0969804 0 111 0.380392 0.5 0 0
6260 0.0969804 0 111 0.380392 0.5 0 0
6270 0.0969804 0 111 0.376471 0.5 0 0
6280 0.097052 0 111 0.380392 0.5 0 0
6290 0.097052 0 111 0.376471 0.5 0 0
6300 0.0970951 0 111 0.376471 0.5 0 0
6310 0.0970951 0 111 0.380392 0.5 0 0
6320 0.0970951 0 111 0.380392 0.5 0 0
6330 0.0970951 0 111 0.376471 0.5 0 0
6340 0.0970951 0 111 0.380392 0.5 0 0
6350 0.0970951 0 111 0.376471 0.5 0 0
6360 0.0970951 0 111 0.376471 0.5 0 0
6370 0.0970951 0 111 0.380392 0.5 0 0
6380 0.0973647 0 111 0.380392 0.5 0 0
6390 0.0973647 0 111 0.380392 0.5 0 0
6400 0.0979409 0 111 0.380392 0.5 0 0
6410 0.0979409 0 111 0.380392 0.5 0 0
6420 0.0983527 0 111 0.380392 0.5 0 0
6430 0.0983527 0 111 0.380392 0.5 0 0
6440 0.0988322 0 111 0.380392 0.5 0 0
6450 0.0988322 0 111 0.380392 0.5 0 0
6460 0.0989952 0 111 0.380392 0.5 0 0
6470 0.0989952 0 111 0.380392 0.5 0 0
6480 0.0990384 0 111 0.380392 0.5 0 0
6490 0.0990384 0 111 0.380392 0.5 0 0
6500 0.0989531 0 111 0.376471 0.5 0 0
6510 0.0989531 0 111 0.376471 0.5 0 0
6520 0.0972669 0 111 0.368627 0.5 0 0
6530 0.0972669 0 111 0.372549 0.5 0 0
6540 0.0962322 0 111 0.372549 0.5 0 0
6550 0.0962322 0 111 0.372549 0.5 0 0
6560 0.0957876 0 111 0.372549 0.5 0 0
6570 0.0957876 0 111 0.372549 0.5 0 0
6580 0.0954148 0 111 0.368627 0.5 0 0
6590 0.0954148 0 111 0.368627 0.5 0 0
6600 0.0938418 0 111 0.364706 0.5 0 0
6610 0.0938418 0 111 0.364706 0.5 0 0
6620 0.0928996 0 111 0.364706 0.5 0 0
6630 0.0928996 0 111 0.364706 0.5 0 0
6640 0.0917882 0 111 0.364706 0.5 0 0
6650 0.0917882 0 111 0.364706 0.5 0 0
6660 0.091467 0 111 0.364706 0.5 0 0
6670 0.091467 0 111 0.364706 0.5 0 0
6680 0.0914274 0 111 0.364706 0.5 0 0
6690 0.0914274 0 111 0.364706 0.5 0 0
6700 0.0914275 0 111 0.364706 0.5 0 0
6710 0.0914275 0 111 0.364706 0.5 0 0
6720 0.0914275 0 111 0.364706 0.5 0 0
6730 0.0914275 0 111 0.364706 0.5 0 0
6740 0.0913933 0 111 0.364706 0.5 0 0
6750 0.0913933 0 111 0.364706 0.5 0 0
6760 0.0913751 0 111 0.364706 0.5 0 0
6770 0.0913751 0 111 0.364706 0.5 0 0
6780 0.0913751 0 111 0.364706 0.5 0 0
6790 0.0913751 0 111 0.364706 0.5 0 0
6800 0.0913751 0 111 0.364706 0.5 0 0
6810 0.0913751 0 111 0.364706 0.5 0 0
6820 0.091684 0 111 0.364706 0.5 0 0
6830 0.091684 0 111 0.364706 0.5 0 0
6840 0.0918163 0 111 0.364706 0.5 0 0
6850 0.0918163 0 111 0.364706 0.5 0 0
6860 0.0918163 0 111 0.364706 0.5 0 0
6870 0.0918163 0 111 0.364706 0.5 0 0
6880 0.0924429 0 111 0.364706 0.5 0 0
6890 0.0924429 0 111 0.364706 0.5 0 0
6900 0.0925502 0 111 0.364706 0.5 0 0
6910 0.0925502 0 111 0.364706 0.5 0 0
6920 0.0927245 0 111 0.364706 0.5 0 0
6930 0.0927245 0 111 0.364706 0.5 0 0
6940 0.0929233 0 111 0.364706 0.5 0 0
6950 0.0929233 0 111 0.364706 0.5 0 0
6960 0.0929423 0 111 0.360784 0.5 0 0
6970 0.0929423 0 111 0.360784 0.5 0 0
6980 0.0925188 0 111 0.360784 0.5 0 0
6990 0.0925188 0 111 0.360784 0.5 0 0
7000 0.0916509 0 111 0.360784 0.5 0 0
7010 0.0916509 0 111 0.360784 0.5 0 0
7020 0.0914619 0 111 0.360784 0.5 0 0
7030 0.0914619 0 111 0.360784 0.5 0 0
7040 0.0912026 0 111 0.360784 0.5 0 0
7050 0.0912026 0 111 0.360784 0.5 0 0
7060 0.0909161 0 111 0.360784 0.5 0 0
7070 0.0909161 0 111 0.360784 0.5 0 0
7080 0.0908545 0 111 0.360784 0.5 0 0
7090 0.0908545 0 111 0.360784 0.5 0 0
7100 0.0907646 0 111 0.360784 0.5 0 0
7110 0.0907646 0 111 0.360784 0.5 0 0
7120 0.0906701 0 111 0.360784 0.5 0 0
7130 0.0906701 0 111 0.360784 0.5 0 0
7140 0.0906701 0 111 0.360784 0.5 0 0
7150 0.0906701 0 111 0.360784 0.5 0 0
7160 0.0906701 0 111 0.360784 0.5 0 0
7170 0.0906701 0 111 0.360784 0.5 0 0
7180 0.0906701 0 111 0.360784 0.5 0 0
7190 0.0906701 0 111 0.360784 0.5 0 0
7200 0.0906701 0 111 0.360784 0.5 0 0
7210 0.0906701 0 111 0.360784 0.5 0 0
7220 0.0906701 0 111 0.360784 0.5 0 0
7230 0.0906701 0 111 0.360784 0.5 0 0
7240 0.0906701 0 111 0.360784 0.5 0 0
7250 0.0906701 0 111 0.360784 0.5 0 0
7260 0.0906701 0 111 0.360784 0.5 0 0
7270 0.0906701 0 111 0.360784 0.5 0 0
7280 0.0907355 0 111 0.360784 0.5 0 0
7290 0.0907355 0 111 0.360784 0.5 0 0
7300 0.0907356 0 111 0.360784 0.5 0 0
7310 0.0907356 0 111 0.360784 0.5 0 0
7320 0.0913375 0 111 0.356863 0.5 0 0
7330 0.0913375 0 111 0.356863 0.5 0 0
7340 0.0916911 0 111 0.356863 0.5 0 0
7350 0.0916911 0 111 0.356863 0.5 0 0
7360 0.0918637 0 111 0.356863 0.5 0 0
7370 0.0918637 0 111 0.356863 0.5 0 0
7380 0.0918664 0 111 0.356863 0.5 0 0
7390 0.0918664 0 111 0.356863 0.5 0 0
7400 0.0918664 0 111 0.356863 0.5 0 0
7410 0.0918664 0 111 0.356863 0.5 0 0
7420 0.0918131 0 111 0.356863 0.5 0 0
7430 0.0918131 0 111 0.356863 0.5 0 0
7440 0.0913748 0 111 0.356863 0.5 0 0
7450 0.0913748 0 111 0.356863 0.5 0 0
7460 0.0909423 0 111 0.356863 0.5 0 0
7470 0.0909423 0 111 0.356863 0.5 0 0
7480 0.0908948 0 111 0.356863 0.5 0 0
7490 0.0908948 0 111 0.356863 0.5 0 0
7500 0.0908948 0 111 0.356863 0.5 0 0
7510 0.0908948 0 111 0.352941 0.5 0 0
7520 0.0908055 0 111 0.356863 0.5 0 0
7530 0.0908055 0 111 0.352941 0.5 0 0
7540 0.090661 0 111 0.356863 0.5 0 0
7550 0.090661 0 111 0.352941 0.5 0 0
7560 0.0906606 0 111 0.356863 0.5 0 0
7570 0.0906606 0 111 0.356863 0.5 0 0
7580 0.0906606 0 111 0.352941 0.5 0 0
7590 0.0906606 0 111 0.356863 0.5 0 0
7600 0.0906606 0 111 0.356863 0.5 0 0
7610 0.0906606 0 111 0.356863 0.5 0 0
7620 0.0906606 0 111 0.356863 0.5 0 0
7630 0.0906606 0 111 0.352941 0.5 0 0
7640 0.0906606 0 111 0.352941 0.5 0 0
7650 0.0906606 0 111 0.352941 0.5 0 0
7660 0.0906606 0 111 0.356863 0.5 0 0
7670 0.0906606 0 111 0.352941 0.5 0 0
7680 0.0906606 0 111 0.356863 0.5 0 0
7690 0.0906606 0 111 0.356863 0.5 0 0
7700 0.0906606 0 111 0.356863 0.5 0 0
7710 0.0906606 0 111 0.356863 0.5 0 0
7720 0.0906606 0 111 0.356863 0.5 0 0
7730 0.0906606 0 111 0.356863 0.5 0 0
7740 0.0906606 0 111 0.356863 0.5 0 0
7750 0.0906606 0 111 0.356863 0.5 0 0
7760 0.0906606 0 111 0.356863 0.5 0 0
7770 0.0906606 0 111 0.356863 0.5 0 0
7780 0.0906606 0 111 0.356863 0.5 0 0
7790 0.0906606 0 111 0.356863 0.5 0 0
7800 0.0906606 0 111 0.356863 0.5 0 0
7810 0.0906606 0 111 0.352941 0.5 0 0
7820 0.0906606 0 111 0.352941 0.5 0 0
7830 0.0906606 0 111 0.356863 0.5 0 0
7840 0.0908717 0 111 0.356863 0.5 0 0
7850 0.0908717 0 111 0.356863 0.5 0 0
7860 0.0909281 0 111 0.356863 0.5 0 0
7870 0.0909281 0 111 0.356863 0.5 0 0
7880 0.0909281 0 111 0.356863 0.5 0 0
7890 0.0909281 0 111 0.356863 0.5 0 0
7900 0.0913398 0 111 0.356863 0.5 0 0
7910 0.0913398 0 111 0.356863 0.5 0 0
7920 0.0916707 0 111 0.356863 0.5 0 0
7930 0.0916707 0 111 0.356863 0.5 0 0
7940 0.0920661 0 111 0.356863 0.5 0 0
7950 0.0920661 0 111 0.360784 0.5 0 0
7960 0.0921825 0 111 0.360784 0.5 0 0
7970 0.0921825 0 111 0.356863 0.5 0 0
7980 0.0920411 0 111 0.360784 0.5 0 0
7990 0.0920411 0 111 0.356863 0.5 0 0
8000 0.0913168 0 111 0.352941 0.5 0 0
8010 0.0913168 0 111 0.34902 0.5 0 0
8020 0.0905198 0 111 0.352941 0.5 0 0
8030 0.0905198 0 111 0.352941 0.5 0 0
8040 0.0899017 0 111 0.356863 0.5 0 0
8050 0.0899017 0 111 0.356863 0.5 0 0
8060 0.0895683 0 111 0.360784 0.5 0 0
8070 0.0895683 0 111 0.360784 0.5 0 0
8080 0.0892659 0 111 0.360784 0.5 0 0
8090 0.0892659 0 111 0.356863 0.5 0 0
8100 0.0877144 0 111 0.352941 0.5 0 0
8110 0.0877144 0 111 0.352941 0.5 0 0
8120 0.0863354 0 111 0.352941 0.5 0 0
8130 0.0863354 0 111 0.352941 0.5 0 0
8140 0.0860151 0 111 0.352941 0.5 0 0
8150 0.0860151 0 111 0.352941 0.5 0 0
8160 0.0855438 0 111 0.352941 0.5 0 0
8170 0.0855438 0 111 0.352941 0.5 0 0
8180 0.0854543 0 111 0.352941 0.5 0 0
8190 0.0854543 0 111 0.352941 0.5 0 0
8200 0.0854542 0 111 0.352941 0.5 0 0
8210 0.0854542 0 111 0.352941 0.5 0 0
8220 0.0854542 0 111 0.352941 0.5 0 0
8230 0.0854542 0 111 0.352941 0.5 0 0
8240 0.0852548 0 111 0.352941 0.5 0 0
8250 0.0852548 0 111 0.352941 0.5 0 0
8260 0.085207 0 111 0.352941 0.5 0 0
8270 0.085207 0 111 0.352941 0.5 0 0
8280 0.0861474 0 111 0.352941 0.5 0 0
8290 0.0861474 0 111 0.352941 0.5 0 0
8300 0.0865584 0 111 0.352941 0.5 0 0
8310 0.0865584 0 111 0.352941 0.5 0 0
8320 0.087547 0 111 0.352941 0.5 0 0
8330 0.087547 0 111 0.352941 0.5 0 0
8340 0.088258 0 111 0.352941 0.5 0 0
8350 0.088258 0 111 0.356863 0.5 0 0
8360 0.0886093 0 111 0.356863 0.5 0 0
8370 0.0886093 0 111 0.356863 0.5 0 0
8380 0.0887581 0 111 0.356863 0.5 0 0
8390 0.0887581 0 111 0.356863 0.5 0 0
8400 0.0888231 0 111 0.356863 0.5 0 0
8410 0.0888231 0 111 0.356863 0.5 0 0
8420 0.0886171 0 111 0.352941 0.5 0 0
8430 0.0886171 0 111 0.34902 0.5 0 0
8440 0.0874835 0 111 0.341176 0.5 0 0
8450 0.0874835 0 111 0.345098 0.5 0 0
8460 0.086505 0 111 0.345098 0.5 0 0
8470 0.086505 0 111 0.345098 0.5 0 0
8480 0.0861925 0 111 0.345098 0.5 0 0
8490 0.0861925 0 111 0.34902 0.5 0 0
8500 0.0860393 0 111 0.34902 0.5 0 0
8510 0.0860393 0 111 0.34902 0.5 0 0
8520 0.0859598 0 111 0.34902 0.5 0 0
8530 0.0859598 0 111 0.34902 0.5 0 0
8540 0.0858161 0 111 0.345098 0.5 0 0
8550 0.0858161 0 111 0.34902 0.5 0 0
8560 0.0857519 0 111 0.34902 0.5 0 0
8570 0.0857519 0 111 0.34902 0.5 0 0
8580 0.0855 0 111 0.34902 0.5 0 0
8590 0.0855 0 111 0.345098 0.5 0 0
8600 0.085498 0 111 0.34902 0.5 0 0
8610 0.085498 0 111 0.34902 0.5 0 0
8620 0.085498 0 111 0.34902 0.5 0 0
8630 0.085498 0 111 0.345098 0.5 0 0
8640 0.085498 0 111 0.34902 0.5 0 0
8650 0.085498 0 111 0.345098 0.5 0 0
8660 0.085526 0 111 0.34902 0.5 0 0
8670 0.085526 0 111 0.34902 0.5 0 0
8680 0.0855263 0 111 0.34902 0.5 0 0
8690 0.0855263 0 111 0.34902 0.5 0 0
8700 0.0860555 0 111 0.345098 0.5 0 0
8710 0.0860555 0 111 0.345098 0.5 0 0
8720 0.0867272 0 111 0.345098 0.5 0 0
8730 0.0867272 0 111 0.345098 0.5 0 0
8740 0.0873728 0 111 0.34902 0.5 0 0
8750 0.0873728 0 111 0.34902 0.5 0 0
8760 0.0876713 0 111 0.34902 0.5 0 0
8770 0.0876713 0 111 0.34902 0.5 0 0
8780 0.0876888 0 111 0.345098 0.5 0 0
8790 0.0876888 0 111 0.34902 0.5 0 0
8800 0.0877495 0 111 0.345098 0.5 0 0
8810 0.0877495 0 111 0.345098 0.5 0 0
8820 0.0875543 0 111 0.345098 0.5 0 0
8830 0.0875543 0 111 0.341176 0.5 0 0
8840 0.0869914 0 111 0.341176 0.5 0 0
8850 0.0869914 0 111 0.341176 0.5 0 0
8860 0.08603 0 111 0.341176 0.5 0 0
8870 0.08603 0 111 0.345098 0.5 0 0
8880 0.0858339 0 111 0.345098 0.5 0 0
8890 0.0858339 0 111 0.345098 0.5 0 0
8900 0.0855101 0 111 0.345098 0.5 0 0
8910 0.0855101 0 111 0.345098 0.5 0 0
8920 0.0845833 0 111 0.345098 0.5 0 0
8930 0.0845833 0 111 0.341176 0.5 0 0
8940 0.0835756 0 111 0.341176 0.5 0 0
8950 0.0835756 0 111 0.341176 0.5 0 0
8960 0.0829253 0 111 0.345098 0.5 0 0
8970 0.0829253 0 111 0.341176 0.5 0 0
8980 0.0820838 0 111 0.345098 0.5 0 0
8990 0.0820838 0 111 0.341176 0.5 0 0
9000 0.0813614 0 111 0.341176 0.5 0 0
9010 0.0813614 0 111 0.341176 0.5 0 0
9020 0.080971 0 111 0.345098 0.5 0 0
9030 0.080971 0 111 0.341176 0.5 0 0
9040 0.0809679 0 111 0.341176 0.5 0 0
9050 0.0809679 0 111 0.341176 0.5 0 0
9060 0.0809679 0 111 0.341176 0.5 0 0
9070 0.0809679 0 111 0.341176 0.5 0 0
9080 0.0809679 0 111 0.345098 0.5 0 0
9090 0.0809679 0 111 0.341176 0.5 0 0
9100 0.0809679 0 111 0.345098 0.5 0 0
9110 0.0809679 0 111 0.341176 0.5 0 0
9120 0.0809679 0 111 0.345098 0.5 0 0
9130 0.0809679 0 111 0.341176 0.5 0 0
9140 0.0809679 0 111 0.341176 0.5 0 0
9150 0.0809679 0 111 0.341176 0.5 0 0
9160 0.0809679 0 111 0.341176 0.5 0 0
9170 0.0809679 0 111 0.341176 0.5 0 0
9180 0.0809679 0 111 0.341176 0.5 0 0
9190 0.0809679 0 111 0.341176 0.5 0 0
9200 0.0809679 0 111 0.341176 0.5 0 0
9210 0.0809679 0 111 0.341176 0.5 0 0
9220 0.0809679 0 111 0.341176 0.5 0 0
9230 0.0809679 0 111 0.341176 0.5 0 0
9240 0.0809975 0 111 0.341176 0.5 0 0
9250 0.0809975 0 111 0.341176 0.5 0 0
9260 0.0813863 0 111 0.341176 0.5 0 0
9270 0.0813863 0 111 0.341176 0.5 0 0
9280 0.0813867 0 111 0.341176 0.5 0 0
9290 0.0813867 0 111 0.341176 0.5 0 0
9300 0.0815989 0 111 0.341176 0.5 0 0
9310 0.0815989 0 111 0.341176 0.5 0 0
9320 0.0825608 0 111 0.341176 0.5 0 0
9330 0.0825608 0 111 0.341176 0.5 0 0
9340 0.0834576 0 111 0.345098 0.5 0 0
9350 0.0834576 0 111 0.34902 0.5 0 0
9360 0.084098 0 111 0.34902 0.5 0 0
9370 0.084098 0 111 0.34902 0.5 0 0
9380 0.0842013 0 111 0.34902 0.5 0 0
9390 0.0842013 0 111 0.352941 0.5 0 0
9400 0.084167 0 111 0.34902 0.5 0 0
9410 0.084167 0 111 0.352941 0.5 0 0
9420 0.0838112 0 111 0.34902 0.5 0 0
9430 0.0838112 0 111 0.345098 0.5 0 0
9440 0.0827509 0 111 0.341176 0.5 0 0
9450 0.0827509 0 111 0.337255 0.5 0 0
9460 0.0814163 0 111 0.329412 0.5 0 0
9470 0.0814163 0 111 0.329412 0.5 0 0
9480 0.0806277 0 111 0.333333 0.5 0 0
9490 0.0806277 0 111 0.329412 0.5 0 0
9500 0.0798342 0 111 0.333333 0.5 0 0
9510 0.0798342 0 111 0.333333 0.5 0 0
9520 0.0791853 0 111 0.333333 0.5 0 0
9530 0.0791853 0 111 0.333333 0.5 0 0
9540 0.0785499 0 111 0.333333 0.5 0 0
9550 0.0785499 0 111 0.333333 0.5 0 0
9560 0.0784696 0 111 0.333333 0.5 0 0
9570 0.0784696 0 111 0.333333 0.5 0 0
9580 0.0777813 0 111 0.333333 0.5 0 0
9590 0.0777813 0 111 0.333333 0.5 0 0
9600 0.0771961 0 111 0.333333 0.5 0 0
9610 0.0771961 0 111 0.333333 0.5 0 0
9620 0.0771751 0 111 0.333333 0.5 0 0
9630 0.0771751 0 111 0.333333 0.5 0 0
9640 0.0777105 0 111 0.333333 0.5 0 0
9650 0.0777105 0 111 0.337255 0.5 0 0
9660 0.078436 0 111 0.337255 0.5 0 0
9670 0.078436 0 111 0.337255 0.5 0 0
9680 0.0789154 0 111 0.337255 0.5 0 0
9690 0.0789154 0 111 0.337255 0.5 0 0
9700 0.0796499 0 111 0.337255 0.5 0 0
9710 0.0796499 0 111 0.337255 0.5 0 0
9720 0.0803221 0 111 0.337255 0.5 0 0
9730 0.0803221 0 111 0.337255 0.5 0 0
9740 0.0810213 0 111 0.337255 0.5 0 0
9750 0.0810213 0 111 0.341176 0.5 0 0
9760 0.0813693 0 111 0.341176 0.5 0 0
9770 0.0813693 0 111 0.341176 0.5 0 0
9780 0.0813962 0 111 0.341176 0.5 0 0
9790 0.0813962 0 111 0.337255 0.5 0 0
9800 0.081058 0 111 0.337255 0.5 0 0
9810 0.081058 0 111 0.333333 0.5 0 0
9820 0.0805113 0 111 0.329412 0.5 0 0
9830 0.0805113 0 111 0.333333 0.5 0 0
9840 0.0802399 0 111 0.337255 0.5 0 0
9850 0.0802399 0 111 0.341176 0.5 0 0
9860 0.08004 0 111 0.341176 0.5 0 0
9870 0.08004 0 111 0.345098 0.5 0 0
9880 0.0796104 0 111 0.341176 0.5 0 0
9890 0.0796104 0 111 0.337255 0.5 0 0
9900 0.0786536 0 111 0.329412 0.5 0 0
9910 0.0786536 0 111 0.333333 0.5 0 0
9920 0.0779496 0 111 0.329412 0.5 0 0
9930 0.0779496 0 111 0.321569 0.5 0 0
9940 0.077446 0 111 0.321569 0.5 0 0
9950 0.077446 0 111 0.32549 0.5 0 0
9960 0.0766162 0 111 0.321569 0.5 0 0
9970 0.0766162 0 111 0.321569 0.5 0 0
9980 0.0757184 0 111 0.321569 0.5 0 0
9990 0.0757184 0 111 0.321569 0.5 0 0
10000 0.0753671 0 111 0.321569 0.5 0 0
10010 0.0753671 0 111 0.321569 0.5 0 0
10020 0.0751755 0 111 0.321569 0.5 0 0
10030 0.0751755 0 111 0.321569 0.5 0 0
10040 0.0751749 0 111 0.321569 0.5 0 0
10050 0.0751749 0 111 0.321569 0.5 0 0
10060 0.0760373 0 111 0.321569 0.5 0 0
10070 0.0760373 0 111 0.321569 0.5 0 0
10080 0.0763102 0 111 0.321569 0.5 0 0
10090 0.0763102 0 111 0.321569 0.5 0 0
10100 0.0772061 0 111 0.32549 0.5 0 0
10110 0.0772061 0 111 0.329412 0.5 0 0
10120 0.0781287 0 111 0.329412 0.5 0 0
10130 0.0781287 0 111 0.329412 0.5 0 0
10140 0.0781834 0 111 0.329412 0.5 0 0
10150 0.0781834 0 111 0.333333 0.5 0 0
10160 0.0781834 0 111 0.333333 0.5 0 0
10170 0.0781834 0 111 0.329412 0.5 0 0
10180 0.0782056 0 111 0.329412 0.5 0 0
10190 0.0782056 0 111 0.329412 0.5 0 0
10200 0.0781585 0 111 0.32549 0.5 0 0
10210 0.0781585 0 111 0.329412 0.5 0 0
10220 0.0779447 0 111 0.333333 0.5 0 0
10230 0.0779447 0 111 0.337255 0.5 0 0
10240 0.0777908 0 111 0.333333 0.5 0 0
10250 0.0777908 0 111 0.337255 0.5 0 0
10260 0.0773758 0 111 0.333333 0.5 0 0
10270 0.0773758 0 111 0.329412 0.5 0 0
10280 0.0763371 0 111 0.321569 0.5 0 0
10290 0.0763371 0 111 0.317647 0.5 0 0
10300 0.0755224 0 111 0.317647 0.5 0 0
10310 0.0755224 0 111 0.321569 0.5 0 0
10320 0.0751982 0 111 0.321569 0.5 0 0
10330 0.0751982 0 111 0.321569 0.5 0 0
10340 0.0747447 0 111 0.321569 0.5 0 0
10350 0.0747447 0 111 0.317647 0.5 0 0
10360 0.0736739 0 111 0.317647 0.5 0 0
10370 0.0736739 0 111 0.317647 0.5 0 0
10380 0.0729477 0 111 0.329412 0.5 0 0
10390 0.0729477 0 111 0.32549 0.5 0 0
10400 0.0729055 0 111 0.329412 0.5 0 0
10410 0.0729055 0 111 0.329412 0.5 0 0
10420 0.0729006 0 111 0.32549 0.5 0 0
10430 0.0729006 0 111 0.32549 0.5 0 0
10440 0.0729006 0 111 0.329412 0.5 0 0
10450 0.0729006 0 111 0.333333 0.5 0 0
10460 0.0729006 0 111 0.333333 0.5 0 0
10470 0.0729006 0 111 0.333333 0.5 0 0
10480 0.0729006 0 111 0.329412 0.5 0 0
10490 0.0729006 0 111 0.32549 0.5 0 0
10500 0.0729006 0 111 0.333333 0.5 0 0
10510 0.0729006 0 111 0.321569 0.5 0 0
10520 0.0729006 0 111 0.329412 0.5 0 0
10530 0.0729006 0 111 0.32549 0.5 0 0
10540 0.0729006 0 111 0.329412 0.5 0 0
10550 0.0729006 0 111 0.329412 0.5 0 0
10560 0.0729006 0 111 0.329412 0.5 0 0
10570 0.0729006 0 111 0.333333 0.5 0 0
10580 0.0729006 0 111 0.329412 0.5 0 0
10590 0.0729006 0 111 0.321569 0.5 0 0
10600 0.0729225 0 111 0.32549 0.5 0 0
10610 0.0729225 0 111 0.32549 0.5 0 0
10620 0.07397 0 111 0.321569 0.5 0 0
10630 0.07397 0 111 0.321569 0.5 0 0
10640 0.0750782 0 111 0.321569 0.5 0 0
10650 0.0750782 0 111 0.321569 0.5 0 0
10660 0.0763233 0 111 0.321569 0.5 0 0
10670 0.0763233 0 111 0.32549 0.5 0 0
10680 0.0770312 0 111 0.32549 0.5 0 0
10690 0.0770312 0 111 0.32549 0.5 0 0
10700 0.0770957 0 111 0.32549 0.5 0 0
10710 0.0770957 0 111 0.32549 0.5 0 0
10720 0.0773981 0 111 0.32549 0.5 0 0
10730 0.0773981 0 111 0.32549 0.5 0 0
10740 0.0776115 0 111 0.329412 0.5 0 0
10750 0.0776115 0 111 0.329412 0.5 0 0
10760 0.0776091 0 111 0.329412 0.5 0 0
10770 0.0776091 0 111 0.32549 0.5 0 0
10780 0.077286 0 111 0.32549 0.5 0 0
10790 0.077286 0 111 0.317647 0.5 0 0
10800 0.0766461 0 111 0.317647 0.5 0 0
10810 0.0766461 0 111 0.317647 0.5 0 0
10820 0.0752596 0 111 0.321569 0.5 0 0
10830 0.0752596 0 111 0.32549 0.5 0 0
10840 0.0745703 0 111 0.321569 0.5 0 0
10850 0.0745703 0 111 0.321569 0.5 0 0
10860 0.0744142 0 111 0.32549 0.5 0 0
10870 0.0744142 0 111 0.32549 0.5 0 0
10880 0.073958 0 111 0.321569 0.5 0 0
10890 0.073958 0 111 0.32549 0.5 0 0
10900 0.0735353 0 111 0.321569 0.5 0 0
10910 0.0735353 0 111 0.321569 0.5 0 0
10920 0.0733923 0 111 0.321569 0.5 0 0
10930 0.0733923 0 111 0.32549 0.5 0 0
10940 0.0733918 0 111 0.321569 0.5 0 0
10950 0.0733918 0 111 0.321569 0.5 0 0
10960 0.0733019 0 111 0.321569 0.5 0 0
10970 0.0733019 0 111 0.321569 0.5 0 0
10980 0.0732676 0 111 0.321569 0.5 0 0
10990 0.0732676 0 111 0.32549 0.5 0 0
11000 0.0732676 0 111 0.321569 0.5 0 0
11010 0.0732676 0 111 0.321569 0.5 0 0
11020 0.0733435 0 111 0.32549 0.5 0 0
11030 0.0733435 0 111 0.321569 0.5 0 0
11040 0.0733762 0 111 0.32549 0.5 0 0
11050 0.0733762 0 111 0.321569 0.5 0 0
11060 0.0740003 0 111 0.321569 0.5 0 0
11070 0.0740003 0 111 0.321569 0.5 0 0
11080 0.0747033 0 111 0.321569 0.5 0 0
11090 0.0747033 0 111 0.321569 0.5 0 0
11100 0.0754889 0 111 0.32549 0.5 0 0
11110 0.0754889 0 111 0.329412 0.5 0 0
11120 0.0758462 0 111 0.329412 0.5 0 0
11130 0.0758462 0 111 0.329412 0.5 0 0
11140 0.0758528 0 111 0.329412 0.5 0 0
11150 0.0758528 0 111 0.329412 0.5 0 0
11160 0.0758528 0 111 0.329412 0.5 0 0
11170 0.0758528 0 111 0.329412 0.5 0 0
11180 0.0750968 0 111 0.32549 0.5 0 0
11190 0.0750968 0 111 0.317647 0.5 0 0
11200 0.073964 0 111 0.317647 0.5 0 0
11210 0.073964 0 111 0.317647 0.5 0 0
11220 0.0738238 0 111 0.317647 0.5 0 0
11230 0.0738238 0 111 0.317647 0.5 0 0
11240 0.0736553 0 111 0.317647 0.5 0 0
11250 0.0736553 0 111 0.317647 0.5 0 0
11260 0.0731959 0 111 0.317647 0.5 0 0
11270 0.0731959 0 111 0.317647 0.5 0 0
11280 0.0727635 0 111 0.317647 0.5 0 0
11290 0.0727635 0 111 0.317647 0.5 0 0
11300 0.0718926 0 111 0.317647 0.5 0 0
11310 0.0718926 0 111 0.317647 0.5 0 0
11320 0.071816 0 111 0.317647 0.5 0 0
11330 0.071816 0 111 0.317647 0.5 0 0
11340 0.0717062 0 111 0.317647 0.5 0 0
11350 0.0717062 0 111 0.317647 0.5 0 0
11360 0.0716923 0 111 0.317647 0.5 0 0
11370 0.0716923 0 111 0.317647 0.5 0 0
11380 0.0718064 0 111 0.317647 0.5 0 0
11390 0.0718064 0 111 0.317647 0.5 0 0
11400 0.0722571 0 111 0.317647 0.5 0 0
11410 0.0722571 0 111 0.317647 0.5 0 0
11420 0.0723626 0 111 0.317647 0.5 0 0
11430 0.0723626 0 111 0.317647 0.5 0 0
11440 0.0729736 0 111 0.317647 0.5 0 0
11450 0.0729736 0 111 0.317647 0.5 0 0
11460 0.0729796 0 111 0.317647 0.5 0 0
11470 0.0729796 0 111 0.317647 0.5 0 0
11480 0.073357 0 111 0.317647 0.5 0 0
11490 0.073357 0 111 0.317647 0.5 0 0
11500 0.0738278 0 111 0.321569 0.5 0 0
11510 0.0738278 0 111 0.321569 0.5 0 0
11520 0.0739867 0 111 0.321569 0.5 0 0
11530 0.0739867 0 111 0.32549 0.5 0 0
11540 0.0739896 0 111 0.32549 0.5 0 0
11550 0.0739896 0 111 0.32549 0.5 0 0
11560 0.0737817 0 111 0.32549 0.5 0 0
11570 0.0737817 0 111 0.32549 0.5 0 0
11580 0.0736777 0 111 0.329412 0.5 0 0
11590 0.0736777 0 111 0.32549 0.5 0 0
11600 0.0729468 0 111 0.321569 0.5 0 0
11610 0.0729468 0 111 0.313725 0.5 0 0
11620 0.0717463 0 111 0.305882 0.5 0 0
11630 0.0717463 0 111 0.309804 0.5 0 0
11640 0.0704013 0 111 0.313725 0.5 0 0
11650 0.0704013 0 111 0.317647 0.5 0 0
11660 0.0701042 0 111 0.317647 0.5 0 0
11670 0.0701042 0 111 0.317647 0.5 0 0
11680 0.069719 0 111 0.317647 0.5 0 0
11690 0.069719 0 111 0.317647 0.5 0 0
11700 0.0692891 0 111 0.313725 0.5 0 0
11710 0.0692891 0 111 0.313725 0.5 0 0
11720 0.0688561 0 111 0.317647 0.5 0 0
11730 0.0688561 0 111 0.317647 0.5 0 0
11740 0.068747 0 111 0.317647 0.5 0 0
11750 0.068747 0 111 0.317647 0.5 0 0
11760 0.068747 0 111 0.317647 0.5 0 0
11770 0.068747 0 111 0.317647 0.5 0 0
11780 0.0687324 0 111 0.317647 0.5 0 0
11790 0.0687324 0 111 0.313725 0.5 0 0
11800 0.0687243 0 111 0.313725 0.5 0 0
11810 0.0687243 0 111 0.313725 0.5 0 0
11820 0.0687243 0 111 0.317647 0.5 0 0
11830 0.0687243 0 111 0.317647 0.5 0 0
11840 0.0687243 0 111 0.317647 0.5 0 0
11850 0.0687243 0 111 0.317647 0.5 0 0
11860 0.0687243 0 111 0.317647 0.5 0 0
11870 0.0687243 0 111 0.313725 0.5 0 0
11880 0.068785 0 111 0.313725 0.5 0 0
11890 0.068785 0 111 0.317647 0.5 0 0
11900 0.0689273 0 111 0.317647 0.5 0 0
11910 0.0689273 0 111 0.317647 0.5 0 0
11920 0.0697087 0 111 0.313725 0.5 0 0
11930 0.0697087 0 111 0.317647 0.5 0 0
11940 0.0698746 0 111 0.317647 0.5 0 0
11950 0.0698746 0 111 0.313725 0.5 0 0
11960 0.070575 0 111 0.309804 0.5 0 0
11970 0.070575 0 111 0.313725 0.5 0 0
11980 0.0711919 0 111 0.313725 0.5 0 0
11990 0.0711919 0 111 0.309804 0.5 0 0
12000 0.0722091 0 111 0.309804 0.5 0 0
12010 0.0722091 0 111 0.313725 0.5 0 0
12020 0.0728357 0 111 0.317647 0.5 0 0
12030 0.0728357 0 111 0.317647 0.5 0 0
12040 0.0729322 0 111 0.317647 0.5 0 0
12050 0.0729322 0 111 0.321569 0.5 0 0
12060 0.0729322 0 111 0.317647 0.5 0 0
12070 0.0729322 0 111 0.321569 0.5 0 0
12080 0.0729322 0 111 0.317647 0.5 0 0
12090 0.0729322 0 111 0.317647 0.5 0 0
12100 0.0728847 0 111 0.317647 0.5 0 0
12110 0.0728847 0 111 0.309804 0.5 0 0
12120 0.0718861 0 111 0.305882 0.5 0 0
12130 0.0718861 0 111 0.309804 0.5 0 0
12140 0.0709173 0.5 111.5 0.309804 0.5 0 0
12150 0.0709173 0.5 111.5 0.309804 0.5 0 0
12160 0.0708935 0.5 112 0.309804 0.5 0 0
12170 0.0708935 0.5 112 0.309804 0.5 0 0
12180 0.0708355 0.5 112.5 0.309804 0.5 0 0
12190 0.0708355 0.5 112.5 0.309804 0.5 0 0
12200 0.0707805 0.5 113 0.309804 0.5 0 0
12210 0.0707805 0.5 113 0.309804 0.5 0 0
12220 0.0707325 0.5 113.5 0.309804 0.5 0 0
12230 0.0707325 0.5 113.5 0.309804 0.5 0 0
12240 0.0706851 0.5 114 0.309804 0.5 0 0
12250 0.0706851 0.5 114 0.309804 0.5 0 0
12260 0.0704655 0 114 0.309804 0.5 0 0
12270 0.0704655 0 114 0.309804 0.5 0 0
12280 0.0703545 0 114 0.309804 0.5 0 0
12290 0.0703545 0 114 0.309804 0.5 0 0
12300 0.0703124 0 114 0.305882 0.5 0 0
12310 0.0703124 0 114 0.309804 0.5 0 0
12320 0.0697258 0 114 0.309804 0.5 0 0
12330 0.0697258 0 114 0.309804 0.5 0 0
12340 0.0689703 0 114 0.305882 0.5 0 0
12350 0.0689703 0 114 0.309804 0.5 0 0
12360 0.0689955 0 114 0.309804 0.5 0 0
12370 0.0689955 0 114 0.305882 0.5 0 0
12380 0.0691425 0 114 0.309804 0.5 0 0
12390 0.0691425 0 114 0.305882 0.5 0 0
12400 0.0696505 0 114 0.305882 0.5 0 0
12410 0.0696505 0 114 0.309804 0.5 0 0
12420 0.0699553 0 114 0.313725 0.5 0 0
12430 0.0699553 0 114 0.313725 0.5 0 0
12440 0.0699864 0 114 0.313725 0.5 0 0
12450 0.0699864 0 114 0.313725 0.5 0 0
12460 0.0699855 0 114 0.313725 0.5 0 0
12470 0.0699855 0 114 0.313725 0.5 0 0
12480 0.069619 0 114 0.309804 0.5 0 0
12490 0.069619 0 114 0.298039 0.5 0 0
12500 0.0684787 0 114 0.298039 0.5 0 0
12510 0.0684787 0 114 0.301961 0.5 0 0
12520 0.0676783 0 114 0.301961 0.5 0 0
12530 0.0676783 0 114 0.301961 0.5 0 0
12540 0.0674639 0 114 0.305882 0.5 0 0
12550 0.0674639 0 114 0.301961 0.5 0 0
12560 0.0674 0 114 0.301961 0.5 0 0
12570 0.0674 0 114 0.301961 0.5 0 0
12580 0.0673472 0 114 0.301961 0.5 0 0
12590 0.0673472 0 114 0.301961 0.5 0 0
12600 0.0673051 0 114 0.301961 0.5 0 0
12610 0.0673051 0 114 0.301961 0.5 0 0
12620 0.0670702 0 114 0.305882 0.5 0 0
12630 0.0670702 0 114 0.301961 0.5 0 0
12640 0.0670566 0 114 0.301961 0.5 0 0
12650 0.0670566 0 114 0.301961 0.5 0 0
12660 0.0670566 0 114 0.301961 0.5 0 0
12670 0.0670566 0 114 0.301961 0.5 0 0
12680 0.0672077 0 114 0.301961 0.5 0 0
12690 0.0672077 0 114 0.301961 0.5 0 0
12700 0.0673566 0 114 0.301961 0.5 0 0
12710 0.0673566 0 114 0.301961 0.5 0 0
12720 0.0678921 0 114 0.305882 0.5 0 0
12730 0.0678921 0 114 0.305882 0.5 0 0
12740 0.0685585 0 114 0.305882 0.5 0 0
12750 0.0685585 0 114 0.305882 0.5 0 0
12760 0.0688634 0 114 0.305882 0.5 0 0
12770 0.0688634 0 114 0.305882 0.5 0 0
12780 0.0692381 0 114 0.305882 0.5 0 0
12790 0.0692381 0 114 0.305882 0.5 0 0
12800 0.0694286 0 114 0.309804 0.5 0 0
12810 0.0694286 0 114 0.305882 0.5 0 0
12820 0.0694137 0 114 0.305882 0.5 0 0
12830 0.0694137 0 114 0.301961 0.5 0 0
12840 0.0688899 0 114 0.298039 0.5 0 0
12850 0.0688899 0 114 0.294118 0.5 0 0
12860 0.0673283 0 114 0.298039 0.5 0 0
12870 0.0673283 0 114 0.309804 0.5 0 0
12880 0.0667498 0 114 0.313725 0.5 0 0
12890 0.0667498 0 114 0.317647 0.5 0 0
12900 0.0666633 0 114 0.313725 0.5 0 0
12910 0.0666633 0 114 0.309804 0.5 0 0
12920 0.0666633 0 114 0.317647 0.5 0 0
12930 0.0666633 0 114 0.313725 0.5 0 0
12940 0.0663053 0 114 0.317647 0.5 0 0
12950 0.0663053 0 114 0.317647 0.5 0 0
12960 0.065809 0 114 0.313725 0.5 0 0
12970 0.065809 0 114 0.313725 0.5 0 0
12980 0.0654678 0 114 0.317647 0.5 0 0
12990 0.0654678 0 114 0.317647 0.5 0 0
13000 0.0654677 0 114 0.317647 0.5 0 0
13010 0.0654677 0 114 0.317647 0.5 0 0
13020 0.0654677 0 114 0.321569 0.5 0 0
13030 0.0654677 0 114 0.313725 0.5 0 0
13040 0.0654677 0 114 0.317647 0.5 0 0
13050 0.0654677 0 114 0.317647 0.5 0 0
13060 0.0654677 0 114 0.317647 0.5 0 0
13070 0.0654677 0 114 0.317647 0.5 0 0
13080 0.0654677 0 114 0.317647 0.5 0 0
13090 0.0654677 0 114 0.317647 0.5 0 0
13100 0.0654677 0 114 0.317647 0.5 0 0
13110 0.0654677 0 114 0.313725 0.5 0 0
13120 0.0654677 0 114 0.317647 0.5 0 0
13130 0.0654677 0 114 0.313725 0.5 0 0
13140 0.0654677 0 114 0.317647 0.5 0 0
13150 0.0654677 0 114 0.317647 0.5 0 0
13160 0.0654677 0 114 0.313725 0.5 0 0
13170 0.0654677 0 114 0.313725 0.5 0 0
13180 0.0654677 0 114 0.313725 0.5 0 0
13190 0.0654677 0 114 0.317647 0.5 0 0
13200 0.0654677 0 114 0.317647 0.5 0 0
13210 0.0654677 0 114 0.313725 0.5 0 0
13220 0.0654677 0 114 0.317647 0.5 0 0
13230 0.0654677 0 114 0.321569 0.5 0 0
13240 0.0654677 0 114 0.317647 0.5 0 0
13250 0.0654677 0 114 0.321569 0.5 0 0
13260 0.0654677 0 114 0.313725 0.5 0 0
13270 0.0654677 0 114 0.317647 0.5 0 0
13280 0.0654677 0 114 0.317647 0.5 0 0
13290 0.0654677 0 114 0.317647 0.5 0 0
13300 0.0654677 0 114 0.313725 0.5 0 0
13310 0.0654677 0 114 0.317647 0.5 0 0
13320 0.0655336 0 114 0.317647 0.5 0 0
13330 0.0655336 0 114 0.317647 0.5 0 0
13340 0.0655397 0 114 0.317647 0.5 0 0
13350 0.0655397 0 114 0.309804 0.5 0 0
13360 0.0663553 0 114 0.309804 0.5 0 0
13370 0.0663553 0 114 0.305882 0.5 0 0
13380 0.0669973 0 114 0.309804 0.5 0 0
13390 0.0669973 0 114 0.305882 0.5 0 0
13400 0.0674961 0 114 0.301961 0.5 0 0
13410 0.0674961 0 114 0.301961 0.5 0 0
13420 0.0682541 0 114 0.305882 0.5 0 0
13430 0.0682541 0 114 0.309804 0.5 0 0
13440 0.0685258 0 114 0.309804 0.5 0 0
13450 0.0685258 0 114 0.309804 0.5 0 0
13460 0.0685273 0 114 0.313725 0.5 0 0
13470 0.0685273 0 114 0.309804 0.5 0 0
13480 0.0685273 0 114 0.309804 0.5 0 0
13490 0.0685273 0 114 0.313725 0.5 0 0
13500 0.0683229 0 114 0.305882 0.5 0 0
13510 0.0683229 0 114 0.298039 0.5 0 0
13520 0.066567 0 114 0.290196 0.5 0 0
13530 0.066567 0 114 0.294118 0.5 0 0
13540 0.0656732 0.5 114.5 0.298039 0.5 0 0
13550 0.0656732 0.5 114.5 0.294118 0.5 0 0
13560 0.0656226 0.5 115 0.298039 0.5 0 0
13570 0.0656226 0.5 115 0.294118 0.5 0 0
13580 0.0656825 0.5 115.5 0.298039 0.5 0 0
13590 0.0656825 0.5 115.5 0.294118 0.5 0 0
13600 0.0657084 0.5 116 0.298039 0.5 0 0
13610 0.0657084 0.5 116 0.298039 0.5 0 0
13620 0.0663242 0.5 116.5 0.298039 0.5 0 0
13630 0.0663242 0.5 116.5 0.298039 0.5 0 0
13640 0.0665889 0.5 117 0.301961 0.5 0 0
13650 0.0665889 0.5 117 0.298039 0.5 0 0
13660 0.0667001 0 117 0.298039 0.5 0 0
13670 0.0667001 0 117 0.294118 0.5 0 0
13680 0.066395 0 117 0.290196 0.5 0 0
13690 0.066395 0 117 0.286275 0.5 0 0
13700 0.0657511 0.5 117.5 0.286275 0.5 0 0
13710 0.0657511 0.5 117.5 0.286275 0.5 0 0
13720 0.0651284 0.5 118 0.282353 0.5 0 0
13730 0.0651284 0.5 118 0.282353 0.5 0 0
13740 0.0639716 0.5 118.5 0.286275 0.5 0 0
13750 0.0639716 0.5 118.5 0.282353 0.5 0 0
13760 0.0634308 0.5 119 0.282353 0.5 0 0
13770 0.0634308 0.5 119 0.282353 0.5 0 0
13780 0.0628042 0.5 119.5 0.282353 0.5 0 0
13790 0.0628042 0.5 119.5 0.282353 0.5 0 0
13800 0.0626011 0.5 120 0.286275 0.5 0 0
13810 0.0626011 0.5 120 0.286275 0.5 0 0
13820 0.0624367 0.5 120.5 0.282353 0.5 0 0
13830 0.0624367 0.5 120.5 0.290196 0.5 0 0
13840 0.0622705 0.5 121 0.294118 0.5 0 0
13850 0.0622705 0.5 121 0.290196 0.5 0 0
13860 0.0622684 0.5 121.5 0.290196 0.5 0 0
13870 0.0622684 0.5 121.5 0.290196 0.5 0 0
13880 0.0620911 0 121.5 0.298039 0.5 0 0
13890 0.0620911 0 121.5 0.294118 0.5 0 0
13900 0.0620916 0 121.5 0.294118 0.5 0 0
13910 0.0620916 0 121.5 0.301961 0.5 0 0
13920 0.0620916 0 121.5 0.298039 0.5 0 0
13930 0.0620916 0 121.5 0.294118 0.5 0 0
13940 0.062197 0 121.5 0.298039 0.5 0 0
13950 0.062197 0 121.5 0.294118 0.5 0 0
13960 0.0622464 0 121.5 0.298039 0.5 0 0
13970 0.0622464 0 121.5 0.294118 0.5 0 0
13980 0.0632053 0 121.5 0.282353 0.5 0 0
13990 0.0632053 0 121.5 0.282353 0.5 0 0
14000 0.0638675 0 121.5 0.286275 0.5 0 0
14010 0.0638675 0 121.5 0.286275 0.5 0 0
14020 0.0638034 0 121.5 0.286275 0.5 0 0
14030 0.0638034 0 121.5 0.286275 0.5 0 0
14040 0.0635692 0 121.5 0.286275 0.5 0 0
14050 0.0635692 0 121.5 0.290196 0.5 0 0
14060 0.0636441 0 121.5 0.290196 0.5 0 0
14070 0.0636441 0 121.5 0.290196 0.5 0 0
14080 0.0635561 0 121.5 0.286275 0.5 0 0
14090 0.0635561 0 121.5 0.282353 0.5 0 0
14100 0.062517 0 121.5 0.27451 0.5 0 0
14110 0.062517 0 121.5 0.270588 0.5 0 0
14120 0.0610324 0 121.5 0.27451 0.5 0 0
14130 0.0610324 0 121.5 0.278431 0.5 0 0
14140 0.0605925 0 121.5 0.282353 0.5 0 0
14150 0.0605925 0 121.5 0.282353 0.5 0 0
14160 0.0605913 0 121.5 0.278431 0.5 0 0
14170 0.0605913 0 121.5 0.282353 0.5 0 0
14180 0.0604158 0 121.5 0.282353 0.5 0 0
14190 0.0604158 0 121.5 0.282353 0.5 0 0
14200 0.0597679 0 121.5 0.282353 0.5 0 0
14210 0.0597679 0 121.5 0.278431 0.5 0 0
14220 0.05972 0 121.5 0.278431 0.5 0 0
14230 0.05972 0 121.5 0.282353 0.5 0 0
14240 0.05972 0 121.5 0.282353 0.5 0 0
14250 0.05972 0 121.5 0.282353 0.5 0 0
14260 0.05972 0 121.5 0.282353 0.5 0 0
14270 0.05972 0 121.5 0.278431 0.5 0 0
14280 0.05972 0 121.5 0.282353 0.5 0 0
14290 0.05972 0 121.5 0.282353 0.5 0 0
14300 0.05972 0 121.5 0.282353 0.5 0 0
14310 0.05972 0 121.5 0.282353 0.5 0 0
14320 0.05972 0 121.5 0.282353 0.5 0 0
14330 0.05972 0 121.5 0.282353 0.5 0 0
14340 0.05972 0 121.5 0.282353 0.5 0 0
14350 0.05972 0 121.5 0.282353 0.5 0 0
14360 0.05972 0 121.5 0.282353 0.5 0 0
14370 0.05972 0 121.5 0.278431 0.5 0 0
14380 0.05972 0 121.5 0.282353 0.5 0 0
14390 0.05972 0 121.5 0.282353 0.5 0 0
14400 0.05972 0 121.5 0.278431 0.5 0 0
14410 0.05972 0 121.5 0.278431 0.5 0 0
14420 0.05972 0 121.5 0.282353 0.5 0 0
14430 0.05972 0 121.5 0.278431 0.5 0 0
14440 0.05972 0 121.5 0.282353 0.5 0 0
14450 0.05972 0 121.5 0.282353 0.5 0 0
14460 0.05972 0 121.5 0.282353 0.5 0 0
14470 0.05972 0 121.5 0.278431 0.5 0 0
14480 0.05972 0 121.5 0.278431 0.5 0 0
14490 0.05972 0 121.5 0.282353 0.5 0 0
14500 0.05972 0 121.5 0.282353 0.5 0 0
14510 0.05972 0 121.5 0.282353 0.5 0 0
14520 0.05972 0 121.5 0.282353 0.5 0 0
14530 0.05972 0 121.5 0.278431 0.5 0 0
14540 0.05972 0 121.5 0.282353 0.5 0 0
14550 0.05972 0 121.5 0.282353 0.5 0 0
14560 0.05972 0 121.5 0.282353 0.5 0 0
14570 0.05972 0 121.5 0.282353 0.5 0 0
14580 0.05972 0 121.5 0.282353 0.5 0 0
14590 0.05972 0 121.5 0.282353 0.5 0 0
14600 0.05972 0 121.5 0.278431 0.5 0 0
14610 0.05972 0 121.5 0.282353 0.5 0 0
14620 0.05972 0 121.5 0.282353 0.5 0 0
14630 0.05972 0 121.5 0.282353 0.5 0 0
14640 0.05972 0 121.5 0.282353 0.5 0 0
14650 0.05972 0 121.5 0.282353 0.5 0 0
14660 0.05972 0 121.5 0.278431 0.5 0 0
14670 0.05972 0 121.5 0.282353 0.5 0 0
14680 0.05972 0 121.5 0.282353 0.5 0 0
14690 0.05972 0 121.5 0.282353 0.5 0 0
14700 0.0597276 0 121.5 0.282353 0.5 0 0
14710 0.0597276 0 121.5 0.282353 0.5 0 0
14720 0.0600801 0 121.5 0.282353 0.5 0 0
14730 0.0600801 0 121.5 0.282353 0.5 0 0
14740 0.0612601 0 121.5 0.282353 0.5 0 0
14750 0.0612601 0 121.5 0.286275 0.5 0 0
14760 0.0622125 0 121.5 0.282353 0.5 0 0
14770 0.0622125 0 121.5 0.278431 0.5 0 0
14780 0.0627567 0 121.5 0.27451 0.5 0 0
14790 0.0627567 0 121.5 0.278431 0.5 0 0
14800 0.063225 0 121.5 0.282353 0.5 0 0
14810 0.063225 0 121.5 0.290196 0.5 0 0
14820 0.0633286 0 121.5 0.290196 0.5 0 0
14830 0.0633286 0 121.5 0.290196 0.5 0 0
14840 0.0633287 0 121.5 0.294118 0.5 0 0
14850 0.0633287 0 121.5 0.290196 0.5 0 0
14860 0.0633287 0 121.5 0.286275 0.5 0 0
14870 0.0633287 0 121.5 0.282353 0.5 0 0
14880 0.0624238 0 121.5 0.270588 0.5 0 0
14890 0.0624238 0 121.5 0.27451 0.5 0 0
14900 0.0615654 0 121.5 0.278431 0.5 0 0
14910 0.0615654 0 121.5 0.282353 0.5 0 0
14920 0.0616159 0 121.5 0.278431 0.5 0 0
14930 0.0616159 0 121.5 0.278431 0.5 0 0
14940 0.0615538 0 121.5 0.278431 0.5 0 0
14950 0.0615538 0 121.5 0.282353 0.5 0 0
14960 0.0608755 0 121.5 0.278431 0.5 0 0
14970 0.0608755 0 121.5 0.27451 0.5 0 0
14980 0.0604039 0 121.5 0.27451 0.5 0 0
14990 0.0604039 0 121.5 0.27451 0.5 0 0
15000 0.0599575 0 121.5 0.278431 0.5 0 0
15010 0.0599575 0 121.5 0.282353 0.5 0 0
15020 0.0598943 0 121.5 0.286275 0.5 0 0
15030 0.0598943 0 121.5 0.282353 0.5 0 0
15040 0.0599321 0 121.5 0.282353 0.5 0 0
15050 0.0599321 0 121.5 0.282353 0.5 0 0
15060 0.0596222 0 121.5 0.270588 0.5 0 0
15070 0.0596222 0 121.5 0.266667 0.5 0 0
15080 0.0586856 0 121.5 0.254902 0.5 0 0
15090 0.0586856 0 121.5 0.254902 0.5 0 0
15100 0.0574115 0 121.5 0.262745 0.5 0 0
15110 0.0574115 0 121.5 0.270588 0.5 0 0
15120 0.0572309 0 121.5 0.270588 0.5 0 0
15130 0.0572309 0 121.5 0.27451 0.5 0 0
15140 0.0572503 0 121.5 0.27451 0.5 0 0
15150 0.0572503 0 121.5 0.270588 0.5 0 0
15160 0.0578941 0 121.5 0.262745 0.5 0 0
15170 0.0578941 0 121.5 0.266667 0.5 0 0
15180 0.0582304 0 121.5 0.266667 0.5 0 0
15190 0.0582304 0 121.5 0.258824 0.5 0 0
15200 0.0587695 0 121.5 0.266667 0.5 0 0
15210 0.0587695 0 121.5 0.258824 0.5 0 0
15220 0.0576713 0 121.5 0.254902 0.5 0 0
15230 0.0576713 0 121.5 0.262745 0.5 0 0
15240 0.0572757 0 121.5 0.266667 0.5 0 0
15250 0.0572757 0 121.5 0.262745 0.5 0 0
15260 0.0572455 0 121.5 0.262745 0.5 0 0
15270 0.0572455 0 121.5 0.266667 0.5 0 0
15280 0.0571805 0 121.5 0.262745 0.5 0 0
15290 0.0571805 0 121.5 0.262745 0.5 0 0
15300 0.0570607 0 121.5 0.266667 0.5 0 0
15310 0.0570607 0 121.5 0.262745 0.5 0 0
15320 0.0568111 0 121.5 0.266667 0.5 0 0
15330 0.0568111 0 121.5 0.262745 0.5 0 0
15340 0.0563675 0 121.5 0.266667 0.5 0 0
15350 0.0563675 0 121.5 0.258824 0.5 0 0
15360 0.0563646 0 121.5 0.266667 0.5 0 0
15370 0.0563646 0 121.5 0.266667 0.5 0 0
15380 0.0563646 0 121.5 0.262745 0.5 0 0
15390 0.0563646 0 121.5 0.262745 0.5 0 0
15400 0.0563348 0 121.5 0.262745 0.5 0 0
15410 0.0563348 0 121.5 0.262745 0.5 0 0
15420 0.0563321 0 121.5 0.262745 0.5 0 0
15430 0.0563321 0 121.5 0.258824 0.5 0 0
15440 0.0563321 0 121.5 0.262745 0.5 0 0
15450 0.0563321 0 121.5 0.262745 0.5 0 0
15460 0.0563321 0 121.5 0.258824 0.5 0 0
15470 0.0563321 0 121.5 0.266667 0.5 0 0
15480 0.0563321 0 121.5 0.262745 0.5 0 0
15490 0.0563321 0 121.5 0.266667 0.5 0 0
15500 0.0563321 0 121.5 0.262745 0.5 0 0
15510 0.0563321 0 121.5 0.262745 0.5 0 0
15520 0.0563321 0 121.5 0.262745 0.5 0 0
15530 0.0563321 0 121.5 0.262745 0.5 0 0
15540 0.0563321 0 121.5 0.266667 0.5 0 0
15550 0.0563321 0 121.5 0.262745 0.5 0 0
15560 0.0563321 0 121.5 0.258824 0.5 0 0
15570 0.0563321 0 121.5 0.266667 0.5 0 0
15580 0.0563321 0 121.5 0.258824 0.5 0 0
15590 0.0563321 0 121.5 0.262745 0.5 0 0
15600 0.0563321 0 121.5 0.262745 0.5 0 0
15610 0.0563321 0 121.5 0.266667 0.5 0 0
15620 0.0563321 0 121.5 0.262745 0.5 0 0
15630 0.0563321 0 121.5 0.262745 0.5 0 0
15640 0.0563321 0 121.5 0.262745 0.5 0 0
15650 0.0563321 0 121.5 0.262745 0.5 0 0
15660 0.0563321 0 121.5 0.262745 0.5 0 0
15670 0.0563321 0 121.5 0.262745 0.5 0 0
15680 0.0563321 0 121.5 0.266667 0.5 0 0
15690 0.0563321 0 121.5 0.262745 0.5 0 0
15700 0.0563321 0 121.5 0.262745 0.5 0 0
15710 0.0563321 0 121.5 0.258824 0.5 0 0
15720 0.0563321 0 121.5 0.266667 0.5 0 0
15730 0.0563321 0 121.5 0.266667 0.5 0 0
15740 0.0563321 0 121.5 0.266667 0.5 0 0
15750 0.0563321 0 121.5 0.258824 0.5 0 0
15760 0.0563321 0 121.5 0.262745 0.5 0 0
15770 0.0563321 0 121.5 0.266667 0.5 0 0
15780 0.0563321 0 121.5 0.262745 0.5 0 0
15790 0.0563321 0 121.5 0.262745 0.5 0 0
15800 0.0563321 0 121.5 0.266667 0.5 0 0
15810 0.0563321 0 121.5 0.262745 0.5 0 0
15820 0.0563321 0 121.5 0.262745 0.5 0 0
15830 0.0563321 0 121.5 0.258824 0.5 0 0
15840 0.0563321 0 121.5 0.266667 0.5 0 0
15850 0.0563321 0 121.5 0.262745 0.5 0 0
15860 0.0563321 0 121.5 0.266667 0.5 0 0
15870 0.0563321 0 121.5 0.262745 0.5 0 0
15880 0.0563321 0 121.5 0.262745 0.5 0 0
15890 0.0563321 0 121.5 0.262745 0.5 0 0
15900 0.0563321 0 121.5 0.262745 0.5 0 0
15910 0.0563321 0 121.5 0.262745 0.5 0 0
15920 0.0563321 0 121.5 0.262745 0.5 0 0
15930 0.0563321 0 121.5 0.266667 0.5 0 0
15940 0.0563717 0 121.5 0.262745 0.5 0 0
15950 0.0563717 0 121.5 0.262745 0.5 0 0
15960 0.056515 0 121.5 0.262745 0.5 0 0
15970 0.056515 0 121.5 0.262745 0.5 0 0
15980 0.0570864 0 121.5 0.258824 0.5 0 0
15990 0.0570864 0 121.5 0.254902 0.5 0 0
16000 0.057558 0 121.5 0.258824 0.5 0 0
16010 0.057558 0 121.5 0.262745 0.5 0 0
16020 0.0578197 0 121.5 0.262745 0.5 0 0
16030 0.0578197 0 121.5 0.266667 0.5 0 0
16040 0.0578247 0 121.5 0.262745 0.5 0 0
16050 0.0578247 0 121.5 0.262745 0.5 0 0
16060 0.0576796 0 121.5 0.266667 0.5 0 0
16070 0.0576796 0 121.5 0.278431 0.5 0 0
16080 0.0575836 0 121.5 0.278431 0.5 0 0
16090 0.0575836 0 121.5 0.27451 0.5 0 0
16100 0.0573868 0 121.5 0.27451 0.5 0 0
16110 0.0573868 0 121.5 0.262745 0.5 0 0
16120 0.056313 0 121.5 0.239216 0.5 0 0
16130 0.056313 0 121.5 0.235294 0.5 0 0
16140 0.0556223 0 121.5 0.239216 0.5 0 0
16150 0.0556223 0 121.5 0.247059 0.5 0 0
16160 0.0559045 0 121.5 0.25098 0.5 0 0
16170 0.0559045 0 121.5 0.25098 0.5 0 0
16180 0.0559371 0 121.5 0.25098 0.5 0 0
16190 0.0559371 0 121.5 0.247059 0.5 0 0
16200 0.0553974 0 121.5 0.25098 0.5 0 0
16210 0.0553974 0 121.5 0.25098 0.5 0 0
16220 0.0549493 0 121.5 0.25098 0.5 0 0
16230 0.0549493 0 121.5 0.25098 0.5 0 0
16240 0.0542631 0 121.5 0.243137 0.5 0 0
16250 0.0542631 0 121.5 0.231373 0.5 0 0
16260 0.0535701 0 121.5 0.219608 0.5 0 0
16270 0.0535701 0 121.5 0.243137 0.5 0 0
16280 0.0535858 0 121.5 0.247059 0.5 0 0
16290 0.0535858 0 121.5 0.247059 0.5 0 0
16300 0.0536092 0 121.5 0.254902 0.5 0 0
16310 0.0536092 0 121.5 0.247059 0.5 0 0
16320 0.0533064 0 121.5 0.239216 0.5 0 0
16330 0.0533064 0 121.5 0.219608 0.5 0 0
16340 0.0526172 0 121.5 0.211765 0.5 0 0
16350 0.0526172 0 121.5 0.211765 0.5 0 0
16360 0.0517185 0 121.5 0.211765 0.5 0 0
16370 0.0517185 0 121.5 0.207843 0.5 0 0
16380 0.0505201 0 121.5 0.207843 0.5 0 0
16390 0.0505201 0 121.5 0.203922 0.5 0 0
16400 0.0497111 0 121.5 0.2 0.5 0 0
16410 0.0497111 0 121.5 0.2 0.5 0 0
16420 0.0486151 0 121.5 0.188235 0.5 0 0
16430 0.0486151 0 121.5 0.184314 0.5 0 0
16440 0.0473917 0 121.5 0.180392 0.5 0 0
16450 0.0473917 0 121.5 0.184314 0.5 0 0
16460 0.0459545 0 121.5 0.188235 0.5 0 0
16470 0.0459545 0 121.5 0.188235 0.5 0 0
16480 0.0448645 0 121.5 0.188235 0.5 0 0
16490 0.0448645 0 121.5 0.184314 0.5 0 0
16500 0.0444919 0 121.5 0.184314 0.5 0 0
16510 0.0444919 0 121.5 0.188235 0.5 0 0
16520 0.0439829 0 121.5 0.184314 0.5 0 0
16530 0.0439829 0 121.5 0.180392 0.5 0 0
16540 0.0435953 0 121.5 0.192157 0.5 0 0
16550 0.0435953 0 121.5 0.184314 0.5 0 0
16560 0.0435905 0 121.5 0.188235 0.5 0 0
16570 0.0435905 0 121.5 0.184314 0.5 0 0
16580 0.0434016 0 121.5 0.188235 0.5 0 0
16590 0.0434016 0 121.5 0.184314 0.5 0 0
16600 0.0434001 0 121.5 0.184314 0.5 0 0
16610 0.0434001 0 121.5 0.184314 0.5 0 0
16620 0.0434001 0 121.5 0.180392 0.5 0 0
16630 0.0434001 0 121.5 0.188235 0.5 0 0
16640 0.0434001 0 121.5 0.184314 0.5 0 0
16650 0.0434001 0 121.5 0.188235 0.5 0 0
16660 0.0434001 0 121.5 0.188235 0.5 0 0
16670 0.0434001 0 121.5 0.184314 0.5 0 0
16680 0.0434001 0 121.5 0.184314 0.5 0 0
16690 0.0434001 0 121.5 0.188235 0.5 0 0
16700 0.0434001 0 121.5 0.180392 0.5 0 0
16710 0.0434001 0 121.5 0.184314 0.5 0 0
16720 0.0434001 0 121.5 0.188235 0.5 0 0
16730 0.0434001 0 121.5 0.192157 0.5 0 0
16740 0.0434001 0 121.5 0.188235 0.5 0 0
16750 0.0434001 0 121.5 0.184314 0.5 0 0
16760 0.0434001 0 121.5 0.188235 0.5 0 0
16770 0.0434001 0 121.5 0.188235 0.5 0 0
16780 0.0434001 0 121.5 0.184314 0.5 0 0
16790 0.0434001 0 121.5 0.184314 0.5 0 0
16800 0.0434001 0 121.5 0.184314 0.5 0 0
16810 0.0434001 0 121.5 0.184314 0.5 0 0
16820 0.0434001 0 121.5 0.184314 0.5 0 0
16830 0.0434001 0 121.5 0.180392 0.5 0 0
16840 0.0434001 0 121.5 0.188235 0.5 0 0
16850 0.0434001 0 121.5 0.184314 0.5 0 0
16860 0.0434001 0 121.5 0.180392 0.5 0 0
16870 0.0434001 0 121.5 0.188235 0.5 0 0
16880 0.0434001 0 121.5 0.188235 0.5 0 0
16890 0.0434001 0 121.5 0.184314 0.5 0 0
16900 0.0434001 0 121.5 0.184314 0.5 0 0
16910 0.0434001 0 121.5 0.188235 0.5 0 0
16920 0.0434001 0 121.5 0.184314 0.5 0 0
16930 0.0434001 0 121.5 0.188235 0.5 0 0
16940 0.0434001 0 121.5 0.188235 0.5 0 0
16950 0.0434001 0 121.5 0.184314 0.5 0 0
16960 0.0434001 0 121.5 0.184314 0.5 0 0
16970 0.0434001 0 121.5 0.188235 0.5 0 0
16980 0.0434001 0 121.5 0.192157 0.5 0 0
16990 0.0434001 0 121.5 0.188235 0.5 0 0
17000 0.0434001 0 121.5 0.184314 0.5 0 0
17010 0.0434001 0 121.5 0.184314 0.5 0 0
17020 0.0434001 0 121.5 0.180392 0.5 0 0
17030 0.0434001 0 121.5 0.184314 0.5 0 0
17040 0.0434001 0 121.5 0.180392 0.5 0 0
17050 0.0434001 0 121.5 0.188235 0.5 0 0
17060 0.0434284 0 121.5 0.184314 0.5 0 0
17070 0.0434284 0 121.5 0.172549 0.5 0 0
17080 0.0440233 0 121.5 0.176471 0.5 0 0
17090 0.0440233 0 121.5 0.184314 0.5 0 0
17100 0.0446154 0 121.5 0.184314 0.5 0 0
17110 0.0446154 0 121.5 0.184314 0.5 0 0
17120 0.0446987 0 121.5 0.184314 0.5 0 0
17130 0.0446987 0 121.5 0.188235 0.5 0 0
17140 0.0447369 0 121.5 0.188235 0.5 0 0
17150 0.0447369 0 121.5 0.188235 0.5 0 0
17160 0.044638 0 121.5 0.188235 0.5 0 0
17170 0.044638 0 121.5 0.180392 0.5 0 0
17180 0.0437013 0 121.5 0.168627 0.5 0 0
17190 0.0437013 0 121.5 0.168627 0.5 0 0
17200 0.0428981 0 121.5 0.168627 0.5 0 0
17210 0.0428981 0 121.5 0.172549 0.5 0 0
17220 0.0425621 0 121.5 0.172549 0.5 0 0
17230 0.0425621 0 121.5 0.168627 0.5 0 0
17240 0.0427844 0 121.5 0.164706 0.5 0 0
17250 0.0427844 0 121.5 0.164706 0.5 0 0
17260 0.0428075 0 121.5 0.168627 0.5 0 0
17270 0.0428075 0 121.5 0.176471 0.5 0 0
17280 0.0429831 0 121.5 0.176471 0.5 0 0
17290 0.0429831 0 121.5 0.180392 0.5 0 0
17300 0.0428452 0 121.5 0.176471 0.5 0 0
17310 0.0428452 0 121.5 0.176471 0.5 0 0
17320 0.0425069 0 121.5 0.180392 0.5 0 0
17330 0.0425069 0 121.5 0.180392 0.5 0 0
17340 0.041842 0 121.5 0.176471 0.5 0 0
17350 0.041842 0 121.5 0.172549 0.5 0 0
17360 0.0410527 0 121.5 0.168627 0.5 0 0
17370 0.0410527 0 121.5 0.172549 0.5 0 0
17380 0.0409991 0 121.5 0.172549 0.5 0 0
17390 0.0409991 0 121.5 0.168627 0.5 0 0
17400 0.0408452 0 121.5 0.164706 0.5 0 0
17410 0.0408452 0 121.5 0.156863 0.5 0 0
17420 0.0404793 0 121.5 0.152941 0.5 0 0
17430 0.0404793 0 121.5 0.14902 0.5 0 0
17440 0.0394855 0 121.5 0.156863 0.5 0 0
17450 0.0394855 0 121.5 0.160784 0.5 0 0
17460 0.0387704 0 121.5 0.160784 0.5 0 0
17470 0.0387704 0 121.5 0.160784 0.5 0 0
17480 0.0385677 0 121.5 0.160784 0.5 0 0
17490 0.0385677 0 121.5 0.156863 0.5 0 0
17500 0.0378821 0 121.5 0.145098 0.5 0 0
17510 0.0378821 0 121.5 0.137255 0.5 0 0
17520 0.0365043 0 121.5 0.137255 0.5 0 0
17530 0.0365043 0 121.5 0.133333 0.5 0 0
17540 0.0357278 0 121.5 0.133333 0.5 0 0
17550 0.0357278 0 121.5 0.133333 0.5 0 0
17560 0.0348334 0 121.5 0.137255 0.5 0 0
17570 0.0348334 0 121.5 0.141176 0.5 0 0
17580 0.0342169 0 121.5 0.145098 0.5 0 0
17590 0.0342169 0 121.5 0.145098 0.5 0 0
17600 0.0341451 0 121.5 0.145098 0.5 0 0
17610 0.0341451 0 121.5 0.145098 0.5 0 0
17620 0.0340748 0 121.5 0.145098 0.5 0 0
17630 0.0340748 0 121.5 0.145098 0.5 0 0
17640 0.0340675 0 121.5 0.141176 0.5 0 0
17650 0.0340675 0 121.5 0.141176 0.5 0 0
17660 0.0338159 0 121.5 0.145098 0.5 0 0
17670 0.0338159 0 121.5 0.141176 0.5 0 0
17680 0.0337782 0 121.5 0.145098 0.5 0 0
17690 0.0337782 0 121.5 0.145098 0.5 0 0
17700 0.0337531 0 121.5 0.145098 0.5 0 0
17710 0.0337531 0 121.5 0.145098 0.5 0 0
17720 0.0337528 0 121.5 0.141176 0.5 0 0
17730 0.0337528 0 121.5 0.141176 0.5 0 0
17740 0.0336845 0 121.5 0.145098 0.5 0 0
17750 0.0336845 0 121.5 0.145098 0.5 0 0
17760 0.0336845 0 121.5 0.145098 0.5 0 0
17770 0.0336845 0 121.5 0.145098 0.5 0 0
17780 0.0336845 0 121.5 0.145098 0.5 0 0
17790 0.0336845 0 121.5 0.141176 0.5 0 0
17800 0.0336845 0 121.5 0.145098 0.5 0 0
17810 0.0336845 0 121.5 0.137255 0.5 0 0
17820 0.0336624 0 121.5 0.145098 0.5 0 0
17830 0.0336624 0 121.5 0.145098 0.5 0 0
17840 0.0336593 0 121.5 0.145098 0.5 0 0
17850 0.0336593 0 121.5 0.145098 0.5 0 0
17860 0.0336593 0 121.5 0.145098 0.5 0 0
17870 0.0336593 0 121.5 0.141176 0.5 0 0
17880 0.0336593 0 121.5 0.145098 0.5 0 0
17890 0.0336593 0 121.5 0.145098 0.5 0 0
17900 0.0336593 0 121.5 0.141176 0.5 0 0
17910 0.0336593 0 121.5 0.141176 0.5 0 0
17920 0.0336593 0 121.5 0.141176 0.5 0 0
17930 0.0336593 0 121.5 0.141176 0.5 0 0
17940 0.0336593 0 121.5 0.141176 0.5 0 0
17950 0.0336593 0 121.5 0.145098 0.5 0 0
17960 0.0336593 0 121.5 0.141176 0.5 0 0
17970 0.0336593 0 121.5 0.141176 0.5 0 0
17980 0.0336593 0 121.5 0.141176 0.5 0 0
17990 0.0336593 0 121.5 0.141176 0.5 0 0
18000 0.0336593 0 121.5 0.145098 0.5 0 0
18010 0.0336593 0 121.5 0.145098 0.5 0 0
18020 0.0336593 0 121.5 0.141176 0.5 0 0
18030 0.0336593 0 121.5 0.145098 0.5 0 0
18040 0.0336613 0 121.5 0.145098 0.5 0 0
18050 0.0336613 0 121.5 0.145098 0.5 0 0
18060 0.0338446 0 121.5 0.145098 0.5 0 0
18070 0.0338446 0 121.5 0.145098 0.5 0 0
18080 0.034234 0 121.5 0.137255 0.5 0 0
18090 0.034234 0 121.5 0.137255 0.5 0 0
18100 0.0347157 0 121.5 0.133333 0.5 0 0
18110 0.0347157 0 121.5 0.141176 0.5 0 0
18120 0.0348771 0 121.5 0.141176 0.5 0 0
18130 0.0348771 0 121.5 0.141176 0.5 0 0
18140 0.0348389 0 121.5 0.141176 0.5 0 0
18150 0.0348389 0 121.5 0.141176 0.5 0 0
18160 0.0348201 0 121.5 0.141176 0.5 0 0
18170 0.0348201 0 121.5 0.141176 0.5 0 0
18180 0.034327 0 121.5 0.137255 0.5 0 0
18190 0.034327 0 121.5 0.129412 0.5 0 0
18200 0.0336213 0 121.5 0.129412 0.5 0 0
18210 0.0336213 0 121.5 0.12549 0.5 0 0
18220 0.0330196 0 121.5 0.12549 0.5 0 0
18230 0.0330196 0 121.5 0.129412 0.5 0 0
18240 0.0326095 0 121.5 0.129412 0.5 0 0
18250 0.0326095 0 121.5 0.129412 0.5 0 0
18260 0.0324474 0 121.5 0.12549 0.5 0 0
18270 0.0324474 0 121.5 0.121569 0.5 0 0
18280 0.0319215 0 121.5 0.117647 0.5 0 0
18290 0.0319215 0 121.5 0.117647 0.5 0 0
18300 0.0313006 0 121.5 0.117647 0.5 0 0
18310 0.0313006 0 121.5 0.121569 0.5 0 0
18320 0.0311436 0 121.5 0.117647 0.5 0 0
18330 0.0311436 0 121.5 0.117647 0.5 0 0
18340 0.0308254 0 121.5 0.113725 0.5 0 0
18350 0.0308254 0 121.5 0.117647 0.5 0 0
18360 0.029832 0 121.5 0.117647 0.5 0 0
18370 0.029832 0 121.5 0.121569 0.5 0 0
18380 0.029343 0 121.5 0.121569 0.5 0 0
18390 0.029343 0 121.5 0.121569 0.5 0 0
18400 0.0288639 0 121.5 0.121569 0.5 0 0
18410 0.0288639 0 121.5 0.121569 0.5 0 0
18420 0.0279741 0 121.5 0.117647 0.5 0 0
18430 0.0279741 0 121.5 0.117647 0.5 0 0
18440 0.0270335 0 121.5 0.113725 0.5 0 0
18450 0.0270335 0 121.5 0.105882 0.5 0 0
18460 0.0257672 0 121.5 0.105882 0.5 0 0
18470 0.0257672 0 121.5 0.101961 0.5 0 0
18480 0.0250962 0.5 122 0.105882 0.5 0 0
18490 0.0250962 0.5 122 0.105882 0.5 0 0
18500 0.0247565 0.5 122.5 0.105882 0.5 0 0
18510 0.0247565 0.5 122.5 0.101961 0.5 0 0
18520 0.0243437 0.5 123 0.105882 0.5 0 0
18530 0.0243437 0.5 123 0.101961 0.5 0 0
18540 0.0240587 0.5 123.5 0.105882 0.5 0 0
18550 0.0240587 0.5 123.5 0.105882 0.5 0 0
18560 0.0237197 0.5 124 0.105882 0.5 0 0
18570 0.0237197 0.5 124 0.105882 0.5 0 0
18580 0.02347 0 124 0.105882 0.5 0 0
18590 0.02347 0 124 0.105882 0.5 0 0
18600 0.0233858 0 124 0.105882 0.5 0 0
18610 0.0233858 0 124 0.105882 0.5 0 0
18620 0.0231669 0 124 0.105882 0.5 0 0
18630 0.0231669 0 124 0.105882 0.5 0 0
18640 0.0231619 0 124 0.105882 0.5 0 0
18650 0.0231619 0 124 0.105882 0.5 0 0
18660 0.0231619 0 124 0.105882 0.5 0 0
18670 0.0231619 0 124 0.105882 0.5 0 0
18680 0.0231465 0 124 0.105882 0.5 0 0
18690 0.0231465 0 124 0.105882 0.5 0 0
18700 0.0231328 0 124 0.105882 0.5 0 0
18710 0.0231328 0 124 0.105882 0.5 0 0
18720 0.0231328 0 124 0.105882 0.5 0 0
18730 0.0231328 0 124 0.105882 0.5 0 0
18740 0.0231328 0 124 0.105882 0.5 0 0
18750 0.0231328 0 124 0.105882 0.5 0 0
18760 0.0231328 0 124 0.105882 0.5 0 0
18770 0.0231328 0 124 0.105882 0.5 0 0
18780 0.0231328 0 124 0.105882 0.5 0 0
18790 0.0231328 0 124 0.105882 0.5 0 0
18800 0.0231328 0 124 0.105882 0.5 0 0
18810 0.0231328 0 124 0.105882 0.5 0 0
18820 0.0231328 0 124 0.105882 0.5 0 0
18830 0.0231328 0 124 0.105882 0.5 0 0
18840 0.0231328 0 124 0.105882 0.5 0 0
18850 0.0231328 0 124 0.105882 0.5 0 0
18860 0.0231328 0 124 0.109804 0.5 0 0
18870 0.0231328 0 124 0.105882 0.5 0 0
18880 0.0231249 0 124 0.105882 0.5 0 0
18890 0.0231249 0 124 0.105882 0.5 0 0
18900 0.0231226 0 124 0.105882 0.5 0 0
18910 0.0231226 0 124 0.105882 0.5 0 0
18920 0.0231226 0 124 0.105882 0.5 0 0
18930 0.0231226 0 124 0.105882 0.5 0 0
18940 0.023123 0 124 0.105882 0.5 0 0
18950 0.023123 0 124 0.105882 0.5 0 0
18960 0.0232703 0 124 0.109804 0.5 0 0
18970 0.0232703 0 124 0.105882 0.5 0 0
18980 0.0232995 0 124 0.105882 0.5 0 0
18990 0.0232995 0 124 0.0980392 0.5 0 0
19000 0.0234309 0 124 0.0980392 0.5 0 0
19010 0.0234309 0 124 0.101961 0.5 0 0
19020 0.0233914 0 124 0.101961 0.5 0 0
19030 0.0233914 0 124 0.0980392 0.5 0 0
19040 0.0233987 0 124 0.0980392 0.5 0 0
19050 0.0233987 0 124 0.101961 0.5 0 0
19060 0.0233524 0 124 0.101961 0.5 0 0
19070 0.0233524 0 124 0.0980392 0.5 0 0
19080 0.0230167 0 124 0.0980392 0.5 0 0
19090 0.0230167 0 124 0.101961 0.5 0 0
19100 0.0225603 0 124 0.101961 0.5 0 0
19110 0.0225603 0 124 0.101961 0.5 0 0
19120 0.022258 0 124 0.105882 0.5 0 0
19130 0.022258 0 124 0.105882 0.5 0 0
19140 0.022158 0 124 0.105882 0.5 0 0
19150 0.022158 0 124 0.105882 0.5 0 0
19160 0.0218804 0 124 0.105882 0.5 0 0
19170 0.0218804 0 124 0.101961 0.5 0 0
19180 0.0215103 0 124 0.105882 0.5 0 0
19190 0.0215103 0 124 0.105882 0.5 0 0
19200 0.0213473 0 124 0.105882 0.5 0 0
19210 0.0213473 0 124 0.101961 0.5 0 0
19220 0.0211527 0 124 0.105882 0.5 0 0
19230 0.0211527 0 124 0.101961 0.5 0 0
19240 0.0209149 0 124 0.105882 0.5 0 0
19250 0.0209149 0 124 0.105882 0.5 0 0
19260 0.0204676 0 124 0.101961 0.5 0 0
19270 0.0204676 0 124 0.0941176 0.5 0 0
19280 0.0199962 0 124 0.0901961 0.5 0 0
19290 0.0199962 0 124 0.0901961 0.5 0 0
19300 0.019535 0 124 0.0901961 0.5 0 0
19310 0.019535 0 124 0.0941176 0.5 0 0
19320 0.0186542 0 124 0.0941176 0.5 0 0
19330 0.0186542 0 124 0.0941176 0.5 0 0
19340 0.0185112 0 124 0.0941176 0.5 0 0
19350 0.0185112 0 124 0.0980392 0.5 0 0
19360 0.0183899 0 124 0.0941176 0.5 0 0
19370 0.0183899 0 124 0.0901961 0.5 0 0
19380 0.0179755 0 124 0.0862745 0.5 0 0
19390 0.0179755 0 124 0.0823529 0.5 0 0
19400 0.0174884 0 124 0.0862745 0.5 0 0
19410 0.0174884 0 124 0.0862745 0.5 0 0
19420 0.0170384 0 124 0.0862745 0.5 0 0
19430 0.0170384 0 124 0.0901961 0.5 0 0
19440 0.0163973 0 124 0.0901961 0.5 0 0
19450 0.0163973 0 124 0.0862745 0.5 0 0
19460 0.0162259 0 124 0.0862745 0.5 0 0
19470 0.0162259 0 124 0.0862745 0.5 0 0
19480 0.0158128 0 124 0.0823529 0.5 0 0
19490 0.0158128 0 124 0.0823529 0.5 0 0
19500 0.0153868 0 124 0.0823529 0.5 0 0
19510 0.0153868 0 124 0.0823529 0.5 0 0
19520 0.0152531 0 124 0.0862745 0.5 0 0
19530 0.0152531 0 124 0.0823529 0.5 0 0
19540 0.0152497 0 124 0.0862745 0.5 0 0
19550 0.0152497 0 124 0.0862745 0.5 0 0
19560 0.015225 0 124 0.0862745 0.5 0 0
19570 0.015225 0 124 0.0862745 0.5 0 0
19580 0.0150866 0 124 0.0823529 0.5 0 0
19590 0.0150866 0 124 0.0862745 0.5 0 0
19600 0.0150783 0 124 0.0862745 0.5 0 0
19610 0.0150783 0 124 0.0862745 0.5 0 0
19620 0.0150638 0 124 0.0862745 0.5 0 0
19630 0.0150638 0 124 0.0823529 0.5 0 0
19640 0.0150636 0 124 0.0862745 0.5 0 0
19650 0.0150636 0 124 0.0823529 0.5 0 0
19660 0.0150636 0 124 0.0862745 0.5 0 0
19670 0.0150636 0 124 0.0862745 0.5 0 0
19680 0.0150439 0 124 0.0862745 0.5 0 0
19690 0.0150439 0 124 0.0862745 0.5 0 0
19700 0.0149939 0 124 0.0862745 0.5 0 0
19710 0.0149939 0 124 0.0862745 0.5 0 0
19720 0.0149923 0 124 0.0862745 0.5 0 0
19730 0.0149923 0 124 0.0862745 0.5 0 0
19740 0.0149923 0 124 0.0862745 0.5 0 0
19750 0.0149923 0 124 0.0823529 0.5 0 0
19760 0.0149923 0 124 0.0862745 0.5 0 0
19770 0.0149923 0 124 0.0862745 0.5 0 0
19780 0.0150674 0 124 0.0862745 0.5 0 0
19790 0.0150674 0 124 0.0862745 0.5 0 0
19800 0.0150417 0 124 0.0862745 0.5 0 0
19810 0.0150417 0 124 0.0823529 0.5 0 0
19820 0.0151096 0 124 0.0823529 0.5 0 0
19830 0.0151096 0 124 0.0862745 0.5 0 0
19840 0.0153067 0 124 0.0901961 0.5 0 0
19850 0.0153067 0 124 0.0901961 0.5 0 0
19860 0.015282 0 124 0.0901961 0.5 0 0
19870 0.015282 0 124 0.0901961 0.5 0 0
19880 0.0150761 0 124 0.0862745 0.5 0 0
19890 0.0150761 0 124 0.0823529 0.5 0 0
19900 0.0146511 0 124 0.0862745 0.5 0 0
19910 0.0146511 0 124 0.0823529 0.5 0 0
19920 0.0142716 0 124 0.0823529 0.5 0 0
19930 0.0142716 0 124 0.0784314 0.5 0 0
19940 0.0139721 0 124 0.0784314 0.5 0 0
19950 0.0139721 0 124 0.0745098 0.5 0 0
19960 0.0135806 0 124 0.0784314 0.5 0 0
19970 0.0135806 0 124 0.0823529 0.5 0 0
19980 0.0131551 0 124 0.0823529 0.5 0 0
19990 0.0131551 0 124 0.0784314 0.5 0 0
20000 0.0130194 0 124 0.0784314 0.5 0 0
20010 0.0130194 0 124 0.0784314 0.5 0 0
