0 0.105563 0 0 0.5 0.5 0 0
10 0.105563 0 0 0.745098 0.5 0 0
20 0.105504 0.5 0.5 0.611765 0.5 0 0
30 0.105504 0.5 0.5 0.65098 0.5 0 0
40 0.105504 0.5 1 0.745098 0.5 0 0
50 0.105504 0.5 1 0.690196 0.5 0 0
60 0.105548 0.5 1.5 0.670588 0.5 0 0
70 0.105548 0.5 1.5 0.623529 0.5 0 0
80 0.105701 0.5 2 0.670588 0.5 0 0
90 0.105701 0.5 2 0.611765 0.5 0 0
100 0.105701 0.5 2.5 0.631373 0.5 0 0
110 0.105701 0.5 2.5 0.690196 0.5 0 0
120 0.105701 0.5 3 0.784314 0.5 0 0
130 0.105701 0.5 3 0.670588 0.5 0 0
140 0.105701 0.5 3.5 0.745098 0.5 0 0
150 0.105701 0.5 3.5 0.745098 0.5 0 0
160 0.105701 0.5 4 0.611765 0.5 0 0
170 0.105701 0.5 4 0.72549 0.5 0 0
180 0.105701 0.75 4.75 0.639216 0.5 0 0
190 0.105701 0.75 4.75 0.67451 0.5 0 0
200 0.105701 0.75 5.5 0.784314 0.5 0 0
210 0.105701 0.75 5.5 0.729412 0.5 0 0
220 0.105701 0.75 6.25 0.784314 0.5 0 0
230 0.105701 0.75 6.25 0.639216 0.5 0 0
240 0.105701 0.75 7 0.611765 0.5 0 0
250 0.105701 0.75 7 0.619608 0.5 0 0
260 0.106622 0.25 7.25 0.784314 0.5 0 0
270 0.106622 0.25 7.25 0.729412 0.5 0 0
280 0.106622 0 7.25 0.729412 0.5 0 0
290 0.106622 0 7.25 0.784314 0.5 0 0
300 0.106622 0 7.25 0.745098 0.5 0 0
310 0.106622 0 7.25 0.662745 0.5 0 0
320 0.107027 0 7.25 0.611765 0.5 0 0
330 0.107027 0 7.25 0.745098 0.5 0 0
340 0.107745 0 7.25 0.670588 0.5 0 0
350 0.107745 0 7.25 0.67451 0.5 0 0
360 0.107595 0 7.25 0.662745 0.5 0 0
370 0.107595 0 7.25 0.65098 0.5 0 0
380 0.106328 0 7.25 0.631373 0.5 0 0
390 0.106328 0 7.25 0.690196 0.5 0 0
400 0.105186 0 7.25 0.690196 0.5 0 0
410 0.105186 0 7.25 0.67451 0.5 0 0
420 0.104431 0 7.25 0.670588 0.5 0 0
430 0.104431 0 7.25 0.639216 0.5 0 0
440 0.1037 0 7.25 0.67451 0.5 0 0
450 0.1037 0 7.25 0.611765 0.5 0 0
460 0.103165 0 7.25 0.666667 0.5 0 0
470 0.103165 0 7.25 0.662745 0.5 0 0
480 0.102916 0 7.25 0.670588 0.5 0 0
490 0.102916 0 7.25 0.67451 0.5 0 0
500 0.102934 0 7.25 0.65098 0.5 0 0
510 0.102934 0 7.25 0.788235 0.5 0 0
520 0.102934 0 7.25 0.72549 0.5 0 0
530 0.102934 0 7.25 0.690196 0.5 0 0
540 0.102934 0 7.25 0.670588 0.5 0 0
550 0.102934 0 7.25 0.6 0.5 0 0
560 0.102976 0 7.25 0.662745 0.5 0 0
570 0.102976 0 7.25 0.611765 0.5 0 0
580 0.102976 0 7.25 0.670588 0.5 0 0
590 0.102976 0 7.25 0.67451 0.5 0 0
600 0.102976 0 7.25 0.623529 0.5 0 0
610 0.102976 0 7.25 0.627451 0.5 0 0
620 0.102976 0 7.25 0.745098 0.5 0 0
630 0.102976 0 7.25 0.67451 0.5 0 0
640 0.102976 0 7.25 0.784314 0.5 0 0
650 0.102976 0 7.25 0.72549 0.5 0 0
660 0.102976 0.25 7.5 0.784314 0.5 0 0
670 0.102976 0.25 7.5 0.666667 0.5 0 0
680 0.102976 0.25 7.75 0.74902 0.5 0 0
690 0.102976 0.25 7.75 0.67451 0.5 0 0
700 0.102976 0.25 8 0.666667 0.5 0 0
710 0.102976 0.25 8 0.65098 0.5 0 0
720 0.102976 0.25 8.25 0.694118 0.5 0 0
730 0.102976 0.25 8.25 0.745098 0.5 0 0
740 0.102976 0.25 8.5 0.67451 0.5 0 0
750 0.102976 0.25 8.5 0.639216 0.5 0 0
760 0.102976 0 8.5 0.654902 0.5 0 0
770 0.102976 0 8.5 0.615686 0.5 0 0
780 0.102976 0 8.5 0.67451 0.5 0 0
790 0.102976 0 8.5 0.666667 0.5 0 0
800 0.102976 0 8.5 0.643137 0.5 0 0
810 0.102976 0 8.5 0.6 0.5 0 0
820 0.102606 0 8.5 0.580392 0.5 0 0
830 0.102606 0 8.5 0.533333 0.5 0 0
840 0.10186 0 8.5 0.517647 0.5 0 0
850 0.10186 0 8.5 0.52549 0.5 0 0
860 0.101154 0 8.5 0.521569 0.5 0 0
870 0.101154 0 8.5 0.521569 0.5 0 0
880 0.100471 0 8.5 0.517647 0.5 0 0
890 0.100471 0 8.5 0.517647 0.5 0 0
900 0.100257 0 8.5 0.521569 0.5 0 0
910 0.100257 0 8.5 0.521569 0.5 0 0
920 0.0999522 0 8.5 0.521569 0.5 0 0
930 0.0999522 0 8.5 0.517647 0.5 0 0
940 0.100091 0 8.5 0.501961 0.5 0 0
950 0.100091 0 8.5 0.490196 0.5 0 0
960 0.0997827 0 8.5 0.478431 0.5 0 0
970 0.0997827 0 8.5 0.478431 0.5 0 0
980 0.0994678 0 8.5 0.478431 0.5 0 0
990 0.0994678 0 8.5 0.482353 0.5 0 0
1000 0.0990337 0 8.5 0.478431 0.5 0 0
1010 0.0990337 0 8.5 0.478431 0.5 0 0
1020 0.0990122 0 8.5 0.478431 0.5 0 0
1030 0.0990122 0 8.5 0.478431 0.5 0 0
1040 0.0990122 0 8.5 0.482353 0.5 0 0
1050 0.0990122 0 8.5 0.478431 0.5 0 0
1060 0.0990122 0 8.5 0.482353 0.5 0 0
1070 0.0990122 0 8.5 0.478431 0.5 0 0
1080 0.0989924 0 8.5 0.482353 0.5 0 0
1090 0.0989924 0 8.5 0.478431 0.5 0 0
1100 0.0989924 0 8.5 0.478431 0.5 0 0
1110 0.0989924 0 8.5 0.478431 0.5 0 0
1120 0.0989924 0 8.5 0.478431 0.5 0 0
1130 0.0989924 0 8.5 0.482353 0.5 0 0
1140 0.0989924 0 8.5 0.482353 0.5 0 0
1150 0.0989924 0 8.5 0.482353 0.5 0 0
1160 0.0989924 0 8.5 0.482353 0.5 0 0
1170 0.0989924 0 8.5 0.482353 0.5 0 0
1180 0.0989924 0 8.5 0.47451 0.5 0 0
1190 0.0989924 0 8.5 0.482353 0.5 0 0
1200 0.0989924 0 8.5 0.478431 0.5 0 0
1210 0.0989924 0 8.5 0.478431 0.5 0 0
1220 0.0989924 0 8.5 0.47451 0.5 0 0
1230 0.0989924 0 8.5 0.470588 0.5 0 0
1240 0.0987173 0 8.5 0.466667 0.5 0 0
1250 0.0987173 0 8.5 0.458824 0.5 0 0
1260 0.098031 0 8.5 0.458824 0.5 0 0
1270 0.098031 0 8.5 0.458824 0.5 0 0
1280 0.0973994 0 8.5 0.458824 0.5 0 0
1290 0.0973994 0 8.5 0.458824 0.5 0 0
1300 0.0968017 0 8.5 0.458824 0.5 0 0
1310 0.0968017 0 8.5 0.458824 0.5 0 0
1320 0.0965563 0 8.5 0.458824 0.5 0 0
1330 0.0965563 0 8.5 0.458824 0.5 0 0
1340 0.0965561 0 8.5 0.458824 0.5 0 0
1350 0.0965561 0 8.5 0.454902 0.5 0 0
1360 0.0965561 0 8.5 0.458824 0.5 0 0
1370 0.0965561 0 8.5 0.458824 0.5 0 0
1380 0.0965561 0 8.5 0.458824 0.5 0 0
1390 0.0965561 0 8.5 0.458824 0.5 0 0
1400 0.0965561 0 8.5 0.458824 0.5 0 0
1410 0.0965561 0 8.5 0.454902 0.5 0 0
1420 0.0965372 0 8.5 0.454902 0.5 0 0
1430 0.0965372 0 8.5 0.454902 0.5 0 0
1440 0.0964781 0 8.5 0.458824 0.5 0 0
1450 0.0964781 0 8.5 0.458824 0.5 0 0
1460 0.0964781 0 8.5 0.458824 0.5 0 0
1470 0.0964781 0 8.5 0.458824 0.5 0 0
1480 0.0964781 0 8.5 0.458824 0.5 0 0
1490 0.0964781 0 8.5 0.454902 0.5 0 0
1500 0.0964781 0 8.5 0.458824 0.5 0 0
1510 0.0964781 0 8.5 0.458824 0.5 0 0
1520 0.0964761 0 8.5 0.458824 0.5 0 0
1530 0.0964761 0 8.5 0.454902 0.5 0 0
1540 0.0964761 0 8.5 0.458824 0.5 0 0
1550 0.0964761 0 8.5 0.454902 0.5 0 0
1560 0.0964761 0 8.5 0.458824 0.5 0 0
1570 0.0964761 0 8.5 0.458824 0.5 0 0
1580 0.0964761 0 8.5 0.458824 0.5 0 0
1590 0.0964761 0 8.5 0.458824 0.5 0 0
1600 0.0964761 0 8.5 0.458824 0.5 0 0
1610 0.0964761 0 8.5 0.454902 0.5 0 0
1620 0.0964761 0 8.5 0.454902 0.5 0 0
1630 0.0964761 0 8.5 0.458824 0.5 0 0
1640 0.0964827 0 8.5 0.458824 0.5 0 0
1650 0.0964827 0 8.5 0.458824 0.5 0 0
1660 0.0964827 0 8.5 0.458824 0.5 0 0
1670 0.0964827 0 8.5 0.458824 0.5 0 0
1680 0.0964827 0 8.5 0.458824 0.5 0 0
1690 0.0964827 0 8.5 0.458824 0.5 0 0
1700 0.0964827 0 8.5 0.458824 0.5 0 0
1710 0.0964827 0 8.5 0.458824 0.5 0 0
1720 0.0967452 0 8.5 0.458824 0.5 0 0
1730 0.0967452 0 8.5 0.458824 0.5 0 0
1740 0.0970784 0 8.5 0.454902 0.5 0 0
1750 0.0970784 0 8.5 0.454902 0.5 0 0
1760 0.097464 0 8.5 0.454902 0.5 0 0
1770 0.097464 0 8.5 0.45098 0.5 0 0
1780 0.0978916 0 8.5 0.443137 0.5 0 0
1790 0.0978916 0 8.5 0.443137 0.5 0 0
1800 0.09799 0 8.5 0.443137 0.5 0 0
1810 0.09799 0 8.5 0.443137 0.5 0 0
1820 0.0984197 0 8.5 0.435294 0.5 0 0
1830 0.0984197 0 8.5 0.439216 0.5 0 0
1840 0.099133 0 8.5 0.435294 0.5 0 0
1850 0.099133 0 8.5 0.439216 0.5 0 0
1860 0.100214 0 8.5 0.439216 0.5 0 0
1870 0.100214 0 8.5 0.439216 0.5 0 0
1880 0.100818 0 8.5 0.439216 0.5 0 0
1890 0.100818 0 8.5 0.439216 0.5 0 0
1900 0.101205 0 8.5 0.435294 0.5 0 0
1910 0.101205 0 8.5 0.435294 0.5 0 0
1920 0.101738 0 8.5 0.431373 0.5 0 0
1930 0.101738 0 8.5 0.427451 0.5 0 0
1940 0.102567 0 8.5 0.423529 0.5 0 0
1950 0.102567 0 8.5 0.423529 0.5 0 0
1960 0.102778 0 8.5 0.419608 0.5 0 0
1970 0.102778 0 8.5 0.423529 0.5 0 0
1980 0.102525 0 8.5 0.423529 0.5 0 0
1990 0.102525 0 8.5 0.423529 0.5 0 0
2000 0.102519 0 8.5 0.419608 0.5 0 0
2010 0.102519 0 8.5 0.423529 0.5 0 0
2020 0.102237 0 8.5 0.423529 0.5 0 0
2030 0.102237 0 8.5 0.423529 0.5 0 0
2040 0.10167 0 8.5 0.423529 0.5 0 0
2050 0.10167 0 8.5 0.415686 0.5 0 0
2060 0.101161 0 8.5 0.415686 0.5 0 0
2070 0.101161 0 8.5 0.415686 0.5 0 0
2080 0.100445 0 8.5 0.415686 0.5 0 0
2090 0.100445 0 8.5 0.415686 0.5 0 0
2100 0.100045 0 8.5 0.415686 0.5 0 0
2110 0.100045 0 8.5 0.415686 0.5 0 0
2120 0.0999765 0 8.5 0.415686 0.5 0 0
2130 0.0999765 0 8.5 0.415686 0.5 0 0
2140 0.0999765 0 8.5 0.415686 0.5 0 0
2150 0.0999765 0 8.5 0.415686 0.5 0 0
2160 0.099379 0 8.5 0.415686 0.5 0 0
2170 0.099379 0 8.5 0.415686 0.5 0 0
2180 0.0992189 0 8.5 0.415686 0.5 0 0
2190 0.0992189 0 8.5 0.415686 0.5 0 0
2200 0.0992189 0 8.5 0.415686 0.5 0 0
2210 0.0992189 0 8.5 0.415686 0.5 0 0
2220 0.0992189 0 8.5 0.415686 0.5 0 0
2230 0.0992189 0 8.5 0.415686 0.5 0 0
2240 0.0992315 0 8.5 0.415686 0.5 0 0
2250 0.0992315 0 8.5 0.415686 0.5 0 0
2260 0.0993217 0 8.5 0.415686 0.5 0 0
2270 0.0993217 0 8.5 0.415686 0.5 0 0
2280 0.0993217 0 8.5 0.415686 0.5 0 0
2290 0.0993217 0 8.5 0.415686 0.5 0 0
2300 0.0993217 0 8.5 0.415686 0.5 0 0
2310 0.0993217 0 8.5 0.415686 0.5 0 0
2320 0.0993217 0 8.5 0.415686 0.5 0 0
2330 0.0993217 0 8.5 0.415686 0.5 0 0
2340 0.099544 0 8.5 0.415686 0.5 0 0
2350 0.099544 0 8.5 0.411765 0.5 0 0
2360 0.0999145 0 8.5 0.411765 0.5 0 0
2370 0.0999145 0 8.5 0.411765 0.5 0 0
2380 0.099911 0 8.5 0.407843 0.5 0 0
2390 0.099911 0 8.5 0.407843 0.5 0 0
2400 0.100045 0 8.5 0.403922 0.5 0 0
2410 0.100045 0 8.5 0.403922 0.5 0 0
2420 0.100287 0 8.5 0.403922 0.5 0 0
2430 0.100287 0 8.5 0.403922 0.5 0 0
2440 0.100187 0 8.5 0.403922 0.5 0 0
2450 0.100187 0 8.5 0.4 0.5 0 0
2460 0.10013 0 8.5 0.4 0.5 0 0
2470 0.10013 0 8.5 0.4 0.5 0 0
2480 0.0998294 0 8.5 0.4 0.5 0 0
2490 0.0998294 0 8.5 0.4 0.5 0 0
2500 0.0993432 0 8.5 0.4 0.5 0 0
2510 0.0993432 0 8.5 0.4 0.5 0 0
2520 0.0989547 0 8.5 0.4 0.5 0 0
2530 0.0989547 0 8.5 0.4 0.5 0 0
2540 0.0988486 0 8.5 0.4 0.5 0 0
2550 0.0988486 0 8.5 0.4 0.5 0 0
2560 0.0985338 0 8.5 0.4 0.5 0 0
2570 0.0985338 0 8.5 0.4 0.5 0 0
2580 0.0983775 0 8.5 0.4 0.5 0 0
2590 0.0983775 0 8.5 0.4 0.5 0 0
2600 0.0983775 0 8.5 0.4 0.5 0 0
2610 0.0983775 0 8.5 0.4 0.5 0 0
2620 0.0983775 0 8.5 0.4 0.5 0 0
2630 0.0983775 0 8.5 0.4 0.5 0 0
2640 0.0981123 0 8.5 0.4 0.5 0 0
2650 0.0981123 0 8.5 0.4 0.5 0 0
2660 0.0981068 0 8.5 0.4 0.5 0 0
2670 0.0981068 0 8.5 0.4 0.5 0 0
2680 0.0985832 0 8.5 0.4 0.5 0 0
2690 0.0985832 0 8.5 0.4 0.5 0 0
2700 0.0988387 0 8.5 0.4 0.5 0 0
2710 0.0988387 0 8.5 0.4 0.5 0 0
2720 0.0988397 0 8.5 0.4 0.5 0 0
2730 0.0988397 0 8.5 0.4 0.5 0 0
2740 0.0988856 0 8.5 0.4 0.5 0 0
2750 0.0988856 0 8.5 0.4 0.5 0 0
2760 0.0992769 0 8.5 0.4 0.5 0 0
2770 0.0992769 0 8.5 0.396078 0.5 0 0
2780 0.0995937 0 8.5 0.396078 0.5 0 0
2790 0.0995937 0 8.5 0.396078 0.5 0 0
2800 0.0996754 0 8.5 0.392157 0.5 0 0
2810 0.0996754 0 8.5 0.392157 0.5 0 0
2820 0.0996583 0 8.5 0.392157 0.5 0 0
2830 0.0996583 0 8.5 0.392157 0.5 0 0
2840 0.0994171 0 8.5 0.392157 0.5 0 0
2850 0.0994171 0 8.5 0.392157 0.5 0 0
2860 0.099145 0 8.5 0.392157 0.5 0 0
2870 0.099145 0 8.5 0.392157 0.5 0 0
2880 0.0990311 0 8.5 0.392157 0.5 0 0
2890 0.0990311 0 8.5 0.392157 0.5 0 0
2900 0.0989783 0 8.5 0.392157 0.5 0 0
2910 0.0989783 0 8.5 0.392157 0.5 0 0
2920 0.0989019 0 8.5 0.392157 0.5 0 0
2930 0.0989019 0 8.5 0.392157 0.5 0 0
2940 0.098629 0 8.5 0.392157 0.5 0 0
2950 0.098629 0 8.5 0.392157 0.5 0 0
2960 0.0983931 0 8.5 0.392157 0.5 0 0
2970 0.0983931 0 8.5 0.392157 0.5 0 0
2980 0.0982881 0 8.5 0.392157 0.5 0 0
2990 0.0982881 0 8.5 0.392157 0.5 0 0
3000 0.0982881 0 8.5 0.392157 0.5 0 0
3010 0.0982881 0 8.5 0.392157 0.5 0 0
3020 0.0982053 0 8.5 0.392157 0.5 0 0
3030 0.0982053 0 8.5 0.392157 0.5 0 0
3040 0.098094 0 8.5 0.392157 0.5 0 0
3050 0.098094 0 8.5 0.392157 0.5 0 0
3060 0.098094 0 8.5 0.392157 0.5 0 0
3070 0.098094 0 8.5 0.392157 0.5 0 0
3080 0.098094 0 8.5 0.392157 0.5 0 0
3090 0.098094 0 8.5 0.392157 0.5 0 0
3100 0.098094 0 8.5 0.392157 0.5 0 0
3110 0.098094 0 8.5 0.392157 0.5 0 0
3120 0.098094 0 8.5 0.392157 0.5 0 0
3130 0.098094 0 8.5 0.392157 0.5 0 0
3140 0.098094 0 8.5 0.392157 0.5 0 0
3150 0.098094 0 8.5 0.392157 0.5 0 0
3160 0.098094 0 8.5 0.392157 0.5 0 0
3170 0.098094 0 8.5 0.392157 0.5 0 0
3180 0.098094 0 8.5 0.392157 0.5 0 0
3190 0.098094 0 8.5 0.392157 0.5 0 0
3200 0.098092 0 8.5 0.392157 0.5 0 0
3210 0.098092 0 8.5 0.392157 0.5 0 0
3220 0.098092 0 8.5 0.392157 0.5 0 0
3230 0.098092 0 8.5 0.392157 0.5 0 0
3240 0.0980858 0 8.5 0.392157 0.5 0 0
3250 0.0980858 0 8.5 0.392157 0.5 0 0
3260 0.0980858 0 8.5 0.392157 0.5 0 0
3270 0.0980858 0 8.5 0.392157 0.5 0 0
3280 0.0980858 0 8.5 0.392157 0.5 0 0
3290 0.0980858 0 8.5 0.392157 0.5 0 0
3300 0.0980858 0 8.5 0.392157 0.5 0 0
3310 0.0980858 0 8.5 0.392157 0.5 0 0
3320 0.0980858 0 8.5 0.392157 0.5 0 0
3330 0.0980858 0 8.5 0.392157 0.5 0 0
3340 0.0980858 0 8.5 0.392157 0.5 0 0
3350 0.0980858 0 8.5 0.392157 0.5 0 0
3360 0.0980858 0 8.5 0.392157 0.5 0 0
3370 0.0980858 0 8.5 0.392157 0.5 0 0
3380 0.0980858 0 8.5 0.392157 0.5 0 0
3390 0.0980858 0 8.5 0.392157 0.5 0 0
3400 0.0980946 0 8.5 0.392157 0.5 0 0
3410 0.0980946 0 8.5 0.392157 0.5 0 0
3420 0.0985126 0 8.5 0.392157 0.5 0 0
3430 0.0985126 0 8.5 0.392157 0.5 0 0
3440 0.0988542 0 8.5 0.392157 0.5 0 0
3450 0.0988542 0 8.5 0.392157 0.5 0 0
3460 0.0988575 0 8.5 0.392157 0.5 0 0
3470 0.0988575 0 8.5 0.392157 0.5 0 0
3480 0.0988575 0 8.5 0.392157 0.5 0 0
3490 0.0988575 0 8.5 0.392157 0.5 0 0
3500 0.0990872 0 8.5 0.392157 0.5 0 0
3510 0.0990872 0 8.5 0.392157 0.5 0 0
3520 0.0993887 0 8.5 0.388235 0.5 0 0
3530 0.0993887 0 8.5 0.384314 0.5 0 0
3540 0.0994945 0 8.5 0.384314 0.5 0 0
3550 0.0994945 0 8.5 0.384314 0.5 0 0
3560 0.0995888 0 8.5 0.384314 0.5 0 0
3570 0.0995888 0 8.5 0.384314 0.5 0 0
3580 0.0993937 0 8.5 0.384314 0.5 0 0
3590 0.0993937 0 8.5 0.384314 0.5 0 0
3600 0.0993531 0 8.5 0.384314 0.5 0 0
3610 0.0993531 0 8.5 0.380392 0.5 0 0
3620 0.0993029 0 8.5 0.380392 0.5 0 0
3630 0.0993029 0 8.5 0.380392 0.5 0 0
3640 0.0986221 0 8.5 0.376471 0.5 0 0
3650 0.0986221 0 8.5 0.376471 0.5 0 0
3660 0.0971807 0 8.5 0.380392 0.5 0 0
3670 0.0971807 0 8.5 0.376471 0.5 0 0
3680 0.0964048 0 8.5 0.376471 0.5 0 0
3690 0.0964048 0 8.5 0.376471 0.5 0 0
3700 0.095518 0 8.5 0.376471 0.5 0 0
3710 0.095518 0 8.5 0.376471 0.5 0 0
3720 0.0950346 0 8.5 0.376471 0.5 0 0
3730 0.0950346 0 8.5 0.376471 0.5 0 0
3740 0.0948116 0 8.5 0.376471 0.5 0 0
3750 0.0948116 0 8.5 0.376471 0.5 0 0
3760 0.0944395 0 8.5 0.376471 0.5 0 0
3770 0.0944395 0 8.5 0.376471 0.5 0 0
3780 0.0944334 0 8.5 0.376471 0.5 0 0
3790 0.0944334 0 8.5 0.376471 0.5 0 0
3800 0.0943771 0 8.5 0.376471 0.5 0 0
3810 0.0943771 0 8.5 0.376471 0.5 0 0
3820 0.0943764 0 8.5 0.376471 0.5 0 0
3830 0.0943764 0 8.5 0.376471 0.5 0 0
3840 0.0943494 0 8.5 0.376471 0.5 0 0
3850 0.0943494 0 8.5 0.376471 0.5 0 0
3860 0.0943494 0 8.5 0.376471 0.5 0 0
3870 0.0943494 0 8.5 0.376471 0.5 0 0
3880 0.0943494 0 8.5 0.376471 0.5 0 0
3890 0.0943494 0 8.5 0.376471 0.5 0 0
3900 0.0949634 0 8.5 0.372549 0.5 0 0
3910 0.0949634 0 8.5 0.372549 0.5 0 0
3920 0.0957672 0 8.5 0.372549 0.5 0 0
3930 0.0957672 0 8.5 0.372549 0.5 0 0
3940 0.0962733 0 8.5 0.372549 0.5 0 0
3950 0.0962733 0 8.5 0.372549 0.5 0 0
3960 0.0962838 0 8.5 0.372549 0.5 0 0
3970 0.0962838 0 8.5 0.372549 0.5 0 0
3980 0.0962838 0 8.5 0.368627 0.5 0 0
3990 0.0962838 0 8.5 0.372549 0.5 0 0
4000 0.0961837 0 8.5 0.372549 0.5 0 0
4010 0.0961837 0 8.5 0.372549 0.5 0 0
4020 0.0956022 0 8.5 0.372549 0.5 0 0
4030 0.0956022 0 8.5 0.372549 0.5 0 0
4040 0.0952957 0 8.5 0.372549 0.5 0 0
4050 0.0952957 0 8.5 0.368627 0.5 0 0
4060 0.0951816 0 8.5 0.372549 0.5 0 0
4070 0.0951816 0 8.5 0.372549 0.5 0 0
4080 0.0951816 0 8.5 0.372549 0.5 0 0
4090 0.0951816 0 8.5 0.372549 0.5 0 0
4100 0.0951816 0 8.5 0.372549 0.5 0 0
4110 0.0951816 0 8.5 0.372549 0.5 0 0
4120 0.0947945 0 8.5 0.372549 0.5 0 0
4130 0.0947945 0 8.5 0.372549 0.5 0 0
4140 0.0947785 0 8.5 0.368627 0.5 0 0
4150 0.0947785 0 8.5 0.372549 0.5 0 0
4160 0.0946058 0 8.5 0.372549 0.5 0 0
4170 0.0946058 0 8.5 0.372549 0.5 0 0
4180 0.0946046 0 8.5 0.372549 0.5 0 0
4190 0.0946046 0 8.5 0.372549 0.5 0 0
4200 0.0946046 0 8.5 0.368627 0.5 0 0
4210 0.0946046 0 8.5 0.372549 0.5 0 0
4220 0.0946046 0 8.5 0.372549 0.5 0 0
4230 0.0946046 0 8.5 0.372549 0.5 0 0
4240 0.0946046 0 8.5 0.372549 0.5 0 0
4250 0.0946046 0 8.5 0.372549 0.5 0 0
4260 0.0946046 0 8.5 0.372549 0.5 0 0
4270 0.0946046 0 8.5 0.372549 0.5 0 0
4280 0.0946046 0 8.5 0.372549 0.5 0 0
4290 0.0946046 0 8.5 0.372549 0.5 0 0
4300 0.0946639 0 8.5 0.372549 0.5 0 0
4310 0.0946639 0 8.5 0.368627 0.5 0 0
4320 0.0953604 0 8.5 0.368627 0.5 0 0
4330 0.0953604 0 8.5 0.368627 0.5 0 0
4340 0.0958196 0 8.5 0.368627 0.5 0 0
4350 0.0958196 0 8.5 0.368627 0.5 0 0
4360 0.0958481 0 8.5 0.368627 0.5 0 0
4370 0.0958481 0 8.5 0.364706 0.5 0 0
4380 0.0956848 0 8.5 0.364706 0.5 0 0
4390 0.0956848 0 8.5 0.364706 0.5 0 0
4400 0.0952434 0 8.5 0.368627 0.5 0 0
4410 0.0952434 0 8.5 0.368627 0.5 0 0
4420 0.0950893 0 8.5 0.368627 0.5 0 0
4430 0.0950893 0 8.5 0.368627 0.5 0 0
4440 0.0950777 0 8.5 0.368627 0.5 0 0
4450 0.0950777 0 8.5 0.368627 0.5 0 0
4460 0.0947026 0 8.5 0.368627 0.5 0 0
4470 0.0947026 0 8.5 0.368627 0.5 0 0
4480 0.0936105 0 8.5 0.364706 0.5 0 0
4490 0.0936105 0 8.5 0.364706 0.5 0 0
4500 0.0924683 0 8.5 0.364706 0.5 0 0
4510 0.0924683 0 8.5 0.364706 0.5 0 0
4520 0.0920656 0 8.5 0.364706 0.5 0 0
4530 0.0920656 0 8.5 0.364706 0.5 0 0
4540 0.0914167 0 8.5 0.364706 0.5 0 0
4550 0.0914167 0 8.5 0.364706 0.5 0 0
4560 0.0904978 0 8.5 0.364706 0.5 0 0
4570 0.0904978 0 8.5 0.364706 0.5 0 0
4580 0.0902515 0 8.5 0.364706 0.5 0 0
4590 0.0902515 0 8.5 0.364706 0.5 0 0
4600 0.0900181 0 8.5 0.364706 0.5 0 0
4610 0.0900181 0 8.5 0.364706 0.5 0 0
4620 0.0900167 0 8.5 0.364706 0.5 0 0
4630 0.0900167 0 8.5 0.364706 0.5 0 0
4640 0.0900167 0 8.5 0.364706 0.5 0 0
4650 0.0900167 0 8.5 0.364706 0.5 0 0
4660 0.0900167 0 8.5 0.364706 0.5 0 0
4670 0.0900167 0 8.5 0.364706 0.5 0 0
4680 0.0900167 0 8.5 0.364706 0.5 0 0
4690 0.0900167 0 8.5 0.364706 0.5 0 0
4700 0.0900167 0 8.5 0.364706 0.5 0 0
4710 0.0900167 0 8.5 0.364706 0.5 0 0
4720 0.0900167 0 8.5 0.364706 0.5 0 0
4730 0.0900167 0 8.5 0.364706 0.5 0 0
4740 0.0900167 0 8.5 0.364706 0.5 0 0
4750 0.0900167 0 8.5 0.364706 0.5 0 0
4760 0.0900167 0 8.5 0.364706 0.5 0 0
4770 0.0900167 0 8.5 0.364706 0.5 0 0
4780 0.0900147 0 8.5 0.364706 0.5 0 0
4790 0.0900147 0 8.5 0.364706 0.5 0 0
4800 0.0900147 0 8.5 0.364706 0.5 0 0
4810 0.0900147 0 8.5 0.364706 0.5 0 0
4820 0.0900147 0 8.5 0.364706 0.5 0 0
4830 0.0900147 0 8.5 0.364706 0.5 0 0
4840 0.0900147 0 8.5 0.364706 0.5 0 0
4850 0.0900147 0 8.5 0.364706 0.5 0 0
4860 0.0900147 0 8.5 0.364706 0.5 0 0
4870 0.0900147 0 8.5 0.364706 0.5 0 0
4880 0.0900147 0 8.5 0.364706 0.5 0 0
4890 0.0900147 0 8.5 0.364706 0.5 0 0
4900 0.0900147 0 8.5 0.364706 0.5 0 0
4910 0.0900147 0 8.5 0.364706 0.5 0 0
4920 0.0900147 0 8.5 0.364706 0.5 0 0
4930 0.0900147 0 8.5 0.364706 0.5 0 0
4940 0.0900147 0 8.5 0.364706 0.5 0 0
4950 0.0900147 0 8.5 0.364706 0.5 0 0
4960 0.0900147 0 8.5 0.364706 0.5 0 0
4970 0.0900147 0 8.5 0.364706 0.5 0 0
4980 0.0900147 0 8.5 0.364706 0.5 0 0
4990 0.0900147 0 8.5 0.364706 0.5 0 0
5000 0.0902345 0 8.5 0.364706 0.5 0 0
5010 0.0902345 0 8.5 0.364706 0.5 0 0
5020 0.0906908 0 8.5 0.364706 0.5 0 0
5030 0.0906908 0 8.5 0.364706 0.5 0 0
5040 0.0909368 0 8.5 0.364706 0.5 0 0
5050 0.0909368 0 8.5 0.364706 0.5 0 0
5060 0.091254 0 8.5 0.364706 0.5 0 0
5070 0.091254 0 8.5 0.364706 0.5 0 0
5080 0.0913624 0 8.5 0.364706 0.5 0 0
5090 0.0913624 0 8.5 0.364706 0.5 0 0
5100 0.0913519 0 8.5 0.364706 0.5 0 0
5110 0.0913519 0 8.5 0.360784 0.5 0 0
5120 0.0910483 0 8.5 0.360784 0.5 0 0
5130 0.0910483 0 8.5 0.352941 0.5 0 0
5140 0.0897225 0 8.5 0.356863 0.5 0 0
5150 0.0897225 0 8.5 0.356863 0.5 0 0
5160 0.0891956 0 8.5 0.356863 0.5 0 0
5170 0.0891956 0 8.5 0.356863 0.5 0 0
5180 0.0889025 0 8.5 0.356863 0.5 0 0
5190 0.0889025 0 8.5 0.356863 0.5 0 0
5200 0.0888311 0 8.5 0.356863 0.5 0 0
5210 0.0888311 0 8.5 0.356863 0.5 0 0
5220 0.0882513 0 8.5 0.356863 0.5 0 0
5230 0.0882513 0 8.5 0.356863 0.5 0 0
5240 0.0880375 0 8.5 0.356863 0.5 0 0
5250 0.0880375 0 8.5 0.356863 0.5 0 0
5260 0.0880178 0 8.5 0.356863 0.5 0 0
5270 0.0880178 0 8.5 0.356863 0.5 0 0
5280 0.0878917 0 8.5 0.356863 0.5 0 0
5290 0.0878917 0 8.5 0.356863 0.5 0 0
5300 0.0878707 0 8.5 0.356863 0.5 0 0
5310 0.0878707 0 8.5 0.356863 0.5 0 0
5320 0.0878699 0 8.5 0.356863 0.5 0 0
5330 0.0878699 0 8.5 0.356863 0.5 0 0
5340 0.0878699 0 8.5 0.356863 0.5 0 0
5350 0.0878699 0 8.5 0.356863 0.5 0 0
5360 0.0880493 0 8.5 0.356863 0.5 0 0
5370 0.0880493 0 8.5 0.356863 0.5 0 0
5380 0.0890509 0 8.5 0.356863 0.5 0 0
5390 0.0890509 0 8.5 0.352941 0.5 0 0
5400 0.0896572 0 8.5 0.352941 0.5 0 0
5410 0.0896572 0 8.5 0.356863 0.5 0 0
5420 0.089698 0 8.5 0.352941 0.5 0 0
5430 0.089698 0 8.5 0.352941 0.5 0 0
5440 0.0896713 0 8.5 0.356863 0.5 0 0
5450 0.0896713 0 8.5 0.356863 0.5 0 0
5460 0.089577 0 8.5 0.352941 0.5 0 0
5470 0.089577 0 8.5 0.352941 0.5 0 0
5480 0.0892951 0 8.5 0.352941 0.5 0 0
5490 0.0892951 0 8.5 0.356863 0.5 0 0
5500 0.0883993 0 8.5 0.352941 0.5 0 0
5510 0.0883993 0 8.5 0.360784 0.5 0 0
5520 0.0879668 0 8.5 0.356863 0.5 0 0
5530 0.0879668 0 8.5 0.360784 0.5 0 0
5540 0.0879051 0 8.5 0.360784 0.5 0 0
5550 0.0879051 0 8.5 0.356863 0.5 0 0
5560 0.0868806 0 8.5 0.352941 0.5 0 0
5570 0.0868806 0 8.5 0.34902 0.5 0 0
5580 0.0853455 0 8.5 0.34902 0.5 0 0
5590 0.0853455 0 8.5 0.34902 0.5 0 0
5600 0.084671 0 8.5 0.352941 0.5 0 0
5610 0.084671 0 8.5 0.34902 0.5 0 0
5620 0.0840646 0 8.5 0.34902 0.5 0 0
5630 0.0840646 0 8.5 0.34902 0.5 0 0
5640 0.0838905 0 8.5 0.34902 0.5 0 0
5650 0.0838905 0 8.5 0.34902 0.5 0 0
5660 0.0838905 0 8.5 0.34902 0.5 0 0
5670 0.0838905 0 8.5 0.34902 0.5 0 0
5680 0.0838905 0 8.5 0.34902 0.5 0 0
5690 0.0838905 0 8.5 0.34902 0.5 0 0
5700 0.0838905 0 8.5 0.34902 0.5 0 0
5710 0.0838905 0 8.5 0.352941 0.5 0 0
5720 0.0838905 0 8.5 0.34902 0.5 0 0
5730 0.0838905 0 8.5 0.34902 0.5 0 0
5740 0.0838905 0 8.5 0.34902 0.5 0 0
5750 0.0838905 0 8.5 0.34902 0.5 0 0
5760 0.0838905 0 8.5 0.34902 0.5 0 0
5770 0.0838905 0 8.5 0.34902 0.5 0 0
5780 0.0838905 0 8.5 0.34902 0.5 0 0
5790 0.0838905 0 8.5 0.34902 0.5 0 0
5800 0.0842803 0 8.5 0.34902 0.5 0 0
5810 0.0842803 0 8.5 0.352941 0.5 0 0
5820 0.0845403 0 8.5 0.352941 0.5 0 0
5830 0.0845403 0 8.5 0.34902 0.5 0 0
5840 0.084555 0 8.5 0.34902 0.5 0 0
5850 0.084555 0 8.5 0.34902 0.5 0 0
5860 0.0843357 0 8.5 0.345098 0.5 0 0
5870 0.0843357 0 8.5 0.345098 0.5 0 0
5880 0.0833127 0 8.5 0.341176 0.5 0 0
5890 0.0833127 0 8.5 0.341176 0.5 0 0
5900 0.0826285 0 8.5 0.341176 0.5 0 0
5910 0.0826285 0 8.5 0.341176 0.5 0 0
5920 0.0822737 0 8.5 0.337255 0.5 0 0
5930 0.0822737 0 8.5 0.337255 0.5 0 0
5940 0.0819219 0 8.5 0.337255 0.5 0 0
5950 0.0819219 0 8.5 0.337255 0.5 0 0
5960 0.0810401 0 8.5 0.337255 0.5 0 0
5970 0.0810401 0 8.5 0.337255 0.5 0 0
5980 0.0802801 0 8.5 0.337255 0.5 0 0
5990 0.0802801 0 8.5 0.341176 0.5 0 0
6000 0.0798042 0 8.5 0.337255 0.5 0 0
6010 0.0798042 0 8.5 0.337255 0.5 0 0
6020 0.0798026 0 8.5 0.337255 0.5 0 0
6030 0.0798026 0 8.5 0.341176 0.5 0 0
6040 0.0798026 0 8.5 0.337255 0.5 0 0
6050 0.0798026 0 8.5 0.341176 0.5 0 0
6060 0.0798026 0 8.5 0.337255 0.5 0 0
6070 0.0798026 0 8.5 0.341176 0.5 0 0
6080 0.0798026 0 8.5 0.341176 0.5 0 0
6090 0.0798026 0 8.5 0.337255 0.5 0 0
6100 0.0798026 0 8.5 0.337255 0.5 0 0
6110 0.0798026 0 8.5 0.337255 0.5 0 0
6120 0.0798026 0 8.5 0.341176 0.5 0 0
6130 0.0798026 0 8.5 0.337255 0.5 0 0
6140 0.0798026 0 8.5 0.341176 0.5 0 0
6150 0.0798026 0 8.5 0.337255 0.5 0 0
6160 0.0798026 0 8.5 0.337255 0.5 0 0
6170 0.0798026 0 8.5 0.341176 0.5 0 0
6180 0.0798026 0 8.5 0.337255 0.5 0 0
6190 0.0798026 0 8.5 0.337255 0.5 0 0
6200 0.0798026 0 8.5 0.337255 0.5 0 0
6210 0.0798026 0 8.5 0.337255 0.5 0 0
6220 0.0798026 0 8.5 0.337255 0.5 0 0
6230 0.0798026 0 8.5 0.337255 0.5 0 0
6240 0.0798026 0 8.5 0.337255 0.5 0 0
6250 0.0798026 0 8.5 0.341176 0.5 0 0
6260 0.0798026 0 8.5 0.341176 0.5 0 0
6270 0.0798026 0 8.5 0.337255 0.5 0 0
6280 0.0798026 0 8.5 0.337255 0.5 0 0
6290 0.0798026 0 8.5 0.337255 0.5 0 0
6300 0.0798026 0 8.5 0.337255 0.5 0 0
6310 0.0798026 0 8.5 0.341176 0.5 0 0
6320 0.0798026 0 8.5 0.341176 0.5 0 0
6330 0.0798026 0 8.5 0.341176 0.5 0 0
6340 0.0798026 0 8.5 0.337255 0.5 0 0
6350 0.0798026 0 8.5 0.337255 0.5 0 0
6360 0.0798026 0 8.5 0.337255 0.5 0 0
6370 0.0798026 0 8.5 0.337255 0.5 0 0
6380 0.0798026 0 8.5 0.337255 0.5 0 0
6390 0.0798026 0 8.5 0.341176 0.5 0 0
6400 0.0807447 0 8.5 0.341176 0.5 0 0
6410 0.0807447 0 8.5 0.341176 0.5 0 0
6420 0.0814476 0 8.5 0.341176 0.5 0 0
6430 0.0814476 0 8.5 0.341176 0.5 0 0
6440 0.0816652 0 8.5 0.345098 0.5 0 0
6450 0.0816652 0 8.5 0.345098 0.5 0 0
6460 0.0819637 0 8.5 0.345098 0.5 0 0
6470 0.0819637 0 8.5 0.345098 0.5 0 0
6480 0.0820014 0 8.5 0.345098 0.5 0 0
6490 0.0820014 0 8.5 0.345098 0.5 0 0
6500 0.0818216 0 8.5 0.345098 0.5 0 0
6510 0.0818216 0 8.5 0.341176 0.5 0 0
6520 0.0817242 0 8.5 0.341176 0.5 0 0
6530 0.0817242 0 8.5 0.341176 0.5 0 0
6540 0.0815249 0 8.5 0.345098 0.5 0 0
6550 0.0815249 0 8.5 0.34902 0.5 0 0
6560 0.0814359 0 8.5 0.352941 0.5 0 0
6570 0.0814359 0 8.5 0.352941 0.5 0 0
6580 0.0811031 0 8.5 0.352941 0.5 0 0
6590 0.0811031 0 8.5 0.345098 0.5 0 0
6600 0.0801543 0 8.5 0.341176 0.5 0 0
6610 0.0801543 0 8.5 0.333333 0.5 0 0
6620 0.0790784 0 8.5 0.333333 0.5 0 0
6630 0.0790784 0 8.5 0.333333 0.5 0 0
6640 0.077861 0 8.5 0.333333 0.5 0 0
6650 0.077861 0 8.5 0.333333 0.5 0 0
6660 0.0763855 0 8.5 0.333333 0.5 0 0
6670 0.0763855 0 8.5 0.333333 0.5 0 0
6680 0.0758215 0 8.5 0.333333 0.5 0 0
6690 0.0758215 0 8.5 0.333333 0.5 0 0
6700 0.075978 0 8.5 0.333333 0.5 0 0
6710 0.075978 0 8.5 0.333333 0.5 0 0
6720 0.0762566 0 8.5 0.333333 0.5 0 0
6730 0.0762566 0 8.5 0.333333 0.5 0 0
6740 0.0762548 0 8.5 0.333333 0.5 0 0
6750 0.0762548 0 8.5 0.333333 0.5 0 0
6760 0.0762548 0 8.5 0.333333 0.5 0 0
6770 0.0762548 0 8.5 0.329412 0.5 0 0
6780 0.0767065 0 8.5 0.329412 0.5 0 0
6790 0.0767065 0 8.5 0.333333 0.5 0 0
6800 0.0771933 0 8.5 0.333333 0.5 0 0
6810 0.0771933 0 8.5 0.337255 0.5 0 0
6820 0.0773733 0 8.5 0.337255 0.5 0 0
6830 0.0773733 0 8.5 0.337255 0.5 0 0
6840 0.0773592 0 8.5 0.337255 0.5 0 0
6850 0.0773592 0 8.5 0.337255 0.5 0 0
6860 0.0770584 0 8.5 0.337255 0.5 0 0
6870 0.0770584 0 8.5 0.329412 0.5 0 0
6880 0.0756285 0 8.5 0.321569 0.5 0 0
6890 0.0756285 0 8.5 0.321569 0.5 0 0
6900 0.074833 0 8.5 0.32549 0.5 0 0
6910 0.074833 0 8.5 0.32549 0.5 0 0
6920 0.0748065 0 8.5 0.32549 0.5 0 0
6930 0.0748065 0 8.5 0.32549 0.5 0 0
6940 0.0748065 0 8.5 0.32549 0.5 0 0
6950 0.0748065 0 8.5 0.32549 0.5 0 0
6960 0.0742585 0 8.5 0.32549 0.5 0 0
6970 0.0742585 0 8.5 0.32549 0.5 0 0
6980 0.07406 0 8.5 0.329412 0.5 0 0
6990 0.07406 0 8.5 0.32549 0.5 0 0
7000 0.0737711 0 8.5 0.329412 0.5 0 0
7010 0.0737711 0 8.5 0.32549 0.5 0 0
7020 0.0737609 0 8.5 0.329412 0.5 0 0
7030 0.0737609 0 8.5 0.329412 0.5 0 0
7040 0.0737609 0 8.5 0.32549 0.5 0 0
7050 0.0737609 0 8.5 0.32549 0.5 0 0
7060 0.0738396 0 8.5 0.32549 0.5 0 0
7070 0.0738396 0 8.5 0.32549 0.5 0 0
7080 0.07384 0 8.5 0.32549 0.5 0 0
7090 0.07384 0 8.5 0.329412 0.5 0 0
7100 0.0742268 0 8.5 0.329412 0.5 0 0
7110 0.0742268 0 8.5 0.329412 0.5 0 0
7120 0.0749403 0 8.5 0.32549 0.5 0 0
7130 0.0749403 0 8.5 0.32549 0.5 0 0
7140 0.0759055 0 8.5 0.329412 0.5 0 0
7150 0.0759055 0 8.5 0.333333 0.5 0 0
7160 0.07677 0 8.5 0.333333 0.5 0 0
7170 0.07677 0 8.5 0.333333 0.5 0 0
7180 0.0768192 0 8.5 0.333333 0.5 0 0
7190 0.0768192 0 8.5 0.333333 0.5 0 0
7200 0.0768192 0 8.5 0.333333 0.5 0 0
7210 0.0768192 0 8.5 0.333333 0.5 0 0
7220 0.0768218 0 8.5 0.333333 0.5 0 0
7230 0.0768218 0 8.5 0.333333 0.5 0 0
7240 0.0767093 0 8.5 0.329412 0.5 0 0
7250 0.0767093 0 8.5 0.329412 0.5 0 0
7260 0.0759409 0 8.5 0.321569 0.5 0 0
7270 0.0759409 0 8.5 0.321569 0.5 0 0
7280 0.0741858 0 8.5 0.32549 0.5 0 0
7290 0.0741858 0 8.5 0.32549 0.5 0 0
7300 0.0739378 0 8.5 0.329412 0.5 0 0
7310 0.0739378 0 8.5 0.32549 0.5 0 0
7320 0.0739378 0 8.5 0.329412 0.5 0 0
7330 0.0739378 0 8.5 0.32549 0.5 0 0
7340 0.0738156 0 8.5 0.32549 0.5 0 0
7350 0.0738156 0 8.5 0.329412 0.5 0 0
7360 0.073269 0 8.5 0.32549 0.5 0 0
7370 0.073269 0 8.5 0.329412 0.5 0 0
7380 0.0731991 0 8.5 0.32549 0.5 0 0
7390 0.0731991 0 8.5 0.329412 0.5 0 0
7400 0.0731753 0 8.5 0.329412 0.5 0 0
7410 0.0731753 0 8.5 0.329412 0.5 0 0
7420 0.0731358 0 8.5 0.32549 0.5 0 0
7430 0.0731358 0 8.5 0.329412 0.5 0 0
7440 0.0731358 0 8.5 0.329412 0.5 0 0
7450 0.0731358 0 8.5 0.329412 0.5 0 0
7460 0.0731358 0 8.5 0.329412 0.5 0 0
7470 0.0731358 0 8.5 0.32549 0.5 0 0
7480 0.0731358 0 8.5 0.32549 0.5 0 0
7490 0.0731358 0 8.5 0.32549 0.5 0 0
7500 0.0731333 0 8.5 0.32549 0.5 0 0
7510 0.0731333 0 8.5 0.32549 0.5 0 0
7520 0.0731333 0 8.5 0.329412 0.5 0 0
7530 0.0731333 0 8.5 0.329412 0.5 0 0
7540 0.0731333 0 8.5 0.32549 0.5 0 0
7550 0.0731333 0 8.5 0.329412 0.5 0 0
7560 0.0731333 0 8.5 0.329412 0.5 0 0
7570 0.0731333 0 8.5 0.329412 0.5 0 0
7580 0.0731333 0 8.5 0.329412 0.5 0 0
7590 0.0731333 0 8.5 0.329412 0.5 0 0
7600 0.0731333 0 8.5 0.329412 0.5 0 0
7610 0.0731333 0 8.5 0.329412 0.5 0 0
7620 0.0731333 0 8.5 0.329412 0.5 0 0
7630 0.0731333 0 8.5 0.32549 0.5 0 0
7640 0.0731333 0 8.5 0.329412 0.5 0 0
7650 0.0731333 0 8.5 0.32549 0.5 0 0
7660 0.0731333 0 8.5 0.329412 0.5 0 0
7670 0.0731333 0 8.5 0.329412 0.5 0 0
7680 0.0731333 0 8.5 0.329412 0.5 0 0
7690 0.0731333 0 8.5 0.32549 0.5 0 0
7700 0.0731534 0 8.5 0.32549 0.5 0 0
7710 0.0731534 0 8.5 0.32549 0.5 0 0
7720 0.0731702 0 8.5 0.329412 0.5 0 0
7730 0.0731702 0 8.5 0.329412 0.5 0 0
7740 0.0735473 0 8.5 0.329412 0.5 0 0
7750 0.0735473 0 8.5 0.329412 0.5 0 0
7760 0.0741454 0 8.5 0.329412 0.5 0 0
7770 0.0741454 0 8.5 0.329412 0.5 0 0
7780 0.074266 0 8.5 0.329412 0.5 0 0
7790 0.074266 0 8.5 0.32549 0.5 0 0
7800 0.0747376 0 8.5 0.32549 0.5 0 0
7810 0.0747376 0 8.5 0.32549 0.5 0 0
7820 0.0755015 0 8.5 0.329412 0.5 0 0
7830 0.0755015 0 8.5 0.329412 0.5 0 0
7840 0.075792 0 8.5 0.329412 0.5 0 0
7850 0.075792 0 8.5 0.329412 0.5 0 0
7860 0.0758055 0 8.5 0.333333 0.5 0 0
7870 0.0758055 0 8.5 0.333333 0.5 0 0
7880 0.0756779 0 8.5 0.333333 0.5 0 0
7890 0.0756779 0 8.5 0.333333 0.5 0 0
7900 0.0751528 0 8.5 0.32549 0.5 0 0
7910 0.0751528 0 8.5 0.329412 0.5 0 0
7920 0.0749422 0 8.5 0.321569 0.5 0 0
7930 0.0749422 0 8.5 0.317647 0.5 0 0
7940 0.0739558 0 8.5 0.317647 0.5 0 0
7950 0.0739558 0 8.5 0.317647 0.5 0 0
7960 0.0732337 0 8.5 0.321569 0.5 0 0
7970 0.0732337 0 8.5 0.329412 0.5 0 0
7980 0.0730361 0 8.5 0.321569 0.5 0 0
7990 0.0730361 0 8.5 0.32549 0.5 0 0
8000 0.0723424 0 8.5 0.32549 0.5 0 0
8010 0.0723424 0 8.5 0.321569 0.5 0 0
8020 0.0710302 0 8.5 0.321569 0.5 0 0
8030 0.0710302 0 8.5 0.32549 0.5 0 0
8040 0.0706969 0 8.5 0.32549 0.5 0 0
8050 0.0706969 0 8.5 0.32549 0.5 0 0
8060 0.0706133 0 8.5 0.32549 0.5 0 0
8070 0.0706133 0 8.5 0.321569 0.5 0 0
8080 0.0708138 0 8.5 0.321569 0.5 0 0
8090 0.0708138 0 8.5 0.317647 0.5 0 0
8100 0.0715865 0 8.5 0.317647 0.5 0 0
8110 0.0715865 0 8.5 0.317647 0.5 0 0
8120 0.0722738 0 8.5 0.321569 0.5 0 0
8130 0.0722738 0 8.5 0.32549 0.5 0 0
8140 0.0726143 0 8.5 0.32549 0.5 0 0
8150 0.0726143 0 8.5 0.32549 0.5 0 0
8160 0.0726168 0 8.5 0.32549 0.5 0 0
8170 0.0726168 0 8.5 0.32549 0.5 0 0
8180 0.0726168 0 8.5 0.32549 0.5 0 0
8190 0.0726168 0 8.5 0.32549 0.5 0 0
8200 0.0722505 0 8.5 0.321569 0.5 0 0
8210 0.0722505 0 8.5 0.313725 0.5 0 0
8220 0.0714111 0 8.5 0.309804 0.5 0 0
8230 0.0714111 0 8.5 0.309804 0.5 0 0
8240 0.0701422 0 8.5 0.309804 0.5 0 0
8250 0.0701422 0 8.5 0.309804 0.5 0 0
8260 0.0698606 0 8.5 0.309804 0.5 0 0
8270 0.0698606 0 8.5 0.309804 0.5 0 0
8280 0.0698604 0 8.5 0.309804 0.5 0 0
8290 0.0698604 0 8.5 0.313725 0.5 0 0
8300 0.069487 0 8.5 0.313725 0.5 0 0
8310 0.069487 0 8.5 0.313725 0.5 0 0
8320 0.0694644 0 8.5 0.309804 0.5 0 0
8330 0.0694644 0 8.5 0.309804 0.5 0 0
8340 0.0694644 0 8.5 0.309804 0.5 0 0
8350 0.0694644 0 8.5 0.309804 0.5 0 0
8360 0.0694644 0 8.5 0.309804 0.5 0 0
8370 0.0694644 0 8.5 0.309804 0.5 0 0
8380 0.0694681 0 8.5 0.309804 0.5 0 0
8390 0.0694681 0 8.5 0.313725 0.5 0 0
8400 0.0697524 0 8.5 0.309804 0.5 0 0
8410 0.0697524 0 8.5 0.313725 0.5 0 0
8420 0.0699049 0 8.5 0.313725 0.5 0 0
8430 0.0699049 0 8.5 0.313725 0.5 0 0
8440 0.0710672 0 8.5 0.313725 0.5 0 0
8450 0.0710672 0 8.5 0.313725 0.5 0 0
8460 0.0714268 0 8.5 0.317647 0.5 0 0
8470 0.0714268 0 8.5 0.313725 0.5 0 0
8480 0.0717817 0 8.5 0.313725 0.5 0 0
8490 0.0717817 0 8.5 0.317647 0.5 0 0
8500 0.0721902 0 8.5 0.317647 0.5 0 0
8510 0.0721902 0 8.5 0.317647 0.5 0 0
8520 0.0722604 0 8.5 0.321569 0.5 0 0
8530 0.0722604 0 8.5 0.317647 0.5 0 0
8540 0.0722687 0 8.5 0.321569 0.5 0 0
8550 0.0722687 0 8.5 0.32549 0.5 0 0
8560 0.0720078 0 8.5 0.329412 0.5 0 0
8570 0.0720078 0 8.5 0.333333 0.5 0 0
8580 0.0716666 0 8.5 0.337255 0.5 0 0
8590 0.0716666 0 8.5 0.333333 0.5 0 0
8600 0.0711181 0 8.5 0.329412 0.5 0 0
8610 0.0711181 0 8.5 0.32549 0.5 0 0
8620 0.0697922 0 8.5 0.309804 0.5 0 0
8630 0.0697922 0 8.5 0.305882 0.5 0 0
8640 0.0681977 0 8.5 0.305882 0.5 0 0
8650 0.0681977 0 8.5 0.305882 0.5 0 0
8660 0.0676314 0 8.5 0.305882 0.5 0 0
8670 0.0676314 0 8.5 0.305882 0.5 0 0
8680 0.0674022 0 8.5 0.305882 0.5 0 0
8690 0.0674022 0 8.5 0.305882 0.5 0 0
8700 0.0669305 0 8.5 0.305882 0.5 0 0
8710 0.0669305 0 8.5 0.305882 0.5 0 0
8720 0.066695 0 8.5 0.305882 0.5 0 0
8730 0.066695 0 8.5 0.305882 0.5 0 0
8740 0.0662583 0 8.5 0.305882 0.5 0 0
8750 0.0662583 0 8.5 0.305882 0.5 0 0
8760 0.0662274 0 8.5 0.305882 0.5 0 0
8770 0.0662274 0 8.5 0.305882 0.5 0 0
8780 0.0662274 0 8.5 0.305882 0.5 0 0
8790 0.0662274 0 8.5 0.305882 0.5 0 0
8800 0.0662274 0 8.5 0.305882 0.5 0 0
8810 0.0662274 0 8.5 0.305882 0.5 0 0
8820 0.0662274 0 8.5 0.305882 0.5 0 0
8830 0.0662274 0 8.5 0.305882 0.5 0 0
8840 0.0662274 0 8.5 0.305882 0.5 0 0
8850 0.0662274 0 8.5 0.305882 0.5 0 0
8860 0.0662274 0 8.5 0.305882 0.5 0 0
8870 0.0662274 0 8.5 0.305882 0.5 0 0
8880 0.0662274 0 8.5 0.305882 0.5 0 0
8890 0.0662274 0 8.5 0.305882 0.5 0 0
8900 0.0662274 0 8.5 0.305882 0.5 0 0
8910 0.0662274 0 8.5 0.305882 0.5 0 0
8920 0.0662274 0 8.5 0.305882 0.5 0 0
8930 0.0662274 0 8.5 0.305882 0.5 0 0
8940 0.0662274 0 8.5 0.305882 0.5 0 0
8950 0.0662274 0 8.5 0.305882 0.5 0 0
8960 0.0662274 0 8.5 0.305882 0.5 0 0
8970 0.0662274 0 8.5 0.305882 0.5 0 0
8980 0.0662274 0 8.5 0.305882 0.5 0 0
8990 0.0662274 0 8.5 0.305882 0.5 0 0
9000 0.0662274 0 8.5 0.305882 0.5 0 0
9010 0.0662274 0 8.5 0.305882 0.5 0 0
9020 0.0663428 0 8.5 0.305882 0.5 0 0
9030 0.0663428 0 8.5 0.305882 0.5 0 0
9040 0.0672945 0 8.5 0.305882 0.5 0 0
9050 0.0672945 0 8.5 0.305882 0.5 0 0
9060 0.0678862 0 8.5 0.309804 0.5 0 0
9070 0.0678862 0 8.5 0.309804 0.5 0 0
9080 0.0682694 0 8.5 0.305882 0.5 0 0
9090 0.0682694 0 8.5 0.305882 0.5 0 0
9100 0.068569 0 8.5 0.305882 0.5 0 0
9110 0.068569 0 8.5 0.305882 0.5 0 0
9120 0.0691576 0 8.5 0.305882 0.5 0 0
9130 0.0691576 0 8.5 0.309804 0.5 0 0
9140 0.069895 0 8.5 0.313725 0.5 0 0
9150 0.069895 0 8.5 0.317647 0.5 0 0
9160 0.0700305 0 8.5 0.317647 0.5 0 0
9170 0.0700305 0 8.5 0.313725 0.5 0 0
9180 0.0700305 0 8.5 0.313725 0.5 0 0
9190 0.0700305 0 8.5 0.317647 0.5 0 0
9200 0.0698876 0 8.5 0.317647 0.5 0 0
9210 0.0698876 0 8.5 0.317647 0.5 0 0
9220 0.0695534 0 8.5 0.313725 0.5 0 0
9230 0.0695534 0 8.5 0.309804 0.5 0 0
9240 0.068207 0 8.5 0.301961 0.5 0 0
9250 0.068207 0 8.5 0.290196 0.5 0 0
9260 0.0671145 0 8.5 0.298039 0.5 0 0
9270 0.0671145 0 8.5 0.301961 0.5 0 0
9280 0.0666472 0 8.5 0.305882 0.5 0 0
9290 0.0666472 0 8.5 0.313725 0.5 0 0
9300 0.0663631 0 8.5 0.298039 0.5 0 0
9310 0.0663631 0 8.5 0.298039 0.5 0 0
9320 0.0665088 0 8.5 0.305882 0.5 0 0
9330 0.0665088 0 8.5 0.298039 0.5 0 0
9340 0.0662019 0 8.5 0.298039 0.5 0 0
9350 0.0662019 0 8.5 0.301961 0.5 0 0
9360 0.0659333 0 8.5 0.301961 0.5 0 0
9370 0.0659333 0 8.5 0.298039 0.5 0 0
9380 0.0660028 0 8.5 0.298039 0.5 0 0
9390 0.0660028 0 8.5 0.301961 0.5 0 0
9400 0.0665385 0 8.5 0.301961 0.5 0 0
9410 0.0665385 0 8.5 0.301961 0.5 0 0
9420 0.0668376 0 8.5 0.305882 0.5 0 0
9430 0.0668376 0 8.5 0.305882 0.5 0 0
9440 0.0667946 0 8.5 0.305882 0.5 0 0
9450 0.0667946 0 8.5 0.305882 0.5 0 0
9460 0.0667629 0 8.5 0.309804 0.5 0 0
9470 0.0667629 0 8.5 0.313725 0.5 0 0
9480 0.0665605 0 8.5 0.321569 0.5 0 0
9490 0.0665605 0 8.5 0.321569 0.5 0 0
9500 0.0662489 0 8.5 0.321569 0.5 0 0
9510 0.0662489 0 8.5 0.321569 0.5 0 0
9520 0.0656676 0 8.5 0.313725 0.5 0 0
9530 0.0656676 0 8.5 0.298039 0.5 0 0
9540 0.0641108 0 8.5 0.286275 0.5 0 0
9550 0.0641108 0 8.5 0.282353 0.5 0 0
9560 0.0629621 0 8.5 0.286275 0.5 0 0
9570 0.0629621 0 8.5 0.286275 0.5 0 0
9580 0.0628016 0 8.5 0.286275 0.5 0 0
9590 0.0628016 0 8.5 0.286275 0.5 0 0
9600 0.0628016 0 8.5 0.290196 0.5 0 0
9610 0.0628016 0 8.5 0.290196 0.5 0 0
9620 0.0624585 0 8.5 0.286275 0.5 0 0
9630 0.0624585 0 8.5 0.286275 0.5 0 0
9640 0.0619832 0 8.5 0.286275 0.5 0 0
9650 0.0619832 0 8.5 0.286275 0.5 0 0
9660 0.061994 0 8.5 0.290196 0.5 0 0
9670 0.061994 0 8.5 0.290196 0.5 0 0
9680 0.0629746 0 8.5 0.290196 0.5 0 0
9690 0.0629746 0 8.5 0.286275 0.5 0 0
9700 0.0638554 0 8.5 0.286275 0.5 0 0
9710 0.0638554 0 8.5 0.290196 0.5 0 0
9720 0.0652532 0 8.5 0.294118 0.5 0 0
9730 0.0652532 0 8.5 0.298039 0.5 0 0
9740 0.0659616 0 8.5 0.298039 0.5 0 0
9750 0.0659616 0 8.5 0.298039 0.5 0 0
9760 0.0660072 0 8.5 0.298039 0.5 0 0
9770 0.0660072 0 8.5 0.301961 0.5 0 0
9780 0.0662533 0 8.5 0.301961 0.5 0 0
9790 0.0662533 0 8.5 0.301961 0.5 0 0
9800 0.0663228 0 8.5 0.301961 0.5 0 0
9810 0.0663228 0 8.5 0.301961 0.5 0 0
9820 0.0662569 0 8.5 0.301961 0.5 0 0
9830 0.0662569 0 8.5 0.301961 0.5 0 0
9840 0.0658742 0 8.5 0.298039 0.5 0 0
9850 0.0658742 0 8.5 0.290196 0.5 0 0
9860 0.064946 0 8.5 0.294118 0.5 0 0
9870 0.064946 0 8.5 0.298039 0.5 0 0
9880 0.0645184 0 8.5 0.298039 0.5 0 0
9890 0.0645184 0 8.5 0.301961 0.5 0 0
9900 0.0643835 0 8.5 0.298039 0.5 0 0
9910 0.0643835 0 8.5 0.298039 0.5 0 0
9920 0.0634885 0 8.5 0.294118 0.5 0 0
9930 0.0634885 0 8.5 0.286275 0.5 0 0
9940 0.0618746 0 8.5 0.294118 0.5 0 0
9950 0.0618746 0 8.5 0.32549 0.5 0 0
9960 0.0615574 0 8.5 0.313725 0.5 0 0
9970 0.0615574 0 8.5 0.309804 0.5 0 0
9980 0.0611142 0 8.5 0.309804 0.5 0 0
9990 0.0611142 0 8.5 0.309804 0.5 0 0
10000 0.0601761 0 8.5 0.333333 0.5 0 0
10010 0.0601761 0 8.5 0.32549 0.5 0 0
10020 0.0594259 0 8.5 0.32549 0.5 0 0
10030 0.0594259 0 8.5 0.333333 0.5 0 0
10040 0.0591225 0 8.5 0.32549 0.5 0 0
10050 0.0591225 0 8.5 0.309804 0.5 0 0
10060 0.0591224 0 8.5 0.32549 0.5 0 0
10070 0.0591224 0 8.5 0.329412 0.5 0 0
10080 0.0591224 0 8.5 0.321569 0.5 0 0
10090 0.0591224 0 8.5 0.32549 0.5 0 0
10100 0.0591224 0 8.5 0.321569 0.5 0 0
10110 0.0591224 0 8.5 0.313725 0.5 0 0
10120 0.0591224 0 8.5 0.309804 0.5 0 0
10130 0.0591224 0 8.5 0.32549 0.5 0 0
10140 0.0591224 0 8.5 0.333333 0.5 0 0
10150 0.0591224 0 8.5 0.321569 0.5 0 0
10160 0.0591224 0 8.5 0.317647 0.5 0 0
10170 0.0591224 0 8.5 0.321569 0.5 0 0
10180 0.0591224 0 8.5 0.321569 0.5 0 0
10190 0.0591224 0 8.5 0.329412 0.5 0 0
10200 0.0591224 0 8.5 0.309804 0.5 0 0
10210 0.0591224 0 8.5 0.317647 0.5 0 0
10220 0.0591224 0 8.5 0.317647 0.5 0 0
10230 0.0591224 0 8.5 0.321569 0.5 0 0
10240 0.0591224 0 8.5 0.321569 0.5 0 0
10250 0.0591224 0 8.5 0.305882 0.5 0 0
10260 0.0591224 0 8.5 0.32549 0.5 0 0
10270 0.0591224 0 8.5 0.321569 0.5 0 0
10280 0.0591469 0 8.5 0.32549 0.5 0 0
10290 0.0591469 0 8.5 0.298039 0.5 0 0
10300 0.0596711 0 8.5 0.301961 0.5 0 0
10310 0.0596711 0 8.5 0.286275 0.5 0 0
10320 0.0605313 0 8.5 0.290196 0.5 0 0
10330 0.0605313 0 8.5 0.290196 0.5 0 0
10340 0.0615742 0 8.5 0.290196 0.5 0 0
10350 0.0615742 0 8.5 0.286275 0.5 0 0
10360 0.0624078 0 8.5 0.286275 0.5 0 0
10370 0.0624078 0 8.5 0.286275 0.5 0 0
10380 0.0630065 0 8.5 0.286275 0.5 0 0
10390 0.0630065 0 8.5 0.290196 0.5 0 0
10400 0.0634343 0 8.5 0.294118 0.5 0 0
10410 0.0634343 0 8.5 0.294118 0.5 0 0
10420 0.0634898 0 8.5 0.294118 0.5 0 0
10430 0.0634898 0 8.5 0.298039 0.5 0 0
10440 0.0636268 0 8.5 0.301961 0.5 0 0
10450 0.0636268 0 8.5 0.309804 0.5 0 0
10460 0.0634638 0 8.5 0.309804 0.5 0 0
10470 0.0634638 0 8.5 0.321569 0.5 0 0
10480 0.0632267 0 8.5 0.317647 0.5 0 0
10490 0.0632267 0 8.5 0.313725 0.5 0 0
10500 0.0622769 0 8.5 0.298039 0.5 0 0
10510 0.0622769 0 8.5 0.282353 0.5 0 0
10520 0.0608793 0 8.5 0.266667 0.5 0 0
10530 0.0608793 0 8.5 0.27451 0.5 0 0
10540 0.059956 0 8.5 0.27451 0.5 0 0
10550 0.059956 0 8.5 0.27451 0.5 0 0
10560 0.0597815 0 8.5 0.27451 0.5 0 0
10570 0.0597815 0 8.5 0.27451 0.5 0 0
10580 0.0596101 0 8.5 0.27451 0.5 0 0
10590 0.0596101 0 8.5 0.278431 0.5 0 0
10600 0.0597466 0 8.5 0.278431 0.5 0 0
10610 0.0597466 0 8.5 0.27451 0.5 0 0
10620 0.059694 0 8.5 0.270588 0.5 0 0
10630 0.059694 0 8.5 0.270588 0.5 0 0
10640 0.0590398 0 8.5 0.27451 0.5 0 0
10650 0.0590398 0 8.5 0.282353 0.5 0 0
10660 0.0593149 0 8.5 0.286275 0.5 0 0
10670 0.0593149 0 8.5 0.286275 0.5 0 0
10680 0.0593 0 8.5 0.286275 0.5 0 0
10690 0.0593 0 8.5 0.286275 0.5 0 0
10700 0.0593 0 8.5 0.290196 0.5 0 0
10710 0.0593 0 8.5 0.286275 0.5 0 0
10720 0.0593 0 8.5 0.286275 0.5 0 0
10730 0.0593 0 8.5 0.282353 0.5 0 0
10740 0.0586909 0 8.5 0.270588 0.5 0 0
10750 0.0586909 0 8.5 0.258824 0.5 0 0
10760 0.0577849 0 8.5 0.266667 0.5 0 0
10770 0.0577849 0 8.5 0.266667 0.5 0 0
10780 0.0576291 0 8.5 0.266667 0.5 0 0
10790 0.0576291 0 8.5 0.266667 0.5 0 0
10800 0.0576291 0 8.5 0.266667 0.5 0 0
10810 0.0576291 0 8.5 0.266667 0.5 0 0
10820 0.0576291 0 8.5 0.266667 0.5 0 0
10830 0.0576291 0 8.5 0.262745 0.5 0 0
10840 0.0573732 0 8.5 0.266667 0.5 0 0
10850 0.0573732 0 8.5 0.266667 0.5 0 0
10860 0.057151 0 8.5 0.262745 0.5 0 0
10870 0.057151 0 8.5 0.262745 0.5 0 0
10880 0.0571401 0 8.5 0.262745 0.5 0 0
10890 0.0571401 0 8.5 0.266667 0.5 0 0
10900 0.0571401 0 8.5 0.266667 0.5 0 0
10910 0.0571401 0 8.5 0.266667 0.5 0 0
10920 0.0571401 0 8.5 0.266667 0.5 0 0
10930 0.0571401 0 8.5 0.266667 0.5 0 0
10940 0.057289 0 8.5 0.266667 0.5 0 0
10950 0.057289 0 8.5 0.266667 0.5 0 0
10960 0.0579427 0 8.5 0.266667 0.5 0 0
10970 0.0579427 0 8.5 0.266667 0.5 0 0
10980 0.0586327 0 8.5 0.266667 0.5 0 0
10990 0.0586327 0 8.5 0.262745 0.5 0 0
11000 0.0591831 0 8.5 0.262745 0.5 0 0
11010 0.0591831 0 8.5 0.270588 0.5 0 0
11020 0.0595181 0 8.5 0.270588 0.5 0 0
11030 0.0595181 0 8.5 0.270588 0.5 0 0
11040 0.0595815 0 8.5 0.27451 0.5 0 0
11050 0.0595815 0 8.5 0.27451 0.5 0 0
11060 0.0594863 0 8.5 0.27451 0.5 0 0
11070 0.0594863 0 8.5 0.270588 0.5 0 0
11080 0.0590515 0 8.5 0.278431 0.5 0 0
11090 0.0590515 0 8.5 0.278431 0.5 0 0
11100 0.0584301 0 8.5 0.286275 0.5 0 0
11110 0.0584301 0 8.5 0.282353 0.5 0 0
11120 0.0580513 0 8.5 0.298039 0.5 0 0
11130 0.0580513 0 8.5 0.301961 0.5 0 0
11140 0.0575641 0 8.5 0.278431 0.5 0 0
11150 0.0575641 0 8.5 0.266667 0.5 0 0
11160 0.056357 0 8.5 0.247059 0.5 0 0
11170 0.056357 0 8.5 0.247059 0.5 0 0
11180 0.0553018 0 8.5 0.247059 0.5 0 0
11190 0.0553018 0 8.5 0.25098 0.5 0 0
11200 0.0550469 0 8.5 0.247059 0.5 0 0
11210 0.0550469 0 8.5 0.247059 0.5 0 0
11220 0.0550465 0 8.5 0.25098 0.5 0 0
11230 0.0550465 0 8.5 0.25098 0.5 0 0
11240 0.0547167 0 8.5 0.25098 0.5 0 0
11250 0.0547167 0 8.5 0.25098 0.5 0 0
11260 0.0545635 0 8.5 0.25098 0.5 0 0
11270 0.0545635 0 8.5 0.25098 0.5 0 0
11280 0.0545634 0 8.5 0.25098 0.5 0 0
11290 0.0545634 0 8.5 0.25098 0.5 0 0
11300 0.0545634 0 8.5 0.25098 0.5 0 0
11310 0.0545634 0 8.5 0.25098 0.5 0 0
11320 0.0545634 0 8.5 0.25098 0.5 0 0
11330 0.0545634 0 8.5 0.247059 0.5 0 0
11340 0.0545634 0 8.5 0.25098 0.5 0 0
11350 0.0545634 0 8.5 0.247059 0.5 0 0
11360 0.0545634 0 8.5 0.25098 0.5 0 0
11370 0.0545634 0 8.5 0.247059 0.5 0 0
11380 0.0545634 0 8.5 0.25098 0.5 0 0
11390 0.0545634 0 8.5 0.25098 0.5 0 0
11400 0.0545634 0 8.5 0.25098 0.5 0 0
11410 0.0545634 0 8.5 0.247059 0.5 0 0
11420 0.0545634 0 8.5 0.247059 0.5 0 0
11430 0.0545634 0 8.5 0.25098 0.5 0 0
11440 0.0545634 0 8.5 0.247059 0.5 0 0
11450 0.0545634 0 8.5 0.25098 0.5 0 0
11460 0.0545634 0 8.5 0.25098 0.5 0 0
11470 0.0545634 0 8.5 0.25098 0.5 0 0
11480 0.0545634 0 8.5 0.247059 0.5 0 0
11490 0.0545634 0 8.5 0.247059 0.5 0 0
11500 0.0545634 0 8.5 0.25098 0.5 0 0
11510 0.0545634 0 8.5 0.25098 0.5 0 0
11520 0.0545724 0 8.5 0.25098 0.5 0 0
11530 0.0545724 0 8.5 0.247059 0.5 0 0
11540 0.0548255 0 8.5 0.247059 0.5 0 0
11550 0.0548255 0 8.5 0.25098 0.5 0 0
11560 0.0554174 0 8.5 0.25098 0.5 0 0
11570 0.0554174 0 8.5 0.262745 0.5 0 0
11580 0.0563169 0 8.5 0.27451 0.5 0 0
11590 0.0563169 0 8.5 0.278431 0.5 0 0
11600 0.0563912 0 8.5 0.282353 0.5 0 0
11610 0.0563912 0 8.5 0.278431 0.5 0 0
11620 0.0563912 0 8.5 0.278431 0.5 0 0
11630 0.0563912 0 8.5 0.278431 0.5 0 0
11640 0.0563912 0 8.5 0.27451 0.5 0 0
11650 0.0563912 0 8.5 0.27451 0.5 0 0
11660 0.0563912 0 8.5 0.27451 0.5 0 0
11670 0.0563912 0 8.5 0.278431 0.5 0 0
11680 0.0563912 0 8.5 0.278431 0.5 0 0
11690 0.0563912 0 8.5 0.278431 0.5 0 0
11700 0.0561758 0 8.5 0.27451 0.5 0 0
11710 0.0561758 0 8.5 0.258824 0.5 0 0
11720 0.0553455 0 8.5 0.254902 0.5 0 0
11730 0.0553455 0 8.5 0.243137 0.5 0 0
11740 0.0541304 0 8.5 0.239216 0.5 0 0
11750 0.0541304 0 8.5 0.243137 0.5 0 0
11760 0.0532792 0 8.5 0.239216 0.5 0 0
11770 0.0532792 0 8.5 0.247059 0.5 0 0
11780 0.0525962 0 8.5 0.239216 0.5 0 0
11790 0.0525962 0 8.5 0.227451 0.5 0 0
11800 0.0528499 0 8.5 0.223529 0.5 0 0
11810 0.0528499 0 8.5 0.231373 0.5 0 0
11820 0.0520282 0 8.5 0.227451 0.5 0 0
11830 0.0520282 0 8.5 0.223529 0.5 0 0
11840 0.0511219 0 8.5 0.215686 0.5 0 0
11850 0.0511219 0 8.5 0.215686 0.5 0 0
11860 0.049791 0 8.5 0.211765 0.5 0 0
11870 0.049791 0 8.5 0.215686 0.5 0 0
11880 0.0488975 0 8.5 0.215686 0.5 0 0
11890 0.0488975 0 8.5 0.223529 0.5 0 0
11900 0.0487438 0 8.5 0.227451 0.5 0 0
11910 0.0487438 0 8.5 0.231373 0.5 0 0
11920 0.0483513 0 8.5 0.227451 0.5 0 0
11930 0.0483513 0 8.5 0.223529 0.5 0 0
11940 0.0477654 0 8.5 0.215686 0.5 0 0
11950 0.0477654 0 8.5 0.219608 0.5 0 0
11960 0.0463893 0 8.5 0.219608 0.5 0 0
11970 0.0463893 0 8.5 0.223529 0.5 0 0
11980 0.0452236 0 8.5 0.227451 0.5 0 0
11990 0.0452236 0 8.5 0.219608 0.5 0 0
12000 0.0450195 0 8.5 0.219608 0.5 0 0
12010 0.0450195 0 8.5 0.219608 0.5 0 0
12020 0.044929 0 8.5 0.219608 0.5 0 0
12030 0.044929 0 8.5 0.219608 0.5 0 0
12040 0.044929 0 8.5 0.223529 0.5 0 0
12050 0.044929 0 8.5 0.219608 0.5 0 0
12060 0.044929 0 8.5 0.219608 0.5 0 0
12070 0.044929 0 8.5 0.219608 0.5 0 0
12080 0.044929 0 8.5 0.227451 0.5 0 0
12090 0.044929 0 8.5 0.219608 0.5 0 0
12100 0.0451273 0 8.5 0.219608 0.5 0 0
12110 0.0451273 0 8.5 0.219608 0.5 0 0
12120 0.0454034 0 8.5 0.211765 0.5 0 0
12130 0.0454034 0 8.5 0.207843 0.5 0 0
12140 0.0461585 0 8.5 0.207843 0.5 0 0
12150 0.0461585 0 8.5 0.211765 0.5 0 0
12160 0.0465131 0 8.5 0.219608 0.5 0 0
12170 0.0465131 0 8.5 0.223529 0.5 0 0
12180 0.0465438 0 8.5 0.223529 0.5 0 0
12190 0.0465438 0 8.5 0.223529 0.5 0 0
12200 0.0465438 0 8.5 0.219608 0.5 0 0
12210 0.0465438 0 8.5 0.219608 0.5 0 0
12220 0.0463381 0 8.5 0.215686 0.5 0 0
12230 0.0463381 0 8.5 0.215686 0.5 0 0
12240 0.0453596 0 8.5 0.207843 0.5 0 0
12250 0.0453596 0 8.5 0.203922 0.5 0 0
12260 0.044931 0 8.5 0.207843 0.5 0 0
12270 0.044931 0 8.5 0.207843 0.5 0 0
12280 0.0446606 0 8.5 0.215686 0.5 0 0
12290 0.0446606 0 8.5 0.211765 0.5 0 0
12300 0.0442927 0 8.5 0.211765 0.5 0 0
12310 0.0442927 0 8.5 0.2 0.5 0 0
12320 0.0437051 0 8.5 0.192157 0.5 0 0
12330 0.0437051 0 8.5 0.184314 0.5 0 0
12340 0.0429552 0 8.5 0.184314 0.5 0 0
12350 0.0429552 0 8.5 0.188235 0.5 0 0
12360 0.042562 0 8.5 0.196078 0.5 0 0
12370 0.042562 0 8.5 0.188235 0.5 0 0
12380 0.0425216 0 8.5 0.192157 0.5 0 0
12390 0.0425216 0 8.5 0.196078 0.5 0 0
12400 0.042379 0 8.5 0.188235 0.5 0 0
12410 0.042379 0 8.5 0.188235 0.5 0 0
12420 0.0419669 0 8.5 0.184314 0.5 0 0
12430 0.0419669 0 8.5 0.184314 0.5 0 0
12440 0.0416077 0 8.5 0.184314 0.5 0 0
12450 0.0416077 0 8.5 0.180392 0.5 0 0
12460 0.041538 0 8.5 0.184314 0.5 0 0
12470 0.041538 0 8.5 0.188235 0.5 0 0
12480 0.041538 0 8.5 0.184314 0.5 0 0
12490 0.041538 0 8.5 0.188235 0.5 0 0
12500 0.041538 0 8.5 0.184314 0.5 0 0
12510 0.041538 0 8.5 0.184314 0.5 0 0
12520 0.041538 0 8.5 0.180392 0.5 0 0
12530 0.041538 0 8.5 0.184314 0.5 0 0
12540 0.041538 0 8.5 0.184314 0.5 0 0
12550 0.041538 0 8.5 0.188235 0.5 0 0
12560 0.041538 0 8.5 0.184314 0.5 0 0
12570 0.041538 0 8.5 0.184314 0.5 0 0
12580 0.041538 0 8.5 0.184314 0.5 0 0
12590 0.041538 0 8.5 0.184314 0.5 0 0
12600 0.041538 0 8.5 0.188235 0.5 0 0
12610 0.041538 0 8.5 0.188235 0.5 0 0
12620 0.041538 0 8.5 0.184314 0.5 0 0
12630 0.041538 0 8.5 0.188235 0.5 0 0
12640 0.041538 0 8.5 0.180392 0.5 0 0
12650 0.041538 0 8.5 0.184314 0.5 0 0
12660 0.0415612 0 8.5 0.184314 0.5 0 0
12670 0.0415612 0 8.5 0.176471 0.5 0 0
12680 0.0422392 0 8.5 0.180392 0.5 0 0
12690 0.0422392 0 8.5 0.192157 0.5 0 0
12700 0.042788 0 8.5 0.192157 0.5 0 0
12710 0.042788 0 8.5 0.2 0.5 0 0
12720 0.0427716 0 8.5 0.196078 0.5 0 0
12730 0.0427716 0 8.5 0.196078 0.5 0 0
12740 0.0427696 0 8.5 0.196078 0.5 0 0
12750 0.0427696 0 8.5 0.2 0.5 0 0
12760 0.0427696 0 8.5 0.2 0.5 0 0
12770 0.0427696 0 8.5 0.196078 0.5 0 0
12780 0.042642 0 8.5 0.196078 0.5 0 0
12790 0.042642 0 8.5 0.192157 0.5 0 0
12800 0.0421957 0 8.5 0.188235 0.5 0 0
12810 0.0421957 0 8.5 0.184314 0.5 0 0
12820 0.0418401 0 8.5 0.180392 0.5 0 0
12830 0.0418401 0 8.5 0.176471 0.5 0 0
12840 0.0410452 0 8.5 0.164706 0.5 0 0
12850 0.0410452 0 8.5 0.160784 0.5 0 0
12860 0.040196 0 8.5 0.164706 0.5 0 0
12870 0.040196 0 8.5 0.168627 0.5 0 0
12880 0.0394757 0 8.5 0.168627 0.5 0 0
12890 0.0394757 0 8.5 0.172549 0.5 0 0
12900 0.0390045 0 8.5 0.172549 0.5 0 0
12910 0.0390045 0 8.5 0.172549 0.5 0 0
12920 0.0385611 0 8.5 0.164706 0.5 0 0
12930 0.0385611 0 8.5 0.14902 0.5 0 0
12940 0.0376688 0 8.5 0.14902 0.5 0 0
12950 0.0376688 0 8.5 0.14902 0.5 0 0
12960 0.036609 0 8.5 0.14902 0.5 0 0
12970 0.036609 0 8.5 0.14902 0.5 0 0
12980 0.0354774 0 8.5 0.145098 0.5 0 0
12990 0.0354774 0 8.5 0.14902 0.5 0 0
13000 0.0349224 0 8.5 0.152941 0.5 0 0
13010 0.0349224 0 8.5 0.152941 0.5 0 0
13020 0.0348343 0 8.5 0.156863 0.5 0 0
13030 0.0348343 0 8.5 0.152941 0.5 0 0
13040 0.0348343 0 8.5 0.152941 0.5 0 0
13050 0.0348343 0 8.5 0.156863 0.5 0 0
13060 0.034802 0 8.5 0.152941 0.5 0 0
13070 0.034802 0 8.5 0.156863 0.5 0 0
13080 0.0347074 0 8.5 0.152941 0.5 0 0
13090 0.0347074 0 8.5 0.156863 0.5 0 0
13100 0.0345865 0 8.5 0.152941 0.5 0 0
13110 0.0345865 0 8.5 0.156863 0.5 0 0
13120 0.0345567 0 8.5 0.152941 0.5 0 0
13130 0.0345567 0 8.5 0.152941 0.5 0 0
13140 0.0345979 0 8.5 0.156863 0.5 0 0
13150 0.0345979 0 8.5 0.156863 0.5 0 0
13160 0.034588 0 8.5 0.156863 0.5 0 0
13170 0.034588 0 8.5 0.156863 0.5 0 0
13180 0.0346261 0 8.5 0.14902 0.5 0 0
13190 0.0346261 0 8.5 0.137255 0.5 0 0
13200 0.0347808 0 8.5 0.141176 0.5 0 0
13210 0.0347808 0 8.5 0.141176 0.5 0 0
13220 0.0350128 0 8.5 0.145098 0.5 0 0
13230 0.0350128 0 8.5 0.145098 0.5 0 0
13240 0.0351026 0 8.5 0.14902 0.5 0 0
13250 0.0351026 0 8.5 0.145098 0.5 0 0
13260 0.0350904 0 8.5 0.14902 0.5 0 0
13270 0.0350904 0 8.5 0.145098 0.5 0 0
13280 0.0349679 0 8.5 0.141176 0.5 0 0
13290 0.0349679 0 8.5 0.137255 0.5 0 0
13300 0.0344132 0 8.5 0.145098 0.5 0 0
13310 0.0344132 0 8.5 0.14902 0.5 0 0
13320 0.0341232 0 8.5 0.145098 0.5 0 0
13330 0.0341232 0 8.5 0.14902 0.5 0 0
13340 0.0340185 0 8.5 0.14902 0.5 0 0
13350 0.0340185 0 8.5 0.145098 0.5 0 0
13360 0.0333274 0 8.5 0.129412 0.5 0 0
13370 0.0333274 0 8.5 0.12549 0.5 0 0
13380 0.0324196 0 8.5 0.12549 0.5 0 0
13390 0.0324196 0 8.5 0.129412 0.5 0 0
13400 0.031959 0 8.5 0.129412 0.5 0 0
13410 0.031959 0 8.5 0.129412 0.5 0 0
13420 0.0319347 0 8.5 0.129412 0.5 0 0
13430 0.0319347 0 8.5 0.129412 0.5 0 0
13440 0.0318583 0 8.5 0.129412 0.5 0 0
13450 0.0318583 0 8.5 0.129412 0.5 0 0
13460 0.0315144 0 8.5 0.129412 0.5 0 0
13470 0.0315144 0 8.5 0.129412 0.5 0 0
13480 0.0311895 0 8.5 0.129412 0.5 0 0
13490 0.0311895 0 8.5 0.12549 0.5 0 0
13500 0.0309042 0 8.5 0.129412 0.5 0 0
13510 0.0309042 0 8.5 0.12549 0.5 0 0
13520 0.0308437 0 8.5 0.129412 0.5 0 0
13530 0.0308437 0 8.5 0.12549 0.5 0 0
13540 0.0308437 0 8.5 0.129412 0.5 0 0
13550 0.0308437 0 8.5 0.12549 0.5 0 0
13560 0.0308437 0 8.5 0.129412 0.5 0 0
13570 0.0308437 0 8.5 0.129412 0.5 0 0
13580 0.0308437 0 8.5 0.129412 0.5 0 0
13590 0.0308437 0 8.5 0.12549 0.5 0 0
13600 0.0308437 0 8.5 0.129412 0.5 0 0
13610 0.0308437 0 8.5 0.129412 0.5 0 0
13620 0.0308249 0 8.5 0.129412 0.5 0 0
13630 0.0308249 0 8.5 0.129412 0.5 0 0
13640 0.0309998 0 8.5 0.129412 0.5 0 0
13650 0.0309998 0 8.5 0.133333 0.5 0 0
13660 0.0309995 0 8.5 0.133333 0.5 0 0
13670 0.0309995 0 8.5 0.129412 0.5 0 0
13680 0.0312971 0 8.5 0.12549 0.5 0 0
13690 0.0312971 0 8.5 0.12549 0.5 0 0
13700 0.0315863 0 8.5 0.12549 0.5 0 0
13710 0.0315863 0 8.5 0.12549 0.5 0 0
13720 0.0316 0 8.5 0.133333 0.5 0 0
13730 0.0316 0 8.5 0.133333 0.5 0 0
13740 0.0316561 0 8.5 0.133333 0.5 0 0
13750 0.0316561 0 8.5 0.133333 0.5 0 0
13760 0.0316561 0 8.5 0.133333 0.5 0 0
13770 0.0316561 0 8.5 0.137255 0.5 0 0
13780 0.0316561 0 8.5 0.133333 0.5 0 0
13790 0.0316561 0 8.5 0.133333 0.5 0 0
13800 0.0312619 0 8.5 0.133333 0.5 0 0
13810 0.0312619 0 8.5 0.133333 0.5 0 0
13820 0.0310977 0 8.5 0.137255 0.5 0 0
13830 0.0310977 0 8.5 0.137255 0.5 0 0
13840 0.0309929 0 8.5 0.137255 0.5 0 0
13850 0.0309929 0 8.5 0.137255 0.5 0 0
13860 0.0307228 0 8.5 0.137255 0.5 0 0
13870 0.0307228 0 8.5 0.141176 0.5 0 0
13880 0.0303189 0 8.5 0.141176 0.5 0 0
13890 0.0303189 0 8.5 0.145098 0.5 0 0
13900 0.0301778 0 8.5 0.137255 0.5 0 0
13910 0.0301778 0 8.5 0.133333 0.5 0 0
13920 0.0298907 0 8.5 0.133333 0.5 0 0
13930 0.0298907 0 8.5 0.129412 0.5 0 0
13940 0.029242 0 8.5 0.12549 0.5 0 0
13950 0.029242 0 8.5 0.117647 0.5 0 0
13960 0.0284366 0 8.5 0.113725 0.5 0 0
13970 0.0284366 0 8.5 0.113725 0.5 0 0
13980 0.0276144 0 8.5 0.113725 0.5 0 0
13990 0.0276144 0 8.5 0.113725 0.5 0 0
14000 0.026967 0 8.5 0.113725 0.5 0 0
14010 0.026967 0 8.5 0.117647 0.5 0 0
14020 0.0267647 0 8.5 0.113725 0.5 0 0
14030 0.0267647 0 8.5 0.113725 0.5 0 0
14040 0.0265815 0 8.5 0.117647 0.5 0 0
14050 0.0265815 0 8.5 0.113725 0.5 0 0
14060 0.0265758 0 8.5 0.113725 0.5 0 0
14070 0.0265758 0 8.5 0.113725 0.5 0 0
14080 0.0265479 0 8.5 0.113725 0.5 0 0
14090 0.0265479 0 8.5 0.113725 0.5 0 0
14100 0.026444 0 8.5 0.113725 0.5 0 0
14110 0.026444 0 8.5 0.113725 0.5 0 0
14120 0.0264766 0 8.5 0.117647 0.5 0 0
14130 0.0264766 0 8.5 0.113725 0.5 0 0
14140 0.0267043 0 8.5 0.117647 0.5 0 0
14150 0.0267043 0 8.5 0.117647 0.5 0 0
14160 0.0267272 0 8.5 0.117647 0.5 0 0
14170 0.0267272 0 8.5 0.117647 0.5 0 0
14180 0.0268375 0 8.5 0.121569 0.5 0 0
14190 0.0268375 0 8.5 0.117647 0.5 0 0
14200 0.0268038 0 8.5 0.121569 0.5 0 0
14210 0.0268038 0 8.5 0.117647 0.5 0 0
14220 0.0264846 0 8.5 0.117647 0.5 0 0
14230 0.0264846 0 8.5 0.113725 0.5 0 0
14240 0.0260634 0 8.5 0.109804 0.5 0 0
14250 0.0260634 0 8.5 0.109804 0.5 0 0
14260 0.0254497 0 8.5 0.105882 0.5 0 0
14270 0.0254497 0 8.5 0.101961 0.5 0 0
14280 0.0246691 0 8.5 0.101961 0.5 0 0
14290 0.0246691 0 8.5 0.105882 0.5 0 0
14300 0.0242317 0 8.5 0.105882 0.5 0 0
14310 0.0242317 0 8.5 0.105882 0.5 0 0
14320 0.0240522 0 8.5 0.105882 0.5 0 0
14330 0.0240522 0 8.5 0.101961 0.5 0 0
14340 0.023482 0 8.5 0.101961 0.5 0 0
14350 0.023482 0 8.5 0.101961 0.5 0 0
14360 0.0230006 0 8.5 0.101961 0.5 0 0
14370 0.0230006 0 8.5 0.101961 0.5 0 0
14380 0.022645 0 8.5 0.101961 0.5 0 0
14390 0.022645 0 8.5 0.101961 0.5 0 0
14400 0.0224938 0 8.5 0.101961 0.5 0 0
14410 0.0224938 0 8.5 0.101961 0.5 0 0
14420 0.0224026 0 8.5 0.101961 0.5 0 0
14430 0.0224026 0 8.5 0.101961 0.5 0 0
14440 0.0222478 0 8.5 0.101961 0.5 0 0
14450 0.0222478 0 8.5 0.101961 0.5 0 0
14460 0.0222418 0 8.5 0.101961 0.5 0 0
14470 0.0222418 0 8.5 0.101961 0.5 0 0
14480 0.0222418 0 8.5 0.101961 0.5 0 0
14490 0.0222418 0 8.5 0.101961 0.5 0 0
14500 0.0222418 0 8.5 0.101961 0.5 0 0
14510 0.0222418 0 8.5 0.101961 0.5 0 0
14520 0.0222116 0 8.5 0.101961 0.5 0 0
14530 0.0222116 0 8.5 0.101961 0.5 0 0
14540 0.0222014 0 8.5 0.101961 0.5 0 0
14550 0.0222014 0 8.5 0.101961 0.5 0 0
14560 0.0223196 0 8.5 0.101961 0.5 0 0
14570 0.0223196 0 8.5 0.101961 0.5 0 0
14580 0.0222626 0 8.5 0.101961 0.5 0 0
14590 0.0222626 0 8.5 0.101961 0.5 0 0
14600 0.0224909 0 8.5 0.101961 0.5 0 0
14610 0.0224909 0 8.5 0.105882 0.5 0 0
14620 0.0226817 0 8.5 0.105882 0.5 0 0
14630 0.0226817 0 8.5 0.105882 0.5 0 0
14640 0.0226746 0 8.5 0.105882 0.5 0 0
14650 0.0226746 0 8.5 0.109804 0.5 0 0
14660 0.0224977 0 8.5 0.109804 0.5 0 0
14670 0.0224977 0 8.5 0.105882 0.5 0 0
14680 0.0224092 0 8.5 0.105882 0.5 0 0
14690 0.0224092 0 8.5 0.105882 0.5 0 0
14700 0.0220455 0 8.5 0.101961 0.5 0 0
14710 0.0220455 0 8.5 0.0980392 0.5 0 0
14720 0.0214161 0 8.5 0.0941176 0.5 0 0
14730 0.0214161 0 8.5 0.0941176 0.5 0 0
14740 0.0206858 0 8.5 0.0901961 0.5 0 0
14750 0.0206858 0 8.5 0.0901961 0.5 0 0
14760 0.0202081 0.5 9 0.0901961 0.5 0 0
14770 0.0202081 0.5 9 0.0901961 0.5 0 0
14780 0.0198743 0.5 9.5 0.0901961 0.5 0 0
14790 0.0198743 0.5 9.5 0.0901961 0.5 0 0
14800 0.0196863 0.5 10 0.0901961 0.5 0 0
14810 0.0196863 0.5 10 0.0901961 0.5 0 0
14820 0.0193778 0.5 10.5 0.0901961 0.5 0 0
14830 0.0193778 0.5 10.5 0.0901961 0.5 0 0
14840 0.0191161 0.5 11 0.0901961 0.5 0 0
14850 0.0191161 0.5 11 0.0901961 0.5 0 0
14860 0.0189027 0.5 11.5 0.0901961 0.5 0 0
14870 0.0189027 0.5 11.5 0.0901961 0.5 0 0
14880 0.0187634 0 11.5 0.0901961 0.5 0 0
14890 0.0187634 0 11.5 0.0901961 0.5 0 0
14900 0.0186169 0 11.5 0.0901961 0.5 0 0
14910 0.0186169 0 11.5 0.0862745 0.5 0 0
14920 0.0185425 0 11.5 0.0862745 0.5 0 0
14930 0.0185425 0 11.5 0.0862745 0.5 0 0
14940 0.0183205 0 11.5 0.0862745 0.5 0 0
14950 0.0183205 0 11.5 0.0862745 0.5 0 0
14960 0.0176873 0 11.5 0.0823529 0.5 0 0
14970 0.0176873 0 11.5 0.0901961 0.5 0 0
14980 0.0170583 0 11.5 0.0901961 0.5 0 0
14990 0.0170583 0 11.5 0.0901961 0.5 0 0
15000 0.016794 0 11.5 0.0941176 0.5 0 0
15010 0.016794 0 11.5 0.0941176 0.5 0 0
15020 0.016555 0 11.5 0.0901961 0.5 0 0
15030 0.016555 0 11.5 0.0862745 0.5 0 0
15040 0.0160644 0 11.5 0.0784314 0.5 0 0
15050 0.0160644 0 11.5 0.0784314 0.5 0 0
15060 0.0154597 0 11.5 0.0784314 0.5 0 0
15070 0.0154597 0 11.5 0.0784314 0.5 0 0
15080 0.0147338 0 11.5 0.0823529 0.5 0 0
15090 0.0147338 0 11.5 0.0823529 0.5 0 0
15100 0.0140799 0 11.5 0.0823529 0.5 0 0
15110 0.0140799 0 11.5 0.0823529 0.5 0 0
15120 0.0140311 0 11.5 0.0823529 0.5 0 0
15130 0.0140311 0 11.5 0.0823529 0.5 0 0
15140 0.0139563 0 11.5 0.0823529 0.5 0 0
15150 0.0139563 0 11.5 0.0823529 0.5 0 0
15160 0.0138868 0 11.5 0.0823529 0.5 0 0
15170 0.0138868 0 11.5 0.0823529 0.5 0 0
15180 0.0138248 0 11.5 0.0823529 0.5 0 0
15190 0.0138248 0 11.5 0.0823529 0.5 0 0
15200 0.0138145 0 11.5 0.0823529 0.5 0 0
15210 0.0138145 0 11.5 0.0823529 0.5 0 0
15220 0.0138024 0 11.5 0.0823529 0.5 0 0
15230 0.0138024 0 11.5 0.0823529 0.5 0 0
15240 0.0138024 0 11.5 0.0823529 0.5 0 0
15250 0.0138024 0 11.5 0.0823529 0.5 0 0
15260 0.0138024 0 11.5 0.0784314 0.5 0 0
15270 0.0138024 0 11.5 0.0823529 0.5 0 0
15280 0.0138335 0 11.5 0.0823529 0.5 0 0
15290 0.0138335 0 11.5 0.0823529 0.5 0 0
15300 0.0139012 0 11.5 0.0823529 0.5 0 0
15310 0.0139012 0 11.5 0.0823529 0.5 0 0
15320 0.0138813 0 11.5 0.0823529 0.5 0 0
15330 0.0138813 0 11.5 0.0823529 0.5 0 0
15340 0.0138763 0 11.5 0.0823529 0.5 0 0
15350 0.0138763 0 11.5 0.0823529 0.5 0 0
15360 0.0139034 0 11.5 0.0823529 0.5 0 0
15370 0.0139034 0 11.5 0.0784314 0.5 0 0
15380 0.0139979 0 11.5 0.0784314 0.5 0 0
15390 0.0139979 0 11.5 0.0823529 0.5 0 0
15400 0.0139682 0 11.5 0.0823529 0.5 0 0
15410 0.0139682 0 11.5 0.0823529 0.5 0 0
15420 0.0139464 0 11.5 0.0823529 0.5 0 0
15430 0.0139464 0 11.5 0.0862745 0.5 0 0
15440 0.0138843 0 11.5 0.0823529 0.5 0 0
15450 0.0138843 0 11.5 0.0823529 0.5 0 0
15460 0.0136993 0 11.5 0.0823529 0.5 0 0
15470 0.0136993 0 11.5 0.0823529 0.5 0 0
15480 0.0135272 0 11.5 0.0862745 0.5 0 0
15490 0.0135272 0 11.5 0.0862745 0.5 0 0
15500 0.0134347 0 11.5 0.0901961 0.5 0 0
15510 0.0134347 0 11.5 0.0862745 0.5 0 0
15520 0.0132495 0 11.5 0.0862745 0.5 0 0
15530 0.0132495 0 11.5 0.0823529 0.5 0 0
15540 0.0129606 0 11.5 0.0784314 0.5 0 0
15550 0.0129606 0 11.5 0.0745098 0.5 0 0
15560 0.0125258 0 11.5 0.0745098 0.5 0 0
15570 0.0125258 0 11.5 0.0745098 0.5 0 0
15580 0.0122526 0 11.5 0.0745098 0.5 0 0
15590 0.0122526 0 11.5 0.0745098 0.5 0 0
15600 0.0122159 0 11.5 0.0784314 0.5 0 0
15610 0.0122159 0 11.5 0.0784314 0.5 0 0
15620 0.0121309 0 11.5 0.0745098 0.5 0 0
15630 0.0121309 0 11.5 0.0784314 0.5 0 0
15640 0.0119327 0 11.5 0.0745098 0.5 0 0
15650 0.0119327 0 11.5 0.0784314 0.5 0 0
15660 0.0116878 0 11.5 0.0745098 0.5 0 0
15670 0.0116878 0 11.5 0.0705882 0.5 0 0
15680 0.0110023 0 11.5 0.0705882 0.5 0 0
15690 0.0110023 0 11.5 0.0705882 0.5 0 0
15700 0.0108928 0 11.5 0.0745098 0.5 0 0
15710 0.0108928 0 11.5 0.0705882 0.5 0 0
15720 0.0109223 0 11.5 0.0705882 0.5 0 0
15730 0.0109223 0 11.5 0.0705882 0.5 0 0
15740 0.0107348 0 11.5 0.0705882 0.5 0 0
15750 0.0107348 0 11.5 0.0666667 0.5 0 0
15760 0.010286 0 11.5 0.0705882 0.5 0 0
15770 0.010286 0 11.5 0.0705882 0.5 0 0
15780 0.00983133 0 11.5 0.0784314 0.5 0 0
15790 0.00983133 0 11.5 0.0745098 0.5 0 0
15800 0.00980136 0 11.5 0.0784314 0.5 0 0
15810 0.00980136 0 11.5 0.0745098 0.5 0 0
15820 0.00980136 0 11.5 0.0745098 0.5 0 0
15830 0.00980136 0 11.5 0.0784314 0.5 0 0
15840 0.00970938 0 11.5 0.0784314 0.5 0 0
15850 0.00970938 0 11.5 0.0784314 0.5 0 0
15860 0.00965827 0 11.5 0.0784314 0.5 0 0
15870 0.00965827 0 11.5 0.0823529 0.5 0 0
15880 0.00956557 0 11.5 0.0784314 0.5 0 0
15890 0.00956557 0 11.5 0.0862745 0.5 0 0
15900 0.00950701 0 11.5 0.0823529 0.5 0 0
15910 0.00950701 0 11.5 0.0823529 0.5 0 0
15920 0.00937883 0 11.5 0.0745098 0.5 0 0
15930 0.00937883 0 11.5 0.0666667 0.5 0 0
15940 0.00916749 0 11.5 0.0666667 0.5 0 0
15950 0.00916749 0 11.5 0.0666667 0.5 0 0
15960 0.00901635 0 11.5 0.0627451 0.5 0 0
15970 0.00901635 0 11.5 0.0666667 0.5 0 0
15980 0.00905993 0 11.5 0.0666667 0.5 0 0
15990 0.00905993 0 11.5 0.0627451 0.5 0 0
16000 0.0089941 0 11.5 0.0666667 0.5 0 0
16010 0.0089941 0 11.5 0.0666667 0.5 0 0
16020 0.00898735 0 11.5 0.0666667 0.5 0 0
16030 0.00898735 0 11.5 0.0666667 0.5 0 0
16040 0.00916848 0 11.5 0.0666667 0.5 0 0
16050 0.00916848 0 11.5 0.0705882 0.5 0 0
16060 0.00920552 0 11.5 0.0705882 0.5 0 0
16070 0.00920552 0 11.5 0.0666667 0.5 0 0
16080 0.0092055 0 11.5 0.0705882 0.5 0 0
16090 0.0092055 0 11.5 0.0705882 0.5 0 0
16100 0.0092055 0 11.5 0.0705882 0.5 0 0
16110 0.0092055 0 11.5 0.0705882 0.5 0 0
16120 0.00914567 0 11.5 0.0705882 0.5 0 0
16130 0.00914567 0 11.5 0.0666667 0.5 0 0
16140 0.00902006 0 11.5 0.0666667 0.5 0 0
16150 0.00902006 0 11.5 0.0666667 0.5 0 0
16160 0.0088432 0 11.5 0.0666667 0.5 0 0
16170 0.0088432 0 11.5 0.0627451 0.5 0 0
16180 0.00856429 0 11.5 0.0666667 0.5 0 0
16190 0.00856429 0 11.5 0.0666667 0.5 0 0
16200 0.00847545 0 11.5 0.0666667 0.5 0 0
16210 0.00847545 0 11.5 0.0666667 0.5 0 0
16220 0.00842456 0 11.5 0.0705882 0.5 0 0
16230 0.00842456 0 11.5 0.0705882 0.5 0 0
16240 0.00831088 0 11.5 0.0705882 0.5 0 0
16250 0.00831088 0 11.5 0.0666667 0.5 0 0
16260 0.00809078 0 11.5 0.0666667 0.5 0 0
16270 0.00809078 0 11.5 0.0627451 0.5 0 0
16280 0.00787351 0 11.5 0.0705882 0.5 0 0
16290 0.00787351 0 11.5 0.0705882 0.5 0 0
16300 0.00782594 0 11.5 0.0705882 0.5 0 0
16310 0.00782594 0 11.5 0.0705882 0.5 0 0
16320 0.00777976 0 11.5 0.0666667 0.5 0 0
16330 0.00777976 0 11.5 0.0666667 0.5 0 0
16340 0.00753644 0 11.5 0.0666667 0.5 0 0
16350 0.00753644 0 11.5 0.0666667 0.5 0 0
16360 0.00735206 0 11.5 0.0666667 0.5 0 0
16370 0.00735206 0 11.5 0.0666667 0.5 0 0
16380 0.00729828 0 11.5 0.0705882 0.5 0 0
16390 0.00729828 0 11.5 0.0666667 0.5 0 0
16400 0.00730435 0 11.5 0.0745098 0.5 0 0
16410 0.00730435 0 11.5 0.0745098 0.5 0 0
16420 0.00727937 0 11.5 0.0784314 0.5 0 0
16430 0.00727937 0 11.5 0.0745098 0.5 0 0
16440 0.00721185 0 11.5 0.0705882 0.5 0 0
16450 0.00721185 0 11.5 0.0666667 0.5 0 0
16460 0.00707593 0 11.5 0.0627451 0.5 0 0
16470 0.00707593 0 11.5 0.0627451 0.5 0 0
16480 0.00678848 0 11.5 0.0627451 0.5 0 0
16490 0.00678848 0 11.5 0.0627451 0.5 0 0
16500 0.00649393 0 11.5 0.0588235 0.5 0 0
16510 0.00649393 0 11.5 0.0588235 0.5 0 0
16520 0.0064232 0 11.5 0.0588235 0.5 0 0
16530 0.0064232 0 11.5 0.0627451 0.5 0 0
16540 0.00647758 0 11.5 0.0627451 0.5 0 0
16550 0.00647758 0 11.5 0.0666667 0.5 0 0
16560 0.00645586 0 11.5 0.0666667 0.5 0 0
16570 0.00645586 0 11.5 0.0666667 0.5 0 0
16580 0.00635735 0 11.5 0.0666667 0.5 0 0
16590 0.00635735 0 11.5 0.0627451 0.5 0 0
16600 0.00617279 0 11.5 0.0627451 0.5 0 0
16610 0.00617279 0 11.5 0.0627451 0.5 0 0
16620 0.00598382 0 11.5 0.0588235 0.5 0 0
16630 0.00598382 0 11.5 0.0588235 0.5 0 0
16640 0.00585564 0 11.5 0.0588235 0.5 0 0
16650 0.00585564 0 11.5 0.0588235 0.5 0 0
16660 0.0057675 0 11.5 0.0588235 0.5 0 0
16670 0.0057675 0 11.5 0.0588235 0.5 0 0
16680 0.00558199 0 11.5 0.0588235 0.5 0 0
16690 0.00558199 0 11.5 0.0588235 0.5 0 0
16700 0.00551814 0 11.5 0.0588235 0.5 0 0
16710 0.00551814 0 11.5 0.0588235 0.5 0 0
16720 0.00559956 0 11.5 0.0588235 0.5 0 0
16730 0.00559956 0 11.5 0.0588235 0.5 0 0
16740 0.00559403 0 11.5 0.0588235 0.5 0 0
16750 0.00559403 0 11.5 0.0588235 0.5 0 0
16760 0.00568113 0 11.5 0.0588235 0.5 0 0
16770 0.00568113 0 11.5 0.0588235 0.5 0 0
16780 0.00566157 0 11.5 0.0588235 0.5 0 0
16790 0.00566157 0 11.5 0.0627451 0.5 0 0
16800 0.00558414 0 11.5 0.0588235 0.5 0 0
16810 0.00558414 0 11.5 0.0588235 0.5 0 0
16820 0.00553355 0 11.5 0.0627451 0.5 0 0
16830 0.00553355 0 11.5 0.0627451 0.5 0 0
16840 0.00546786 0 11.5 0.0627451 0.5 0 0
16850 0.00546786 0 11.5 0.0666667 0.5 0 0
16860 0.00539811 0 11.5 0.0666667 0.5 0 0
16870 0.00539811 0 11.5 0.0627451 0.5 0 0
16880 0.00523497 0 11.5 0.0627451 0.5 0 0
16890 0.00523497 0 11.5 0.0588235 0.5 0 0
16900 0.00498116 0 11.5 0.054902 0.5 0 0
16910 0.00498116 0 11.5 0.054902 0.5 0 0
16920 0.00477761 0 11.5 0.054902 0.5 0 0
16930 0.00477761 0 11.5 0.0588235 0.5 0 0
16940 0.0047375 0 11.5 0.054902 0.5 0 0
16950 0.0047375 0 11.5 0.0588235 0.5 0 0
16960 0.00472752 0 11.5 0.0588235 0.5 0 0
16970 0.00472752 0 11.5 0.0588235 0.5 0 0
16980 0.00475649 0 11.5 0.0627451 0.5 0 0
16990 0.00475649 0 11.5 0.0666667 0.5 0 0
17000 0.00475668 0 11.5 0.0666667 0.5 0 0
17010 0.00475668 0 11.5 0.0666667 0.5 0 0
17020 0.00477994 0 11.5 0.0666667 0.5 0 0
17030 0.00477994 0 11.5 0.0666667 0.5 0 0
17040 0.00477291 0 11.5 0.0666667 0.5 0 0
17050 0.00477291 0 11.5 0.0705882 0.5 0 0
17060 0.00475043 0 11.5 0.0745098 0.5 0 0
17070 0.00475043 0 11.5 0.0705882 0.5 0 0
17080 0.00475258 0 11.5 0.0745098 0.5 0 0
17090 0.00475258 0 11.5 0.0745098 0.5 0 0
17100 0.00475249 0 11.5 0.0745098 0.5 0 0
17110 0.00475249 0 11.5 0.0705882 0.5 0 0
17120 0.00465831 0 11.5 0.0627451 0.5 0 0
17130 0.00465831 0 11.5 0.054902 0.5 0 0
17140 0.00456446 0 11.5 0.0588235 0.5 0 0
17150 0.00456446 0 11.5 0.0588235 0.5 0 0
17160 0.00451425 0 11.5 0.0627451 0.5 0 0
17170 0.00451425 0 11.5 0.0627451 0.5 0 0
17180 0.00451764 0 11.5 0.0666667 0.5 0 0
17190 0.00451764 0 11.5 0.0666667 0.5 0 0
17200 0.00451714 0 11.5 0.0666667 0.5 0 0
17210 0.00451714 0 11.5 0.0627451 0.5 0 0
17220 0.00440981 0 11.5 0.0588235 0.5 0 0
17230 0.00440981 0 11.5 0.054902 0.5 0 0
17240 0.00432034 0 11.5 0.0509804 0.5 0 0
17250 0.00432034 0 11.5 0.0509804 0.5 0 0
17260 0.00431244 0 11.5 0.0509804 0.5 0 0
17270 0.00431244 0 11.5 0.054902 0.5 0 0
17280 0.00432017 0 11.5 0.054902 0.5 0 0
17290 0.00432017 0 11.5 0.054902 0.5 0 0
17300 0.00430394 0 11.5 0.054902 0.5 0 0
17310 0.00430394 0 11.5 0.054902 0.5 0 0
17320 0.0043111 0 11.5 0.054902 0.5 0 0
17330 0.0043111 0 11.5 0.054902 0.5 0 0
17340 0.00441366 0 11.5 0.054902 0.5 0 0
17350 0.00441366 0 11.5 0.054902 0.5 0 0
17360 0.0044044 0 11.5 0.054902 0.5 0 0
17370 0.0044044 0 11.5 0.054902 0.5 0 0
17380 0.004417 0 11.5 0.054902 0.5 0 0
17390 0.004417 0 11.5 0.054902 0.5 0 0
17400 0.0044297 0 11.5 0.054902 0.5 0 0
17410 0.0044297 0 11.5 0.054902 0.5 0 0
17420 0.00443587 0 11.5 0.0509804 0.5 0 0
17430 0.00443587 0 11.5 0.0509804 0.5 0 0
17440 0.00437606 0 11.5 0.0509804 0.5 0 0
17450 0.00437606 0 11.5 0.054902 0.5 0 0
17460 0.00447505 0 11.5 0.0588235 0.5 0 0
17470 0.00447505 0 11.5 0.0588235 0.5 0 0
17480 0.00449622 0 11.5 0.0588235 0.5 0 0
17490 0.00449622 0 11.5 0.0588235 0.5 0 0
17500 0.00449622 0 11.5 0.054902 0.5 0 0
17510 0.00449622 0 11.5 0.0588235 0.5 0 0
17520 0.00442888 0 11.5 0.054902 0.5 0 0
17530 0.00442888 0 11.5 0.0509804 0.5 0 0
17540 0.00418162 0 11.5 0.0509804 0.5 0 0
17550 0.00418162 0 11.5 0.0509804 0.5 0 0
17560 0.00415196 0 11.5 0.0509804 0.5 0 0
17570 0.00415196 0 11.5 0.054902 0.5 0 0
17580 0.00416862 0 11.5 0.054902 0.5 0 0
17590 0.00416862 0 11.5 0.0509804 0.5 0 0
17600 0.00410622 0 11.5 0.0509804 0.5 0 0
17610 0.00410622 0 11.5 0.054902 0.5 0 0
17620 0.00405042 0 11.5 0.0509804 0.5 0 0
17630 0.00405042 0 11.5 0.054902 0.5 0 0
17640 0.00407282 0 11.5 0.0509804 0.5 0 0
17650 0.00407282 0 11.5 0.054902 0.5 0 0
17660 0.00401161 0 11.5 0.0588235 0.5 0 0
17670 0.00401161 0 11.5 0.0588235 0.5 0 0
17680 0.00402141 0 11.5 0.0588235 0.5 0 0
17690 0.00402141 0 11.5 0.054902 0.5 0 0
17700 0.0039783 0 11.5 0.0509804 0.5 0 0
17710 0.0039783 0 11.5 0.054902 0.5 0 0
17720 0.00397894 0 11.5 0.054902 0.5 0 0
17730 0.00397894 0 11.5 0.0588235 0.5 0 0
17740 0.00404142 0 11.5 0.0588235 0.5 0 0
17750 0.00404142 0 11.5 0.0588235 0.5 0 0
17760 0.00403889 0 11.5 0.0627451 0.5 0 0
17770 0.00403889 0 11.5 0.0588235 0.5 0 0
17780 0.00403225 0 11.5 0.0588235 0.5 0 0
17790 0.00403225 0 11.5 0.0627451 0.5 0 0
17800 0.00405396 0 11.5 0.0666667 0.5 0 0
17810 0.00405396 0 11.5 0.0705882 0.5 0 0
17820 0.00404021 0 11.5 0.0745098 0.5 0 0
17830 0.00404021 0 11.5 0.0705882 0.5 0 0
17840 0.00401271 0 11.5 0.0705882 0.5 0 0
17850 0.00401271 0 11.5 0.0705882 0.5 0 0
17860 0.00392822 0 11.5 0.0666667 0.5 0 0
17870 0.00392822 0 11.5 0.0627451 0.5 0 0
17880 0.00403042 0 11.5 0.0627451 0.5 0 0
17890 0.00403042 0 11.5 0.0627451 0.5 0 0
17900 0.0040307 0 11.5 0.0627451 0.5 0 0
17910 0.0040307 0 11.5 0.0627451 0.5 0 0
17920 0.00407928 0 11.5 0.0627451 0.5 0 0
17930 0.00407928 0 11.5 0.0588235 0.5 0 0
17940 0.00415139 0 11.5 0.0588235 0.5 0 0
17950 0.00415139 0 11.5 0.054902 0.5 0 0
17960 0.00424104 0 11.5 0.0509804 0.5 0 0
17970 0.00424104 0 11.5 0.0509804 0.5 0 0
17980 0.00446508 0 11.5 0.054902 0.5 0 0
17990 0.00446508 0 11.5 0.054902 0.5 0 0
18000 0.00457378 0 11.5 0.054902 0.5 0 0
18010 0.00457378 0 11.5 0.054902 0.5 0 0
18020 0.00466667 0 11.5 0.054902 0.5 0 0
18030 0.00466667 0 11.5 0.054902 0.5 0 0
18040 0.00469149 0 11.5 0.0509804 0.5 0 0
18050 0.00469149 0 11.5 0.0509804 0.5 0 0
18060 0.00465961 0 11.5 0.0509804 0.5 0 0
18070 0.00465961 0 11.5 0.0509804 0.5 0 0
18080 0.00460159 0 11.5 0.0509804 0.5 0 0
18090 0.00460159 0 11.5 0.054902 0.5 0 0
18100 0.00458356 0 11.5 0.0509804 0.5 0 0
18110 0.00458356 0 11.5 0.0509804 0.5 0 0
18120 0.00449223 0 11.5 0.0509804 0.5 0 0
18130 0.00449223 0 11.5 0.0509804 0.5 0 0
18140 0.00435292 0 11.5 0.0509804 0.5 0 0
18150 0.00435292 0 11.5 0.054902 0.5 0 0
18160 0.00418438 0 11.5 0.054902 0.5 0 0
18170 0.00418438 0 11.5 0.0509804 0.5 0 0
18180 0.0041053 0 11.5 0.0509804 0.5 0 0
18190 0.0041053 0 11.5 0.054902 0.5 0 0
18200 0.00409628 0 11.5 0.054902 0.5 0 0
18210 0.00409628 0 11.5 0.054902 0.5 0 0
18220 0.00405323 0 11.5 0.054902 0.5 0 0
18230 0.00405323 0 11.5 0.0509804 0.5 0 0
18240 0.00398913 0 11.5 0.0470588 0.5 0 0
18250 0.00398913 0 11.5 0.0509804 0.5 0 0
18260 0.00407001 0 11.5 0.0588235 0.5 0 0
18270 0.00407001 0 11.5 0.0588235 0.5 0 0
18280 0.00400038 0 11.5 0.0588235 0.5 0 0
18290 0.00400038 0 11.5 0.0588235 0.5 0 0
18300 0.00398945 0 11.5 0.0588235 0.5 0 0
18310 0.00398945 0 11.5 0.0588235 0.5 0 0
18320 0.00400814 0 11.5 0.0627451 0.5 0 0
18330 0.00400814 0 11.5 0.0627451 0.5 0 0
18340 0.00403063 0 11.5 0.0627451 0.5 0 0
18350 0.00403063 0 11.5 0.0627451 0.5 0 0
18360 0.00404287 0 11.5 0.0627451 0.5 0 0
18370 0.00404287 0 11.5 0.0627451 0.5 0 0
18380 0.0041001 0 11.5 0.0627451 0.5 0 0
18390 0.0041001 0 11.5 0.0627451 0.5 0 0
18400 0.00418836 0 11.5 0.0627451 0.5 0 0
18410 0.00418836 0 11.5 0.0666667 0.5 0 0
18420 0.00417533 0 11.5 0.0666667 0.5 0 0
18430 0.00417533 0 11.5 0.0666667 0.5 0 0
18440 0.00416716 0 11.5 0.0705882 0.5 0 0
18450 0.00416716 0 11.5 0.0705882 0.5 0 0
18460 0.00410917 0 11.5 0.0666667 0.5 0 0
18470 0.00410917 0 11.5 0.0666667 0.5 0 0
18480 0.00405823 0 11.5 0.0666667 0.5 0 0
18490 0.00405823 0 11.5 0.0705882 0.5 0 0
18500 0.00413823 0 11.5 0.0705882 0.5 0 0
18510 0.00413823 0 11.5 0.0705882 0.5 0 0
18520 0.00421874 0 11.5 0.0705882 0.5 0 0
18530 0.00421874 0 11.5 0.0666667 0.5 0 0
18540 0.00423439 0 11.5 0.0627451 0.5 0 0
18550 0.00423439 0 11.5 0.0627451 0.5 0 0
18560 0.00439063 0 11.5 0.0588235 0.5 0 0
18570 0.00439063 0 11.5 0.054902 0.5 0 0
18580 0.00452299 0 11.5 0.054902 0.5 0 0
18590 0.00452299 0 11.5 0.054902 0.5 0 0
18600 0.00455436 0 11.5 0.054902 0.5 0 0
18610 0.00455436 0 11.5 0.054902 0.5 0 0
18620 0.00470399 0 11.5 0.054902 0.5 0 0
18630 0.00470399 0 11.5 0.054902 0.5 0 0
18640 0.00478721 0 11.5 0.054902 0.5 0 0
18650 0.00478721 0 11.5 0.054902 0.5 0 0
18660 0.00487302 0 11.5 0.054902 0.5 0 0
18670 0.00487302 0 11.5 0.054902 0.5 0 0
18680 0.00498905 0 11.5 0.0588235 0.5 0 0
18690 0.00498905 0 11.5 0.0588235 0.5 0 0
18700 0.00503239 0 11.5 0.0588235 0.5 0 0
18710 0.00503239 0 11.5 0.0588235 0.5 0 0
18720 0.00501606 0 11.5 0.0588235 0.5 0 0
18730 0.00501606 0 11.5 0.0588235 0.5 0 0
18740 0.00494847 0 11.5 0.0588235 0.5 0 0
18750 0.00494847 0 11.5 0.0588235 0.5 0 0
18760 0.00479147 0 11.5 0.054902 0.5 0 0
18770 0.00479147 0 11.5 0.054902 0.5 0 0
18780 0.00463938 0 11.5 0.054902 0.5 0 0
18790 0.00463938 0 11.5 0.054902 0.5 0 0
18800 0.00451216 0 11.5 0.0588235 0.5 0 0
18810 0.00451216 0 11.5 0.0588235 0.5 0 0
18820 0.00440043 0 11.5 0.0588235 0.5 0 0
18830 0.00440043 0 11.5 0.0588235 0.5 0 0
18840 0.00438033 0 11.5 0.0588235 0.5 0 0
18850 0.00438033 0 11.5 0.054902 0.5 0 0
18860 0.00429117 0 11.5 0.054902 0.5 0 0
18870 0.00429117 0 11.5 0.054902 0.5 0 0
18880 0.00423487 0 11.5 0.0588235 0.5 0 0
18890 0.00423487 0 11.5 0.0627451 0.5 0 0
18900 0.00426597 0 11.5 0.0666667 0.5 0 0
18910 0.00426597 0 11.5 0.0666667 0.5 0 0
18920 0.00426725 0 11.5 0.0666667 0.5 0 0
18930 0.00426725 0 11.5 0.0666667 0.5 0 0
18940 0.00426734 0 11.5 0.0666667 0.5 0 0
18950 0.00426734 0 11.5 0.0666667 0.5 0 0
18960 0.00424962 0 11.5 0.0666667 0.5 0 0
18970 0.00424962 0 11.5 0.0627451 0.5 0 0
18980 0.00425127 0 11.5 0.0627451 0.5 0 0
18990 0.00425127 0 11.5 0.0666667 0.5 0 0
19000 0.00430423 0 11.5 0.0666667 0.5 0 0
19010 0.00430423 0 11.5 0.0666667 0.5 0 0
19020 0.00429094 0 11.5 0.0627451 0.5 0 0
19030 0.00429094 0 11.5 0.0588235 0.5 0 0
19040 0.00419728 0 11.5 0.0509804 0.5 0 0
19050 0.00419728 0 11.5 0.0509804 0.5 0 0
19060 0.00422569 0 11.5 0.0588235 0.5 0 0
19070 0.00422569 0 11.5 0.0588235 0.5 0 0
19080 0.00426889 0 11.5 0.0588235 0.5 0 0
19090 0.00426889 0 11.5 0.0588235 0.5 0 0
19100 0.00426262 0 11.5 0.0627451 0.5 0 0
19110 0.00426262 0 11.5 0.0627451 0.5 0 0
19120 0.00426609 0 11.5 0.0588235 0.5 0 0
19130 0.00426609 0 11.5 0.0627451 0.5 0 0
19140 0.00438362 0 11.5 0.0666667 0.5 0 0
19150 0.00438362 0 11.5 0.0666667 0.5 0 0
19160 0.00439314 0 11.5 0.0627451 0.5 0 0
19170 0.00439314 0 11.5 0.0666667 0.5 0 0
19180 0.00443057 0 11.5 0.0666667 0.5 0 0
19190 0.00443057 0 11.5 0.0627451 0.5 0 0
19200 0.00446083 0 11.5 0.0666667 0.5 0 0
19210 0.00446083 0 11.5 0.0627451 0.5 0 0
19220 0.00464575 0 11.5 0.0588235 0.5 0 0
19230 0.00464575 0 11.5 0.054902 0.5 0 0
19240 0.00479142 0 11.5 0.054902 0.5 0 0
19250 0.00479142 0 11.5 0.054902 0.5 0 0
19260 0.00489867 0 11.5 0.054902 0.5 0 0
19270 0.00489867 0 11.5 0.0588235 0.5 0 0
19280 0.0050331 0 11.5 0.054902 0.5 0 0
19290 0.0050331 0 11.5 0.054902 0.5 0 0
19300 0.00516068 0 11.5 0.054902 0.5 0 0
19310 0.00516068 0 11.5 0.0588235 0.5 0 0
19320 0.00515451 0 11.5 0.0588235 0.5 0 0
19330 0.00515451 0 11.5 0.0588235 0.5 0 0
19340 0.00514463 0 11.5 0.0588235 0.5 0 0
19350 0.00514463 0 11.5 0.0588235 0.5 0 0
19360 0.00514463 0 11.5 0.0588235 0.5 0 0
19370 0.00514463 0 11.5 0.0588235 0.5 0 0
19380 0.00514463 0 11.5 0.0588235 0.5 0 0
19390 0.00514463 0 11.5 0.0588235 0.5 0 0
19400 0.0050766 0 11.5 0.0588235 0.5 0 0
19410 0.0050766 0 11.5 0.0588235 0.5 0 0
19420 0.00487608 0 11.5 0.054902 0.5 0 0
19430 0.00487608 0 11.5 0.054902 0.5 0 0
19440 0.00470542 0 11.5 0.054902 0.5 0 0
19450 0.00470542 0 11.5 0.054902 0.5 0 0
19460 0.00460274 0 11.5 0.0588235 0.5 0 0
19470 0.00460274 0 11.5 0.054902 0.5 0 0
19480 0.00445192 0 11.5 0.054902 0.5 0 0
19490 0.00445192 0 11.5 0.0509804 0.5 0 0
19500 0.00438337 0 11.5 0.054902 0.5 0 0
19510 0.00438337 0 11.5 0.0509804 0.5 0 0
19520 0.00428413 0 11.5 0.0509804 0.5 0 0
19530 0.00428413 0 11.5 0.0470588 0.5 0 0
19540 0.00430096 0 11.5 0.054902 0.5 0 0
19550 0.00430096 0 11.5 0.0588235 0.5 0 0
19560 0.00433564 0 11.5 0.0588235 0.5 0 0
19570 0.00433564 0 11.5 0.0627451 0.5 0 0
19580 0.00433639 0 11.5 0.0588235 0.5 0 0
19590 0.00433639 0 11.5 0.0588235 0.5 0 0
19600 0.00433639 0 11.5 0.0588235 0.5 0 0
19610 0.00433639 0 11.5 0.0627451 0.5 0 0
19620 0.00434914 0 11.5 0.0627451 0.5 0 0
19630 0.00434914 0 11.5 0.0627451 0.5 0 0
19640 0.00440065 0 11.5 0.0666667 0.5 0 0
19650 0.00440065 0 11.5 0.0666667 0.5 0 0
19660 0.00440088 0 11.5 0.0627451 0.5 0 0
19670 0.00440088 0 11.5 0.0588235 0.5 0 0
19680 0.00435982 0 11.5 0.0588235 0.5 0 0
19690 0.00435982 0 11.5 0.054902 0.5 0 0
19700 0.00435298 0 11.5 0.0588235 0.5 0 0
19710 0.00435298 0 11.5 0.0627451 0.5 0 0
19720 0.00441592 0 11.5 0.0705882 0.5 0 0
19730 0.00441592 0 11.5 0.0705882 0.5 0 0
19740 0.0044253 0 11.5 0.0745098 0.5 0 0
19750 0.0044253 0 11.5 0.0705882 0.5 0 0
19760 0.0044253 0 11.5 0.0705882 0.5 0 0
19770 0.0044253 0 11.5 0.0705882 0.5 0 0
19780 0.00437764 0 11.5 0.0627451 0.5 0 0
19790 0.00437764 0 11.5 0.0509804 0.5 0 0
19800 0.00425769 0 11.5 0.0509804 0.5 0 0
19810 0.00425769 0 11.5 0.0509804 0.5 0 0
19820 0.00426037 0.5 12 0.0509804 0.5 0 0
19830 0.00426037 0.5 12 0.0509804 0.5 0 0
19840 0.00427801 0.75 12.75 0.0509804 0.5 0 0
19850 0.00427801 0.75 12.75 0.0509804 0.5 0 0
19860 0.00428237 0.75 13.5 0.0509804 0.5 0 0
19870 0.00428237 0.75 13.5 0.0509804 0.5 0 0
19880 0.0042824 0.75 14.25 0.0509804 0.5 0 0
19890 0.0042824 0.75 14.25 0.0509804 0.5 0 0
19900 0.0042836 0.75 15 0.0509804 0.5 0 0
19910 0.0042836 0.75 15 0.0509804 0.5 0 0
19920 0.00428334 0.75 15.75 0.0509804 0.5 0 0
19930 0.00428334 0.75 15.75 0.0509804 0.5 0 0
19940 0.004305 0.5 16.25 0.0509804 0.5 0 0
19950 0.004305 0.5 16.25 0.0509804 0.5 0 0
19960 0.00438702 0.5 16.75 0.0509804 0.5 0 0
19970 0.00438702 0.5 16.75 0.0509804 0.5 0 0
19980 0.00443952 0.5 17.25 0.0509804 0.5 0 0
19990 0.00443952 0.5 17.25 0.054902 0.5 0 0
20000 0.00452134 0.5 17.75 0.054902 0.5 0 0
20010 0.00452134 0.5 17.75 0.054902 0.5 0 0
