0 0.0831855 0 0 0.5 0.5 0 0
10 0.0831855 0 0 0.52549 0.5 0 0
20 0.0818741 0.5 0.5 0.498039 0.5 0 0
30 0.0818741 0.5 0.5 0.564706 0.5 0 0
40 0.082443 0.5 1 0.560784 0.5 0 0
50 0.082443 0.5 1 0.607843 0.5 0 0
60 0.0827005 0.5 1.5 0.552941 0.5 0 0
70 0.0827005 0.5 1.5 0.584314 0.5 0 0
80 0.0828008 0.5 2 0.54902 0.5 0 0
90 0.0828008 0.5 2 0.552941 0.5 0 0
100 0.0828009 0.5 2.5 0.572549 0.5 0 0
110 0.0828009 0.5 2.5 0.584314 0.5 0 0
120 0.0827936 0.5 3 0.576471 0.5 0 0
130 0.0827936 0.5 3 0.576471 0.5 0 0
140 0.0827936 0.5 3.5 0.537255 0.5 0 0
150 0.0827936 0.5 3.5 0.611765 0.5 0 0
160 0.0827936 0.5 4 0.686275 0.5 0 0
170 0.0827936 0.5 4 0.568627 0.5 0 0
180 0.0827936 0.5 4.5 0.576471 0.5 0 0
190 0.0827936 0.5 4.5 0.576471 0.5 0 0
200 0.0827936 0.5 5 0.576471 0.5 0 0
210 0.0827936 0.5 5 0.545098 0.5 0 0
220 0.0827936 0.5 5.5 0.611765 0.5 0 0
230 0.0827936 0.5 5.5 0.576471 0.5 0 0
240 0.0827936 0.5 6 0.584314 0.5 0 0
250 0.0827936 0.5 6 0.584314 0.5 0 0
260 0.0827936 0.5 6.5 0.584314 0.5 0 0
270 0.0827936 0.5 6.5 0.541176 0.5 0 0
280 0.0827936 0.5 7 0.54902 0.5 0 0
290 0.0827936 0.5 7 0.611765 0.5 0 0
300 0.0827936 0.5 7.5 0.52549 0.5 0 0
310 0.0827936 0.5 7.5 0.552941 0.5 0 0
320 0.0827936 0.75 8.25 0.576471 0.5 0 0
330 0.0827936 0.75 8.25 0.552941 0.5 0 0
340 0.0827936 0.75 9 0.564706 0.5 0 0
350 0.0827936 0.75 9 0.552941 0.5 0 0
360 0.0827936 0.5 9.5 0.576471 0.5 0 0
370 0.0827936 0.5 9.5 0.564706 0.5 0 0
380 0.0827936 0.75 10.25 0.52549 0.5 0 0
390 0.0827936 0.75 10.25 0.584314 0.5 0 0
400 0.0827936 0.75 11 0.556863 0.5 0 0
410 0.0827936 0.75 11 0.54902 0.5 0 0
420 0.0827936 0.75 11.75 0.54902 0.5 0 0
430 0.0827936 0.75 11.75 0.611765 0.5 0 0
440 0.0827936 0.75 12.5 0.584314 0.5 0 0
450 0.0827936 0.75 12.5 0.580392 0.5 0 0
460 0.0827936 0.75 13.25 0.560784 0.5 0 0
470 0.0827936 0.75 13.25 0.584314 0.5 0 0
480 0.0827936 0.5 13.75 0.686275 0.5 0 0
490 0.0827936 0.5 13.75 0.576471 0.5 0 0
500 0.0827936 0.5 14.25 0.611765 0.5 0 0
510 0.0827936 0.5 14.25 0.54902 0.5 0 0
520 0.0826269 0.5 14.75 0.572549 0.5 0 0
530 0.0826269 0.5 14.75 0.580392 0.5 0 0
540 0.0826259 0.5 15.25 0.54902 0.5 0 0
550 0.0826259 0.5 15.25 0.580392 0.5 0 0
560 0.0826259 0.5 15.75 0.611765 0.5 0 0
570 0.0826259 0.5 15.75 0.552941 0.5 0 0
580 0.0826259 0.5 16.25 0.572549 0.5 0 0
590 0.0826259 0.5 16.25 0.545098 0.5 0 0
600 0.0826259 0.5 16.75 0.52549 0.5 0 0
610 0.0826259 0.5 16.75 0.533333 0.5 0 0
620 0.0826259 0.5 17.25 0.607843 0.5 0 0
630 0.0826259 0.5 17.25 0.560784 0.5 0 0
640 0.0826259 0.5 17.75 0.682353 0.5 0 0
650 0.0826259 0.5 17.75 0.552941 0.5 0 0
660 0.0826259 0.5 18.25 0.552941 0.5 0 0
670 0.0826259 0.5 18.25 0.576471 0.5 0 0
680 0.0826259 0.5 18.75 0.611765 0.5 0 0
690 0.0826259 0.5 18.75 0.576471 0.5 0 0
700 0.0826259 0.5 19.25 0.533333 0.5 0 0
710 0.0826259 0.5 19.25 0.611765 0.5 0 0
720 0.0826259 0.5 19.75 0.560784 0.5 0 0
730 0.0826259 0.5 19.75 0.541176 0.5 0 0
740 0.0826259 0.5 20.25 0.556863 0.5 0 0
750 0.0826259 0.5 20.25 0.537255 0.5 0 0
760 0.0826259 0.5 20.75 0.560784 0.5 0 0
770 0.0826259 0.5 20.75 0.686275 0.5 0 0
780 0.0826259 0.5 21.25 0.556863 0.5 0 0
790 0.0826259 0.5 21.25 0.541176 0.5 0 0
800 0.082542 0.5 21.75 0.541176 0.5 0 0
810 0.082542 0.5 21.75 0.580392 0.5 0 0
820 0.0827315 0.5 22.25 0.611765 0.5 0 0
830 0.0827315 0.5 22.25 0.568627 0.5 0 0
840 0.0827447 0.5 22.75 0.54902 0.5 0 0
850 0.0827447 0.5 22.75 0.584314 0.5 0 0
860 0.0826751 0.5 23.25 0.556863 0.5 0 0
870 0.0826751 0.5 23.25 0.576471 0.5 0 0
880 0.082127 0.5 23.75 0.572549 0.5 0 0
890 0.082127 0.5 23.75 0.533333 0.5 0 0
900 0.0818021 0.5 24.25 0.552941 0.5 0 0
910 0.0818021 0.5 24.25 0.533333 0.5 0 0
920 0.0815948 0.5 24.75 0.537255 0.5 0 0
930 0.0815948 0.5 24.75 0.537255 0.5 0 0
940 0.0815488 0.5 25.25 0.541176 0.5 0 0
950 0.0815488 0.5 25.25 0.556863 0.5 0 0
960 0.0814491 0.5 25.75 0.576471 0.5 0 0
970 0.0814491 0.5 25.75 0.556863 0.5 0 0
980 0.0813376 0.5 26.25 0.545098 0.5 0 0
990 0.0813376 0.5 26.25 0.576471 0.5 0 0
1000 0.0812687 0 26.25 0.560784 0.5 0 0
1010 0.0812687 0 26.25 0.576471 0.5 0 0
1020 0.0812685 0 26.25 0.552941 0.5 0 0
1030 0.0812685 0 26.25 0.560784 0.5 0 0
1040 0.0812685 0.5 26.75 0.533333 0.5 0 0
1050 0.0812685 0.5 26.75 0.611765 0.5 0 0
1060 0.0812685 0.5 27.25 0.682353 0.5 0 0
1070 0.0812685 0.5 27.25 0.580392 0.5 0 0
1080 0.0812685 0.5 27.75 0.576471 0.5 0 0
1090 0.0812685 0.5 27.75 0.517647 0.5 0 0
1100 0.0812685 0.5 28.25 0.682353 0.5 0 0
1110 0.0812685 0.5 28.25 0.545098 0.5 0 0
1120 0.0812685 0.5 28.75 0.564706 0.5 0 0
1130 0.0812685 0.5 28.75 0.545098 0.5 0 0
1140 0.0812685 0.5 29.25 0.611765 0.5 0 0
1150 0.0812685 0.5 29.25 0.682353 0.5 0 0
1160 0.0812685 0.5 29.75 0.576471 0.5 0 0
1170 0.0812685 0.5 29.75 0.584314 0.5 0 0
1180 0.0812726 0.5 30.25 0.54902 0.5 0 0
1190 0.0812726 0.5 30.25 0.486275 0.5 0 0
1200 0.0814547 0.5 30.75 0.486275 0.5 0 0
1210 0.0814547 0.5 30.75 0.482353 0.5 0 0
1220 0.0815869 0.5 31.25 0.486275 0.5 0 0
1230 0.0815869 0.5 31.25 0.486275 0.5 0 0
1240 0.0816918 0.5 31.75 0.482353 0.5 0 0
1250 0.0816918 0.5 31.75 0.486275 0.5 0 0
1260 0.0816951 0.5 32.25 0.482353 0.5 0 0
1270 0.0816951 0.5 32.25 0.486275 0.5 0 0
1280 0.0816955 0.5 32.75 0.486275 0.5 0 0
1290 0.0816955 0.5 32.75 0.486275 0.5 0 0
1300 0.0816955 0.5 33.25 0.486275 0.5 0 0
1310 0.0816955 0.5 33.25 0.486275 0.5 0 0
1320 0.0816955 0.5 33.75 0.486275 0.5 0 0
1330 0.0816955 0.5 33.75 0.482353 0.5 0 0
1340 0.0816955 0.5 34.25 0.482353 0.5 0 0
1350 0.0816955 0.5 34.25 0.482353 0.5 0 0
1360 0.0816956 0.5 34.75 0.482353 0.5 0 0
1370 0.0816956 0.5 34.75 0.486275 0.5 0 0
1380 0.081696 0.5 35.25 0.482353 0.5 0 0
1390 0.081696 0.5 35.25 0.482353 0.5 0 0
1400 0.0816964 0.5 35.75 0.486275 0.5 0 0
1410 0.0816964 0.5 35.75 0.482353 0.5 0 0
1420 0.081703 0.5 36.25 0.486275 0.5 0 0
1430 0.081703 0.5 36.25 0.486275 0.5 0 0
1440 0.0817096 0.75 37 0.482353 0.5 0 0
1450 0.0817096 0.75 37 0.486275 0.5 0 0
1460 0.0817096 0.75 37.75 0.482353 0.5 0 0
1470 0.0817096 0.75 37.75 0.482353 0.5 0 0
1480 0.0817096 0.75 38.5 0.486275 0.5 0 0
1490 0.0817096 0.75 38.5 0.482353 0.5 0 0
1500 0.0817096 0.75 39.25 0.482353 0.5 0 0
1510 0.0817096 0.75 39.25 0.482353 0.5 0 0
1520 0.0817215 0.75 40 0.478431 0.5 0 0
1530 0.0817215 0.75 40 0.478431 0.5 0 0
1540 0.082052 0.75 40.75 0.47451 0.5 0 0
1550 0.082052 0.75 40.75 0.466667 0.5 0 0
1560 0.0815701 0.75 41.5 0.454902 0.5 0 0
1570 0.0815701 0.75 41.5 0.439216 0.5 0 0
1580 0.080117 0.75 42.25 0.439216 0.5 0 0
1590 0.080117 0.75 42.25 0.439216 0.5 0 0
1600 0.0794345 0.75 43 0.443137 0.5 0 0
1610 0.0794345 0.75 43 0.439216 0.5 0 0
1620 0.0793995 0.75 43.75 0.439216 0.5 0 0
1630 0.0793995 0.75 43.75 0.439216 0.5 0 0
1640 0.0793995 0.75 44.5 0.439216 0.5 0 0
1650 0.0793995 0.75 44.5 0.443137 0.5 0 0
1660 0.0791914 0.75 45.25 0.435294 0.5 0 0
1670 0.0791914 0.75 45.25 0.431373 0.5 0 0
1680 0.0788764 0.75 46 0.435294 0.5 0 0
1690 0.0788764 0.75 46 0.435294 0.5 0 0
1700 0.0783935 0.75 46.75 0.431373 0.5 0 0
1710 0.0783935 0.75 46.75 0.435294 0.5 0 0
1720 0.0783407 0.75 47.5 0.435294 0.5 0 0
1730 0.0783407 0.75 47.5 0.431373 0.5 0 0
1740 0.0783407 0.75 48.25 0.435294 0.5 0 0
1750 0.0783407 0.75 48.25 0.427451 0.5 0 0
1760 0.0783407 0.75 49 0.435294 0.5 0 0
1770 0.0783407 0.75 49 0.435294 0.5 0 0
1780 0.0783407 0.75 49.75 0.431373 0.5 0 0
1790 0.0783407 0.75 49.75 0.435294 0.5 0 0
1800 0.0783407 0.75 50.5 0.431373 0.5 0 0
1810 0.0783407 0.75 50.5 0.435294 0.5 0 0
1820 0.0783407 0.75 51.25 0.435294 0.5 0 0
1830 0.0783407 0.75 51.25 0.431373 0.5 0 0
1840 0.0783407 0.75 52 0.427451 0.5 0 0
1850 0.0783407 0.75 52 0.431373 0.5 0 0
1860 0.0783407 0.75 52.75 0.431373 0.5 0 0
1870 0.0783407 0.75 52.75 0.431373 0.5 0 0
1880 0.0783407 0.5 53.25 0.431373 0.5 0 0
1890 0.0783407 0.5 53.25 0.435294 0.5 0 0
1900 0.0783407 0.75 54 0.435294 0.5 0 0
1910 0.0783407 0.75 54 0.435294 0.5 0 0
1920 0.0783407 0.75 54.75 0.435294 0.5 0 0
1930 0.0783407 0.75 54.75 0.435294 0.5 0 0
1940 0.0783407 0.5 55.25 0.431373 0.5 0 0
1950 0.0783407 0.5 55.25 0.431373 0.5 0 0
1960 0.0783407 0.75 56 0.431373 0.5 0 0
1970 0.0783407 0.75 56 0.431373 0.5 0 0
1980 0.0783407 0.75 56.75 0.435294 0.5 0 0
1990 0.0783407 0.75 56.75 0.431373 0.5 0 0
2000 0.0783407 0.5 57.25 0.431373 0.5 0 0
2010 0.0783407 0.5 57.25 0.431373 0.5 0 0
2020 0.0783407 0.75 58 0.435294 0.5 0 0
2030 0.0783407 0.75 58 0.435294 0.5 0 0
2040 0.0783407 0.75 58.75 0.431373 0.5 0 0
2050 0.0783407 0.75 58.75 0.431373 0.5 0 0
2060 0.0783407 0.75 59.5 0.431373 0.5 0 0
2070 0.0783407 0.75 59.5 0.431373 0.5 0 0
2080 0.0783407 0.75 60.25 0.435294 0.5 0 0
2090 0.0783407 0.75 60.25 0.435294 0.5 0 0
2100 0.0783407 0.75 61 0.431373 0.5 0 0
2110 0.0783407 0.75 61 0.431373 0.5 0 0
2120 0.0783407 0.75 61.75 0.431373 0.5 0 0
2130 0.0783407 0.75 61.75 0.435294 0.5 0 0
2140 0.0783407 0.5 62.25 0.435294 0.5 0 0
2150 0.0783407 0.5 62.25 0.435294 0.5 0 0
2160 0.0783407 0.5 62.75 0.435294 0.5 0 0
2170 0.0783407 0.5 62.75 0.431373 0.5 0 0
2180 0.0783407 0.5 63.25 0.431373 0.5 0 0
2190 0.0783407 0.5 63.25 0.431373 0.5 0 0
2200 0.0783407 0.5 63.75 0.431373 0.5 0 0
2210 0.0783407 0.5 63.75 0.431373 0.5 0 0
2220 0.0783407 0.5 64.25 0.431373 0.5 0 0
2230 0.0783407 0.5 64.25 0.427451 0.5 0 0
2240 0.0783407 0.5 64.75 0.435294 0.5 0 0
2250 0.0783407 0.5 64.75 0.435294 0.5 0 0
2260 0.0783407 0.5 65.25 0.431373 0.5 0 0
2270 0.0783407 0.5 65.25 0.427451 0.5 0 0
2280 0.0783407 0.5 65.75 0.435294 0.5 0 0
2290 0.0783407 0.5 65.75 0.431373 0.5 0 0
2300 0.0783407 0.75 66.5 0.431373 0.5 0 0
2310 0.0783407 0.75 66.5 0.427451 0.5 0 0
2320 0.0783327 0.75 67.25 0.431373 0.5 0 0
2330 0.0783327 0.75 67.25 0.435294 0.5 0 0
2340 0.0782439 1 68.25 0.431373 0.5 0 0
2350 0.0782439 1 68.25 0.431373 0.5 0 0
2360 0.0782439 1 69.25 0.431373 0.5 0 0
2370 0.0782439 1 69.25 0.431373 0.5 0 0
2380 0.0782439 1 70.25 0.431373 0.5 0 0
2390 0.0782439 1 70.25 0.435294 0.5 0 0
2400 0.0782439 1 71.25 0.431373 0.5 0 0
2410 0.0782439 1 71.25 0.435294 0.5 0 0
2420 0.0782439 1 72.25 0.431373 0.5 0 0
2430 0.0782439 1 72.25 0.435294 0.5 0 0
2440 0.0782439 0.5 72.75 0.435294 0.5 0 0
2450 0.0782439 0.5 72.75 0.431373 0.5 0 0
2460 0.0782439 1 73.75 0.431373 0.5 0 0
2470 0.0782439 1 73.75 0.435294 0.5 0 0
2480 0.0782439 1 74.75 0.431373 0.5 0 0
2490 0.0782439 1 74.75 0.435294 0.5 0 0
2500 0.0782439 1 75.75 0.431373 0.5 0 0
2510 0.0782439 1 75.75 0.427451 0.5 0 0
2520 0.0782439 1 76.75 0.431373 0.5 0 0
2530 0.0782439 1 76.75 0.431373 0.5 0 0
2540 0.0782439 1 77.75 0.431373 0.5 0 0
2550 0.0782439 1 77.75 0.431373 0.5 0 0
2560 0.0782439 0.75 78.5 0.435294 0.5 0 0
2570 0.0782439 0.75 78.5 0.431373 0.5 0 0
2580 0.0782439 0.75 79.25 0.431373 0.5 0 0
2590 0.0782439 0.75 79.25 0.435294 0.5 0 0
2600 0.0782439 0.75 80 0.435294 0.5 0 0
2610 0.0782439 0.75 80 0.427451 0.5 0 0
2620 0.0782439 0.75 80.75 0.431373 0.5 0 0
2630 0.0782439 0.75 80.75 0.431373 0.5 0 0
2640 0.0782439 0.75 81.5 0.431373 0.5 0 0
2650 0.0782439 0.75 81.5 0.435294 0.5 0 0
2660 0.0782439 0.75 82.25 0.431373 0.5 0 0
2670 0.0782439 0.75 82.25 0.431373 0.5 0 0
2680 0.0782439 0.75 83 0.431373 0.5 0 0
2690 0.0782439 0.75 83 0.435294 0.5 0 0
2700 0.0782439 0.75 83.75 0.431373 0.5 0 0
2710 0.0782439 0.75 83.75 0.431373 0.5 0 0
2720 0.0782439 0.75 84.5 0.435294 0.5 0 0
2730 0.0782439 0.75 84.5 0.435294 0.5 0 0
2740 0.0782439 0.75 85.25 0.431373 0.5 0 0
2750 0.0782439 0.75 85.25 0.431373 0.5 0 0
2760 0.0782439 0.75 86 0.435294 0.5 0 0
2770 0.0782439 0.75 86 0.431373 0.5 0 0
2780 0.0782439 0.5 86.5 0.435294 0.5 0 0
2790 0.0782439 0.5 86.5 0.435294 0.5 0 0
2800 0.0782439 0.5 87 0.435294 0.5 0 0
2810 0.0782439 0.5 87 0.435294 0.5 0 0
2820 0.0782439 0.5 87.5 0.431373 0.5 0 0
2830 0.0782439 0.5 87.5 0.435294 0.5 0 0
2840 0.0782439 0.5 88 0.431373 0.5 0 0
2850 0.0782439 0.5 88 0.431373 0.5 0 0
2860 0.0782439 1 89 0.431373 0.5 0 0
2870 0.0782439 1 89 0.431373 0.5 0 0
2880 0.0782439 1 90 0.435294 0.5 0 0
2890 0.0782439 1 90 0.435294 0.5 0 0
2900 0.0782439 1 91 0.435294 0.5 0 0
2910 0.0782439 1 91 0.431373 0.5 0 0
2920 0.0782439 1 92 0.435294 0.5 0 0
2930 0.0782439 1 92 0.435294 0.5 0 0
2940 0.0782439 1 93 0.435294 0.5 0 0
2950 0.0782439 1 93 0.435294 0.5 0 0
2960 0.0782439 1 94 0.431373 0.5 0 0
2970 0.0782439 1 94 0.431373 0.5 0 0
2980 0.0782439 1 95 0.435294 0.5 0 0
2990 0.0782439 1 95 0.435294 0.5 0 0
3000 0.0782439 1 96 0.431373 0.5 0 0
3010 0.0782439 1 96 0.431373 0.5 0 0
3020 0.0782439 1 97 0.431373 0.5 0 0
3030 0.0782439 1 97 0.431373 0.5 0 0
3040 0.0782439 1 98 0.435294 0.5 0 0
3050 0.0782439 1 98 0.431373 0.5 0 0
3060 0.0782439 1 99 0.435294 0.5 0 0
3070 0.0782439 1 99 0.427451 0.5 0 0
3080 0.0782439 1 100 0.431373 0.5 0 0
3090 0.0782439 1 100 0.431373 0.5 0 0
3100 0.0782439 1 101 0.435294 0.5 0 0
3110 0.0782439 1 101 0.435294 0.5 0 0
3120 0.0782439 1 102 0.431373 0.5 0 0
3130 0.0782439 1 102 0.431373 0.5 0 0
3140 0.0782439 1 103 0.431373 0.5 0 0
3150 0.0782439 1 103 0.435294 0.5 0 0
3160 0.0782439 0.5 103.5 0.431373 0.5 0 0
3170 0.0782439 0.5 103.5 0.431373 0.5 0 0
3180 0.0782439 1 104.5 0.431373 0.5 0 0
3190 0.0782439 1 104.5 0.427451 0.5 0 0
3200 0.0782439 1 105.5 0.431373 0.5 0 0
3210 0.0782439 1 105.5 0.435294 0.5 0 0
3220 0.0782439 1 106.5 0.431373 0.5 0 0
3230 0.0782439 1 106.5 0.431373 0.5 0 0
3240 0.0782439 1 107.5 0.435294 0.5 0 0
3250 0.0782439 1 107.5 0.435294 0.5 0 0
3260 0.0782439 1 108.5 0.427451 0.5 0 0
3270 0.0782439 1 108.5 0.435294 0.5 0 0
3280 0.0782439 0.75 109.25 0.435294 0.5 0 0
3290 0.0782439 0.75 109.25 0.431373 0.5 0 0
3300 0.0782439 0.75 110 0.435294 0.5 0 0
3310 0.0782439 0.75 110 0.435294 0.5 0 0
3320 0.0782439 0.75 110.75 0.431373 0.5 0 0
3330 0.0782439 0.75 110.75 0.435294 0.5 0 0
3340 0.0782439 0.75 111.5 0.431373 0.5 0 0
3350 0.0782439 0.75 111.5 0.435294 0.5 0 0
3360 0.0782439 0.75 112.25 0.435294 0.5 0 0
3370 0.0782439 0.75 112.25 0.435294 0.5 0 0
3380 0.0782439 0.75 113 0.431373 0.5 0 0
3390 0.0782439 0.75 113 0.435294 0.5 0 0
3400 0.0782439 0.75 113.75 0.431373 0.5 0 0
3410 0.0782439 0.75 113.75 0.431373 0.5 0 0
3420 0.0782439 0.75 114.5 0.431373 0.5 0 0
3430 0.0782439 0.75 114.5 0.435294 0.5 0 0
3440 0.0782439 0.75 115.25 0.435294 0.5 0 0
3450 0.0782439 0.75 115.25 0.435294 0.5 0 0
3460 0.0782439 0.75 116 0.435294 0.5 0 0
3470 0.0782439 0.75 116 0.431373 0.5 0 0
3480 0.0782439 0.75 116.75 0.431373 0.5 0 0
3490 0.0782439 0.75 116.75 0.431373 0.5 0 0
3500 0.0782439 0.75 117.5 0.431373 0.5 0 0
3510 0.0782439 0.75 117.5 0.435294 0.5 0 0
3520 0.0782439 0.75 118.25 0.435294 0.5 0 0
3530 0.0782439 0.75 118.25 0.431373 0.5 0 0
3540 0.0782439 0.75 119 0.431373 0.5 0 0
3550 0.0782439 0.75 119 0.427451 0.5 0 0
3560 0.0782362 1 120 0.431373 0.5 0 0
3570 0.0782362 1 120 0.435294 0.5 0 0
3580 0.0782302 1 121 0.431373 0.5 0 0
3590 0.0782302 1 121 0.431373 0.5 0 0
3600 0.0782302 1 122 0.431373 0.5 0 0
3610 0.0782302 1 122 0.431373 0.5 0 0
3620 0.0782302 1 123 0.431373 0.5 0 0
3630 0.0782302 1 123 0.435294 0.5 0 0
3640 0.0782302 1 124 0.431373 0.5 0 0
3650 0.0782302 1 124 0.431373 0.5 0 0
3660 0.0782302 1 125 0.431373 0.5 0 0
3670 0.0782302 1 125 0.435294 0.5 0 0
3680 0.0782302 0.75 125.75 0.431373 0.5 0 0
3690 0.0782302 0.75 125.75 0.431373 0.5 0 0
3700 0.0782302 0.75 126.5 0.431373 0.5 0 0
3710 0.0782302 0.75 126.5 0.435294 0.5 0 0
3720 0.0782268 0.75 127.25 0.431373 0.5 0 0
3730 0.0782268 0.75 127.25 0.431373 0.5 0 0
3740 0.0782249 0.75 128 0.435294 0.5 0 0
3750 0.0782249 0.75 128 0.435294 0.5 0 0
3760 0.0782249 0.75 128.75 0.431373 0.5 0 0
3770 0.0782249 0.75 128.75 0.431373 0.5 0 0
3780 0.0782249 0.75 129.5 0.431373 0.5 0 0
3790 0.0782249 0.75 129.5 0.431373 0.5 0 0
3800 0.0782243 0.75 130.25 0.431373 0.5 0 0
3810 0.0782243 0.75 130.25 0.427451 0.5 0 0
3820 0.0782187 0.75 131 0.435294 0.5 0 0
3830 0.0782187 0.75 131 0.431373 0.5 0 0
3840 0.0782136 0.75 131.75 0.431373 0.5 0 0
3850 0.0782136 0.75 131.75 0.431373 0.5 0 0
3860 0.0782134 0.75 132.5 0.431373 0.5 0 0
3870 0.0782134 0.75 132.5 0.431373 0.5 0 0
3880 0.0782134 0.75 133.25 0.435294 0.5 0 0
3890 0.0782134 0.75 133.25 0.435294 0.5 0 0
3900 0.0782134 0.75 134 0.435294 0.5 0 0
3910 0.0782134 0.75 134 0.435294 0.5 0 0
3920 0.0782122 0.5 134.5 0.431373 0.5 0 0
3930 0.0782122 0.5 134.5 0.431373 0.5 0 0
3940 0.0780162 1 135.5 0.435294 0.5 0 0
3950 0.0780162 1 135.5 0.431373 0.5 0 0
3960 0.077904 1 136.5 0.427451 0.5 0 0
3970 0.077904 1 136.5 0.431373 0.5 0 0
3980 0.077904 1 137.5 0.431373 0.5 0 0
3990 0.077904 1 137.5 0.435294 0.5 0 0
4000 0.077904 1 138.5 0.431373 0.5 0 0
4010 0.077904 1 138.5 0.431373 0.5 0 0
4020 0.077904 1 139.5 0.435294 0.5 0 0
4030 0.077904 1 139.5 0.431373 0.5 0 0
4040 0.077904 1 140.5 0.431373 0.5 0 0
4050 0.077904 1 140.5 0.435294 0.5 0 0
4060 0.077902 0.75 141.25 0.431373 0.5 0 0
4070 0.077902 0.75 141.25 0.431373 0.5 0 0
4080 0.0778971 0.75 142 0.431373 0.5 0 0
4090 0.0778971 0.75 142 0.431373 0.5 0 0
4100 0.0778931 0.75 142.75 0.435294 0.5 0 0
4110 0.0778931 0.75 142.75 0.431373 0.5 0 0
4120 0.0778885 0.75 143.5 0.431373 0.5 0 0
4130 0.0778885 0.75 143.5 0.431373 0.5 0 0
4140 0.0778812 0.75 144.25 0.435294 0.5 0 0
4150 0.0778812 0.75 144.25 0.435294 0.5 0 0
4160 0.0778811 0 144.25 0.427451 0.5 0 0
4170 0.0778811 0 144.25 0.435294 0.5 0 0
4180 0.0778811 0.5 144.75 0.431373 0.5 0 0
4190 0.0778811 0.5 144.75 0.435294 0.5 0 0
4200 0.0778791 0.75 145.5 0.435294 0.5 0 0
4210 0.0778791 0.75 145.5 0.431373 0.5 0 0
4220 0.0778776 0.75 146.25 0.435294 0.5 0 0
4230 0.0778776 0.75 146.25 0.435294 0.5 0 0
4240 0.0778697 0.75 147 0.431373 0.5 0 0
4250 0.0778697 0.75 147 0.431373 0.5 0 0
4260 0.0778643 0.75 147.75 0.431373 0.5 0 0
4270 0.0778643 0.75 147.75 0.435294 0.5 0 0
4280 0.0778641 0.75 148.5 0.431373 0.5 0 0
4290 0.0778641 0.75 148.5 0.435294 0.5 0 0
4300 0.0778623 0.75 149.25 0.431373 0.5 0 0
4310 0.0778623 0.75 149.25 0.435294 0.5 0 0
4320 0.0778623 0.75 150 0.431373 0.5 0 0
4330 0.0778623 0.75 150 0.431373 0.5 0 0
4340 0.0778609 0.75 150.75 0.431373 0.5 0 0
4350 0.0778609 0.75 150.75 0.431373 0.5 0 0
4360 0.0778518 0.75 151.5 0.431373 0.5 0 0
4370 0.0778518 0.75 151.5 0.435294 0.5 0 0
4380 0.0778476 0.75 152.25 0.431373 0.5 0 0
4390 0.0778476 0.75 152.25 0.431373 0.5 0 0
4400 0.0778085 0.75 153 0.435294 0.5 0 0
4410 0.0778085 0.75 153 0.435294 0.5 0 0
4420 0.0777316 0.75 153.75 0.431373 0.5 0 0
4430 0.0777316 0.75 153.75 0.431373 0.5 0 0
4440 0.0777316 0.75 154.5 0.431373 0.5 0 0
4450 0.0777316 0.75 154.5 0.431373 0.5 0 0
4460 0.0777316 0.75 155.25 0.431373 0.5 0 0
4470 0.0777316 0.75 155.25 0.431373 0.5 0 0
4480 0.0777316 0.75 156 0.435294 0.5 0 0
4490 0.0777316 0.75 156 0.431373 0.5 0 0
4500 0.0777316 0.75 156.75 0.435294 0.5 0 0
4510 0.0777316 0.75 156.75 0.431373 0.5 0 0
4520 0.0777215 0.5 157.25 0.431373 0.5 0 0
4530 0.0777215 0.5 157.25 0.435294 0.5 0 0
4540 0.0776514 0.5 157.75 0.435294 0.5 0 0
4550 0.0776514 0.5 157.75 0.435294 0.5 0 0
4560 0.0776456 0.5 158.25 0.431373 0.5 0 0
4570 0.0776456 0.5 158.25 0.431373 0.5 0 0
4580 0.0776147 0.25 158.5 0.435294 0.5 0 0
4590 0.0776147 0.25 158.5 0.431373 0.5 0 0
4600 0.0776126 0.25 158.75 0.431373 0.5 0 0
4610 0.0776126 0.25 158.75 0.431373 0.5 0 0
4620 0.0776126 0.25 159 0.435294 0.5 0 0
4630 0.0776126 0.25 159 0.435294 0.5 0 0
4640 0.077609 0.25 159.25 0.435294 0.5 0 0
4650 0.077609 0.25 159.25 0.431373 0.5 0 0
4660 0.0775588 0.25 159.5 0.427451 0.5 0 0
4670 0.0775588 0.25 159.5 0.435294 0.5 0 0
4680 0.0775585 0.25 159.75 0.435294 0.5 0 0
4690 0.0775585 0.25 159.75 0.431373 0.5 0 0
4700 0.0775585 0.25 160 0.431373 0.5 0 0
4710 0.0775585 0.25 160 0.431373 0.5 0 0
4720 0.0775585 0.25 160.25 0.435294 0.5 0 0
4730 0.0775585 0.25 160.25 0.431373 0.5 0 0
4740 0.0775585 0.25 160.5 0.431373 0.5 0 0
4750 0.0775585 0.25 160.5 0.431373 0.5 0 0
4760 0.0775585 0.25 160.75 0.431373 0.5 0 0
4770 0.0775585 0.25 160.75 0.427451 0.5 0 0
4780 0.0775585 0.25 161 0.431373 0.5 0 0
4790 0.0775585 0.25 161 0.435294 0.5 0 0
4800 0.0775585 0.25 161.25 0.435294 0.5 0 0
4810 0.0775585 0.25 161.25 0.435294 0.5 0 0
4820 0.0775585 0.25 161.5 0.431373 0.5 0 0
4830 0.0775585 0.25 161.5 0.431373 0.5 0 0
4840 0.0775585 0.25 161.75 0.427451 0.5 0 0
4850 0.0775585 0.25 161.75 0.431373 0.5 0 0
4860 0.0776329 0.25 162 0.427451 0.5 0 0
4870 0.0776329 0.25 162 0.423529 0.5 0 0
4880 0.0779693 0.25 162.25 0.419608 0.5 0 0
4890 0.0779693 0.25 162.25 0.419608 0.5 0 0
4900 0.0787272 0.25 162.5 0.419608 0.5 0 0
4910 0.0787272 0.25 162.5 0.419608 0.5 0 0
4920 0.0792155 0.25 162.75 0.419608 0.5 0 0
4930 0.0792155 0.25 162.75 0.419608 0.5 0 0
4940 0.0792282 0.25 163 0.419608 0.5 0 0
4950 0.0792282 0.25 163 0.419608 0.5 0 0
4960 0.0792282 0.25 163.25 0.419608 0.5 0 0
4970 0.0792282 0.25 163.25 0.419608 0.5 0 0
4980 0.0792282 0.25 163.5 0.419608 0.5 0 0
4990 0.0792282 0.25 163.5 0.419608 0.5 0 0
5000 0.0792731 0.25 163.75 0.419608 0.5 0 0
5010 0.0792731 0.25 163.75 0.419608 0.5 0 0
5020 0.0794638 0.25 164 0.419608 0.5 0 0
5030 0.0794638 0.25 164 0.419608 0.5 0 0
5040 0.0794635 0.25 164.25 0.419608 0.5 0 0
5050 0.0794635 0.25 164.25 0.419608 0.5 0 0
5060 0.0794603 0.25 164.5 0.419608 0.5 0 0
5070 0.0794603 0.25 164.5 0.419608 0.5 0 0
5080 0.0794978 0.25 164.75 0.419608 0.5 0 0
5090 0.0794978 0.25 164.75 0.415686 0.5 0 0
5100 0.0793658 0.25 165 0.411765 0.5 0 0
5110 0.0793658 0.25 165 0.411765 0.5 0 0
5120 0.0791205 0.25 165.25 0.411765 0.5 0 0
5130 0.0791205 0.25 165.25 0.411765 0.5 0 0
5140 0.0790227 0.25 165.5 0.411765 0.5 0 0
5150 0.0790227 0.25 165.5 0.411765 0.5 0 0
5160 0.0790227 0.25 165.75 0.411765 0.5 0 0
5170 0.0790227 0.25 165.75 0.411765 0.5 0 0
5180 0.0789468 0.25 166 0.411765 0.5 0 0
5190 0.0789468 0.25 166 0.411765 0.5 0 0
5200 0.0788064 0.25 166.25 0.411765 0.5 0 0
5210 0.0788064 0.25 166.25 0.411765 0.5 0 0
5220 0.0784378 0.25 166.5 0.411765 0.5 0 0
5230 0.0784378 0.25 166.5 0.411765 0.5 0 0
5240 0.0784217 0.25 166.75 0.411765 0.5 0 0
5250 0.0784217 0.25 166.75 0.411765 0.5 0 0
5260 0.0784217 0.25 167 0.411765 0.5 0 0
5270 0.0784217 0.25 167 0.411765 0.5 0 0
5280 0.078418 0.25 167.25 0.411765 0.5 0 0
5290 0.078418 0.25 167.25 0.411765 0.5 0 0
5300 0.078418 0.25 167.5 0.411765 0.5 0 0
5310 0.078418 0.25 167.5 0.411765 0.5 0 0
5320 0.078418 0.25 167.75 0.411765 0.5 0 0
5330 0.078418 0.25 167.75 0.411765 0.5 0 0
5340 0.078418 0.25 168 0.411765 0.5 0 0
5350 0.078418 0.25 168 0.411765 0.5 0 0
5360 0.078418 0.25 168.25 0.411765 0.5 0 0
5370 0.078418 0.25 168.25 0.411765 0.5 0 0
5380 0.078418 0.25 168.5 0.411765 0.5 0 0
5390 0.078418 0.25 168.5 0.411765 0.5 0 0
5400 0.078418 0.25 168.75 0.411765 0.5 0 0
5410 0.078418 0.25 168.75 0.411765 0.5 0 0
5420 0.078418 0.25 169 0.411765 0.5 0 0
5430 0.078418 0.25 169 0.411765 0.5 0 0
5440 0.078418 0.25 169.25 0.411765 0.5 0 0
5450 0.078418 0.25 169.25 0.411765 0.5 0 0
5460 0.0784985 0.25 169.5 0.411765 0.5 0 0
5470 0.0784985 0.25 169.5 0.411765 0.5 0 0
5480 0.0784985 0.25 169.75 0.411765 0.5 0 0
5490 0.0784985 0.25 169.75 0.411765 0.5 0 0
5500 0.0784985 0.25 170 0.411765 0.5 0 0
5510 0.0784985 0.25 170 0.411765 0.5 0 0
5520 0.0788782 0.25 170.25 0.411765 0.5 0 0
5530 0.0788782 0.25 170.25 0.407843 0.5 0 0
5540 0.0793638 0.25 170.5 0.411765 0.5 0 0
5550 0.0793638 0.25 170.5 0.411765 0.5 0 0
5560 0.0794948 0.25 170.75 0.411765 0.5 0 0
5570 0.0794948 0.25 170.75 0.411765 0.5 0 0
5580 0.0796857 0.25 171 0.407843 0.5 0 0
5590 0.0796857 0.25 171 0.407843 0.5 0 0
5600 0.0800042 0.25 171.25 0.403922 0.5 0 0
5610 0.0800042 0.25 171.25 0.403922 0.5 0 0
5620 0.0798286 0.25 171.5 0.403922 0.5 0 0
5630 0.0798286 0.25 171.5 0.403922 0.5 0 0
5640 0.0796796 0.25 171.75 0.403922 0.5 0 0
5650 0.0796796 0.25 171.75 0.403922 0.5 0 0
5660 0.0796731 0.25 172 0.403922 0.5 0 0
5670 0.0796731 0.25 172 0.403922 0.5 0 0
5680 0.0799015 0.25 172.25 0.403922 0.5 0 0
5690 0.0799015 0.25 172.25 0.403922 0.5 0 0
5700 0.0803307 0 172.25 0.4 0.5 0 0
5710 0.0803307 0 172.25 0.396078 0.5 0 0
5720 0.0798966 0.25 172.5 0.396078 0.5 0 0
5730 0.0798966 0.25 172.5 0.396078 0.5 0 0
5740 0.0795744 0.25 172.75 0.396078 0.5 0 0
5750 0.0795744 0.25 172.75 0.396078 0.5 0 0
5760 0.079255 0.25 173 0.392157 0.5 0 0
5770 0.079255 0.25 173 0.396078 0.5 0 0
5780 0.079225 0.5 173.5 0.396078 0.5 0 0
5790 0.079225 0.5 173.5 0.396078 0.5 0 0
5800 0.0791396 0.5 174 0.396078 0.5 0 0
5810 0.0791396 0.5 174 0.396078 0.5 0 0
5820 0.07906 0.5 174.5 0.396078 0.5 0 0
5830 0.07906 0.5 174.5 0.396078 0.5 0 0
5840 0.0790424 0.5 175 0.396078 0.5 0 0
5850 0.0790424 0.5 175 0.396078 0.5 0 0
5860 0.0788901 0.5 175.5 0.396078 0.5 0 0
5870 0.0788901 0.5 175.5 0.392157 0.5 0 0
5880 0.0788897 0.5 176 0.396078 0.5 0 0
5890 0.0788897 0.5 176 0.396078 0.5 0 0
5900 0.0788897 0 176 0.396078 0.5 0 0
5910 0.0788897 0 176 0.396078 0.5 0 0
5920 0.0788897 0 176 0.396078 0.5 0 0
5930 0.0788897 0 176 0.396078 0.5 0 0
5940 0.0788897 0 176 0.396078 0.5 0 0
5950 0.0788897 0 176 0.396078 0.5 0 0
5960 0.0788897 0 176 0.396078 0.5 0 0
5970 0.0788897 0 176 0.396078 0.5 0 0
5980 0.0788897 0 176 0.396078 0.5 0 0
5990 0.0788897 0 176 0.396078 0.5 0 0
6000 0.0788897 0 176 0.396078 0.5 0 0
6010 0.0788897 0 176 0.396078 0.5 0 0
6020 0.0788897 0 176 0.396078 0.5 0 0
6030 0.0788897 0 176 0.396078 0.5 0 0
6040 0.0788897 0 176 0.396078 0.5 0 0
6050 0.0788897 0 176 0.396078 0.5 0 0
6060 0.0788897 0 176 0.396078 0.5 0 0
6070 0.0788897 0 176 0.396078 0.5 0 0
6080 0.0788897 0 176 0.396078 0.5 0 0
6090 0.0788897 0 176 0.392157 0.5 0 0
6100 0.0788897 0 176 0.396078 0.5 0 0
6110 0.0788897 0 176 0.396078 0.5 0 0
6120 0.0788897 0 176 0.396078 0.5 0 0
6130 0.0788897 0 176 0.396078 0.5 0 0
6140 0.0788897 0 176 0.396078 0.5 0 0
6150 0.0788897 0 176 0.396078 0.5 0 0
6160 0.0788897 0 176 0.396078 0.5 0 0
6170 0.0788897 0 176 0.396078 0.5 0 0
6180 0.0788897 0 176 0.396078 0.5 0 0
6190 0.0788897 0 176 0.392157 0.5 0 0
6200 0.0788897 0 176 0.396078 0.5 0 0
6210 0.0788897 0 176 0.396078 0.5 0 0
6220 0.0788897 0 176 0.396078 0.5 0 0
6230 0.0788897 0 176 0.392157 0.5 0 0
6240 0.0788897 0 176 0.396078 0.5 0 0
6250 0.0788897 0 176 0.396078 0.5 0 0
6260 0.0788897 0 176 0.392157 0.5 0 0
6270 0.0788897 0 176 0.396078 0.5 0 0
6280 0.0788897 0 176 0.396078 0.5 0 0
6290 0.0788897 0 176 0.396078 0.5 0 0
6300 0.0788897 0 176 0.396078 0.5 0 0
6310 0.0788897 0 176 0.396078 0.5 0 0
6320 0.0788897 0 176 0.396078 0.5 0 0
6330 0.0788897 0 176 0.396078 0.5 0 0
6340 0.0788897 0 176 0.396078 0.5 0 0
6350 0.0788897 0 176 0.396078 0.5 0 0
6360 0.0788897 0 176 0.396078 0.5 0 0
6370 0.0788897 0 176 0.396078 0.5 0 0
6380 0.0788897 0 176 0.396078 0.5 0 0
6390 0.0788897 0 176 0.392157 0.5 0 0
6400 0.0788897 0 176 0.396078 0.5 0 0
6410 0.0788897 0 176 0.396078 0.5 0 0
6420 0.0788897 0 176 0.396078 0.5 0 0
6430 0.0788897 0 176 0.396078 0.5 0 0
6440 0.0788897 0 176 0.396078 0.5 0 0
6450 0.0788897 0 176 0.396078 0.5 0 0
6460 0.0788897 0 176 0.396078 0.5 0 0
6470 0.0788897 0 176 0.396078 0.5 0 0
6480 0.0788897 0 176 0.396078 0.5 0 0
6490 0.0788897 0 176 0.396078 0.5 0 0
6500 0.0788897 0 176 0.396078 0.5 0 0
6510 0.0788897 0 176 0.396078 0.5 0 0
6520 0.0788897 0 176 0.396078 0.5 0 0
6530 0.0788897 0 176 0.396078 0.5 0 0
6540 0.0788897 0 176 0.396078 0.5 0 0
6550 0.0788897 0 176 0.392157 0.5 0 0
6560 0.0788873 0 176 0.396078 0.5 0 0
6570 0.0788873 0 176 0.396078 0.5 0 0
6580 0.0788873 0 176 0.396078 0.5 0 0
6590 0.0788873 0 176 0.392157 0.5 0 0
6600 0.0788873 0 176 0.396078 0.5 0 0
6610 0.0788873 0 176 0.396078 0.5 0 0
6620 0.0788873 0 176 0.396078 0.5 0 0
6630 0.0788873 0 176 0.396078 0.5 0 0
6640 0.0788655 0 176 0.392157 0.5 0 0
6650 0.0788655 0 176 0.392157 0.5 0 0
6660 0.0788649 0 176 0.396078 0.5 0 0
6670 0.0788649 0 176 0.396078 0.5 0 0
6680 0.0788649 0 176 0.396078 0.5 0 0
6690 0.0788649 0 176 0.396078 0.5 0 0
6700 0.0788649 0 176 0.396078 0.5 0 0
6710 0.0788649 0 176 0.396078 0.5 0 0
6720 0.0788649 0 176 0.396078 0.5 0 0
6730 0.0788649 0 176 0.396078 0.5 0 0
6740 0.0788649 0 176 0.396078 0.5 0 0
6750 0.0788649 0 176 0.396078 0.5 0 0
6760 0.0788587 0 176 0.396078 0.5 0 0
6770 0.0788587 0 176 0.396078 0.5 0 0
6780 0.0788587 0 176 0.396078 0.5 0 0
6790 0.0788587 0 176 0.392157 0.5 0 0
6800 0.0788902 0 176 0.396078 0.5 0 0
6810 0.0788902 0 176 0.396078 0.5 0 0
6820 0.0794323 0 176 0.396078 0.5 0 0
6830 0.0794323 0 176 0.396078 0.5 0 0
6840 0.0797377 0 176 0.396078 0.5 0 0
6850 0.0797377 0 176 0.396078 0.5 0 0
6860 0.0797414 0 176 0.396078 0.5 0 0
6870 0.0797414 0 176 0.396078 0.5 0 0
6880 0.080157 0 176 0.396078 0.5 0 0
6890 0.080157 0 176 0.396078 0.5 0 0
6900 0.0806138 0 176 0.396078 0.5 0 0
6910 0.0806138 0 176 0.396078 0.5 0 0
6920 0.0809107 0 176 0.392157 0.5 0 0
6930 0.0809107 0 176 0.392157 0.5 0 0
6940 0.0811741 0 176 0.392157 0.5 0 0
6950 0.0811741 0 176 0.388235 0.5 0 0
6960 0.0806406 0 176 0.388235 0.5 0 0
6970 0.0806406 0 176 0.388235 0.5 0 0
6980 0.0802603 0 176 0.384314 0.5 0 0
6990 0.0802603 0 176 0.380392 0.5 0 0
7000 0.080185 0 176 0.380392 0.5 0 0
7010 0.080185 0 176 0.384314 0.5 0 0
7020 0.0797835 0 176 0.380392 0.5 0 0
7030 0.0797835 0 176 0.380392 0.5 0 0
7040 0.079036 0 176 0.380392 0.5 0 0
7050 0.079036 0 176 0.380392 0.5 0 0
7060 0.0786071 0 176 0.380392 0.5 0 0
7070 0.0786071 0 176 0.380392 0.5 0 0
7080 0.0788401 0 176 0.380392 0.5 0 0
7090 0.0788401 0 176 0.380392 0.5 0 0
7100 0.079555 0 176 0.376471 0.5 0 0
7110 0.079555 0 176 0.376471 0.5 0 0
7120 0.0800221 0 176 0.380392 0.5 0 0
7130 0.0800221 0 176 0.380392 0.5 0 0
7140 0.0792324 0 176 0.380392 0.5 0 0
7150 0.0792324 0 176 0.376471 0.5 0 0
7160 0.0792929 0 176 0.376471 0.5 0 0
7170 0.0792929 0 176 0.376471 0.5 0 0
7180 0.0792113 0 176 0.372549 0.5 0 0
7190 0.0792113 0 176 0.376471 0.5 0 0
7200 0.0793984 0 176 0.376471 0.5 0 0
7210 0.0793984 0 176 0.372549 0.5 0 0
7220 0.0799758 0 176 0.376471 0.5 0 0
7230 0.0799758 0 176 0.376471 0.5 0 0
7240 0.0804165 0 176 0.380392 0.5 0 0
7250 0.0804165 0 176 0.376471 0.5 0 0
7260 0.0804662 0 176 0.380392 0.5 0 0
7270 0.0804662 0 176 0.380392 0.5 0 0
7280 0.0804662 0 176 0.380392 0.5 0 0
7290 0.0804662 0 176 0.380392 0.5 0 0
7300 0.080489 0 176 0.380392 0.5 0 0
7310 0.080489 0 176 0.376471 0.5 0 0
7320 0.0804516 0 176 0.376471 0.5 0 0
7330 0.0804516 0 176 0.372549 0.5 0 0
7340 0.0801995 0 176 0.372549 0.5 0 0
7350 0.0801995 0 176 0.372549 0.5 0 0
7360 0.0795529 0 176 0.372549 0.5 0 0
7370 0.0795529 0 176 0.372549 0.5 0 0
7380 0.0793182 0 176 0.372549 0.5 0 0
7390 0.0793182 0 176 0.372549 0.5 0 0
7400 0.0792947 0 176 0.372549 0.5 0 0
7410 0.0792947 0 176 0.372549 0.5 0 0
7420 0.0792255 0 176 0.372549 0.5 0 0
7430 0.0792255 0 176 0.372549 0.5 0 0
7440 0.0792121 0 176 0.376471 0.5 0 0
7450 0.0792121 0 176 0.372549 0.5 0 0
7460 0.0792121 0 176 0.372549 0.5 0 0
7470 0.0792121 0 176 0.372549 0.5 0 0
7480 0.0792121 0 176 0.372549 0.5 0 0
7490 0.0792121 0 176 0.372549 0.5 0 0
7500 0.0792121 0 176 0.372549 0.5 0 0
7510 0.0792121 0 176 0.372549 0.5 0 0
7520 0.0792121 0 176 0.372549 0.5 0 0
7530 0.0792121 0 176 0.372549 0.5 0 0
7540 0.0792121 0 176 0.376471 0.5 0 0
7550 0.0792121 0 176 0.372549 0.5 0 0
7560 0.0792121 0 176 0.372549 0.5 0 0
7570 0.0792121 0 176 0.372549 0.5 0 0
7580 0.0792121 0 176 0.372549 0.5 0 0
7590 0.0792121 0 176 0.372549 0.5 0 0
7600 0.0792121 0 176 0.372549 0.5 0 0
7610 0.0792121 0 176 0.372549 0.5 0 0
7620 0.0792121 0 176 0.372549 0.5 0 0
7630 0.0792121 0 176 0.372549 0.5 0 0
7640 0.0792121 0 176 0.372549 0.5 0 0
7650 0.0792121 0 176 0.372549 0.5 0 0
7660 0.0792121 0 176 0.372549 0.5 0 0
7670 0.0792121 0 176 0.372549 0.5 0 0
7680 0.0792121 0 176 0.372549 0.5 0 0
7690 0.0792121 0 176 0.372549 0.5 0 0
7700 0.0792121 0 176 0.372549 0.5 0 0
7710 0.0792121 0 176 0.372549 0.5 0 0
7720 0.0792121 0 176 0.372549 0.5 0 0
7730 0.0792121 0 176 0.372549 0.5 0 0
7740 0.0792121 0 176 0.372549 0.5 0 0
7750 0.0792121 0 176 0.372549 0.5 0 0
7760 0.0792121 0 176 0.372549 0.5 0 0
7770 0.0792121 0 176 0.372549 0.5 0 0
7780 0.0792121 0 176 0.372549 0.5 0 0
7790 0.0792121 0 176 0.372549 0.5 0 0
7800 0.0792121 0 176 0.372549 0.5 0 0
7810 0.0792121 0 176 0.372549 0.5 0 0
7820 0.0792121 0 176 0.372549 0.5 0 0
7830 0.0792121 0 176 0.372549 0.5 0 0
7840 0.0792121 0 176 0.372549 0.5 0 0
7850 0.0792121 0 176 0.372549 0.5 0 0
7860 0.0792121 0 176 0.372549 0.5 0 0
7870 0.0792121 0 176 0.372549 0.5 0 0
7880 0.0792121 0 176 0.372549 0.5 0 0
7890 0.0792121 0 176 0.372549 0.5 0 0
7900 0.0792121 0 176 0.372549 0.5 0 0
7910 0.0792121 0 176 0.372549 0.5 0 0
7920 0.0792121 0 176 0.372549 0.5 0 0
7930 0.0792121 0 176 0.372549 0.5 0 0
7940 0.0792121 0 176 0.372549 0.5 0 0
7950 0.0792121 0 176 0.372549 0.5 0 0
7960 0.0792121 0 176 0.372549 0.5 0 0
7970 0.0792121 0 176 0.372549 0.5 0 0
7980 0.0792121 0 176 0.372549 0.5 0 0
7990 0.0792121 0 176 0.372549 0.5 0 0
8000 0.0792121 0 176 0.372549 0.5 0 0
8010 0.0792121 0 176 0.372549 0.5 0 0
8020 0.0792121 0 176 0.372549 0.5 0 0
8030 0.0792121 0 176 0.372549 0.5 0 0
8040 0.0792121 0 176 0.372549 0.5 0 0
8050 0.0792121 0 176 0.372549 0.5 0 0
8060 0.0792121 0 176 0.372549 0.5 0 0
8070 0.0792121 0 176 0.372549 0.5 0 0
8080 0.0792118 0 176 0.372549 0.5 0 0
8090 0.0792118 0 176 0.372549 0.5 0 0
8100 0.0792118 0 176 0.372549 0.5 0 0
8110 0.0792118 0 176 0.372549 0.5 0 0
8120 0.0792118 0 176 0.372549 0.5 0 0
8130 0.0792118 0 176 0.372549 0.5 0 0
8140 0.0792118 0 176 0.372549 0.5 0 0
8150 0.0792118 0 176 0.372549 0.5 0 0
8160 0.0792118 0 176 0.372549 0.5 0 0
8170 0.0792118 0 176 0.372549 0.5 0 0
8180 0.0792118 0 176 0.372549 0.5 0 0
8190 0.0792118 0 176 0.372549 0.5 0 0
8200 0.0792118 0 176 0.372549 0.5 0 0
8210 0.0792118 0 176 0.376471 0.5 0 0
8220 0.0792118 0 176 0.372549 0.5 0 0
8230 0.0792118 0 176 0.372549 0.5 0 0
8240 0.0792118 0 176 0.372549 0.5 0 0
8250 0.0792118 0 176 0.372549 0.5 0 0
8260 0.0792118 0 176 0.372549 0.5 0 0
8270 0.0792118 0 176 0.372549 0.5 0 0
8280 0.0792118 0 176 0.372549 0.5 0 0
8290 0.0792118 0 176 0.372549 0.5 0 0
8300 0.0792118 0 176 0.372549 0.5 0 0
8310 0.0792118 0 176 0.372549 0.5 0 0
8320 0.0792118 0 176 0.372549 0.5 0 0
8330 0.0792118 0 176 0.372549 0.5 0 0
8340 0.0792118 0 176 0.372549 0.5 0 0
8350 0.0792118 0 176 0.372549 0.5 0 0
8360 0.0792118 0 176 0.372549 0.5 0 0
8370 0.0792118 0 176 0.372549 0.5 0 0
8380 0.0792118 0 176 0.372549 0.5 0 0
8390 0.0792118 0 176 0.372549 0.5 0 0
8400 0.079528 0 176 0.372549 0.5 0 0
8410 0.079528 0 176 0.372549 0.5 0 0
8420 0.0799846 0 176 0.376471 0.5 0 0
8430 0.0799846 0 176 0.376471 0.5 0 0
8440 0.0809811 0 176 0.376471 0.5 0 0
8450 0.0809811 0 176 0.376471 0.5 0 0
8460 0.0813887 0 176 0.380392 0.5 0 0
8470 0.0813887 0 176 0.380392 0.5 0 0
8480 0.0816224 0 176 0.380392 0.5 0 0
8490 0.0816224 0 176 0.376471 0.5 0 0
8500 0.0816132 0 176 0.376471 0.5 0 0
8510 0.0816132 0 176 0.372549 0.5 0 0
8520 0.081551 0 176 0.372549 0.5 0 0
8530 0.081551 0 176 0.372549 0.5 0 0
8540 0.0814405 0 176 0.372549 0.5 0 0
8550 0.0814405 0 176 0.372549 0.5 0 0
8560 0.0806867 0 176 0.372549 0.5 0 0
8570 0.0806867 0 176 0.372549 0.5 0 0
8580 0.0806016 0 176 0.372549 0.5 0 0
8590 0.0806016 0 176 0.372549 0.5 0 0
8600 0.0805151 0 176 0.368627 0.5 0 0
8610 0.0805151 0 176 0.368627 0.5 0 0
8620 0.0797975 0 176 0.364706 0.5 0 0
8630 0.0797975 0 176 0.364706 0.5 0 0
8640 0.0779471 0 176 0.364706 0.5 0 0
8650 0.0779471 0 176 0.364706 0.5 0 0
8660 0.0765029 0 176 0.364706 0.5 0 0
8670 0.0765029 0 176 0.364706 0.5 0 0
8680 0.0763091 0 176 0.364706 0.5 0 0
8690 0.0763091 0 176 0.364706 0.5 0 0
8700 0.0767911 0 176 0.364706 0.5 0 0
8710 0.0767911 0 176 0.364706 0.5 0 0
8720 0.0770787 0 176 0.364706 0.5 0 0
8730 0.0770787 0 176 0.364706 0.5 0 0
8740 0.0777567 0 176 0.360784 0.5 0 0
8750 0.0777567 0 176 0.360784 0.5 0 0
8760 0.0783447 0 176 0.360784 0.5 0 0
8770 0.0783447 0 176 0.360784 0.5 0 0
8780 0.0784265 0 176 0.360784 0.5 0 0
8790 0.0784265 0 176 0.360784 0.5 0 0
8800 0.0783488 0 176 0.360784 0.5 0 0
8810 0.0783488 0 176 0.360784 0.5 0 0
8820 0.0781299 0 176 0.360784 0.5 0 0
8830 0.0781299 0 176 0.356863 0.5 0 0
8840 0.0780373 0 176 0.356863 0.5 0 0
8850 0.0780373 0 176 0.356863 0.5 0 0
8860 0.077962 0 176 0.356863 0.5 0 0
8870 0.077962 0 176 0.356863 0.5 0 0
8880 0.0775589 0 176 0.356863 0.5 0 0
8890 0.0775589 0 176 0.356863 0.5 0 0
8900 0.0773535 0 176 0.356863 0.5 0 0
8910 0.0773535 0 176 0.356863 0.5 0 0
8920 0.0766434 0 176 0.356863 0.5 0 0
8930 0.0766434 0 176 0.356863 0.5 0 0
8940 0.0756529 0 176 0.356863 0.5 0 0
8950 0.0756529 0 176 0.356863 0.5 0 0
8960 0.0753047 0 176 0.356863 0.5 0 0
8970 0.0753047 0 176 0.356863 0.5 0 0
8980 0.075304 0 176 0.356863 0.5 0 0
8990 0.075304 0 176 0.356863 0.5 0 0
9000 0.075304 0 176 0.356863 0.5 0 0
9010 0.075304 0 176 0.356863 0.5 0 0
9020 0.075304 0 176 0.356863 0.5 0 0
9030 0.075304 0 176 0.356863 0.5 0 0
9040 0.075304 0 176 0.356863 0.5 0 0
9050 0.075304 0 176 0.356863 0.5 0 0
9060 0.075304 0 176 0.356863 0.5 0 0
9070 0.075304 0 176 0.356863 0.5 0 0
9080 0.075304 0 176 0.356863 0.5 0 0
9090 0.075304 0 176 0.356863 0.5 0 0
9100 0.075304 0 176 0.356863 0.5 0 0
9110 0.075304 0 176 0.356863 0.5 0 0
9120 0.075304 0 176 0.356863 0.5 0 0
9130 0.075304 0 176 0.356863 0.5 0 0
9140 0.075304 0 176 0.356863 0.5 0 0
9150 0.075304 0 176 0.356863 0.5 0 0
9160 0.075304 0 176 0.356863 0.5 0 0
9170 0.075304 0 176 0.356863 0.5 0 0
9180 0.075304 0 176 0.356863 0.5 0 0
9190 0.075304 0 176 0.356863 0.5 0 0
9200 0.075304 0 176 0.356863 0.5 0 0
9210 0.075304 0 176 0.356863 0.5 0 0
9220 0.075304 0 176 0.356863 0.5 0 0
9230 0.075304 0 176 0.356863 0.5 0 0
9240 0.075304 0 176 0.356863 0.5 0 0
9250 0.075304 0 176 0.356863 0.5 0 0
9260 0.075304 0 176 0.356863 0.5 0 0
9270 0.075304 0 176 0.356863 0.5 0 0
9280 0.075304 0 176 0.356863 0.5 0 0
9290 0.075304 0 176 0.356863 0.5 0 0
9300 0.075304 0 176 0.356863 0.5 0 0
9310 0.075304 0 176 0.356863 0.5 0 0
9320 0.075304 0 176 0.356863 0.5 0 0
9330 0.075304 0 176 0.356863 0.5 0 0
9340 0.075304 0 176 0.356863 0.5 0 0
9350 0.075304 0 176 0.356863 0.5 0 0
9360 0.075304 0 176 0.356863 0.5 0 0
9370 0.075304 0 176 0.356863 0.5 0 0
9380 0.075304 0 176 0.356863 0.5 0 0
9390 0.075304 0 176 0.356863 0.5 0 0
9400 0.075304 0 176 0.356863 0.5 0 0
9410 0.075304 0 176 0.356863 0.5 0 0
9420 0.075304 0 176 0.356863 0.5 0 0
9430 0.075304 0 176 0.356863 0.5 0 0
9440 0.075304 0 176 0.356863 0.5 0 0
9450 0.075304 0 176 0.356863 0.5 0 0
9460 0.075304 0 176 0.356863 0.5 0 0
9470 0.075304 0 176 0.356863 0.5 0 0
9480 0.075304 0 176 0.356863 0.5 0 0
9490 0.075304 0 176 0.356863 0.5 0 0
9500 0.075304 0 176 0.356863 0.5 0 0
9510 0.075304 0 176 0.356863 0.5 0 0
9520 0.075304 0 176 0.356863 0.5 0 0
9530 0.075304 0 176 0.356863 0.5 0 0
9540 0.075304 0 176 0.356863 0.5 0 0
9550 0.075304 0 176 0.356863 0.5 0 0
9560 0.075304 0 176 0.356863 0.5 0 0
9570 0.075304 0 176 0.356863 0.5 0 0
9580 0.075304 0 176 0.356863 0.5 0 0
9590 0.075304 0 176 0.356863 0.5 0 0
9600 0.075304 0 176 0.356863 0.5 0 0
9610 0.075304 0 176 0.356863 0.5 0 0
9620 0.075304 0 176 0.356863 0.5 0 0
9630 0.075304 0 176 0.356863 0.5 0 0
9640 0.075304 0 176 0.356863 0.5 0 0
9650 0.075304 0 176 0.356863 0.5 0 0
9660 0.075304 0 176 0.356863 0.5 0 0
9670 0.075304 0 176 0.356863 0.5 0 0
9680 0.075304 0 176 0.356863 0.5 0 0
9690 0.075304 0 176 0.356863 0.5 0 0
9700 0.075304 0 176 0.356863 0.5 0 0
9710 0.075304 0 176 0.356863 0.5 0 0
9720 0.075304 0 176 0.356863 0.5 0 0
9730 0.075304 0 176 0.356863 0.5 0 0
9740 0.075304 0 176 0.356863 0.5 0 0
9750 0.075304 0 176 0.356863 0.5 0 0
9760 0.075304 0 176 0.356863 0.5 0 0
9770 0.075304 0 176 0.356863 0.5 0 0
9780 0.075304 0 176 0.356863 0.5 0 0
9790 0.075304 0 176 0.356863 0.5 0 0
9800 0.075304 0 176 0.356863 0.5 0 0
9810 0.075304 0 176 0.356863 0.5 0 0
9820 0.075304 0 176 0.356863 0.5 0 0
9830 0.075304 0 176 0.356863 0.5 0 0
9840 0.075304 0 176 0.356863 0.5 0 0
9850 0.075304 0 176 0.356863 0.5 0 0
9860 0.075304 0 176 0.356863 0.5 0 0
9870 0.075304 0 176 0.356863 0.5 0 0
9880 0.075304 0 176 0.356863 0.5 0 0
9890 0.075304 0 176 0.356863 0.5 0 0
9900 0.0755473 0 176 0.356863 0.5 0 0
9910 0.0755473 0 176 0.356863 0.5 0 0
9920 0.0759492 0 176 0.360784 0.5 0 0
9930 0.0759492 0 176 0.356863 0.5 0 0
9940 0.0762249 0 176 0.356863 0.5 0 0
9950 0.0762249 0 176 0.360784 0.5 0 0
9960 0.0765012 0 176 0.360784 0.5 0 0
9970 0.0765012 0 176 0.356863 0.5 0 0
9980 0.0765243 0 176 0.356863 0.5 0 0
9990 0.0765243 0 176 0.356863 0.5 0 0
10000 0.0762644 0 176 0.352941 0.5 0 0
10010 0.0762644 0 176 0.34902 0.5 0 0
10020 0.0757929 0 176 0.34902 0.5 0 0
10030 0.0757929 0 176 0.34902 0.5 0 0
10040 0.0751844 0 176 0.34902 0.5 0 0
10050 0.0751844 0 176 0.34902 0.5 0 0
10060 0.0748504 0 176 0.34902 0.5 0 0
10070 0.0748504 0 176 0.34902 0.5 0 0
10080 0.0750078 0 176 0.34902 0.5 0 0
10090 0.0750078 0 176 0.34902 0.5 0 0
10100 0.0752448 0 176 0.34902 0.5 0 0
10110 0.0752448 0 176 0.34902 0.5 0 0
10120 0.0749171 0 176 0.34902 0.5 0 0
10130 0.0749171 0 176 0.34902 0.5 0 0
10140 0.0748266 0 176 0.34902 0.5 0 0
10150 0.0748266 0 176 0.34902 0.5 0 0
10160 0.0746923 0 176 0.34902 0.5 0 0
10170 0.0746923 0 176 0.34902 0.5 0 0
10180 0.0745629 0 176 0.352941 0.5 0 0
10190 0.0745629 0 176 0.34902 0.5 0 0
10200 0.0738225 0 176 0.345098 0.5 0 0
10210 0.0738225 0 176 0.341176 0.5 0 0
10220 0.0720624 0 176 0.337255 0.5 0 0
10230 0.0720624 0 176 0.337255 0.5 0 0
10240 0.0713035 0 176 0.337255 0.5 0 0
10250 0.0713035 0 176 0.337255 0.5 0 0
10260 0.0711052 0 176 0.337255 0.5 0 0
10270 0.0711052 0 176 0.337255 0.5 0 0
10280 0.0709459 0 176 0.337255 0.5 0 0
10290 0.0709459 0 176 0.337255 0.5 0 0
10300 0.0701121 0 176 0.337255 0.5 0 0
10310 0.0701121 0 176 0.337255 0.5 0 0
10320 0.0692706 0 176 0.337255 0.5 0 0
10330 0.0692706 0 176 0.337255 0.5 0 0
10340 0.0687054 0 176 0.337255 0.5 0 0
10350 0.0687054 0 176 0.337255 0.5 0 0
10360 0.0686235 0 176 0.337255 0.5 0 0
10370 0.0686235 0 176 0.337255 0.5 0 0
10380 0.0686119 0 176 0.337255 0.5 0 0
10390 0.0686119 0 176 0.337255 0.5 0 0
10400 0.0686119 0 176 0.337255 0.5 0 0
10410 0.0686119 0 176 0.337255 0.5 0 0
10420 0.0686119 0 176 0.337255 0.5 0 0
10430 0.0686119 0 176 0.337255 0.5 0 0
10440 0.0686119 0 176 0.337255 0.5 0 0
10450 0.0686119 0 176 0.337255 0.5 0 0
10460 0.0686119 0 176 0.337255 0.5 0 0
10470 0.0686119 0 176 0.337255 0.5 0 0
10480 0.0686119 0 176 0.337255 0.5 0 0
10490 0.0686119 0 176 0.337255 0.5 0 0
10500 0.0686119 0 176 0.337255 0.5 0 0
10510 0.0686119 0 176 0.337255 0.5 0 0
10520 0.0686119 0 176 0.337255 0.5 0 0
10530 0.0686119 0 176 0.337255 0.5 0 0
10540 0.0686119 0 176 0.337255 0.5 0 0
10550 0.0686119 0 176 0.337255 0.5 0 0
10560 0.0686119 0 176 0.337255 0.5 0 0
10570 0.0686119 0 176 0.337255 0.5 0 0
10580 0.0686119 0 176 0.337255 0.5 0 0
10590 0.0686119 0 176 0.337255 0.5 0 0
10600 0.0686119 0 176 0.337255 0.5 0 0
10610 0.0686119 0 176 0.337255 0.5 0 0
10620 0.0686119 0 176 0.337255 0.5 0 0
10630 0.0686119 0 176 0.337255 0.5 0 0
10640 0.0686119 0 176 0.337255 0.5 0 0
10650 0.0686119 0 176 0.337255 0.5 0 0
10660 0.0686119 0 176 0.337255 0.5 0 0
10670 0.0686119 0 176 0.337255 0.5 0 0
10680 0.0686119 0 176 0.337255 0.5 0 0
10690 0.0686119 0 176 0.337255 0.5 0 0
10700 0.0686119 0 176 0.337255 0.5 0 0
10710 0.0686119 0 176 0.337255 0.5 0 0
10720 0.0686119 0 176 0.337255 0.5 0 0
10730 0.0686119 0 176 0.337255 0.5 0 0
10740 0.0686119 0 176 0.337255 0.5 0 0
10750 0.0686119 0 176 0.337255 0.5 0 0
10760 0.0686119 0 176 0.337255 0.5 0 0
10770 0.0686119 0 176 0.337255 0.5 0 0
10780 0.0686119 0 176 0.337255 0.5 0 0
10790 0.0686119 0 176 0.337255 0.5 0 0
10800 0.0686119 0 176 0.337255 0.5 0 0
10810 0.0686119 0 176 0.337255 0.5 0 0
10820 0.0686119 0 176 0.337255 0.5 0 0
10830 0.0686119 0 176 0.337255 0.5 0 0
10840 0.0686119 0 176 0.337255 0.5 0 0
10850 0.0686119 0 176 0.337255 0.5 0 0
10860 0.0686119 0 176 0.337255 0.5 0 0
10870 0.0686119 0 176 0.337255 0.5 0 0
10880 0.0686119 0 176 0.337255 0.5 0 0
10890 0.0686119 0 176 0.337255 0.5 0 0
10900 0.0686119 0 176 0.337255 0.5 0 0
10910 0.0686119 0 176 0.337255 0.5 0 0
10920 0.0686119 0 176 0.337255 0.5 0 0
10930 0.0686119 0 176 0.337255 0.5 0 0
10940 0.0686119 0 176 0.337255 0.5 0 0
10950 0.0686119 0 176 0.337255 0.5 0 0
10960 0.0686119 0 176 0.337255 0.5 0 0
10970 0.0686119 0 176 0.337255 0.5 0 0
10980 0.0686119 0 176 0.337255 0.5 0 0
10990 0.0686119 0 176 0.337255 0.5 0 0
11000 0.0686119 0 176 0.337255 0.5 0 0
11010 0.0686119 0 176 0.337255 0.5 0 0
11020 0.0686119 0 176 0.337255 0.5 0 0
11030 0.0686119 0 176 0.337255 0.5 0 0
11040 0.0686119 0 176 0.337255 0.5 0 0
11050 0.0686119 0 176 0.337255 0.5 0 0
11060 0.0686119 0 176 0.337255 0.5 0 0
11070 0.0686119 0 176 0.337255 0.5 0 0
11080 0.0686119 0 176 0.337255 0.5 0 0
11090 0.0686119 0 176 0.337255 0.5 0 0
11100 0.0686119 0 176 0.337255 0.5 0 0
11110 0.0686119 0 176 0.337255 0.5 0 0
11120 0.0686119 0 176 0.337255 0.5 0 0
11130 0.0686119 0 176 0.337255 0.5 0 0
11140 0.0686119 0 176 0.337255 0.5 0 0
11150 0.0686119 0 176 0.337255 0.5 0 0
11160 0.0686119 0 176 0.337255 0.5 0 0
11170 0.0686119 0 176 0.337255 0.5 0 0
11180 0.0686119 0 176 0.337255 0.5 0 0
11190 0.0686119 0 176 0.337255 0.5 0 0
11200 0.0686119 0 176 0.337255 0.5 0 0
11210 0.0686119 0 176 0.337255 0.5 0 0
11220 0.0686119 0 176 0.337255 0.5 0 0
11230 0.0686119 0 176 0.337255 0.5 0 0
11240 0.0686087 0 176 0.337255 0.5 0 0
11250 0.0686087 0 176 0.337255 0.5 0 0
11260 0.0686087 0 176 0.337255 0.5 0 0
11270 0.0686087 0 176 0.337255 0.5 0 0
11280 0.0688393 0 176 0.337255 0.5 0 0
11290 0.0688393 0 176 0.337255 0.5 0 0
11300 0.0694783 0 176 0.337255 0.5 0 0
11310 0.0694783 0 176 0.337255 0.5 0 0
11320 0.0699719 0 176 0.337255 0.5 0 0
11330 0.0699719 0 176 0.341176 0.5 0 0
11340 0.0705188 0 176 0.337255 0.5 0 0
11350 0.0705188 0 176 0.341176 0.5 0 0
11360 0.0706971 0 176 0.341176 0.5 0 0
11370 0.0706971 0 176 0.341176 0.5 0 0
11380 0.0707532 0 176 0.341176 0.5 0 0
11390 0.0707532 0 176 0.345098 0.5 0 0
11400 0.0708852 0 176 0.345098 0.5 0 0
11410 0.0708852 0 176 0.345098 0.5 0 0
11420 0.0707549 0 176 0.345098 0.5 0 0
11430 0.0707549 0 176 0.345098 0.5 0 0
11440 0.0703739 0 176 0.341176 0.5 0 0
11450 0.0703739 0 176 0.337255 0.5 0 0
11460 0.0692364 0 176 0.333333 0.5 0 0
11470 0.0692364 0 176 0.329412 0.5 0 0
11480 0.0677671 0 176 0.32549 0.5 0 0
11490 0.0677671 0 176 0.32549 0.5 0 0
11500 0.067441 0 176 0.32549 0.5 0 0
11510 0.067441 0 176 0.32549 0.5 0 0
11520 0.0667499 0 176 0.321569 0.5 0 0
11530 0.0667499 0 176 0.317647 0.5 0 0
11540 0.0650289 0 176 0.317647 0.5 0 0
11550 0.0650289 0 176 0.317647 0.5 0 0
11560 0.0643442 0 176 0.317647 0.5 0 0
11570 0.0643442 0 176 0.313725 0.5 0 0
11580 0.0640786 0.5 176.5 0.309804 0.5 0 0
11590 0.0640786 0.5 176.5 0.313725 0.5 0 0
11600 0.0634674 0.5 177 0.309804 0.5 0 0
11610 0.0634674 0.5 177 0.313725 0.5 0 0
11620 0.0626013 0.5 177.5 0.309804 0.5 0 0
11630 0.0626013 0.5 177.5 0.309804 0.5 0 0
11640 0.0623986 0.5 178 0.309804 0.5 0 0
11650 0.0623986 0.5 178 0.309804 0.5 0 0
11660 0.0623393 0.5 178.5 0.309804 0.5 0 0
11670 0.0623393 0.5 178.5 0.309804 0.5 0 0
11680 0.0622758 0.5 179 0.309804 0.5 0 0
11690 0.0622758 0.5 179 0.305882 0.5 0 0
11700 0.0621044 0 179 0.305882 0.5 0 0
11710 0.0621044 0 179 0.305882 0.5 0 0
11720 0.0616764 0 179 0.301961 0.5 0 0
11730 0.0616764 0 179 0.305882 0.5 0 0
11740 0.061013 0 179 0.305882 0.5 0 0
11750 0.061013 0 179 0.305882 0.5 0 0
11760 0.0610296 0 179 0.301961 0.5 0 0
11770 0.0610296 0 179 0.305882 0.5 0 0
11780 0.0608136 0 179 0.301961 0.5 0 0
11790 0.0608136 0 179 0.305882 0.5 0 0
11800 0.0607354 0 179 0.301961 0.5 0 0
11810 0.0607354 0 179 0.305882 0.5 0 0
11820 0.060313 0 179 0.305882 0.5 0 0
11830 0.060313 0 179 0.309804 0.5 0 0
11840 0.0599039 0 179 0.305882 0.5 0 0
11850 0.0599039 0 179 0.309804 0.5 0 0
11860 0.0598514 0 179 0.305882 0.5 0 0
11870 0.0598514 0 179 0.305882 0.5 0 0
11880 0.0598514 0 179 0.309804 0.5 0 0
11890 0.0598514 0 179 0.305882 0.5 0 0
11900 0.0598514 0 179 0.309804 0.5 0 0
11910 0.0598514 0 179 0.305882 0.5 0 0
11920 0.0598422 0 179 0.305882 0.5 0 0
11930 0.0598422 0 179 0.309804 0.5 0 0
11940 0.0598422 0 179 0.305882 0.5 0 0
11950 0.0598422 0 179 0.305882 0.5 0 0
11960 0.0598422 0 179 0.309804 0.5 0 0
11970 0.0598422 0 179 0.309804 0.5 0 0
11980 0.0598422 0 179 0.309804 0.5 0 0
11990 0.0598422 0 179 0.305882 0.5 0 0
12000 0.0598422 0 179 0.305882 0.5 0 0
12010 0.0598422 0 179 0.305882 0.5 0 0
12020 0.0598422 0 179 0.305882 0.5 0 0
12030 0.0598422 0 179 0.305882 0.5 0 0
12040 0.0598422 0 179 0.305882 0.5 0 0
12050 0.0598422 0 179 0.305882 0.5 0 0
12060 0.0598422 0 179 0.305882 0.5 0 0
12070 0.0598422 0 179 0.305882 0.5 0 0
12080 0.0598422 0 179 0.305882 0.5 0 0
12090 0.0598422 0 179 0.305882 0.5 0 0
12100 0.0598422 0 179 0.305882 0.5 0 0
12110 0.0598422 0 179 0.309804 0.5 0 0
12120 0.0598422 0 179 0.305882 0.5 0 0
12130 0.0598422 0 179 0.309804 0.5 0 0
12140 0.0598422 0 179 0.305882 0.5 0 0
12150 0.0598422 0 179 0.305882 0.5 0 0
12160 0.0598422 0 179 0.305882 0.5 0 0
12170 0.0598422 0 179 0.305882 0.5 0 0
12180 0.0598422 0 179 0.309804 0.5 0 0
12190 0.0598422 0 179 0.309804 0.5 0 0
12200 0.0598422 0 179 0.305882 0.5 0 0
12210 0.0598422 0 179 0.305882 0.5 0 0
12220 0.0598422 0 179 0.305882 0.5 0 0
12230 0.0598422 0 179 0.305882 0.5 0 0
12240 0.0598422 0 179 0.305882 0.5 0 0
12250 0.0598422 0 179 0.305882 0.5 0 0
12260 0.0598422 0 179 0.305882 0.5 0 0
12270 0.0598422 0 179 0.305882 0.5 0 0
12280 0.0598422 0 179 0.305882 0.5 0 0
12290 0.0598422 0 179 0.305882 0.5 0 0
12300 0.0598422 0 179 0.305882 0.5 0 0
12310 0.0598422 0 179 0.305882 0.5 0 0
12320 0.0598422 0 179 0.305882 0.5 0 0
12330 0.0598422 0 179 0.305882 0.5 0 0
12340 0.0598422 0 179 0.305882 0.5 0 0
12350 0.0598422 0 179 0.305882 0.5 0 0
12360 0.0598422 0 179 0.301961 0.5 0 0
12370 0.0598422 0 179 0.309804 0.5 0 0
12380 0.0598422 0 179 0.305882 0.5 0 0
12390 0.0598422 0 179 0.305882 0.5 0 0
12400 0.0598422 0 179 0.305882 0.5 0 0
12410 0.0598422 0 179 0.305882 0.5 0 0
12420 0.0598422 0 179 0.305882 0.5 0 0
12430 0.0598422 0 179 0.305882 0.5 0 0
12440 0.0598422 0 179 0.305882 0.5 0 0
12450 0.0598422 0 179 0.309804 0.5 0 0
12460 0.0598422 0 179 0.301961 0.5 0 0
12470 0.0598422 0 179 0.309804 0.5 0 0
12480 0.0598422 0 179 0.309804 0.5 0 0
12490 0.0598422 0 179 0.305882 0.5 0 0
12500 0.0598422 0 179 0.301961 0.5 0 0
12510 0.0598422 0 179 0.305882 0.5 0 0
12520 0.0598422 0 179 0.301961 0.5 0 0
12530 0.0598422 0 179 0.305882 0.5 0 0
12540 0.0598422 0 179 0.305882 0.5 0 0
12550 0.0598422 0 179 0.305882 0.5 0 0
12560 0.0598422 0 179 0.305882 0.5 0 0
12570 0.0598422 0 179 0.309804 0.5 0 0
12580 0.0598422 0 179 0.309804 0.5 0 0
12590 0.0598422 0 179 0.301961 0.5 0 0
12600 0.0608342 0 179 0.305882 0.5 0 0
12610 0.0608342 0 179 0.305882 0.5 0 0
12620 0.0615884 0 179 0.305882 0.5 0 0
12630 0.0615884 0 179 0.301961 0.5 0 0
12640 0.0623687 0 179 0.301961 0.5 0 0
12650 0.0623687 0 179 0.305882 0.5 0 0
12660 0.0631702 0 179 0.313725 0.5 0 0
12670 0.0631702 0 179 0.313725 0.5 0 0
12680 0.0633924 0 179 0.313725 0.5 0 0
12690 0.0633924 0 179 0.317647 0.5 0 0
12700 0.0633926 0 179 0.317647 0.5 0 0
12710 0.0633926 0 179 0.313725 0.5 0 0
12720 0.0633926 0 179 0.317647 0.5 0 0
12730 0.0633926 0 179 0.317647 0.5 0 0
12740 0.0633926 0 179 0.317647 0.5 0 0
12750 0.0633926 0 179 0.313725 0.5 0 0
12760 0.0627889 0 179 0.313725 0.5 0 0
12770 0.0627889 0 179 0.313725 0.5 0 0
12780 0.0623137 0 179 0.313725 0.5 0 0
12790 0.0623137 0 179 0.317647 0.5 0 0
12800 0.0620968 0 179 0.317647 0.5 0 0
12810 0.0620968 0 179 0.321569 0.5 0 0
12820 0.0617932 0 179 0.321569 0.5 0 0
12830 0.0617932 0 179 0.317647 0.5 0 0
12840 0.0610776 0 179 0.301961 0.5 0 0
12850 0.0610776 0 179 0.294118 0.5 0 0
12860 0.0595751 0 179 0.298039 0.5 0 0
12870 0.0595751 0 179 0.298039 0.5 0 0
12880 0.0591867 0 179 0.298039 0.5 0 0
12890 0.0591867 0 179 0.294118 0.5 0 0
12900 0.0584263 0 179 0.294118 0.5 0 0
12910 0.0584263 0 179 0.294118 0.5 0 0
12920 0.0588474 0 179 0.290196 0.5 0 0
12930 0.0588474 0 179 0.290196 0.5 0 0
12940 0.058682 0 179 0.290196 0.5 0 0
12950 0.058682 0 179 0.290196 0.5 0 0
12960 0.0587052 0 179 0.298039 0.5 0 0
12970 0.0587052 0 179 0.298039 0.5 0 0
12980 0.0586761 0 179 0.298039 0.5 0 0
12990 0.0586761 0 179 0.298039 0.5 0 0
13000 0.0582009 0 179 0.294118 0.5 0 0
13010 0.0582009 0 179 0.290196 0.5 0 0
13020 0.056849 0 179 0.282353 0.5 0 0
13030 0.056849 0 179 0.266667 0.5 0 0
13040 0.0552326 0 179 0.266667 0.5 0 0
13050 0.0552326 0 179 0.266667 0.5 0 0
13060 0.0541198 0 179 0.266667 0.5 0 0
13070 0.0541198 0 179 0.266667 0.5 0 0
13080 0.0534552 0 179 0.266667 0.5 0 0
13090 0.0534552 0 179 0.266667 0.5 0 0
13100 0.052634 0 179 0.27451 0.5 0 0
13110 0.052634 0 179 0.278431 0.5 0 0
13120 0.0523316 0 179 0.282353 0.5 0 0
13130 0.0523316 0 179 0.282353 0.5 0 0
13140 0.0521727 0 179 0.278431 0.5 0 0
13150 0.0521727 0 179 0.282353 0.5 0 0
13160 0.052112 0 179 0.27451 0.5 0 0
13170 0.052112 0 179 0.278431 0.5 0 0
13180 0.052112 0 179 0.278431 0.5 0 0
13190 0.052112 0 179 0.286275 0.5 0 0
13200 0.0518876 0 179 0.278431 0.5 0 0
13210 0.0518876 0 179 0.282353 0.5 0 0
13220 0.0518874 0 179 0.286275 0.5 0 0
13230 0.0518874 0 179 0.27451 0.5 0 0
13240 0.0518286 0 179 0.282353 0.5 0 0
13250 0.0518286 0 179 0.278431 0.5 0 0
13260 0.0518285 0 179 0.278431 0.5 0 0
13270 0.0518285 0 179 0.282353 0.5 0 0
13280 0.0518285 0 179 0.278431 0.5 0 0
13290 0.0518285 0 179 0.278431 0.5 0 0
13300 0.0518285 0 179 0.286275 0.5 0 0
13310 0.0518285 0 179 0.27451 0.5 0 0
13320 0.0518285 0 179 0.278431 0.5 0 0
13330 0.0518285 0 179 0.286275 0.5 0 0
13340 0.0518285 0 179 0.286275 0.5 0 0
13350 0.0518285 0 179 0.282353 0.5 0 0
13360 0.0518285 0 179 0.282353 0.5 0 0
13370 0.0518285 0 179 0.286275 0.5 0 0
13380 0.0518285 0 179 0.282353 0.5 0 0
13390 0.0518285 0 179 0.27451 0.5 0 0
13400 0.0518285 0 179 0.290196 0.5 0 0
13410 0.0518285 0 179 0.286275 0.5 0 0
13420 0.0518285 0 179 0.286275 0.5 0 0
13430 0.0518285 0 179 0.278431 0.5 0 0
13440 0.0518285 0 179 0.286275 0.5 0 0
13450 0.0518285 0 179 0.286275 0.5 0 0
13460 0.0518285 0 179 0.286275 0.5 0 0
13470 0.0518285 0 179 0.282353 0.5 0 0
13480 0.0518285 0 179 0.278431 0.5 0 0
13490 0.0518285 0 179 0.286275 0.5 0 0
13500 0.0518285 0 179 0.290196 0.5 0 0
13510 0.0518285 0 179 0.282353 0.5 0 0
13520 0.0518285 0 179 0.282353 0.5 0 0
13530 0.0518285 0 179 0.278431 0.5 0 0
13540 0.0518285 0 179 0.282353 0.5 0 0
13550 0.0518285 0 179 0.286275 0.5 0 0
13560 0.0518285 0 179 0.282353 0.5 0 0
13570 0.0518285 0 179 0.290196 0.5 0 0
13580 0.0518285 0 179 0.286275 0.5 0 0
13590 0.0518285 0 179 0.282353 0.5 0 0
13600 0.0518285 0 179 0.286275 0.5 0 0
13610 0.0518285 0 179 0.282353 0.5 0 0
13620 0.0518285 0 179 0.278431 0.5 0 0
13630 0.0518285 0 179 0.282353 0.5 0 0
13640 0.0518285 0 179 0.290196 0.5 0 0
13650 0.0518285 0 179 0.282353 0.5 0 0
13660 0.0518285 0 179 0.290196 0.5 0 0
13670 0.0518285 0 179 0.286275 0.5 0 0
13680 0.0518285 0 179 0.286275 0.5 0 0
13690 0.0518285 0 179 0.278431 0.5 0 0
13700 0.0518285 0 179 0.286275 0.5 0 0
13710 0.0518285 0 179 0.282353 0.5 0 0
13720 0.0518285 0 179 0.282353 0.5 0 0
13730 0.0518285 0 179 0.286275 0.5 0 0
13740 0.0518285 0 179 0.278431 0.5 0 0
13750 0.0518285 0 179 0.286275 0.5 0 0
13760 0.0518285 0 179 0.290196 0.5 0 0
13770 0.0518285 0 179 0.282353 0.5 0 0
13780 0.0518285 0 179 0.282353 0.5 0 0
13790 0.0518285 0 179 0.278431 0.5 0 0
13800 0.0518285 0 179 0.282353 0.5 0 0
13810 0.0518285 0 179 0.278431 0.5 0 0
13820 0.0518285 0 179 0.282353 0.5 0 0
13830 0.0518285 0 179 0.278431 0.5 0 0
13840 0.0518285 0 179 0.286275 0.5 0 0
13850 0.0518285 0 179 0.290196 0.5 0 0
13860 0.0518352 0 179 0.286275 0.5 0 0
13870 0.0518352 0 179 0.282353 0.5 0 0
13880 0.052433 0 179 0.282353 0.5 0 0
13890 0.052433 0 179 0.278431 0.5 0 0
13900 0.0533744 0 179 0.266667 0.5 0 0
13910 0.0533744 0 179 0.266667 0.5 0 0
13920 0.0546386 0 179 0.27451 0.5 0 0
13930 0.0546386 0 179 0.282353 0.5 0 0
13940 0.0549615 0 179 0.286275 0.5 0 0
13950 0.0549615 0 179 0.282353 0.5 0 0
13960 0.0549618 0 179 0.286275 0.5 0 0
13970 0.0549618 0 179 0.282353 0.5 0 0
13980 0.0550053 0 179 0.286275 0.5 0 0
13990 0.0550053 0 179 0.282353 0.5 0 0
14000 0.0550053 0 179 0.286275 0.5 0 0
14010 0.0550053 0 179 0.286275 0.5 0 0
14020 0.0549779 0 179 0.286275 0.5 0 0
14030 0.0549779 0 179 0.282353 0.5 0 0
14040 0.0546625 0 179 0.278431 0.5 0 0
14050 0.0546625 0 179 0.270588 0.5 0 0
14060 0.0539666 0 179 0.258824 0.5 0 0
14070 0.0539666 0 179 0.266667 0.5 0 0
14080 0.053075 0 179 0.266667 0.5 0 0
14090 0.053075 0 179 0.262745 0.5 0 0
14100 0.0533904 0 179 0.258824 0.5 0 0
14110 0.0533904 0 179 0.254902 0.5 0 0
14120 0.0527449 0.5 179.5 0.25098 0.5 0 0
14130 0.0527449 0.5 179.5 0.25098 0.5 0 0
14140 0.0517111 0.5 180 0.25098 0.5 0 0
14150 0.0517111 0.5 180 0.247059 0.5 0 0
14160 0.0514956 0.5 180.5 0.25098 0.5 0 0
14170 0.0514956 0.5 180.5 0.25098 0.5 0 0
14180 0.0513375 0.5 181 0.247059 0.5 0 0
14190 0.0513375 0.5 181 0.247059 0.5 0 0
14200 0.0514024 0.75 181.75 0.247059 0.5 0 0
14210 0.0514024 0.75 181.75 0.247059 0.5 0 0
14220 0.0513674 0.75 182.5 0.243137 0.5 0 0
14230 0.0513674 0.75 182.5 0.247059 0.5 0 0
14240 0.0513534 0.75 183.25 0.247059 0.5 0 0
14250 0.0513534 0.75 183.25 0.243137 0.5 0 0
14260 0.0513268 0.75 184 0.243137 0.5 0 0
14270 0.0513268 0.75 184 0.239216 0.5 0 0
14280 0.0512968 0.75 184.75 0.239216 0.5 0 0
14290 0.0512968 0.75 184.75 0.243137 0.5 0 0
14300 0.0512662 0.75 185.5 0.239216 0.5 0 0
14310 0.0512662 0.75 185.5 0.239216 0.5 0 0
14320 0.0512309 0.75 186.25 0.239216 0.5 0 0
14330 0.0512309 0.75 186.25 0.243137 0.5 0 0
14340 0.0511878 0.75 187 0.239216 0.5 0 0
14350 0.0511878 0.75 187 0.243137 0.5 0 0
14360 0.0511503 0.75 187.75 0.247059 0.5 0 0
14370 0.0511503 0.75 187.75 0.247059 0.5 0 0
14380 0.0510918 0.75 188.5 0.247059 0.5 0 0
14390 0.0510918 0.75 188.5 0.247059 0.5 0 0
14400 0.0510688 0.75 189.25 0.25098 0.5 0 0
14410 0.0510688 0.75 189.25 0.247059 0.5 0 0
14420 0.0510115 0.75 190 0.247059 0.5 0 0
14430 0.0510115 0.75 190 0.247059 0.5 0 0
14440 0.0505225 0.5 190.5 0.239216 0.5 0 0
14450 0.0505225 0.5 190.5 0.231373 0.5 0 0
14460 0.049721 0.5 191 0.235294 0.5 0 0
14470 0.049721 0.5 191 0.231373 0.5 0 0
14480 0.0493719 0.5 191.5 0.231373 0.5 0 0
14490 0.0493719 0.5 191.5 0.231373 0.5 0 0
14500 0.0487718 0.5 192 0.227451 0.5 0 0
14510 0.0487718 0.5 192 0.231373 0.5 0 0
14520 0.0484116 0.5 192.5 0.231373 0.5 0 0
14530 0.0484116 0.5 192.5 0.227451 0.5 0 0
14540 0.0484195 0 192.5 0.223529 0.5 0 0
14550 0.0484195 0 192.5 0.219608 0.5 0 0
14560 0.0479863 0 192.5 0.215686 0.5 0 0
14570 0.0479863 0 192.5 0.211765 0.5 0 0
14580 0.0472703 0.5 193 0.211765 0.5 0 0
14590 0.0472703 0.5 193 0.211765 0.5 0 0
14600 0.047118 0.5 193.5 0.211765 0.5 0 0
14610 0.047118 0.5 193.5 0.207843 0.5 0 0
14620 0.046998 0.5 194 0.211765 0.5 0 0
14630 0.046998 0.5 194 0.207843 0.5 0 0
14640 0.0469954 0.5 194.5 0.203922 0.5 0 0
14650 0.0469954 0.5 194.5 0.207843 0.5 0 0
14660 0.0469495 0.5 195 0.207843 0.5 0 0
14670 0.0469495 0.5 195 0.207843 0.5 0 0
14680 0.0469007 0.5 195.5 0.207843 0.5 0 0
14690 0.0469007 0.5 195.5 0.215686 0.5 0 0
14700 0.0468564 0.5 196 0.215686 0.5 0 0
14710 0.0468564 0.5 196 0.211765 0.5 0 0
14720 0.046825 0.5 196.5 0.211765 0.5 0 0
14730 0.046825 0.5 196.5 0.207843 0.5 0 0
14740 0.0467958 0.5 197 0.211765 0.5 0 0
14750 0.0467958 0.5 197 0.215686 0.5 0 0
14760 0.0463792 0 197 0.219608 0.5 0 0
14770 0.0463792 0 197 0.219608 0.5 0 0
14780 0.046098 0 197 0.235294 0.5 0 0
14790 0.046098 0 197 0.227451 0.5 0 0
14800 0.0458424 0 197 0.231373 0.5 0 0
14810 0.0458424 0 197 0.227451 0.5 0 0
14820 0.0451396 0 197 0.215686 0.5 0 0
14830 0.0451396 0 197 0.203922 0.5 0 0
14840 0.0445407 0 197 0.196078 0.5 0 0
14850 0.0445407 0 197 0.196078 0.5 0 0
14860 0.0438383 0 197 0.192157 0.5 0 0
14870 0.0438383 0 197 0.196078 0.5 0 0
14880 0.0427117 0 197 0.2 0.5 0 0
14890 0.0427117 0 197 0.2 0.5 0 0
14900 0.0425668 0 197 0.203922 0.5 0 0
14910 0.0425668 0 197 0.192157 0.5 0 0
14920 0.042276 0 197 0.196078 0.5 0 0
14930 0.042276 0 197 0.2 0.5 0 0
14940 0.0416225 0 197 0.203922 0.5 0 0
14950 0.0416225 0 197 0.203922 0.5 0 0
14960 0.0414184 0 197 0.203922 0.5 0 0
14970 0.0414184 0 197 0.203922 0.5 0 0
14980 0.0414028 0 197 0.203922 0.5 0 0
14990 0.0414028 0 197 0.203922 0.5 0 0
15000 0.0414028 0 197 0.196078 0.5 0 0
15010 0.0414028 0 197 0.188235 0.5 0 0
15020 0.0414028 0 197 0.192157 0.5 0 0
15030 0.0414028 0 197 0.192157 0.5 0 0
15040 0.0414028 0 197 0.2 0.5 0 0
15050 0.0414028 0 197 0.196078 0.5 0 0
15060 0.041598 0 197 0.192157 0.5 0 0
15070 0.041598 0 197 0.196078 0.5 0 0
15080 0.0419651 0 197 0.180392 0.5 0 0
15090 0.0419651 0 197 0.184314 0.5 0 0
15100 0.0424968 0 197 0.188235 0.5 0 0
15110 0.0424968 0 197 0.192157 0.5 0 0
15120 0.0426731 0 197 0.192157 0.5 0 0
15130 0.0426731 0 197 0.196078 0.5 0 0
15140 0.0427623 0 197 0.2 0.5 0 0
15150 0.0427623 0 197 0.196078 0.5 0 0
15160 0.0427429 0 197 0.196078 0.5 0 0
15170 0.0427429 0 197 0.192157 0.5 0 0
15180 0.0423702 0 197 0.188235 0.5 0 0
15190 0.0423702 0 197 0.180392 0.5 0 0
15200 0.0416896 0 197 0.176471 0.5 0 0
15210 0.0416896 0 197 0.176471 0.5 0 0
15220 0.0407645 0 197 0.176471 0.5 0 0
15230 0.0407645 0 197 0.176471 0.5 0 0
15240 0.040313 0 197 0.172549 0.5 0 0
15250 0.040313 0 197 0.172549 0.5 0 0
15260 0.0399441 0 197 0.168627 0.5 0 0
15270 0.0399441 0 197 0.168627 0.5 0 0
15280 0.0393211 0 197 0.168627 0.5 0 0
15290 0.0393211 0 197 0.168627 0.5 0 0
15300 0.0387778 0 197 0.172549 0.5 0 0
15310 0.0387778 0 197 0.168627 0.5 0 0
15320 0.0383269 0 197 0.168627 0.5 0 0
15330 0.0383269 0 197 0.168627 0.5 0 0
15340 0.038282 0 197 0.168627 0.5 0 0
15350 0.038282 0 197 0.172549 0.5 0 0
15360 0.038229 0 197 0.168627 0.5 0 0
15370 0.038229 0 197 0.168627 0.5 0 0
15380 0.0382285 0 197 0.168627 0.5 0 0
15390 0.0382285 0 197 0.168627 0.5 0 0
15400 0.0383913 0 197 0.168627 0.5 0 0
15410 0.0383913 0 197 0.160784 0.5 0 0
15420 0.0387824 0 197 0.152941 0.5 0 0
15430 0.0387824 0 197 0.156863 0.5 0 0
15440 0.0390001 0 197 0.160784 0.5 0 0
15450 0.0390001 0 197 0.164706 0.5 0 0
15460 0.0390073 0 197 0.164706 0.5 0 0
15470 0.0390073 0 197 0.164706 0.5 0 0
15480 0.0389779 0 197 0.164706 0.5 0 0
15490 0.0389779 0 197 0.164706 0.5 0 0
15500 0.0384398 0 197 0.160784 0.5 0 0
15510 0.0384398 0 197 0.160784 0.5 0 0
15520 0.0379813 0 197 0.156863 0.5 0 0
15530 0.0379813 0 197 0.14902 0.5 0 0
15540 0.0374838 0 197 0.156863 0.5 0 0
15550 0.0374838 0 197 0.156863 0.5 0 0
15560 0.0370659 0 197 0.160784 0.5 0 0
15570 0.0370659 0 197 0.160784 0.5 0 0
15580 0.0369851 0 197 0.160784 0.5 0 0
15590 0.0369851 0 197 0.160784 0.5 0 0
15600 0.0369805 0 197 0.160784 0.5 0 0
15610 0.0369805 0 197 0.156863 0.5 0 0
15620 0.0369805 0 197 0.160784 0.5 0 0
15630 0.0369805 0 197 0.14902 0.5 0 0
15640 0.0365704 0 197 0.145098 0.5 0 0
15650 0.0365704 0 197 0.14902 0.5 0 0
15660 0.0362307 0 197 0.141176 0.5 0 0
15670 0.0362307 0 197 0.141176 0.5 0 0
15680 0.0361007 0 197 0.145098 0.5 0 0
15690 0.0361007 0 197 0.145098 0.5 0 0
15700 0.0361186 0 197 0.145098 0.5 0 0
15710 0.0361186 0 197 0.145098 0.5 0 0
15720 0.0362533 0 197 0.145098 0.5 0 0
15730 0.0362533 0 197 0.14902 0.5 0 0
15740 0.0363019 0 197 0.152941 0.5 0 0
15750 0.0363019 0 197 0.14902 0.5 0 0
15760 0.0361576 0 197 0.14902 0.5 0 0
15770 0.0361576 0 197 0.145098 0.5 0 0
15780 0.0354175 0 197 0.141176 0.5 0 0
15790 0.0354175 0 197 0.14902 0.5 0 0
15800 0.0350318 0 197 0.152941 0.5 0 0
15810 0.0350318 0 197 0.152941 0.5 0 0
15820 0.0347943 0 197 0.152941 0.5 0 0
15830 0.0347943 0 197 0.152941 0.5 0 0
15840 0.0345677 0 197 0.156863 0.5 0 0
15850 0.0345677 0 197 0.152941 0.5 0 0
15860 0.0340703 0 197 0.145098 0.5 0 0
15870 0.0340703 0 197 0.145098 0.5 0 0
15880 0.0335771 0 197 0.137255 0.5 0 0
15890 0.0335771 0 197 0.137255 0.5 0 0
15900 0.0331006 0 197 0.141176 0.5 0 0
15910 0.0331006 0 197 0.141176 0.5 0 0
15920 0.0325467 0 197 0.141176 0.5 0 0
15930 0.0325467 0 197 0.145098 0.5 0 0
15940 0.032185 0 197 0.14902 0.5 0 0
15950 0.032185 0 197 0.145098 0.5 0 0
15960 0.0319615 0 197 0.145098 0.5 0 0
15970 0.0319615 0 197 0.137255 0.5 0 0
15980 0.0315418 0 197 0.129412 0.5 0 0
15990 0.0315418 0 197 0.133333 0.5 0 0
16000 0.0311764 0 197 0.129412 0.5 0 0
16010 0.0311764 0 197 0.129412 0.5 0 0
16020 0.0306879 0 197 0.129412 0.5 0 0
16030 0.0306879 0 197 0.129412 0.5 0 0
16040 0.0305898 0 197 0.129412 0.5 0 0
16050 0.0305898 0 197 0.129412 0.5 0 0
16060 0.0305898 0 197 0.129412 0.5 0 0
16070 0.0305898 0 197 0.133333 0.5 0 0
16080 0.0305815 0 197 0.129412 0.5 0 0
16090 0.0305815 0 197 0.129412 0.5 0 0
16100 0.0308102 0 197 0.12549 0.5 0 0
16110 0.0308102 0 197 0.129412 0.5 0 0
16120 0.0309784 0 197 0.129412 0.5 0 0
16130 0.0309784 0 197 0.129412 0.5 0 0
16140 0.0309978 0 197 0.133333 0.5 0 0
16150 0.0309978 0 197 0.129412 0.5 0 0
16160 0.0307144 0 197 0.12549 0.5 0 0
16170 0.0307144 0 197 0.129412 0.5 0 0
16180 0.0302553 0 197 0.129412 0.5 0 0
16190 0.0302553 0 197 0.129412 0.5 0 0
16200 0.0297841 0 197 0.12549 0.5 0 0
16210 0.0297841 0 197 0.133333 0.5 0 0
16220 0.0296663 0 197 0.133333 0.5 0 0
16230 0.0296663 0 197 0.133333 0.5 0 0
16240 0.0294387 0 197 0.129412 0.5 0 0
16250 0.0294387 0 197 0.12549 0.5 0 0
16260 0.028633 0 197 0.117647 0.5 0 0
16270 0.028633 0 197 0.113725 0.5 0 0
16280 0.0280236 0 197 0.113725 0.5 0 0
16290 0.0280236 0 197 0.113725 0.5 0 0
16300 0.0278449 0 197 0.113725 0.5 0 0
16310 0.0278449 0 197 0.113725 0.5 0 0
16320 0.0278764 0 197 0.113725 0.5 0 0
16330 0.0278764 0 197 0.113725 0.5 0 0
16340 0.0278411 0 197 0.113725 0.5 0 0
16350 0.0278411 0 197 0.113725 0.5 0 0
16360 0.0273512 0 197 0.117647 0.5 0 0
16370 0.0273512 0 197 0.117647 0.5 0 0
16380 0.0271775 0 197 0.117647 0.5 0 0
16390 0.0271775 0 197 0.121569 0.5 0 0
16400 0.0271657 0 197 0.121569 0.5 0 0
16410 0.0271657 0 197 0.121569 0.5 0 0
16420 0.0270432 0 197 0.121569 0.5 0 0
16430 0.0270432 0 197 0.121569 0.5 0 0
16440 0.0268714 0 197 0.121569 0.5 0 0
16450 0.0268714 0 197 0.121569 0.5 0 0
16460 0.0267461 0 197 0.117647 0.5 0 0
16470 0.0267461 0 197 0.121569 0.5 0 0
16480 0.0266333 0 197 0.121569 0.5 0 0
16490 0.0266333 0 197 0.121569 0.5 0 0
16500 0.0264188 0 197 0.117647 0.5 0 0
16510 0.0264188 0 197 0.113725 0.5 0 0
16520 0.0259199 0 197 0.113725 0.5 0 0
16530 0.0259199 0 197 0.109804 0.5 0 0
16540 0.0253427 0 197 0.105882 0.5 0 0
16550 0.0253427 0 197 0.109804 0.5 0 0
16560 0.0248088 0 197 0.105882 0.5 0 0
16570 0.0248088 0 197 0.105882 0.5 0 0
16580 0.0244247 0 197 0.105882 0.5 0 0
16590 0.0244247 0 197 0.105882 0.5 0 0
16600 0.0241767 0 197 0.109804 0.5 0 0
16610 0.0241767 0 197 0.105882 0.5 0 0
16620 0.0239876 0 197 0.109804 0.5 0 0
16630 0.0239876 0 197 0.109804 0.5 0 0
16640 0.0238362 0 197 0.105882 0.5 0 0
16650 0.0238362 0 197 0.105882 0.5 0 0
16660 0.023715 0 197 0.105882 0.5 0 0
16670 0.023715 0 197 0.105882 0.5 0 0
16680 0.0236507 0 197 0.105882 0.5 0 0
16690 0.0236507 0 197 0.109804 0.5 0 0
16700 0.0235722 0 197 0.105882 0.5 0 0
16710 0.0235722 0 197 0.105882 0.5 0 0
16720 0.023156 0 197 0.105882 0.5 0 0
16730 0.023156 0 197 0.109804 0.5 0 0
16740 0.0228294 0 197 0.109804 0.5 0 0
16750 0.0228294 0 197 0.109804 0.5 0 0
16760 0.022535 0 197 0.109804 0.5 0 0
16770 0.022535 0 197 0.109804 0.5 0 0
16780 0.0222931 0 197 0.109804 0.5 0 0
16790 0.0222931 0 197 0.105882 0.5 0 0
16800 0.0214879 0 197 0.0980392 0.5 0 0
16810 0.0214879 0 197 0.0980392 0.5 0 0
16820 0.0209523 0 197 0.0980392 0.5 0 0
16830 0.0209523 0 197 0.0980392 0.5 0 0
16840 0.0205751 0 197 0.0980392 0.5 0 0
16850 0.0205751 0 197 0.101961 0.5 0 0
16860 0.0204036 0 197 0.101961 0.5 0 0
16870 0.0204036 0 197 0.101961 0.5 0 0
16880 0.0202434 0 197 0.101961 0.5 0 0
16890 0.0202434 0 197 0.101961 0.5 0 0
16900 0.0199792 0 197 0.101961 0.5 0 0
16910 0.0199792 0 197 0.101961 0.5 0 0
16920 0.01985 0 197 0.101961 0.5 0 0
16930 0.01985 0 197 0.101961 0.5 0 0
16940 0.0197659 0 197 0.101961 0.5 0 0
16950 0.0197659 0 197 0.0980392 0.5 0 0
16960 0.0199626 0 197 0.0980392 0.5 0 0
16970 0.0199626 0 197 0.0980392 0.5 0 0
16980 0.0199638 0 197 0.0980392 0.5 0 0
16990 0.0199638 0 197 0.101961 0.5 0 0
17000 0.0198983 0 197 0.0980392 0.5 0 0
17010 0.0198983 0 197 0.0980392 0.5 0 0
17020 0.0196276 0 197 0.101961 0.5 0 0
17030 0.0196276 0 197 0.101961 0.5 0 0
17040 0.0194333 0 197 0.101961 0.5 0 0
17050 0.0194333 0 197 0.101961 0.5 0 0
17060 0.0192939 0 197 0.105882 0.5 0 0
17070 0.0192939 0 197 0.105882 0.5 0 0
17080 0.0190753 0 197 0.101961 0.5 0 0
17090 0.0190753 0 197 0.101961 0.5 0 0
17100 0.018757 0 197 0.101961 0.5 0 0
17110 0.018757 0 197 0.101961 0.5 0 0
17120 0.0183733 0 197 0.0980392 0.5 0 0
17130 0.0183733 0 197 0.0980392 0.5 0 0
17140 0.0181158 0 197 0.0980392 0.5 0 0
17150 0.0181158 0 197 0.0941176 0.5 0 0
17160 0.017602 0 197 0.0901961 0.5 0 0
17170 0.017602 0 197 0.0941176 0.5 0 0
17180 0.0172782 0 197 0.0980392 0.5 0 0
17190 0.0172782 0 197 0.0980392 0.5 0 0
17200 0.0171743 0 197 0.0980392 0.5 0 0
17210 0.0171743 0 197 0.0980392 0.5 0 0
17220 0.0171514 0 197 0.0980392 0.5 0 0
17230 0.0171514 0 197 0.0980392 0.5 0 0
17240 0.0169185 0 197 0.0901961 0.5 0 0
17250 0.0169185 0 197 0.0862745 0.5 0 0
17260 0.0164342 0 197 0.0823529 0.5 0 0
17270 0.0164342 0 197 0.0823529 0.5 0 0
17280 0.0158142 0 197 0.0823529 0.5 0 0
17290 0.0158142 0 197 0.0823529 0.5 0 0
17300 0.0154122 0 197 0.0823529 0.5 0 0
17310 0.0154122 0 197 0.0823529 0.5 0 0
17320 0.0151879 0 197 0.0862745 0.5 0 0
17330 0.0151879 0 197 0.0823529 0.5 0 0
17340 0.0149327 0 197 0.0823529 0.5 0 0
17350 0.0149327 0 197 0.0823529 0.5 0 0
17360 0.0145977 0 197 0.0823529 0.5 0 0
17370 0.0145977 0 197 0.0823529 0.5 0 0
17380 0.0143967 0 197 0.0823529 0.5 0 0
17390 0.0143967 0 197 0.0823529 0.5 0 0
17400 0.0141755 0 197 0.0862745 0.5 0 0
17410 0.0141755 0 197 0.0823529 0.5 0 0
17420 0.0139948 0 197 0.0823529 0.5 0 0
17430 0.0139948 0 197 0.0823529 0.5 0 0
17440 0.0138002 0 197 0.0784314 0.5 0 0
17450 0.0138002 0 197 0.0784314 0.5 0 0
17460 0.0135829 0 197 0.0823529 0.5 0 0
17470 0.0135829 0 197 0.0823529 0.5 0 0
17480 0.0134029 0 197 0.0823529 0.5 0 0
17490 0.0134029 0 197 0.0823529 0.5 0 0
17500 0.0131253 0 197 0.0784314 0.5 0 0
17510 0.0131253 0 197 0.0823529 0.5 0 0
17520 0.0127268 0 197 0.0823529 0.5 0 0
17530 0.0127268 0 197 0.0823529 0.5 0 0
17540 0.0125189 0 197 0.0862745 0.5 0 0
17550 0.0125189 0 197 0.0823529 0.5 0 0
17560 0.0124789 0 197 0.0823529 0.5 0 0
17570 0.0124789 0 197 0.0823529 0.5 0 0
17580 0.0122887 0 197 0.0823529 0.5 0 0
17590 0.0122887 0 197 0.0823529 0.5 0 0
17600 0.0119721 0 197 0.0745098 0.5 0 0
17610 0.0119721 0 197 0.0705882 0.5 0 0
17620 0.0116497 0 197 0.0745098 0.5 0 0
17630 0.0116497 0 197 0.0745098 0.5 0 0
17640 0.0112262 0 197 0.0745098 0.5 0 0
17650 0.0112262 0 197 0.0745098 0.5 0 0
17660 0.0109347 0 197 0.0745098 0.5 0 0
17670 0.0109347 0 197 0.0745098 0.5 0 0
17680 0.0108327 0 197 0.0745098 0.5 0 0
17690 0.0108327 0 197 0.0745098 0.5 0 0
17700 0.0107783 0 197 0.0745098 0.5 0 0
17710 0.0107783 0 197 0.0745098 0.5 0 0
17720 0.0108775 0 197 0.0745098 0.5 0 0
17730 0.0108775 0 197 0.0745098 0.5 0 0
17740 0.0108504 0 197 0.0745098 0.5 0 0
17750 0.0108504 0 197 0.0784314 0.5 0 0
17760 0.0108363 0 197 0.0784314 0.5 0 0
17770 0.0108363 0 197 0.0784314 0.5 0 0
17780 0.0107443 0 197 0.0784314 0.5 0 0
17790 0.0107443 0 197 0.0784314 0.5 0 0
17800 0.0106132 0 197 0.0784314 0.5 0 0
17810 0.0106132 0 197 0.0784314 0.5 0 0
17820 0.0103898 0 197 0.0784314 0.5 0 0
17830 0.0103898 0 197 0.0823529 0.5 0 0
17840 0.0102564 0 197 0.0823529 0.5 0 0
17850 0.0102564 0 197 0.0823529 0.5 0 0
17860 0.0101383 0 197 0.0823529 0.5 0 0
17870 0.0101383 0 197 0.0784314 0.5 0 0
17880 0.00987356 0 197 0.0745098 0.5 0 0
17890 0.00987356 0 197 0.0745098 0.5 0 0
17900 0.00946232 0 197 0.0705882 0.5 0 0
17910 0.00946232 0 197 0.0705882 0.5 0 0
17920 0.00906397 0 197 0.0705882 0.5 0 0
17930 0.00906397 0 197 0.0705882 0.5 0 0
17940 0.0088382 0 197 0.0705882 0.5 0 0
17950 0.0088382 0 197 0.0705882 0.5 0 0
17960 0.00878444 0 197 0.0705882 0.5 0 0
17970 0.00878444 0 197 0.0705882 0.5 0 0
17980 0.00852408 0 197 0.0666667 0.5 0 0
17990 0.00852408 0 197 0.0627451 0.5 0 0
18000 0.00808142 0 197 0.0588235 0.5 0 0
18010 0.00808142 0 197 0.0627451 0.5 0 0
18020 0.00770518 0 197 0.0627451 0.5 0 0
18030 0.00770518 0 197 0.0627451 0.5 0 0
18040 0.00732698 0 197 0.0627451 0.5 0 0
18050 0.00732698 0 197 0.0627451 0.5 0 0
18060 0.00717301 0 197 0.0627451 0.5 0 0
18070 0.00717301 0 197 0.0627451 0.5 0 0
18080 0.00695161 0 197 0.0627451 0.5 0 0
18090 0.00695161 0 197 0.0627451 0.5 0 0
18100 0.00668052 0 197 0.0627451 0.5 0 0
18110 0.00668052 0 197 0.0627451 0.5 0 0
18120 0.00653166 0 197 0.0588235 0.5 0 0
18130 0.00653166 0 197 0.0588235 0.5 0 0
18140 0.00653988 0 197 0.0627451 0.5 0 0
18150 0.00653988 0 197 0.0627451 0.5 0 0
18160 0.00649405 0 197 0.0627451 0.5 0 0
18170 0.00649405 0 197 0.0627451 0.5 0 0
18180 0.00640586 0 197 0.0666667 0.5 0 0
18190 0.00640586 0 197 0.0666667 0.5 0 0
18200 0.00632892 0 197 0.0666667 0.5 0 0
18210 0.00632892 0 197 0.0705882 0.5 0 0
18220 0.00621156 0 197 0.0705882 0.5 0 0
18230 0.00621156 0 197 0.0666667 0.5 0 0
18240 0.00593497 0 197 0.0627451 0.5 0 0
18250 0.00593497 0 197 0.0588235 0.5 0 0
18260 0.00573217 0 197 0.0588235 0.5 0 0
18270 0.00573217 0 197 0.0588235 0.5 0 0
18280 0.00559941 0 197 0.0588235 0.5 0 0
18290 0.00559941 0 197 0.0627451 0.5 0 0
18300 0.00559512 0 197 0.0627451 0.5 0 0
18310 0.00559512 0 197 0.0666667 0.5 0 0
18320 0.00552321 0 197 0.0666667 0.5 0 0
18330 0.00552321 0 197 0.0666667 0.5 0 0
18340 0.00544041 0 197 0.0627451 0.5 0 0
18350 0.00544041 0 197 0.0627451 0.5 0 0
18360 0.00530662 0 197 0.0627451 0.5 0 0
18370 0.00530662 0 197 0.0588235 0.5 0 0
18380 0.00515881 0 197 0.0588235 0.5 0 0
18390 0.00515881 0 197 0.0588235 0.5 0 0
18400 0.00504471 0 197 0.0627451 0.5 0 0
18410 0.00504471 0 197 0.0666667 0.5 0 0
18420 0.00504591 0 197 0.0666667 0.5 0 0
18430 0.00504591 0 197 0.0705882 0.5 0 0
18440 0.00504285 0 197 0.0666667 0.5 0 0
18450 0.00504285 0 197 0.0705882 0.5 0 0
18460 0.00503386 0 197 0.0666667 0.5 0 0
18470 0.00503386 0 197 0.0666667 0.5 0 0
18480 0.00504697 0 197 0.0666667 0.5 0 0
18490 0.00504697 0 197 0.0588235 0.5 0 0
18500 0.00501497 0 197 0.0588235 0.5 0 0
18510 0.00501497 0 197 0.0588235 0.5 0 0
18520 0.00503451 0 197 0.0627451 0.5 0 0
18530 0.00503451 0 197 0.0705882 0.5 0 0
18540 0.00505281 0 197 0.0705882 0.5 0 0
18550 0.00505281 0 197 0.0745098 0.5 0 0
18560 0.00505948 0 197 0.0745098 0.5 0 0
18570 0.00505948 0 197 0.0745098 0.5 0 0
18580 0.00505948 0 197 0.0745098 0.5 0 0
18590 0.00505948 0 197 0.0745098 0.5 0 0
18600 0.00502109 0 197 0.0705882 0.5 0 0
18610 0.00502109 0 197 0.0627451 0.5 0 0
18620 0.00486292 0 197 0.054902 0.5 0 0
18630 0.00486292 0 197 0.0509804 0.5 0 0
18640 0.0047277 0 197 0.0509804 0.5 0 0
18650 0.0047277 0 197 0.0509804 0.5 0 0
18660 0.00467881 0 197 0.0509804 0.5 0 0
18670 0.00467881 0 197 0.0509804 0.5 0 0
18680 0.00450153 0 197 0.0509804 0.5 0 0
18690 0.00450153 0 197 0.054902 0.5 0 0
18700 0.00442107 0 197 0.054902 0.5 0 0
18710 0.00442107 0 197 0.0509804 0.5 0 0
18720 0.00443425 0 197 0.0509804 0.5 0 0
18730 0.00443425 0 197 0.0509804 0.5 0 0
18740 0.004639 0 197 0.0509804 0.5 0 0
18750 0.004639 0 197 0.054902 0.5 0 0
18760 0.00488704 0 197 0.0588235 0.5 0 0
18770 0.00488704 0 197 0.0588235 0.5 0 0
18780 0.00495504 0 197 0.0588235 0.5 0 0
18790 0.00495504 0 197 0.0588235 0.5 0 0
18800 0.00496488 0 197 0.054902 0.5 0 0
18810 0.00496488 0 197 0.054902 0.5 0 0
18820 0.00492748 0 197 0.054902 0.5 0 0
18830 0.00492748 0 197 0.0588235 0.5 0 0
18840 0.00496606 0 197 0.0588235 0.5 0 0
18850 0.00496606 0 197 0.0588235 0.5 0 0
18860 0.00502365 0 197 0.0588235 0.5 0 0
18870 0.00502365 0 197 0.0588235 0.5 0 0
18880 0.00501606 0 197 0.0588235 0.5 0 0
18890 0.00501606 0 197 0.0588235 0.5 0 0
18900 0.0049564 0 197 0.0588235 0.5 0 0
18910 0.0049564 0 197 0.0627451 0.5 0 0
18920 0.00475817 0 197 0.0588235 0.5 0 0
18930 0.00475817 0 197 0.0588235 0.5 0 0
18940 0.00458924 0 197 0.054902 0.5 0 0
18950 0.00458924 0 197 0.054902 0.5 0 0
18960 0.00444723 0 197 0.054902 0.5 0 0
18970 0.00444723 0 197 0.054902 0.5 0 0
18980 0.0044108 0 197 0.054902 0.5 0 0
18990 0.0044108 0 197 0.054902 0.5 0 0
19000 0.00435543 0 197 0.0509804 0.5 0 0
19010 0.00435543 0 197 0.0509804 0.5 0 0
19020 0.00435986 0 197 0.0509804 0.5 0 0
19030 0.00435986 0 197 0.0509804 0.5 0 0
19040 0.00441443 0 197 0.0509804 0.5 0 0
19050 0.00441443 0 197 0.054902 0.5 0 0
19060 0.00439292 0 197 0.054902 0.5 0 0
19070 0.00439292 0 197 0.054902 0.5 0 0
19080 0.00434392 0 197 0.054902 0.5 0 0
19090 0.00434392 0 197 0.0588235 0.5 0 0
19100 0.00432792 0 197 0.0588235 0.5 0 0
19110 0.00432792 0 197 0.0588235 0.5 0 0
19120 0.00434612 0 197 0.0588235 0.5 0 0
19130 0.00434612 0 197 0.0627451 0.5 0 0
19140 0.00437609 0 197 0.0627451 0.5 0 0
19150 0.00437609 0 197 0.0588235 0.5 0 0
19160 0.00433407 0 197 0.0588235 0.5 0 0
19170 0.00433407 0 197 0.054902 0.5 0 0
19180 0.00431707 0 197 0.054902 0.5 0 0
19190 0.00431707 0 197 0.0509804 0.5 0 0
19200 0.00440051 0 197 0.0588235 0.5 0 0
19210 0.00440051 0 197 0.0627451 0.5 0 0
19220 0.00444599 0 197 0.0666667 0.5 0 0
19230 0.00444599 0 197 0.0705882 0.5 0 0
19240 0.00443854 0 197 0.0705882 0.5 0 0
19250 0.00443854 0 197 0.0705882 0.5 0 0
19260 0.004424 0 197 0.0705882 0.5 0 0
19270 0.004424 0 197 0.0666667 0.5 0 0
19280 0.00444281 0 197 0.0705882 0.5 0 0
19290 0.00444281 0 197 0.0705882 0.5 0 0
19300 0.00440064 0 197 0.0705882 0.5 0 0
19310 0.00440064 0 197 0.0666667 0.5 0 0
19320 0.00435003 0 197 0.0588235 0.5 0 0
19330 0.00435003 0 197 0.0588235 0.5 0 0
19340 0.00444126 0 197 0.0588235 0.5 0 0
19350 0.00444126 0 197 0.0627451 0.5 0 0
19360 0.00458766 0 197 0.0666667 0.5 0 0
19370 0.00458766 0 197 0.0666667 0.5 0 0
19380 0.00460782 0 197 0.0666667 0.5 0 0
19390 0.00460782 0 197 0.0705882 0.5 0 0
19400 0.00471319 0 197 0.0705882 0.5 0 0
19410 0.00471319 0 197 0.0666667 0.5 0 0
19420 0.00488852 0 197 0.0705882 0.5 0 0
19430 0.00488852 0 197 0.0705882 0.5 0 0
19440 0.00502022 0 197 0.0666667 0.5 0 0
19450 0.00502022 0 197 0.0627451 0.5 0 0
19460 0.00508683 0 197 0.0627451 0.5 0 0
19470 0.00508683 0 197 0.0627451 0.5 0 0
19480 0.00517281 0 197 0.0627451 0.5 0 0
19490 0.00517281 0 197 0.0588235 0.5 0 0
19500 0.00512975 0 197 0.0588235 0.5 0 0
19510 0.00512975 0 197 0.054902 0.5 0 0
19520 0.00515002 0 197 0.054902 0.5 0 0
19530 0.00515002 0 197 0.054902 0.5 0 0
19540 0.00522599 0 197 0.0588235 0.5 0 0
19550 0.00522599 0 197 0.0588235 0.5 0 0
19560 0.00520663 0 197 0.0627451 0.5 0 0
19570 0.00520663 0 197 0.0627451 0.5 0 0
19580 0.00520237 0 197 0.0627451 0.5 0 0
19590 0.00520237 0 197 0.0627451 0.5 0 0
19600 0.00520237 0 197 0.0627451 0.5 0 0
19610 0.00520237 0 197 0.0627451 0.5 0 0
19620 0.00501127 0 197 0.054902 0.5 0 0
19630 0.00501127 0 197 0.0509804 0.5 0 0
19640 0.00486435 0 197 0.054902 0.5 0 0
19650 0.00486435 0 197 0.054902 0.5 0 0
19660 0.00485172 0 197 0.054902 0.5 0 0
19670 0.00485172 0 197 0.054902 0.5 0 0
19680 0.00460333 0 197 0.054902 0.5 0 0
19690 0.00460333 0 197 0.0588235 0.5 0 0
19700 0.00453896 0 197 0.0588235 0.5 0 0
19710 0.00453896 0 197 0.0588235 0.5 0 0
19720 0.00451196 0 197 0.054902 0.5 0 0
19730 0.00451196 0 197 0.054902 0.5 0 0
19740 0.00445525 0 197 0.0509804 0.5 0 0
19750 0.00445525 0 197 0.054902 0.5 0 0
19760 0.0043388 0 197 0.054902 0.5 0 0
19770 0.0043388 0 197 0.054902 0.5 0 0
19780 0.00438228 0 197 0.054902 0.5 0 0
19790 0.00438228 0 197 0.054902 0.5 0 0
19800 0.00443527 0 197 0.054902 0.5 0 0
19810 0.00443527 0 197 0.054902 0.5 0 0
19820 0.0045543 0 197 0.0509804 0.5 0 0
19830 0.0045543 0 197 0.054902 0.5 0 0
19840 0.00460081 0 197 0.054902 0.5 0 0
19850 0.00460081 0 197 0.054902 0.5 0 0
19860 0.00463714 0 197 0.0588235 0.5 0 0
19870 0.00463714 0 197 0.0627451 0.5 0 0
19880 0.00467105 0 197 0.0627451 0.5 0 0
19890 0.00467105 0 197 0.0627451 0.5 0 0
19900 0.00465772 0 197 0.0627451 0.5 0 0
19910 0.00465772 0 197 0.0666667 0.5 0 0
19920 0.00461796 0 197 0.0627451 0.5 0 0
19930 0.00461796 0 197 0.0627451 0.5 0 0
19940 0.00448223 0 197 0.054902 0.5 0 0
19950 0.00448223 0 197 0.0509804 0.5 0 0
19960 0.0044299 0 197 0.0509804 0.5 0 0
19970 0.0044299 0 197 0.0509804 0.5 0 0
19980 0.00449543 0 197 0.0509804 0.5 0 0
19990 0.00449543 0 197 0.0509804 0.5 0 0
20000 0.00451946 0 197 0.0509804 0.5 0 0
20010 0.00451946 0 197 0.0509804 0.5 0 0
