0 0.114964 0 0 0.5 0.5 0 0
10 0.114964 0 0 0.733333 0.5 0 0
20 0.118401 0 0 0.72549 0.5 0 0
30 0.118401 0 0 0.717647 0.5 0 0
40 0.118647 0 0 0.721569 0.5 0 0
50 0.118647 0 0 0.835294 0.5 0 0
60 0.119572 0 0 0.803922 0.5 0 0
70 0.119572 0 0 0.709804 0.5 0 0
80 0.120722 0 0 0.843137 0.5 0 0
90 0.120722 0 0 0.768627 0.5 0 0
100 0.121176 0 0 0.760784 0.5 0 0
110 0.121176 0 0 0.8 0.5 0 0
120 0.121915 0 0 0.764706 0.5 0 0
130 0.121915 0 0 0.694118 0.5 0 0
140 0.122648 0 0 0.733333 0.5 0 0
150 0.122648 0 0 0.701961 0.5 0 0
160 0.122934 0 0 0.760784 0.5 0 0
170 0.122934 0 0 0.698039 0.5 0 0
180 0.124089 0 0 0.823529 0.5 0 0
190 0.124089 0 0 0.764706 0.5 0 0
200 0.125508 0 0 0.705882 0.5 0 0
210 0.125508 0 0 0.705882 0.5 0 0
220 0.126005 0 0 0.839216 0.5 0 0
230 0.126005 0 0 0.764706 0.5 0 0
240 0.125699 0 0 0.839216 0.5 0 0
250 0.125699 0 0 0.752941 0.5 0 0
260 0.125535 0 0 0.729412 0.5 0 0
270 0.125535 0 0 0.760784 0.5 0 0
280 0.125894 0 0 0.764706 0.5 0 0
290 0.125894 0 0 0.737255 0.5 0 0
300 0.12565 0 0 0.839216 0.5 0 0
310 0.12565 0 0 0.698039 0.5 0 0
320 0.124588 0 0 0.72549 0.5 0 0
330 0.124588 0 0 0.764706 0.5 0 0
340 0.123395 0.125 0.125 0.831373 0.5 0 0
350 0.123395 0.125 0.125 0.682353 0.5 0 0
360 0.123134 0.125 0.25 0.729412 0.5 0 0
370 0.123134 0.125 0.25 0.764706 0.5 0 0
380 0.123053 0.125 0.375 0.729412 0.5 0 0
390 0.123053 0.125 0.375 0.733333 0.5 0 0
400 0.122956 0.125 0.5 0.686275 0.5 0 0
410 0.122956 0.125 0.5 0.835294 0.5 0 0
420 0.122817 0.125 0.625 0.835294 0.5 0 0
430 0.122817 0.125 0.625 0.835294 0.5 0 0
440 0.122709 0.125 0.75 0.682353 0.5 0 0
450 0.122709 0.125 0.75 0.690196 0.5 0 0
460 0.122616 0.125 0.875 0.764706 0.5 0 0
470 0.122616 0.125 0.875 0.678431 0.5 0 0
480 0.122525 0.125 1 0.701961 0.5 0 0
490 0.122525 0.125 1 0.690196 0.5 0 0
500 0.122439 0.125 1.125 0.768627 0.5 0 0
510 0.122439 0.125 1.125 0.701961 0.5 0 0
520 0.122351 0.25 1.375 0.694118 0.5 0 0
530 0.122351 0.25 1.375 0.709804 0.5 0 0
540 0.122248 0.25 1.625 0.733333 0.5 0 0
550 0.122248 0.25 1.625 0.694118 0.5 0 0
560 0.122176 0.25 1.875 0.839216 0.5 0 0
570 0.122176 0.25 1.875 0.729412 0.5 0 0
580 0.122113 0.25 2.125 0.835294 0.5 0 0
590 0.122113 0.25 2.125 0.678431 0.5 0 0
600 0.122062 0.25 2.375 0.764706 0.5 0 0
610 0.122062 0.25 2.375 0.835294 0.5 0 0
620 0.122011 0.125 2.5 0.729412 0.5 0 0
630 0.122011 0.125 2.5 0.694118 0.5 0 0
640 0.121973 0.125 2.625 0.760784 0.5 0 0
650 0.121973 0.125 2.625 0.745098 0.5 0 0
660 0.122626 0 2.625 0.780392 0.5 0 0
670 0.122626 0 2.625 0.737255 0.5 0 0
680 0.122966 0 2.625 0.737255 0.5 0 0
690 0.122966 0 2.625 0.662745 0.5 0 0
700 0.123358 0 2.625 0.807843 0.5 0 0
710 0.123358 0 2.625 0.67451 0.5 0 0
720 0.123872 0 2.625 0.588235 0.5 0 0
730 0.123872 0 2.625 0.560784 0.5 0 0
740 0.124556 0 2.625 0.54902 0.5 0 0
750 0.124556 0 2.625 0.521569 0.5 0 0
760 0.124686 0 2.625 0.501961 0.5 0 0
770 0.124686 0 2.625 0.498039 0.5 0 0
780 0.124469 0 2.625 0.498039 0.5 0 0
790 0.124469 0 2.625 0.501961 0.5 0 0
800 0.124415 0 2.625 0.501961 0.5 0 0
810 0.124415 0 2.625 0.498039 0.5 0 0
820 0.124409 0 2.625 0.505882 0.5 0 0
830 0.124409 0 2.625 0.501961 0.5 0 0
840 0.124409 0 2.625 0.501961 0.5 0 0
850 0.124409 0 2.625 0.501961 0.5 0 0
860 0.124295 0 2.625 0.498039 0.5 0 0
870 0.124295 0 2.625 0.498039 0.5 0 0
880 0.12429 0 2.625 0.494118 0.5 0 0
890 0.12429 0 2.625 0.501961 0.5 0 0
900 0.124321 0 2.625 0.498039 0.5 0 0
910 0.124321 0 2.625 0.494118 0.5 0 0
920 0.124183 0 2.625 0.486275 0.5 0 0
930 0.124183 0 2.625 0.498039 0.5 0 0
940 0.123803 0 2.625 0.498039 0.5 0 0
950 0.123803 0 2.625 0.494118 0.5 0 0
960 0.123698 0 2.625 0.490196 0.5 0 0
970 0.123698 0 2.625 0.490196 0.5 0 0
980 0.123537 0 2.625 0.498039 0.5 0 0
990 0.123537 0 2.625 0.490196 0.5 0 0
1000 0.1234 0 2.625 0.494118 0.5 0 0
1010 0.1234 0 2.625 0.486275 0.5 0 0
1020 0.122742 0 2.625 0.482353 0.5 0 0
1030 0.122742 0 2.625 0.466667 0.5 0 0
1040 0.120978 0 2.625 0.470588 0.5 0 0
1050 0.120978 0 2.625 0.470588 0.5 0 0
1060 0.120124 0 2.625 0.470588 0.5 0 0
1070 0.120124 0 2.625 0.466667 0.5 0 0
1080 0.120116 0 2.625 0.466667 0.5 0 0
1090 0.120116 0 2.625 0.466667 0.5 0 0
1100 0.120116 0 2.625 0.470588 0.5 0 0
1110 0.120116 0 2.625 0.466667 0.5 0 0
1120 0.119766 0 2.625 0.466667 0.5 0 0
1130 0.119766 0 2.625 0.462745 0.5 0 0
1140 0.119567 0 2.625 0.458824 0.5 0 0
1150 0.119567 0 2.625 0.458824 0.5 0 0
1160 0.119798 0 2.625 0.458824 0.5 0 0
1170 0.119798 0 2.625 0.458824 0.5 0 0
1180 0.119832 0 2.625 0.458824 0.5 0 0
1190 0.119832 0 2.625 0.458824 0.5 0 0
1200 0.119738 0 2.625 0.458824 0.5 0 0
1210 0.119738 0 2.625 0.458824 0.5 0 0
1220 0.119571 0 2.625 0.458824 0.5 0 0
1230 0.119571 0 2.625 0.458824 0.5 0 0
1240 0.119345 0 2.625 0.462745 0.5 0 0
1250 0.119345 0 2.625 0.454902 0.5 0 0
1260 0.119243 0 2.625 0.458824 0.5 0 0
1270 0.119243 0 2.625 0.458824 0.5 0 0
1280 0.11914 0 2.625 0.454902 0.5 0 0
1290 0.11914 0 2.625 0.458824 0.5 0 0
1300 0.119055 0 2.625 0.458824 0.5 0 0
1310 0.119055 0 2.625 0.454902 0.5 0 0
1320 0.118871 0 2.625 0.443137 0.5 0 0
1330 0.118871 0 2.625 0.439216 0.5 0 0
1340 0.117785 0 2.625 0.439216 0.5 0 0
1350 0.117785 0 2.625 0.431373 0.5 0 0
1360 0.114499 0 2.625 0.427451 0.5 0 0
1370 0.114499 0 2.625 0.427451 0.5 0 0
1380 0.113303 0 2.625 0.427451 0.5 0 0
1390 0.113303 0 2.625 0.427451 0.5 0 0
1400 0.113039 0 2.625 0.427451 0.5 0 0
1410 0.113039 0 2.625 0.423529 0.5 0 0
1420 0.11318 0 2.625 0.423529 0.5 0 0
1430 0.11318 0 2.625 0.419608 0.5 0 0
1440 0.112387 0 2.625 0.415686 0.5 0 0
1450 0.112387 0 2.625 0.415686 0.5 0 0
1460 0.111041 0 2.625 0.415686 0.5 0 0
1470 0.111041 0 2.625 0.415686 0.5 0 0
1480 0.110024 0 2.625 0.411765 0.5 0 0
1490 0.110024 0 2.625 0.411765 0.5 0 0
1500 0.10908 0 2.625 0.407843 0.5 0 0
1510 0.10908 0 2.625 0.407843 0.5 0 0
1520 0.107699 0 2.625 0.407843 0.5 0 0
1530 0.107699 0 2.625 0.407843 0.5 0 0
1540 0.105965 0 2.625 0.407843 0.5 0 0
1550 0.105965 0 2.625 0.407843 0.5 0 0
1560 0.105454 0 2.625 0.407843 0.5 0 0
1570 0.105454 0 2.625 0.407843 0.5 0 0
1580 0.105266 0 2.625 0.407843 0.5 0 0
1590 0.105266 0 2.625 0.407843 0.5 0 0
1600 0.105055 0 2.625 0.407843 0.5 0 0
1610 0.105055 0 2.625 0.407843 0.5 0 0
1620 0.105053 0 2.625 0.407843 0.5 0 0
1630 0.105053 0 2.625 0.407843 0.5 0 0
1640 0.105017 0 2.625 0.407843 0.5 0 0
1650 0.105017 0 2.625 0.407843 0.5 0 0
1660 0.105078 0 2.625 0.407843 0.5 0 0
1670 0.105078 0 2.625 0.407843 0.5 0 0
1680 0.105695 0 2.625 0.407843 0.5 0 0
1690 0.105695 0 2.625 0.407843 0.5 0 0
1700 0.106264 0 2.625 0.407843 0.5 0 0
1710 0.106264 0 2.625 0.407843 0.5 0 0
1720 0.106891 0 2.625 0.403922 0.5 0 0
1730 0.106891 0 2.625 0.403922 0.5 0 0
1740 0.107108 0 2.625 0.403922 0.5 0 0
1750 0.107108 0 2.625 0.4 0.5 0 0
1760 0.106835 0 2.625 0.4 0.5 0 0
1770 0.106835 0 2.625 0.4 0.5 0 0
1780 0.106086 0 2.625 0.396078 0.5 0 0
1790 0.106086 0 2.625 0.396078 0.5 0 0
1800 0.105558 0 2.625 0.392157 0.5 0 0
1810 0.105558 0 2.625 0.396078 0.5 0 0
1820 0.10565 0 2.625 0.392157 0.5 0 0
1830 0.10565 0 2.625 0.392157 0.5 0 0
1840 0.105469 0 2.625 0.392157 0.5 0 0
1850 0.105469 0 2.625 0.392157 0.5 0 0
1860 0.104935 0 2.625 0.396078 0.5 0 0
1870 0.104935 0 2.625 0.392157 0.5 0 0
1880 0.103943 0 2.625 0.388235 0.5 0 0
1890 0.103943 0 2.625 0.392157 0.5 0 0
1900 0.103178 0 2.625 0.388235 0.5 0 0
1910 0.103178 0 2.625 0.392157 0.5 0 0
1920 0.102379 0 2.625 0.388235 0.5 0 0
1930 0.102379 0 2.625 0.392157 0.5 0 0
1940 0.101778 0 2.625 0.388235 0.5 0 0
1950 0.101778 0 2.625 0.388235 0.5 0 0
1960 0.101624 0 2.625 0.388235 0.5 0 0
1970 0.101624 0 2.625 0.388235 0.5 0 0
1980 0.101034 0 2.625 0.388235 0.5 0 0
1990 0.101034 0 2.625 0.388235 0.5 0 0
2000 0.10097 0 2.625 0.388235 0.5 0 0
2010 0.10097 0 2.625 0.388235 0.5 0 0
2020 0.100779 0 2.625 0.388235 0.5 0 0
2030 0.100779 0 2.625 0.388235 0.5 0 0
2040 0.100777 0 2.625 0.388235 0.5 0 0
2050 0.100777 0 2.625 0.392157 0.5 0 0
2060 0.100704 0 2.625 0.388235 0.5 0 0
2070 0.100704 0 2.625 0.388235 0.5 0 0
2080 0.100688 0 2.625 0.388235 0.5 0 0
2090 0.100688 0 2.625 0.388235 0.5 0 0
2100 0.100673 0 2.625 0.388235 0.5 0 0
2110 0.100673 0 2.625 0.392157 0.5 0 0
2120 0.100673 0 2.625 0.388235 0.5 0 0
2130 0.100673 0 2.625 0.388235 0.5 0 0
2140 0.100673 0 2.625 0.388235 0.5 0 0
2150 0.100673 0 2.625 0.392157 0.5 0 0
2160 0.100673 0 2.625 0.388235 0.5 0 0
2170 0.100673 0 2.625 0.392157 0.5 0 0
2180 0.100673 0 2.625 0.392157 0.5 0 0
2190 0.100673 0 2.625 0.388235 0.5 0 0
2200 0.101119 0 2.625 0.388235 0.5 0 0
2210 0.101119 0 2.625 0.388235 0.5 0 0
2220 0.101703 0 2.625 0.388235 0.5 0 0
2230 0.101703 0 2.625 0.388235 0.5 0 0
2240 0.102085 0 2.625 0.388235 0.5 0 0
2250 0.102085 0 2.625 0.388235 0.5 0 0
2260 0.102239 0 2.625 0.388235 0.5 0 0
2270 0.102239 0 2.625 0.384314 0.5 0 0
2280 0.101922 0 2.625 0.384314 0.5 0 0
2290 0.101922 0 2.625 0.380392 0.5 0 0
2300 0.10121 0 2.625 0.380392 0.5 0 0
2310 0.10121 0 2.625 0.384314 0.5 0 0
2320 0.100432 0 2.625 0.384314 0.5 0 0
2330 0.100432 0 2.625 0.384314 0.5 0 0
2340 0.100083 0 2.625 0.384314 0.5 0 0
2350 0.100083 0 2.625 0.384314 0.5 0 0
2360 0.100081 0 2.625 0.384314 0.5 0 0
2370 0.100081 0 2.625 0.384314 0.5 0 0
2380 0.0996999 0 2.625 0.384314 0.5 0 0
2390 0.0996999 0 2.625 0.384314 0.5 0 0
2400 0.0988521 0 2.625 0.384314 0.5 0 0
2410 0.0988521 0 2.625 0.384314 0.5 0 0
2420 0.0983149 0 2.625 0.384314 0.5 0 0
2430 0.0983149 0 2.625 0.384314 0.5 0 0
2440 0.0982975 0 2.625 0.384314 0.5 0 0
2450 0.0982975 0 2.625 0.384314 0.5 0 0
2460 0.0981064 0 2.625 0.384314 0.5 0 0
2470 0.0981064 0 2.625 0.384314 0.5 0 0
2480 0.0980171 0 2.625 0.384314 0.5 0 0
2490 0.0980171 0 2.625 0.384314 0.5 0 0
2500 0.0980171 0 2.625 0.384314 0.5 0 0
2510 0.0980171 0 2.625 0.384314 0.5 0 0
2520 0.0984118 0 2.625 0.384314 0.5 0 0
2530 0.0984118 0 2.625 0.384314 0.5 0 0
2540 0.0990186 0 2.625 0.384314 0.5 0 0
2550 0.0990186 0 2.625 0.380392 0.5 0 0
2560 0.0993861 0 2.625 0.380392 0.5 0 0
2570 0.0993861 0 2.625 0.380392 0.5 0 0
2580 0.0995568 0 2.625 0.380392 0.5 0 0
2590 0.0995568 0 2.625 0.380392 0.5 0 0
2600 0.0994932 0 2.625 0.380392 0.5 0 0
2610 0.0994932 0 2.625 0.376471 0.5 0 0
2620 0.0992953 0 2.625 0.376471 0.5 0 0
2630 0.0992953 0 2.625 0.376471 0.5 0 0
2640 0.0987307 0 2.625 0.376471 0.5 0 0
2650 0.0987307 0 2.625 0.376471 0.5 0 0
2660 0.098265 0 2.625 0.376471 0.5 0 0
2670 0.098265 0 2.625 0.376471 0.5 0 0
2680 0.0980549 0 2.625 0.376471 0.5 0 0
2690 0.0980549 0 2.625 0.376471 0.5 0 0
2700 0.0975363 0 2.625 0.376471 0.5 0 0
2710 0.0975363 0 2.625 0.376471 0.5 0 0
2720 0.0972181 0 2.625 0.376471 0.5 0 0
2730 0.0972181 0 2.625 0.376471 0.5 0 0
2740 0.096777 0 2.625 0.376471 0.5 0 0
2750 0.096777 0 2.625 0.376471 0.5 0 0
2760 0.0961346 0 2.625 0.376471 0.5 0 0
2770 0.0961346 0 2.625 0.376471 0.5 0 0
2780 0.0958447 0 2.625 0.376471 0.5 0 0
2790 0.0958447 0 2.625 0.376471 0.5 0 0
2800 0.0956197 0 2.625 0.376471 0.5 0 0
2810 0.0956197 0 2.625 0.376471 0.5 0 0
2820 0.095529 0 2.625 0.376471 0.5 0 0
2830 0.095529 0 2.625 0.376471 0.5 0 0
2840 0.0956809 0 2.625 0.376471 0.5 0 0
2850 0.0956809 0 2.625 0.376471 0.5 0 0
2860 0.0959034 0 2.625 0.376471 0.5 0 0
2870 0.0959034 0 2.625 0.372549 0.5 0 0
2880 0.0962418 0 2.625 0.372549 0.5 0 0
2890 0.0962418 0 2.625 0.372549 0.5 0 0
2900 0.0964319 0 2.625 0.372549 0.5 0 0
2910 0.0964319 0 2.625 0.368627 0.5 0 0
2920 0.0962863 0 2.625 0.368627 0.5 0 0
2930 0.0962863 0 2.625 0.368627 0.5 0 0
2940 0.0962266 0 2.625 0.368627 0.5 0 0
2950 0.0962266 0 2.625 0.368627 0.5 0 0
2960 0.0956689 0 2.625 0.368627 0.5 0 0
2970 0.0956689 0 2.625 0.368627 0.5 0 0
2980 0.0955068 0 2.625 0.364706 0.5 0 0
2990 0.0955068 0 2.625 0.364706 0.5 0 0
3000 0.0953247 0 2.625 0.360784 0.5 0 0
3010 0.0953247 0 2.625 0.360784 0.5 0 0
3020 0.0942 0 2.625 0.368627 0.5 0 0
3030 0.0942 0 2.625 0.368627 0.5 0 0
3040 0.0943492 0 2.625 0.380392 0.5 0 0
3050 0.0943492 0 2.625 0.380392 0.5 0 0
3060 0.0941103 0 2.625 0.376471 0.5 0 0
3070 0.0941103 0 2.625 0.380392 0.5 0 0
3080 0.0929741 0 2.625 0.360784 0.5 0 0
3090 0.0929741 0 2.625 0.360784 0.5 0 0
3100 0.0915874 0 2.625 0.360784 0.5 0 0
3110 0.0915874 0 2.625 0.360784 0.5 0 0
3120 0.0908369 0 2.625 0.356863 0.5 0 0
3130 0.0908369 0 2.625 0.356863 0.5 0 0
3140 0.0904381 0 2.625 0.356863 0.5 0 0
3150 0.0904381 0 2.625 0.360784 0.5 0 0
3160 0.0891216 0 2.625 0.356863 0.5 0 0
3170 0.0891216 0 2.625 0.356863 0.5 0 0
3180 0.0872683 0 2.625 0.360784 0.5 0 0
3190 0.0872683 0 2.625 0.360784 0.5 0 0
3200 0.0868968 0 2.625 0.360784 0.5 0 0
3210 0.0868968 0 2.625 0.360784 0.5 0 0
3220 0.0872087 0 2.625 0.360784 0.5 0 0
3230 0.0872087 0 2.625 0.360784 0.5 0 0
3240 0.087822 0 2.625 0.360784 0.5 0 0
3250 0.087822 0 2.625 0.356863 0.5 0 0
3260 0.0887848 0 2.625 0.360784 0.5 0 0
3270 0.0887848 0 2.625 0.360784 0.5 0 0
3280 0.0892218 0 2.625 0.360784 0.5 0 0
3290 0.0892218 0 2.625 0.360784 0.5 0 0
3300 0.0893662 0 2.625 0.360784 0.5 0 0
3310 0.0893662 0 2.625 0.360784 0.5 0 0
3320 0.0895756 0 2.625 0.360784 0.5 0 0
3330 0.0895756 0 2.625 0.360784 0.5 0 0
3340 0.0897384 0 2.625 0.364706 0.5 0 0
3350 0.0897384 0 2.625 0.364706 0.5 0 0
3360 0.0897485 0 2.625 0.364706 0.5 0 0
3370 0.0897485 0 2.625 0.360784 0.5 0 0
3380 0.0895626 0 2.625 0.360784 0.5 0 0
3390 0.0895626 0 2.625 0.356863 0.5 0 0
3400 0.0890507 0 2.625 0.356863 0.5 0 0
3410 0.0890507 0 2.625 0.352941 0.5 0 0
3420 0.0875917 0 2.625 0.356863 0.5 0 0
3430 0.0875917 0 2.625 0.356863 0.5 0 0
3440 0.0867167 0 2.625 0.356863 0.5 0 0
3450 0.0867167 0 2.625 0.356863 0.5 0 0
3460 0.0865954 0 2.625 0.356863 0.5 0 0
3470 0.0865954 0 2.625 0.356863 0.5 0 0
3480 0.0863235 0 2.625 0.356863 0.5 0 0
3490 0.0863235 0 2.625 0.356863 0.5 0 0
3500 0.0854264 0 2.625 0.356863 0.5 0 0
3510 0.0854264 0 2.625 0.356863 0.5 0 0
3520 0.0849234 0 2.625 0.356863 0.5 0 0
3530 0.0849234 0 2.625 0.356863 0.5 0 0
3540 0.0849069 0 2.625 0.356863 0.5 0 0
3550 0.0849069 0 2.625 0.356863 0.5 0 0
3560 0.0847068 0 2.625 0.356863 0.5 0 0
3570 0.0847068 0 2.625 0.356863 0.5 0 0
3580 0.0845446 0 2.625 0.356863 0.5 0 0
3590 0.0845446 0 2.625 0.356863 0.5 0 0
3600 0.0845446 0 2.625 0.356863 0.5 0 0
3610 0.0845446 0 2.625 0.356863 0.5 0 0
3620 0.0845446 0 2.625 0.356863 0.5 0 0
3630 0.0845446 0 2.625 0.356863 0.5 0 0
3640 0.0845446 0 2.625 0.356863 0.5 0 0
3650 0.0845446 0 2.625 0.356863 0.5 0 0
3660 0.0845411 0 2.625 0.356863 0.5 0 0
3670 0.0845411 0 2.625 0.356863 0.5 0 0
3680 0.0845413 0 2.625 0.356863 0.5 0 0
3690 0.0845413 0 2.625 0.356863 0.5 0 0
3700 0.0853631 0 2.625 0.356863 0.5 0 0
3710 0.0853631 0 2.625 0.356863 0.5 0 0
3720 0.0859129 0 2.625 0.356863 0.5 0 0
3730 0.0859129 0 2.625 0.356863 0.5 0 0
3740 0.0861787 0 2.625 0.356863 0.5 0 0
3750 0.0861787 0 2.625 0.356863 0.5 0 0
3760 0.0863324 0 2.625 0.356863 0.5 0 0
3770 0.0863324 0 2.625 0.356863 0.5 0 0
3780 0.0862397 0 2.625 0.356863 0.5 0 0
3790 0.0862397 0 2.625 0.352941 0.5 0 0
3800 0.0858392 0 2.625 0.352941 0.5 0 0
3810 0.0858392 0 2.625 0.345098 0.5 0 0
3820 0.0849225 0 2.625 0.34902 0.5 0 0
3830 0.0849225 0 2.625 0.34902 0.5 0 0
3840 0.0842214 0 2.625 0.34902 0.5 0 0
3850 0.0842214 0 2.625 0.34902 0.5 0 0
3860 0.0838812 0 2.625 0.34902 0.5 0 0
3870 0.0838812 0 2.625 0.345098 0.5 0 0
3880 0.0830998 0 2.625 0.345098 0.5 0 0
3890 0.0830998 0 2.625 0.34902 0.5 0 0
3900 0.0824442 0 2.625 0.352941 0.5 0 0
3910 0.0824442 0 2.625 0.352941 0.5 0 0
3920 0.0821879 0 2.625 0.356863 0.5 0 0
3930 0.0821879 0 2.625 0.352941 0.5 0 0
3940 0.0817118 0 2.625 0.34902 0.5 0 0
3950 0.0817118 0 2.625 0.345098 0.5 0 0
3960 0.0801859 0 2.625 0.34902 0.5 0 0
3970 0.0801859 0 2.625 0.34902 0.5 0 0
3980 0.0795254 0 2.625 0.345098 0.5 0 0
3990 0.0795254 0 2.625 0.345098 0.5 0 0
4000 0.0801688 0 2.625 0.345098 0.5 0 0
4010 0.0801688 0 2.625 0.345098 0.5 0 0
4020 0.080612 0 2.625 0.345098 0.5 0 0
4030 0.080612 0 2.625 0.345098 0.5 0 0
4040 0.081233 0 2.625 0.34902 0.5 0 0
4050 0.081233 0 2.625 0.34902 0.5 0 0
4060 0.0814231 0 2.625 0.34902 0.5 0 0
4070 0.0814231 0 2.625 0.352941 0.5 0 0
4080 0.0816949 0 2.625 0.352941 0.5 0 0
4090 0.0816949 0 2.625 0.356863 0.5 0 0
4100 0.0819455 0 2.625 0.360784 0.5 0 0
4110 0.0819455 0 2.625 0.360784 0.5 0 0
4120 0.0818436 0 2.625 0.360784 0.5 0 0
4130 0.0818436 0 2.625 0.360784 0.5 0 0
4140 0.0813145 0 2.625 0.356863 0.5 0 0
4150 0.0813145 0 2.625 0.34902 0.5 0 0
4160 0.0801651 0 2.625 0.341176 0.5 0 0
4170 0.0801651 0 2.625 0.333333 0.5 0 0
4180 0.0786655 0 2.625 0.337255 0.5 0 0
4190 0.0786655 0 2.625 0.341176 0.5 0 0
4200 0.0780837 0 2.625 0.337255 0.5 0 0
4210 0.0780837 0 2.625 0.341176 0.5 0 0
4220 0.0780816 0 2.625 0.341176 0.5 0 0
4230 0.0780816 0 2.625 0.341176 0.5 0 0
4240 0.0780816 0 2.625 0.341176 0.5 0 0
4250 0.0780816 0 2.625 0.337255 0.5 0 0
4260 0.0787165 0 2.625 0.341176 0.5 0 0
4270 0.0787165 0 2.625 0.341176 0.5 0 0
4280 0.0796537 0 2.625 0.341176 0.5 0 0
4290 0.0796537 0 2.625 0.341176 0.5 0 0
4300 0.0806349 0 2.625 0.341176 0.5 0 0
4310 0.0806349 0 2.625 0.345098 0.5 0 0
4320 0.08114 0 2.625 0.341176 0.5 0 0
4330 0.08114 0 2.625 0.345098 0.5 0 0
4340 0.0816539 0 2.625 0.345098 0.5 0 0
4350 0.0816539 0 2.625 0.345098 0.5 0 0
4360 0.0817713 0 2.625 0.345098 0.5 0 0
4370 0.0817713 0 2.625 0.345098 0.5 0 0
4380 0.0818088 0 2.625 0.345098 0.5 0 0
4390 0.0818088 0 2.625 0.345098 0.5 0 0
4400 0.0814715 0 2.625 0.345098 0.5 0 0
4410 0.0814715 0 2.625 0.341176 0.5 0 0
4420 0.0809826 0 2.625 0.345098 0.5 0 0
4430 0.0809826 0 2.625 0.345098 0.5 0 0
4440 0.0806535 0 2.625 0.34902 0.5 0 0
4450 0.0806535 0 2.625 0.345098 0.5 0 0
4460 0.0802391 0 2.625 0.352941 0.5 0 0
4470 0.0802391 0 2.625 0.352941 0.5 0 0
4480 0.0800864 0 2.625 0.34902 0.5 0 0
4490 0.0800864 0 2.625 0.345098 0.5 0 0
4500 0.0784718 0 2.625 0.337255 0.5 0 0
4510 0.0784718 0 2.625 0.333333 0.5 0 0
4520 0.0764505 0 2.625 0.333333 0.5 0 0
4530 0.0764505 0 2.625 0.333333 0.5 0 0
4540 0.0744325 0 2.625 0.333333 0.5 0 0
4550 0.0744325 0 2.625 0.329412 0.5 0 0
4560 0.0738394 0 2.625 0.329412 0.5 0 0
4570 0.0738394 0 2.625 0.32549 0.5 0 0
4580 0.0736259 0 2.625 0.32549 0.5 0 0
4590 0.0736259 0 2.625 0.321569 0.5 0 0
4600 0.0730811 0 2.625 0.321569 0.5 0 0
4610 0.0730811 0 2.625 0.329412 0.5 0 0
4620 0.0730733 0 2.625 0.333333 0.5 0 0
4630 0.0730733 0 2.625 0.333333 0.5 0 0
4640 0.0729542 0 2.625 0.333333 0.5 0 0
4650 0.0729542 0 2.625 0.333333 0.5 0 0
4660 0.0735249 0 2.625 0.333333 0.5 0 0
4670 0.0735249 0 2.625 0.333333 0.5 0 0
4680 0.0729707 0 2.625 0.333333 0.5 0 0
4690 0.0729707 0 2.625 0.333333 0.5 0 0
4700 0.0733858 0 2.625 0.329412 0.5 0 0
4710 0.0733858 0 2.625 0.329412 0.5 0 0
4720 0.0734695 0 2.625 0.32549 0.5 0 0
4730 0.0734695 0 2.625 0.32549 0.5 0 0
4740 0.0735282 0 2.625 0.32549 0.5 0 0
4750 0.0735282 0 2.625 0.321569 0.5 0 0
4760 0.0723475 0 2.625 0.321569 0.5 0 0
4770 0.0723475 0 2.625 0.32549 0.5 0 0
4780 0.0716141 0 2.625 0.32549 0.5 0 0
4790 0.0716141 0 2.625 0.329412 0.5 0 0
4800 0.0713239 0 2.625 0.329412 0.5 0 0
4810 0.0713239 0 2.625 0.329412 0.5 0 0
4820 0.0705026 0 2.625 0.329412 0.5 0 0
4830 0.0705026 0 2.625 0.329412 0.5 0 0
4840 0.0699004 0 2.625 0.32549 0.5 0 0
4850 0.0699004 0 2.625 0.313725 0.5 0 0
4860 0.0686336 0 2.625 0.313725 0.5 0 0
4870 0.0686336 0 2.625 0.313725 0.5 0 0
4880 0.0670401 0 2.625 0.313725 0.5 0 0
4890 0.0670401 0 2.625 0.317647 0.5 0 0
4900 0.066601 0 2.625 0.32549 0.5 0 0
4910 0.066601 0 2.625 0.321569 0.5 0 0
4920 0.0663937 0 2.625 0.321569 0.5 0 0
4930 0.0663937 0 2.625 0.317647 0.5 0 0
4940 0.0663736 0 2.625 0.32549 0.5 0 0
4950 0.0663736 0 2.625 0.321569 0.5 0 0
4960 0.0663431 0 2.625 0.313725 0.5 0 0
4970 0.0663431 0 2.625 0.313725 0.5 0 0
4980 0.0663429 0 2.625 0.32549 0.5 0 0
4990 0.0663429 0 2.625 0.321569 0.5 0 0
5000 0.0661146 0 2.625 0.32549 0.5 0 0
5010 0.0661146 0 2.625 0.32549 0.5 0 0
5020 0.0663378 0 2.625 0.313725 0.5 0 0
5030 0.0663378 0 2.625 0.313725 0.5 0 0
5040 0.0678809 0 2.625 0.313725 0.5 0 0
5050 0.0678809 0 2.625 0.317647 0.5 0 0
5060 0.0687221 0 2.625 0.317647 0.5 0 0
5070 0.0687221 0 2.625 0.317647 0.5 0 0
5080 0.0698618 0 2.625 0.321569 0.5 0 0
5090 0.0698618 0 2.625 0.317647 0.5 0 0
5100 0.0704412 0 2.625 0.317647 0.5 0 0
5110 0.0704412 0 2.625 0.321569 0.5 0 0
5120 0.0708164 0 2.625 0.321569 0.5 0 0
5130 0.0708164 0 2.625 0.321569 0.5 0 0
5140 0.0710276 0 2.625 0.321569 0.5 0 0
5150 0.0710276 0 2.625 0.321569 0.5 0 0
5160 0.0711552 0 2.625 0.321569 0.5 0 0
5170 0.0711552 0 2.625 0.321569 0.5 0 0
5180 0.0710664 0 2.625 0.317647 0.5 0 0
5190 0.0710664 0 2.625 0.317647 0.5 0 0
5200 0.0704969 0 2.625 0.32549 0.5 0 0
5210 0.0704969 0 2.625 0.321569 0.5 0 0
5220 0.0700873 0 2.625 0.329412 0.5 0 0
5230 0.0700873 0 2.625 0.32549 0.5 0 0
5240 0.0699014 0 2.625 0.32549 0.5 0 0
5250 0.0699014 0 2.625 0.317647 0.5 0 0
5260 0.0689467 0 2.625 0.313725 0.5 0 0
5270 0.0689467 0 2.625 0.313725 0.5 0 0
5280 0.0678332 0 2.625 0.32549 0.5 0 0
5290 0.0678332 0 2.625 0.32549 0.5 0 0
5300 0.0677101 0 2.625 0.32549 0.5 0 0
5310 0.0677101 0 2.625 0.313725 0.5 0 0
5320 0.0676393 0 2.625 0.313725 0.5 0 0
5330 0.0676393 0 2.625 0.313725 0.5 0 0
5340 0.0666389 0 2.625 0.313725 0.5 0 0
5350 0.0666389 0 2.625 0.313725 0.5 0 0
5360 0.0667259 0 2.625 0.313725 0.5 0 0
5370 0.0667259 0 2.625 0.313725 0.5 0 0
5380 0.0668953 0 2.625 0.313725 0.5 0 0
5390 0.0668953 0 2.625 0.317647 0.5 0 0
5400 0.0671904 0 2.625 0.317647 0.5 0 0
5410 0.0671904 0 2.625 0.317647 0.5 0 0
5420 0.0673238 0 2.625 0.321569 0.5 0 0
5430 0.0673238 0 2.625 0.321569 0.5 0 0
5440 0.0673816 0 2.625 0.32549 0.5 0 0
5450 0.0673816 0 2.625 0.329412 0.5 0 0
5460 0.0672323 0 2.625 0.329412 0.5 0 0
5470 0.0672323 0 2.625 0.333333 0.5 0 0
5480 0.066667 0 2.625 0.337255 0.5 0 0
5490 0.066667 0 2.625 0.329412 0.5 0 0
5500 0.065973 0 2.625 0.32549 0.5 0 0
5510 0.065973 0 2.625 0.317647 0.5 0 0
5520 0.064799 0 2.625 0.313725 0.5 0 0
5530 0.064799 0 2.625 0.305882 0.5 0 0
5540 0.063353 0 2.625 0.298039 0.5 0 0
5550 0.063353 0 2.625 0.313725 0.5 0 0
5560 0.0623136 0 2.625 0.317647 0.5 0 0
5570 0.0623136 0 2.625 0.313725 0.5 0 0
5580 0.0621224 0 2.625 0.313725 0.5 0 0
5590 0.0621224 0 2.625 0.309804 0.5 0 0
5600 0.0624227 0 2.625 0.317647 0.5 0 0
5610 0.0624227 0 2.625 0.313725 0.5 0 0
5620 0.0629669 0 2.625 0.313725 0.5 0 0
5630 0.0629669 0 2.625 0.305882 0.5 0 0
5640 0.0639465 0 2.625 0.301961 0.5 0 0
5650 0.0639465 0 2.625 0.301961 0.5 0 0
5660 0.064973 0 2.625 0.305882 0.5 0 0
5670 0.064973 0 2.625 0.305882 0.5 0 0
5680 0.0654851 0 2.625 0.305882 0.5 0 0
5690 0.0654851 0 2.625 0.309804 0.5 0 0
5700 0.0660934 0 2.625 0.309804 0.5 0 0
5710 0.0660934 0 2.625 0.313725 0.5 0 0
5720 0.0664015 0 2.625 0.309804 0.5 0 0
5730 0.0664015 0 2.625 0.309804 0.5 0 0
5740 0.0663777 0 2.625 0.309804 0.5 0 0
5750 0.0663777 0 2.625 0.309804 0.5 0 0
5760 0.0658435 0 2.625 0.301961 0.5 0 0
5770 0.0658435 0 2.625 0.305882 0.5 0 0
5780 0.0651034 0 2.625 0.309804 0.5 0 0
5790 0.0651034 0 2.625 0.309804 0.5 0 0
5800 0.0651536 0 2.625 0.313725 0.5 0 0
5810 0.0651536 0 2.625 0.313725 0.5 0 0
5820 0.06516 0 2.625 0.305882 0.5 0 0
5830 0.06516 0 2.625 0.298039 0.5 0 0
5840 0.0648301 0 2.625 0.309804 0.5 0 0
5850 0.0648301 0 2.625 0.309804 0.5 0 0
5860 0.0649368 0 2.625 0.309804 0.5 0 0
5870 0.0649368 0 2.625 0.313725 0.5 0 0
5880 0.0648958 0 2.625 0.309804 0.5 0 0
5890 0.0648958 0 2.625 0.298039 0.5 0 0
5900 0.0632461 0 2.625 0.294118 0.5 0 0
5910 0.0632461 0 2.625 0.294118 0.5 0 0
5920 0.0614919 0 2.625 0.294118 0.5 0 0
5930 0.0614919 0 2.625 0.290196 0.5 0 0
5940 0.0607364 0.25 2.875 0.286275 0.5 0 0
5950 0.0607364 0.25 2.875 0.286275 0.5 0 0
5960 0.0600601 0.25 3.125 0.286275 0.5 0 0
5970 0.0600601 0.25 3.125 0.286275 0.5 0 0
5980 0.0591424 0.25 3.375 0.286275 0.5 0 0
5990 0.0591424 0.25 3.375 0.290196 0.5 0 0
6000 0.0588041 0.25 3.625 0.290196 0.5 0 0
6010 0.0588041 0.25 3.625 0.286275 0.5 0 0
6020 0.058729 0.25 3.875 0.286275 0.5 0 0
6030 0.058729 0.25 3.875 0.286275 0.5 0 0
6040 0.0589285 0.375 4.25 0.278431 0.5 0 0
6050 0.0589285 0.375 4.25 0.282353 0.5 0 0
6060 0.0589541 0.375 4.625 0.282353 0.5 0 0
6070 0.0589541 0.375 4.625 0.278431 0.5 0 0
6080 0.058728 0.25 4.875 0.278431 0.5 0 0
6090 0.058728 0.25 4.875 0.282353 0.5 0 0
6100 0.0582784 0.375 5.25 0.286275 0.5 0 0
6110 0.0582784 0.375 5.25 0.278431 0.5 0 0
6120 0.0579257 0.375 5.625 0.282353 0.5 0 0
6130 0.0579257 0.375 5.625 0.278431 0.5 0 0
6140 0.0578147 0.375 6 0.286275 0.5 0 0
6150 0.0578147 0.375 6 0.27451 0.5 0 0
6160 0.0570897 0.375 6.375 0.27451 0.5 0 0
6170 0.0570897 0.375 6.375 0.27451 0.5 0 0
6180 0.0563881 0.25 6.625 0.266667 0.5 0 0
6190 0.0563881 0.25 6.625 0.266667 0.5 0 0
6200 0.0561875 0.25 6.875 0.266667 0.5 0 0
6210 0.0561875 0.25 6.875 0.262745 0.5 0 0
6220 0.0558663 0.25 7.125 0.266667 0.5 0 0
6230 0.0558663 0.25 7.125 0.266667 0.5 0 0
6240 0.0555558 0.25 7.375 0.27451 0.5 0 0
6250 0.0555558 0.25 7.375 0.278431 0.5 0 0
6260 0.0551383 0.25 7.625 0.294118 0.5 0 0
6270 0.0551383 0.25 7.625 0.298039 0.5 0 0
6280 0.054848 0.25 7.875 0.290196 0.5 0 0
6290 0.054848 0.25 7.875 0.294118 0.5 0 0
6300 0.0544952 0 7.875 0.27451 0.5 0 0
6310 0.0544952 0 7.875 0.258824 0.5 0 0
6320 0.0543257 0 7.875 0.254902 0.5 0 0
6330 0.0543257 0 7.875 0.258824 0.5 0 0
6340 0.0538705 0 7.875 0.262745 0.5 0 0
6350 0.0538705 0 7.875 0.266667 0.5 0 0
6360 0.0531796 0 7.875 0.278431 0.5 0 0
6370 0.0531796 0 7.875 0.27451 0.5 0 0
6380 0.0531027 0 7.875 0.270588 0.5 0 0
6390 0.0531027 0 7.875 0.270588 0.5 0 0
6400 0.0531382 0 7.875 0.27451 0.5 0 0
6410 0.0531382 0 7.875 0.258824 0.5 0 0
6420 0.0526297 0 7.875 0.247059 0.5 0 0
6430 0.0526297 0 7.875 0.247059 0.5 0 0
6440 0.0516588 0 7.875 0.247059 0.5 0 0
6450 0.0516588 0 7.875 0.247059 0.5 0 0
6460 0.0514712 0 7.875 0.247059 0.5 0 0
6470 0.0514712 0 7.875 0.258824 0.5 0 0
6480 0.051384 0 7.875 0.258824 0.5 0 0
6490 0.051384 0 7.875 0.262745 0.5 0 0
6500 0.0509476 0 7.875 0.258824 0.5 0 0
6510 0.0509476 0 7.875 0.262745 0.5 0 0
6520 0.0501507 0 7.875 0.243137 0.5 0 0
6530 0.0501507 0 7.875 0.235294 0.5 0 0
6540 0.04904 0 7.875 0.227451 0.5 0 0
6550 0.04904 0 7.875 0.223529 0.5 0 0
6560 0.0480453 0 7.875 0.227451 0.5 0 0
6570 0.0480453 0 7.875 0.223529 0.5 0 0
6580 0.0475145 0 7.875 0.219608 0.5 0 0
6590 0.0475145 0 7.875 0.219608 0.5 0 0
6600 0.0467322 0 7.875 0.215686 0.5 0 0
6610 0.0467322 0 7.875 0.211765 0.5 0 0
6620 0.0469358 0 7.875 0.211765 0.5 0 0
6630 0.0469358 0 7.875 0.215686 0.5 0 0
6640 0.0458756 0 7.875 0.2 0.5 0 0
6650 0.0458756 0 7.875 0.196078 0.5 0 0
6660 0.0447346 0 7.875 0.192157 0.5 0 0
6670 0.0447346 0 7.875 0.192157 0.5 0 0
6680 0.0438719 0 7.875 0.196078 0.5 0 0
6690 0.0438719 0 7.875 0.203922 0.5 0 0
6700 0.0431706 0 7.875 0.203922 0.5 0 0
6710 0.0431706 0 7.875 0.207843 0.5 0 0
6720 0.0428883 0 7.875 0.203922 0.5 0 0
6730 0.0428883 0 7.875 0.207843 0.5 0 0
6740 0.0423105 0 7.875 0.192157 0.5 0 0
6750 0.0423105 0 7.875 0.192157 0.5 0 0
6760 0.0414967 0 7.875 0.2 0.5 0 0
6770 0.0414967 0 7.875 0.192157 0.5 0 0
6780 0.04124 0 7.875 0.196078 0.5 0 0
6790 0.04124 0 7.875 0.196078 0.5 0 0
6800 0.0412356 0 7.875 0.2 0.5 0 0
6810 0.0412356 0 7.875 0.196078 0.5 0 0
6820 0.0412356 0 7.875 0.196078 0.5 0 0
6830 0.0412356 0 7.875 0.196078 0.5 0 0
6840 0.0411492 0 7.875 0.196078 0.5 0 0
6850 0.0411492 0 7.875 0.2 0.5 0 0
6860 0.0412883 0 7.875 0.196078 0.5 0 0
6870 0.0412883 0 7.875 0.180392 0.5 0 0
6880 0.0419325 0 7.875 0.188235 0.5 0 0
6890 0.0419325 0 7.875 0.192157 0.5 0 0
6900 0.0423206 0 7.875 0.192157 0.5 0 0
6910 0.0423206 0 7.875 0.192157 0.5 0 0
6920 0.042198 0 7.875 0.192157 0.5 0 0
6930 0.042198 0 7.875 0.192157 0.5 0 0
6940 0.0421822 0 7.875 0.192157 0.5 0 0
6950 0.0421822 0 7.875 0.196078 0.5 0 0
6960 0.0421025 0 7.875 0.196078 0.5 0 0
6970 0.0421025 0 7.875 0.192157 0.5 0 0
6980 0.0415858 0 7.875 0.188235 0.5 0 0
6990 0.0415858 0 7.875 0.176471 0.5 0 0
7000 0.0406628 0 7.875 0.172549 0.5 0 0
7010 0.0406628 0 7.875 0.176471 0.5 0 0
7020 0.0396333 0 7.875 0.176471 0.5 0 0
7030 0.0396333 0 7.875 0.176471 0.5 0 0
7040 0.0392764 0 7.875 0.180392 0.5 0 0
7050 0.0392764 0 7.875 0.176471 0.5 0 0
7060 0.0392176 0 7.875 0.180392 0.5 0 0
7070 0.0392176 0 7.875 0.176471 0.5 0 0
7080 0.0387513 0 7.875 0.176471 0.5 0 0
7090 0.0387513 0 7.875 0.176471 0.5 0 0
7100 0.0384474 0 7.875 0.176471 0.5 0 0
7110 0.0384474 0 7.875 0.168627 0.5 0 0
7120 0.0386667 0 7.875 0.168627 0.5 0 0
7130 0.0386667 0 7.875 0.172549 0.5 0 0
7140 0.0389907 0 7.875 0.180392 0.5 0 0
7150 0.0389907 0 7.875 0.188235 0.5 0 0
7160 0.0389237 0 7.875 0.184314 0.5 0 0
7170 0.0389237 0 7.875 0.184314 0.5 0 0
7180 0.0389027 0 7.875 0.184314 0.5 0 0
7190 0.0389027 0 7.875 0.184314 0.5 0 0
7200 0.0388016 0 7.875 0.188235 0.5 0 0
7210 0.0388016 0 7.875 0.192157 0.5 0 0
7220 0.0387807 0 7.875 0.188235 0.5 0 0
7230 0.0387807 0 7.875 0.184314 0.5 0 0
7240 0.0385457 0 7.875 0.188235 0.5 0 0
7250 0.0385457 0 7.875 0.188235 0.5 0 0
7260 0.038025 0 7.875 0.172549 0.5 0 0
7270 0.038025 0 7.875 0.168627 0.5 0 0
7280 0.0373667 0 7.875 0.160784 0.5 0 0
7290 0.0373667 0 7.875 0.156863 0.5 0 0
7300 0.0366937 0 7.875 0.14902 0.5 0 0
7310 0.0366937 0 7.875 0.14902 0.5 0 0
7320 0.0355975 0 7.875 0.152941 0.5 0 0
7330 0.0355975 0 7.875 0.152941 0.5 0 0
7340 0.0350438 0 7.875 0.152941 0.5 0 0
7350 0.0350438 0 7.875 0.152941 0.5 0 0
7360 0.0348693 0 7.875 0.152941 0.5 0 0
7370 0.0348693 0 7.875 0.141176 0.5 0 0
7380 0.0342832 0 7.875 0.137255 0.5 0 0
7390 0.0342832 0 7.875 0.137255 0.5 0 0
7400 0.0333972 0 7.875 0.137255 0.5 0 0
7410 0.0333972 0 7.875 0.133333 0.5 0 0
7420 0.0323607 0 7.875 0.133333 0.5 0 0
7430 0.0323607 0 7.875 0.133333 0.5 0 0
7440 0.0315271 0 7.875 0.129412 0.5 0 0
7450 0.0315271 0 7.875 0.12549 0.5 0 0
7460 0.0304693 0 7.875 0.12549 0.5 0 0
7470 0.0304693 0 7.875 0.12549 0.5 0 0
7480 0.0288205 0 7.875 0.121569 0.5 0 0
7490 0.0288205 0 7.875 0.117647 0.5 0 0
7500 0.0281546 0 7.875 0.117647 0.5 0 0
7510 0.0281546 0 7.875 0.121569 0.5 0 0
7520 0.0273717 0 7.875 0.121569 0.5 0 0
7530 0.0273717 0 7.875 0.12549 0.5 0 0
7540 0.0271999 0 7.875 0.12549 0.5 0 0
7550 0.0271999 0 7.875 0.12549 0.5 0 0
7560 0.0271532 0 7.875 0.12549 0.5 0 0
7570 0.0271532 0 7.875 0.117647 0.5 0 0
7580 0.0262409 0 7.875 0.113725 0.5 0 0
7590 0.0262409 0 7.875 0.109804 0.5 0 0
7600 0.0246765 0 7.875 0.109804 0.5 0 0
7610 0.0246765 0 7.875 0.109804 0.5 0 0
7620 0.023395 0 7.875 0.109804 0.5 0 0
7630 0.023395 0 7.875 0.105882 0.5 0 0
7640 0.0228588 0 7.875 0.105882 0.5 0 0
7650 0.0228588 0 7.875 0.105882 0.5 0 0
7660 0.0226849 0 7.875 0.101961 0.5 0 0
7670 0.0226849 0 7.875 0.101961 0.5 0 0
7680 0.0225297 0 7.875 0.101961 0.5 0 0
7690 0.0225297 0 7.875 0.105882 0.5 0 0
7700 0.0220899 0 7.875 0.105882 0.5 0 0
7710 0.0220899 0 7.875 0.109804 0.5 0 0
7720 0.021896 0 7.875 0.105882 0.5 0 0
7730 0.021896 0 7.875 0.105882 0.5 0 0
7740 0.0217601 0 7.875 0.105882 0.5 0 0
7750 0.0217601 0 7.875 0.105882 0.5 0 0
7760 0.0213959 0 7.875 0.105882 0.5 0 0
7770 0.0213959 0 7.875 0.101961 0.5 0 0
7780 0.0209619 0 7.875 0.0980392 0.5 0 0
7790 0.0209619 0 7.875 0.0980392 0.5 0 0
7800 0.0205411 0 7.875 0.101961 0.5 0 0
7810 0.0205411 0 7.875 0.101961 0.5 0 0
7820 0.0200888 0 7.875 0.101961 0.5 0 0
7830 0.0200888 0 7.875 0.109804 0.5 0 0
7840 0.0199002 0 7.875 0.109804 0.5 0 0
7850 0.0199002 0 7.875 0.113725 0.5 0 0
7860 0.0198436 0 7.875 0.109804 0.5 0 0
7870 0.0198436 0 7.875 0.109804 0.5 0 0
7880 0.0196853 0 7.875 0.105882 0.5 0 0
7890 0.0196853 0 7.875 0.101961 0.5 0 0
7900 0.01924 0 7.875 0.0980392 0.5 0 0
7910 0.01924 0 7.875 0.0941176 0.5 0 0
7920 0.0186329 0 7.875 0.0941176 0.5 0 0
7930 0.0186329 0 7.875 0.0941176 0.5 0 0
7940 0.0181951 0 7.875 0.0941176 0.5 0 0
7950 0.0181951 0 7.875 0.0941176 0.5 0 0
7960 0.017876 0 7.875 0.0941176 0.5 0 0
7970 0.017876 0 7.875 0.0941176 0.5 0 0
7980 0.0177957 0 7.875 0.0941176 0.5 0 0
7990 0.0177957 0 7.875 0.0941176 0.5 0 0
8000 0.01777 0 7.875 0.0941176 0.5 0 0
8010 0.01777 0 7.875 0.0941176 0.5 0 0
8020 0.0174435 0 7.875 0.0901961 0.5 0 0
8030 0.0174435 0 7.875 0.0901961 0.5 0 0
8040 0.016903 0 7.875 0.0862745 0.5 0 0
8050 0.016903 0 7.875 0.0823529 0.5 0 0
8060 0.0160668 0 7.875 0.0823529 0.5 0 0
8070 0.0160668 0 7.875 0.0823529 0.5 0 0
8080 0.0155968 0 7.875 0.0823529 0.5 0 0
8090 0.0155968 0 7.875 0.0862745 0.5 0 0
8100 0.0154681 0 7.875 0.0823529 0.5 0 0
8110 0.0154681 0 7.875 0.0862745 0.5 0 0
8120 0.0153387 0 7.875 0.0823529 0.5 0 0
8130 0.0153387 0 7.875 0.0862745 0.5 0 0
8140 0.0150958 0 7.875 0.0901961 0.5 0 0
8150 0.0150958 0 7.875 0.0941176 0.5 0 0
8160 0.0151143 0 7.875 0.0941176 0.5 0 0
8170 0.0151143 0 7.875 0.0941176 0.5 0 0
8180 0.0150999 0 7.875 0.0901961 0.5 0 0
8190 0.0150999 0 7.875 0.0941176 0.5 0 0
8200 0.0150092 0 7.875 0.0901961 0.5 0 0
8210 0.0150092 0 7.875 0.0901961 0.5 0 0
8220 0.0142654 0 7.875 0.0862745 0.5 0 0
8230 0.0142654 0 7.875 0.0784314 0.5 0 0
8240 0.013599 0 7.875 0.0784314 0.5 0 0
8250 0.013599 0 7.875 0.0784314 0.5 0 0
8260 0.0133866 0.25 8.125 0.0784314 0.5 0 0
8270 0.0133866 0.25 8.125 0.0784314 0.5 0 0
8280 0.013189 0.25 8.375 0.0784314 0.5 0 0
8290 0.013189 0.25 8.375 0.0784314 0.5 0 0
8300 0.013054 0.375 8.75 0.0784314 0.5 0 0
8310 0.013054 0.375 8.75 0.0784314 0.5 0 0
8320 0.0130013 0.375 9.125 0.0784314 0.5 0 0
8330 0.0130013 0.375 9.125 0.0784314 0.5 0 0
8340 0.012933 0.375 9.5 0.0784314 0.5 0 0
8350 0.012933 0.375 9.5 0.0784314 0.5 0 0
8360 0.0128827 0.25 9.75 0.0784314 0.5 0 0
8370 0.0128827 0.25 9.75 0.0784314 0.5 0 0
8380 0.012776 0.25 10 0.0784314 0.5 0 0
8390 0.012776 0.25 10 0.0784314 0.5 0 0
8400 0.0126668 0.25 10.25 0.0745098 0.5 0 0
8410 0.0126668 0.25 10.25 0.0784314 0.5 0 0
8420 0.0124842 0.25 10.5 0.0745098 0.5 0 0
8430 0.0124842 0.25 10.5 0.0745098 0.5 0 0
8440 0.0122264 0.25 10.75 0.0745098 0.5 0 0
8450 0.0122264 0.25 10.75 0.0745098 0.5 0 0
8460 0.0119637 0.375 11.125 0.0745098 0.5 0 0
8470 0.0119637 0.375 11.125 0.0784314 0.5 0 0
8480 0.0116719 0.375 11.5 0.0745098 0.5 0 0
8490 0.0116719 0.375 11.5 0.0745098 0.5 0 0
8500 0.0115246 0.625 12.125 0.0784314 0.5 0 0
8510 0.0115246 0.625 12.125 0.0745098 0.5 0 0
8520 0.0112257 0.625 12.75 0.0705882 0.5 0 0
8530 0.0112257 0.625 12.75 0.0705882 0.5 0 0
8540 0.0110054 0.875 13.625 0.0705882 0.5 0 0
8550 0.0110054 0.875 13.625 0.0705882 0.5 0 0
8560 0.0108166 0.875 14.5 0.0705882 0.5 0 0
8570 0.0108166 0.875 14.5 0.0705882 0.5 0 0
8580 0.0106669 0.875 15.375 0.0705882 0.5 0 0
8590 0.0106669 0.875 15.375 0.0705882 0.5 0 0
8600 0.0105613 0.875 16.25 0.0705882 0.5 0 0
8610 0.0105613 0.875 16.25 0.0705882 0.5 0 0
8620 0.0104103 0.875 17.125 0.0705882 0.5 0 0
8630 0.0104103 0.875 17.125 0.0705882 0.5 0 0
8640 0.0102523 0.875 18 0.0705882 0.5 0 0
8650 0.0102523 0.875 18 0.0705882 0.5 0 0
8660 0.0100878 0.875 18.875 0.0705882 0.5 0 0
8670 0.0100878 0.875 18.875 0.0705882 0.5 0 0
8680 0.0100037 0.875 19.75 0.0705882 0.5 0 0
8690 0.0100037 0.875 19.75 0.0705882 0.5 0 0
8700 0.00992186 0.75 20.5 0.0705882 0.5 0 0
8710 0.00992186 0.75 20.5 0.0666667 0.5 0 0
8720 0.00971246 0.75 21.25 0.0705882 0.5 0 0
8730 0.00971246 0.75 21.25 0.0666667 0.5 0 0
8740 0.00950763 0.5 21.75 0.0666667 0.5 0 0
8750 0.00950763 0.5 21.75 0.0666667 0.5 0 0
8760 0.00920323 0.5 22.25 0.0666667 0.5 0 0
8770 0.00920323 0.5 22.25 0.0666667 0.5 0 0
8780 0.00863628 0.625 22.875 0.0627451 0.5 0 0
8790 0.00863628 0.625 22.875 0.0627451 0.5 0 0
8800 0.00794326 0.625 23.5 0.0627451 0.5 0 0
8810 0.00794326 0.625 23.5 0.0627451 0.5 0 0
8820 0.00759776 0.625 24.125 0.0666667 0.5 0 0
8830 0.00759776 0.625 24.125 0.0627451 0.5 0 0
8840 0.0073102 0.625 24.75 0.0627451 0.5 0 0
8850 0.0073102 0.625 24.75 0.0627451 0.5 0 0
8860 0.00695944 0.625 25.375 0.0666667 0.5 0 0
8870 0.00695944 0.625 25.375 0.0627451 0.5 0 0
8880 0.0067064 0.375 25.75 0.0627451 0.5 0 0
8890 0.0067064 0.375 25.75 0.0627451 0.5 0 0
8900 0.00662541 0.375 26.125 0.0588235 0.5 0 0
8910 0.00662541 0.375 26.125 0.0627451 0.5 0 0
8920 0.0065514 0.375 26.5 0.0627451 0.5 0 0
8930 0.0065514 0.375 26.5 0.0627451 0.5 0 0
8940 0.00642032 0.375 26.875 0.0588235 0.5 0 0
8950 0.00642032 0.375 26.875 0.0588235 0.5 0 0
8960 0.00634595 0.375 27.25 0.0588235 0.5 0 0
8970 0.00634595 0.375 27.25 0.0588235 0.5 0 0
8980 0.00624329 0.375 27.625 0.0627451 0.5 0 0
8990 0.00624329 0.375 27.625 0.0627451 0.5 0 0
9000 0.00614321 0.375 28 0.0627451 0.5 0 0
9010 0.00614321 0.375 28 0.0627451 0.5 0 0
9020 0.00608018 0.375 28.375 0.0627451 0.5 0 0
9030 0.00608018 0.375 28.375 0.0627451 0.5 0 0
9040 0.00593867 0.375 28.75 0.0627451 0.5 0 0
9050 0.00593867 0.375 28.75 0.0627451 0.5 0 0
9060 0.00576341 0.375 29.125 0.0588235 0.5 0 0
9070 0.00576341 0.375 29.125 0.054902 0.5 0 0
9080 0.0054457 0.75 29.875 0.054902 0.5 0 0
9090 0.0054457 0.75 29.875 0.054902 0.5 0 0
9100 0.00529751 0.75 30.625 0.054902 0.5 0 0
9110 0.00529751 0.75 30.625 0.054902 0.5 0 0
9120 0.0051745 0.625 31.25 0.054902 0.5 0 0
9130 0.0051745 0.625 31.25 0.054902 0.5 0 0
9140 0.00508943 0.625 31.875 0.054902 0.5 0 0
9150 0.00508943 0.625 31.875 0.054902 0.5 0 0
9160 0.00514968 0.625 32.5 0.054902 0.5 0 0
9170 0.00514968 0.625 32.5 0.054902 0.5 0 0
9180 0.00517167 0.625 33.125 0.054902 0.5 0 0
9190 0.00517167 0.625 33.125 0.054902 0.5 0 0
9200 0.00517517 0.75 33.875 0.054902 0.5 0 0
9210 0.00517517 0.75 33.875 0.054902 0.5 0 0
9220 0.00533847 0.75 34.625 0.054902 0.5 0 0
9230 0.00533847 0.75 34.625 0.0588235 0.5 0 0
9240 0.00549325 0.75 35.375 0.0588235 0.5 0 0
9250 0.00549325 0.75 35.375 0.0588235 0.5 0 0
9260 0.00550865 0.75 36.125 0.0627451 0.5 0 0
9270 0.00550865 0.75 36.125 0.0627451 0.5 0 0
9280 0.00550752 0.75 36.875 0.0627451 0.5 0 0
9290 0.00550752 0.75 36.875 0.0627451 0.5 0 0
9300 0.00547934 0.625 37.5 0.0627451 0.5 0 0
9310 0.00547934 0.625 37.5 0.0588235 0.5 0 0
9320 0.00534513 0.625 38.125 0.054902 0.5 0 0
9330 0.00534513 0.625 38.125 0.054902 0.5 0 0
9340 0.00515363 0.625 38.75 0.054902 0.5 0 0
9350 0.00515363 0.625 38.75 0.054902 0.5 0 0
9360 0.00500339 0.625 39.375 0.054902 0.5 0 0
9370 0.00500339 0.625 39.375 0.054902 0.5 0 0
9380 0.00493249 0.625 40 0.054902 0.5 0 0
9390 0.00493249 0.625 40 0.054902 0.5 0 0
9400 0.00488471 0.625 40.625 0.054902 0.5 0 0
9410 0.00488471 0.625 40.625 0.054902 0.5 0 0
9420 0.00487454 0.625 41.25 0.054902 0.5 0 0
9430 0.00487454 0.625 41.25 0.054902 0.5 0 0
9440 0.00486986 0.625 41.875 0.054902 0.5 0 0
9450 0.00486986 0.625 41.875 0.054902 0.5 0 0
9460 0.00487485 0.5 42.375 0.054902 0.5 0 0
9470 0.00487485 0.5 42.375 0.054902 0.5 0 0
9480 0.00487145 0.5 42.875 0.054902 0.5 0 0
9490 0.00487145 0.5 42.875 0.054902 0.5 0 0
9500 0.00488823 0.5 43.375 0.054902 0.5 0 0
9510 0.00488823 0.5 43.375 0.054902 0.5 0 0
9520 0.00491418 0.5 43.875 0.054902 0.5 0 0
9530 0.00491418 0.5 43.875 0.0588235 0.5 0 0
9540 0.00480432 0.5 44.375 0.0588235 0.5 0 0
9550 0.00480432 0.5 44.375 0.054902 0.5 0 0
9560 0.00465724 0.5 44.875 0.054902 0.5 0 0
9570 0.00465724 0.5 44.875 0.054902 0.5 0 0
9580 0.00453915 0.5 45.375 0.0509804 0.5 0 0
9590 0.00453915 0.5 45.375 0.0509804 0.5 0 0
9600 0.00441552 0.625 46 0.0509804 0.5 0 0
9610 0.00441552 0.625 46 0.0509804 0.5 0 0
9620 0.00442694 0.625 46.625 0.0509804 0.5 0 0
9630 0.00442694 0.625 46.625 0.0509804 0.5 0 0
9640 0.0045659 0.625 47.25 0.0509804 0.5 0 0
9650 0.0045659 0.625 47.25 0.054902 0.5 0 0
9660 0.00454908 0.625 47.875 0.0509804 0.5 0 0
9670 0.00454908 0.625 47.875 0.0509804 0.5 0 0
9680 0.00450208 0.75 48.625 0.0509804 0.5 0 0
9690 0.00450208 0.75 48.625 0.0509804 0.5 0 0
9700 0.00446159 0.75 49.375 0.054902 0.5 0 0
9710 0.00446159 0.75 49.375 0.054902 0.5 0 0
9720 0.00449568 0.625 50 0.0509804 0.5 0 0
9730 0.00449568 0.625 50 0.054902 0.5 0 0
9740 0.00454363 0.625 50.625 0.0509804 0.5 0 0
9750 0.00454363 0.625 50.625 0.054902 0.5 0 0
9760 0.00457623 0.625 51.25 0.054902 0.5 0 0
9770 0.00457623 0.625 51.25 0.054902 0.5 0 0
9780 0.0045671 0.625 51.875 0.054902 0.5 0 0
9790 0.0045671 0.625 51.875 0.054902 0.5 0 0
9800 0.00452949 0.625 52.5 0.054902 0.5 0 0
9810 0.00452949 0.625 52.5 0.054902 0.5 0 0
9820 0.00446174 0.375 52.875 0.054902 0.5 0 0
9830 0.00446174 0.375 52.875 0.0509804 0.5 0 0
9840 0.00449058 0.375 53.25 0.054902 0.5 0 0
9850 0.00449058 0.375 53.25 0.054902 0.5 0 0
9860 0.0045208 0.25 53.5 0.054902 0.5 0 0
9870 0.0045208 0.25 53.5 0.054902 0.5 0 0
9880 0.00453898 0.25 53.75 0.054902 0.5 0 0
9890 0.00453898 0.25 53.75 0.054902 0.5 0 0
9900 0.00452996 0.25 54 0.054902 0.5 0 0
9910 0.00452996 0.25 54 0.054902 0.5 0 0
9920 0.00450989 0.25 54.25 0.054902 0.5 0 0
9930 0.00450989 0.25 54.25 0.054902 0.5 0 0
9940 0.0044754 0 54.25 0.054902 0.5 0 0
9950 0.0044754 0 54.25 0.054902 0.5 0 0
9960 0.00447681 0 54.25 0.054902 0.5 0 0
9970 0.00447681 0 54.25 0.0509804 0.5 0 0
9980 0.00419117 0 54.25 0.0509804 0.5 0 0
9990 0.00419117 0 54.25 0.0509804 0.5 0 0
10000 0.00400757 0.375 54.625 0.0509804 0.5 0 0
10010 0.00400757 0.375 54.625 0.0509804 0.5 0 0
10020 0.00407879 0.375 55 0.054902 0.5 0 0
10030 0.00407879 0.375 55 0.0627451 0.5 0 0
10040 0.00418732 0.375 55.375 0.0666667 0.5 0 0
10050 0.00418732 0.375 55.375 0.0666667 0.5 0 0
10060 0.00420877 0.375 55.75 0.0705882 0.5 0 0
10070 0.00420877 0.375 55.75 0.0705882 0.5 0 0
10080 0.00419885 0.5 56.25 0.0666667 0.5 0 0
10090 0.00419885 0.5 56.25 0.0627451 0.5 0 0
10100 0.00419603 0.75 57 0.0588235 0.5 0 0
10110 0.00419603 0.75 57 0.0588235 0.5 0 0
10120 0.00414287 0.5 57.5 0.0627451 0.5 0 0
10130 0.00414287 0.5 57.5 0.0627451 0.5 0 0
10140 0.00412923 0.5 58 0.0588235 0.5 0 0
10150 0.00412923 0.5 58 0.0588235 0.5 0 0
10160 0.00412814 0.5 58.5 0.0588235 0.5 0 0
10170 0.00412814 0.5 58.5 0.0666667 0.5 0 0
10180 0.00408795 0.5 59 0.0627451 0.5 0 0
10190 0.00408795 0.5 59 0.0588235 0.5 0 0
10200 0.00404598 0.5 59.5 0.0588235 0.5 0 0
10210 0.00404598 0.5 59.5 0.054902 0.5 0 0
10220 0.0040283 0.625 60.125 0.0588235 0.5 0 0
10230 0.0040283 0.625 60.125 0.0588235 0.5 0 0
10240 0.00407432 0.5 60.625 0.054902 0.5 0 0
10250 0.00407432 0.5 60.625 0.0588235 0.5 0 0
10260 0.00410886 0.5 61.125 0.054902 0.5 0 0
10270 0.00410886 0.5 61.125 0.054902 0.5 0 0
10280 0.00411978 0.5 61.625 0.0509804 0.5 0 0
10290 0.00411978 0.5 61.625 0.0509804 0.5 0 0
10300 0.00412107 0.5 62.125 0.0509804 0.5 0 0
10310 0.00412107 0.5 62.125 0.0509804 0.5 0 0
10320 0.00413509 0.5 62.625 0.0509804 0.5 0 0
10330 0.00413509 0.5 62.625 0.0509804 0.5 0 0
10340 0.00413373 0.5 63.125 0.0509804 0.5 0 0
10350 0.00413373 0.5 63.125 0.0509804 0.5 0 0
10360 0.00415042 0.5 63.625 0.0509804 0.5 0 0
10370 0.00415042 0.5 63.625 0.054902 0.5 0 0
10380 0.0042064 0.5 64.125 0.054902 0.5 0 0
10390 0.0042064 0.5 64.125 0.0509804 0.5 0 0
10400 0.00427643 0.5 64.625 0.0509804 0.5 0 0
10410 0.00427643 0.5 64.625 0.0509804 0.5 0 0
10420 0.00435394 0.625 65.25 0.0509804 0.5 0 0
10430 0.00435394 0.625 65.25 0.0509804 0.5 0 0
10440 0.00437267 0.625 65.875 0.0509804 0.5 0 0
10450 0.00437267 0.625 65.875 0.0509804 0.5 0 0
10460 0.00433824 0.625 66.5 0.054902 0.5 0 0
10470 0.00433824 0.625 66.5 0.054902 0.5 0 0
10480 0.00434058 0.625 67.125 0.054902 0.5 0 0
10490 0.00434058 0.625 67.125 0.054902 0.5 0 0
10500 0.00434365 0.625 67.75 0.054902 0.5 0 0
10510 0.00434365 0.625 67.75 0.054902 0.5 0 0
10520 0.00421406 0.625 68.375 0.0509804 0.5 0 0
10530 0.00421406 0.625 68.375 0.054902 0.5 0 0
10540 0.00418387 0.625 69 0.054902 0.5 0 0
10550 0.00418387 0.625 69 0.054902 0.5 0 0
10560 0.00419599 0.625 69.625 0.054902 0.5 0 0
10570 0.00419599 0.625 69.625 0.054902 0.5 0 0
10580 0.00418784 0.875 70.5 0.0509804 0.5 0 0
10590 0.00418784 0.875 70.5 0.0509804 0.5 0 0
10600 0.00419644 1 71.5 0.0509804 0.5 0 0
10610 0.00419644 1 71.5 0.0509804 0.5 0 0
10620 0.00420937 1 72.5 0.0509804 0.5 0 0
10630 0.00420937 1 72.5 0.054902 0.5 0 0
10640 0.00422893 1 73.5 0.054902 0.5 0 0
10650 0.00422893 1 73.5 0.0509804 0.5 0 0
10660 0.00423934 1 74.5 0.0509804 0.5 0 0
10670 0.00423934 1 74.5 0.0509804 0.5 0 0
10680 0.00424453 1 75.5 0.0509804 0.5 0 0
10690 0.00424453 1 75.5 0.054902 0.5 0 0
10700 0.00424832 1 76.5 0.0509804 0.5 0 0
10710 0.00424832 1 76.5 0.054902 0.5 0 0
10720 0.00425379 0.875 77.375 0.054902 0.5 0 0
10730 0.00425379 0.875 77.375 0.054902 0.5 0 0
10740 0.0042566 0.875 78.25 0.0509804 0.5 0 0
10750 0.0042566 0.875 78.25 0.054902 0.5 0 0
10760 0.00429057 0.75 79 0.054902 0.5 0 0
10770 0.00429057 0.75 79 0.054902 0.5 0 0
10780 0.00431684 0.75 79.75 0.054902 0.5 0 0
10790 0.00431684 0.75 79.75 0.054902 0.5 0 0
10800 0.00434772 0.75 80.5 0.0509804 0.5 0 0
10810 0.00434772 0.75 80.5 0.0509804 0.5 0 0
10820 0.00435024 0.75 81.25 0.0509804 0.5 0 0
10830 0.00435024 0.75 81.25 0.0509804 0.5 0 0
10840 0.00435175 0.625 81.875 0.0509804 0.5 0 0
10850 0.00435175 0.625 81.875 0.0509804 0.5 0 0
10860 0.00430961 0.75 82.625 0.0509804 0.5 0 0
10870 0.00430961 0.75 82.625 0.054902 0.5 0 0
10880 0.00426523 0.625 83.25 0.054902 0.5 0 0
10890 0.00426523 0.625 83.25 0.054902 0.5 0 0
10900 0.00420313 0.625 83.875 0.054902 0.5 0 0
10910 0.00420313 0.625 83.875 0.054902 0.5 0 0
10920 0.00415773 0.625 84.5 0.054902 0.5 0 0
10930 0.00415773 0.625 84.5 0.054902 0.5 0 0
10940 0.00412553 0.625 85.125 0.054902 0.5 0 0
10950 0.00412553 0.625 85.125 0.0509804 0.5 0 0
10960 0.00415565 0.625 85.75 0.0509804 0.5 0 0
10970 0.00415565 0.625 85.75 0.0509804 0.5 0 0
10980 0.00417247 0.625 86.375 0.054902 0.5 0 0
10990 0.00417247 0.625 86.375 0.0509804 0.5 0 0
11000 0.00415379 0.625 87 0.0509804 0.5 0 0
11010 0.00415379 0.625 87 0.0509804 0.5 0 0
11020 0.00415007 0.625 87.625 0.0509804 0.5 0 0
11030 0.00415007 0.625 87.625 0.0509804 0.5 0 0
11040 0.00411776 0.625 88.25 0.0509804 0.5 0 0
11050 0.00411776 0.625 88.25 0.0509804 0.5 0 0
11060 0.00407471 0.75 89 0.0509804 0.5 0 0
11070 0.00407471 0.75 89 0.0509804 0.5 0 0
11080 0.00402391 0.875 89.875 0.0509804 0.5 0 0
11090 0.00402391 0.875 89.875 0.0470588 0.5 0 0
11100 0.00411542 0.75 90.625 0.0470588 0.5 0 0
11110 0.00411542 0.75 90.625 0.0509804 0.5 0 0
11120 0.0043003 0.75 91.375 0.0509804 0.5 0 0
11130 0.0043003 0.75 91.375 0.0509804 0.5 0 0
11140 0.00429654 0.75 92.125 0.0509804 0.5 0 0
11150 0.00429654 0.75 92.125 0.0509804 0.5 0 0
11160 0.00425513 0.75 92.875 0.0509804 0.5 0 0
11170 0.00425513 0.75 92.875 0.0509804 0.5 0 0
11180 0.0042074 0.75 93.625 0.054902 0.5 0 0
11190 0.0042074 0.75 93.625 0.054902 0.5 0 0
11200 0.00423619 0.625 94.25 0.0509804 0.5 0 0
11210 0.00423619 0.625 94.25 0.0509804 0.5 0 0
11220 0.00424336 0.625 94.875 0.0509804 0.5 0 0
11230 0.00424336 0.625 94.875 0.0509804 0.5 0 0
11240 0.00435007 0.625 95.5 0.0509804 0.5 0 0
11250 0.00435007 0.625 95.5 0.0509804 0.5 0 0
11260 0.0044641 0.5 96 0.0509804 0.5 0 0
11270 0.0044641 0.5 96 0.0509804 0.5 0 0
11280 0.00452603 0.5 96.5 0.054902 0.5 0 0
11290 0.00452603 0.5 96.5 0.054902 0.5 0 0
11300 0.00455606 0.5 97 0.054902 0.5 0 0
11310 0.00455606 0.5 97 0.054902 0.5 0 0
11320 0.00459544 0.5 97.5 0.054902 0.5 0 0
11330 0.00459544 0.5 97.5 0.054902 0.5 0 0
11340 0.00454443 0.25 97.75 0.054902 0.5 0 0
11350 0.00454443 0.25 97.75 0.054902 0.5 0 0
11360 0.00445812 0.375 98.125 0.0509804 0.5 0 0
11370 0.00445812 0.375 98.125 0.054902 0.5 0 0
11380 0.00441777 0.375 98.5 0.054902 0.5 0 0
11390 0.00441777 0.375 98.5 0.0509804 0.5 0 0
11400 0.00440825 0.375 98.875 0.0509804 0.5 0 0
11410 0.00440825 0.375 98.875 0.054902 0.5 0 0
11420 0.00447168 0.375 99.25 0.054902 0.5 0 0
11430 0.00447168 0.375 99.25 0.0509804 0.5 0 0
11440 0.00446352 0.625 99.875 0.0509804 0.5 0 0
11450 0.00446352 0.625 99.875 0.0509804 0.5 0 0
11460 0.00442762 0.875 100.75 0.0509804 0.5 0 0
11470 0.00442762 0.875 100.75 0.0509804 0.5 0 0
11480 0.00440263 0.875 101.625 0.0509804 0.5 0 0
11490 0.00440263 0.875 101.625 0.0509804 0.5 0 0
11500 0.00439625 0.875 102.5 0.0509804 0.5 0 0
11510 0.00439625 0.875 102.5 0.0509804 0.5 0 0
11520 0.00441801 0.75 103.25 0.0509804 0.5 0 0
11530 0.00441801 0.75 103.25 0.0509804 0.5 0 0
11540 0.00445103 0.75 104 0.0509804 0.5 0 0
11550 0.00445103 0.75 104 0.0509804 0.5 0 0
11560 0.00446588 0.75 104.75 0.0509804 0.5 0 0
11570 0.00446588 0.75 104.75 0.0509804 0.5 0 0
11580 0.00444326 0.75 105.5 0.0509804 0.5 0 0
11590 0.00444326 0.75 105.5 0.0509804 0.5 0 0
11600 0.00443807 0.75 106.25 0.0509804 0.5 0 0
11610 0.00443807 0.75 106.25 0.0509804 0.5 0 0
11620 0.00446277 0.75 107 0.0509804 0.5 0 0
11630 0.00446277 0.75 107 0.0509804 0.5 0 0
11640 0.00448703 0.5 107.5 0.0509804 0.5 0 0
11650 0.00448703 0.5 107.5 0.0509804 0.5 0 0
11660 0.00446268 0.625 108.125 0.0509804 0.5 0 0
11670 0.00446268 0.625 108.125 0.0509804 0.5 0 0
11680 0.00442647 0.625 108.75 0.0509804 0.5 0 0
11690 0.00442647 0.625 108.75 0.0509804 0.5 0 0
11700 0.0043654 0.625 109.375 0.0509804 0.5 0 0
11710 0.0043654 0.625 109.375 0.0509804 0.5 0 0
11720 0.00435199 0.625 110 0.0509804 0.5 0 0
11730 0.00435199 0.625 110 0.0470588 0.5 0 0
11740 0.0043634 0.625 110.625 0.0509804 0.5 0 0
11750 0.0043634 0.625 110.625 0.0509804 0.5 0 0
11760 0.00431761 0.625 111.25 0.0470588 0.5 0 0
11770 0.00431761 0.625 111.25 0.0470588 0.5 0 0
11780 0.00426281 0.625 111.875 0.0509804 0.5 0 0
11790 0.00426281 0.625 111.875 0.0470588 0.5 0 0
11800 0.00430251 0.625 112.5 0.0509804 0.5 0 0
11810 0.00430251 0.625 112.5 0.0509804 0.5 0 0
11820 0.00436765 0.625 113.125 0.0509804 0.5 0 0
11830 0.00436765 0.625 113.125 0.0509804 0.5 0 0
11840 0.00442925 0.625 113.75 0.0509804 0.5 0 0
11850 0.00442925 0.625 113.75 0.0470588 0.5 0 0
11860 0.00444674 0.625 114.375 0.0509804 0.5 0 0
11870 0.00444674 0.625 114.375 0.0509804 0.5 0 0
11880 0.00445257 0.75 115.125 0.0509804 0.5 0 0
11890 0.00445257 0.75 115.125 0.0509804 0.5 0 0
11900 0.00439389 0.625 115.75 0.0509804 0.5 0 0
11910 0.00439389 0.625 115.75 0.0509804 0.5 0 0
11920 0.00434916 0.625 116.375 0.0509804 0.5 0 0
11930 0.00434916 0.625 116.375 0.0509804 0.5 0 0
11940 0.00430672 0.625 117 0.0509804 0.5 0 0
11950 0.00430672 0.625 117 0.0509804 0.5 0 0
11960 0.0043062 0.625 117.625 0.0509804 0.5 0 0
11970 0.0043062 0.625 117.625 0.0509804 0.5 0 0
11980 0.00432908 0.625 118.25 0.054902 0.5 0 0
11990 0.00432908 0.625 118.25 0.054902 0.5 0 0
12000 0.00429572 0.625 118.875 0.0509804 0.5 0 0
12010 0.00429572 0.625 118.875 0.0509804 0.5 0 0
12020 0.00434135 0.625 119.5 0.0509804 0.5 0 0
12030 0.00434135 0.625 119.5 0.0509804 0.5 0 0
12040 0.00431488 0.5 120 0.054902 0.5 0 0
12050 0.00431488 0.5 120 0.054902 0.5 0 0
12060 0.00433031 0.375 120.375 0.0509804 0.5 0 0
12070 0.00433031 0.375 120.375 0.0509804 0.5 0 0
12080 0.00432425 0.375 120.75 0.0509804 0.5 0 0
12090 0.00432425 0.375 120.75 0.0509804 0.5 0 0
12100 0.00435106 0.5 121.25 0.0509804 0.5 0 0
12110 0.00435106 0.5 121.25 0.0509804 0.5 0 0
12120 0.00432866 0.5 121.75 0.0509804 0.5 0 0
12130 0.00432866 0.5 121.75 0.0509804 0.5 0 0
12140 0.0043236 0.5 122.25 0.0509804 0.5 0 0
12150 0.0043236 0.5 122.25 0.0509804 0.5 0 0
12160 0.00429336 0.5 122.75 0.0509804 0.5 0 0
12170 0.00429336 0.5 122.75 0.0509804 0.5 0 0
12180 0.00422135 0.5 123.25 0.0509804 0.5 0 0
12190 0.00422135 0.5 123.25 0.0509804 0.5 0 0
12200 0.00416936 0.5 123.75 0.0509804 0.5 0 0
12210 0.00416936 0.5 123.75 0.0470588 0.5 0 0
12220 0.00413289 0.5 124.25 0.0470588 0.5 0 0
12230 0.00413289 0.5 124.25 0.0509804 0.5 0 0
12240 0.0040601 0.625 124.875 0.0509804 0.5 0 0
12250 0.0040601 0.625 124.875 0.0509804 0.5 0 0
12260 0.00407688 0.625 125.5 0.0509804 0.5 0 0
12270 0.00407688 0.625 125.5 0.0509804 0.5 0 0
12280 0.00400766 0.625 126.125 0.054902 0.5 0 0
12290 0.00400766 0.625 126.125 0.054902 0.5 0 0
12300 0.00395866 0.625 126.75 0.054902 0.5 0 0
12310 0.00395866 0.625 126.75 0.054902 0.5 0 0
12320 0.00387351 0.625 127.375 0.0509804 0.5 0 0
12330 0.00387351 0.625 127.375 0.0509804 0.5 0 0
12340 0.0038389 0.625 128 0.0470588 0.5 0 0
12350 0.0038389 0.625 128 0.0470588 0.5 0 0
12360 0.00378069 0.5 128.5 0.0470588 0.5 0 0
12370 0.00378069 0.5 128.5 0.0470588 0.5 0 0
12380 0.00378311 0.5 129 0.0470588 0.5 0 0
12390 0.00378311 0.5 129 0.0470588 0.5 0 0
12400 0.00398966 0.5 129.5 0.0470588 0.5 0 0
12410 0.00398966 0.5 129.5 0.0509804 0.5 0 0
12420 0.00410537 0.625 130.125 0.0509804 0.5 0 0
12430 0.00410537 0.625 130.125 0.0509804 0.5 0 0
12440 0.0040904 0.625 130.75 0.0509804 0.5 0 0
12450 0.0040904 0.625 130.75 0.054902 0.5 0 0
12460 0.00405506 0.625 131.375 0.054902 0.5 0 0
12470 0.00405506 0.625 131.375 0.0509804 0.5 0 0
12480 0.00401556 0.625 132 0.054902 0.5 0 0
12490 0.00401556 0.625 132 0.054902 0.5 0 0
12500 0.00399443 0.625 132.625 0.054902 0.5 0 0
12510 0.00399443 0.625 132.625 0.0509804 0.5 0 0
12520 0.00398581 0.625 133.25 0.0509804 0.5 0 0
12530 0.00398581 0.625 133.25 0.0509804 0.5 0 0
12540 0.00397974 0.625 133.875 0.0509804 0.5 0 0
12550 0.00397974 0.625 133.875 0.0509804 0.5 0 0
12560 0.00394294 0.625 134.5 0.0509804 0.5 0 0
12570 0.00394294 0.625 134.5 0.0470588 0.5 0 0
12580 0.003888 0.875 135.375 0.0470588 0.5 0 0
12590 0.003888 0.875 135.375 0.0470588 0.5 0 0
12600 0.00398014 0.875 136.25 0.0509804 0.5 0 0
12610 0.00398014 0.875 136.25 0.0509804 0.5 0 0
12620 0.00402865 0.875 137.125 0.0509804 0.5 0 0
12630 0.00402865 0.875 137.125 0.0509804 0.5 0 0
12640 0.00407029 0.875 138 0.0509804 0.5 0 0
12650 0.00407029 0.875 138 0.0509804 0.5 0 0
12660 0.0041623 0.875 138.875 0.0509804 0.5 0 0
12670 0.0041623 0.875 138.875 0.0509804 0.5 0 0
12680 0.00424811 0.875 139.75 0.054902 0.5 0 0
12690 0.00424811 0.875 139.75 0.054902 0.5 0 0
12700 0.00432566 0.5 140.25 0.054902 0.5 0 0
12710 0.00432566 0.5 140.25 0.0588235 0.5 0 0
12720 0.00444315 0 140.25 0.0588235 0.5 0 0
12730 0.00444315 0 140.25 0.0588235 0.5 0 0
12740 0.00456315 0 140.25 0.0588235 0.5 0 0
12750 0.00456315 0 140.25 0.054902 0.5 0 0
12760 0.00455816 0 140.25 0.054902 0.5 0 0
12770 0.00455816 0 140.25 0.054902 0.5 0 0
12780 0.00452502 0.375 140.625 0.0509804 0.5 0 0
12790 0.00452502 0.375 140.625 0.0509804 0.5 0 0
12800 0.00450334 0.5 141.125 0.0509804 0.5 0 0
12810 0.00450334 0.5 141.125 0.0509804 0.5 0 0
12820 0.0044565 0.5 141.625 0.0509804 0.5 0 0
12830 0.0044565 0.5 141.625 0.0509804 0.5 0 0
12840 0.00447246 0.5 142.125 0.0509804 0.5 0 0
12850 0.00447246 0.5 142.125 0.0509804 0.5 0 0
12860 0.00448906 0.5 142.625 0.0470588 0.5 0 0
12870 0.00448906 0.5 142.625 0.0509804 0.5 0 0
12880 0.00455751 0.5 143.125 0.0509804 0.5 0 0
12890 0.00455751 0.5 143.125 0.0509804 0.5 0 0
12900 0.00462223 0.5 143.625 0.0509804 0.5 0 0
12910 0.00462223 0.5 143.625 0.0509804 0.5 0 0
12920 0.00462844 0.375 144 0.0509804 0.5 0 0
12930 0.00462844 0.375 144 0.0509804 0.5 0 0
12940 0.0045994 0.375 144.375 0.0509804 0.5 0 0
12950 0.0045994 0.375 144.375 0.0509804 0.5 0 0
12960 0.00457876 0.25 144.625 0.0509804 0.5 0 0
12970 0.00457876 0.25 144.625 0.0509804 0.5 0 0
12980 0.00461223 0.25 144.875 0.0509804 0.5 0 0
12990 0.00461223 0.25 144.875 0.0509804 0.5 0 0
13000 0.00458304 0.5 145.375 0.0509804 0.5 0 0
13010 0.00458304 0.5 145.375 0.0509804 0.5 0 0
13020 0.00455906 0.5 145.875 0.0509804 0.5 0 0
13030 0.00455906 0.5 145.875 0.0509804 0.5 0 0
13040 0.00455527 0.5 146.375 0.0509804 0.5 0 0
13050 0.00455527 0.5 146.375 0.0509804 0.5 0 0
13060 0.00453084 0.75 147.125 0.0509804 0.5 0 0
13070 0.00453084 0.75 147.125 0.0470588 0.5 0 0
13080 0.00428458 0.5 147.625 0.0470588 0.5 0 0
13090 0.00428458 0.5 147.625 0.0470588 0.5 0 0
13100 0.0042022 0.5 148.125 0.0509804 0.5 0 0
13110 0.0042022 0.5 148.125 0.0470588 0.5 0 0
13120 0.00413585 0.5 148.625 0.0470588 0.5 0 0
13130 0.00413585 0.5 148.625 0.0470588 0.5 0 0
13140 0.00414574 0.625 149.25 0.0470588 0.5 0 0
13150 0.00414574 0.625 149.25 0.0509804 0.5 0 0
13160 0.00419742 0.625 149.875 0.054902 0.5 0 0
13170 0.00419742 0.625 149.875 0.0588235 0.5 0 0
13180 0.00421069 0.625 150.5 0.0627451 0.5 0 0
13190 0.00421069 0.625 150.5 0.0627451 0.5 0 0
13200 0.0042055 0.75 151.25 0.0627451 0.5 0 0
13210 0.0042055 0.75 151.25 0.0588235 0.5 0 0
13220 0.00420025 0.75 152 0.0627451 0.5 0 0
13230 0.00420025 0.75 152 0.0588235 0.5 0 0
13240 0.0041973 0.75 152.75 0.054902 0.5 0 0
13250 0.0041973 0.75 152.75 0.054902 0.5 0 0
13260 0.00421254 0.5 153.25 0.054902 0.5 0 0
13270 0.00421254 0.5 153.25 0.0509804 0.5 0 0
13280 0.00420003 0.375 153.625 0.0509804 0.5 0 0
13290 0.00420003 0.375 153.625 0.0509804 0.5 0 0
13300 0.00417587 0.5 154.125 0.0509804 0.5 0 0
13310 0.00417587 0.5 154.125 0.0470588 0.5 0 0
13320 0.00405713 0.5 154.625 0.0470588 0.5 0 0
13330 0.00405713 0.5 154.625 0.0470588 0.5 0 0
13340 0.00385768 0.5 155.125 0.0470588 0.5 0 0
13350 0.00385768 0.5 155.125 0.0470588 0.5 0 0
13360 0.00389731 0.5 155.625 0.0509804 0.5 0 0
13370 0.00389731 0.5 155.625 0.0509804 0.5 0 0
13380 0.00388444 0.5 156.125 0.0470588 0.5 0 0
13390 0.00388444 0.5 156.125 0.0470588 0.5 0 0
13400 0.00385878 0.5 156.625 0.0470588 0.5 0 0
13410 0.00385878 0.5 156.625 0.0470588 0.5 0 0
13420 0.00385993 0.375 157 0.0470588 0.5 0 0
13430 0.00385993 0.375 157 0.0470588 0.5 0 0
13440 0.00396075 0.375 157.375 0.0509804 0.5 0 0
13450 0.00396075 0.375 157.375 0.0509804 0.5 0 0
13460 0.00395986 0.375 157.75 0.0509804 0.5 0 0
13470 0.00395986 0.375 157.75 0.0509804 0.5 0 0
13480 0.00396477 0.375 158.125 0.0509804 0.5 0 0
13490 0.00396477 0.375 158.125 0.0509804 0.5 0 0
13500 0.00396674 0.375 158.5 0.0509804 0.5 0 0
13510 0.00396674 0.375 158.5 0.0509804 0.5 0 0
13520 0.00396157 0.5 159 0.0509804 0.5 0 0
13530 0.00396157 0.5 159 0.0509804 0.5 0 0
13540 0.00396523 0.5 159.5 0.0509804 0.5 0 0
13550 0.00396523 0.5 159.5 0.0509804 0.5 0 0
13560 0.00397897 0.5 160 0.0509804 0.5 0 0
13570 0.00397897 0.5 160 0.0470588 0.5 0 0
13580 0.00400728 0.5 160.5 0.0509804 0.5 0 0
13590 0.00400728 0.5 160.5 0.054902 0.5 0 0
13600 0.00411511 0.375 160.875 0.054902 0.5 0 0
13610 0.00411511 0.375 160.875 0.054902 0.5 0 0
13620 0.00410584 0.375 161.25 0.054902 0.5 0 0
13630 0.00410584 0.375 161.25 0.054902 0.5 0 0
13640 0.00408704 0.25 161.5 0.054902 0.5 0 0
13650 0.00408704 0.25 161.5 0.0509804 0.5 0 0
13660 0.00407731 0.25 161.75 0.054902 0.5 0 0
13670 0.00407731 0.25 161.75 0.054902 0.5 0 0
13680 0.00406571 0.25 162 0.054902 0.5 0 0
13690 0.00406571 0.25 162 0.054902 0.5 0 0
13700 0.00411015 0 162 0.054902 0.5 0 0
13710 0.00411015 0 162 0.0509804 0.5 0 0
13720 0.00407632 0 162 0.0509804 0.5 0 0
13730 0.00407632 0 162 0.0470588 0.5 0 0
13740 0.00410871 0.375 162.375 0.0509804 0.5 0 0
13750 0.00410871 0.375 162.375 0.054902 0.5 0 0
13760 0.00413404 0.5 162.875 0.0470588 0.5 0 0
13770 0.00413404 0.5 162.875 0.0509804 0.5 0 0
13780 0.00421754 0.625 163.5 0.054902 0.5 0 0
13790 0.00421754 0.625 163.5 0.0588235 0.5 0 0
13800 0.0042351 0.75 164.25 0.0588235 0.5 0 0
13810 0.0042351 0.75 164.25 0.0627451 0.5 0 0
13820 0.00430191 0.75 165 0.0588235 0.5 0 0
13830 0.00430191 0.75 165 0.0588235 0.5 0 0
13840 0.00431639 0.75 165.75 0.0588235 0.5 0 0
13850 0.00431639 0.75 165.75 0.054902 0.5 0 0
13860 0.00443909 0.75 166.5 0.0509804 0.5 0 0
13870 0.00443909 0.75 166.5 0.0509804 0.5 0 0
13880 0.00457571 0.375 166.875 0.0509804 0.5 0 0
13890 0.00457571 0.375 166.875 0.0509804 0.5 0 0
13900 0.00459994 0.25 167.125 0.0509804 0.5 0 0
13910 0.00459994 0.25 167.125 0.0509804 0.5 0 0
13920 0.00449695 0.25 167.375 0.0509804 0.5 0 0
13930 0.00449695 0.25 167.375 0.0509804 0.5 0 0
13940 0.0044905 0.25 167.625 0.0509804 0.5 0 0
13950 0.0044905 0.25 167.625 0.0509804 0.5 0 0
13960 0.00443083 0.25 167.875 0.0509804 0.5 0 0
13970 0.00443083 0.25 167.875 0.0509804 0.5 0 0
13980 0.00437522 0 167.875 0.0509804 0.5 0 0
13990 0.00437522 0 167.875 0.0509804 0.5 0 0
14000 0.00438483 0 167.875 0.0509804 0.5 0 0
14010 0.00438483 0 167.875 0.0509804 0.5 0 0
14020 0.00436039 0 167.875 0.054902 0.5 0 0
14030 0.00436039 0 167.875 0.054902 0.5 0 0
14040 0.00434369 0 167.875 0.054902 0.5 0 0
14050 0.00434369 0 167.875 0.0588235 0.5 0 0
14060 0.0044099 0 167.875 0.054902 0.5 0 0
14070 0.0044099 0 167.875 0.0588235 0.5 0 0
14080 0.00454664 0 167.875 0.054902 0.5 0 0
14090 0.00454664 0 167.875 0.0588235 0.5 0 0
14100 0.00463286 0 167.875 0.0588235 0.5 0 0
14110 0.00463286 0 167.875 0.054902 0.5 0 0
14120 0.00471302 0 167.875 0.054902 0.5 0 0
14130 0.00471302 0 167.875 0.054902 0.5 0 0
14140 0.00472159 0 167.875 0.054902 0.5 0 0
14150 0.00472159 0 167.875 0.054902 0.5 0 0
14160 0.00473605 0 167.875 0.0588235 0.5 0 0
14170 0.00473605 0 167.875 0.054902 0.5 0 0
14180 0.00459241 0 167.875 0.054902 0.5 0 0
14190 0.00459241 0 167.875 0.054902 0.5 0 0
14200 0.00450613 0 167.875 0.0588235 0.5 0 0
14210 0.00450613 0 167.875 0.0588235 0.5 0 0
14220 0.0044287 0 167.875 0.054902 0.5 0 0
14230 0.0044287 0 167.875 0.0588235 0.5 0 0
14240 0.00434221 0 167.875 0.054902 0.5 0 0
14250 0.00434221 0 167.875 0.054902 0.5 0 0
14260 0.00427681 0 167.875 0.0509804 0.5 0 0
14270 0.00427681 0 167.875 0.0509804 0.5 0 0
14280 0.00415492 0.375 168.25 0.0509804 0.5 0 0
14290 0.00415492 0.375 168.25 0.0509804 0.5 0 0
14300 0.00416949 0.5 168.75 0.0509804 0.5 0 0
14310 0.00416949 0.5 168.75 0.054902 0.5 0 0
14320 0.00425615 0.5 169.25 0.054902 0.5 0 0
14330 0.00425615 0.5 169.25 0.054902 0.5 0 0
14340 0.00435947 0.5 169.75 0.054902 0.5 0 0
14350 0.00435947 0.5 169.75 0.054902 0.5 0 0
14360 0.00432028 0.5 170.25 0.054902 0.5 0 0
14370 0.00432028 0.5 170.25 0.0509804 0.5 0 0
14380 0.00424 0.625 170.875 0.0509804 0.5 0 0
14390 0.00424 0.625 170.875 0.0509804 0.5 0 0
14400 0.0043596 0.625 171.5 0.0509804 0.5 0 0
14410 0.0043596 0.625 171.5 0.0470588 0.5 0 0
14420 0.00425381 0.5 172 0.0509804 0.5 0 0
14430 0.00425381 0.5 172 0.0470588 0.5 0 0
14440 0.00410851 0.5 172.5 0.0509804 0.5 0 0
14450 0.00410851 0.5 172.5 0.0509804 0.5 0 0
14460 0.00393746 0.5 173 0.0509804 0.5 0 0
14470 0.00393746 0.5 173 0.0509804 0.5 0 0
14480 0.00387925 0.5 173.5 0.0509804 0.5 0 0
14490 0.00387925 0.5 173.5 0.054902 0.5 0 0
14500 0.00391053 0.5 174 0.0509804 0.5 0 0
14510 0.00391053 0.5 174 0.054902 0.5 0 0
14520 0.00392303 0.5 174.5 0.0509804 0.5 0 0
14530 0.00392303 0.5 174.5 0.054902 0.5 0 0
14540 0.00398713 0.375 174.875 0.0588235 0.5 0 0
14550 0.00398713 0.375 174.875 0.0588235 0.5 0 0
14560 0.0040849 0.25 175.125 0.0588235 0.5 0 0
14570 0.0040849 0.25 175.125 0.0588235 0.5 0 0
14580 0.00407011 0.25 175.375 0.054902 0.5 0 0
14590 0.00407011 0.25 175.375 0.054902 0.5 0 0
14600 0.00404373 0 175.375 0.0509804 0.5 0 0
14610 0.00404373 0 175.375 0.0509804 0.5 0 0
14620 0.004107 0.5 175.875 0.0509804 0.5 0 0
14630 0.004107 0.5 175.875 0.0509804 0.5 0 0
14640 0.00420691 0.5 176.375 0.0509804 0.5 0 0
14650 0.00420691 0.5 176.375 0.0509804 0.5 0 0
14660 0.00435337 0.5 176.875 0.0509804 0.5 0 0
14670 0.00435337 0.5 176.875 0.054902 0.5 0 0
14680 0.00432929 0.5 177.375 0.054902 0.5 0 0
14690 0.00432929 0.5 177.375 0.054902 0.5 0 0
14700 0.00424554 0.5 177.875 0.054902 0.5 0 0
14710 0.00424554 0.5 177.875 0.054902 0.5 0 0
14720 0.00414973 0.5 178.375 0.054902 0.5 0 0
14730 0.00414973 0.5 178.375 0.0509804 0.5 0 0
14740 0.00398909 0.5 178.875 0.0470588 0.5 0 0
14750 0.00398909 0.5 178.875 0.0509804 0.5 0 0
14760 0.00422377 0.25 179.125 0.0509804 0.5 0 0
14770 0.00422377 0.25 179.125 0.054902 0.5 0 0
14780 0.0044072 0.25 179.375 0.054902 0.5 0 0
14790 0.0044072 0.25 179.375 0.054902 0.5 0 0
14800 0.00449431 0.25 179.625 0.054902 0.5 0 0
14810 0.00449431 0.25 179.625 0.054902 0.5 0 0
14820 0.00454958 0.25 179.875 0.054902 0.5 0 0
14830 0.00454958 0.25 179.875 0.054902 0.5 0 0
14840 0.00457685 0.25 180.125 0.054902 0.5 0 0
14850 0.00457685 0.25 180.125 0.054902 0.5 0 0
14860 0.00461697 0.25 180.375 0.054902 0.5 0 0
14870 0.00461697 0.25 180.375 0.054902 0.5 0 0
14880 0.00461978 0.25 180.625 0.054902 0.5 0 0
14890 0.00461978 0.25 180.625 0.0588235 0.5 0 0
14900 0.00460599 0 180.625 0.0588235 0.5 0 0
14910 0.00460599 0 180.625 0.0627451 0.5 0 0
14920 0.00460629 0 180.625 0.0627451 0.5 0 0
14930 0.00460629 0 180.625 0.0627451 0.5 0 0
14940 0.00452482 0 180.625 0.0627451 0.5 0 0
14950 0.00452482 0 180.625 0.0627451 0.5 0 0
14960 0.00439757 0 180.625 0.0627451 0.5 0 0
14970 0.00439757 0 180.625 0.0627451 0.5 0 0
14980 0.00432074 0 180.625 0.0588235 0.5 0 0
14990 0.00432074 0 180.625 0.0588235 0.5 0 0
15000 0.00421901 0 180.625 0.0588235 0.5 0 0
15010 0.00421901 0 180.625 0.054902 0.5 0 0
15020 0.00413155 0 180.625 0.054902 0.5 0 0
15030 0.00413155 0 180.625 0.0588235 0.5 0 0
15040 0.00414904 0 180.625 0.054902 0.5 0 0
15050 0.00414904 0 180.625 0.0588235 0.5 0 0
15060 0.00414262 0 180.625 0.0588235 0.5 0 0
15070 0.00414262 0 180.625 0.0588235 0.5 0 0
15080 0.0040396 0 180.625 0.0627451 0.5 0 0
15090 0.0040396 0 180.625 0.0627451 0.5 0 0
15100 0.00404829 0 180.625 0.0627451 0.5 0 0
15110 0.00404829 0 180.625 0.0627451 0.5 0 0
15120 0.00407468 0 180.625 0.0588235 0.5 0 0
15130 0.00407468 0 180.625 0.054902 0.5 0 0
15140 0.00413104 0 180.625 0.0509804 0.5 0 0
15150 0.00413104 0 180.625 0.0509804 0.5 0 0
15160 0.00422355 0.25 180.875 0.054902 0.5 0 0
15170 0.00422355 0.25 180.875 0.054902 0.5 0 0
15180 0.00428162 0.25 181.125 0.054902 0.5 0 0
15190 0.00428162 0.25 181.125 0.054902 0.5 0 0
15200 0.00429984 0.5 181.625 0.054902 0.5 0 0
15210 0.00429984 0.5 181.625 0.0588235 0.5 0 0
15220 0.00431721 0.5 182.125 0.054902 0.5 0 0
15230 0.00431721 0.5 182.125 0.054902 0.5 0 0
15240 0.0043129 0.5 182.625 0.0588235 0.5 0 0
15250 0.0043129 0.5 182.625 0.054902 0.5 0 0
15260 0.00431526 0.75 183.375 0.054902 0.5 0 0
15270 0.00431526 0.75 183.375 0.0509804 0.5 0 0
15280 0.00430036 0.625 184 0.0509804 0.5 0 0
15290 0.00430036 0.625 184 0.0509804 0.5 0 0
15300 0.00431243 0.75 184.75 0.0509804 0.5 0 0
15310 0.00431243 0.75 184.75 0.0509804 0.5 0 0
15320 0.00429178 0.75 185.5 0.0509804 0.5 0 0
15330 0.00429178 0.75 185.5 0.0509804 0.5 0 0
15340 0.00432647 0.75 186.25 0.0509804 0.5 0 0
15350 0.00432647 0.75 186.25 0.0509804 0.5 0 0
15360 0.00442783 0.75 187 0.0509804 0.5 0 0
15370 0.00442783 0.75 187 0.0509804 0.5 0 0
15380 0.00445432 0.625 187.625 0.0509804 0.5 0 0
15390 0.00445432 0.625 187.625 0.0509804 0.5 0 0
15400 0.00446752 0.625 188.25 0.0509804 0.5 0 0
15410 0.00446752 0.625 188.25 0.0509804 0.5 0 0
15420 0.00445985 0.75 189 0.0509804 0.5 0 0
15430 0.00445985 0.75 189 0.0509804 0.5 0 0
15440 0.00442579 0.75 189.75 0.0509804 0.5 0 0
15450 0.00442579 0.75 189.75 0.0470588 0.5 0 0
15460 0.00439764 0.75 190.5 0.0470588 0.5 0 0
15470 0.00439764 0.75 190.5 0.0470588 0.5 0 0
15480 0.00432712 0.625 191.125 0.0470588 0.5 0 0
15490 0.00432712 0.625 191.125 0.0509804 0.5 0 0
15500 0.00434675 0.625 191.75 0.0509804 0.5 0 0
15510 0.00434675 0.625 191.75 0.0509804 0.5 0 0
15520 0.00433961 0.625 192.375 0.054902 0.5 0 0
15530 0.00433961 0.625 192.375 0.054902 0.5 0 0
15540 0.00434107 0.5 192.875 0.054902 0.5 0 0
15550 0.00434107 0.5 192.875 0.054902 0.5 0 0
15560 0.00430875 0.5 193.375 0.0509804 0.5 0 0
15570 0.00430875 0.5 193.375 0.0509804 0.5 0 0
15580 0.00436018 0.75 194.125 0.0509804 0.5 0 0
15590 0.00436018 0.75 194.125 0.0509804 0.5 0 0
15600 0.0044098 0.625 194.75 0.0509804 0.5 0 0
15610 0.0044098 0.625 194.75 0.0509804 0.5 0 0
15620 0.0044481 0.625 195.375 0.0509804 0.5 0 0
15630 0.0044481 0.625 195.375 0.0509804 0.5 0 0
15640 0.00449033 0.625 196 0.054902 0.5 0 0
15650 0.00449033 0.625 196 0.054902 0.5 0 0
15660 0.00452927 0.625 196.625 0.054902 0.5 0 0
15670 0.00452927 0.625 196.625 0.0509804 0.5 0 0
15680 0.00448707 0.625 197.25 0.0509804 0.5 0 0
15690 0.00448707 0.625 197.25 0.0509804 0.5 0 0
15700 0.00440558 0.25 197.5 0.0509804 0.5 0 0
15710 0.00440558 0.25 197.5 0.0509804 0.5 0 0
15720 0.00435308 0 197.5 0.0509804 0.5 0 0
15730 0.00435308 0 197.5 0.054902 0.5 0 0
15740 0.00435087 0.25 197.75 0.054902 0.5 0 0
15750 0.00435087 0.25 197.75 0.054902 0.5 0 0
15760 0.00430864 0.25 198 0.054902 0.5 0 0
15770 0.00430864 0.25 198 0.0588235 0.5 0 0
15780 0.00428373 0.25 198.25 0.054902 0.5 0 0
15790 0.00428373 0.25 198.25 0.054902 0.5 0 0
15800 0.00417521 0.25 198.5 0.054902 0.5 0 0
15810 0.00417521 0.25 198.5 0.0509804 0.5 0 0
15820 0.00409123 0.25 198.75 0.0509804 0.5 0 0
15830 0.00409123 0.25 198.75 0.0470588 0.5 0 0
15840 0.00405298 0.375 199.125 0.0470588 0.5 0 0
15850 0.00405298 0.375 199.125 0.0470588 0.5 0 0
15860 0.00406443 0.625 199.75 0.0470588 0.5 0 0
15870 0.00406443 0.625 199.75 0.0470588 0.5 0 0
15880 0.00425128 0.625 200.375 0.0509804 0.5 0 0
15890 0.00425128 0.625 200.375 0.054902 0.5 0 0
15900 0.00442064 0.625 201 0.054902 0.5 0 0
15910 0.00442064 0.625 201 0.054902 0.5 0 0
15920 0.00452633 0.625 201.625 0.054902 0.5 0 0
15930 0.00452633 0.625 201.625 0.054902 0.5 0 0
15940 0.0046002 0.625 202.25 0.054902 0.5 0 0
15950 0.0046002 0.625 202.25 0.054902 0.5 0 0
15960 0.00461414 0.625 202.875 0.054902 0.5 0 0
15970 0.00461414 0.625 202.875 0.054902 0.5 0 0
15980 0.00454446 0.25 203.125 0.054902 0.5 0 0
15990 0.00454446 0.25 203.125 0.054902 0.5 0 0
16000 0.00453989 0.25 203.375 0.0509804 0.5 0 0
16010 0.00453989 0.25 203.375 0.0509804 0.5 0 0
16020 0.00445362 0 203.375 0.0509804 0.5 0 0
16030 0.00445362 0 203.375 0.0509804 0.5 0 0
16040 0.00433412 0 203.375 0.0509804 0.5 0 0
16050 0.00433412 0 203.375 0.0509804 0.5 0 0
16060 0.00435519 0 203.375 0.0509804 0.5 0 0
16070 0.00435519 0 203.375 0.0509804 0.5 0 0
16080 0.00432205 0 203.375 0.0509804 0.5 0 0
16090 0.00432205 0 203.375 0.0509804 0.5 0 0
16100 0.00437057 0 203.375 0.0509804 0.5 0 0
16110 0.00437057 0 203.375 0.0509804 0.5 0 0
16120 0.00429449 0 203.375 0.0509804 0.5 0 0
16130 0.00429449 0 203.375 0.0509804 0.5 0 0
16140 0.00411255 0 203.375 0.0509804 0.5 0 0
16150 0.00411255 0 203.375 0.0509804 0.5 0 0
16160 0.00416374 0 203.375 0.0509804 0.5 0 0
16170 0.00416374 0 203.375 0.0509804 0.5 0 0
16180 0.00410456 0 203.375 0.0509804 0.5 0 0
16190 0.00410456 0 203.375 0.0509804 0.5 0 0
16200 0.00403314 0 203.375 0.0470588 0.5 0 0
16210 0.00403314 0 203.375 0.0470588 0.5 0 0
16220 0.00404566 0 203.375 0.0470588 0.5 0 0
16230 0.00404566 0 203.375 0.0470588 0.5 0 0
16240 0.00413041 0 203.375 0.0470588 0.5 0 0
16250 0.00413041 0 203.375 0.0509804 0.5 0 0
16260 0.00409567 0 203.375 0.0509804 0.5 0 0
16270 0.00409567 0 203.375 0.0509804 0.5 0 0
16280 0.00413635 0 203.375 0.0509804 0.5 0 0
16290 0.00413635 0 203.375 0.0509804 0.5 0 0
16300 0.00412006 0 203.375 0.054902 0.5 0 0
16310 0.00412006 0 203.375 0.054902 0.5 0 0
16320 0.00417091 0 203.375 0.0588235 0.5 0 0
16330 0.00417091 0 203.375 0.0627451 0.5 0 0
16340 0.00419215 0 203.375 0.0588235 0.5 0 0
16350 0.00419215 0 203.375 0.0627451 0.5 0 0
16360 0.00422796 0 203.375 0.0627451 0.5 0 0
16370 0.00422796 0 203.375 0.0627451 0.5 0 0
16380 0.00430596 0 203.375 0.0627451 0.5 0 0
16390 0.00430596 0 203.375 0.0666667 0.5 0 0
16400 0.00432657 0 203.375 0.0627451 0.5 0 0
16410 0.00432657 0 203.375 0.0627451 0.5 0 0
16420 0.00428949 0 203.375 0.0627451 0.5 0 0
16430 0.00428949 0 203.375 0.0627451 0.5 0 0
16440 0.00428261 0 203.375 0.0627451 0.5 0 0
16450 0.00428261 0 203.375 0.0666667 0.5 0 0
16460 0.00432956 0 203.375 0.0705882 0.5 0 0
16470 0.00432956 0 203.375 0.0666667 0.5 0 0
16480 0.0042859 0 203.375 0.0627451 0.5 0 0
16490 0.0042859 0 203.375 0.0588235 0.5 0 0
16500 0.00426083 0 203.375 0.054902 0.5 0 0
16510 0.00426083 0 203.375 0.054902 0.5 0 0
16520 0.00438321 0 203.375 0.054902 0.5 0 0
16530 0.00438321 0 203.375 0.0588235 0.5 0 0
16540 0.00450832 0.25 203.625 0.0627451 0.5 0 0
16550 0.00450832 0.25 203.625 0.0666667 0.5 0 0
16560 0.00455826 0.25 203.875 0.0666667 0.5 0 0
16570 0.00455826 0.25 203.875 0.0666667 0.5 0 0
16580 0.00457629 0.25 204.125 0.0627451 0.5 0 0
16590 0.00457629 0.25 204.125 0.0627451 0.5 0 0
16600 0.00468933 0.375 204.5 0.0627451 0.5 0 0
16610 0.00468933 0.375 204.5 0.0588235 0.5 0 0
16620 0.00469358 0.375 204.875 0.0588235 0.5 0 0
16630 0.00469358 0.375 204.875 0.0588235 0.5 0 0
16640 0.00475702 0.25 205.125 0.0588235 0.5 0 0
16650 0.00475702 0.25 205.125 0.054902 0.5 0 0
16660 0.00480394 0.375 205.5 0.054902 0.5 0 0
16670 0.00480394 0.375 205.5 0.054902 0.5 0 0
16680 0.00480888 0.375 205.875 0.054902 0.5 0 0
16690 0.00480888 0.375 205.875 0.054902 0.5 0 0
16700 0.00481067 0.375 206.25 0.054902 0.5 0 0
16710 0.00481067 0.375 206.25 0.054902 0.5 0 0
16720 0.00480653 0.375 206.625 0.0509804 0.5 0 0
16730 0.00480653 0.375 206.625 0.054902 0.5 0 0
16740 0.00478756 0.375 207 0.054902 0.5 0 0
16750 0.00478756 0.375 207 0.054902 0.5 0 0
16760 0.0047727 0.375 207.375 0.054902 0.5 0 0
16770 0.0047727 0.375 207.375 0.054902 0.5 0 0
16780 0.00476557 0.375 207.75 0.054902 0.5 0 0
16790 0.00476557 0.375 207.75 0.054902 0.5 0 0
16800 0.00467293 0.25 208 0.054902 0.5 0 0
16810 0.00467293 0.25 208 0.054902 0.5 0 0
16820 0.00465153 0.25 208.25 0.0509804 0.5 0 0
16830 0.00465153 0.25 208.25 0.054902 0.5 0 0
16840 0.0046229 0.25 208.5 0.0509804 0.5 0 0
16850 0.0046229 0.25 208.5 0.054902 0.5 0 0
16860 0.00460289 0.25 208.75 0.054902 0.5 0 0
16870 0.00460289 0.25 208.75 0.0509804 0.5 0 0
16880 0.0045999 0.625 209.375 0.0509804 0.5 0 0
16890 0.0045999 0.625 209.375 0.054902 0.5 0 0
16900 0.00456304 0.5 209.875 0.0509804 0.5 0 0
16910 0.00456304 0.5 209.875 0.0509804 0.5 0 0
16920 0.00448847 0.5 210.375 0.0509804 0.5 0 0
16930 0.00448847 0.5 210.375 0.0509804 0.5 0 0
16940 0.00445535 0.625 211 0.054902 0.5 0 0
16950 0.00445535 0.625 211 0.054902 0.5 0 0
16960 0.00446119 0.625 211.625 0.054902 0.5 0 0
16970 0.00446119 0.625 211.625 0.0588235 0.5 0 0
16980 0.00443005 0.625 212.25 0.0588235 0.5 0 0
16990 0.00443005 0.625 212.25 0.0588235 0.5 0 0
17000 0.00432157 0.5 212.75 0.0588235 0.5 0 0
17010 0.00432157 0.5 212.75 0.054902 0.5 0 0
17020 0.00412854 0.5 213.25 0.054902 0.5 0 0
17030 0.00412854 0.5 213.25 0.0470588 0.5 0 0
17040 0.00399381 0.375 213.625 0.0509804 0.5 0 0
17050 0.00399381 0.375 213.625 0.0509804 0.5 0 0
17060 0.00406107 0.375 214 0.0509804 0.5 0 0
17070 0.00406107 0.375 214 0.0509804 0.5 0 0
17080 0.00416863 0.375 214.375 0.0509804 0.5 0 0
17090 0.00416863 0.375 214.375 0.0509804 0.5 0 0
17100 0.00416392 0.375 214.75 0.0509804 0.5 0 0
17110 0.00416392 0.375 214.75 0.0509804 0.5 0 0
17120 0.00409578 0.5 215.25 0.0470588 0.5 0 0
17130 0.00409578 0.5 215.25 0.0509804 0.5 0 0
17140 0.0040359 0.5 215.75 0.0470588 0.5 0 0
17150 0.0040359 0.5 215.75 0.0509804 0.5 0 0
17160 0.00399327 0.375 216.125 0.054902 0.5 0 0
17170 0.00399327 0.375 216.125 0.054902 0.5 0 0
17180 0.00405286 0.375 216.5 0.0509804 0.5 0 0
17190 0.00405286 0.375 216.5 0.054902 0.5 0 0
17200 0.0040497 0.375 216.875 0.054902 0.5 0 0
17210 0.0040497 0.375 216.875 0.054902 0.5 0 0
17220 0.00407713 0.375 217.25 0.054902 0.5 0 0
17230 0.00407713 0.375 217.25 0.054902 0.5 0 0
17240 0.004078 0.25 217.5 0.054902 0.5 0 0
17250 0.004078 0.25 217.5 0.054902 0.5 0 0
17260 0.00405315 0 217.5 0.0509804 0.5 0 0
17270 0.00405315 0 217.5 0.0470588 0.5 0 0
17280 0.00399328 0.625 218.125 0.0470588 0.5 0 0
17290 0.00399328 0.625 218.125 0.0470588 0.5 0 0
17300 0.0039917 0.75 218.875 0.0509804 0.5 0 0
17310 0.0039917 0.75 218.875 0.0509804 0.5 0 0
17320 0.00413545 0.75 219.625 0.054902 0.5 0 0
17330 0.00413545 0.75 219.625 0.0588235 0.5 0 0
17340 0.00422188 0.75 220.375 0.0588235 0.5 0 0
17350 0.00422188 0.75 220.375 0.0588235 0.5 0 0
17360 0.00425772 0.875 221.25 0.054902 0.5 0 0
17370 0.00425772 0.875 221.25 0.054902 0.5 0 0
17380 0.0043047 0.875 222.125 0.0509804 0.5 0 0
17390 0.0043047 0.875 222.125 0.0509804 0.5 0 0
17400 0.00441608 0.875 223 0.0509804 0.5 0 0
17410 0.00441608 0.875 223 0.0509804 0.5 0 0
17420 0.00450709 0.25 223.25 0.054902 0.5 0 0
17430 0.00450709 0.25 223.25 0.054902 0.5 0 0
17440 0.00454703 0.25 223.5 0.054902 0.5 0 0
17450 0.00454703 0.25 223.5 0.054902 0.5 0 0
17460 0.00455556 0 223.5 0.054902 0.5 0 0
17470 0.00455556 0 223.5 0.054902 0.5 0 0
17480 0.00455862 0 223.5 0.054902 0.5 0 0
17490 0.00455862 0 223.5 0.054902 0.5 0 0
17500 0.00451445 0 223.5 0.0509804 0.5 0 0
17510 0.00451445 0 223.5 0.0509804 0.5 0 0
17520 0.00448269 0 223.5 0.054902 0.5 0 0
17530 0.00448269 0 223.5 0.054902 0.5 0 0
17540 0.00443172 0 223.5 0.0509804 0.5 0 0
17550 0.00443172 0 223.5 0.0509804 0.5 0 0
17560 0.00429133 0 223.5 0.054902 0.5 0 0
17570 0.00429133 0 223.5 0.0588235 0.5 0 0
17580 0.00427671 0 223.5 0.0588235 0.5 0 0
17590 0.00427671 0 223.5 0.0588235 0.5 0 0
17600 0.00425568 0 223.5 0.0588235 0.5 0 0
17610 0.00425568 0 223.5 0.054902 0.5 0 0
17620 0.00421239 0 223.5 0.0509804 0.5 0 0
17630 0.00421239 0 223.5 0.0470588 0.5 0 0
17640 0.00432994 0 223.5 0.0470588 0.5 0 0
17650 0.00432994 0 223.5 0.0470588 0.5 0 0
17660 0.0042271 0 223.5 0.0470588 0.5 0 0
17670 0.0042271 0 223.5 0.0470588 0.5 0 0
17680 0.00413098 0 223.5 0.0509804 0.5 0 0
17690 0.00413098 0 223.5 0.0509804 0.5 0 0
17700 0.00430752 0 223.5 0.0509804 0.5 0 0
17710 0.00430752 0 223.5 0.054902 0.5 0 0
17720 0.00444925 0 223.5 0.054902 0.5 0 0
17730 0.00444925 0 223.5 0.0627451 0.5 0 0
17740 0.00442591 0 223.5 0.0627451 0.5 0 0
17750 0.00442591 0 223.5 0.0627451 0.5 0 0
17760 0.00441775 0 223.5 0.0627451 0.5 0 0
17770 0.00441775 0 223.5 0.0627451 0.5 0 0
17780 0.00437788 0 223.5 0.0588235 0.5 0 0
17790 0.00437788 0 223.5 0.0588235 0.5 0 0
17800 0.004341 0 223.5 0.0509804 0.5 0 0
17810 0.004341 0 223.5 0.0509804 0.5 0 0
17820 0.00440695 0 223.5 0.054902 0.5 0 0
17830 0.00440695 0 223.5 0.0509804 0.5 0 0
17840 0.00456706 0 223.5 0.054902 0.5 0 0
17850 0.00456706 0 223.5 0.0509804 0.5 0 0
17860 0.00450027 0 223.5 0.054902 0.5 0 0
17870 0.00450027 0 223.5 0.054902 0.5 0 0
17880 0.0045876 0 223.5 0.054902 0.5 0 0
17890 0.0045876 0 223.5 0.054902 0.5 0 0
17900 0.0045476 0 223.5 0.054902 0.5 0 0
17910 0.0045476 0 223.5 0.054902 0.5 0 0
17920 0.00450186 0 223.5 0.0509804 0.5 0 0
17930 0.00450186 0 223.5 0.0509804 0.5 0 0
17940 0.00437789 0 223.5 0.0509804 0.5 0 0
17950 0.00437789 0 223.5 0.0509804 0.5 0 0
17960 0.00430624 0 223.5 0.0509804 0.5 0 0
17970 0.00430624 0 223.5 0.0509804 0.5 0 0
17980 0.00421919 0 223.5 0.0509804 0.5 0 0
17990 0.00421919 0 223.5 0.0509804 0.5 0 0
18000 0.00426146 0 223.5 0.054902 0.5 0 0
18010 0.00426146 0 223.5 0.054902 0.5 0 0
18020 0.00424523 0 223.5 0.054902 0.5 0 0
18030 0.00424523 0 223.5 0.054902 0.5 0 0
18040 0.00404799 0 223.5 0.054902 0.5 0 0
18050 0.00404799 0 223.5 0.054902 0.5 0 0
18060 0.0039875 0 223.5 0.054902 0.5 0 0
18070 0.0039875 0 223.5 0.0588235 0.5 0 0
18080 0.00400866 0 223.5 0.0627451 0.5 0 0
18090 0.00400866 0 223.5 0.0627451 0.5 0 0
18100 0.00404255 0 223.5 0.0627451 0.5 0 0
18110 0.00404255 0 223.5 0.0627451 0.5 0 0
18120 0.00410463 0 223.5 0.0627451 0.5 0 0
18130 0.00410463 0 223.5 0.0627451 0.5 0 0
18140 0.00416744 0 223.5 0.0627451 0.5 0 0
18150 0.00416744 0 223.5 0.0627451 0.5 0 0
18160 0.00413764 0 223.5 0.0627451 0.5 0 0
18170 0.00413764 0 223.5 0.0705882 0.5 0 0
18180 0.00415857 0 223.5 0.0666667 0.5 0 0
18190 0.00415857 0 223.5 0.0705882 0.5 0 0
18200 0.00417584 0 223.5 0.0705882 0.5 0 0
18210 0.00417584 0 223.5 0.0705882 0.5 0 0
18220 0.00417357 0 223.5 0.0666667 0.5 0 0
18230 0.00417357 0 223.5 0.0627451 0.5 0 0
18240 0.00414599 0 223.5 0.0627451 0.5 0 0
18250 0.00414599 0 223.5 0.054902 0.5 0 0
18260 0.0041557 0 223.5 0.0588235 0.5 0 0
18270 0.0041557 0 223.5 0.0588235 0.5 0 0
18280 0.00423395 0 223.5 0.054902 0.5 0 0
18290 0.00423395 0 223.5 0.054902 0.5 0 0
18300 0.00428605 0 223.5 0.0588235 0.5 0 0
18310 0.00428605 0 223.5 0.0627451 0.5 0 0
18320 0.00435193 0 223.5 0.0627451 0.5 0 0
18330 0.00435193 0 223.5 0.0627451 0.5 0 0
18340 0.00435294 0 223.5 0.0627451 0.5 0 0
18350 0.00435294 0 223.5 0.0627451 0.5 0 0
18360 0.00435296 0 223.5 0.0627451 0.5 0 0
18370 0.00435296 0 223.5 0.0588235 0.5 0 0
18380 0.00433234 0 223.5 0.0509804 0.5 0 0
18390 0.00433234 0 223.5 0.0509804 0.5 0 0
18400 0.00431224 0 223.5 0.0509804 0.5 0 0
18410 0.00431224 0 223.5 0.0509804 0.5 0 0
18420 0.00414385 0 223.5 0.0509804 0.5 0 0
18430 0.00414385 0 223.5 0.0509804 0.5 0 0
18440 0.00436782 0 223.5 0.054902 0.5 0 0
18450 0.00436782 0 223.5 0.054902 0.5 0 0
18460 0.00450556 0 223.5 0.0588235 0.5 0 0
18470 0.00450556 0 223.5 0.0588235 0.5 0 0
18480 0.0045087 0 223.5 0.0588235 0.5 0 0
18490 0.0045087 0 223.5 0.0588235 0.5 0 0
18500 0.00443994 0 223.5 0.0588235 0.5 0 0
18510 0.00443994 0 223.5 0.0588235 0.5 0 0
18520 0.00436841 0 223.5 0.0588235 0.5 0 0
18530 0.00436841 0 223.5 0.0588235 0.5 0 0
18540 0.00424069 0 223.5 0.054902 0.5 0 0
18550 0.00424069 0 223.5 0.0509804 0.5 0 0
18560 0.00411416 0 223.5 0.0470588 0.5 0 0
18570 0.00411416 0 223.5 0.0509804 0.5 0 0
18580 0.00419079 0 223.5 0.0509804 0.5 0 0
18590 0.00419079 0 223.5 0.0509804 0.5 0 0
18600 0.00425398 0 223.5 0.0509804 0.5 0 0
18610 0.00425398 0 223.5 0.0509804 0.5 0 0
18620 0.00424216 0.25 223.75 0.054902 0.5 0 0
18630 0.00424216 0.25 223.75 0.0509804 0.5 0 0
18640 0.00431232 0.25 224 0.0509804 0.5 0 0
18650 0.00431232 0.25 224 0.0509804 0.5 0 0
18660 0.00435029 0.25 224.25 0.0509804 0.5 0 0
18670 0.00435029 0.25 224.25 0.0509804 0.5 0 0
18680 0.00443058 0.375 224.625 0.0509804 0.5 0 0
18690 0.00443058 0.375 224.625 0.0509804 0.5 0 0
18700 0.00448542 0.5 225.125 0.0509804 0.5 0 0
18710 0.00448542 0.5 225.125 0.054902 0.5 0 0
18720 0.00455414 0.5 225.625 0.054902 0.5 0 0
18730 0.00455414 0.5 225.625 0.0588235 0.5 0 0
18740 0.0045699 0.375 226 0.054902 0.5 0 0
18750 0.0045699 0.375 226 0.054902 0.5 0 0
18760 0.00455445 0.375 226.375 0.0588235 0.5 0 0
18770 0.00455445 0.375 226.375 0.054902 0.5 0 0
18780 0.00448822 0.375 226.75 0.054902 0.5 0 0
18790 0.00448822 0.375 226.75 0.0509804 0.5 0 0
18800 0.00436415 0.25 227 0.0509804 0.5 0 0
18810 0.00436415 0.25 227 0.0470588 0.5 0 0
18820 0.00421129 0.375 227.375 0.0470588 0.5 0 0
18830 0.00421129 0.375 227.375 0.0470588 0.5 0 0
18840 0.00412086 0.625 228 0.0470588 0.5 0 0
18850 0.00412086 0.625 228 0.0470588 0.5 0 0
18860 0.00406589 0.625 228.625 0.0470588 0.5 0 0
18870 0.00406589 0.625 228.625 0.0470588 0.5 0 0
18880 0.00395904 0.625 229.25 0.0509804 0.5 0 0
18890 0.00395904 0.625 229.25 0.0470588 0.5 0 0
18900 0.00392032 0.625 229.875 0.0470588 0.5 0 0
18910 0.00392032 0.625 229.875 0.0470588 0.5 0 0
18920 0.00382968 0.625 230.5 0.0470588 0.5 0 0
18930 0.00382968 0.625 230.5 0.0509804 0.5 0 0
18940 0.00382959 0.625 231.125 0.0470588 0.5 0 0
18950 0.00382959 0.625 231.125 0.0470588 0.5 0 0
18960 0.00388926 0.625 231.75 0.0470588 0.5 0 0
18970 0.00388926 0.625 231.75 0.0509804 0.5 0 0
18980 0.00392948 0.75 232.5 0.0470588 0.5 0 0
18990 0.00392948 0.75 232.5 0.0470588 0.5 0 0
19000 0.00398367 0.75 233.25 0.0509804 0.5 0 0
19010 0.00398367 0.75 233.25 0.0470588 0.5 0 0
19020 0.00399586 0.875 234.125 0.0509804 0.5 0 0
19030 0.00399586 0.875 234.125 0.0509804 0.5 0 0
19040 0.00399803 0.875 235 0.0470588 0.5 0 0
19050 0.00399803 0.875 235 0.0509804 0.5 0 0
19060 0.00400042 0.875 235.875 0.0470588 0.5 0 0
19070 0.00400042 0.875 235.875 0.0509804 0.5 0 0
19080 0.00399939 0.75 236.625 0.0470588 0.5 0 0
19090 0.00399939 0.75 236.625 0.0470588 0.5 0 0
19100 0.00399121 0.75 237.375 0.0509804 0.5 0 0
19110 0.00399121 0.75 237.375 0.0509804 0.5 0 0
19120 0.00403428 0.75 238.125 0.0509804 0.5 0 0
19130 0.00403428 0.75 238.125 0.054902 0.5 0 0
19140 0.0040243 0.75 238.875 0.054902 0.5 0 0
19150 0.0040243 0.75 238.875 0.054902 0.5 0 0
19160 0.003989 0.75 239.625 0.0509804 0.5 0 0
19170 0.003989 0.75 239.625 0.0509804 0.5 0 0
19180 0.00395423 0.625 240.25 0.054902 0.5 0 0
19190 0.00395423 0.625 240.25 0.054902 0.5 0 0
19200 0.00391579 0.5 240.75 0.0588235 0.5 0 0
19210 0.00391579 0.5 240.75 0.054902 0.5 0 0
19220 0.00391573 0.5 241.25 0.0588235 0.5 0 0
19230 0.00391573 0.5 241.25 0.0627451 0.5 0 0
19240 0.00398829 0 241.25 0.0666667 0.5 0 0
19250 0.00398829 0 241.25 0.0705882 0.5 0 0
19260 0.00402511 0 241.25 0.0745098 0.5 0 0
19270 0.00402511 0 241.25 0.0745098 0.5 0 0
19280 0.00397644 0 241.25 0.0705882 0.5 0 0
19290 0.00397644 0 241.25 0.0705882 0.5 0 0
19300 0.00386575 0 241.25 0.0627451 0.5 0 0
19310 0.00386575 0 241.25 0.0627451 0.5 0 0
19320 0.00382427 0 241.25 0.0588235 0.5 0 0
19330 0.00382427 0 241.25 0.054902 0.5 0 0
19340 0.00378288 0.25 241.5 0.0509804 0.5 0 0
19350 0.00378288 0.25 241.5 0.0509804 0.5 0 0
19360 0.00375559 0.375 241.875 0.0509804 0.5 0 0
19370 0.00375559 0.375 241.875 0.0509804 0.5 0 0
19380 0.00379856 0.625 242.5 0.0509804 0.5 0 0
19390 0.00379856 0.625 242.5 0.0509804 0.5 0 0
19400 0.00375846 0.625 243.125 0.0509804 0.5 0 0
19410 0.00375846 0.625 243.125 0.0509804 0.5 0 0
19420 0.00372114 0.625 243.75 0.0509804 0.5 0 0
19430 0.00372114 0.625 243.75 0.0509804 0.5 0 0
19440 0.00371105 0.625 244.375 0.0509804 0.5 0 0
19450 0.00371105 0.625 244.375 0.0509804 0.5 0 0
19460 0.00370558 0.625 245 0.0509804 0.5 0 0
19470 0.00370558 0.625 245 0.0509804 0.5 0 0
19480 0.00370453 0.375 245.375 0.0470588 0.5 0 0
19490 0.00370453 0.375 245.375 0.0470588 0.5 0 0
19500 0.00400056 0.875 246.25 0.0470588 0.5 0 0
19510 0.00400056 0.875 246.25 0.0509804 0.5 0 0
19520 0.00419411 0.875 247.125 0.0509804 0.5 0 0
19530 0.00419411 0.875 247.125 0.0509804 0.5 0 0
19540 0.00425583 0.875 248 0.0509804 0.5 0 0
19550 0.00425583 0.875 248 0.0509804 0.5 0 0
19560 0.00434817 0.875 248.875 0.0509804 0.5 0 0
19570 0.00434817 0.875 248.875 0.0509804 0.5 0 0
19580 0.00435134 0.875 249.75 0.0509804 0.5 0 0
19590 0.00435134 0.875 249.75 0.0509804 0.5 0 0
19600 0.00433548 0.875 250.625 0.0509804 0.5 0 0
19610 0.00433548 0.875 250.625 0.0509804 0.5 0 0
19620 0.00424538 0.5 251.125 0.0509804 0.5 0 0
19630 0.00424538 0.5 251.125 0.0509804 0.5 0 0
19640 0.00419308 0.25 251.375 0.0509804 0.5 0 0
19650 0.00419308 0.25 251.375 0.054902 0.5 0 0
19660 0.00416638 0.375 251.75 0.0509804 0.5 0 0
19670 0.00416638 0.375 251.75 0.054902 0.5 0 0
19680 0.00418839 0.25 252 0.0509804 0.5 0 0
19690 0.00418839 0.25 252 0.0509804 0.5 0 0
19700 0.00435027 0.25 252.25 0.054902 0.5 0 0
19710 0.00435027 0.25 252.25 0.0588235 0.5 0 0
19720 0.00441998 0.25 252.5 0.0627451 0.5 0 0
19730 0.00441998 0.25 252.5 0.0627451 0.5 0 0
19740 0.00440736 0.25 252.75 0.0627451 0.5 0 0
19750 0.00440736 0.25 252.75 0.0666667 0.5 0 0
19760 0.0043611 0.25 253 0.0666667 0.5 0 0
19770 0.0043611 0.25 253 0.0627451 0.5 0 0
19780 0.00427759 0.375 253.375 0.0588235 0.5 0 0
19790 0.00427759 0.375 253.375 0.0509804 0.5 0 0
19800 0.004242 0.375 253.75 0.0470588 0.5 0 0
19810 0.004242 0.375 253.75 0.0509804 0.5 0 0
19820 0.00434743 0.375 254.125 0.0509804 0.5 0 0
19830 0.00434743 0.375 254.125 0.0509804 0.5 0 0
19840 0.00446251 0.375 254.5 0.0509804 0.5 0 0
19850 0.00446251 0.375 254.5 0.0509804 0.5 0 0
19860 0.00454907 0.375 254.875 0.0509804 0.5 0 0
19870 0.00454907 0.375 254.875 0.0509804 0.5 0 0
19880 0.00450903 0.375 255.25 0.0509804 0.5 0 0
19890 0.00450903 0.375 255.25 0.0509804 0.5 0 0
19900 0.00452038 0.5 255.75 0.0509804 0.5 0 0
19910 0.00452038 0.5 255.75 0.0509804 0.5 0 0
19920 0.00450987 0.5 256.25 0.0509804 0.5 0 0
19930 0.00450987 0.5 256.25 0.0509804 0.5 0 0
19940 0.00450439 0.5 256.75 0.054902 0.5 0 0
19950 0.00450439 0.5 256.75 0.0509804 0.5 0 0
19960 0.00453288 0.5 257.25 0.054902 0.5 0 0
19970 0.00453288 0.5 257.25 0.054902 0.5 0 0
19980 0.004549 0.5 257.75 0.054902 0.5 0 0
19990 0.004549 0.5 257.75 0.054902 0.5 0 0
20000 0.00456591 0.5 258.25 0.054902 0.5 0 0
20010 0.00456591 0.5 258.25 0.054902 0.5 0 0
