0 0.119903 0 0 0.5 0.5 0 0
10 0.119903 0 0 0.721569 0.5 0 0
20 0.11859 0 0 0.694118 0.5 0 0
30 0.11859 0 0 0.8 0.5 0 0
40 0.11859 0.25 0.25 0.721569 0.5 0 0
50 0.11859 0.25 0.25 0.796078 0.5 0 0
60 0.11859 0.25 0.5 0.721569 0.5 0 0
70 0.11859 0.25 0.5 0.686275 0.5 0 0
80 0.118658 0.375 0.875 0.686275 0.5 0 0
90 0.118658 0.375 0.875 0.8 0.5 0 0
100 0.118748 0.375 1.25 0.8 0.5 0 0
110 0.118748 0.375 1.25 0.721569 0.5 0 0
120 0.118873 0.375 1.625 0.729412 0.5 0 0
130 0.118873 0.375 1.625 0.8 0.5 0 0
140 0.118914 0.375 2 0.694118 0.5 0 0
150 0.118914 0.375 2 0.8 0.5 0 0
160 0.118288 0.375 2.375 0.694118 0.5 0 0
170 0.118288 0.375 2.375 0.729412 0.5 0 0
180 0.118298 0 2.375 0.729412 0.5 0 0
190 0.118298 0 2.375 0.796078 0.5 0 0
200 0.118664 0 2.375 0.803922 0.5 0 0
210 0.118664 0 2.375 0.729412 0.5 0 0
220 0.118762 0 2.375 0.694118 0.5 0 0
230 0.118762 0 2.375 0.694118 0.5 0 0
240 0.118715 0 2.375 0.65098 0.5 0 0
250 0.118715 0 2.375 0.729412 0.5 0 0
260 0.118785 0 2.375 0.729412 0.5 0 0
270 0.118785 0 2.375 0.686275 0.5 0 0
280 0.118762 0 2.375 0.611765 0.5 0 0
290 0.118762 0 2.375 0.568627 0.5 0 0
300 0.119433 0 2.375 0.552941 0.5 0 0
310 0.119433 0 2.375 0.54902 0.5 0 0
320 0.1198 0 2.375 0.541176 0.5 0 0
330 0.1198 0 2.375 0.552941 0.5 0 0
340 0.119793 0 2.375 0.560784 0.5 0 0
350 0.119793 0 2.375 0.54902 0.5 0 0
360 0.119704 0 2.375 0.560784 0.5 0 0
370 0.119704 0 2.375 0.560784 0.5 0 0
380 0.119702 0 2.375 0.541176 0.5 0 0
390 0.119702 0 2.375 0.54902 0.5 0 0
400 0.119648 0 2.375 0.54902 0.5 0 0
410 0.119648 0 2.375 0.537255 0.5 0 0
420 0.11962 0 2.375 0.537255 0.5 0 0
430 0.11962 0 2.375 0.529412 0.5 0 0
440 0.11962 0 2.375 0.533333 0.5 0 0
450 0.11962 0 2.375 0.541176 0.5 0 0
460 0.11962 0 2.375 0.541176 0.5 0 0
470 0.11962 0 2.375 0.533333 0.5 0 0
480 0.119514 0 2.375 0.545098 0.5 0 0
490 0.119514 0 2.375 0.52549 0.5 0 0
500 0.119079 0 2.375 0.501961 0.5 0 0
510 0.119079 0 2.375 0.490196 0.5 0 0
520 0.118575 0 2.375 0.490196 0.5 0 0
530 0.118575 0 2.375 0.486275 0.5 0 0
540 0.118013 0 2.375 0.490196 0.5 0 0
550 0.118013 0 2.375 0.490196 0.5 0 0
560 0.118 0 2.375 0.486275 0.5 0 0
570 0.118 0 2.375 0.482353 0.5 0 0
580 0.118174 0 2.375 0.47451 0.5 0 0
590 0.118174 0 2.375 0.458824 0.5 0 0
600 0.117587 0 2.375 0.447059 0.5 0 0
610 0.117587 0 2.375 0.443137 0.5 0 0
620 0.116141 0 2.375 0.443137 0.5 0 0
630 0.116141 0 2.375 0.443137 0.5 0 0
640 0.115518 0 2.375 0.443137 0.5 0 0
650 0.115518 0 2.375 0.443137 0.5 0 0
660 0.114819 0 2.375 0.443137 0.5 0 0
670 0.114819 0 2.375 0.443137 0.5 0 0
680 0.114361 0 2.375 0.443137 0.5 0 0
690 0.114361 0 2.375 0.443137 0.5 0 0
700 0.114155 0 2.375 0.443137 0.5 0 0
710 0.114155 0 2.375 0.443137 0.5 0 0
720 0.113989 0 2.375 0.443137 0.5 0 0
730 0.113989 0 2.375 0.443137 0.5 0 0
740 0.113813 0 2.375 0.443137 0.5 0 0
750 0.113813 0 2.375 0.443137 0.5 0 0
760 0.113813 0 2.375 0.443137 0.5 0 0
770 0.113813 0 2.375 0.443137 0.5 0 0
780 0.113849 0 2.375 0.443137 0.5 0 0
790 0.113849 0 2.375 0.443137 0.5 0 0
800 0.113696 0 2.375 0.443137 0.5 0 0
810 0.113696 0 2.375 0.443137 0.5 0 0
820 0.113661 0 2.375 0.443137 0.5 0 0
830 0.113661 0 2.375 0.447059 0.5 0 0
840 0.113669 0 2.375 0.443137 0.5 0 0
850 0.113669 0 2.375 0.447059 0.5 0 0
860 0.113669 0 2.375 0.443137 0.5 0 0
870 0.113669 0 2.375 0.443137 0.5 0 0
880 0.114018 0 2.375 0.431373 0.5 0 0
890 0.114018 0 2.375 0.431373 0.5 0 0
900 0.114619 0 2.375 0.431373 0.5 0 0
910 0.114619 0 2.375 0.427451 0.5 0 0
920 0.114892 0 2.375 0.427451 0.5 0 0
930 0.114892 0 2.375 0.427451 0.5 0 0
940 0.11482 0 2.375 0.427451 0.5 0 0
950 0.11482 0 2.375 0.427451 0.5 0 0
960 0.114638 0 2.375 0.427451 0.5 0 0
970 0.114638 0 2.375 0.431373 0.5 0 0
980 0.11464 0 2.375 0.427451 0.5 0 0
990 0.11464 0 2.375 0.427451 0.5 0 0
1000 0.115019 0 2.375 0.427451 0.5 0 0
1010 0.115019 0 2.375 0.423529 0.5 0 0
1020 0.115316 0 2.375 0.419608 0.5 0 0
1030 0.115316 0 2.375 0.419608 0.5 0 0
1040 0.115844 0 2.375 0.419608 0.5 0 0
1050 0.115844 0 2.375 0.419608 0.5 0 0
1060 0.115881 0 2.375 0.419608 0.5 0 0
1070 0.115881 0 2.375 0.419608 0.5 0 0
1080 0.115881 0 2.375 0.419608 0.5 0 0
1090 0.115881 0 2.375 0.419608 0.5 0 0
1100 0.115881 0 2.375 0.419608 0.5 0 0
1110 0.115881 0 2.375 0.419608 0.5 0 0
1120 0.116039 0 2.375 0.419608 0.5 0 0
1130 0.116039 0 2.375 0.419608 0.5 0 0
1140 0.116275 0 2.375 0.419608 0.5 0 0
1150 0.116275 0 2.375 0.411765 0.5 0 0
1160 0.116004 0 2.375 0.411765 0.5 0 0
1170 0.116004 0 2.375 0.411765 0.5 0 0
1180 0.115376 0 2.375 0.411765 0.5 0 0
1190 0.115376 0 2.375 0.411765 0.5 0 0
1200 0.114405 0 2.375 0.411765 0.5 0 0
1210 0.114405 0 2.375 0.411765 0.5 0 0
1220 0.114332 0 2.375 0.411765 0.5 0 0
1230 0.114332 0 2.375 0.407843 0.5 0 0
1240 0.114221 0 2.375 0.403922 0.5 0 0
1250 0.114221 0 2.375 0.403922 0.5 0 0
1260 0.113191 0 2.375 0.4 0.5 0 0
1270 0.113191 0 2.375 0.4 0.5 0 0
1280 0.113161 0 2.375 0.396078 0.5 0 0
1290 0.113161 0 2.375 0.396078 0.5 0 0
1300 0.113337 0 2.375 0.396078 0.5 0 0
1310 0.113337 0 2.375 0.396078 0.5 0 0
1320 0.112968 0 2.375 0.396078 0.5 0 0
1330 0.112968 0 2.375 0.396078 0.5 0 0
1340 0.111907 0 2.375 0.396078 0.5 0 0
1350 0.111907 0 2.375 0.392157 0.5 0 0
1360 0.11148 0 2.375 0.392157 0.5 0 0
1370 0.11148 0 2.375 0.392157 0.5 0 0
1380 0.111254 0 2.375 0.388235 0.5 0 0
1390 0.111254 0 2.375 0.388235 0.5 0 0
1400 0.110482 0 2.375 0.388235 0.5 0 0
1410 0.110482 0 2.375 0.388235 0.5 0 0
1420 0.109885 0 2.375 0.388235 0.5 0 0
1430 0.109885 0 2.375 0.384314 0.5 0 0
1440 0.109907 0 2.375 0.384314 0.5 0 0
1450 0.109907 0 2.375 0.384314 0.5 0 0
1460 0.10952 0 2.375 0.384314 0.5 0 0
1470 0.10952 0 2.375 0.384314 0.5 0 0
1480 0.108891 0 2.375 0.384314 0.5 0 0
1490 0.108891 0 2.375 0.384314 0.5 0 0
1500 0.108737 0 2.375 0.384314 0.5 0 0
1510 0.108737 0 2.375 0.384314 0.5 0 0
1520 0.108543 0 2.375 0.384314 0.5 0 0
1530 0.108543 0 2.375 0.384314 0.5 0 0
1540 0.108401 0 2.375 0.384314 0.5 0 0
1550 0.108401 0 2.375 0.384314 0.5 0 0
1560 0.108353 0 2.375 0.384314 0.5 0 0
1570 0.108353 0 2.375 0.384314 0.5 0 0
1580 0.108353 0 2.375 0.384314 0.5 0 0
1590 0.108353 0 2.375 0.384314 0.5 0 0
1600 0.108353 0 2.375 0.384314 0.5 0 0
1610 0.108353 0 2.375 0.384314 0.5 0 0
1620 0.108281 0 2.375 0.384314 0.5 0 0
1630 0.108281 0 2.375 0.384314 0.5 0 0
1640 0.108281 0 2.375 0.384314 0.5 0 0
1650 0.108281 0 2.375 0.384314 0.5 0 0
1660 0.108281 0 2.375 0.384314 0.5 0 0
1670 0.108281 0 2.375 0.384314 0.5 0 0
1680 0.108281 0 2.375 0.384314 0.5 0 0
1690 0.108281 0 2.375 0.384314 0.5 0 0
1700 0.108281 0 2.375 0.384314 0.5 0 0
1710 0.108281 0 2.375 0.384314 0.5 0 0
1720 0.108281 0 2.375 0.384314 0.5 0 0
1730 0.108281 0 2.375 0.384314 0.5 0 0
1740 0.108281 0 2.375 0.384314 0.5 0 0
1750 0.108281 0 2.375 0.384314 0.5 0 0
1760 0.108281 0 2.375 0.384314 0.5 0 0
1770 0.108281 0 2.375 0.384314 0.5 0 0
1780 0.108281 0 2.375 0.384314 0.5 0 0
1790 0.108281 0 2.375 0.384314 0.5 0 0
1800 0.108283 0 2.375 0.384314 0.5 0 0
1810 0.108283 0 2.375 0.384314 0.5 0 0
1820 0.108283 0 2.375 0.384314 0.5 0 0
1830 0.108283 0 2.375 0.384314 0.5 0 0
1840 0.108283 0 2.375 0.384314 0.5 0 0
1850 0.108283 0 2.375 0.384314 0.5 0 0
1860 0.108283 0 2.375 0.384314 0.5 0 0
1870 0.108283 0 2.375 0.384314 0.5 0 0
1880 0.108283 0 2.375 0.384314 0.5 0 0
1890 0.108283 0 2.375 0.384314 0.5 0 0
1900 0.108283 0 2.375 0.384314 0.5 0 0
1910 0.108283 0 2.375 0.384314 0.5 0 0
1920 0.108632 0 2.375 0.384314 0.5 0 0
1930 0.108632 0 2.375 0.384314 0.5 0 0
1940 0.108807 0 2.375 0.384314 0.5 0 0
1950 0.108807 0 2.375 0.384314 0.5 0 0
1960 0.108807 0 2.375 0.384314 0.5 0 0
1970 0.108807 0 2.375 0.384314 0.5 0 0
1980 0.108807 0 2.375 0.384314 0.5 0 0
1990 0.108807 0 2.375 0.384314 0.5 0 0
2000 0.109066 0 2.375 0.384314 0.5 0 0
2010 0.109066 0 2.375 0.380392 0.5 0 0
2020 0.109397 0 2.375 0.380392 0.5 0 0
2030 0.109397 0 2.375 0.380392 0.5 0 0
2040 0.109605 0 2.375 0.380392 0.5 0 0
2050 0.109605 0 2.375 0.380392 0.5 0 0
2060 0.109601 0 2.375 0.376471 0.5 0 0
2070 0.109601 0 2.375 0.376471 0.5 0 0
2080 0.109601 0 2.375 0.376471 0.5 0 0
2090 0.109601 0 2.375 0.380392 0.5 0 0
2100 0.109919 0 2.375 0.380392 0.5 0 0
2110 0.109919 0 2.375 0.380392 0.5 0 0
2120 0.11055 0 2.375 0.384314 0.5 0 0
2130 0.11055 0 2.375 0.384314 0.5 0 0
2140 0.110631 0 2.375 0.384314 0.5 0 0
2150 0.110631 0 2.375 0.384314 0.5 0 0
2160 0.111149 0 2.375 0.384314 0.5 0 0
2170 0.111149 0 2.375 0.384314 0.5 0 0
2180 0.111213 0 2.375 0.384314 0.5 0 0
2190 0.111213 0 2.375 0.384314 0.5 0 0
2200 0.11111 0 2.375 0.384314 0.5 0 0
2210 0.11111 0 2.375 0.384314 0.5 0 0
2220 0.111085 0 2.375 0.384314 0.5 0 0
2230 0.111085 0 2.375 0.384314 0.5 0 0
2240 0.110647 0 2.375 0.384314 0.5 0 0
2250 0.110647 0 2.375 0.380392 0.5 0 0
2260 0.109692 0 2.375 0.376471 0.5 0 0
2270 0.109692 0 2.375 0.376471 0.5 0 0
2280 0.108468 0 2.375 0.376471 0.5 0 0
2290 0.108468 0 2.375 0.376471 0.5 0 0
2300 0.108017 0 2.375 0.376471 0.5 0 0
2310 0.108017 0 2.375 0.372549 0.5 0 0
2320 0.107342 0 2.375 0.372549 0.5 0 0
2330 0.107342 0 2.375 0.368627 0.5 0 0
2340 0.10579 0 2.375 0.368627 0.5 0 0
2350 0.10579 0 2.375 0.368627 0.5 0 0
2360 0.104902 0 2.375 0.368627 0.5 0 0
2370 0.104902 0 2.375 0.368627 0.5 0 0
2380 0.10424 0 2.375 0.368627 0.5 0 0
2390 0.10424 0 2.375 0.368627 0.5 0 0
2400 0.103453 0 2.375 0.368627 0.5 0 0
2410 0.103453 0 2.375 0.368627 0.5 0 0
2420 0.102 0 2.375 0.368627 0.5 0 0
2430 0.102 0 2.375 0.368627 0.5 0 0
2440 0.10146 0 2.375 0.368627 0.5 0 0
2450 0.10146 0 2.375 0.368627 0.5 0 0
2460 0.101437 0 2.375 0.368627 0.5 0 0
2470 0.101437 0 2.375 0.368627 0.5 0 0
2480 0.101395 0 2.375 0.368627 0.5 0 0
2490 0.101395 0 2.375 0.368627 0.5 0 0
2500 0.101393 0 2.375 0.368627 0.5 0 0
2510 0.101393 0 2.375 0.368627 0.5 0 0
2520 0.101393 0 2.375 0.368627 0.5 0 0
2530 0.101393 0 2.375 0.368627 0.5 0 0
2540 0.101393 0 2.375 0.368627 0.5 0 0
2550 0.101393 0 2.375 0.368627 0.5 0 0
2560 0.101569 0 2.375 0.368627 0.5 0 0
2570 0.101569 0 2.375 0.368627 0.5 0 0
2580 0.102279 0 2.375 0.368627 0.5 0 0
2590 0.102279 0 2.375 0.368627 0.5 0 0
2600 0.102543 0 2.375 0.368627 0.5 0 0
2610 0.102543 0 2.375 0.368627 0.5 0 0
2620 0.102543 0 2.375 0.368627 0.5 0 0
2630 0.102543 0 2.375 0.368627 0.5 0 0
2640 0.102724 0 2.375 0.368627 0.5 0 0
2650 0.102724 0 2.375 0.368627 0.5 0 0
2660 0.103187 0 2.375 0.368627 0.5 0 0
2670 0.103187 0 2.375 0.368627 0.5 0 0
2680 0.103535 0 2.375 0.368627 0.5 0 0
2690 0.103535 0 2.375 0.368627 0.5 0 0
2700 0.103481 0 2.375 0.368627 0.5 0 0
2710 0.103481 0 2.375 0.368627 0.5 0 0
2720 0.104325 0 2.375 0.372549 0.5 0 0
2730 0.104325 0 2.375 0.368627 0.5 0 0
2740 0.104011 0 2.375 0.368627 0.5 0 0
2750 0.104011 0 2.375 0.368627 0.5 0 0
2760 0.103224 0 2.375 0.372549 0.5 0 0
2770 0.103224 0 2.375 0.372549 0.5 0 0
2780 0.102652 0 2.375 0.368627 0.5 0 0
2790 0.102652 0 2.375 0.368627 0.5 0 0
2800 0.102308 0 2.375 0.368627 0.5 0 0
2810 0.102308 0 2.375 0.364706 0.5 0 0
2820 0.101511 0 2.375 0.360784 0.5 0 0
2830 0.101511 0 2.375 0.356863 0.5 0 0
2840 0.100472 0 2.375 0.352941 0.5 0 0
2850 0.100472 0 2.375 0.352941 0.5 0 0
2860 0.100057 0 2.375 0.356863 0.5 0 0
2870 0.100057 0 2.375 0.356863 0.5 0 0
2880 0.100657 0 2.375 0.360784 0.5 0 0
2890 0.100657 0 2.375 0.364706 0.5 0 0
2900 0.101198 0 2.375 0.364706 0.5 0 0
2910 0.101198 0 2.375 0.364706 0.5 0 0
2920 0.100901 0 2.375 0.364706 0.5 0 0
2930 0.100901 0 2.375 0.360784 0.5 0 0
2940 0.0997791 0 2.375 0.356863 0.5 0 0
2950 0.0997791 0 2.375 0.352941 0.5 0 0
2960 0.0981651 0 2.375 0.34902 0.5 0 0
2970 0.0981651 0 2.375 0.34902 0.5 0 0
2980 0.0967621 0 2.375 0.34902 0.5 0 0
2990 0.0967621 0 2.375 0.34902 0.5 0 0
3000 0.0950916 0 2.375 0.34902 0.5 0 0
3010 0.0950916 0 2.375 0.34902 0.5 0 0
3020 0.0942341 0 2.375 0.34902 0.5 0 0
3030 0.0942341 0 2.375 0.34902 0.5 0 0
3040 0.0941157 0 2.375 0.352941 0.5 0 0
3050 0.0941157 0 2.375 0.34902 0.5 0 0
3060 0.0940651 0 2.375 0.352941 0.5 0 0
3070 0.0940651 0 2.375 0.34902 0.5 0 0
3080 0.0938506 0 2.375 0.34902 0.5 0 0
3090 0.0938506 0 2.375 0.352941 0.5 0 0
3100 0.0938351 0 2.375 0.34902 0.5 0 0
3110 0.0938351 0 2.375 0.34902 0.5 0 0
3120 0.0938102 0 2.375 0.34902 0.5 0 0
3130 0.0938102 0 2.375 0.34902 0.5 0 0
3140 0.0938102 0 2.375 0.352941 0.5 0 0
3150 0.0938102 0 2.375 0.34902 0.5 0 0
3160 0.0938102 0 2.375 0.34902 0.5 0 0
3170 0.0938102 0 2.375 0.352941 0.5 0 0
3180 0.0938102 0 2.375 0.34902 0.5 0 0
3190 0.0938102 0 2.375 0.34902 0.5 0 0
3200 0.0938042 0 2.375 0.34902 0.5 0 0
3210 0.0938042 0 2.375 0.34902 0.5 0 0
3220 0.0938041 0 2.375 0.34902 0.5 0 0
3230 0.0938041 0 2.375 0.34902 0.5 0 0
3240 0.0938041 0 2.375 0.352941 0.5 0 0
3250 0.0938041 0 2.375 0.34902 0.5 0 0
3260 0.0938041 0 2.375 0.34902 0.5 0 0
3270 0.0938041 0 2.375 0.34902 0.5 0 0
3280 0.0938041 0 2.375 0.34902 0.5 0 0
3290 0.0938041 0 2.375 0.34902 0.5 0 0
3300 0.0938041 0 2.375 0.34902 0.5 0 0
3310 0.0938041 0 2.375 0.34902 0.5 0 0
3320 0.0938041 0 2.375 0.34902 0.5 0 0
3330 0.0938041 0 2.375 0.34902 0.5 0 0
3340 0.0938041 0 2.375 0.352941 0.5 0 0
3350 0.0938041 0 2.375 0.34902 0.5 0 0
3360 0.0938041 0 2.375 0.34902 0.5 0 0
3370 0.0938041 0 2.375 0.34902 0.5 0 0
3380 0.0938041 0 2.375 0.34902 0.5 0 0
3390 0.0938041 0 2.375 0.352941 0.5 0 0
3400 0.0938503 0 2.375 0.34902 0.5 0 0
3410 0.0938503 0 2.375 0.352941 0.5 0 0
3420 0.0938503 0 2.375 0.34902 0.5 0 0
3430 0.0938503 0 2.375 0.34902 0.5 0 0
3440 0.0940046 0 2.375 0.352941 0.5 0 0
3450 0.0940046 0 2.375 0.352941 0.5 0 0
3460 0.0941609 0 2.375 0.34902 0.5 0 0
3470 0.0941609 0 2.375 0.34902 0.5 0 0
3480 0.0952758 0 2.375 0.34902 0.5 0 0
3490 0.0952758 0 2.375 0.34902 0.5 0 0
3500 0.095864 0 2.375 0.34902 0.5 0 0
3510 0.095864 0 2.375 0.352941 0.5 0 0
3520 0.09612 0 2.375 0.352941 0.5 0 0
3530 0.09612 0 2.375 0.352941 0.5 0 0
3540 0.096369 0 2.375 0.352941 0.5 0 0
3550 0.096369 0 2.375 0.352941 0.5 0 0
3560 0.0965459 0 2.375 0.352941 0.5 0 0
3570 0.0965459 0 2.375 0.352941 0.5 0 0
3580 0.0965494 0 2.375 0.352941 0.5 0 0
3590 0.0965494 0 2.375 0.352941 0.5 0 0
3600 0.0965242 0 2.375 0.352941 0.5 0 0
3610 0.0965242 0 2.375 0.352941 0.5 0 0
3620 0.0958226 0 2.375 0.34902 0.5 0 0
3630 0.0958226 0 2.375 0.345098 0.5 0 0
3640 0.0947408 0 2.375 0.341176 0.5 0 0
3650 0.0947408 0 2.375 0.337255 0.5 0 0
3660 0.0946192 0 2.375 0.345098 0.5 0 0
3670 0.0946192 0 2.375 0.345098 0.5 0 0
3680 0.0935328 0 2.375 0.345098 0.5 0 0
3690 0.0935328 0 2.375 0.345098 0.5 0 0
3700 0.0929668 0 2.375 0.34902 0.5 0 0
3710 0.0929668 0 2.375 0.34902 0.5 0 0
3720 0.0931827 0 2.375 0.345098 0.5 0 0
3730 0.0931827 0 2.375 0.34902 0.5 0 0
3740 0.0931523 0 2.375 0.345098 0.5 0 0
3750 0.0931523 0 2.375 0.345098 0.5 0 0
3760 0.0927964 0 2.375 0.341176 0.5 0 0
3770 0.0927964 0 2.375 0.337255 0.5 0 0
3780 0.0919634 0 2.375 0.333333 0.5 0 0
3790 0.0919634 0 2.375 0.337255 0.5 0 0
3800 0.0914254 0 2.375 0.337255 0.5 0 0
3810 0.0914254 0 2.375 0.341176 0.5 0 0
3820 0.0907132 0 2.375 0.341176 0.5 0 0
3830 0.0907132 0 2.375 0.341176 0.5 0 0
3840 0.0894105 0 2.375 0.337255 0.5 0 0
3850 0.0894105 0 2.375 0.345098 0.5 0 0
3860 0.0883197 0 2.375 0.341176 0.5 0 0
3870 0.0883197 0 2.375 0.333333 0.5 0 0
3880 0.0862056 0 2.375 0.337255 0.5 0 0
3890 0.0862056 0 2.375 0.345098 0.5 0 0
3900 0.0846807 0 2.375 0.333333 0.5 0 0
3910 0.0846807 0 2.375 0.341176 0.5 0 0
3920 0.0843834 0 2.375 0.34902 0.5 0 0
3930 0.0843834 0 2.375 0.34902 0.5 0 0
3940 0.0843834 0 2.375 0.34902 0.5 0 0
3950 0.0843834 0 2.375 0.341176 0.5 0 0
3960 0.0852469 0 2.375 0.34902 0.5 0 0
3970 0.0852469 0 2.375 0.341176 0.5 0 0
3980 0.0862651 0 2.375 0.337255 0.5 0 0
3990 0.0862651 0 2.375 0.337255 0.5 0 0
4000 0.0868514 0 2.375 0.341176 0.5 0 0
4010 0.0868514 0 2.375 0.337255 0.5 0 0
4020 0.0874156 0 2.375 0.341176 0.5 0 0
4030 0.0874156 0 2.375 0.337255 0.5 0 0
4040 0.0889232 0 2.375 0.333333 0.5 0 0
4050 0.0889232 0 2.375 0.337255 0.5 0 0
4060 0.0896649 0 2.375 0.341176 0.5 0 0
4070 0.0896649 0 2.375 0.341176 0.5 0 0
4080 0.0900087 0 2.375 0.341176 0.5 0 0
4090 0.0900087 0 2.375 0.341176 0.5 0 0
4100 0.0909552 0 2.375 0.341176 0.5 0 0
4110 0.0909552 0 2.375 0.341176 0.5 0 0
4120 0.0910893 0 2.375 0.341176 0.5 0 0
4130 0.0910893 0 2.375 0.341176 0.5 0 0
4140 0.091479 0 2.375 0.341176 0.5 0 0
4150 0.091479 0 2.375 0.337255 0.5 0 0
4160 0.0908692 0 2.375 0.329412 0.5 0 0
4170 0.0908692 0 2.375 0.333333 0.5 0 0
4180 0.0901182 0 2.375 0.329412 0.5 0 0
4190 0.0901182 0 2.375 0.333333 0.5 0 0
4200 0.0904284 0 2.375 0.333333 0.5 0 0
4210 0.0904284 0 2.375 0.333333 0.5 0 0
4220 0.0909591 0 2.375 0.341176 0.5 0 0
4230 0.0909591 0 2.375 0.337255 0.5 0 0
4240 0.0904855 0 2.375 0.341176 0.5 0 0
4250 0.0904855 0 2.375 0.337255 0.5 0 0
4260 0.0894055 0 2.375 0.333333 0.5 0 0
4270 0.0894055 0 2.375 0.333333 0.5 0 0
4280 0.0880291 0 2.375 0.333333 0.5 0 0
4290 0.0880291 0 2.375 0.337255 0.5 0 0
4300 0.0859809 0 2.375 0.34902 0.5 0 0
4310 0.0859809 0 2.375 0.384314 0.5 0 0
4320 0.0853278 0 2.375 0.392157 0.5 0 0
4330 0.0853278 0 2.375 0.419608 0.5 0 0
4340 0.0850033 0 2.375 0.345098 0.5 0 0
4350 0.0850033 0 2.375 0.329412 0.5 0 0
4360 0.0840674 0 2.375 0.329412 0.5 0 0
4370 0.0840674 0 2.375 0.329412 0.5 0 0
4380 0.0836497 0 2.375 0.333333 0.5 0 0
4390 0.0836497 0 2.375 0.329412 0.5 0 0
4400 0.0840278 0 2.375 0.321569 0.5 0 0
4410 0.0840278 0 2.375 0.32549 0.5 0 0
4420 0.0842328 0 2.375 0.32549 0.5 0 0
4430 0.0842328 0 2.375 0.321569 0.5 0 0
4440 0.0834509 0 2.375 0.321569 0.5 0 0
4450 0.0834509 0 2.375 0.329412 0.5 0 0
4460 0.0819632 0 2.375 0.32549 0.5 0 0
4470 0.0819632 0 2.375 0.329412 0.5 0 0
4480 0.0809348 0 2.375 0.329412 0.5 0 0
4490 0.0809348 0 2.375 0.329412 0.5 0 0
4500 0.0806247 0 2.375 0.32549 0.5 0 0
4510 0.0806247 0 2.375 0.329412 0.5 0 0
4520 0.0806246 0 2.375 0.329412 0.5 0 0
4530 0.0806246 0 2.375 0.333333 0.5 0 0
4540 0.080614 0 2.375 0.333333 0.5 0 0
4550 0.080614 0 2.375 0.329412 0.5 0 0
4560 0.0805673 0 2.375 0.329412 0.5 0 0
4570 0.0805673 0 2.375 0.329412 0.5 0 0
4580 0.0805673 0 2.375 0.329412 0.5 0 0
4590 0.0805673 0 2.375 0.333333 0.5 0 0
4600 0.0805673 0 2.375 0.329412 0.5 0 0
4610 0.0805673 0 2.375 0.329412 0.5 0 0
4620 0.0805673 0 2.375 0.333333 0.5 0 0
4630 0.0805673 0 2.375 0.333333 0.5 0 0
4640 0.0805673 0 2.375 0.329412 0.5 0 0
4650 0.0805673 0 2.375 0.329412 0.5 0 0
4660 0.0805673 0 2.375 0.32549 0.5 0 0
4670 0.0805673 0 2.375 0.333333 0.5 0 0
4680 0.0805673 0 2.375 0.329412 0.5 0 0
4690 0.0805673 0 2.375 0.329412 0.5 0 0
4700 0.0805673 0 2.375 0.329412 0.5 0 0
4710 0.0805673 0 2.375 0.333333 0.5 0 0
4720 0.0805673 0 2.375 0.333333 0.5 0 0
4730 0.0805673 0 2.375 0.329412 0.5 0 0
4740 0.0805673 0 2.375 0.329412 0.5 0 0
4750 0.0805673 0 2.375 0.333333 0.5 0 0
4760 0.081104 0 2.375 0.333333 0.5 0 0
4770 0.081104 0 2.375 0.333333 0.5 0 0
4780 0.0818518 0 2.375 0.333333 0.5 0 0
4790 0.0818518 0 2.375 0.329412 0.5 0 0
4800 0.0833189 0 2.375 0.329412 0.5 0 0
4810 0.0833189 0 2.375 0.329412 0.5 0 0
4820 0.0844271 0 2.375 0.329412 0.5 0 0
4830 0.0844271 0 2.375 0.32549 0.5 0 0
4840 0.0851616 0 2.375 0.32549 0.5 0 0
4850 0.0851616 0 2.375 0.32549 0.5 0 0
4860 0.0859998 0 2.375 0.32549 0.5 0 0
4870 0.0859998 0 2.375 0.333333 0.5 0 0
4880 0.0867393 0 2.375 0.333333 0.5 0 0
4890 0.0867393 0 2.375 0.337255 0.5 0 0
4900 0.0867997 0 2.375 0.337255 0.5 0 0
4910 0.0867997 0 2.375 0.333333 0.5 0 0
4920 0.0868044 0 2.375 0.337255 0.5 0 0
4930 0.0868044 0 2.375 0.333333 0.5 0 0
4940 0.0869887 0 2.375 0.333333 0.5 0 0
4950 0.0869887 0 2.375 0.337255 0.5 0 0
4960 0.0870098 0 2.375 0.337255 0.5 0 0
4970 0.0870098 0 2.375 0.329412 0.5 0 0
4980 0.0859788 0 2.375 0.32549 0.5 0 0
4990 0.0859788 0 2.375 0.32549 0.5 0 0
5000 0.0850533 0 2.375 0.32549 0.5 0 0
5010 0.0850533 0 2.375 0.32549 0.5 0 0
5020 0.0843811 0 2.375 0.321569 0.5 0 0
5030 0.0843811 0 2.375 0.32549 0.5 0 0
5040 0.0845143 0 2.375 0.32549 0.5 0 0
5050 0.0845143 0 2.375 0.329412 0.5 0 0
5060 0.0843288 0 2.375 0.32549 0.5 0 0
5070 0.0843288 0 2.375 0.329412 0.5 0 0
5080 0.0837505 0 2.375 0.32549 0.5 0 0
5090 0.0837505 0 2.375 0.32549 0.5 0 0
5100 0.0823814 0 2.375 0.32549 0.5 0 0
5110 0.0823814 0 2.375 0.333333 0.5 0 0
5120 0.0831694 0 2.375 0.341176 0.5 0 0
5130 0.0831694 0 2.375 0.352941 0.5 0 0
5140 0.0829912 0 2.375 0.360784 0.5 0 0
5150 0.0829912 0 2.375 0.364706 0.5 0 0
5160 0.0829179 0 2.375 0.356863 0.5 0 0
5170 0.0829179 0 2.375 0.356863 0.5 0 0
5180 0.0822228 0 2.375 0.364706 0.5 0 0
5190 0.0822228 0 2.375 0.345098 0.5 0 0
5200 0.0806297 0 2.375 0.317647 0.5 0 0
5210 0.0806297 0 2.375 0.309804 0.5 0 0
5220 0.0793393 0 2.375 0.313725 0.5 0 0
5230 0.0793393 0 2.375 0.309804 0.5 0 0
5240 0.0785383 0 2.375 0.313725 0.5 0 0
5250 0.0785383 0 2.375 0.313725 0.5 0 0
5260 0.0781348 0.25 2.625 0.313725 0.5 0 0
5270 0.0781348 0.25 2.625 0.317647 0.5 0 0
5280 0.0779716 0.25 2.875 0.313725 0.5 0 0
5290 0.0779716 0.25 2.875 0.317647 0.5 0 0
5300 0.0775578 0.25 3.125 0.313725 0.5 0 0
5310 0.0775578 0.25 3.125 0.313725 0.5 0 0
5320 0.0772426 0.25 3.375 0.313725 0.5 0 0
5330 0.0772426 0.25 3.375 0.317647 0.5 0 0
5340 0.0773683 0.25 3.625 0.317647 0.5 0 0
5350 0.0773683 0.25 3.625 0.317647 0.5 0 0
5360 0.0787902 0.25 3.875 0.309804 0.5 0 0
5370 0.0787902 0.25 3.875 0.313725 0.5 0 0
5380 0.080869 0.25 4.125 0.313725 0.5 0 0
5390 0.080869 0.25 4.125 0.32549 0.5 0 0
5400 0.0813433 0.25 4.375 0.32549 0.5 0 0
5410 0.0813433 0.25 4.375 0.317647 0.5 0 0
5420 0.0813469 0.25 4.625 0.32549 0.5 0 0
5430 0.0813469 0.25 4.625 0.329412 0.5 0 0
5440 0.0813502 0.25 4.875 0.32549 0.5 0 0
5450 0.0813502 0.25 4.875 0.317647 0.5 0 0
5460 0.0813849 0.25 5.125 0.32549 0.5 0 0
5470 0.0813849 0.25 5.125 0.32549 0.5 0 0
5480 0.0813883 0.25 5.375 0.321569 0.5 0 0
5490 0.0813883 0.25 5.375 0.32549 0.5 0 0
5500 0.0813939 0 5.375 0.32549 0.5 0 0
5510 0.0813939 0 5.375 0.317647 0.5 0 0
5520 0.0808402 0 5.375 0.32549 0.5 0 0
5530 0.0808402 0 5.375 0.32549 0.5 0 0
5540 0.0805155 0 5.375 0.333333 0.5 0 0
5550 0.0805155 0 5.375 0.32549 0.5 0 0
5560 0.0806513 0 5.375 0.329412 0.5 0 0
5570 0.0806513 0 5.375 0.32549 0.5 0 0
5580 0.0805885 0 5.375 0.333333 0.5 0 0
5590 0.0805885 0 5.375 0.321569 0.5 0 0
5600 0.0797238 0 5.375 0.309804 0.5 0 0
5610 0.0797238 0 5.375 0.309804 0.5 0 0
5620 0.0781819 0 5.375 0.309804 0.5 0 0
5630 0.0781819 0 5.375 0.305882 0.5 0 0
5640 0.0765119 0 5.375 0.301961 0.5 0 0
5650 0.0765119 0 5.375 0.305882 0.5 0 0
5660 0.0750078 0.25 5.625 0.301961 0.5 0 0
5670 0.0750078 0.25 5.625 0.301961 0.5 0 0
5680 0.074151 0.25 5.875 0.298039 0.5 0 0
5690 0.074151 0.25 5.875 0.301961 0.5 0 0
5700 0.0734397 0.25 6.125 0.301961 0.5 0 0
5710 0.0734397 0.25 6.125 0.305882 0.5 0 0
5720 0.0730094 0.25 6.375 0.305882 0.5 0 0
5730 0.0730094 0.25 6.375 0.305882 0.5 0 0
5740 0.0726922 0.25 6.625 0.305882 0.5 0 0
5750 0.0726922 0.25 6.625 0.305882 0.5 0 0
5760 0.0724744 0.25 6.875 0.305882 0.5 0 0
5770 0.0724744 0.25 6.875 0.305882 0.5 0 0
5780 0.0729065 0.25 7.125 0.305882 0.5 0 0
5790 0.0729065 0.25 7.125 0.305882 0.5 0 0
5800 0.0727806 0.5 7.625 0.301961 0.5 0 0
5810 0.0727806 0.5 7.625 0.301961 0.5 0 0
5820 0.0725719 0.5 8.125 0.301961 0.5 0 0
5830 0.0725719 0.5 8.125 0.301961 0.5 0 0
5840 0.0723639 0.5 8.625 0.301961 0.5 0 0
5850 0.0723639 0.5 8.625 0.301961 0.5 0 0
5860 0.0718155 0.25 8.875 0.305882 0.5 0 0
5870 0.0718155 0.25 8.875 0.309804 0.5 0 0
5880 0.0714627 0.25 9.125 0.313725 0.5 0 0
5890 0.0714627 0.25 9.125 0.309804 0.5 0 0
5900 0.0715204 0.25 9.375 0.309804 0.5 0 0
5910 0.0715204 0.25 9.375 0.309804 0.5 0 0
5920 0.0715956 0.25 9.625 0.309804 0.5 0 0
5930 0.0715956 0.25 9.625 0.305882 0.5 0 0
5940 0.0715752 0.25 9.875 0.305882 0.5 0 0
5950 0.0715752 0.25 9.875 0.305882 0.5 0 0
5960 0.0716535 0.25 10.125 0.305882 0.5 0 0
5970 0.0716535 0.25 10.125 0.298039 0.5 0 0
5980 0.0724897 0 10.125 0.298039 0.5 0 0
5990 0.0724897 0 10.125 0.294118 0.5 0 0
6000 0.0723975 0 10.125 0.294118 0.5 0 0
6010 0.0723975 0 10.125 0.301961 0.5 0 0
6020 0.0719555 0 10.125 0.305882 0.5 0 0
6030 0.0719555 0 10.125 0.301961 0.5 0 0
6040 0.0716413 0 10.125 0.305882 0.5 0 0
6050 0.0716413 0 10.125 0.305882 0.5 0 0
6060 0.0713943 0 10.125 0.305882 0.5 0 0
6070 0.0713943 0 10.125 0.301961 0.5 0 0
6080 0.0708114 0 10.125 0.298039 0.5 0 0
6090 0.0708114 0 10.125 0.290196 0.5 0 0
6100 0.0702448 0 10.125 0.290196 0.5 0 0
6110 0.0702448 0 10.125 0.286275 0.5 0 0
6120 0.0701489 0 10.125 0.305882 0.5 0 0
6130 0.0701489 0 10.125 0.321569 0.5 0 0
6140 0.0702646 0 10.125 0.321569 0.5 0 0
6150 0.0702646 0 10.125 0.309804 0.5 0 0
6160 0.0702646 0 10.125 0.321569 0.5 0 0
6170 0.0702646 0 10.125 0.298039 0.5 0 0
6180 0.0691504 0 10.125 0.298039 0.5 0 0
6190 0.0691504 0 10.125 0.286275 0.5 0 0
6200 0.0674465 0 10.125 0.290196 0.5 0 0
6210 0.0674465 0 10.125 0.301961 0.5 0 0
6220 0.0668701 0 10.125 0.313725 0.5 0 0
6230 0.0668701 0 10.125 0.329412 0.5 0 0
6240 0.0668024 0 10.125 0.305882 0.5 0 0
6250 0.0668024 0 10.125 0.294118 0.5 0 0
6260 0.0667015 0 10.125 0.298039 0.5 0 0
6270 0.0667015 0 10.125 0.282353 0.5 0 0
6280 0.0681953 0 10.125 0.286275 0.5 0 0
6290 0.0681953 0 10.125 0.298039 0.5 0 0
6300 0.0680519 0 10.125 0.301961 0.5 0 0
6310 0.0680519 0 10.125 0.298039 0.5 0 0
6320 0.0684387 0 10.125 0.305882 0.5 0 0
6330 0.0684387 0 10.125 0.298039 0.5 0 0
6340 0.0682234 0 10.125 0.309804 0.5 0 0
6350 0.0682234 0 10.125 0.294118 0.5 0 0
6360 0.0668943 0 10.125 0.290196 0.5 0 0
6370 0.0668943 0 10.125 0.294118 0.5 0 0
6380 0.0662683 0 10.125 0.290196 0.5 0 0
6390 0.0662683 0 10.125 0.290196 0.5 0 0
6400 0.0658758 0 10.125 0.282353 0.5 0 0
6410 0.0658758 0 10.125 0.286275 0.5 0 0
6420 0.0659918 0 10.125 0.294118 0.5 0 0
6430 0.0659918 0 10.125 0.298039 0.5 0 0
6440 0.0658413 0 10.125 0.301961 0.5 0 0
6450 0.0658413 0 10.125 0.298039 0.5 0 0
6460 0.0654874 0 10.125 0.298039 0.5 0 0
6470 0.0654874 0 10.125 0.290196 0.5 0 0
6480 0.0646439 0 10.125 0.286275 0.5 0 0
6490 0.0646439 0 10.125 0.278431 0.5 0 0
6500 0.0636036 0 10.125 0.27451 0.5 0 0
6510 0.0636036 0 10.125 0.270588 0.5 0 0
6520 0.0624373 0 10.125 0.27451 0.5 0 0
6530 0.0624373 0 10.125 0.270588 0.5 0 0
6540 0.0618081 0 10.125 0.270588 0.5 0 0
6550 0.0618081 0 10.125 0.270588 0.5 0 0
6560 0.0610411 0 10.125 0.270588 0.5 0 0
6570 0.0610411 0 10.125 0.270588 0.5 0 0
6580 0.0609588 0 10.125 0.270588 0.5 0 0
6590 0.0609588 0 10.125 0.270588 0.5 0 0
6600 0.0610319 0 10.125 0.27451 0.5 0 0
6610 0.0610319 0 10.125 0.270588 0.5 0 0
6620 0.0615319 0 10.125 0.27451 0.5 0 0
6630 0.0615319 0 10.125 0.270588 0.5 0 0
6640 0.0620501 0 10.125 0.270588 0.5 0 0
6650 0.0620501 0 10.125 0.27451 0.5 0 0
6660 0.0628584 0 10.125 0.27451 0.5 0 0
6670 0.0628584 0 10.125 0.27451 0.5 0 0
6680 0.063559 0 10.125 0.270588 0.5 0 0
6690 0.063559 0 10.125 0.27451 0.5 0 0
6700 0.0638392 0 10.125 0.27451 0.5 0 0
6710 0.0638392 0 10.125 0.278431 0.5 0 0
6720 0.063938 0 10.125 0.278431 0.5 0 0
6730 0.063938 0 10.125 0.282353 0.5 0 0
6740 0.0638828 0 10.125 0.278431 0.5 0 0
6750 0.0638828 0 10.125 0.278431 0.5 0 0
6760 0.0635208 0 10.125 0.290196 0.5 0 0
6770 0.0635208 0 10.125 0.294118 0.5 0 0
6780 0.0630578 0 10.125 0.294118 0.5 0 0
6790 0.0630578 0 10.125 0.294118 0.5 0 0
6800 0.0625157 0 10.125 0.298039 0.5 0 0
6810 0.0625157 0 10.125 0.286275 0.5 0 0
6820 0.0614818 0 10.125 0.258824 0.5 0 0
6830 0.0614818 0 10.125 0.258824 0.5 0 0
6840 0.060653 0 10.125 0.258824 0.5 0 0
6850 0.060653 0 10.125 0.258824 0.5 0 0
6860 0.0604406 0 10.125 0.258824 0.5 0 0
6870 0.0604406 0 10.125 0.262745 0.5 0 0
6880 0.0604381 0 10.125 0.262745 0.5 0 0
6890 0.0604381 0 10.125 0.258824 0.5 0 0
6900 0.0589824 0 10.125 0.27451 0.5 0 0
6910 0.0589824 0 10.125 0.286275 0.5 0 0
6920 0.0586784 0 10.125 0.290196 0.5 0 0
6930 0.0586784 0 10.125 0.290196 0.5 0 0
6940 0.0587066 0 10.125 0.294118 0.5 0 0
6950 0.0587066 0 10.125 0.294118 0.5 0 0
6960 0.0587249 0 10.125 0.294118 0.5 0 0
6970 0.0587249 0 10.125 0.262745 0.5 0 0
6980 0.0599517 0 10.125 0.254902 0.5 0 0
6990 0.0599517 0 10.125 0.262745 0.5 0 0
7000 0.0606673 0 10.125 0.278431 0.5 0 0
7010 0.0606673 0 10.125 0.282353 0.5 0 0
7020 0.0608758 0 10.125 0.282353 0.5 0 0
7030 0.0608758 0 10.125 0.282353 0.5 0 0
7040 0.060878 0 10.125 0.282353 0.5 0 0
7050 0.060878 0 10.125 0.282353 0.5 0 0
7060 0.0609895 0 10.125 0.282353 0.5 0 0
7070 0.0609895 0 10.125 0.282353 0.5 0 0
7080 0.0610103 0 10.125 0.286275 0.5 0 0
7090 0.0610103 0 10.125 0.282353 0.5 0 0
7100 0.0608868 0 10.125 0.286275 0.5 0 0
7110 0.0608868 0 10.125 0.282353 0.5 0 0
7120 0.0608804 0 10.125 0.282353 0.5 0 0
7130 0.0608804 0 10.125 0.278431 0.5 0 0
7140 0.0604589 0 10.125 0.270588 0.5 0 0
7150 0.0604589 0 10.125 0.262745 0.5 0 0
7160 0.0589656 0 10.125 0.258824 0.5 0 0
7170 0.0589656 0 10.125 0.270588 0.5 0 0
7180 0.058502 0 10.125 0.27451 0.5 0 0
7190 0.058502 0 10.125 0.278431 0.5 0 0
7200 0.0585078 0 10.125 0.27451 0.5 0 0
7210 0.0585078 0 10.125 0.270588 0.5 0 0
7220 0.0587464 0 10.125 0.270588 0.5 0 0
7230 0.0587464 0 10.125 0.270588 0.5 0 0
7240 0.0592384 0 10.125 0.262745 0.5 0 0
7250 0.0592384 0 10.125 0.262745 0.5 0 0
7260 0.0591884 0 10.125 0.266667 0.5 0 0
7270 0.0591884 0 10.125 0.266667 0.5 0 0
7280 0.0590541 0 10.125 0.270588 0.5 0 0
7290 0.0590541 0 10.125 0.270588 0.5 0 0
7300 0.0590932 0 10.125 0.27451 0.5 0 0
7310 0.0590932 0 10.125 0.27451 0.5 0 0
7320 0.0589663 0 10.125 0.27451 0.5 0 0
7330 0.0589663 0 10.125 0.266667 0.5 0 0
7340 0.0587692 0 10.125 0.262745 0.5 0 0
7350 0.0587692 0 10.125 0.258824 0.5 0 0
7360 0.0579192 0 10.125 0.25098 0.5 0 0
7370 0.0579192 0 10.125 0.243137 0.5 0 0
7380 0.056865 0 10.125 0.247059 0.5 0 0
7390 0.056865 0 10.125 0.239216 0.5 0 0
7400 0.0566033 0 10.125 0.239216 0.5 0 0
7410 0.0566033 0 10.125 0.243137 0.5 0 0
7420 0.0565522 0 10.125 0.239216 0.5 0 0
7430 0.0565522 0 10.125 0.235294 0.5 0 0
7440 0.0556699 0 10.125 0.223529 0.5 0 0
7450 0.0556699 0 10.125 0.219608 0.5 0 0
7460 0.0544972 0.25 10.375 0.219608 0.5 0 0
7470 0.0544972 0.25 10.375 0.215686 0.5 0 0
7480 0.0535175 0.25 10.625 0.219608 0.5 0 0
7490 0.0535175 0.25 10.625 0.215686 0.5 0 0
7500 0.0528287 0.25 10.875 0.215686 0.5 0 0
7510 0.0528287 0.25 10.875 0.219608 0.5 0 0
7520 0.052321 0.25 11.125 0.219608 0.5 0 0
7530 0.052321 0.25 11.125 0.219608 0.5 0 0
7540 0.0522376 0.25 11.375 0.219608 0.5 0 0
7550 0.0522376 0.25 11.375 0.219608 0.5 0 0
7560 0.0518679 0.375 11.75 0.219608 0.5 0 0
7570 0.0518679 0.375 11.75 0.219608 0.5 0 0
7580 0.0517809 0.375 12.125 0.223529 0.5 0 0
7590 0.0517809 0.375 12.125 0.219608 0.5 0 0
7600 0.051702 0.375 12.5 0.223529 0.5 0 0
7610 0.051702 0.375 12.5 0.223529 0.5 0 0
7620 0.0516031 0.375 12.875 0.223529 0.5 0 0
7630 0.0516031 0.375 12.875 0.215686 0.5 0 0
7640 0.0515599 0.375 13.25 0.215686 0.5 0 0
7650 0.0515599 0.375 13.25 0.211765 0.5 0 0
7660 0.0515863 0.375 13.625 0.211765 0.5 0 0
7670 0.0515863 0.375 13.625 0.207843 0.5 0 0
7680 0.0504939 0.25 13.875 0.211765 0.5 0 0
7690 0.0504939 0.25 13.875 0.211765 0.5 0 0
7700 0.0495824 0.25 14.125 0.207843 0.5 0 0
7710 0.0495824 0.25 14.125 0.211765 0.5 0 0
7720 0.0493468 0.25 14.375 0.207843 0.5 0 0
7730 0.0493468 0.25 14.375 0.203922 0.5 0 0
7740 0.0492253 0.25 14.625 0.207843 0.5 0 0
7750 0.0492253 0.25 14.625 0.207843 0.5 0 0
7760 0.0491017 0.25 14.875 0.203922 0.5 0 0
7770 0.0491017 0.25 14.875 0.203922 0.5 0 0
7780 0.0487159 0 14.875 0.196078 0.5 0 0
7790 0.0487159 0 14.875 0.196078 0.5 0 0
7800 0.0477993 0 14.875 0.188235 0.5 0 0
7810 0.0477993 0 14.875 0.192157 0.5 0 0
7820 0.046699 0 14.875 0.2 0.5 0 0
7830 0.046699 0 14.875 0.2 0.5 0 0
7840 0.0463981 0 14.875 0.196078 0.5 0 0
7850 0.0463981 0 14.875 0.196078 0.5 0 0
7860 0.0460906 0 14.875 0.184314 0.5 0 0
7870 0.0460906 0 14.875 0.180392 0.5 0 0
7880 0.0448485 0 14.875 0.180392 0.5 0 0
7890 0.0448485 0 14.875 0.180392 0.5 0 0
7900 0.0444281 0 14.875 0.180392 0.5 0 0
7910 0.0444281 0 14.875 0.176471 0.5 0 0
7920 0.0441508 0 14.875 0.168627 0.5 0 0
7930 0.0441508 0 14.875 0.168627 0.5 0 0
7940 0.0431642 0 14.875 0.164706 0.5 0 0
7950 0.0431642 0 14.875 0.172549 0.5 0 0
7960 0.0421081 0 14.875 0.172549 0.5 0 0
7970 0.0421081 0 14.875 0.172549 0.5 0 0
7980 0.0417367 0 14.875 0.172549 0.5 0 0
7990 0.0417367 0 14.875 0.172549 0.5 0 0
8000 0.0412779 0 14.875 0.168627 0.5 0 0
8010 0.0412779 0 14.875 0.164706 0.5 0 0
8020 0.0403032 0 14.875 0.152941 0.5 0 0
8030 0.0403032 0 14.875 0.152941 0.5 0 0
8040 0.0392305 0 14.875 0.152941 0.5 0 0
8050 0.0392305 0 14.875 0.160784 0.5 0 0
8060 0.037524 0 14.875 0.156863 0.5 0 0
8070 0.037524 0 14.875 0.14902 0.5 0 0
8080 0.0375084 0 14.875 0.14902 0.5 0 0
8090 0.0375084 0 14.875 0.145098 0.5 0 0
8100 0.0372106 0 14.875 0.156863 0.5 0 0
8110 0.0372106 0 14.875 0.14902 0.5 0 0
8120 0.0366161 0 14.875 0.145098 0.5 0 0
8130 0.0366161 0 14.875 0.141176 0.5 0 0
8140 0.0361252 0 14.875 0.137255 0.5 0 0
8150 0.0361252 0 14.875 0.137255 0.5 0 0
8160 0.0350774 0 14.875 0.133333 0.5 0 0
8170 0.0350774 0 14.875 0.137255 0.5 0 0
8180 0.0337028 0 14.875 0.141176 0.5 0 0
8190 0.0337028 0 14.875 0.141176 0.5 0 0
8200 0.0331608 0 14.875 0.145098 0.5 0 0
8210 0.0331608 0 14.875 0.145098 0.5 0 0
8220 0.0330033 0 14.875 0.141176 0.5 0 0
8230 0.0330033 0 14.875 0.141176 0.5 0 0
8240 0.032497 0 14.875 0.133333 0.5 0 0
8250 0.032497 0 14.875 0.129412 0.5 0 0
8260 0.0317746 0 14.875 0.121569 0.5 0 0
8270 0.0317746 0 14.875 0.121569 0.5 0 0
8280 0.0299234 0 14.875 0.117647 0.5 0 0
8290 0.0299234 0 14.875 0.121569 0.5 0 0
8300 0.0286116 0 14.875 0.121569 0.5 0 0
8310 0.0286116 0 14.875 0.117647 0.5 0 0
8320 0.0279614 0 14.875 0.117647 0.5 0 0
8330 0.0279614 0 14.875 0.113725 0.5 0 0
8340 0.0270141 0 14.875 0.109804 0.5 0 0
8350 0.0270141 0 14.875 0.113725 0.5 0 0
8360 0.0263282 0 14.875 0.113725 0.5 0 0
8370 0.0263282 0 14.875 0.113725 0.5 0 0
8380 0.025616 0 14.875 0.109804 0.5 0 0
8390 0.025616 0 14.875 0.109804 0.5 0 0
8400 0.0249825 0 14.875 0.105882 0.5 0 0
8410 0.0249825 0 14.875 0.101961 0.5 0 0
8420 0.024118 0 14.875 0.101961 0.5 0 0
8430 0.024118 0 14.875 0.105882 0.5 0 0
8440 0.023208 0 14.875 0.105882 0.5 0 0
8450 0.023208 0 14.875 0.105882 0.5 0 0
8460 0.0228706 0 14.875 0.109804 0.5 0 0
8470 0.0228706 0 14.875 0.109804 0.5 0 0
8480 0.0227118 0 14.875 0.105882 0.5 0 0
8490 0.0227118 0 14.875 0.0980392 0.5 0 0
8500 0.0219129 0 14.875 0.0980392 0.5 0 0
8510 0.0219129 0 14.875 0.0980392 0.5 0 0
8520 0.0212834 0 14.875 0.0980392 0.5 0 0
8530 0.0212834 0 14.875 0.0980392 0.5 0 0
8540 0.02107 0 14.875 0.0980392 0.5 0 0
8550 0.02107 0 14.875 0.0980392 0.5 0 0
8560 0.0208564 0 14.875 0.101961 0.5 0 0
8570 0.0208564 0 14.875 0.101961 0.5 0 0
8580 0.0210278 0 14.875 0.101961 0.5 0 0
8590 0.0210278 0 14.875 0.101961 0.5 0 0
8600 0.021058 0 14.875 0.101961 0.5 0 0
8610 0.021058 0 14.875 0.101961 0.5 0 0
8620 0.0210948 0 14.875 0.101961 0.5 0 0
8630 0.0210948 0 14.875 0.101961 0.5 0 0
8640 0.0211326 0 14.875 0.105882 0.5 0 0
8650 0.0211326 0 14.875 0.105882 0.5 0 0
8660 0.0210516 0 14.875 0.101961 0.5 0 0
8670 0.0210516 0 14.875 0.101961 0.5 0 0
8680 0.0206328 0 14.875 0.0980392 0.5 0 0
8690 0.0206328 0 14.875 0.0941176 0.5 0 0
8700 0.0200208 0 14.875 0.0941176 0.5 0 0
8710 0.0200208 0 14.875 0.0941176 0.5 0 0
8720 0.0195881 0 14.875 0.0941176 0.5 0 0
8730 0.0195881 0 14.875 0.0941176 0.5 0 0
8740 0.0195061 0 14.875 0.0980392 0.5 0 0
8750 0.0195061 0 14.875 0.0980392 0.5 0 0
8760 0.019392 0 14.875 0.0941176 0.5 0 0
8770 0.019392 0 14.875 0.0901961 0.5 0 0
8780 0.0187974 0 14.875 0.0901961 0.5 0 0
8790 0.0187974 0 14.875 0.0901961 0.5 0 0
8800 0.0183225 0 14.875 0.0901961 0.5 0 0
8810 0.0183225 0 14.875 0.0901961 0.5 0 0
8820 0.0179326 0 14.875 0.0941176 0.5 0 0
8830 0.0179326 0 14.875 0.0901961 0.5 0 0
8840 0.0175755 0 14.875 0.0862745 0.5 0 0
8850 0.0175755 0 14.875 0.0823529 0.5 0 0
8860 0.0169598 0 14.875 0.0823529 0.5 0 0
8870 0.0169598 0 14.875 0.0823529 0.5 0 0
8880 0.0159015 0 14.875 0.0862745 0.5 0 0
8890 0.0159015 0 14.875 0.0862745 0.5 0 0
8900 0.0154143 0 14.875 0.0862745 0.5 0 0
8910 0.0154143 0 14.875 0.0862745 0.5 0 0
8920 0.0153214 0 14.875 0.0862745 0.5 0 0
8930 0.0153214 0 14.875 0.0823529 0.5 0 0
8940 0.0149931 0 14.875 0.0823529 0.5 0 0
8950 0.0149931 0 14.875 0.0823529 0.5 0 0
8960 0.0146819 0 14.875 0.0823529 0.5 0 0
8970 0.0146819 0 14.875 0.0784314 0.5 0 0
8980 0.0143375 0 14.875 0.0784314 0.5 0 0
8990 0.0143375 0 14.875 0.0784314 0.5 0 0
9000 0.0139009 0 14.875 0.0745098 0.5 0 0
9010 0.0139009 0 14.875 0.0745098 0.5 0 0
9020 0.013212 0 14.875 0.0745098 0.5 0 0
9030 0.013212 0 14.875 0.0745098 0.5 0 0
9040 0.0123035 0 14.875 0.0705882 0.5 0 0
9050 0.0123035 0 14.875 0.0705882 0.5 0 0
9060 0.0118394 0 14.875 0.0705882 0.5 0 0
9070 0.0118394 0 14.875 0.0705882 0.5 0 0
9080 0.0110445 0 14.875 0.0705882 0.5 0 0
9090 0.0110445 0 14.875 0.0705882 0.5 0 0
9100 0.0103757 0 14.875 0.0666667 0.5 0 0
9110 0.0103757 0 14.875 0.0666667 0.5 0 0
9120 0.00981741 0 14.875 0.0666667 0.5 0 0
9130 0.00981741 0 14.875 0.0666667 0.5 0 0
9140 0.00915862 0 14.875 0.0627451 0.5 0 0
9150 0.00915862 0 14.875 0.0627451 0.5 0 0
9160 0.00862807 0 14.875 0.0588235 0.5 0 0
9170 0.00862807 0 14.875 0.0588235 0.5 0 0
9180 0.00790517 0 14.875 0.0588235 0.5 0 0
9190 0.00790517 0 14.875 0.0627451 0.5 0 0
9200 0.00731876 0 14.875 0.0666667 0.5 0 0
9210 0.00731876 0 14.875 0.0666667 0.5 0 0
9220 0.00707222 0 14.875 0.0627451 0.5 0 0
9230 0.00707222 0 14.875 0.0627451 0.5 0 0
9240 0.00682398 0 14.875 0.0627451 0.5 0 0
9250 0.00682398 0 14.875 0.0588235 0.5 0 0
9260 0.00648651 0 14.875 0.054902 0.5 0 0
9270 0.00648651 0 14.875 0.054902 0.5 0 0
9280 0.00613349 0 14.875 0.0588235 0.5 0 0
9290 0.00613349 0 14.875 0.0588235 0.5 0 0
9300 0.00563969 0 14.875 0.054902 0.5 0 0
9310 0.00563969 0 14.875 0.054902 0.5 0 0
9320 0.00539625 0 14.875 0.0509804 0.5 0 0
9330 0.00539625 0 14.875 0.054902 0.5 0 0
9340 0.00506113 0 14.875 0.054902 0.5 0 0
9350 0.00506113 0 14.875 0.0509804 0.5 0 0
9360 0.00478533 0 14.875 0.0509804 0.5 0 0
9370 0.00478533 0 14.875 0.0509804 0.5 0 0
9380 0.00462674 0 14.875 0.0509804 0.5 0 0
9390 0.00462674 0 14.875 0.0588235 0.5 0 0
9400 0.00449546 0 14.875 0.0588235 0.5 0 0
9410 0.00449546 0 14.875 0.0627451 0.5 0 0
9420 0.0044761 0 14.875 0.0666667 0.5 0 0
9430 0.0044761 0 14.875 0.0666667 0.5 0 0
9440 0.00444288 0 14.875 0.0666667 0.5 0 0
9450 0.00444288 0 14.875 0.0627451 0.5 0 0
9460 0.0043745 0 14.875 0.0627451 0.5 0 0
9470 0.0043745 0 14.875 0.054902 0.5 0 0
9480 0.00428327 0 14.875 0.0509804 0.5 0 0
9490 0.00428327 0 14.875 0.0509804 0.5 0 0
9500 0.00418899 0 14.875 0.0470588 0.5 0 0
9510 0.00418899 0 14.875 0.0509804 0.5 0 0
9520 0.00422241 0 14.875 0.0509804 0.5 0 0
9530 0.00422241 0 14.875 0.0509804 0.5 0 0
9540 0.00433152 0 14.875 0.0509804 0.5 0 0
9550 0.00433152 0 14.875 0.0509804 0.5 0 0
9560 0.00422092 0 14.875 0.054902 0.5 0 0
9570 0.00422092 0 14.875 0.054902 0.5 0 0
9580 0.00421053 0 14.875 0.054902 0.5 0 0
9590 0.00421053 0 14.875 0.054902 0.5 0 0
9600 0.00405736 0 14.875 0.054902 0.5 0 0
9610 0.00405736 0 14.875 0.054902 0.5 0 0
9620 0.00395381 0 14.875 0.0509804 0.5 0 0
9630 0.00395381 0 14.875 0.0470588 0.5 0 0
9640 0.00407842 0 14.875 0.0509804 0.5 0 0
9650 0.00407842 0 14.875 0.0509804 0.5 0 0
9660 0.00414417 0 14.875 0.0509804 0.5 0 0
9670 0.00414417 0 14.875 0.0509804 0.5 0 0
9680 0.00428632 0 14.875 0.0509804 0.5 0 0
9690 0.00428632 0 14.875 0.054902 0.5 0 0
9700 0.00431412 0 14.875 0.0509804 0.5 0 0
9710 0.00431412 0 14.875 0.0470588 0.5 0 0
9720 0.00424117 0 14.875 0.0470588 0.5 0 0
9730 0.00424117 0 14.875 0.0470588 0.5 0 0
9740 0.00424684 0 14.875 0.0509804 0.5 0 0
9750 0.00424684 0 14.875 0.0509804 0.5 0 0
9760 0.00428798 0 14.875 0.0509804 0.5 0 0
9770 0.00428798 0 14.875 0.054902 0.5 0 0
9780 0.00426243 0 14.875 0.054902 0.5 0 0
9790 0.00426243 0 14.875 0.0627451 0.5 0 0
9800 0.00434775 0 14.875 0.0666667 0.5 0 0
9810 0.00434775 0 14.875 0.0666667 0.5 0 0
9820 0.00437232 0 14.875 0.0666667 0.5 0 0
9830 0.00437232 0 14.875 0.0627451 0.5 0 0
9840 0.00434276 0 14.875 0.0588235 0.5 0 0
9850 0.00434276 0 14.875 0.054902 0.5 0 0
9860 0.00436718 0 14.875 0.054902 0.5 0 0
9870 0.00436718 0 14.875 0.0470588 0.5 0 0
9880 0.00441303 0 14.875 0.0509804 0.5 0 0
9890 0.00441303 0 14.875 0.0509804 0.5 0 0
9900 0.00466467 0 14.875 0.0509804 0.5 0 0
9910 0.00466467 0 14.875 0.0509804 0.5 0 0
9920 0.00477785 0 14.875 0.054902 0.5 0 0
9930 0.00477785 0 14.875 0.0509804 0.5 0 0
9940 0.00467148 0 14.875 0.0509804 0.5 0 0
9950 0.00467148 0 14.875 0.0509804 0.5 0 0
9960 0.00449459 0 14.875 0.0509804 0.5 0 0
9970 0.00449459 0 14.875 0.0509804 0.5 0 0
9980 0.00434858 0 14.875 0.0509804 0.5 0 0
9990 0.00434858 0 14.875 0.0509804 0.5 0 0
10000 0.00428763 0 14.875 0.054902 0.5 0 0
10010 0.00428763 0 14.875 0.0509804 0.5 0 0
10020 0.00428998 0 14.875 0.0509804 0.5 0 0
10030 0.00428998 0 14.875 0.0509804 0.5 0 0
10040 0.00419462 0 14.875 0.0470588 0.5 0 0
10050 0.00419462 0 14.875 0.0509804 0.5 0 0
10060 0.0042562 0 14.875 0.0509804 0.5 0 0
10070 0.0042562 0 14.875 0.0588235 0.5 0 0
10080 0.00447116 0 14.875 0.0627451 0.5 0 0
10090 0.00447116 0 14.875 0.0627451 0.5 0 0
10100 0.00453753 0 14.875 0.0666667 0.5 0 0
10110 0.00453753 0 14.875 0.0627451 0.5 0 0
10120 0.0045005 0 14.875 0.0588235 0.5 0 0
10130 0.0045005 0 14.875 0.054902 0.5 0 0
10140 0.00451812 0 14.875 0.0509804 0.5 0 0
10150 0.00451812 0 14.875 0.0509804 0.5 0 0
10160 0.00468762 0 14.875 0.054902 0.5 0 0
10170 0.00468762 0 14.875 0.054902 0.5 0 0
10180 0.00478524 0 14.875 0.054902 0.5 0 0
10190 0.00478524 0 14.875 0.0588235 0.5 0 0
10200 0.00480925 0 14.875 0.0588235 0.5 0 0
10210 0.00480925 0 14.875 0.054902 0.5 0 0
10220 0.00458067 0 14.875 0.0509804 0.5 0 0
10230 0.00458067 0 14.875 0.0509804 0.5 0 0
10240 0.00465877 0 14.875 0.0509804 0.5 0 0
10250 0.00465877 0 14.875 0.0509804 0.5 0 0
10260 0.00449896 0 14.875 0.0509804 0.5 0 0
10270 0.00449896 0 14.875 0.0509804 0.5 0 0
10280 0.00445832 0 14.875 0.0509804 0.5 0 0
10290 0.00445832 0 14.875 0.0509804 0.5 0 0
10300 0.00438426 0 14.875 0.0509804 0.5 0 0
10310 0.00438426 0 14.875 0.0509804 0.5 0 0
10320 0.00421165 0 14.875 0.0509804 0.5 0 0
10330 0.00421165 0 14.875 0.0509804 0.5 0 0
10340 0.00423322 0 14.875 0.0509804 0.5 0 0
10350 0.00423322 0 14.875 0.0509804 0.5 0 0
10360 0.00430416 0 14.875 0.054902 0.5 0 0
10370 0.00430416 0 14.875 0.0588235 0.5 0 0
10380 0.00440925 0 14.875 0.0588235 0.5 0 0
10390 0.00440925 0 14.875 0.0588235 0.5 0 0
10400 0.00439414 0 14.875 0.0588235 0.5 0 0
10410 0.00439414 0 14.875 0.0588235 0.5 0 0
10420 0.00434662 0 14.875 0.054902 0.5 0 0
10430 0.00434662 0 14.875 0.054902 0.5 0 0
10440 0.00420593 0 14.875 0.0509804 0.5 0 0
10450 0.00420593 0 14.875 0.0470588 0.5 0 0
10460 0.00412954 0 14.875 0.0509804 0.5 0 0
10470 0.00412954 0 14.875 0.0509804 0.5 0 0
10480 0.00425393 0.25 15.125 0.0509804 0.5 0 0
10490 0.00425393 0.25 15.125 0.054902 0.5 0 0
10500 0.00434485 0.25 15.375 0.054902 0.5 0 0
10510 0.00434485 0.25 15.375 0.054902 0.5 0 0
10520 0.00435016 0.5 15.875 0.054902 0.5 0 0
10530 0.00435016 0.5 15.875 0.054902 0.5 0 0
10540 0.00435087 0.5 16.375 0.0588235 0.5 0 0
10550 0.00435087 0.5 16.375 0.054902 0.5 0 0
10560 0.00433187 0.5 16.875 0.054902 0.5 0 0
10570 0.00433187 0.5 16.875 0.054902 0.5 0 0
10580 0.00428109 0.25 17.125 0.054902 0.5 0 0
10590 0.00428109 0.25 17.125 0.054902 0.5 0 0
10600 0.0041663 0.25 17.375 0.0509804 0.5 0 0
10610 0.0041663 0.25 17.375 0.0470588 0.5 0 0
10620 0.00403883 0.25 17.625 0.0470588 0.5 0 0
10630 0.00403883 0.25 17.625 0.0470588 0.5 0 0
10640 0.00397128 0.5 18.125 0.0470588 0.5 0 0
10650 0.00397128 0.5 18.125 0.0470588 0.5 0 0
10660 0.00415835 0.5 18.625 0.0509804 0.5 0 0
10670 0.00415835 0.5 18.625 0.0470588 0.5 0 0
10680 0.00418327 0.5 19.125 0.0470588 0.5 0 0
10690 0.00418327 0.5 19.125 0.0470588 0.5 0 0
10700 0.00404256 0.625 19.75 0.0470588 0.5 0 0
10710 0.00404256 0.625 19.75 0.0470588 0.5 0 0
10720 0.00402721 0.625 20.375 0.0470588 0.5 0 0
10730 0.00402721 0.625 20.375 0.0470588 0.5 0 0
10740 0.00404968 0.625 21 0.0470588 0.5 0 0
10750 0.00404968 0.625 21 0.0509804 0.5 0 0
10760 0.00409232 0.625 21.625 0.0470588 0.5 0 0
10770 0.00409232 0.625 21.625 0.0509804 0.5 0 0
10780 0.00406355 0.75 22.375 0.0509804 0.5 0 0
10790 0.00406355 0.75 22.375 0.0470588 0.5 0 0
10800 0.00405509 0.75 23.125 0.0470588 0.5 0 0
10810 0.00405509 0.75 23.125 0.0470588 0.5 0 0
10820 0.00404129 0.75 23.875 0.0509804 0.5 0 0
10830 0.00404129 0.75 23.875 0.0470588 0.5 0 0
10840 0.00402639 0.5 24.375 0.0509804 0.5 0 0
10850 0.00402639 0.5 24.375 0.0470588 0.5 0 0
10860 0.00410006 0.625 25 0.0509804 0.5 0 0
10870 0.00410006 0.625 25 0.0509804 0.5 0 0
10880 0.00409888 0.375 25.375 0.0509804 0.5 0 0
10890 0.00409888 0.375 25.375 0.0509804 0.5 0 0
10900 0.00408463 0.375 25.75 0.0470588 0.5 0 0
10910 0.00408463 0.375 25.75 0.0509804 0.5 0 0
10920 0.0042628 0.375 26.125 0.0509804 0.5 0 0
10930 0.0042628 0.375 26.125 0.0509804 0.5 0 0
10940 0.00433477 0.25 26.375 0.0509804 0.5 0 0
10950 0.00433477 0.25 26.375 0.054902 0.5 0 0
10960 0.00438438 0.25 26.625 0.054902 0.5 0 0
10970 0.00438438 0.25 26.625 0.054902 0.5 0 0
10980 0.00444291 0.25 26.875 0.054902 0.5 0 0
10990 0.00444291 0.25 26.875 0.054902 0.5 0 0
11000 0.00451138 0.25 27.125 0.054902 0.5 0 0
11010 0.00451138 0.25 27.125 0.054902 0.5 0 0
11020 0.00447426 0.25 27.375 0.054902 0.5 0 0
11030 0.00447426 0.25 27.375 0.054902 0.5 0 0
11040 0.00439953 0.25 27.625 0.0588235 0.5 0 0
11050 0.00439953 0.25 27.625 0.054902 0.5 0 0
11060 0.0044394 0.25 27.875 0.054902 0.5 0 0
11070 0.0044394 0.25 27.875 0.054902 0.5 0 0
11080 0.00449337 0 27.875 0.054902 0.5 0 0
11090 0.00449337 0 27.875 0.054902 0.5 0 0
11100 0.00455296 0 27.875 0.0509804 0.5 0 0
11110 0.00455296 0 27.875 0.0509804 0.5 0 0
11120 0.00450128 0 27.875 0.0509804 0.5 0 0
11130 0.00450128 0 27.875 0.0509804 0.5 0 0
11140 0.00437176 0 27.875 0.0509804 0.5 0 0
11150 0.00437176 0 27.875 0.0509804 0.5 0 0
11160 0.00428785 0 27.875 0.0509804 0.5 0 0
11170 0.00428785 0 27.875 0.0509804 0.5 0 0
11180 0.00419623 0 27.875 0.0509804 0.5 0 0
11190 0.00419623 0 27.875 0.0470588 0.5 0 0
11200 0.00423067 0 27.875 0.0509804 0.5 0 0
11210 0.00423067 0 27.875 0.0509804 0.5 0 0
11220 0.00413082 0 27.875 0.0509804 0.5 0 0
11230 0.00413082 0 27.875 0.0509804 0.5 0 0
11240 0.00405649 0 27.875 0.0470588 0.5 0 0
11250 0.00405649 0 27.875 0.0470588 0.5 0 0
11260 0.00399351 0 27.875 0.054902 0.5 0 0
11270 0.00399351 0 27.875 0.0588235 0.5 0 0
11280 0.00398228 0 27.875 0.0627451 0.5 0 0
11290 0.00398228 0 27.875 0.0588235 0.5 0 0
11300 0.0040179 0 27.875 0.054902 0.5 0 0
11310 0.0040179 0 27.875 0.0588235 0.5 0 0
11320 0.00403697 0 27.875 0.054902 0.5 0 0
11330 0.00403697 0 27.875 0.0588235 0.5 0 0
11340 0.00404683 0 27.875 0.0588235 0.5 0 0
11350 0.00404683 0 27.875 0.0588235 0.5 0 0
11360 0.00401407 0 27.875 0.0588235 0.5 0 0
11370 0.00401407 0 27.875 0.0588235 0.5 0 0
11380 0.00407919 0 27.875 0.054902 0.5 0 0
11390 0.00407919 0 27.875 0.0509804 0.5 0 0
11400 0.00426803 0 27.875 0.0470588 0.5 0 0
11410 0.00426803 0 27.875 0.0509804 0.5 0 0
11420 0.00425067 0 27.875 0.054902 0.5 0 0
11430 0.00425067 0 27.875 0.054902 0.5 0 0
11440 0.00426347 0 27.875 0.0588235 0.5 0 0
11450 0.00426347 0 27.875 0.0588235 0.5 0 0
11460 0.00434593 0 27.875 0.0588235 0.5 0 0
11470 0.00434593 0 27.875 0.0627451 0.5 0 0
11480 0.00438955 0 27.875 0.0588235 0.5 0 0
11490 0.00438955 0 27.875 0.054902 0.5 0 0
11500 0.0043465 0 27.875 0.054902 0.5 0 0
11510 0.0043465 0 27.875 0.054902 0.5 0 0
11520 0.00432874 0 27.875 0.054902 0.5 0 0
11530 0.00432874 0 27.875 0.054902 0.5 0 0
11540 0.00432538 0 27.875 0.0588235 0.5 0 0
11550 0.00432538 0 27.875 0.0588235 0.5 0 0
11560 0.00431143 0 27.875 0.054902 0.5 0 0
11570 0.00431143 0 27.875 0.0509804 0.5 0 0
11580 0.00454553 0 27.875 0.054902 0.5 0 0
11590 0.00454553 0 27.875 0.054902 0.5 0 0
11600 0.0046801 0 27.875 0.054902 0.5 0 0
11610 0.0046801 0 27.875 0.054902 0.5 0 0
11620 0.00462003 0 27.875 0.0509804 0.5 0 0
11630 0.00462003 0 27.875 0.0509804 0.5 0 0
11640 0.00452105 0 27.875 0.0509804 0.5 0 0
11650 0.00452105 0 27.875 0.0509804 0.5 0 0
11660 0.00444142 0 27.875 0.0509804 0.5 0 0
11670 0.00444142 0 27.875 0.0509804 0.5 0 0
11680 0.00420365 0 27.875 0.0509804 0.5 0 0
11690 0.00420365 0 27.875 0.054902 0.5 0 0
11700 0.00428582 0 27.875 0.054902 0.5 0 0
11710 0.00428582 0 27.875 0.0588235 0.5 0 0
11720 0.00425887 0 27.875 0.0588235 0.5 0 0
11730 0.00425887 0 27.875 0.0588235 0.5 0 0
11740 0.00418399 0 27.875 0.0588235 0.5 0 0
11750 0.00418399 0 27.875 0.054902 0.5 0 0
11760 0.00402306 0 27.875 0.0509804 0.5 0 0
11770 0.00402306 0 27.875 0.0470588 0.5 0 0
11780 0.00404234 0 27.875 0.0509804 0.5 0 0
11790 0.00404234 0 27.875 0.0509804 0.5 0 0
11800 0.00401739 0 27.875 0.054902 0.5 0 0
11810 0.00401739 0 27.875 0.054902 0.5 0 0
11820 0.00415987 0 27.875 0.054902 0.5 0 0
11830 0.00415987 0 27.875 0.054902 0.5 0 0
11840 0.00417048 0 27.875 0.054902 0.5 0 0
11850 0.00417048 0 27.875 0.054902 0.5 0 0
11860 0.00414217 0 27.875 0.0588235 0.5 0 0
11870 0.00414217 0 27.875 0.054902 0.5 0 0
11880 0.00409987 0 27.875 0.0588235 0.5 0 0
11890 0.00409987 0 27.875 0.0588235 0.5 0 0
11900 0.0041054 0 27.875 0.0588235 0.5 0 0
11910 0.0041054 0 27.875 0.0588235 0.5 0 0
11920 0.00413046 0 27.875 0.054902 0.5 0 0
11930 0.00413046 0 27.875 0.0509804 0.5 0 0
11940 0.00423338 0 27.875 0.0509804 0.5 0 0
11950 0.00423338 0 27.875 0.0509804 0.5 0 0
11960 0.00414807 0 27.875 0.054902 0.5 0 0
11970 0.00414807 0 27.875 0.054902 0.5 0 0
11980 0.00410013 0 27.875 0.054902 0.5 0 0
11990 0.00410013 0 27.875 0.0588235 0.5 0 0
12000 0.00412446 0 27.875 0.0627451 0.5 0 0
12010 0.00412446 0 27.875 0.0627451 0.5 0 0
12020 0.00414114 0 27.875 0.0666667 0.5 0 0
12030 0.00414114 0 27.875 0.0666667 0.5 0 0
12040 0.00410386 0 27.875 0.0627451 0.5 0 0
12050 0.00410386 0 27.875 0.0588235 0.5 0 0
12060 0.0041083 0 27.875 0.054902 0.5 0 0
12070 0.0041083 0 27.875 0.054902 0.5 0 0
12080 0.004218 0 27.875 0.054902 0.5 0 0
12090 0.004218 0 27.875 0.0509804 0.5 0 0
12100 0.00428562 0 27.875 0.0509804 0.5 0 0
12110 0.00428562 0 27.875 0.0509804 0.5 0 0
12120 0.00439388 0 27.875 0.0509804 0.5 0 0
12130 0.00439388 0 27.875 0.054902 0.5 0 0
12140 0.00427411 0 27.875 0.054902 0.5 0 0
12150 0.00427411 0 27.875 0.054902 0.5 0 0
12160 0.0042664 0 27.875 0.054902 0.5 0 0
12170 0.0042664 0 27.875 0.0509804 0.5 0 0
12180 0.00442171 0 27.875 0.0509804 0.5 0 0
12190 0.00442171 0 27.875 0.0509804 0.5 0 0
12200 0.00443323 0 27.875 0.0509804 0.5 0 0
12210 0.00443323 0 27.875 0.054902 0.5 0 0
12220 0.00433309 0 27.875 0.054902 0.5 0 0
12230 0.00433309 0 27.875 0.0509804 0.5 0 0
12240 0.00419664 0 27.875 0.0509804 0.5 0 0
12250 0.00419664 0 27.875 0.0509804 0.5 0 0
12260 0.00424365 0 27.875 0.0509804 0.5 0 0
12270 0.00424365 0 27.875 0.0470588 0.5 0 0
12280 0.00417242 0 27.875 0.0470588 0.5 0 0
12290 0.00417242 0 27.875 0.0470588 0.5 0 0
12300 0.0040749 0.25 28.125 0.0509804 0.5 0 0
12310 0.0040749 0.25 28.125 0.0509804 0.5 0 0
12320 0.00409756 0.25 28.375 0.0509804 0.5 0 0
12330 0.00409756 0.25 28.375 0.054902 0.5 0 0
12340 0.00410329 0.25 28.625 0.0509804 0.5 0 0
12350 0.00410329 0.25 28.625 0.054902 0.5 0 0
12360 0.00409756 0.25 28.875 0.054902 0.5 0 0
12370 0.00409756 0.25 28.875 0.054902 0.5 0 0
12380 0.00403698 0.25 29.125 0.054902 0.5 0 0
12390 0.00403698 0.25 29.125 0.0509804 0.5 0 0
12400 0.00393831 0 29.125 0.0509804 0.5 0 0
12410 0.00393831 0 29.125 0.0509804 0.5 0 0
12420 0.0038415 0 29.125 0.0509804 0.5 0 0
12430 0.0038415 0 29.125 0.0509804 0.5 0 0
12440 0.00386322 0 29.125 0.0509804 0.5 0 0
12450 0.00386322 0 29.125 0.054902 0.5 0 0
12460 0.00384699 0.25 29.375 0.054902 0.5 0 0
12470 0.00384699 0.25 29.375 0.054902 0.5 0 0
12480 0.00388626 0.25 29.625 0.054902 0.5 0 0
12490 0.00388626 0.25 29.625 0.0588235 0.5 0 0
12500 0.00386752 0.25 29.875 0.054902 0.5 0 0
12510 0.00386752 0.25 29.875 0.054902 0.5 0 0
12520 0.00387518 0.25 30.125 0.054902 0.5 0 0
12530 0.00387518 0.25 30.125 0.054902 0.5 0 0
12540 0.00389463 0.25 30.375 0.0509804 0.5 0 0
12550 0.00389463 0.25 30.375 0.0509804 0.5 0 0
12560 0.00390997 0.5 30.875 0.0470588 0.5 0 0
12570 0.00390997 0.5 30.875 0.0470588 0.5 0 0
12580 0.00399032 0.625 31.5 0.0470588 0.5 0 0
12590 0.00399032 0.625 31.5 0.0509804 0.5 0 0
12600 0.00406571 0.625 32.125 0.0509804 0.5 0 0
12610 0.00406571 0.625 32.125 0.0509804 0.5 0 0
12620 0.00415855 0.625 32.75 0.0509804 0.5 0 0
12630 0.00415855 0.625 32.75 0.0509804 0.5 0 0
12640 0.00411938 0.625 33.375 0.0509804 0.5 0 0
12650 0.00411938 0.625 33.375 0.0509804 0.5 0 0
12660 0.00410379 0.625 34 0.0509804 0.5 0 0
12670 0.00410379 0.625 34 0.0470588 0.5 0 0
12680 0.00405444 0.875 34.875 0.0509804 0.5 0 0
12690 0.00405444 0.875 34.875 0.0509804 0.5 0 0
12700 0.00398156 0.75 35.625 0.0470588 0.5 0 0
12710 0.00398156 0.75 35.625 0.0470588 0.5 0 0
12720 0.00415048 0.75 36.375 0.0509804 0.5 0 0
12730 0.00415048 0.75 36.375 0.0509804 0.5 0 0
12740 0.00422673 0.75 37.125 0.0509804 0.5 0 0
12750 0.00422673 0.75 37.125 0.0509804 0.5 0 0
12760 0.00428868 0.75 37.875 0.0509804 0.5 0 0
12770 0.00428868 0.75 37.875 0.0470588 0.5 0 0
12780 0.00429313 0.75 38.625 0.0509804 0.5 0 0
12790 0.00429313 0.75 38.625 0.0509804 0.5 0 0
12800 0.00431949 0.625 39.25 0.0509804 0.5 0 0
12810 0.00431949 0.625 39.25 0.0509804 0.5 0 0
12820 0.00432804 0.625 39.875 0.0509804 0.5 0 0
12830 0.00432804 0.625 39.875 0.0509804 0.5 0 0
12840 0.00436669 0.75 40.625 0.0470588 0.5 0 0
12850 0.00436669 0.75 40.625 0.0470588 0.5 0 0
12860 0.00439603 0.75 41.375 0.0509804 0.5 0 0
12870 0.00439603 0.75 41.375 0.0509804 0.5 0 0
12880 0.00441597 0.75 42.125 0.0509804 0.5 0 0
12890 0.00441597 0.75 42.125 0.0509804 0.5 0 0
12900 0.00441953 0.75 42.875 0.0470588 0.5 0 0
12910 0.00441953 0.75 42.875 0.0509804 0.5 0 0
12920 0.00446241 0.5 43.375 0.0509804 0.5 0 0
12930 0.00446241 0.5 43.375 0.0509804 0.5 0 0
12940 0.00451222 0.625 44 0.0509804 0.5 0 0
12950 0.00451222 0.625 44 0.0509804 0.5 0 0
12960 0.00453814 0.625 44.625 0.0509804 0.5 0 0
12970 0.00453814 0.625 44.625 0.0509804 0.5 0 0
12980 0.00457242 0.625 45.25 0.0509804 0.5 0 0
12990 0.00457242 0.625 45.25 0.054902 0.5 0 0
13000 0.00454301 0.625 45.875 0.0509804 0.5 0 0
13010 0.00454301 0.625 45.875 0.054902 0.5 0 0
13020 0.00454179 0.625 46.5 0.054902 0.5 0 0
13030 0.00454179 0.625 46.5 0.0509804 0.5 0 0
13040 0.0045584 0.25 46.75 0.054902 0.5 0 0
13050 0.0045584 0.25 46.75 0.054902 0.5 0 0
13060 0.00453211 0 46.75 0.054902 0.5 0 0
13070 0.00453211 0 46.75 0.054902 0.5 0 0
13080 0.00444784 0 46.75 0.0509804 0.5 0 0
13090 0.00444784 0 46.75 0.0509804 0.5 0 0
13100 0.00429842 0 46.75 0.0509804 0.5 0 0
13110 0.00429842 0 46.75 0.0509804 0.5 0 0
13120 0.00413738 0.25 47 0.0509804 0.5 0 0
13130 0.00413738 0.25 47 0.0470588 0.5 0 0
13140 0.00402005 0.25 47.25 0.0470588 0.5 0 0
13150 0.00402005 0.25 47.25 0.0470588 0.5 0 0
13160 0.00385548 0.25 47.5 0.0509804 0.5 0 0
13170 0.00385548 0.25 47.5 0.054902 0.5 0 0
13180 0.00377013 0.25 47.75 0.0588235 0.5 0 0
13190 0.00377013 0.25 47.75 0.0588235 0.5 0 0
13200 0.00391298 0.25 48 0.0588235 0.5 0 0
13210 0.00391298 0.25 48 0.054902 0.5 0 0
13220 0.00398879 0.25 48.25 0.054902 0.5 0 0
13230 0.00398879 0.25 48.25 0.0509804 0.5 0 0
13240 0.0040031 0.25 48.5 0.0509804 0.5 0 0
13250 0.0040031 0.25 48.5 0.0509804 0.5 0 0
13260 0.00403043 0.25 48.75 0.0470588 0.5 0 0
13270 0.00403043 0.25 48.75 0.0470588 0.5 0 0
13280 0.00407685 0.375 49.125 0.0470588 0.5 0 0
13290 0.00407685 0.375 49.125 0.0470588 0.5 0 0
13300 0.00398555 0.375 49.5 0.0470588 0.5 0 0
13310 0.00398555 0.375 49.5 0.0470588 0.5 0 0
13320 0.00389282 0.375 49.875 0.0470588 0.5 0 0
13330 0.00389282 0.375 49.875 0.0470588 0.5 0 0
13340 0.0038361 0.375 50.25 0.0470588 0.5 0 0
13350 0.0038361 0.375 50.25 0.0509804 0.5 0 0
13360 0.00388543 0.25 50.5 0.0509804 0.5 0 0
13370 0.00388543 0.25 50.5 0.054902 0.5 0 0
13380 0.00393356 0 50.5 0.054902 0.5 0 0
13390 0.00393356 0 50.5 0.054902 0.5 0 0
13400 0.00408761 0 50.5 0.054902 0.5 0 0
13410 0.00408761 0 50.5 0.0509804 0.5 0 0
13420 0.0041767 0 50.5 0.0509804 0.5 0 0
13430 0.0041767 0 50.5 0.0509804 0.5 0 0
13440 0.00423753 0.25 50.75 0.0509804 0.5 0 0
13450 0.00423753 0.25 50.75 0.0509804 0.5 0 0
13460 0.00433263 0.25 51 0.0509804 0.5 0 0
13470 0.00433263 0.25 51 0.054902 0.5 0 0
13480 0.00453356 0.25 51.25 0.054902 0.5 0 0
13490 0.00453356 0.25 51.25 0.0588235 0.5 0 0
13500 0.00460116 0.25 51.5 0.0588235 0.5 0 0
13510 0.00460116 0.25 51.5 0.0588235 0.5 0 0
13520 0.00452235 0.25 51.75 0.054902 0.5 0 0
13530 0.00452235 0.25 51.75 0.054902 0.5 0 0
13540 0.0043909 0.375 52.125 0.0509804 0.5 0 0
13550 0.0043909 0.375 52.125 0.0509804 0.5 0 0
13560 0.0044048 0.375 52.5 0.0509804 0.5 0 0
13570 0.0044048 0.375 52.5 0.0509804 0.5 0 0
13580 0.00442022 0.5 53 0.0509804 0.5 0 0
13590 0.00442022 0.5 53 0.054902 0.5 0 0
13600 0.00448759 0.375 53.375 0.054902 0.5 0 0
13610 0.00448759 0.375 53.375 0.054902 0.5 0 0
13620 0.00442963 0.375 53.75 0.0509804 0.5 0 0
13630 0.00442963 0.375 53.75 0.0509804 0.5 0 0
13640 0.00441751 0.5 54.25 0.0509804 0.5 0 0
13650 0.00441751 0.5 54.25 0.0509804 0.5 0 0
13660 0.00444031 0.5 54.75 0.0509804 0.5 0 0
13670 0.00444031 0.5 54.75 0.0509804 0.5 0 0
13680 0.00450769 0.5 55.25 0.0509804 0.5 0 0
13690 0.00450769 0.5 55.25 0.0509804 0.5 0 0
13700 0.00448965 0.5 55.75 0.0509804 0.5 0 0
13710 0.00448965 0.5 55.75 0.0509804 0.5 0 0
13720 0.00452521 0.5 56.25 0.0509804 0.5 0 0
13730 0.00452521 0.5 56.25 0.0509804 0.5 0 0
13740 0.00456641 0.5 56.75 0.054902 0.5 0 0
13750 0.00456641 0.5 56.75 0.0588235 0.5 0 0
13760 0.00461286 0.375 57.125 0.0627451 0.5 0 0
13770 0.00461286 0.375 57.125 0.0627451 0.5 0 0
13780 0.00460783 0.5 57.625 0.0627451 0.5 0 0
13790 0.00460783 0.5 57.625 0.0588235 0.5 0 0
13800 0.00453104 0.5 58.125 0.054902 0.5 0 0
13810 0.00453104 0.5 58.125 0.0509804 0.5 0 0
13820 0.0045223 0.875 59 0.0509804 0.5 0 0
13830 0.0045223 0.875 59 0.0509804 0.5 0 0
13840 0.00458948 0.875 59.875 0.0509804 0.5 0 0
13850 0.00458948 0.875 59.875 0.0509804 0.5 0 0
13860 0.00448701 0.625 60.5 0.0509804 0.5 0 0
13870 0.00448701 0.625 60.5 0.0509804 0.5 0 0
13880 0.00430362 0.625 61.125 0.0509804 0.5 0 0
13890 0.00430362 0.625 61.125 0.0509804 0.5 0 0
13900 0.00416333 0.625 61.75 0.0509804 0.5 0 0
13910 0.00416333 0.625 61.75 0.0509804 0.5 0 0
13920 0.00410698 0.625 62.375 0.054902 0.5 0 0
13930 0.00410698 0.625 62.375 0.054902 0.5 0 0
13940 0.00412705 0.625 63 0.054902 0.5 0 0
13950 0.00412705 0.625 63 0.054902 0.5 0 0
13960 0.00410469 0.5 63.5 0.0509804 0.5 0 0
13970 0.00410469 0.5 63.5 0.0509804 0.5 0 0
13980 0.00405417 0.5 64 0.0509804 0.5 0 0
13990 0.00405417 0.5 64 0.0509804 0.5 0 0
14000 0.00389418 0.5 64.5 0.0509804 0.5 0 0
14010 0.00389418 0.5 64.5 0.0509804 0.5 0 0
14020 0.00387937 0.5 65 0.0509804 0.5 0 0
14030 0.00387937 0.5 65 0.0509804 0.5 0 0
14040 0.00389301 0.5 65.5 0.0509804 0.5 0 0
14050 0.00389301 0.5 65.5 0.0509804 0.5 0 0
14060 0.00387987 0.5 66 0.0509804 0.5 0 0
14070 0.00387987 0.5 66 0.0509804 0.5 0 0
14080 0.00387034 0.5 66.5 0.0509804 0.5 0 0
14090 0.00387034 0.5 66.5 0.0509804 0.5 0 0
14100 0.00381227 0.5 67 0.0509804 0.5 0 0
14110 0.00381227 0.5 67 0.0509804 0.5 0 0
14120 0.00385502 0.5 67.5 0.0509804 0.5 0 0
14130 0.00385502 0.5 67.5 0.0509804 0.5 0 0
14140 0.00389544 0.5 68 0.0470588 0.5 0 0
14150 0.00389544 0.5 68 0.0470588 0.5 0 0
14160 0.00390441 0.375 68.375 0.0470588 0.5 0 0
14170 0.00390441 0.375 68.375 0.0470588 0.5 0 0
14180 0.00398858 0.625 69 0.0509804 0.5 0 0
14190 0.00398858 0.625 69 0.0509804 0.5 0 0
14200 0.004082 0.75 69.75 0.0509804 0.5 0 0
14210 0.004082 0.75 69.75 0.0509804 0.5 0 0
14220 0.00416444 0.75 70.5 0.0509804 0.5 0 0
14230 0.00416444 0.75 70.5 0.0509804 0.5 0 0
14240 0.0042483 0.75 71.25 0.0509804 0.5 0 0
14250 0.0042483 0.75 71.25 0.0509804 0.5 0 0
14260 0.00428857 0.75 72 0.0509804 0.5 0 0
14270 0.00428857 0.75 72 0.0509804 0.5 0 0
14280 0.00424784 0.625 72.625 0.0509804 0.5 0 0
14290 0.00424784 0.625 72.625 0.0509804 0.5 0 0
14300 0.00418192 0.625 73.25 0.0509804 0.5 0 0
14310 0.00418192 0.625 73.25 0.054902 0.5 0 0
14320 0.00422544 0.375 73.625 0.054902 0.5 0 0
14330 0.00422544 0.375 73.625 0.0509804 0.5 0 0
14340 0.0041975 0.375 74 0.0509804 0.5 0 0
14350 0.0041975 0.375 74 0.0509804 0.5 0 0
14360 0.00416272 0.625 74.625 0.0470588 0.5 0 0
14370 0.00416272 0.625 74.625 0.0470588 0.5 0 0
14380 0.00418669 0.625 75.25 0.0470588 0.5 0 0
14390 0.00418669 0.625 75.25 0.0509804 0.5 0 0
14400 0.00428251 0.625 75.875 0.0509804 0.5 0 0
14410 0.00428251 0.625 75.875 0.0509804 0.5 0 0
14420 0.00435054 0.625 76.5 0.054902 0.5 0 0
14430 0.00435054 0.625 76.5 0.054902 0.5 0 0
14440 0.00435455 0.625 77.125 0.054902 0.5 0 0
14450 0.00435455 0.625 77.125 0.054902 0.5 0 0
14460 0.00429842 0.625 77.75 0.054902 0.5 0 0
14470 0.00429842 0.625 77.75 0.0509804 0.5 0 0
14480 0.00418541 0.625 78.375 0.0509804 0.5 0 0
14490 0.00418541 0.625 78.375 0.0509804 0.5 0 0
14500 0.00409472 0.625 79 0.0509804 0.5 0 0
14510 0.00409472 0.625 79 0.0470588 0.5 0 0
14520 0.00404404 0.875 79.875 0.0509804 0.5 0 0
14530 0.00404404 0.875 79.875 0.0509804 0.5 0 0
14540 0.00405044 0.75 80.625 0.0509804 0.5 0 0
14550 0.00405044 0.75 80.625 0.0509804 0.5 0 0
14560 0.00404377 0.75 81.375 0.0470588 0.5 0 0
14570 0.00404377 0.75 81.375 0.0470588 0.5 0 0
14580 0.0040983 0.875 82.25 0.054902 0.5 0 0
14590 0.0040983 0.875 82.25 0.0588235 0.5 0 0
14600 0.0041685 0.875 83.125 0.0588235 0.5 0 0
14610 0.0041685 0.875 83.125 0.0588235 0.5 0 0
14620 0.00416542 0.875 84 0.0588235 0.5 0 0
14630 0.00416542 0.875 84 0.0588235 0.5 0 0
14640 0.00415819 0.875 84.875 0.0588235 0.5 0 0
14650 0.00415819 0.875 84.875 0.054902 0.5 0 0
14660 0.00423852 0.875 85.75 0.0588235 0.5 0 0
14670 0.00423852 0.875 85.75 0.0588235 0.5 0 0
14680 0.00436311 0.875 86.625 0.054902 0.5 0 0
14690 0.00436311 0.875 86.625 0.054902 0.5 0 0
14700 0.00446392 0.5 87.125 0.054902 0.5 0 0
14710 0.00446392 0.5 87.125 0.0588235 0.5 0 0
14720 0.0045487 0.375 87.5 0.0588235 0.5 0 0
14730 0.0045487 0.375 87.5 0.054902 0.5 0 0
14740 0.00455163 0.375 87.875 0.054902 0.5 0 0
14750 0.00455163 0.375 87.875 0.054902 0.5 0 0
14760 0.00446844 0.625 88.5 0.054902 0.5 0 0
14770 0.00446844 0.625 88.5 0.0509804 0.5 0 0
14780 0.00427846 0.75 89.25 0.0509804 0.5 0 0
14790 0.00427846 0.75 89.25 0.0509804 0.5 0 0
14800 0.00421788 0.75 90 0.0470588 0.5 0 0
14810 0.00421788 0.75 90 0.0470588 0.5 0 0
14820 0.00418536 0.75 90.75 0.0470588 0.5 0 0
14830 0.00418536 0.75 90.75 0.0509804 0.5 0 0
14840 0.00429268 0.875 91.625 0.0509804 0.5 0 0
14850 0.00429268 0.875 91.625 0.0509804 0.5 0 0
14860 0.00435497 0.875 92.5 0.0509804 0.5 0 0
14870 0.00435497 0.875 92.5 0.0509804 0.5 0 0
14880 0.0043308 0.875 93.375 0.0509804 0.5 0 0
14890 0.0043308 0.875 93.375 0.0470588 0.5 0 0
14900 0.00429939 0.875 94.25 0.0509804 0.5 0 0
14910 0.00429939 0.875 94.25 0.0509804 0.5 0 0
14920 0.00428335 0.875 95.125 0.0509804 0.5 0 0
14930 0.00428335 0.875 95.125 0.0509804 0.5 0 0
14940 0.00427347 0.875 96 0.0509804 0.5 0 0
14950 0.00427347 0.875 96 0.0470588 0.5 0 0
14960 0.0042685 0.875 96.875 0.0470588 0.5 0 0
14970 0.0042685 0.875 96.875 0.0470588 0.5 0 0
14980 0.00426314 0.875 97.75 0.0509804 0.5 0 0
14990 0.00426314 0.875 97.75 0.0509804 0.5 0 0
15000 0.00425989 0.875 98.625 0.0470588 0.5 0 0
15010 0.00425989 0.875 98.625 0.0470588 0.5 0 0
15020 0.00424983 0.875 99.5 0.0509804 0.5 0 0
15030 0.00424983 0.875 99.5 0.0509804 0.5 0 0
15040 0.00423913 0.875 100.375 0.0470588 0.5 0 0
15050 0.00423913 0.875 100.375 0.0470588 0.5 0 0
15060 0.00422814 0.875 101.25 0.0470588 0.5 0 0
15070 0.00422814 0.875 101.25 0.0509804 0.5 0 0
15080 0.00419461 0.75 102 0.0470588 0.5 0 0
15090 0.00419461 0.75 102 0.0509804 0.5 0 0
15100 0.00418392 0.75 102.75 0.0509804 0.5 0 0
15110 0.00418392 0.75 102.75 0.0509804 0.5 0 0
15120 0.00417962 0.75 103.5 0.0470588 0.5 0 0
15130 0.00417962 0.75 103.5 0.0470588 0.5 0 0
15140 0.00417424 0.75 104.25 0.0470588 0.5 0 0
15150 0.00417424 0.75 104.25 0.0470588 0.5 0 0
15160 0.00420215 0.75 105 0.0470588 0.5 0 0
15170 0.00420215 0.75 105 0.0470588 0.5 0 0
15180 0.00418582 0.875 105.875 0.0470588 0.5 0 0
15190 0.00418582 0.875 105.875 0.0470588 0.5 0 0
15200 0.00424066 0.75 106.625 0.0470588 0.5 0 0
15210 0.00424066 0.75 106.625 0.0470588 0.5 0 0
15220 0.004351 0.75 107.375 0.0509804 0.5 0 0
15230 0.004351 0.75 107.375 0.0509804 0.5 0 0
15240 0.00437301 0.75 108.125 0.0470588 0.5 0 0
15250 0.00437301 0.75 108.125 0.0509804 0.5 0 0
15260 0.0044151 0.75 108.875 0.0470588 0.5 0 0
15270 0.0044151 0.75 108.875 0.0509804 0.5 0 0
15280 0.00438667 0.75 109.625 0.0509804 0.5 0 0
15290 0.00438667 0.75 109.625 0.0509804 0.5 0 0
15300 0.0043826 0.25 109.875 0.0509804 0.5 0 0
15310 0.0043826 0.25 109.875 0.054902 0.5 0 0
15320 0.00444292 0.25 110.125 0.0588235 0.5 0 0
15330 0.00444292 0.25 110.125 0.0588235 0.5 0 0
15340 0.00446435 0.25 110.375 0.0588235 0.5 0 0
15350 0.00446435 0.25 110.375 0.054902 0.5 0 0
15360 0.0044973 0.375 110.75 0.054902 0.5 0 0
15370 0.0044973 0.375 110.75 0.054902 0.5 0 0
15380 0.00448442 0.625 111.375 0.0509804 0.5 0 0
15390 0.00448442 0.625 111.375 0.0509804 0.5 0 0
15400 0.00455018 0.625 112 0.0509804 0.5 0 0
15410 0.00455018 0.625 112 0.0509804 0.5 0 0
15420 0.00461256 0.5 112.5 0.054902 0.5 0 0
15430 0.00461256 0.5 112.5 0.0509804 0.5 0 0
15440 0.00444128 0.5 113 0.0509804 0.5 0 0
15450 0.00444128 0.5 113 0.0509804 0.5 0 0
15460 0.00430521 0.5 113.5 0.0509804 0.5 0 0
15470 0.00430521 0.5 113.5 0.054902 0.5 0 0
15480 0.00434411 0.5 114 0.054902 0.5 0 0
15490 0.00434411 0.5 114 0.054902 0.5 0 0
15500 0.00435477 0.5 114.5 0.054902 0.5 0 0
15510 0.00435477 0.5 114.5 0.054902 0.5 0 0
15520 0.00431549 0.75 115.25 0.054902 0.5 0 0
15530 0.00431549 0.75 115.25 0.0588235 0.5 0 0
15540 0.0042508 0.625 115.875 0.054902 0.5 0 0
15550 0.0042508 0.625 115.875 0.0509804 0.5 0 0
15560 0.00421345 0.625 116.5 0.0509804 0.5 0 0
15570 0.00421345 0.625 116.5 0.0509804 0.5 0 0
15580 0.00420558 0.375 116.875 0.0509804 0.5 0 0
15590 0.00420558 0.375 116.875 0.054902 0.5 0 0
15600 0.0043063 0.375 117.25 0.0509804 0.5 0 0
15610 0.0043063 0.375 117.25 0.054902 0.5 0 0
15620 0.00430783 0.375 117.625 0.054902 0.5 0 0
15630 0.00430783 0.375 117.625 0.0588235 0.5 0 0
15640 0.004281 0.375 118 0.054902 0.5 0 0
15650 0.004281 0.375 118 0.0509804 0.5 0 0
15660 0.00423161 0.5 118.5 0.0509804 0.5 0 0
15670 0.00423161 0.5 118.5 0.0509804 0.5 0 0
15680 0.00418578 0.5 119 0.0509804 0.5 0 0
15690 0.00418578 0.5 119 0.0509804 0.5 0 0
15700 0.00410615 0.5 119.5 0.0509804 0.5 0 0
15710 0.00410615 0.5 119.5 0.0509804 0.5 0 0
15720 0.00406941 0.375 119.875 0.0470588 0.5 0 0
15730 0.00406941 0.375 119.875 0.0470588 0.5 0 0
15740 0.00409165 0.5 120.375 0.0470588 0.5 0 0
15750 0.00409165 0.5 120.375 0.0470588 0.5 0 0
15760 0.00412685 0.5 120.875 0.0470588 0.5 0 0
15770 0.00412685 0.5 120.875 0.0470588 0.5 0 0
15780 0.00418085 0.875 121.75 0.0470588 0.5 0 0
15790 0.00418085 0.875 121.75 0.0470588 0.5 0 0
15800 0.00417701 0.875 122.625 0.0470588 0.5 0 0
15810 0.00417701 0.875 122.625 0.0470588 0.5 0 0
15820 0.00423817 0.875 123.5 0.0509804 0.5 0 0
15830 0.00423817 0.875 123.5 0.0509804 0.5 0 0
15840 0.00425514 0.875 124.375 0.0509804 0.5 0 0
15850 0.00425514 0.875 124.375 0.0509804 0.5 0 0
15860 0.00423415 0.875 125.25 0.0509804 0.5 0 0
15870 0.00423415 0.875 125.25 0.0509804 0.5 0 0
15880 0.00428931 0.875 126.125 0.0509804 0.5 0 0
15890 0.00428931 0.875 126.125 0.0509804 0.5 0 0
15900 0.00430697 0.625 126.75 0.0509804 0.5 0 0
15910 0.00430697 0.625 126.75 0.0509804 0.5 0 0
15920 0.00424905 0.5 127.25 0.0509804 0.5 0 0
15930 0.00424905 0.5 127.25 0.0470588 0.5 0 0
15940 0.00422702 0.5 127.75 0.0470588 0.5 0 0
15950 0.00422702 0.5 127.75 0.0470588 0.5 0 0
15960 0.00431615 0.5 128.25 0.0470588 0.5 0 0
15970 0.00431615 0.5 128.25 0.0470588 0.5 0 0
15980 0.00433454 0.5 128.75 0.0470588 0.5 0 0
15990 0.00433454 0.5 128.75 0.0470588 0.5 0 0
16000 0.00430554 0.625 129.375 0.0470588 0.5 0 0
16010 0.00430554 0.625 129.375 0.0470588 0.5 0 0
16020 0.0043184 0.5 129.875 0.0470588 0.5 0 0
16030 0.0043184 0.5 129.875 0.0470588 0.5 0 0
16040 0.00432357 0.5 130.375 0.0470588 0.5 0 0
16050 0.00432357 0.5 130.375 0.0509804 0.5 0 0
16060 0.00439238 0.5 130.875 0.0509804 0.5 0 0
16070 0.00439238 0.5 130.875 0.0509804 0.5 0 0
16080 0.00443477 0.5 131.375 0.0509804 0.5 0 0
16090 0.00443477 0.5 131.375 0.0509804 0.5 0 0
16100 0.00445281 0.5 131.875 0.0509804 0.5 0 0
16110 0.00445281 0.5 131.875 0.0509804 0.5 0 0
16120 0.00457693 0.5 132.375 0.0509804 0.5 0 0
16130 0.00457693 0.5 132.375 0.0509804 0.5 0 0
16140 0.00459632 0.25 132.625 0.0509804 0.5 0 0
16150 0.00459632 0.25 132.625 0.0509804 0.5 0 0
16160 0.00458216 0.25 132.875 0.0509804 0.5 0 0
16170 0.00458216 0.25 132.875 0.0509804 0.5 0 0
16180 0.00456288 0 132.875 0.0509804 0.5 0 0
16190 0.00456288 0 132.875 0.0509804 0.5 0 0
16200 0.00438488 0 132.875 0.0509804 0.5 0 0
16210 0.00438488 0 132.875 0.0470588 0.5 0 0
16220 0.00424824 0.25 133.125 0.0509804 0.5 0 0
16230 0.00424824 0.25 133.125 0.0509804 0.5 0 0
16240 0.00424932 0.25 133.375 0.0509804 0.5 0 0
16250 0.00424932 0.25 133.375 0.0509804 0.5 0 0
16260 0.00423107 0.25 133.625 0.0588235 0.5 0 0
16270 0.00423107 0.25 133.625 0.0627451 0.5 0 0
16280 0.00421148 0.25 133.875 0.0627451 0.5 0 0
16290 0.00421148 0.25 133.875 0.0588235 0.5 0 0
16300 0.00418525 0.375 134.25 0.0588235 0.5 0 0
16310 0.00418525 0.375 134.25 0.0509804 0.5 0 0
16320 0.00423533 0.5 134.75 0.0509804 0.5 0 0
16330 0.00423533 0.5 134.75 0.0509804 0.5 0 0
16340 0.00425559 0.5 135.25 0.0509804 0.5 0 0
16350 0.00425559 0.5 135.25 0.0470588 0.5 0 0
16360 0.00414508 0.625 135.875 0.0509804 0.5 0 0
16370 0.00414508 0.625 135.875 0.0509804 0.5 0 0
16380 0.00412124 0.625 136.5 0.0509804 0.5 0 0
16390 0.00412124 0.625 136.5 0.054902 0.5 0 0
16400 0.00409165 0.625 137.125 0.054902 0.5 0 0
16410 0.00409165 0.625 137.125 0.054902 0.5 0 0
16420 0.0041101 0.625 137.75 0.054902 0.5 0 0
16430 0.0041101 0.625 137.75 0.0588235 0.5 0 0
16440 0.00412956 0.625 138.375 0.0588235 0.5 0 0
16450 0.00412956 0.625 138.375 0.0588235 0.5 0 0
16460 0.00411308 0.625 139 0.0627451 0.5 0 0
16470 0.00411308 0.625 139 0.0627451 0.5 0 0
16480 0.00405583 0.5 139.5 0.0627451 0.5 0 0
16490 0.00405583 0.5 139.5 0.0588235 0.5 0 0
16500 0.00402422 0.25 139.75 0.054902 0.5 0 0
16510 0.00402422 0.25 139.75 0.0588235 0.5 0 0
16520 0.00404276 0.25 140 0.0588235 0.5 0 0
16530 0.00404276 0.25 140 0.0588235 0.5 0 0
16540 0.00406412 0.25 140.25 0.0588235 0.5 0 0
16550 0.00406412 0.25 140.25 0.054902 0.5 0 0
16560 0.00407811 0.25 140.5 0.054902 0.5 0 0
16570 0.00407811 0.25 140.5 0.0509804 0.5 0 0
16580 0.0040552 0.25 140.75 0.0509804 0.5 0 0
16590 0.0040552 0.25 140.75 0.0509804 0.5 0 0
16600 0.0040643 0.25 141 0.0509804 0.5 0 0
16610 0.0040643 0.25 141 0.054902 0.5 0 0
16620 0.0041467 0.25 141.25 0.0588235 0.5 0 0
16630 0.0041467 0.25 141.25 0.0588235 0.5 0 0
16640 0.00415219 0.25 141.5 0.0666667 0.5 0 0
16650 0.00415219 0.25 141.5 0.0705882 0.5 0 0
16660 0.00422268 0.25 141.75 0.0666667 0.5 0 0
16670 0.00422268 0.25 141.75 0.0666667 0.5 0 0
16680 0.00422106 0.25 142 0.0666667 0.5 0 0
16690 0.00422106 0.25 142 0.0588235 0.5 0 0
16700 0.00412865 0.25 142.25 0.0509804 0.5 0 0
16710 0.00412865 0.25 142.25 0.0509804 0.5 0 0
16720 0.00415916 0.375 142.625 0.0470588 0.5 0 0
16730 0.00415916 0.375 142.625 0.0509804 0.5 0 0
16740 0.00411735 0.375 143 0.0509804 0.5 0 0
16750 0.00411735 0.375 143 0.0509804 0.5 0 0
16760 0.00413419 0.375 143.375 0.0509804 0.5 0 0
16770 0.00413419 0.375 143.375 0.0470588 0.5 0 0
16780 0.00415842 0.375 143.75 0.0509804 0.5 0 0
16790 0.00415842 0.375 143.75 0.0509804 0.5 0 0
16800 0.00413484 0.375 144.125 0.0509804 0.5 0 0
16810 0.00413484 0.375 144.125 0.0509804 0.5 0 0
16820 0.00408255 0.5 144.625 0.0509804 0.5 0 0
16830 0.00408255 0.5 144.625 0.0470588 0.5 0 0
16840 0.004063 0.5 145.125 0.0509804 0.5 0 0
16850 0.004063 0.5 145.125 0.0509804 0.5 0 0
16860 0.0040821 0.375 145.5 0.0509804 0.5 0 0
16870 0.0040821 0.375 145.5 0.0509804 0.5 0 0
16880 0.00406373 0.375 145.875 0.0509804 0.5 0 0
16890 0.00406373 0.375 145.875 0.0509804 0.5 0 0
16900 0.00408299 0.375 146.25 0.0509804 0.5 0 0
16910 0.00408299 0.375 146.25 0.0509804 0.5 0 0
16920 0.00412165 0.375 146.625 0.0509804 0.5 0 0
16930 0.00412165 0.375 146.625 0.0509804 0.5 0 0
16940 0.0041415 0.375 147 0.0509804 0.5 0 0
16950 0.0041415 0.375 147 0.0509804 0.5 0 0
16960 0.00420919 0.25 147.25 0.0509804 0.5 0 0
16970 0.00420919 0.25 147.25 0.0509804 0.5 0 0
16980 0.0042159 0.25 147.5 0.0509804 0.5 0 0
16990 0.0042159 0.25 147.5 0.0509804 0.5 0 0
17000 0.0042218 0.5 148 0.0509804 0.5 0 0
17010 0.0042218 0.5 148 0.0509804 0.5 0 0
17020 0.00421684 0.5 148.5 0.0509804 0.5 0 0
17030 0.00421684 0.5 148.5 0.0509804 0.5 0 0
17040 0.00422905 0.625 149.125 0.0509804 0.5 0 0
17050 0.00422905 0.625 149.125 0.0509804 0.5 0 0
17060 0.00422574 0.625 149.75 0.0470588 0.5 0 0
17070 0.00422574 0.625 149.75 0.0509804 0.5 0 0
17080 0.00427617 0.75 150.5 0.0509804 0.5 0 0
17090 0.00427617 0.75 150.5 0.0470588 0.5 0 0
17100 0.00426333 0.75 151.25 0.0509804 0.5 0 0
17110 0.00426333 0.75 151.25 0.0470588 0.5 0 0
17120 0.00427775 0.625 151.875 0.0470588 0.5 0 0
17130 0.00427775 0.625 151.875 0.0470588 0.5 0 0
17140 0.00434168 0.5 152.375 0.0470588 0.5 0 0
17150 0.00434168 0.5 152.375 0.0509804 0.5 0 0
17160 0.00437759 0.5 152.875 0.054902 0.5 0 0
17170 0.00437759 0.5 152.875 0.054902 0.5 0 0
17180 0.00442229 0.5 153.375 0.054902 0.5 0 0
17190 0.00442229 0.5 153.375 0.054902 0.5 0 0
17200 0.00443558 0.5 153.875 0.054902 0.5 0 0
17210 0.00443558 0.5 153.875 0.054902 0.5 0 0
17220 0.00445638 0.25 154.125 0.054902 0.5 0 0
17230 0.00445638 0.25 154.125 0.0509804 0.5 0 0
17240 0.00440421 0.25 154.375 0.0509804 0.5 0 0
17250 0.00440421 0.25 154.375 0.0509804 0.5 0 0
17260 0.00434133 0.25 154.625 0.0509804 0.5 0 0
17270 0.00434133 0.25 154.625 0.0588235 0.5 0 0
17280 0.00436563 0.25 154.875 0.0627451 0.5 0 0
17290 0.00436563 0.25 154.875 0.0666667 0.5 0 0
17300 0.00439212 0.25 155.125 0.0666667 0.5 0 0
17310 0.00439212 0.25 155.125 0.0666667 0.5 0 0
17320 0.00440442 0.25 155.375 0.0666667 0.5 0 0
17330 0.00440442 0.25 155.375 0.0666667 0.5 0 0
17340 0.00440928 0.25 155.625 0.0666667 0.5 0 0
17350 0.00440928 0.25 155.625 0.0627451 0.5 0 0
17360 0.00441027 0.25 155.875 0.0627451 0.5 0 0
17370 0.00441027 0.25 155.875 0.0627451 0.5 0 0
17380 0.00445083 0.25 156.125 0.0588235 0.5 0 0
17390 0.00445083 0.25 156.125 0.0588235 0.5 0 0
17400 0.00448225 0.5 156.625 0.0588235 0.5 0 0
17410 0.00448225 0.5 156.625 0.0588235 0.5 0 0
17420 0.00448586 0.625 157.25 0.0588235 0.5 0 0
17430 0.00448586 0.625 157.25 0.054902 0.5 0 0
17440 0.00452946 0.5 157.75 0.054902 0.5 0 0
17450 0.00452946 0.5 157.75 0.054902 0.5 0 0
17460 0.00455809 0.5 158.25 0.0588235 0.5 0 0
17470 0.00455809 0.5 158.25 0.0588235 0.5 0 0
17480 0.00453365 0.5 158.75 0.054902 0.5 0 0
17490 0.00453365 0.5 158.75 0.0588235 0.5 0 0
17500 0.00451682 0.5 159.25 0.054902 0.5 0 0
17510 0.00451682 0.5 159.25 0.054902 0.5 0 0
17520 0.00447755 0.5 159.75 0.054902 0.5 0 0
17530 0.00447755 0.5 159.75 0.054902 0.5 0 0
17540 0.00449102 0.375 160.125 0.0588235 0.5 0 0
17550 0.00449102 0.375 160.125 0.054902 0.5 0 0
17560 0.00449113 0.25 160.375 0.054902 0.5 0 0
17570 0.00449113 0.25 160.375 0.054902 0.5 0 0
17580 0.00449662 0.375 160.75 0.054902 0.5 0 0
17590 0.00449662 0.375 160.75 0.0509804 0.5 0 0
17600 0.00454397 0.5 161.25 0.0509804 0.5 0 0
17610 0.00454397 0.5 161.25 0.0509804 0.5 0 0
17620 0.00459467 0.5 161.75 0.0509804 0.5 0 0
17630 0.00459467 0.5 161.75 0.0509804 0.5 0 0
17640 0.0045642 0.5 162.25 0.0509804 0.5 0 0
17650 0.0045642 0.5 162.25 0.0509804 0.5 0 0
17660 0.00454632 0.5 162.75 0.0509804 0.5 0 0
17670 0.00454632 0.5 162.75 0.0509804 0.5 0 0
17680 0.00452322 0.5 163.25 0.054902 0.5 0 0
17690 0.00452322 0.5 163.25 0.054902 0.5 0 0
17700 0.00450371 0.5 163.75 0.054902 0.5 0 0
17710 0.00450371 0.5 163.75 0.054902 0.5 0 0
17720 0.00446143 0.5 164.25 0.054902 0.5 0 0
17730 0.00446143 0.5 164.25 0.054902 0.5 0 0
17740 0.00441354 0.25 164.5 0.054902 0.5 0 0
17750 0.00441354 0.25 164.5 0.054902 0.5 0 0
17760 0.00440674 0 164.5 0.054902 0.5 0 0
17770 0.00440674 0 164.5 0.0509804 0.5 0 0
17780 0.00435504 0.25 164.75 0.0509804 0.5 0 0
17790 0.00435504 0.25 164.75 0.0509804 0.5 0 0
17800 0.0043928 0.25 165 0.0509804 0.5 0 0
17810 0.0043928 0.25 165 0.0509804 0.5 0 0
17820 0.00457107 0.375 165.375 0.0509804 0.5 0 0
17830 0.00457107 0.375 165.375 0.054902 0.5 0 0
17840 0.00473745 0.375 165.75 0.054902 0.5 0 0
17850 0.00473745 0.375 165.75 0.054902 0.5 0 0
17860 0.0047809 0.375 166.125 0.0509804 0.5 0 0
17870 0.0047809 0.375 166.125 0.0509804 0.5 0 0
17880 0.0048399 0.375 166.5 0.054902 0.5 0 0
17890 0.0048399 0.375 166.5 0.0588235 0.5 0 0
17900 0.00490162 0.375 166.875 0.0588235 0.5 0 0
17910 0.00490162 0.375 166.875 0.0627451 0.5 0 0
17920 0.00489094 0.375 167.25 0.0627451 0.5 0 0
17930 0.00489094 0.375 167.25 0.0627451 0.5 0 0
17940 0.00488385 0.25 167.5 0.0627451 0.5 0 0
17950 0.00488385 0.25 167.5 0.0627451 0.5 0 0
17960 0.00490488 0.25 167.75 0.0627451 0.5 0 0
17970 0.00490488 0.25 167.75 0.0588235 0.5 0 0
17980 0.00491157 0.25 168 0.0588235 0.5 0 0
17990 0.00491157 0.25 168 0.0588235 0.5 0 0
18000 0.00503167 0.375 168.375 0.0588235 0.5 0 0
18010 0.00503167 0.375 168.375 0.0588235 0.5 0 0
18020 0.0051217 0.375 168.75 0.0588235 0.5 0 0
18030 0.0051217 0.375 168.75 0.0588235 0.5 0 0
18040 0.00519335 0.5 169.25 0.054902 0.5 0 0
18050 0.00519335 0.5 169.25 0.054902 0.5 0 0
18060 0.00523798 0.375 169.625 0.0588235 0.5 0 0
18070 0.00523798 0.375 169.625 0.0588235 0.5 0 0
18080 0.00522052 0.375 170 0.0588235 0.5 0 0
18090 0.00522052 0.375 170 0.0588235 0.5 0 0
18100 0.00521803 0.375 170.375 0.0588235 0.5 0 0
18110 0.00521803 0.375 170.375 0.0588235 0.5 0 0
18120 0.00520445 0.375 170.75 0.0588235 0.5 0 0
18130 0.00520445 0.375 170.75 0.0588235 0.5 0 0
18140 0.00519322 0.375 171.125 0.054902 0.5 0 0
18150 0.00519322 0.375 171.125 0.0588235 0.5 0 0
18160 0.00517068 0 171.125 0.0588235 0.5 0 0
18170 0.00517068 0 171.125 0.054902 0.5 0 0
18180 0.00505444 0 171.125 0.054902 0.5 0 0
18190 0.00505444 0 171.125 0.054902 0.5 0 0
18200 0.0049273 0 171.125 0.054902 0.5 0 0
18210 0.0049273 0 171.125 0.0509804 0.5 0 0
18220 0.0046198 0.25 171.375 0.0509804 0.5 0 0
18230 0.0046198 0.25 171.375 0.0509804 0.5 0 0
18240 0.00451055 0.375 171.75 0.0509804 0.5 0 0
18250 0.00451055 0.375 171.75 0.0509804 0.5 0 0
18260 0.00439355 0.5 172.25 0.0509804 0.5 0 0
18270 0.00439355 0.5 172.25 0.0509804 0.5 0 0
18280 0.00427748 0.625 172.875 0.0509804 0.5 0 0
18290 0.00427748 0.625 172.875 0.0509804 0.5 0 0
18300 0.00426734 0.625 173.5 0.0509804 0.5 0 0
18310 0.00426734 0.625 173.5 0.0509804 0.5 0 0
18320 0.00422457 0.625 174.125 0.0509804 0.5 0 0
18330 0.00422457 0.625 174.125 0.0509804 0.5 0 0
18340 0.00422544 0.625 174.75 0.0509804 0.5 0 0
18350 0.00422544 0.625 174.75 0.054902 0.5 0 0
18360 0.00416958 0.625 175.375 0.0509804 0.5 0 0
18370 0.00416958 0.625 175.375 0.0509804 0.5 0 0
18380 0.00410956 0.375 175.75 0.0509804 0.5 0 0
18390 0.00410956 0.375 175.75 0.0509804 0.5 0 0
18400 0.00409265 0.375 176.125 0.0509804 0.5 0 0
18410 0.00409265 0.375 176.125 0.0509804 0.5 0 0
18420 0.00410234 0.625 176.75 0.0509804 0.5 0 0
18430 0.00410234 0.625 176.75 0.0509804 0.5 0 0
18440 0.00406985 0.625 177.375 0.0509804 0.5 0 0
18450 0.00406985 0.625 177.375 0.0509804 0.5 0 0
18460 0.00406178 0.625 178 0.0509804 0.5 0 0
18470 0.00406178 0.625 178 0.0470588 0.5 0 0
18480 0.00404894 0.625 178.625 0.0470588 0.5 0 0
18490 0.00404894 0.625 178.625 0.0470588 0.5 0 0
18500 0.00406891 0.25 178.875 0.0470588 0.5 0 0
18510 0.00406891 0.25 178.875 0.0509804 0.5 0 0
18520 0.00427077 0 178.875 0.0509804 0.5 0 0
18530 0.00427077 0 178.875 0.0509804 0.5 0 0
18540 0.00437818 0.25 179.125 0.0509804 0.5 0 0
18550 0.00437818 0.25 179.125 0.0509804 0.5 0 0
18560 0.00440073 0.25 179.375 0.054902 0.5 0 0
18570 0.00440073 0.25 179.375 0.0509804 0.5 0 0
18580 0.00432656 0.25 179.625 0.0509804 0.5 0 0
18590 0.00432656 0.25 179.625 0.054902 0.5 0 0
18600 0.00426832 0.25 179.875 0.054902 0.5 0 0
18610 0.00426832 0.25 179.875 0.054902 0.5 0 0
18620 0.00426911 0.25 180.125 0.054902 0.5 0 0
18630 0.00426911 0.25 180.125 0.054902 0.5 0 0
18640 0.0042027 0 180.125 0.054902 0.5 0 0
18650 0.0042027 0 180.125 0.054902 0.5 0 0
18660 0.00412526 0 180.125 0.054902 0.5 0 0
18670 0.00412526 0 180.125 0.0588235 0.5 0 0
18680 0.00424064 0 180.125 0.054902 0.5 0 0
18690 0.00424064 0 180.125 0.0588235 0.5 0 0
18700 0.00424099 0 180.125 0.0588235 0.5 0 0
18710 0.00424099 0 180.125 0.0588235 0.5 0 0
18720 0.00418968 0 180.125 0.0588235 0.5 0 0
18730 0.00418968 0 180.125 0.0588235 0.5 0 0
18740 0.00409416 0 180.125 0.054902 0.5 0 0
18750 0.00409416 0 180.125 0.0509804 0.5 0 0
18760 0.0040572 0.25 180.375 0.0509804 0.5 0 0
18770 0.0040572 0.25 180.375 0.0509804 0.5 0 0
18780 0.00410948 0.375 180.75 0.0509804 0.5 0 0
18790 0.00410948 0.375 180.75 0.054902 0.5 0 0
18800 0.00425916 0.375 181.125 0.054902 0.5 0 0
18810 0.00425916 0.375 181.125 0.054902 0.5 0 0
18820 0.00429217 0.375 181.5 0.054902 0.5 0 0
18830 0.00429217 0.375 181.5 0.0509804 0.5 0 0
18840 0.00421821 0.375 181.875 0.0509804 0.5 0 0
18850 0.00421821 0.375 181.875 0.054902 0.5 0 0
18860 0.00415463 0.375 182.25 0.054902 0.5 0 0
18870 0.00415463 0.375 182.25 0.054902 0.5 0 0
18880 0.00407753 0.375 182.625 0.054902 0.5 0 0
18890 0.00407753 0.375 182.625 0.0509804 0.5 0 0
18900 0.0039566 0.5 183.125 0.0470588 0.5 0 0
18910 0.0039566 0.5 183.125 0.0470588 0.5 0 0
18920 0.00404648 0.75 183.875 0.0470588 0.5 0 0
18930 0.00404648 0.75 183.875 0.0470588 0.5 0 0
18940 0.00436353 0.75 184.625 0.0509804 0.5 0 0
18950 0.00436353 0.75 184.625 0.0509804 0.5 0 0
18960 0.00456039 0.875 185.5 0.0509804 0.5 0 0
18970 0.00456039 0.875 185.5 0.054902 0.5 0 0
18980 0.00459809 0.875 186.375 0.054902 0.5 0 0
18990 0.00459809 0.875 186.375 0.054902 0.5 0 0
19000 0.00458213 0.875 187.25 0.054902 0.5 0 0
19010 0.00458213 0.875 187.25 0.054902 0.5 0 0
19020 0.00457773 0.875 188.125 0.054902 0.5 0 0
19030 0.00457773 0.875 188.125 0.054902 0.5 0 0
19040 0.00455382 0.75 188.875 0.054902 0.5 0 0
19050 0.00455382 0.75 188.875 0.054902 0.5 0 0
19060 0.00447812 0.625 189.5 0.0509804 0.5 0 0
19070 0.00447812 0.625 189.5 0.0509804 0.5 0 0
19080 0.00443042 0.375 189.875 0.0509804 0.5 0 0
19090 0.00443042 0.375 189.875 0.0509804 0.5 0 0
19100 0.00431816 0.5 190.375 0.0509804 0.5 0 0
19110 0.00431816 0.5 190.375 0.0509804 0.5 0 0
19120 0.0043641 0.5 190.875 0.0509804 0.5 0 0
19130 0.0043641 0.5 190.875 0.0509804 0.5 0 0
19140 0.00445762 0.5 191.375 0.0509804 0.5 0 0
19150 0.00445762 0.5 191.375 0.0509804 0.5 0 0
19160 0.00451548 0.5 191.875 0.054902 0.5 0 0
19170 0.00451548 0.5 191.875 0.054902 0.5 0 0
19180 0.00452577 0.25 192.125 0.0509804 0.5 0 0
19190 0.00452577 0.25 192.125 0.054902 0.5 0 0
19200 0.00445828 0.25 192.375 0.0509804 0.5 0 0
19210 0.00445828 0.25 192.375 0.0509804 0.5 0 0
19220 0.00444344 0.25 192.625 0.0509804 0.5 0 0
19230 0.00444344 0.25 192.625 0.0509804 0.5 0 0
19240 0.00447696 0.25 192.875 0.0509804 0.5 0 0
19250 0.00447696 0.25 192.875 0.0509804 0.5 0 0
19260 0.00450865 0.25 193.125 0.0509804 0.5 0 0
19270 0.00450865 0.25 193.125 0.0509804 0.5 0 0
19280 0.00450798 0.25 193.375 0.054902 0.5 0 0
19290 0.00450798 0.25 193.375 0.0509804 0.5 0 0
19300 0.00456991 0.25 193.625 0.0509804 0.5 0 0
19310 0.00456991 0.25 193.625 0.0588235 0.5 0 0
19320 0.00462916 0.25 193.875 0.0588235 0.5 0 0
19330 0.00462916 0.25 193.875 0.0627451 0.5 0 0
19340 0.00461605 0.25 194.125 0.0627451 0.5 0 0
19350 0.00461605 0.25 194.125 0.0588235 0.5 0 0
19360 0.0046276 0.25 194.375 0.054902 0.5 0 0
19370 0.0046276 0.25 194.375 0.054902 0.5 0 0
19380 0.0046353 0.5 194.875 0.054902 0.5 0 0
19390 0.0046353 0.5 194.875 0.0509804 0.5 0 0
19400 0.00461737 0.75 195.625 0.0509804 0.5 0 0
19410 0.00461737 0.75 195.625 0.0509804 0.5 0 0
19420 0.00459906 0.625 196.25 0.0509804 0.5 0 0
19430 0.00459906 0.625 196.25 0.054902 0.5 0 0
19440 0.00453341 0.625 196.875 0.054902 0.5 0 0
19450 0.00453341 0.625 196.875 0.054902 0.5 0 0
19460 0.00452372 0.625 197.5 0.054902 0.5 0 0
19470 0.00452372 0.625 197.5 0.054902 0.5 0 0
19480 0.00436941 0.625 198.125 0.0509804 0.5 0 0
19490 0.00436941 0.625 198.125 0.0509804 0.5 0 0
19500 0.00422654 0.75 198.875 0.0509804 0.5 0 0
19510 0.00422654 0.75 198.875 0.0470588 0.5 0 0
19520 0.00414888 0.75 199.625 0.0470588 0.5 0 0
19530 0.00414888 0.75 199.625 0.0470588 0.5 0 0
19540 0.00411037 0.75 200.375 0.0509804 0.5 0 0
19550 0.00411037 0.75 200.375 0.0470588 0.5 0 0
19560 0.00411989 0.75 201.125 0.0509804 0.5 0 0
19570 0.00411989 0.75 201.125 0.0509804 0.5 0 0
19580 0.00414714 0.75 201.875 0.0509804 0.5 0 0
19590 0.00414714 0.75 201.875 0.0509804 0.5 0 0
19600 0.00409477 0.875 202.75 0.0470588 0.5 0 0
19610 0.00409477 0.875 202.75 0.0470588 0.5 0 0
19620 0.00407439 0.75 203.5 0.0470588 0.5 0 0
19630 0.00407439 0.75 203.5 0.0470588 0.5 0 0
19640 0.00411874 0.375 203.875 0.0470588 0.5 0 0
19650 0.00411874 0.375 203.875 0.0470588 0.5 0 0
19660 0.00412888 0.625 204.5 0.0470588 0.5 0 0
19670 0.00412888 0.625 204.5 0.0470588 0.5 0 0
19680 0.00419653 0.625 205.125 0.0509804 0.5 0 0
19690 0.00419653 0.625 205.125 0.0470588 0.5 0 0
19700 0.00423482 0.625 205.75 0.0509804 0.5 0 0
19710 0.00423482 0.625 205.75 0.0509804 0.5 0 0
19720 0.00422941 0.625 206.375 0.0509804 0.5 0 0
19730 0.00422941 0.625 206.375 0.0509804 0.5 0 0
19740 0.00417591 0.625 207 0.054902 0.5 0 0
19750 0.00417591 0.625 207 0.0509804 0.5 0 0
19760 0.00411739 0.375 207.375 0.0509804 0.5 0 0
19770 0.00411739 0.375 207.375 0.054902 0.5 0 0
19780 0.0042469 0 207.375 0.0509804 0.5 0 0
19790 0.0042469 0 207.375 0.0509804 0.5 0 0
19800 0.00426688 0 207.375 0.0509804 0.5 0 0
19810 0.00426688 0 207.375 0.0509804 0.5 0 0
19820 0.00426612 0 207.375 0.0509804 0.5 0 0
19830 0.00426612 0 207.375 0.0509804 0.5 0 0
19840 0.0041273 0 207.375 0.0509804 0.5 0 0
19850 0.0041273 0 207.375 0.0509804 0.5 0 0
19860 0.00397703 0 207.375 0.0470588 0.5 0 0
19870 0.00397703 0 207.375 0.0470588 0.5 0 0
19880 0.003928 0 207.375 0.0470588 0.5 0 0
19890 0.003928 0 207.375 0.0470588 0.5 0 0
19900 0.00402486 0 207.375 0.0509804 0.5 0 0
19910 0.00402486 0 207.375 0.0509804 0.5 0 0
19920 0.00415158 0 207.375 0.0509804 0.5 0 0
19930 0.00415158 0 207.375 0.0509804 0.5 0 0
19940 0.00419378 0 207.375 0.0509804 0.5 0 0
19950 0.00419378 0 207.375 0.0509804 0.5 0 0
19960 0.00414169 0 207.375 0.0509804 0.5 0 0
19970 0.00414169 0 207.375 0.0509804 0.5 0 0
19980 0.00414515 0 207.375 0.0509804 0.5 0 0
19990 0.00414515 0 207.375 0.0509804 0.5 0 0
20000 0.00416348 0 207.375 0.0509804 0.5 0 0
20010 0.00416348 0 207.375 0.0509804 0.5 0 0
