0 0.121063 0 0 0.5 0.5 0 0
10 0.121063 0 0 0.768627 0.5 0 0
20 0.120898 0.625 0.625 0.768627 0.5 0 0
30 0.120898 0.625 0.625 0.713725 0.5 0 0
40 0.121016 0.625 1.25 0.698039 0.5 0 0
50 0.121016 0.625 1.25 0.74902 0.5 0 0
60 0.121016 0.625 1.875 0.835294 0.5 0 0
70 0.121016 0.625 1.875 0.807843 0.5 0 0
80 0.121009 0.625 2.5 0.721569 0.5 0 0
90 0.121009 0.625 2.5 0.678431 0.5 0 0
100 0.12099 0.625 3.125 0.721569 0.5 0 0
110 0.12099 0.625 3.125 0.796078 0.5 0 0
120 0.121 0.25 3.375 0.686275 0.5 0 0
130 0.121 0.25 3.375 0.67451 0.5 0 0
140 0.121286 0.25 3.625 0.658824 0.5 0 0
150 0.121286 0.25 3.625 0.698039 0.5 0 0
160 0.122402 0 3.625 0.796078 0.5 0 0
170 0.122402 0 3.625 0.760784 0.5 0 0
180 0.123701 0 3.625 0.733333 0.5 0 0
190 0.123701 0 3.625 0.8 0.5 0 0
200 0.125551 0 3.625 0.690196 0.5 0 0
210 0.125551 0 3.625 0.729412 0.5 0 0
220 0.126243 0 3.625 0.694118 0.5 0 0
230 0.126243 0 3.625 0.72549 0.5 0 0
240 0.126435 0 3.625 0.721569 0.5 0 0
250 0.126435 0 3.625 0.611765 0.5 0 0
260 0.126524 0 3.625 0.6 0.5 0 0
270 0.126524 0 3.625 0.639216 0.5 0 0
280 0.126383 0 3.625 0.556863 0.5 0 0
290 0.126383 0 3.625 0.721569 0.5 0 0
300 0.126377 0 3.625 0.658824 0.5 0 0
310 0.126377 0 3.625 0.564706 0.5 0 0
320 0.125754 0 3.625 0.588235 0.5 0 0
330 0.125754 0 3.625 0.6 0.5 0 0
340 0.125428 0.125 3.75 0.615686 0.5 0 0
350 0.125428 0.125 3.75 0.576471 0.5 0 0
360 0.125121 0.125 3.875 0.560784 0.5 0 0
370 0.125121 0.125 3.875 0.682353 0.5 0 0
380 0.124084 0.125 4 0.556863 0.5 0 0
390 0.124084 0.125 4 0.670588 0.5 0 0
400 0.12287 0.25 4.25 0.592157 0.5 0 0
410 0.12287 0.25 4.25 0.639216 0.5 0 0
420 0.121729 0.25 4.5 0.560784 0.5 0 0
430 0.121729 0.25 4.5 0.576471 0.5 0 0
440 0.119358 0.125 4.625 0.721569 0.5 0 0
450 0.119358 0.125 4.625 0.666667 0.5 0 0
460 0.117925 0.125 4.75 0.713725 0.5 0 0
470 0.117925 0.125 4.75 0.537255 0.5 0 0
480 0.116531 0.125 4.875 0.513725 0.5 0 0
490 0.116531 0.125 4.875 0.509804 0.5 0 0
500 0.114886 0.125 5 0.517647 0.5 0 0
510 0.114886 0.125 5 0.517647 0.5 0 0
520 0.114587 0.125 5.125 0.513725 0.5 0 0
530 0.114587 0.125 5.125 0.643137 0.5 0 0
540 0.1143 0.125 5.25 0.537255 0.5 0 0
550 0.1143 0.125 5.25 0.635294 0.5 0 0
560 0.113958 0.125 5.375 0.517647 0.5 0 0
570 0.113958 0.125 5.375 0.52549 0.5 0 0
580 0.113765 0.125 5.5 0.552941 0.5 0 0
590 0.113765 0.125 5.5 0.521569 0.5 0 0
600 0.113599 0 5.5 0.513725 0.5 0 0
610 0.113599 0 5.5 0.517647 0.5 0 0
620 0.112829 0 5.5 0.513725 0.5 0 0
630 0.112829 0 5.5 0.517647 0.5 0 0
640 0.112742 0.125 5.625 0.509804 0.5 0 0
650 0.112742 0.125 5.625 0.517647 0.5 0 0
660 0.1127 0.125 5.75 0.513725 0.5 0 0
670 0.1127 0.125 5.75 0.521569 0.5 0 0
680 0.112485 0.125 5.875 0.521569 0.5 0 0
690 0.112485 0.125 5.875 0.517647 0.5 0 0
700 0.112439 0.125 6 0.517647 0.5 0 0
710 0.112439 0.125 6 0.517647 0.5 0 0
720 0.112376 0.125 6.125 0.517647 0.5 0 0
730 0.112376 0.125 6.125 0.513725 0.5 0 0
740 0.112219 0 6.125 0.517647 0.5 0 0
750 0.112219 0 6.125 0.501961 0.5 0 0
760 0.112508 0 6.125 0.498039 0.5 0 0
770 0.112508 0 6.125 0.498039 0.5 0 0
780 0.112791 0 6.125 0.501961 0.5 0 0
790 0.112791 0 6.125 0.501961 0.5 0 0
800 0.112828 0 6.125 0.494118 0.5 0 0
810 0.112828 0 6.125 0.486275 0.5 0 0
820 0.113049 0 6.125 0.482353 0.5 0 0
830 0.113049 0 6.125 0.47451 0.5 0 0
840 0.112543 0 6.125 0.466667 0.5 0 0
850 0.112543 0 6.125 0.466667 0.5 0 0
860 0.111879 0 6.125 0.466667 0.5 0 0
870 0.111879 0 6.125 0.466667 0.5 0 0
880 0.111836 0 6.125 0.466667 0.5 0 0
890 0.111836 0 6.125 0.466667 0.5 0 0
900 0.111875 0 6.125 0.466667 0.5 0 0
910 0.111875 0 6.125 0.466667 0.5 0 0
920 0.111476 0 6.125 0.466667 0.5 0 0
930 0.111476 0 6.125 0.466667 0.5 0 0
940 0.111425 0 6.125 0.466667 0.5 0 0
950 0.111425 0 6.125 0.466667 0.5 0 0
960 0.111434 0 6.125 0.462745 0.5 0 0
970 0.111434 0 6.125 0.466667 0.5 0 0
980 0.11136 0 6.125 0.462745 0.5 0 0
990 0.11136 0 6.125 0.458824 0.5 0 0
1000 0.110692 0 6.125 0.443137 0.5 0 0
1010 0.110692 0 6.125 0.443137 0.5 0 0
1020 0.109149 0 6.125 0.443137 0.5 0 0
1030 0.109149 0 6.125 0.447059 0.5 0 0
1040 0.108818 0 6.125 0.443137 0.5 0 0
1050 0.108818 0 6.125 0.443137 0.5 0 0
1060 0.108818 0 6.125 0.443137 0.5 0 0
1070 0.108818 0 6.125 0.443137 0.5 0 0
1080 0.108816 0 6.125 0.443137 0.5 0 0
1090 0.108816 0 6.125 0.443137 0.5 0 0
1100 0.10888 0 6.125 0.443137 0.5 0 0
1110 0.10888 0 6.125 0.443137 0.5 0 0
1120 0.108747 0 6.125 0.443137 0.5 0 0
1130 0.108747 0 6.125 0.443137 0.5 0 0
1140 0.108546 0 6.125 0.443137 0.5 0 0
1150 0.108546 0 6.125 0.439216 0.5 0 0
1160 0.108656 0 6.125 0.439216 0.5 0 0
1170 0.108656 0 6.125 0.439216 0.5 0 0
1180 0.108698 0 6.125 0.443137 0.5 0 0
1190 0.108698 0 6.125 0.439216 0.5 0 0
1200 0.108402 0 6.125 0.439216 0.5 0 0
1210 0.108402 0 6.125 0.435294 0.5 0 0
1220 0.108571 0 6.125 0.431373 0.5 0 0
1230 0.108571 0 6.125 0.427451 0.5 0 0
1240 0.107864 0 6.125 0.427451 0.5 0 0
1250 0.107864 0 6.125 0.431373 0.5 0 0
1260 0.10771 0 6.125 0.427451 0.5 0 0
1270 0.10771 0 6.125 0.427451 0.5 0 0
1280 0.107277 0 6.125 0.427451 0.5 0 0
1290 0.107277 0 6.125 0.427451 0.5 0 0
1300 0.10727 0 6.125 0.427451 0.5 0 0
1310 0.10727 0 6.125 0.431373 0.5 0 0
1320 0.107246 0 6.125 0.427451 0.5 0 0
1330 0.107246 0 6.125 0.427451 0.5 0 0
1340 0.107113 0 6.125 0.427451 0.5 0 0
1350 0.107113 0 6.125 0.427451 0.5 0 0
1360 0.107115 0 6.125 0.427451 0.5 0 0
1370 0.107115 0 6.125 0.431373 0.5 0 0
1380 0.107333 0 6.125 0.427451 0.5 0 0
1390 0.107333 0 6.125 0.427451 0.5 0 0
1400 0.107416 0 6.125 0.427451 0.5 0 0
1410 0.107416 0 6.125 0.427451 0.5 0 0
1420 0.107487 0 6.125 0.423529 0.5 0 0
1430 0.107487 0 6.125 0.415686 0.5 0 0
1440 0.107643 0 6.125 0.415686 0.5 0 0
1450 0.107643 0 6.125 0.419608 0.5 0 0
1460 0.106937 0 6.125 0.419608 0.5 0 0
1470 0.106937 0 6.125 0.419608 0.5 0 0
1480 0.106791 0 6.125 0.419608 0.5 0 0
1490 0.106791 0 6.125 0.415686 0.5 0 0
1500 0.106856 0 6.125 0.415686 0.5 0 0
1510 0.106856 0 6.125 0.415686 0.5 0 0
1520 0.106631 0 6.125 0.415686 0.5 0 0
1530 0.106631 0 6.125 0.415686 0.5 0 0
1540 0.10624 0 6.125 0.415686 0.5 0 0
1550 0.10624 0 6.125 0.415686 0.5 0 0
1560 0.105878 0 6.125 0.415686 0.5 0 0
1570 0.105878 0 6.125 0.415686 0.5 0 0
1580 0.105722 0 6.125 0.415686 0.5 0 0
1590 0.105722 0 6.125 0.415686 0.5 0 0
1600 0.105722 0 6.125 0.415686 0.5 0 0
1610 0.105722 0 6.125 0.415686 0.5 0 0
1620 0.105722 0 6.125 0.415686 0.5 0 0
1630 0.105722 0 6.125 0.415686 0.5 0 0
1640 0.105722 0 6.125 0.415686 0.5 0 0
1650 0.105722 0 6.125 0.415686 0.5 0 0
1660 0.105722 0 6.125 0.415686 0.5 0 0
1670 0.105722 0 6.125 0.415686 0.5 0 0
1680 0.105722 0 6.125 0.415686 0.5 0 0
1690 0.105722 0 6.125 0.415686 0.5 0 0
1700 0.105722 0 6.125 0.415686 0.5 0 0
1710 0.105722 0 6.125 0.415686 0.5 0 0
1720 0.105722 0 6.125 0.415686 0.5 0 0
1730 0.105722 0 6.125 0.415686 0.5 0 0
1740 0.105722 0 6.125 0.415686 0.5 0 0
1750 0.105722 0 6.125 0.415686 0.5 0 0
1760 0.105707 0 6.125 0.415686 0.5 0 0
1770 0.105707 0 6.125 0.415686 0.5 0 0
1780 0.105707 0 6.125 0.415686 0.5 0 0
1790 0.105707 0 6.125 0.415686 0.5 0 0
1800 0.1057 0 6.125 0.415686 0.5 0 0
1810 0.1057 0 6.125 0.415686 0.5 0 0
1820 0.1057 0 6.125 0.415686 0.5 0 0
1830 0.1057 0 6.125 0.415686 0.5 0 0
1840 0.1057 0 6.125 0.415686 0.5 0 0
1850 0.1057 0 6.125 0.415686 0.5 0 0
1860 0.105816 0 6.125 0.415686 0.5 0 0
1870 0.105816 0 6.125 0.415686 0.5 0 0
1880 0.105968 0 6.125 0.415686 0.5 0 0
1890 0.105968 0 6.125 0.415686 0.5 0 0
1900 0.105968 0 6.125 0.415686 0.5 0 0
1910 0.105968 0 6.125 0.415686 0.5 0 0
1920 0.105968 0 6.125 0.415686 0.5 0 0
1930 0.105968 0 6.125 0.415686 0.5 0 0
1940 0.105968 0 6.125 0.415686 0.5 0 0
1950 0.105968 0 6.125 0.415686 0.5 0 0
1960 0.105968 0 6.125 0.415686 0.5 0 0
1970 0.105968 0 6.125 0.415686 0.5 0 0
1980 0.106027 0 6.125 0.415686 0.5 0 0
1990 0.106027 0 6.125 0.411765 0.5 0 0
2000 0.106569 0 6.125 0.415686 0.5 0 0
2010 0.106569 0 6.125 0.411765 0.5 0 0
2020 0.107179 0 6.125 0.411765 0.5 0 0
2030 0.107179 0 6.125 0.407843 0.5 0 0
2040 0.10735 0 6.125 0.407843 0.5 0 0
2050 0.10735 0 6.125 0.407843 0.5 0 0
2060 0.107392 0 6.125 0.407843 0.5 0 0
2070 0.107392 0 6.125 0.407843 0.5 0 0
2080 0.107522 0 6.125 0.407843 0.5 0 0
2090 0.107522 0 6.125 0.407843 0.5 0 0
2100 0.107609 0 6.125 0.407843 0.5 0 0
2110 0.107609 0 6.125 0.403922 0.5 0 0
2120 0.10736 0 6.125 0.4 0.5 0 0
2130 0.10736 0 6.125 0.4 0.5 0 0
2140 0.106682 0 6.125 0.4 0.5 0 0
2150 0.106682 0 6.125 0.4 0.5 0 0
2160 0.106691 0 6.125 0.403922 0.5 0 0
2170 0.106691 0 6.125 0.403922 0.5 0 0
2180 0.107122 0 6.125 0.403922 0.5 0 0
2190 0.107122 0 6.125 0.4 0.5 0 0
2200 0.106557 0 6.125 0.396078 0.5 0 0
2210 0.106557 0 6.125 0.396078 0.5 0 0
2220 0.105705 0 6.125 0.396078 0.5 0 0
2230 0.105705 0 6.125 0.396078 0.5 0 0
2240 0.105342 0 6.125 0.396078 0.5 0 0
2250 0.105342 0 6.125 0.396078 0.5 0 0
2260 0.1053 0 6.125 0.396078 0.5 0 0
2270 0.1053 0 6.125 0.396078 0.5 0 0
2280 0.105515 0 6.125 0.392157 0.5 0 0
2290 0.105515 0 6.125 0.392157 0.5 0 0
2300 0.104839 0 6.125 0.392157 0.5 0 0
2310 0.104839 0 6.125 0.392157 0.5 0 0
2320 0.10407 0 6.125 0.392157 0.5 0 0
2330 0.10407 0 6.125 0.392157 0.5 0 0
2340 0.103446 0 6.125 0.392157 0.5 0 0
2350 0.103446 0 6.125 0.392157 0.5 0 0
2360 0.103429 0 6.125 0.392157 0.5 0 0
2370 0.103429 0 6.125 0.392157 0.5 0 0
2380 0.103247 0 6.125 0.392157 0.5 0 0
2390 0.103247 0 6.125 0.392157 0.5 0 0
2400 0.103024 0 6.125 0.392157 0.5 0 0
2410 0.103024 0 6.125 0.392157 0.5 0 0
2420 0.103028 0 6.125 0.392157 0.5 0 0
2430 0.103028 0 6.125 0.392157 0.5 0 0
2440 0.103161 0 6.125 0.392157 0.5 0 0
2450 0.103161 0 6.125 0.392157 0.5 0 0
2460 0.103162 0 6.125 0.392157 0.5 0 0
2470 0.103162 0 6.125 0.392157 0.5 0 0
2480 0.103244 0 6.125 0.392157 0.5 0 0
2490 0.103244 0 6.125 0.392157 0.5 0 0
2500 0.104223 0 6.125 0.392157 0.5 0 0
2510 0.104223 0 6.125 0.392157 0.5 0 0
2520 0.105135 0 6.125 0.396078 0.5 0 0
2530 0.105135 0 6.125 0.396078 0.5 0 0
2540 0.105712 0 6.125 0.396078 0.5 0 0
2550 0.105712 0 6.125 0.396078 0.5 0 0
2560 0.105923 0 6.125 0.396078 0.5 0 0
2570 0.105923 0 6.125 0.392157 0.5 0 0
2580 0.105845 0 6.125 0.392157 0.5 0 0
2590 0.105845 0 6.125 0.388235 0.5 0 0
2600 0.105788 0 6.125 0.384314 0.5 0 0
2610 0.105788 0 6.125 0.384314 0.5 0 0
2620 0.105459 0 6.125 0.384314 0.5 0 0
2630 0.105459 0 6.125 0.384314 0.5 0 0
2640 0.105195 0 6.125 0.388235 0.5 0 0
2650 0.105195 0 6.125 0.384314 0.5 0 0
2660 0.10512 0 6.125 0.384314 0.5 0 0
2670 0.10512 0 6.125 0.384314 0.5 0 0
2680 0.104559 0 6.125 0.380392 0.5 0 0
2690 0.104559 0 6.125 0.380392 0.5 0 0
2700 0.103219 0 6.125 0.376471 0.5 0 0
2710 0.103219 0 6.125 0.376471 0.5 0 0
2720 0.102522 0 6.125 0.376471 0.5 0 0
2730 0.102522 0 6.125 0.376471 0.5 0 0
2740 0.102412 0 6.125 0.376471 0.5 0 0
2750 0.102412 0 6.125 0.372549 0.5 0 0
2760 0.101862 0 6.125 0.372549 0.5 0 0
2770 0.101862 0 6.125 0.372549 0.5 0 0
2780 0.10157 0 6.125 0.372549 0.5 0 0
2790 0.10157 0 6.125 0.372549 0.5 0 0
2800 0.101058 0 6.125 0.376471 0.5 0 0
2810 0.101058 0 6.125 0.376471 0.5 0 0
2820 0.101054 0 6.125 0.376471 0.5 0 0
2830 0.101054 0 6.125 0.376471 0.5 0 0
2840 0.100864 0 6.125 0.372549 0.5 0 0
2850 0.100864 0 6.125 0.372549 0.5 0 0
2860 0.100544 0 6.125 0.372549 0.5 0 0
2870 0.100544 0 6.125 0.368627 0.5 0 0
2880 0.100149 0 6.125 0.368627 0.5 0 0
2890 0.100149 0 6.125 0.368627 0.5 0 0
2900 0.0996478 0 6.125 0.368627 0.5 0 0
2910 0.0996478 0 6.125 0.368627 0.5 0 0
2920 0.0991494 0 6.125 0.368627 0.5 0 0
2930 0.0991494 0 6.125 0.368627 0.5 0 0
2940 0.0990066 0 6.125 0.368627 0.5 0 0
2950 0.0990066 0 6.125 0.368627 0.5 0 0
2960 0.0986997 0 6.125 0.368627 0.5 0 0
2970 0.0986997 0 6.125 0.368627 0.5 0 0
2980 0.0989875 0 6.125 0.368627 0.5 0 0
2990 0.0989875 0 6.125 0.368627 0.5 0 0
3000 0.0991576 0 6.125 0.368627 0.5 0 0
3010 0.0991576 0 6.125 0.368627 0.5 0 0
3020 0.0992842 0 6.125 0.368627 0.5 0 0
3030 0.0992842 0 6.125 0.368627 0.5 0 0
3040 0.0994303 0 6.125 0.364706 0.5 0 0
3050 0.0994303 0 6.125 0.364706 0.5 0 0
3060 0.099194 0 6.125 0.364706 0.5 0 0
3070 0.099194 0 6.125 0.360784 0.5 0 0
3080 0.0989187 0 6.125 0.364706 0.5 0 0
3090 0.0989187 0 6.125 0.360784 0.5 0 0
3100 0.0986441 0 6.125 0.364706 0.5 0 0
3110 0.0986441 0 6.125 0.364706 0.5 0 0
3120 0.0981898 0 6.125 0.364706 0.5 0 0
3130 0.0981898 0 6.125 0.364706 0.5 0 0
3140 0.0980186 0 6.125 0.364706 0.5 0 0
3150 0.0980186 0 6.125 0.360784 0.5 0 0
3160 0.0974248 0 6.125 0.364706 0.5 0 0
3170 0.0974248 0 6.125 0.364706 0.5 0 0
3180 0.0961577 0 6.125 0.364706 0.5 0 0
3190 0.0961577 0 6.125 0.364706 0.5 0 0
3200 0.0954544 0 6.125 0.364706 0.5 0 0
3210 0.0954544 0 6.125 0.364706 0.5 0 0
3220 0.0944478 0 6.125 0.364706 0.5 0 0
3230 0.0944478 0 6.125 0.364706 0.5 0 0
3240 0.0941305 0 6.125 0.364706 0.5 0 0
3250 0.0941305 0 6.125 0.364706 0.5 0 0
3260 0.0941229 0 6.125 0.364706 0.5 0 0
3270 0.0941229 0 6.125 0.364706 0.5 0 0
3280 0.0941229 0 6.125 0.364706 0.5 0 0
3290 0.0941229 0 6.125 0.364706 0.5 0 0
3300 0.0941229 0 6.125 0.364706 0.5 0 0
3310 0.0941229 0 6.125 0.364706 0.5 0 0
3320 0.0941229 0 6.125 0.364706 0.5 0 0
3330 0.0941229 0 6.125 0.364706 0.5 0 0
3340 0.0941229 0 6.125 0.364706 0.5 0 0
3350 0.0941229 0 6.125 0.360784 0.5 0 0
3360 0.0941229 0 6.125 0.364706 0.5 0 0
3370 0.0941229 0 6.125 0.364706 0.5 0 0
3380 0.0941229 0 6.125 0.360784 0.5 0 0
3390 0.0941229 0 6.125 0.364706 0.5 0 0
3400 0.0941229 0 6.125 0.364706 0.5 0 0
3410 0.0941229 0 6.125 0.364706 0.5 0 0
3420 0.0941229 0 6.125 0.364706 0.5 0 0
3430 0.0941229 0 6.125 0.364706 0.5 0 0
3440 0.0941229 0 6.125 0.364706 0.5 0 0
3450 0.0941229 0 6.125 0.364706 0.5 0 0
3460 0.0941229 0 6.125 0.364706 0.5 0 0
3470 0.0941229 0 6.125 0.364706 0.5 0 0
3480 0.0941229 0 6.125 0.364706 0.5 0 0
3490 0.0941229 0 6.125 0.364706 0.5 0 0
3500 0.0941229 0 6.125 0.364706 0.5 0 0
3510 0.0941229 0 6.125 0.364706 0.5 0 0
3520 0.0942062 0 6.125 0.364706 0.5 0 0
3530 0.0942062 0 6.125 0.360784 0.5 0 0
3540 0.0942067 0 6.125 0.364706 0.5 0 0
3550 0.0942067 0 6.125 0.364706 0.5 0 0
3560 0.0942067 0 6.125 0.364706 0.5 0 0
3570 0.0942067 0 6.125 0.364706 0.5 0 0
3580 0.0942067 0 6.125 0.364706 0.5 0 0
3590 0.0942067 0 6.125 0.364706 0.5 0 0
3600 0.0943091 0 6.125 0.364706 0.5 0 0
3610 0.0943091 0 6.125 0.360784 0.5 0 0
3620 0.0953481 0 6.125 0.364706 0.5 0 0
3630 0.0953481 0 6.125 0.368627 0.5 0 0
3640 0.0960575 0 6.125 0.368627 0.5 0 0
3650 0.0960575 0 6.125 0.368627 0.5 0 0
3660 0.0960988 0 6.125 0.368627 0.5 0 0
3670 0.0960988 0 6.125 0.368627 0.5 0 0
3680 0.0960988 0 6.125 0.368627 0.5 0 0
3690 0.0960988 0 6.125 0.368627 0.5 0 0
3700 0.0960988 0 6.125 0.368627 0.5 0 0
3710 0.0960988 0 6.125 0.368627 0.5 0 0
3720 0.0954325 0 6.125 0.364706 0.5 0 0
3730 0.0954325 0 6.125 0.356863 0.5 0 0
3740 0.0943327 0 6.125 0.356863 0.5 0 0
3750 0.0943327 0 6.125 0.356863 0.5 0 0
3760 0.0936475 0 6.125 0.356863 0.5 0 0
3770 0.0936475 0 6.125 0.356863 0.5 0 0
3780 0.0941608 0 6.125 0.356863 0.5 0 0
3790 0.0941608 0 6.125 0.356863 0.5 0 0
3800 0.0942724 0 6.125 0.356863 0.5 0 0
3810 0.0942724 0 6.125 0.360784 0.5 0 0
3820 0.0941836 0 6.125 0.356863 0.5 0 0
3830 0.0941836 0 6.125 0.356863 0.5 0 0
3840 0.0933803 0 6.125 0.356863 0.5 0 0
3850 0.0933803 0 6.125 0.352941 0.5 0 0
3860 0.0929957 0 6.125 0.352941 0.5 0 0
3870 0.0929957 0 6.125 0.352941 0.5 0 0
3880 0.0921612 0 6.125 0.34902 0.5 0 0
3890 0.0921612 0 6.125 0.34902 0.5 0 0
3900 0.090703 0 6.125 0.34902 0.5 0 0
3910 0.090703 0 6.125 0.34902 0.5 0 0
3920 0.0886449 0 6.125 0.34902 0.5 0 0
3930 0.0886449 0 6.125 0.34902 0.5 0 0
3940 0.0878065 0 6.125 0.34902 0.5 0 0
3950 0.0878065 0 6.125 0.34902 0.5 0 0
3960 0.0875651 0 6.125 0.34902 0.5 0 0
3970 0.0875651 0 6.125 0.34902 0.5 0 0
3980 0.0874887 0 6.125 0.34902 0.5 0 0
3990 0.0874887 0 6.125 0.34902 0.5 0 0
4000 0.0874888 0 6.125 0.34902 0.5 0 0
4010 0.0874888 0 6.125 0.34902 0.5 0 0
4020 0.0882668 0 6.125 0.34902 0.5 0 0
4030 0.0882668 0 6.125 0.34902 0.5 0 0
4040 0.0893575 0 6.125 0.34902 0.5 0 0
4050 0.0893575 0 6.125 0.34902 0.5 0 0
4060 0.0904333 0 6.125 0.352941 0.5 0 0
4070 0.0904333 0 6.125 0.352941 0.5 0 0
4080 0.0914068 0 6.125 0.356863 0.5 0 0
4090 0.0914068 0 6.125 0.356863 0.5 0 0
4100 0.0915201 0 6.125 0.356863 0.5 0 0
4110 0.0915201 0 6.125 0.356863 0.5 0 0
4120 0.0915201 0 6.125 0.356863 0.5 0 0
4130 0.0915201 0 6.125 0.356863 0.5 0 0
4140 0.0914998 0 6.125 0.356863 0.5 0 0
4150 0.0914998 0 6.125 0.356863 0.5 0 0
4160 0.090896 0 6.125 0.352941 0.5 0 0
4170 0.090896 0 6.125 0.352941 0.5 0 0
4180 0.0907683 0 6.125 0.352941 0.5 0 0
4190 0.0907683 0 6.125 0.352941 0.5 0 0
4200 0.0904989 0 6.125 0.356863 0.5 0 0
4210 0.0904989 0 6.125 0.360784 0.5 0 0
4220 0.0902055 0 6.125 0.360784 0.5 0 0
4230 0.0902055 0 6.125 0.356863 0.5 0 0
4240 0.0894962 0 6.125 0.352941 0.5 0 0
4250 0.0894962 0 6.125 0.352941 0.5 0 0
4260 0.0883297 0 6.125 0.34902 0.5 0 0
4270 0.0883297 0 6.125 0.34902 0.5 0 0
4280 0.0874104 0 6.125 0.345098 0.5 0 0
4290 0.0874104 0 6.125 0.341176 0.5 0 0
4300 0.0864654 0 6.125 0.345098 0.5 0 0
4310 0.0864654 0 6.125 0.345098 0.5 0 0
4320 0.0855134 0 6.125 0.341176 0.5 0 0
4330 0.0855134 0 6.125 0.341176 0.5 0 0
4340 0.0844708 0 6.125 0.341176 0.5 0 0
4350 0.0844708 0 6.125 0.345098 0.5 0 0
4360 0.084781 0 6.125 0.345098 0.5 0 0
4370 0.084781 0 6.125 0.345098 0.5 0 0
4380 0.0850755 0 6.125 0.345098 0.5 0 0
4390 0.0850755 0 6.125 0.352941 0.5 0 0
4400 0.0842518 0 6.125 0.352941 0.5 0 0
4410 0.0842518 0 6.125 0.356863 0.5 0 0
4420 0.0837501 0 6.125 0.356863 0.5 0 0
4430 0.0837501 0 6.125 0.356863 0.5 0 0
4440 0.0826934 0 6.125 0.34902 0.5 0 0
4450 0.0826934 0 6.125 0.337255 0.5 0 0
4460 0.0818316 0 6.125 0.333333 0.5 0 0
4470 0.0818316 0 6.125 0.333333 0.5 0 0
4480 0.08039 0 6.125 0.333333 0.5 0 0
4490 0.08039 0 6.125 0.333333 0.5 0 0
4500 0.079773 0 6.125 0.333333 0.5 0 0
4510 0.079773 0 6.125 0.333333 0.5 0 0
4520 0.0791852 0 6.125 0.333333 0.5 0 0
4530 0.0791852 0 6.125 0.333333 0.5 0 0
4540 0.0791804 0 6.125 0.333333 0.5 0 0
4550 0.0791804 0 6.125 0.333333 0.5 0 0
4560 0.0791804 0 6.125 0.333333 0.5 0 0
4570 0.0791804 0 6.125 0.333333 0.5 0 0
4580 0.078846 0 6.125 0.333333 0.5 0 0
4590 0.078846 0 6.125 0.341176 0.5 0 0
4600 0.0785128 0 6.125 0.337255 0.5 0 0
4610 0.0785128 0 6.125 0.337255 0.5 0 0
4620 0.0785125 0 6.125 0.341176 0.5 0 0
4630 0.0785125 0 6.125 0.337255 0.5 0 0
4640 0.0785125 0 6.125 0.341176 0.5 0 0
4650 0.0785125 0 6.125 0.337255 0.5 0 0
4660 0.0785125 0 6.125 0.337255 0.5 0 0
4670 0.0785125 0 6.125 0.337255 0.5 0 0
4680 0.0785125 0 6.125 0.337255 0.5 0 0
4690 0.0785125 0 6.125 0.337255 0.5 0 0
4700 0.0785125 0 6.125 0.337255 0.5 0 0
4710 0.0785125 0 6.125 0.341176 0.5 0 0
4720 0.0784834 0 6.125 0.341176 0.5 0 0
4730 0.0784834 0 6.125 0.337255 0.5 0 0
4740 0.0784834 0 6.125 0.337255 0.5 0 0
4750 0.0784834 0 6.125 0.337255 0.5 0 0
4760 0.0784834 0 6.125 0.337255 0.5 0 0
4770 0.0784834 0 6.125 0.341176 0.5 0 0
4780 0.0784834 0 6.125 0.337255 0.5 0 0
4790 0.0784834 0 6.125 0.337255 0.5 0 0
4800 0.0784834 0 6.125 0.337255 0.5 0 0
4810 0.0784834 0 6.125 0.337255 0.5 0 0
4820 0.0784834 0 6.125 0.337255 0.5 0 0
4830 0.0784834 0 6.125 0.341176 0.5 0 0
4840 0.0784834 0 6.125 0.337255 0.5 0 0
4850 0.0784834 0 6.125 0.337255 0.5 0 0
4860 0.0784834 0 6.125 0.341176 0.5 0 0
4870 0.0784834 0 6.125 0.337255 0.5 0 0
4880 0.0784834 0 6.125 0.337255 0.5 0 0
4890 0.0784834 0 6.125 0.337255 0.5 0 0
4900 0.0784834 0 6.125 0.337255 0.5 0 0
4910 0.0784834 0 6.125 0.341176 0.5 0 0
4920 0.0784834 0 6.125 0.337255 0.5 0 0
4930 0.0784834 0 6.125 0.337255 0.5 0 0
4940 0.0784834 0 6.125 0.337255 0.5 0 0
4950 0.0784834 0 6.125 0.333333 0.5 0 0
4960 0.0785588 0 6.125 0.337255 0.5 0 0
4970 0.0785588 0 6.125 0.337255 0.5 0 0
4980 0.0791998 0 6.125 0.341176 0.5 0 0
4990 0.0791998 0 6.125 0.333333 0.5 0 0
5000 0.0805384 0 6.125 0.337255 0.5 0 0
5010 0.0805384 0 6.125 0.333333 0.5 0 0
5020 0.0816824 0 6.125 0.337255 0.5 0 0
5030 0.0816824 0 6.125 0.337255 0.5 0 0
5040 0.0823294 0 6.125 0.337255 0.5 0 0
5050 0.0823294 0 6.125 0.337255 0.5 0 0
5060 0.0828329 0 6.125 0.337255 0.5 0 0
5070 0.0828329 0 6.125 0.337255 0.5 0 0
5080 0.0834295 0 6.125 0.341176 0.5 0 0
5090 0.0834295 0 6.125 0.337255 0.5 0 0
5100 0.0836695 0 6.125 0.337255 0.5 0 0
5110 0.0836695 0 6.125 0.341176 0.5 0 0
5120 0.0837098 0 6.125 0.341176 0.5 0 0
5130 0.0837098 0 6.125 0.337255 0.5 0 0
5140 0.0834528 0 6.125 0.337255 0.5 0 0
5150 0.0834528 0 6.125 0.329412 0.5 0 0
5160 0.0827761 0 6.125 0.333333 0.5 0 0
5170 0.0827761 0 6.125 0.333333 0.5 0 0
5180 0.0816963 0 6.125 0.333333 0.5 0 0
5190 0.0816963 0 6.125 0.341176 0.5 0 0
5200 0.0819671 0 6.125 0.341176 0.5 0 0
5210 0.0819671 0 6.125 0.341176 0.5 0 0
5220 0.0822898 0 6.125 0.341176 0.5 0 0
5230 0.0822898 0 6.125 0.341176 0.5 0 0
5240 0.0814905 0 6.125 0.333333 0.5 0 0
5250 0.0814905 0 6.125 0.333333 0.5 0 0
5260 0.080229 0 6.125 0.333333 0.5 0 0
5270 0.080229 0 6.125 0.333333 0.5 0 0
5280 0.0783346 0 6.125 0.333333 0.5 0 0
5290 0.0783346 0 6.125 0.333333 0.5 0 0
5300 0.077942 0 6.125 0.333333 0.5 0 0
5310 0.077942 0 6.125 0.333333 0.5 0 0
5320 0.0776411 0 6.125 0.333333 0.5 0 0
5330 0.0776411 0 6.125 0.333333 0.5 0 0
5340 0.0776938 0 6.125 0.337255 0.5 0 0
5350 0.0776938 0 6.125 0.337255 0.5 0 0
5360 0.0777975 0 6.125 0.337255 0.5 0 0
5370 0.0777975 0 6.125 0.341176 0.5 0 0
5380 0.0776323 0 6.125 0.341176 0.5 0 0
5390 0.0776323 0 6.125 0.341176 0.5 0 0
5400 0.0781986 0 6.125 0.345098 0.5 0 0
5410 0.0781986 0 6.125 0.345098 0.5 0 0
5420 0.0784 0 6.125 0.345098 0.5 0 0
5430 0.0784 0 6.125 0.341176 0.5 0 0
5440 0.0774149 0 6.125 0.333333 0.5 0 0
5450 0.0774149 0 6.125 0.321569 0.5 0 0
5460 0.0757177 0 6.125 0.321569 0.5 0 0
5470 0.0757177 0 6.125 0.321569 0.5 0 0
5480 0.0752774 0 6.125 0.321569 0.5 0 0
5490 0.0752774 0 6.125 0.321569 0.5 0 0
5500 0.0758825 0 6.125 0.32549 0.5 0 0
5510 0.0758825 0 6.125 0.329412 0.5 0 0
5520 0.0763222 0 6.125 0.329412 0.5 0 0
5530 0.0763222 0 6.125 0.329412 0.5 0 0
5540 0.0765973 0 6.125 0.329412 0.5 0 0
5550 0.0765973 0 6.125 0.329412 0.5 0 0
5560 0.0759488 0 6.125 0.329412 0.5 0 0
5570 0.0759488 0 6.125 0.32549 0.5 0 0
5580 0.0753384 0 6.125 0.32549 0.5 0 0
5590 0.0753384 0 6.125 0.321569 0.5 0 0
5600 0.0745709 0 6.125 0.321569 0.5 0 0
5610 0.0745709 0 6.125 0.321569 0.5 0 0
5620 0.0740503 0 6.125 0.321569 0.5 0 0
5630 0.0740503 0 6.125 0.321569 0.5 0 0
5640 0.07422 0 6.125 0.321569 0.5 0 0
5650 0.07422 0 6.125 0.321569 0.5 0 0
5660 0.0741073 0 6.125 0.321569 0.5 0 0
5670 0.0741073 0 6.125 0.321569 0.5 0 0
5680 0.0738007 0 6.125 0.32549 0.5 0 0
5690 0.0738007 0 6.125 0.32549 0.5 0 0
5700 0.073739 0 6.125 0.329412 0.5 0 0
5710 0.073739 0 6.125 0.329412 0.5 0 0
5720 0.0733995 0 6.125 0.329412 0.5 0 0
5730 0.0733995 0 6.125 0.329412 0.5 0 0
5740 0.0734398 0 6.125 0.321569 0.5 0 0
5750 0.0734398 0 6.125 0.317647 0.5 0 0
5760 0.0724037 0 6.125 0.309804 0.5 0 0
5770 0.0724037 0 6.125 0.309804 0.5 0 0
5780 0.0715349 0 6.125 0.309804 0.5 0 0
5790 0.0715349 0 6.125 0.309804 0.5 0 0
5800 0.0712187 0 6.125 0.309804 0.5 0 0
5810 0.0712187 0 6.125 0.313725 0.5 0 0
5820 0.071589 0 6.125 0.313725 0.5 0 0
5830 0.071589 0 6.125 0.317647 0.5 0 0
5840 0.0716128 0 6.125 0.317647 0.5 0 0
5850 0.0716128 0 6.125 0.317647 0.5 0 0
5860 0.0713854 0 6.125 0.317647 0.5 0 0
5870 0.0713854 0 6.125 0.317647 0.5 0 0
5880 0.0705485 0 6.125 0.313725 0.5 0 0
5890 0.0705485 0 6.125 0.305882 0.5 0 0
5900 0.069154 0 6.125 0.301961 0.5 0 0
5910 0.069154 0 6.125 0.309804 0.5 0 0
5920 0.068226 0 6.125 0.313725 0.5 0 0
5930 0.068226 0 6.125 0.313725 0.5 0 0
5940 0.0681572 0 6.125 0.313725 0.5 0 0
5950 0.0681572 0 6.125 0.313725 0.5 0 0
5960 0.0681572 0 6.125 0.313725 0.5 0 0
5970 0.0681572 0 6.125 0.313725 0.5 0 0
5980 0.0678022 0 6.125 0.317647 0.5 0 0
5990 0.0678022 0 6.125 0.313725 0.5 0 0
6000 0.0674145 0 6.125 0.313725 0.5 0 0
6010 0.0674145 0 6.125 0.313725 0.5 0 0
6020 0.0672256 0 6.125 0.317647 0.5 0 0
6030 0.0672256 0 6.125 0.313725 0.5 0 0
6040 0.0668559 0 6.125 0.313725 0.5 0 0
6050 0.0668559 0 6.125 0.317647 0.5 0 0
6060 0.0668555 0 6.125 0.317647 0.5 0 0
6070 0.0668555 0 6.125 0.317647 0.5 0 0
6080 0.0668555 0 6.125 0.313725 0.5 0 0
6090 0.0668555 0 6.125 0.317647 0.5 0 0
6100 0.0668555 0 6.125 0.317647 0.5 0 0
6110 0.0668555 0 6.125 0.317647 0.5 0 0
6120 0.0668555 0 6.125 0.313725 0.5 0 0
6130 0.0668555 0 6.125 0.317647 0.5 0 0
6140 0.0668555 0 6.125 0.313725 0.5 0 0
6150 0.0668555 0 6.125 0.317647 0.5 0 0
6160 0.0668555 0 6.125 0.317647 0.5 0 0
6170 0.0668555 0 6.125 0.313725 0.5 0 0
6180 0.0668555 0 6.125 0.317647 0.5 0 0
6190 0.0668555 0 6.125 0.317647 0.5 0 0
6200 0.0668555 0 6.125 0.313725 0.5 0 0
6210 0.0668555 0 6.125 0.317647 0.5 0 0
6220 0.0668555 0 6.125 0.317647 0.5 0 0
6230 0.0668555 0 6.125 0.317647 0.5 0 0
6240 0.0668555 0 6.125 0.317647 0.5 0 0
6250 0.0668555 0 6.125 0.317647 0.5 0 0
6260 0.0668555 0 6.125 0.313725 0.5 0 0
6270 0.0668555 0 6.125 0.313725 0.5 0 0
6280 0.0668555 0 6.125 0.317647 0.5 0 0
6290 0.0668555 0 6.125 0.317647 0.5 0 0
6300 0.0671454 0 6.125 0.317647 0.5 0 0
6310 0.0671454 0 6.125 0.317647 0.5 0 0
6320 0.0679868 0 6.125 0.317647 0.5 0 0
6330 0.0679868 0 6.125 0.317647 0.5 0 0
6340 0.0684724 0 6.125 0.321569 0.5 0 0
6350 0.0684724 0 6.125 0.317647 0.5 0 0
6360 0.0690103 0 6.125 0.317647 0.5 0 0
6370 0.0690103 0 6.125 0.313725 0.5 0 0
6380 0.0697009 0 6.125 0.313725 0.5 0 0
6390 0.0697009 0 6.125 0.313725 0.5 0 0
6400 0.0702268 0 6.125 0.313725 0.5 0 0
6410 0.0702268 0 6.125 0.313725 0.5 0 0
6420 0.0708441 0 6.125 0.313725 0.5 0 0
6430 0.0708441 0 6.125 0.317647 0.5 0 0
6440 0.0711328 0 6.125 0.317647 0.5 0 0
6450 0.0711328 0 6.125 0.317647 0.5 0 0
6460 0.0711284 0 6.125 0.321569 0.5 0 0
6470 0.0711284 0 6.125 0.321569 0.5 0 0
6480 0.0709314 0 6.125 0.321569 0.5 0 0
6490 0.0709314 0 6.125 0.317647 0.5 0 0
6500 0.0701739 0 6.125 0.309804 0.5 0 0
6510 0.0701739 0 6.125 0.305882 0.5 0 0
6520 0.0696106 0 6.125 0.301961 0.5 0 0
6530 0.0696106 0 6.125 0.301961 0.5 0 0
6540 0.0686004 0 6.125 0.301961 0.5 0 0
6550 0.0686004 0 6.125 0.309804 0.5 0 0
6560 0.0675434 0 6.125 0.313725 0.5 0 0
6570 0.0675434 0 6.125 0.305882 0.5 0 0
6580 0.0685128 0 6.125 0.321569 0.5 0 0
6590 0.0685128 0 6.125 0.32549 0.5 0 0
6600 0.0685355 0 6.125 0.32549 0.5 0 0
6610 0.0685355 0 6.125 0.309804 0.5 0 0
6620 0.0678655 0 6.125 0.301961 0.5 0 0
6630 0.0678655 0 6.125 0.294118 0.5 0 0
6640 0.0663335 0 6.125 0.290196 0.5 0 0
6650 0.0663335 0 6.125 0.290196 0.5 0 0
6660 0.0646734 0 6.125 0.294118 0.5 0 0
6670 0.0646734 0 6.125 0.294118 0.5 0 0
6680 0.0646747 0 6.125 0.294118 0.5 0 0
6690 0.0646747 0 6.125 0.294118 0.5 0 0
6700 0.06499 0 6.125 0.294118 0.5 0 0
6710 0.06499 0 6.125 0.290196 0.5 0 0
6720 0.0644624 0.25 6.375 0.290196 0.5 0 0
6730 0.0644624 0.25 6.375 0.294118 0.5 0 0
6740 0.064237 0.25 6.625 0.290196 0.5 0 0
6750 0.064237 0.25 6.625 0.286275 0.5 0 0
6760 0.0639685 0.25 6.875 0.290196 0.5 0 0
6770 0.0639685 0.25 6.875 0.290196 0.5 0 0
6780 0.0641176 0.25 7.125 0.290196 0.5 0 0
6790 0.0641176 0.25 7.125 0.290196 0.5 0 0
6800 0.0642005 0.375 7.5 0.290196 0.5 0 0
6810 0.0642005 0.375 7.5 0.290196 0.5 0 0
6820 0.0641504 0.375 7.875 0.290196 0.5 0 0
6830 0.0641504 0.375 7.875 0.290196 0.5 0 0
6840 0.0641159 0.375 8.25 0.290196 0.5 0 0
6850 0.0641159 0.375 8.25 0.294118 0.5 0 0
6860 0.0639705 0.25 8.5 0.294118 0.5 0 0
6870 0.0639705 0.25 8.5 0.294118 0.5 0 0
6880 0.0636617 0.25 8.75 0.290196 0.5 0 0
6890 0.0636617 0.25 8.75 0.290196 0.5 0 0
6900 0.0631603 0.375 9.125 0.290196 0.5 0 0
6910 0.0631603 0.375 9.125 0.290196 0.5 0 0
6920 0.0624618 0.5 9.625 0.290196 0.5 0 0
6930 0.0624618 0.5 9.625 0.290196 0.5 0 0
6940 0.0623775 0.5 10.125 0.286275 0.5 0 0
6950 0.0623775 0.5 10.125 0.286275 0.5 0 0
6960 0.0615225 0.375 10.5 0.286275 0.5 0 0
6970 0.0615225 0.375 10.5 0.282353 0.5 0 0
6980 0.0610265 0.375 10.875 0.27451 0.5 0 0
6990 0.0610265 0.375 10.875 0.270588 0.5 0 0
7000 0.0602299 0.375 11.25 0.270588 0.5 0 0
7010 0.0602299 0.375 11.25 0.282353 0.5 0 0
7020 0.0596682 0.25 11.5 0.282353 0.5 0 0
7030 0.0596682 0.25 11.5 0.282353 0.5 0 0
7040 0.0597264 0.25 11.75 0.278431 0.5 0 0
7050 0.0597264 0.25 11.75 0.278431 0.5 0 0
7060 0.0596993 0.25 12 0.282353 0.5 0 0
7070 0.0596993 0.25 12 0.278431 0.5 0 0
7080 0.0590561 0.25 12.25 0.282353 0.5 0 0
7090 0.0590561 0.25 12.25 0.278431 0.5 0 0
7100 0.0584952 0.25 12.5 0.282353 0.5 0 0
7110 0.0584952 0.25 12.5 0.290196 0.5 0 0
7120 0.0581223 0.25 12.75 0.294118 0.5 0 0
7130 0.0581223 0.25 12.75 0.290196 0.5 0 0
7140 0.0576434 0.25 13 0.294118 0.5 0 0
7150 0.0576434 0.25 13 0.286275 0.5 0 0
7160 0.0576025 0.25 13.25 0.286275 0.5 0 0
7170 0.0576025 0.25 13.25 0.290196 0.5 0 0
7180 0.0576723 0.25 13.5 0.286275 0.5 0 0
7190 0.0576723 0.25 13.5 0.294118 0.5 0 0
7200 0.0575331 0.25 13.75 0.298039 0.5 0 0
7210 0.0575331 0.25 13.75 0.294118 0.5 0 0
7220 0.0573381 0.25 14 0.294118 0.5 0 0
7230 0.0573381 0.25 14 0.290196 0.5 0 0
7240 0.0573749 0.25 14.25 0.294118 0.5 0 0
7250 0.0573749 0.25 14.25 0.286275 0.5 0 0
7260 0.0574848 0.25 14.5 0.282353 0.5 0 0
7270 0.0574848 0.25 14.5 0.278431 0.5 0 0
7280 0.057659 0.25 14.75 0.282353 0.5 0 0
7290 0.057659 0.25 14.75 0.27451 0.5 0 0
7300 0.0579264 0.25 15 0.278431 0.5 0 0
7310 0.0579264 0.25 15 0.266667 0.5 0 0
7320 0.0581941 0.25 15.25 0.27451 0.5 0 0
7330 0.0581941 0.25 15.25 0.266667 0.5 0 0
7340 0.059315 0 15.25 0.278431 0.5 0 0
7350 0.059315 0 15.25 0.282353 0.5 0 0
7360 0.0599902 0 15.25 0.290196 0.5 0 0
7370 0.0599902 0 15.25 0.294118 0.5 0 0
7380 0.0600219 0 15.25 0.290196 0.5 0 0
7390 0.0600219 0 15.25 0.290196 0.5 0 0
7400 0.0600244 0 15.25 0.290196 0.5 0 0
7410 0.0600244 0 15.25 0.290196 0.5 0 0
7420 0.0600365 0 15.25 0.294118 0.5 0 0
7430 0.0600365 0 15.25 0.290196 0.5 0 0
7440 0.0600365 0 15.25 0.290196 0.5 0 0
7450 0.0600365 0 15.25 0.294118 0.5 0 0
7460 0.0599972 0 15.25 0.294118 0.5 0 0
7470 0.0599972 0 15.25 0.286275 0.5 0 0
7480 0.0594652 0 15.25 0.278431 0.5 0 0
7490 0.0594652 0 15.25 0.266667 0.5 0 0
7500 0.0582936 0 15.25 0.262745 0.5 0 0
7510 0.0582936 0 15.25 0.266667 0.5 0 0
7520 0.0570705 0 15.25 0.262745 0.5 0 0
7530 0.0570705 0 15.25 0.258824 0.5 0 0
7540 0.0568826 0 15.25 0.258824 0.5 0 0
7550 0.0568826 0 15.25 0.254902 0.5 0 0
7560 0.0562926 0 15.25 0.254902 0.5 0 0
7570 0.0562926 0 15.25 0.25098 0.5 0 0
7580 0.055677 0.25 15.5 0.247059 0.5 0 0
7590 0.055677 0.25 15.5 0.25098 0.5 0 0
7600 0.0545426 0.25 15.75 0.247059 0.5 0 0
7610 0.0545426 0.25 15.75 0.243137 0.5 0 0
7620 0.0546847 0.25 16 0.243137 0.5 0 0
7630 0.0546847 0.25 16 0.239216 0.5 0 0
7640 0.0549827 0.375 16.375 0.243137 0.5 0 0
7650 0.0549827 0.375 16.375 0.243137 0.5 0 0
7660 0.0549868 0.375 16.75 0.243137 0.5 0 0
7670 0.0549868 0.375 16.75 0.243137 0.5 0 0
7680 0.0549925 0.375 17.125 0.239216 0.5 0 0
7690 0.0549925 0.375 17.125 0.243137 0.5 0 0
7700 0.0550042 0.5 17.625 0.239216 0.5 0 0
7710 0.0550042 0.5 17.625 0.247059 0.5 0 0
7720 0.0550406 0.5 18.125 0.247059 0.5 0 0
7730 0.0550406 0.5 18.125 0.243137 0.5 0 0
7740 0.0550812 0.5 18.625 0.247059 0.5 0 0
7750 0.0550812 0.5 18.625 0.243137 0.5 0 0
7760 0.0551109 0.5 19.125 0.247059 0.5 0 0
7770 0.0551109 0.5 19.125 0.247059 0.5 0 0
7780 0.0550801 0.5 19.625 0.243137 0.5 0 0
7790 0.0550801 0.5 19.625 0.239216 0.5 0 0
7800 0.0549573 0.5 20.125 0.243137 0.5 0 0
7810 0.0549573 0.5 20.125 0.235294 0.5 0 0
7820 0.0542339 0.25 20.375 0.235294 0.5 0 0
7830 0.0542339 0.25 20.375 0.227451 0.5 0 0
7840 0.0529205 0.25 20.625 0.223529 0.5 0 0
7850 0.0529205 0.25 20.625 0.223529 0.5 0 0
7860 0.0524579 0.25 20.875 0.227451 0.5 0 0
7870 0.0524579 0.25 20.875 0.227451 0.5 0 0
7880 0.0520738 0.25 21.125 0.235294 0.5 0 0
7890 0.0520738 0.25 21.125 0.247059 0.5 0 0
7900 0.0516916 0.25 21.375 0.258824 0.5 0 0
7910 0.0516916 0.25 21.375 0.235294 0.5 0 0
7920 0.0512833 0.25 21.625 0.231373 0.5 0 0
7930 0.0512833 0.25 21.625 0.231373 0.5 0 0
7940 0.0500818 0.25 21.875 0.219608 0.5 0 0
7950 0.0500818 0.25 21.875 0.211765 0.5 0 0
7960 0.0484336 0.25 22.125 0.207843 0.5 0 0
7970 0.0484336 0.25 22.125 0.215686 0.5 0 0
7980 0.0479786 0.25 22.375 0.219608 0.5 0 0
7990 0.0479786 0.25 22.375 0.215686 0.5 0 0
8000 0.0479357 0.25 22.625 0.215686 0.5 0 0
8010 0.0479357 0.25 22.625 0.219608 0.5 0 0
8020 0.0479105 0.25 22.875 0.215686 0.5 0 0
8030 0.0479105 0.25 22.875 0.219608 0.5 0 0
8040 0.0473376 0.25 23.125 0.219608 0.5 0 0
8050 0.0473376 0.25 23.125 0.219608 0.5 0 0
8060 0.047176 0 23.125 0.219608 0.5 0 0
8070 0.047176 0 23.125 0.215686 0.5 0 0
8080 0.047531 0.25 23.375 0.211765 0.5 0 0
8090 0.047531 0.25 23.375 0.219608 0.5 0 0
8100 0.0478574 0.25 23.625 0.227451 0.5 0 0
8110 0.0478574 0.25 23.625 0.227451 0.5 0 0
8120 0.0478805 0.25 23.875 0.227451 0.5 0 0
8130 0.0478805 0.25 23.875 0.227451 0.5 0 0
8140 0.0478805 0.375 24.25 0.231373 0.5 0 0
8150 0.0478805 0.375 24.25 0.227451 0.5 0 0
8160 0.0475249 0.5 24.75 0.215686 0.5 0 0
8170 0.0475249 0.5 24.75 0.2 0.5 0 0
8180 0.0461515 0.5 25.25 0.211765 0.5 0 0
8190 0.0461515 0.5 25.25 0.219608 0.5 0 0
8200 0.0458339 0.5 25.75 0.215686 0.5 0 0
8210 0.0458339 0.5 25.75 0.215686 0.5 0 0
8220 0.0457895 0.5 26.25 0.223529 0.5 0 0
8230 0.0457895 0.5 26.25 0.215686 0.5 0 0
8240 0.0457225 0.375 26.625 0.219608 0.5 0 0
8250 0.0457225 0.375 26.625 0.223529 0.5 0 0
8260 0.0452307 0.375 27 0.227451 0.5 0 0
8270 0.0452307 0.375 27 0.203922 0.5 0 0
8280 0.0457927 0 27 0.196078 0.5 0 0
8290 0.0457927 0 27 0.196078 0.5 0 0
8300 0.0459948 0 27 0.2 0.5 0 0
8310 0.0459948 0 27 0.2 0.5 0 0
8320 0.0457934 0 27 0.2 0.5 0 0
8330 0.0457934 0 27 0.203922 0.5 0 0
8340 0.0457322 0 27 0.203922 0.5 0 0
8350 0.0457322 0 27 0.2 0.5 0 0
8360 0.0457675 0 27 0.203922 0.5 0 0
8370 0.0457675 0 27 0.203922 0.5 0 0
8380 0.0451188 0 27 0.196078 0.5 0 0
8390 0.0451188 0 27 0.184314 0.5 0 0
8400 0.0444524 0 27 0.180392 0.5 0 0
8410 0.0444524 0 27 0.184314 0.5 0 0
8420 0.0434358 0 27 0.188235 0.5 0 0
8430 0.0434358 0 27 0.188235 0.5 0 0
8440 0.0431396 0 27 0.188235 0.5 0 0
8450 0.0431396 0 27 0.188235 0.5 0 0
8460 0.0434882 0 27 0.184314 0.5 0 0
8470 0.0434882 0 27 0.180392 0.5 0 0
8480 0.0433528 0 27 0.176471 0.5 0 0
8490 0.0433528 0 27 0.176471 0.5 0 0
8500 0.0420533 0 27 0.168627 0.5 0 0
8510 0.0420533 0 27 0.164706 0.5 0 0
8520 0.0407301 0 27 0.172549 0.5 0 0
8530 0.0407301 0 27 0.172549 0.5 0 0
8540 0.0400448 0 27 0.168627 0.5 0 0
8550 0.0400448 0 27 0.168627 0.5 0 0
8560 0.0395836 0 27 0.168627 0.5 0 0
8570 0.0395836 0 27 0.164706 0.5 0 0
8580 0.0387504 0 27 0.164706 0.5 0 0
8590 0.0387504 0 27 0.160784 0.5 0 0
8600 0.038227 0 27 0.152941 0.5 0 0
8610 0.038227 0 27 0.152941 0.5 0 0
8620 0.0375619 0 27 0.14902 0.5 0 0
8630 0.0375619 0 27 0.14902 0.5 0 0
8640 0.0366936 0 27 0.152941 0.5 0 0
8650 0.0366936 0 27 0.152941 0.5 0 0
8660 0.0361979 0 27 0.14902 0.5 0 0
8670 0.0361979 0 27 0.14902 0.5 0 0
8680 0.0359686 0 27 0.145098 0.5 0 0
8690 0.0359686 0 27 0.141176 0.5 0 0
8700 0.0349318 0 27 0.137255 0.5 0 0
8710 0.0349318 0 27 0.137255 0.5 0 0
8720 0.0335038 0 27 0.137255 0.5 0 0
8730 0.0335038 0 27 0.133333 0.5 0 0
8740 0.032749 0 27 0.133333 0.5 0 0
8750 0.032749 0 27 0.129412 0.5 0 0
8760 0.0314791 0 27 0.129412 0.5 0 0
8770 0.0314791 0 27 0.129412 0.5 0 0
8780 0.030081 0 27 0.129412 0.5 0 0
8790 0.030081 0 27 0.121569 0.5 0 0
8800 0.0295973 0 27 0.121569 0.5 0 0
8810 0.0295973 0 27 0.121569 0.5 0 0
8820 0.0283493 0 27 0.117647 0.5 0 0
8830 0.0283493 0 27 0.113725 0.5 0 0
8840 0.0275532 0 27 0.113725 0.5 0 0
8850 0.0275532 0 27 0.113725 0.5 0 0
8860 0.0265401 0 27 0.109804 0.5 0 0
8870 0.0265401 0 27 0.109804 0.5 0 0
8880 0.0252329 0 27 0.109804 0.5 0 0
8890 0.0252329 0 27 0.113725 0.5 0 0
8900 0.0246122 0 27 0.113725 0.5 0 0
8910 0.0246122 0 27 0.109804 0.5 0 0
8920 0.0243568 0 27 0.109804 0.5 0 0
8930 0.0243568 0 27 0.109804 0.5 0 0
8940 0.0240043 0 27 0.109804 0.5 0 0
8950 0.0240043 0 27 0.113725 0.5 0 0
8960 0.0237465 0 27 0.113725 0.5 0 0
8970 0.0237465 0 27 0.113725 0.5 0 0
8980 0.0235215 0 27 0.117647 0.5 0 0
8990 0.0235215 0 27 0.117647 0.5 0 0
9000 0.0233435 0 27 0.113725 0.5 0 0
9010 0.0233435 0 27 0.109804 0.5 0 0
9020 0.0229399 0 27 0.109804 0.5 0 0
9030 0.0229399 0 27 0.105882 0.5 0 0
9040 0.0223613 0 27 0.101961 0.5 0 0
9050 0.0223613 0 27 0.0980392 0.5 0 0
9060 0.021891 0 27 0.0980392 0.5 0 0
9070 0.021891 0 27 0.101961 0.5 0 0
9080 0.0211204 0 27 0.101961 0.5 0 0
9090 0.0211204 0 27 0.0980392 0.5 0 0
9100 0.0205396 0 27 0.101961 0.5 0 0
9110 0.0205396 0 27 0.101961 0.5 0 0
9120 0.0203987 0 27 0.0980392 0.5 0 0
9130 0.0203987 0 27 0.0980392 0.5 0 0
9140 0.0204727 0 27 0.0980392 0.5 0 0
9150 0.0204727 0 27 0.101961 0.5 0 0
9160 0.0204455 0 27 0.101961 0.5 0 0
9170 0.0204455 0 27 0.101961 0.5 0 0
9180 0.0201857 0 27 0.101961 0.5 0 0
9190 0.0201857 0 27 0.101961 0.5 0 0
9200 0.0197282 0 27 0.0980392 0.5 0 0
9210 0.0197282 0 27 0.0941176 0.5 0 0
9220 0.019075 0 27 0.0941176 0.5 0 0
9230 0.019075 0 27 0.0941176 0.5 0 0
9240 0.0187146 0 27 0.0980392 0.5 0 0
9250 0.0187146 0 27 0.0980392 0.5 0 0
9260 0.018693 0 27 0.0941176 0.5 0 0
9270 0.018693 0 27 0.0980392 0.5 0 0
9280 0.0184926 0 27 0.0941176 0.5 0 0
9290 0.0184926 0 27 0.0862745 0.5 0 0
9300 0.0177396 0 27 0.0862745 0.5 0 0
9310 0.0177396 0 27 0.0862745 0.5 0 0
9320 0.0170794 0 27 0.0862745 0.5 0 0
9330 0.0170794 0 27 0.0862745 0.5 0 0
9340 0.0166857 0 27 0.0862745 0.5 0 0
9350 0.0166857 0 27 0.0901961 0.5 0 0
9360 0.0164561 0 27 0.0901961 0.5 0 0
9370 0.0164561 0 27 0.0901961 0.5 0 0
9380 0.0161691 0 27 0.0901961 0.5 0 0
9390 0.0161691 0 27 0.0901961 0.5 0 0
9400 0.0156164 0 27 0.0823529 0.5 0 0
9410 0.0156164 0 27 0.0784314 0.5 0 0
9420 0.0148332 0 27 0.0784314 0.5 0 0
9430 0.0148332 0 27 0.0784314 0.5 0 0
9440 0.0143592 0 27 0.0784314 0.5 0 0
9450 0.0143592 0 27 0.0784314 0.5 0 0
9460 0.0137192 0 27 0.0823529 0.5 0 0
9470 0.0137192 0 27 0.0823529 0.5 0 0
9480 0.0133644 0 27 0.0823529 0.5 0 0
9490 0.0133644 0 27 0.0862745 0.5 0 0
9500 0.013205 0 27 0.0784314 0.5 0 0
9510 0.013205 0 27 0.0745098 0.5 0 0
9520 0.0127575 0 27 0.0745098 0.5 0 0
9530 0.0127575 0 27 0.0745098 0.5 0 0
9540 0.0121938 0 27 0.0745098 0.5 0 0
9550 0.0121938 0 27 0.0745098 0.5 0 0
9560 0.0118715 0 27 0.0745098 0.5 0 0
9570 0.0118715 0 27 0.0745098 0.5 0 0
9580 0.0114125 0 27 0.0705882 0.5 0 0
9590 0.0114125 0 27 0.0666667 0.5 0 0
9600 0.0105967 0 27 0.0666667 0.5 0 0
9610 0.0105967 0 27 0.0705882 0.5 0 0
9620 0.009679 0 27 0.0666667 0.5 0 0
9630 0.009679 0 27 0.0666667 0.5 0 0
9640 0.00896378 0 27 0.0666667 0.5 0 0
9650 0.00896378 0 27 0.0666667 0.5 0 0
9660 0.00860294 0 27 0.0627451 0.5 0 0
9670 0.00860294 0 27 0.0627451 0.5 0 0
9680 0.00813596 0 27 0.0627451 0.5 0 0
9690 0.00813596 0 27 0.0627451 0.5 0 0
9700 0.00745681 0 27 0.0627451 0.5 0 0
9710 0.00745681 0 27 0.0627451 0.5 0 0
9720 0.00705173 0 27 0.0588235 0.5 0 0
9730 0.00705173 0 27 0.0588235 0.5 0 0
9740 0.00677108 0 27 0.0588235 0.5 0 0
9750 0.00677108 0 27 0.0588235 0.5 0 0
9760 0.00643698 0 27 0.0588235 0.5 0 0
9770 0.00643698 0 27 0.054902 0.5 0 0
9780 0.00598856 0 27 0.054902 0.5 0 0
9790 0.00598856 0 27 0.054902 0.5 0 0
9800 0.00564082 0 27 0.054902 0.5 0 0
9810 0.00564082 0 27 0.054902 0.5 0 0
9820 0.00532251 0 27 0.054902 0.5 0 0
9830 0.00532251 0 27 0.054902 0.5 0 0
9840 0.00511232 0 27 0.054902 0.5 0 0
9850 0.00511232 0 27 0.054902 0.5 0 0
9860 0.00493108 0 27 0.054902 0.5 0 0
9870 0.00493108 0 27 0.054902 0.5 0 0
9880 0.00475314 0 27 0.054902 0.5 0 0
9890 0.00475314 0 27 0.0509804 0.5 0 0
9900 0.00472288 0 27 0.0509804 0.5 0 0
9910 0.00472288 0 27 0.0509804 0.5 0 0
9920 0.00470527 0 27 0.0509804 0.5 0 0
9930 0.00470527 0 27 0.0509804 0.5 0 0
9940 0.00452076 0 27 0.0509804 0.5 0 0
9950 0.00452076 0 27 0.0509804 0.5 0 0
9960 0.00429488 0 27 0.0509804 0.5 0 0
9970 0.00429488 0 27 0.0509804 0.5 0 0
9980 0.00414013 0 27 0.0509804 0.5 0 0
9990 0.00414013 0 27 0.0509804 0.5 0 0
10000 0.00407723 0 27 0.0509804 0.5 0 0
10010 0.00407723 0 27 0.0509804 0.5 0 0
10020 0.00402866 0 27 0.0509804 0.5 0 0
10030 0.00402866 0 27 0.0509804 0.5 0 0
10040 0.00410214 0 27 0.0509804 0.5 0 0
10050 0.00410214 0 27 0.054902 0.5 0 0
10060 0.00425599 0 27 0.0588235 0.5 0 0
10070 0.00425599 0 27 0.054902 0.5 0 0
10080 0.00439617 0 27 0.0588235 0.5 0 0
10090 0.00439617 0 27 0.0627451 0.5 0 0
10100 0.00440255 0 27 0.0627451 0.5 0 0
10110 0.00440255 0 27 0.0627451 0.5 0 0
10120 0.00440674 0 27 0.0627451 0.5 0 0
10130 0.00440674 0 27 0.0627451 0.5 0 0
10140 0.00441691 0 27 0.0666667 0.5 0 0
10150 0.00441691 0 27 0.0666667 0.5 0 0
10160 0.0043492 0 27 0.0666667 0.5 0 0
10170 0.0043492 0 27 0.0588235 0.5 0 0
10180 0.00425845 0 27 0.054902 0.5 0 0
10190 0.00425845 0 27 0.0509804 0.5 0 0
10200 0.00426541 0.25 27.25 0.0509804 0.5 0 0
10210 0.00426541 0.25 27.25 0.054902 0.5 0 0
10220 0.00447085 0.25 27.5 0.054902 0.5 0 0
10230 0.00447085 0.25 27.5 0.054902 0.5 0 0
10240 0.00449032 0.25 27.75 0.054902 0.5 0 0
10250 0.00449032 0.25 27.75 0.054902 0.5 0 0
10260 0.00441703 0.625 28.375 0.0509804 0.5 0 0
10270 0.00441703 0.625 28.375 0.0509804 0.5 0 0
10280 0.00451933 0.75 29.125 0.054902 0.5 0 0
10290 0.00451933 0.75 29.125 0.054902 0.5 0 0
10300 0.00460071 0.75 29.875 0.054902 0.5 0 0
10310 0.00460071 0.75 29.875 0.054902 0.5 0 0
10320 0.00458715 0.625 30.5 0.0509804 0.5 0 0
10330 0.00458715 0.625 30.5 0.054902 0.5 0 0
10340 0.00460578 0.625 31.125 0.0509804 0.5 0 0
10350 0.00460578 0.625 31.125 0.0509804 0.5 0 0
10360 0.00458473 0.5 31.625 0.0509804 0.5 0 0
10370 0.00458473 0.5 31.625 0.0509804 0.5 0 0
10380 0.00455651 0.5 32.125 0.0509804 0.5 0 0
10390 0.00455651 0.5 32.125 0.0509804 0.5 0 0
10400 0.00450666 0.5 32.625 0.0509804 0.5 0 0
10410 0.00450666 0.5 32.625 0.0509804 0.5 0 0
10420 0.00449749 0.5 33.125 0.0509804 0.5 0 0
10430 0.00449749 0.5 33.125 0.0509804 0.5 0 0
10440 0.0045533 0.5 33.625 0.0509804 0.5 0 0
10450 0.0045533 0.5 33.625 0.0509804 0.5 0 0
10460 0.00457396 0.5 34.125 0.0509804 0.5 0 0
10470 0.00457396 0.5 34.125 0.0509804 0.5 0 0
10480 0.00456875 0.5 34.625 0.0509804 0.5 0 0
10490 0.00456875 0.5 34.625 0.0509804 0.5 0 0
10500 0.00456696 0.75 35.375 0.0509804 0.5 0 0
10510 0.00456696 0.75 35.375 0.0509804 0.5 0 0
10520 0.00453723 0.75 36.125 0.0509804 0.5 0 0
10530 0.00453723 0.75 36.125 0.0509804 0.5 0 0
10540 0.00449684 0.5 36.625 0.0509804 0.5 0 0
10550 0.00449684 0.5 36.625 0.0509804 0.5 0 0
10560 0.00437376 0.5 37.125 0.0509804 0.5 0 0
10570 0.00437376 0.5 37.125 0.0509804 0.5 0 0
10580 0.00433198 0.5 37.625 0.0509804 0.5 0 0
10590 0.00433198 0.5 37.625 0.0509804 0.5 0 0
10600 0.0043068 0.25 37.875 0.0509804 0.5 0 0
10610 0.0043068 0.25 37.875 0.0509804 0.5 0 0
10620 0.00427072 0.5 38.375 0.0509804 0.5 0 0
10630 0.00427072 0.5 38.375 0.0509804 0.5 0 0
10640 0.00414525 0.25 38.625 0.0509804 0.5 0 0
10650 0.00414525 0.25 38.625 0.0470588 0.5 0 0
10660 0.00407817 0.375 39 0.0470588 0.5 0 0
10670 0.00407817 0.375 39 0.0470588 0.5 0 0
10680 0.00394594 0.375 39.375 0.0509804 0.5 0 0
10690 0.00394594 0.375 39.375 0.0509804 0.5 0 0
10700 0.00377496 0.375 39.75 0.0470588 0.5 0 0
10710 0.00377496 0.375 39.75 0.0470588 0.5 0 0
10720 0.00372349 0.5 40.25 0.0509804 0.5 0 0
10730 0.00372349 0.5 40.25 0.0509804 0.5 0 0
10740 0.00373069 0.5 40.75 0.0509804 0.5 0 0
10750 0.00373069 0.5 40.75 0.0509804 0.5 0 0
10760 0.00369643 0.5 41.25 0.0509804 0.5 0 0
10770 0.00369643 0.5 41.25 0.0509804 0.5 0 0
10780 0.0037007 0.5 41.75 0.0509804 0.5 0 0
10790 0.0037007 0.5 41.75 0.054902 0.5 0 0
10800 0.00379106 0.5 42.25 0.054902 0.5 0 0
10810 0.00379106 0.5 42.25 0.0588235 0.5 0 0
10820 0.00386973 0.375 42.625 0.0588235 0.5 0 0
10830 0.00386973 0.375 42.625 0.0588235 0.5 0 0
10840 0.00397669 0.25 42.875 0.0588235 0.5 0 0
10850 0.00397669 0.25 42.875 0.054902 0.5 0 0
10860 0.00402447 0.625 43.5 0.054902 0.5 0 0
10870 0.00402447 0.625 43.5 0.054902 0.5 0 0
10880 0.00404132 0.875 44.375 0.0509804 0.5 0 0
10890 0.00404132 0.875 44.375 0.0509804 0.5 0 0
10900 0.00402397 0.875 45.25 0.0509804 0.5 0 0
10910 0.00402397 0.875 45.25 0.0509804 0.5 0 0
10920 0.00401274 0.875 46.125 0.0509804 0.5 0 0
10930 0.00401274 0.875 46.125 0.0509804 0.5 0 0
10940 0.00400546 0.875 47 0.0509804 0.5 0 0
10950 0.00400546 0.875 47 0.054902 0.5 0 0
10960 0.00400149 0.875 47.875 0.0509804 0.5 0 0
10970 0.00400149 0.875 47.875 0.054902 0.5 0 0
10980 0.00400202 0.875 48.75 0.054902 0.5 0 0
10990 0.00400202 0.875 48.75 0.054902 0.5 0 0
11000 0.00399347 0.875 49.625 0.0509804 0.5 0 0
11010 0.00399347 0.875 49.625 0.054902 0.5 0 0
11020 0.00398332 0.875 50.5 0.054902 0.5 0 0
11030 0.00398332 0.875 50.5 0.054902 0.5 0 0
11040 0.0039938 0.75 51.25 0.054902 0.5 0 0
11050 0.0039938 0.75 51.25 0.0509804 0.5 0 0
11060 0.00409084 0.75 52 0.054902 0.5 0 0
11070 0.00409084 0.75 52 0.0509804 0.5 0 0
11080 0.00411916 0.5 52.5 0.0509804 0.5 0 0
11090 0.00411916 0.5 52.5 0.0509804 0.5 0 0
11100 0.00414848 0.625 53.125 0.0470588 0.5 0 0
11110 0.00414848 0.625 53.125 0.0509804 0.5 0 0
11120 0.0042124 0.625 53.75 0.0509804 0.5 0 0
11130 0.0042124 0.625 53.75 0.0509804 0.5 0 0
11140 0.00424838 0.625 54.375 0.0509804 0.5 0 0
11150 0.00424838 0.625 54.375 0.0509804 0.5 0 0
11160 0.00419319 0.625 55 0.0509804 0.5 0 0
11170 0.00419319 0.625 55 0.0509804 0.5 0 0
11180 0.00410408 0.625 55.625 0.0470588 0.5 0 0
11190 0.00410408 0.625 55.625 0.0470588 0.5 0 0
11200 0.00413515 0.625 56.25 0.0509804 0.5 0 0
11210 0.00413515 0.625 56.25 0.0470588 0.5 0 0
11220 0.00416337 0.5 56.75 0.0509804 0.5 0 0
11230 0.00416337 0.5 56.75 0.0509804 0.5 0 0
11240 0.00409232 0.5 57.25 0.0470588 0.5 0 0
11250 0.00409232 0.5 57.25 0.0470588 0.5 0 0
11260 0.00403156 0.75 58 0.0509804 0.5 0 0
11270 0.00403156 0.75 58 0.0470588 0.5 0 0
11280 0.00405678 0.75 58.75 0.0470588 0.5 0 0
11290 0.00405678 0.75 58.75 0.0509804 0.5 0 0
11300 0.00410934 0.75 59.5 0.0470588 0.5 0 0
11310 0.00410934 0.75 59.5 0.0470588 0.5 0 0
11320 0.00409743 0.75 60.25 0.0470588 0.5 0 0
11330 0.00409743 0.75 60.25 0.0470588 0.5 0 0
11340 0.00408643 0.75 61 0.0509804 0.5 0 0
11350 0.00408643 0.75 61 0.0470588 0.5 0 0
11360 0.00409981 0.75 61.75 0.0470588 0.5 0 0
11370 0.00409981 0.75 61.75 0.0470588 0.5 0 0
11380 0.00408048 0.5 62.25 0.0470588 0.5 0 0
11390 0.00408048 0.5 62.25 0.0470588 0.5 0 0
11400 0.00406818 0.375 62.625 0.0470588 0.5 0 0
11410 0.00406818 0.375 62.625 0.0470588 0.5 0 0
11420 0.00414273 0.5 63.125 0.0470588 0.5 0 0
11430 0.00414273 0.5 63.125 0.0470588 0.5 0 0
11440 0.00426514 0.625 63.75 0.0470588 0.5 0 0
11450 0.00426514 0.625 63.75 0.0509804 0.5 0 0
11460 0.00427258 0.625 64.375 0.0509804 0.5 0 0
11470 0.00427258 0.625 64.375 0.0509804 0.5 0 0
11480 0.00440561 0.625 65 0.054902 0.5 0 0
11490 0.00440561 0.625 65 0.054902 0.5 0 0
11500 0.00441711 0.625 65.625 0.054902 0.5 0 0
11510 0.00441711 0.625 65.625 0.0588235 0.5 0 0
11520 0.00440485 0.625 66.25 0.054902 0.5 0 0
11530 0.00440485 0.625 66.25 0.0509804 0.5 0 0
11540 0.00446051 0.5 66.75 0.054902 0.5 0 0
11550 0.00446051 0.5 66.75 0.0509804 0.5 0 0
11560 0.00439724 0.25 67 0.0509804 0.5 0 0
11570 0.00439724 0.25 67 0.0509804 0.5 0 0
11580 0.00425481 0.25 67.25 0.0509804 0.5 0 0
11590 0.00425481 0.25 67.25 0.0509804 0.5 0 0
11600 0.0041284 0.25 67.5 0.0509804 0.5 0 0
11610 0.0041284 0.25 67.5 0.0509804 0.5 0 0
11620 0.00412541 0.375 67.875 0.0509804 0.5 0 0
11630 0.00412541 0.375 67.875 0.0509804 0.5 0 0
11640 0.00414481 0.5 68.375 0.0509804 0.5 0 0
11650 0.00414481 0.5 68.375 0.0470588 0.5 0 0
11660 0.00417856 0.5 68.875 0.0509804 0.5 0 0
11670 0.00417856 0.5 68.875 0.0470588 0.5 0 0
11680 0.00422563 0.375 69.25 0.0509804 0.5 0 0
11690 0.00422563 0.375 69.25 0.0470588 0.5 0 0
11700 0.00435167 0.375 69.625 0.0509804 0.5 0 0
11710 0.00435167 0.375 69.625 0.0509804 0.5 0 0
11720 0.00437181 0.375 70 0.054902 0.5 0 0
11730 0.00437181 0.375 70 0.0509804 0.5 0 0
11740 0.0043755 0.375 70.375 0.0509804 0.5 0 0
11750 0.0043755 0.375 70.375 0.0509804 0.5 0 0
11760 0.00434521 0.375 70.75 0.0509804 0.5 0 0
11770 0.00434521 0.375 70.75 0.054902 0.5 0 0
11780 0.00434186 0.375 71.125 0.054902 0.5 0 0
11790 0.00434186 0.375 71.125 0.0588235 0.5 0 0
11800 0.00429189 0.25 71.375 0.0588235 0.5 0 0
11810 0.00429189 0.25 71.375 0.0588235 0.5 0 0
11820 0.00420836 0.25 71.625 0.0588235 0.5 0 0
11830 0.00420836 0.25 71.625 0.0588235 0.5 0 0
11840 0.00406528 0.25 71.875 0.0588235 0.5 0 0
11850 0.00406528 0.25 71.875 0.0509804 0.5 0 0
11860 0.00401189 0 71.875 0.0470588 0.5 0 0
11870 0.00401189 0 71.875 0.0470588 0.5 0 0
11880 0.00410357 0.625 72.5 0.0509804 0.5 0 0
11890 0.00410357 0.625 72.5 0.0509804 0.5 0 0
11900 0.00410729 0.625 73.125 0.0509804 0.5 0 0
11910 0.00410729 0.625 73.125 0.0509804 0.5 0 0
11920 0.00410033 0.625 73.75 0.0509804 0.5 0 0
11930 0.00410033 0.625 73.75 0.0509804 0.5 0 0
11940 0.00405727 0.625 74.375 0.0509804 0.5 0 0
11950 0.00405727 0.625 74.375 0.0509804 0.5 0 0
11960 0.00401685 0.625 75 0.0509804 0.5 0 0
11970 0.00401685 0.625 75 0.0470588 0.5 0 0
11980 0.00396414 0.625 75.625 0.0470588 0.5 0 0
11990 0.00396414 0.625 75.625 0.0470588 0.5 0 0
12000 0.0039264 0.375 76 0.0470588 0.5 0 0
12010 0.0039264 0.375 76 0.0470588 0.5 0 0
12020 0.00408425 0.375 76.375 0.0509804 0.5 0 0
12030 0.00408425 0.375 76.375 0.0509804 0.5 0 0
12040 0.00421437 0.375 76.75 0.0509804 0.5 0 0
12050 0.00421437 0.375 76.75 0.0509804 0.5 0 0
12060 0.0042679 0.375 77.125 0.0509804 0.5 0 0
12070 0.0042679 0.375 77.125 0.054902 0.5 0 0
12080 0.00424718 0.375 77.5 0.0509804 0.5 0 0
12090 0.00424718 0.375 77.5 0.0509804 0.5 0 0
12100 0.00435711 0.375 77.875 0.0509804 0.5 0 0
12110 0.00435711 0.375 77.875 0.0509804 0.5 0 0
12120 0.00431397 0.25 78.125 0.0509804 0.5 0 0
12130 0.00431397 0.25 78.125 0.054902 0.5 0 0
12140 0.0042298 0 78.125 0.0509804 0.5 0 0
12150 0.0042298 0 78.125 0.0509804 0.5 0 0
12160 0.00417895 0 78.125 0.0509804 0.5 0 0
12170 0.00417895 0 78.125 0.0509804 0.5 0 0
12180 0.00410201 0 78.125 0.054902 0.5 0 0
12190 0.00410201 0 78.125 0.0588235 0.5 0 0
12200 0.00411103 0 78.125 0.0588235 0.5 0 0
12210 0.00411103 0 78.125 0.0588235 0.5 0 0
12220 0.004104 0 78.125 0.0588235 0.5 0 0
12230 0.004104 0 78.125 0.0509804 0.5 0 0
12240 0.00407228 0 78.125 0.0509804 0.5 0 0
12250 0.00407228 0 78.125 0.0470588 0.5 0 0
12260 0.0043008 0.25 78.375 0.0470588 0.5 0 0
12270 0.0043008 0.25 78.375 0.054902 0.5 0 0
12280 0.00445069 0.5 78.875 0.0588235 0.5 0 0
12290 0.00445069 0.5 78.875 0.0588235 0.5 0 0
12300 0.00438684 0.625 79.5 0.0588235 0.5 0 0
12310 0.00438684 0.625 79.5 0.0588235 0.5 0 0
12320 0.00451209 0.625 80.125 0.0588235 0.5 0 0
12330 0.00451209 0.625 80.125 0.0588235 0.5 0 0
12340 0.00454 0.625 80.75 0.054902 0.5 0 0
12350 0.00454 0.625 80.75 0.0509804 0.5 0 0
12360 0.00458147 0.5 81.25 0.0509804 0.5 0 0
12370 0.00458147 0.5 81.25 0.054902 0.5 0 0
12380 0.00461285 0.625 81.875 0.0509804 0.5 0 0
12390 0.00461285 0.625 81.875 0.054902 0.5 0 0
12400 0.00459548 0.5 82.375 0.054902 0.5 0 0
12410 0.00459548 0.5 82.375 0.0509804 0.5 0 0
12420 0.00448748 0.25 82.625 0.0509804 0.5 0 0
12430 0.00448748 0.25 82.625 0.0509804 0.5 0 0
12440 0.00436966 0.25 82.875 0.0509804 0.5 0 0
12450 0.00436966 0.25 82.875 0.0509804 0.5 0 0
12460 0.0042364 0.25 83.125 0.0509804 0.5 0 0
12470 0.0042364 0.25 83.125 0.0509804 0.5 0 0
12480 0.00416878 0.25 83.375 0.0509804 0.5 0 0
12490 0.00416878 0.25 83.375 0.0509804 0.5 0 0
12500 0.00416598 0.25 83.625 0.0509804 0.5 0 0
12510 0.00416598 0.25 83.625 0.0509804 0.5 0 0
12520 0.00420562 0.25 83.875 0.054902 0.5 0 0
12530 0.00420562 0.25 83.875 0.054902 0.5 0 0
12540 0.0042139 0 83.875 0.054902 0.5 0 0
12550 0.0042139 0 83.875 0.054902 0.5 0 0
12560 0.0043357 0 83.875 0.054902 0.5 0 0
12570 0.0043357 0 83.875 0.054902 0.5 0 0
12580 0.0043948 0 83.875 0.054902 0.5 0 0
12590 0.0043948 0 83.875 0.0588235 0.5 0 0
12600 0.00443506 0 83.875 0.0627451 0.5 0 0
12610 0.00443506 0 83.875 0.0627451 0.5 0 0
12620 0.0043981 0 83.875 0.0627451 0.5 0 0
12630 0.0043981 0 83.875 0.0627451 0.5 0 0
12640 0.00431578 0 83.875 0.0588235 0.5 0 0
12650 0.00431578 0 83.875 0.054902 0.5 0 0
12660 0.00439785 0 83.875 0.0509804 0.5 0 0
12670 0.00439785 0 83.875 0.0509804 0.5 0 0
12680 0.00442648 0 83.875 0.0509804 0.5 0 0
12690 0.00442648 0 83.875 0.0509804 0.5 0 0
12700 0.00414693 0 83.875 0.0509804 0.5 0 0
12710 0.00414693 0 83.875 0.0509804 0.5 0 0
12720 0.00431198 0 83.875 0.0509804 0.5 0 0
12730 0.00431198 0 83.875 0.0509804 0.5 0 0
12740 0.00442067 0 83.875 0.0509804 0.5 0 0
12750 0.00442067 0 83.875 0.0509804 0.5 0 0
12760 0.00444442 0 83.875 0.0509804 0.5 0 0
12770 0.00444442 0 83.875 0.0509804 0.5 0 0
12780 0.00444754 0 83.875 0.0509804 0.5 0 0
12790 0.00444754 0 83.875 0.054902 0.5 0 0
12800 0.00441269 0 83.875 0.0509804 0.5 0 0
12810 0.00441269 0 83.875 0.054902 0.5 0 0
12820 0.00448853 0 83.875 0.0509804 0.5 0 0
12830 0.00448853 0 83.875 0.0509804 0.5 0 0
12840 0.00434003 0 83.875 0.0509804 0.5 0 0
12850 0.00434003 0 83.875 0.0470588 0.5 0 0
12860 0.00425749 0 83.875 0.0509804 0.5 0 0
12870 0.00425749 0 83.875 0.0509804 0.5 0 0
12880 0.00422819 0 83.875 0.0509804 0.5 0 0
12890 0.00422819 0 83.875 0.0509804 0.5 0 0
12900 0.00421254 0 83.875 0.0509804 0.5 0 0
12910 0.00421254 0 83.875 0.054902 0.5 0 0
12920 0.00426323 0 83.875 0.054902 0.5 0 0
12930 0.00426323 0 83.875 0.0588235 0.5 0 0
12940 0.00424572 0 83.875 0.054902 0.5 0 0
12950 0.00424572 0 83.875 0.054902 0.5 0 0
12960 0.00427048 0 83.875 0.054902 0.5 0 0
12970 0.00427048 0 83.875 0.0470588 0.5 0 0
12980 0.00424009 0 83.875 0.0509804 0.5 0 0
12990 0.00424009 0 83.875 0.054902 0.5 0 0
13000 0.00429307 0.25 84.125 0.054902 0.5 0 0
13010 0.00429307 0.25 84.125 0.054902 0.5 0 0
13020 0.00431014 0.25 84.375 0.0588235 0.5 0 0
13030 0.00431014 0.25 84.375 0.0588235 0.5 0 0
13040 0.00438652 0.25 84.625 0.0627451 0.5 0 0
13050 0.00438652 0.25 84.625 0.0666667 0.5 0 0
13060 0.00439462 0.375 85 0.0666667 0.5 0 0
13070 0.00439462 0.375 85 0.0705882 0.5 0 0
13080 0.00437362 0.375 85.375 0.0705882 0.5 0 0
13090 0.00437362 0.375 85.375 0.0666667 0.5 0 0
13100 0.00426835 0.25 85.625 0.0627451 0.5 0 0
13110 0.00426835 0.25 85.625 0.054902 0.5 0 0
13120 0.00423596 0.5 86.125 0.0509804 0.5 0 0
13130 0.00423596 0.5 86.125 0.0509804 0.5 0 0
13140 0.00435068 0.5 86.625 0.0509804 0.5 0 0
13150 0.00435068 0.5 86.625 0.0509804 0.5 0 0
13160 0.00439532 0.5 87.125 0.0509804 0.5 0 0
13170 0.00439532 0.5 87.125 0.0509804 0.5 0 0
13180 0.00446438 0.5 87.625 0.0509804 0.5 0 0
13190 0.00446438 0.5 87.625 0.0509804 0.5 0 0
13200 0.00449371 0.5 88.125 0.0509804 0.5 0 0
13210 0.00449371 0.5 88.125 0.0509804 0.5 0 0
13220 0.00452465 0.5 88.625 0.0509804 0.5 0 0
13230 0.00452465 0.5 88.625 0.0509804 0.5 0 0
13240 0.00455772 0.375 89 0.0509804 0.5 0 0
13250 0.00455772 0.375 89 0.0509804 0.5 0 0
13260 0.00450106 0.5 89.5 0.0509804 0.5 0 0
13270 0.00450106 0.5 89.5 0.0509804 0.5 0 0
13280 0.00448073 0.5 90 0.054902 0.5 0 0
13290 0.00448073 0.5 90 0.0509804 0.5 0 0
13300 0.00448631 0.5 90.5 0.0509804 0.5 0 0
13310 0.00448631 0.5 90.5 0.0509804 0.5 0 0
13320 0.00450649 0.5 91 0.0509804 0.5 0 0
13330 0.00450649 0.5 91 0.0509804 0.5 0 0
13340 0.00451226 0.375 91.375 0.0509804 0.5 0 0
13350 0.00451226 0.375 91.375 0.0509804 0.5 0 0
13360 0.00451284 0.25 91.625 0.0509804 0.5 0 0
13370 0.00451284 0.25 91.625 0.0509804 0.5 0 0
13380 0.00444983 0.25 91.875 0.0509804 0.5 0 0
13390 0.00444983 0.25 91.875 0.0509804 0.5 0 0
13400 0.00442028 0.25 92.125 0.0509804 0.5 0 0
13410 0.00442028 0.25 92.125 0.0509804 0.5 0 0
13420 0.00442496 0.625 92.75 0.054902 0.5 0 0
13430 0.00442496 0.625 92.75 0.054902 0.5 0 0
13440 0.00442326 0.625 93.375 0.0509804 0.5 0 0
13450 0.00442326 0.625 93.375 0.0509804 0.5 0 0
13460 0.00440968 0.625 94 0.054902 0.5 0 0
13470 0.00440968 0.625 94 0.054902 0.5 0 0
13480 0.00437381 0.625 94.625 0.0509804 0.5 0 0
13490 0.00437381 0.625 94.625 0.0509804 0.5 0 0
13500 0.00431744 0.625 95.25 0.0509804 0.5 0 0
13510 0.00431744 0.625 95.25 0.0509804 0.5 0 0
13520 0.00426691 0.375 95.625 0.0509804 0.5 0 0
13530 0.00426691 0.375 95.625 0.0509804 0.5 0 0
13540 0.0042392 0.375 96 0.0509804 0.5 0 0
13550 0.0042392 0.375 96 0.0509804 0.5 0 0
13560 0.00424984 0.25 96.25 0.0509804 0.5 0 0
13570 0.00424984 0.25 96.25 0.0509804 0.5 0 0
13580 0.00429246 0.625 96.875 0.0509804 0.5 0 0
13590 0.00429246 0.625 96.875 0.054902 0.5 0 0
13600 0.00433287 0.625 97.5 0.054902 0.5 0 0
13610 0.00433287 0.625 97.5 0.054902 0.5 0 0
13620 0.00434054 0.625 98.125 0.054902 0.5 0 0
13630 0.00434054 0.625 98.125 0.054902 0.5 0 0
13640 0.00429377 0.625 98.75 0.054902 0.5 0 0
13650 0.00429377 0.625 98.75 0.054902 0.5 0 0
13660 0.00422335 0.625 99.375 0.054902 0.5 0 0
13670 0.00422335 0.625 99.375 0.054902 0.5 0 0
13680 0.0041697 0.625 100 0.054902 0.5 0 0
13690 0.0041697 0.625 100 0.054902 0.5 0 0
13700 0.00410086 0 100 0.054902 0.5 0 0
13710 0.00410086 0 100 0.0470588 0.5 0 0
13720 0.00395447 0.625 100.625 0.0470588 0.5 0 0
13730 0.00395447 0.625 100.625 0.0509804 0.5 0 0
13740 0.00400451 0.625 101.25 0.0509804 0.5 0 0
13750 0.00400451 0.625 101.25 0.0509804 0.5 0 0
13760 0.00406291 0.625 101.875 0.0509804 0.5 0 0
13770 0.00406291 0.625 101.875 0.0509804 0.5 0 0
13780 0.00413618 0.625 102.5 0.054902 0.5 0 0
13790 0.00413618 0.625 102.5 0.0509804 0.5 0 0
13800 0.00417931 0.75 103.25 0.0509804 0.5 0 0
13810 0.00417931 0.75 103.25 0.0509804 0.5 0 0
13820 0.00410701 0.75 104 0.0509804 0.5 0 0
13830 0.00410701 0.75 104 0.0509804 0.5 0 0
13840 0.00407103 0.75 104.75 0.0509804 0.5 0 0
13850 0.00407103 0.75 104.75 0.0509804 0.5 0 0
13860 0.00407477 0.375 105.125 0.0509804 0.5 0 0
13870 0.00407477 0.375 105.125 0.054902 0.5 0 0
13880 0.00416187 0.375 105.5 0.0509804 0.5 0 0
13890 0.00416187 0.375 105.5 0.0509804 0.5 0 0
13900 0.00424509 0.375 105.875 0.0509804 0.5 0 0
13910 0.00424509 0.375 105.875 0.0509804 0.5 0 0
13920 0.00424491 0.5 106.375 0.0509804 0.5 0 0
13930 0.00424491 0.5 106.375 0.0509804 0.5 0 0
13940 0.00437303 0.5 106.875 0.0509804 0.5 0 0
13950 0.00437303 0.5 106.875 0.0509804 0.5 0 0
13960 0.00441698 0.5 107.375 0.0509804 0.5 0 0
13970 0.00441698 0.5 107.375 0.054902 0.5 0 0
13980 0.00446274 0.5 107.875 0.0509804 0.5 0 0
13990 0.00446274 0.5 107.875 0.0509804 0.5 0 0
14000 0.00442007 0.5 108.375 0.0509804 0.5 0 0
14010 0.00442007 0.5 108.375 0.0509804 0.5 0 0
14020 0.00433676 0.5 108.875 0.054902 0.5 0 0
14030 0.00433676 0.5 108.875 0.0509804 0.5 0 0
14040 0.00429973 0.25 109.125 0.0509804 0.5 0 0
14050 0.00429973 0.25 109.125 0.0509804 0.5 0 0
14060 0.00424299 0.25 109.375 0.0509804 0.5 0 0
14070 0.00424299 0.25 109.375 0.0509804 0.5 0 0
14080 0.00430907 0.5 109.875 0.0509804 0.5 0 0
14090 0.00430907 0.5 109.875 0.0509804 0.5 0 0
14100 0.00438409 0.5 110.375 0.0509804 0.5 0 0
14110 0.00438409 0.5 110.375 0.0509804 0.5 0 0
14120 0.0044183 0.5 110.875 0.0509804 0.5 0 0
14130 0.0044183 0.5 110.875 0.054902 0.5 0 0
14140 0.00448181 0.5 111.375 0.0588235 0.5 0 0
14150 0.00448181 0.5 111.375 0.0666667 0.5 0 0
14160 0.00455541 0.5 111.875 0.0705882 0.5 0 0
14170 0.00455541 0.5 111.875 0.0745098 0.5 0 0
14180 0.00456432 0.75 112.625 0.0745098 0.5 0 0
14190 0.00456432 0.75 112.625 0.0784314 0.5 0 0
14200 0.00452431 0.625 113.25 0.0784314 0.5 0 0
14210 0.00452431 0.625 113.25 0.0705882 0.5 0 0
14220 0.00447822 0.625 113.875 0.0705882 0.5 0 0
14230 0.00447822 0.625 113.875 0.0705882 0.5 0 0
14240 0.00447114 0.5 114.375 0.0666667 0.5 0 0
14250 0.00447114 0.5 114.375 0.0666667 0.5 0 0
14260 0.00448927 0.5 114.875 0.0588235 0.5 0 0
14270 0.00448927 0.5 114.875 0.0588235 0.5 0 0
14280 0.00447551 0.25 115.125 0.0588235 0.5 0 0
14290 0.00447551 0.25 115.125 0.054902 0.5 0 0
14300 0.0044333 0.25 115.375 0.0509804 0.5 0 0
14310 0.0044333 0.25 115.375 0.0509804 0.5 0 0
14320 0.00449405 0.5 115.875 0.0509804 0.5 0 0
14330 0.00449405 0.5 115.875 0.0509804 0.5 0 0
14340 0.00451829 0.5 116.375 0.0509804 0.5 0 0
14350 0.00451829 0.5 116.375 0.0509804 0.5 0 0
14360 0.0044685 0.5 116.875 0.0509804 0.5 0 0
14370 0.0044685 0.5 116.875 0.0509804 0.5 0 0
14380 0.00449409 0.625 117.5 0.0509804 0.5 0 0
14390 0.00449409 0.625 117.5 0.0509804 0.5 0 0
14400 0.00451077 0.375 117.875 0.0509804 0.5 0 0
14410 0.00451077 0.375 117.875 0.0509804 0.5 0 0
14420 0.00453275 0.25 118.125 0.0509804 0.5 0 0
14430 0.00453275 0.25 118.125 0.0509804 0.5 0 0
14440 0.00457243 0.5 118.625 0.0509804 0.5 0 0
14450 0.00457243 0.5 118.625 0.0509804 0.5 0 0
14460 0.00454379 0.625 119.25 0.0509804 0.5 0 0
14470 0.00454379 0.625 119.25 0.0509804 0.5 0 0
14480 0.00449141 0.625 119.875 0.0509804 0.5 0 0
14490 0.00449141 0.625 119.875 0.0509804 0.5 0 0
14500 0.0044687 0.625 120.5 0.0509804 0.5 0 0
14510 0.0044687 0.625 120.5 0.0509804 0.5 0 0
14520 0.00444827 0.625 121.125 0.0509804 0.5 0 0
14530 0.00444827 0.625 121.125 0.0509804 0.5 0 0
14540 0.00442407 0.625 121.75 0.0509804 0.5 0 0
14550 0.00442407 0.625 121.75 0.0509804 0.5 0 0
14560 0.00440672 0.625 122.375 0.054902 0.5 0 0
14570 0.00440672 0.625 122.375 0.054902 0.5 0 0
14580 0.00438425 0.625 123 0.0509804 0.5 0 0
14590 0.00438425 0.625 123 0.0509804 0.5 0 0
14600 0.00436206 0.875 123.875 0.0509804 0.5 0 0
14610 0.00436206 0.875 123.875 0.0509804 0.5 0 0
14620 0.00431868 0.875 124.75 0.0509804 0.5 0 0
14630 0.00431868 0.875 124.75 0.0509804 0.5 0 0
14640 0.00428216 0.875 125.625 0.0509804 0.5 0 0
14650 0.00428216 0.875 125.625 0.0509804 0.5 0 0
14660 0.00423918 0.875 126.5 0.0509804 0.5 0 0
14670 0.00423918 0.875 126.5 0.0509804 0.5 0 0
14680 0.00413282 0.625 127.125 0.0509804 0.5 0 0
14690 0.00413282 0.625 127.125 0.0509804 0.5 0 0
14700 0.00402825 0.625 127.75 0.0470588 0.5 0 0
14710 0.00402825 0.625 127.75 0.0470588 0.5 0 0
14720 0.00390933 0.5 128.25 0.0470588 0.5 0 0
14730 0.00390933 0.5 128.25 0.0509804 0.5 0 0
14740 0.00385475 0.5 128.75 0.054902 0.5 0 0
14750 0.00385475 0.5 128.75 0.054902 0.5 0 0
14760 0.00386376 0.5 129.25 0.0588235 0.5 0 0
14770 0.00386376 0.5 129.25 0.0588235 0.5 0 0
14780 0.00391622 0.375 129.625 0.0588235 0.5 0 0
14790 0.00391622 0.375 129.625 0.0588235 0.5 0 0
14800 0.0039378 0.5 130.125 0.0588235 0.5 0 0
14810 0.0039378 0.5 130.125 0.0588235 0.5 0 0
14820 0.00393713 0.5 130.625 0.054902 0.5 0 0
14830 0.00393713 0.5 130.625 0.0509804 0.5 0 0
14840 0.00395618 0.375 131 0.0509804 0.5 0 0
14850 0.00395618 0.375 131 0.0509804 0.5 0 0
14860 0.00409906 0.25 131.25 0.054902 0.5 0 0
14870 0.00409906 0.25 131.25 0.0509804 0.5 0 0
14880 0.00409786 0.25 131.5 0.0509804 0.5 0 0
14890 0.00409786 0.25 131.5 0.0509804 0.5 0 0
14900 0.00413603 0 131.5 0.0509804 0.5 0 0
14910 0.00413603 0 131.5 0.0509804 0.5 0 0
14920 0.00420216 0 131.5 0.0509804 0.5 0 0
14930 0.00420216 0 131.5 0.0509804 0.5 0 0
14940 0.00417527 0.375 131.875 0.0509804 0.5 0 0
14950 0.00417527 0.375 131.875 0.054902 0.5 0 0
14960 0.00416598 0.375 132.25 0.054902 0.5 0 0
14970 0.00416598 0.375 132.25 0.054902 0.5 0 0
14980 0.00410323 0.375 132.625 0.054902 0.5 0 0
14990 0.00410323 0.375 132.625 0.054902 0.5 0 0
15000 0.00399517 0.375 133 0.0509804 0.5 0 0
15010 0.00399517 0.375 133 0.0509804 0.5 0 0
15020 0.00382824 0.75 133.75 0.0470588 0.5 0 0
15030 0.00382824 0.75 133.75 0.0470588 0.5 0 0
15040 0.00378294 0.75 134.5 0.0470588 0.5 0 0
15050 0.00378294 0.75 134.5 0.0470588 0.5 0 0
15060 0.00382977 1 135.5 0.0509804 0.5 0 0
15070 0.00382977 1 135.5 0.0509804 0.5 0 0
15080 0.00386952 1 136.5 0.0509804 0.5 0 0
15090 0.00386952 1 136.5 0.0509804 0.5 0 0
15100 0.00387849 1 137.5 0.0509804 0.5 0 0
15110 0.00387849 1 137.5 0.0509804 0.5 0 0
15120 0.00388168 1 138.5 0.0509804 0.5 0 0
15130 0.00388168 1 138.5 0.0509804 0.5 0 0
15140 0.00388962 1 139.5 0.0509804 0.5 0 0
15150 0.00388962 1 139.5 0.054902 0.5 0 0
15160 0.00391082 0.875 140.375 0.054902 0.5 0 0
15170 0.00391082 0.875 140.375 0.054902 0.5 0 0
15180 0.00395294 0.875 141.25 0.054902 0.5 0 0
15190 0.00395294 0.875 141.25 0.054902 0.5 0 0
15200 0.00408296 0.5 141.75 0.0509804 0.5 0 0
15210 0.00408296 0.5 141.75 0.0509804 0.5 0 0
15220 0.00423556 0.5 142.25 0.0509804 0.5 0 0
15230 0.00423556 0.5 142.25 0.0509804 0.5 0 0
15240 0.00433648 0.5 142.75 0.054902 0.5 0 0
15250 0.00433648 0.5 142.75 0.0509804 0.5 0 0
15260 0.00436023 0 142.75 0.0509804 0.5 0 0
15270 0.00436023 0 142.75 0.0509804 0.5 0 0
15280 0.00436973 0 142.75 0.0509804 0.5 0 0
15290 0.00436973 0 142.75 0.054902 0.5 0 0
15300 0.00445181 0 142.75 0.054902 0.5 0 0
15310 0.00445181 0 142.75 0.054902 0.5 0 0
15320 0.00456609 0 142.75 0.054902 0.5 0 0
15330 0.00456609 0 142.75 0.054902 0.5 0 0
15340 0.00454295 0 142.75 0.054902 0.5 0 0
15350 0.00454295 0 142.75 0.054902 0.5 0 0
15360 0.00449034 0 142.75 0.0588235 0.5 0 0
15370 0.00449034 0 142.75 0.0588235 0.5 0 0
15380 0.00442054 0 142.75 0.0588235 0.5 0 0
15390 0.00442054 0 142.75 0.0588235 0.5 0 0
15400 0.00431184 0 142.75 0.0588235 0.5 0 0
15410 0.00431184 0 142.75 0.054902 0.5 0 0
15420 0.00425275 0 142.75 0.0588235 0.5 0 0
15430 0.00425275 0 142.75 0.0588235 0.5 0 0
15440 0.00419829 0 142.75 0.0588235 0.5 0 0
15450 0.00419829 0 142.75 0.054902 0.5 0 0
15460 0.00414609 0 142.75 0.054902 0.5 0 0
15470 0.00414609 0 142.75 0.054902 0.5 0 0
15480 0.00411233 0 142.75 0.054902 0.5 0 0
15490 0.00411233 0 142.75 0.0509804 0.5 0 0
15500 0.00403875 0 142.75 0.054902 0.5 0 0
15510 0.00403875 0 142.75 0.054902 0.5 0 0
15520 0.00402402 0 142.75 0.054902 0.5 0 0
15530 0.00402402 0 142.75 0.0588235 0.5 0 0
15540 0.00411042 0 142.75 0.0588235 0.5 0 0
15550 0.00411042 0 142.75 0.0627451 0.5 0 0
15560 0.00412887 0 142.75 0.0627451 0.5 0 0
15570 0.00412887 0 142.75 0.0627451 0.5 0 0
15580 0.00410806 0 142.75 0.0627451 0.5 0 0
15590 0.00410806 0 142.75 0.054902 0.5 0 0
15600 0.0041178 0 142.75 0.0509804 0.5 0 0
15610 0.0041178 0 142.75 0.0509804 0.5 0 0
15620 0.00431491 0 142.75 0.054902 0.5 0 0
15630 0.00431491 0 142.75 0.054902 0.5 0 0
15640 0.0043283 0 142.75 0.0588235 0.5 0 0
15650 0.0043283 0 142.75 0.0627451 0.5 0 0
15660 0.00442973 0 142.75 0.0627451 0.5 0 0
15670 0.00442973 0 142.75 0.0627451 0.5 0 0
15680 0.00444458 0 142.75 0.0666667 0.5 0 0
15690 0.00444458 0 142.75 0.0705882 0.5 0 0
15700 0.00446545 0 142.75 0.0705882 0.5 0 0
15710 0.00446545 0 142.75 0.0745098 0.5 0 0
15720 0.00446464 0 142.75 0.0784314 0.5 0 0
15730 0.00446464 0 142.75 0.0784314 0.5 0 0
15740 0.00442023 0 142.75 0.0784314 0.5 0 0
15750 0.00442023 0 142.75 0.0705882 0.5 0 0
15760 0.00441373 0 142.75 0.0627451 0.5 0 0
15770 0.00441373 0 142.75 0.054902 0.5 0 0
15780 0.00454673 0 142.75 0.054902 0.5 0 0
15790 0.00454673 0 142.75 0.054902 0.5 0 0
15800 0.004501 0 142.75 0.054902 0.5 0 0
15810 0.004501 0 142.75 0.054902 0.5 0 0
15820 0.00437173 0 142.75 0.0588235 0.5 0 0
15830 0.00437173 0 142.75 0.0588235 0.5 0 0
15840 0.00433143 0 142.75 0.0588235 0.5 0 0
15850 0.00433143 0 142.75 0.054902 0.5 0 0
15860 0.00431051 0 142.75 0.0509804 0.5 0 0
15870 0.00431051 0 142.75 0.0509804 0.5 0 0
15880 0.00460911 0 142.75 0.0509804 0.5 0 0
15890 0.00460911 0 142.75 0.054902 0.5 0 0
15900 0.00475519 0.25 143 0.054902 0.5 0 0
15910 0.00475519 0.25 143 0.0588235 0.5 0 0
15920 0.00482593 0.25 143.25 0.0627451 0.5 0 0
15930 0.00482593 0.25 143.25 0.0627451 0.5 0 0
15940 0.00480831 0.25 143.5 0.0588235 0.5 0 0
15950 0.00480831 0.25 143.5 0.0588235 0.5 0 0
15960 0.00483193 0.25 143.75 0.054902 0.5 0 0
15970 0.00483193 0.25 143.75 0.054902 0.5 0 0
15980 0.00489833 0.375 144.125 0.054902 0.5 0 0
15990 0.00489833 0.375 144.125 0.054902 0.5 0 0
16000 0.0049279 0.25 144.375 0.054902 0.5 0 0
16010 0.0049279 0.25 144.375 0.054902 0.5 0 0
16020 0.0048822 0.25 144.625 0.054902 0.5 0 0
16030 0.0048822 0.25 144.625 0.054902 0.5 0 0
16040 0.00485562 0.25 144.875 0.054902 0.5 0 0
16050 0.00485562 0.25 144.875 0.054902 0.5 0 0
16060 0.00485583 0.25 145.125 0.054902 0.5 0 0
16070 0.00485583 0.25 145.125 0.054902 0.5 0 0
16080 0.00485947 0.375 145.5 0.054902 0.5 0 0
16090 0.00485947 0.375 145.5 0.054902 0.5 0 0
16100 0.00485581 0.25 145.75 0.054902 0.5 0 0
16110 0.00485581 0.25 145.75 0.054902 0.5 0 0
16120 0.00484941 0.25 146 0.054902 0.5 0 0
16130 0.00484941 0.25 146 0.054902 0.5 0 0
16140 0.00483581 0.25 146.25 0.054902 0.5 0 0
16150 0.00483581 0.25 146.25 0.054902 0.5 0 0
16160 0.00479428 0.25 146.5 0.054902 0.5 0 0
16170 0.00479428 0.25 146.5 0.054902 0.5 0 0
16180 0.00477221 0.25 146.75 0.054902 0.5 0 0
16190 0.00477221 0.25 146.75 0.054902 0.5 0 0
16200 0.00476263 0.25 147 0.0509804 0.5 0 0
16210 0.00476263 0.25 147 0.054902 0.5 0 0
16220 0.00458614 0 147 0.0509804 0.5 0 0
16230 0.00458614 0 147 0.0509804 0.5 0 0
16240 0.00442615 0 147 0.0509804 0.5 0 0
16250 0.00442615 0 147 0.0509804 0.5 0 0
16260 0.0044346 0 147 0.054902 0.5 0 0
16270 0.0044346 0 147 0.054902 0.5 0 0
16280 0.00440941 0 147 0.054902 0.5 0 0
16290 0.00440941 0 147 0.054902 0.5 0 0
16300 0.00440481 0 147 0.0588235 0.5 0 0
16310 0.00440481 0 147 0.0588235 0.5 0 0
16320 0.00434608 0 147 0.054902 0.5 0 0
16330 0.00434608 0 147 0.054902 0.5 0 0
16340 0.00419076 0 147 0.054902 0.5 0 0
16350 0.00419076 0 147 0.054902 0.5 0 0
16360 0.00408326 0 147 0.054902 0.5 0 0
16370 0.00408326 0 147 0.054902 0.5 0 0
16380 0.00410048 0 147 0.054902 0.5 0 0
16390 0.00410048 0 147 0.054902 0.5 0 0
16400 0.00417222 0 147 0.0588235 0.5 0 0
16410 0.00417222 0 147 0.0588235 0.5 0 0
16420 0.00417244 0 147 0.0588235 0.5 0 0
16430 0.00417244 0 147 0.0588235 0.5 0 0
16440 0.00417424 0 147 0.0588235 0.5 0 0
16450 0.00417424 0 147 0.0627451 0.5 0 0
16460 0.00424116 0 147 0.0666667 0.5 0 0
16470 0.00424116 0 147 0.0666667 0.5 0 0
16480 0.00427277 0 147 0.0666667 0.5 0 0
16490 0.00427277 0 147 0.0666667 0.5 0 0
16500 0.00429307 0 147 0.0666667 0.5 0 0
16510 0.00429307 0 147 0.0627451 0.5 0 0
16520 0.0043296 0 147 0.0627451 0.5 0 0
16530 0.0043296 0 147 0.0627451 0.5 0 0
16540 0.00433539 0 147 0.0588235 0.5 0 0
16550 0.00433539 0 147 0.0627451 0.5 0 0
16560 0.00440752 0 147 0.0705882 0.5 0 0
16570 0.00440752 0 147 0.0784314 0.5 0 0
16580 0.00444784 0 147 0.0784314 0.5 0 0
16590 0.00444784 0 147 0.0784314 0.5 0 0
16600 0.00444827 0 147 0.0784314 0.5 0 0
16610 0.00444827 0 147 0.0823529 0.5 0 0
16620 0.00438811 0 147 0.0745098 0.5 0 0
16630 0.00438811 0 147 0.0705882 0.5 0 0
16640 0.00438078 0 147 0.0588235 0.5 0 0
16650 0.00438078 0 147 0.0588235 0.5 0 0
16660 0.00431032 0 147 0.0588235 0.5 0 0
16670 0.00431032 0 147 0.0588235 0.5 0 0
16680 0.00431187 0.25 147.25 0.0627451 0.5 0 0
16690 0.00431187 0.25 147.25 0.0588235 0.5 0 0
16700 0.00437777 0.25 147.5 0.0588235 0.5 0 0
16710 0.00437777 0.25 147.5 0.0588235 0.5 0 0
16720 0.0045182 0.25 147.75 0.0588235 0.5 0 0
16730 0.0045182 0.25 147.75 0.054902 0.5 0 0
16740 0.00476382 0.25 148 0.054902 0.5 0 0
16750 0.00476382 0.25 148 0.054902 0.5 0 0
16760 0.00483676 0.5 148.5 0.054902 0.5 0 0
16770 0.00483676 0.5 148.5 0.0588235 0.5 0 0
16780 0.00478267 0.5 149 0.054902 0.5 0 0
16790 0.00478267 0.5 149 0.0588235 0.5 0 0
16800 0.00490866 0.5 149.5 0.0588235 0.5 0 0
16810 0.00490866 0.5 149.5 0.0588235 0.5 0 0
16820 0.00497364 0.5 150 0.0588235 0.5 0 0
16830 0.00497364 0.5 150 0.0588235 0.5 0 0
16840 0.00504702 0.5 150.5 0.0588235 0.5 0 0
16850 0.00504702 0.5 150.5 0.0588235 0.5 0 0
16860 0.00512543 0.5 151 0.0588235 0.5 0 0
16870 0.00512543 0.5 151 0.0627451 0.5 0 0
16880 0.00509029 0 151 0.0627451 0.5 0 0
16890 0.00509029 0 151 0.0627451 0.5 0 0
16900 0.00497084 0 151 0.0588235 0.5 0 0
16910 0.00497084 0 151 0.0588235 0.5 0 0
16920 0.00482252 0 151 0.0588235 0.5 0 0
16930 0.00482252 0 151 0.0588235 0.5 0 0
16940 0.00471174 0.25 151.25 0.0588235 0.5 0 0
16950 0.00471174 0.25 151.25 0.054902 0.5 0 0
16960 0.00467417 0.25 151.5 0.054902 0.5 0 0
16970 0.00467417 0.25 151.5 0.054902 0.5 0 0
16980 0.00463135 0.25 151.75 0.054902 0.5 0 0
16990 0.00463135 0.25 151.75 0.054902 0.5 0 0
17000 0.00462309 0.25 152 0.054902 0.5 0 0
17010 0.00462309 0.25 152 0.054902 0.5 0 0
17020 0.00466509 0.25 152.25 0.054902 0.5 0 0
17030 0.00466509 0.25 152.25 0.054902 0.5 0 0
17040 0.00466062 0.25 152.5 0.0509804 0.5 0 0
17050 0.00466062 0.25 152.5 0.054902 0.5 0 0
17060 0.00457045 0 152.5 0.0509804 0.5 0 0
17070 0.00457045 0 152.5 0.0509804 0.5 0 0
17080 0.00447367 0 152.5 0.0509804 0.5 0 0
17090 0.00447367 0 152.5 0.0509804 0.5 0 0
17100 0.00434637 0 152.5 0.0509804 0.5 0 0
17110 0.00434637 0 152.5 0.0509804 0.5 0 0
17120 0.0042528 0 152.5 0.0509804 0.5 0 0
17130 0.0042528 0 152.5 0.0509804 0.5 0 0
17140 0.00418289 0 152.5 0.0509804 0.5 0 0
17150 0.00418289 0 152.5 0.0509804 0.5 0 0
17160 0.00421997 0 152.5 0.0588235 0.5 0 0
17170 0.00421997 0 152.5 0.0588235 0.5 0 0
17180 0.00420462 0 152.5 0.0588235 0.5 0 0
17190 0.00420462 0 152.5 0.0588235 0.5 0 0
17200 0.00423861 0 152.5 0.0588235 0.5 0 0
17210 0.00423861 0 152.5 0.0588235 0.5 0 0
17220 0.00421888 0 152.5 0.0588235 0.5 0 0
17230 0.00421888 0 152.5 0.0588235 0.5 0 0
17240 0.00418212 0 152.5 0.054902 0.5 0 0
17250 0.00418212 0 152.5 0.0509804 0.5 0 0
17260 0.00418572 0 152.5 0.0509804 0.5 0 0
17270 0.00418572 0 152.5 0.0509804 0.5 0 0
17280 0.00407453 0 152.5 0.0509804 0.5 0 0
17290 0.00407453 0 152.5 0.054902 0.5 0 0
17300 0.00403337 0 152.5 0.0588235 0.5 0 0
17310 0.00403337 0 152.5 0.054902 0.5 0 0
17320 0.00397863 0 152.5 0.0509804 0.5 0 0
17330 0.00397863 0 152.5 0.0509804 0.5 0 0
17340 0.00400787 0 152.5 0.0470588 0.5 0 0
17350 0.00400787 0 152.5 0.0509804 0.5 0 0
17360 0.00408248 0.25 152.75 0.0509804 0.5 0 0
17370 0.00408248 0.25 152.75 0.0509804 0.5 0 0
17380 0.00403706 0.375 153.125 0.0470588 0.5 0 0
17390 0.00403706 0.375 153.125 0.0509804 0.5 0 0
17400 0.00402359 0.375 153.5 0.0509804 0.5 0 0
17410 0.00402359 0.375 153.5 0.0509804 0.5 0 0
17420 0.0040933 0.375 153.875 0.0509804 0.5 0 0
17430 0.0040933 0.375 153.875 0.0509804 0.5 0 0
17440 0.00404324 0.375 154.25 0.0509804 0.5 0 0
17450 0.00404324 0.375 154.25 0.0509804 0.5 0 0
17460 0.00387121 0.375 154.625 0.0509804 0.5 0 0
17470 0.00387121 0.375 154.625 0.0470588 0.5 0 0
17480 0.00385869 0.25 154.875 0.0470588 0.5 0 0
17490 0.00385869 0.25 154.875 0.0470588 0.5 0 0
17500 0.0039966 0.5 155.375 0.0470588 0.5 0 0
17510 0.0039966 0.5 155.375 0.0509804 0.5 0 0
17520 0.00421851 0.5 155.875 0.0470588 0.5 0 0
17530 0.00421851 0.5 155.875 0.0509804 0.5 0 0
17540 0.00438837 0.5 156.375 0.0509804 0.5 0 0
17550 0.00438837 0.5 156.375 0.0509804 0.5 0 0
17560 0.00445848 0.5 156.875 0.0509804 0.5 0 0
17570 0.00445848 0.5 156.875 0.054902 0.5 0 0
17580 0.00447578 0.5 157.375 0.054902 0.5 0 0
17590 0.00447578 0.5 157.375 0.054902 0.5 0 0
17600 0.00454211 0.25 157.625 0.054902 0.5 0 0
17610 0.00454211 0.25 157.625 0.054902 0.5 0 0
17620 0.00447085 0 157.625 0.054902 0.5 0 0
17630 0.00447085 0 157.625 0.054902 0.5 0 0
17640 0.00436317 0 157.625 0.054902 0.5 0 0
17650 0.00436317 0 157.625 0.054902 0.5 0 0
17660 0.00428739 0 157.625 0.054902 0.5 0 0
17670 0.00428739 0 157.625 0.054902 0.5 0 0
17680 0.00418532 0 157.625 0.054902 0.5 0 0
17690 0.00418532 0 157.625 0.054902 0.5 0 0
17700 0.00404955 0 157.625 0.054902 0.5 0 0
17710 0.00404955 0 157.625 0.0509804 0.5 0 0
17720 0.00394949 0 157.625 0.0470588 0.5 0 0
17730 0.00394949 0 157.625 0.0470588 0.5 0 0
17740 0.00391256 0.25 157.875 0.0509804 0.5 0 0
17750 0.00391256 0.25 157.875 0.0509804 0.5 0 0
17760 0.00411991 0.25 158.125 0.0509804 0.5 0 0
17770 0.00411991 0.25 158.125 0.0509804 0.5 0 0
17780 0.00418937 0.25 158.375 0.0509804 0.5 0 0
17790 0.00418937 0.25 158.375 0.0509804 0.5 0 0
17800 0.00413415 0.25 158.625 0.0509804 0.5 0 0
17810 0.00413415 0.25 158.625 0.0509804 0.5 0 0
17820 0.00417513 0.375 159 0.0509804 0.5 0 0
17830 0.00417513 0.375 159 0.0509804 0.5 0 0
17840 0.00421173 0.25 159.25 0.0470588 0.5 0 0
17850 0.00421173 0.25 159.25 0.0470588 0.5 0 0
17860 0.00417449 0.25 159.5 0.0470588 0.5 0 0
17870 0.00417449 0.25 159.5 0.0470588 0.5 0 0
17880 0.00420619 0.375 159.875 0.0470588 0.5 0 0
17890 0.00420619 0.375 159.875 0.0470588 0.5 0 0
17900 0.00417205 0.375 160.25 0.0509804 0.5 0 0
17910 0.00417205 0.375 160.25 0.0509804 0.5 0 0
17920 0.00423452 0.375 160.625 0.0509804 0.5 0 0
17930 0.00423452 0.375 160.625 0.0509804 0.5 0 0
17940 0.00429788 0.375 161 0.0509804 0.5 0 0
17950 0.00429788 0.375 161 0.054902 0.5 0 0
17960 0.004282 0.375 161.375 0.0509804 0.5 0 0
17970 0.004282 0.375 161.375 0.0509804 0.5 0 0
17980 0.0042896 0.25 161.625 0.0509804 0.5 0 0
17990 0.0042896 0.25 161.625 0.0509804 0.5 0 0
18000 0.00420705 0 161.625 0.0509804 0.5 0 0
18010 0.00420705 0 161.625 0.0470588 0.5 0 0
18020 0.00425364 0.25 161.875 0.0509804 0.5 0 0
18030 0.00425364 0.25 161.875 0.0509804 0.5 0 0
18040 0.00423402 0.25 162.125 0.0509804 0.5 0 0
18050 0.00423402 0.25 162.125 0.0470588 0.5 0 0
18060 0.00419036 0.25 162.375 0.0470588 0.5 0 0
18070 0.00419036 0.25 162.375 0.054902 0.5 0 0
18080 0.00414947 0.5 162.875 0.054902 0.5 0 0
18090 0.00414947 0.5 162.875 0.054902 0.5 0 0
18100 0.00414201 0.5 163.375 0.054902 0.5 0 0
18110 0.00414201 0.5 163.375 0.054902 0.5 0 0
18120 0.00413696 0.5 163.875 0.0588235 0.5 0 0
18130 0.00413696 0.5 163.875 0.0588235 0.5 0 0
18140 0.00410694 0.25 164.125 0.0588235 0.5 0 0
18150 0.00410694 0.25 164.125 0.0627451 0.5 0 0
18160 0.00411121 0.25 164.375 0.0627451 0.5 0 0
18170 0.00411121 0.25 164.375 0.0627451 0.5 0 0
18180 0.00412035 0.25 164.625 0.0627451 0.5 0 0
18190 0.00412035 0.25 164.625 0.0588235 0.5 0 0
18200 0.00412043 0.25 164.875 0.0588235 0.5 0 0
18210 0.00412043 0.25 164.875 0.0588235 0.5 0 0
18220 0.00410774 0.25 165.125 0.0588235 0.5 0 0
18230 0.00410774 0.25 165.125 0.0588235 0.5 0 0
18240 0.004114 0.25 165.375 0.0588235 0.5 0 0
18250 0.004114 0.25 165.375 0.0588235 0.5 0 0
18260 0.00411769 0.25 165.625 0.054902 0.5 0 0
18270 0.00411769 0.25 165.625 0.054902 0.5 0 0
18280 0.00414397 0.25 165.875 0.054902 0.5 0 0
18290 0.00414397 0.25 165.875 0.054902 0.5 0 0
18300 0.00413493 0.5 166.375 0.054902 0.5 0 0
18310 0.00413493 0.5 166.375 0.0509804 0.5 0 0
18320 0.00416139 0.375 166.75 0.0509804 0.5 0 0
18330 0.00416139 0.375 166.75 0.0470588 0.5 0 0
18340 0.00408301 0.375 167.125 0.0470588 0.5 0 0
18350 0.00408301 0.375 167.125 0.0470588 0.5 0 0
18360 0.00410949 0.75 167.875 0.0470588 0.5 0 0
18370 0.00410949 0.75 167.875 0.0470588 0.5 0 0
18380 0.00402912 0.75 168.625 0.0470588 0.5 0 0
18390 0.00402912 0.75 168.625 0.0470588 0.5 0 0
18400 0.00398872 0.75 169.375 0.0509804 0.5 0 0
18410 0.00398872 0.75 169.375 0.0509804 0.5 0 0
18420 0.00402054 0.75 170.125 0.0509804 0.5 0 0
18430 0.00402054 0.75 170.125 0.0509804 0.5 0 0
18440 0.00397848 0.75 170.875 0.0470588 0.5 0 0
18450 0.00397848 0.75 170.875 0.0470588 0.5 0 0
18460 0.00405455 0.75 171.625 0.0509804 0.5 0 0
18470 0.00405455 0.75 171.625 0.0509804 0.5 0 0
18480 0.00414008 0.75 172.375 0.0509804 0.5 0 0
18490 0.00414008 0.75 172.375 0.0470588 0.5 0 0
18500 0.00419911 0.625 173 0.0470588 0.5 0 0
18510 0.00419911 0.625 173 0.0470588 0.5 0 0
18520 0.00426036 0.75 173.75 0.0470588 0.5 0 0
18530 0.00426036 0.75 173.75 0.0470588 0.5 0 0
18540 0.00431947 0.75 174.5 0.0509804 0.5 0 0
18550 0.00431947 0.75 174.5 0.0509804 0.5 0 0
18560 0.0043407 0.75 175.25 0.0509804 0.5 0 0
18570 0.0043407 0.75 175.25 0.0509804 0.5 0 0
18580 0.00434971 0.75 176 0.0509804 0.5 0 0
18590 0.00434971 0.75 176 0.0509804 0.5 0 0
18600 0.00434226 0.75 176.75 0.054902 0.5 0 0
18610 0.00434226 0.75 176.75 0.054902 0.5 0 0
18620 0.00440694 0.75 177.5 0.0509804 0.5 0 0
18630 0.00440694 0.75 177.5 0.0509804 0.5 0 0
18640 0.00447299 0.75 178.25 0.0509804 0.5 0 0
18650 0.00447299 0.75 178.25 0.054902 0.5 0 0
18660 0.00447572 0.375 178.625 0.0509804 0.5 0 0
18670 0.00447572 0.375 178.625 0.054902 0.5 0 0
18680 0.0044177 0.375 179 0.0509804 0.5 0 0
18690 0.0044177 0.375 179 0.0509804 0.5 0 0
18700 0.00441198 0.375 179.375 0.0509804 0.5 0 0
18710 0.00441198 0.375 179.375 0.0509804 0.5 0 0
18720 0.00443781 0.625 180 0.0470588 0.5 0 0
18730 0.00443781 0.625 180 0.0509804 0.5 0 0
18740 0.00445473 0.75 180.75 0.0470588 0.5 0 0
18750 0.00445473 0.75 180.75 0.0509804 0.5 0 0
18760 0.00446376 0.75 181.5 0.0509804 0.5 0 0
18770 0.00446376 0.75 181.5 0.0509804 0.5 0 0
18780 0.00454092 0.75 182.25 0.0509804 0.5 0 0
18790 0.00454092 0.75 182.25 0.0509804 0.5 0 0
18800 0.00461773 0.75 183 0.0509804 0.5 0 0
18810 0.00461773 0.75 183 0.0509804 0.5 0 0
18820 0.00461178 0.75 183.75 0.0509804 0.5 0 0
18830 0.00461178 0.75 183.75 0.0509804 0.5 0 0
18840 0.00461662 0.75 184.5 0.054902 0.5 0 0
18850 0.00461662 0.75 184.5 0.0509804 0.5 0 0
18860 0.00459454 0.75 185.25 0.054902 0.5 0 0
18870 0.00459454 0.75 185.25 0.054902 0.5 0 0
18880 0.00455126 0.75 186 0.0509804 0.5 0 0
18890 0.00455126 0.75 186 0.0509804 0.5 0 0
18900 0.00448181 0.625 186.625 0.0509804 0.5 0 0
18910 0.00448181 0.625 186.625 0.0509804 0.5 0 0
18920 0.00450996 0.625 187.25 0.0509804 0.5 0 0
18930 0.00450996 0.625 187.25 0.0509804 0.5 0 0
18940 0.00452397 0.625 187.875 0.0509804 0.5 0 0
18950 0.00452397 0.625 187.875 0.0509804 0.5 0 0
18960 0.00454249 0.625 188.5 0.0509804 0.5 0 0
18970 0.00454249 0.625 188.5 0.0509804 0.5 0 0
18980 0.00456422 0.625 189.125 0.0509804 0.5 0 0
18990 0.00456422 0.625 189.125 0.0509804 0.5 0 0
19000 0.00459616 0.625 189.75 0.0509804 0.5 0 0
19010 0.00459616 0.625 189.75 0.0509804 0.5 0 0
19020 0.00460129 0.5 190.25 0.0509804 0.5 0 0
19030 0.00460129 0.5 190.25 0.0509804 0.5 0 0
19040 0.00456465 0.5 190.75 0.0509804 0.5 0 0
19050 0.00456465 0.5 190.75 0.0509804 0.5 0 0
19060 0.00456223 0.5 191.25 0.0509804 0.5 0 0
19070 0.00456223 0.5 191.25 0.0509804 0.5 0 0
19080 0.00460329 0.5 191.75 0.0509804 0.5 0 0
19090 0.00460329 0.5 191.75 0.0509804 0.5 0 0
19100 0.00458645 0.75 192.5 0.0509804 0.5 0 0
19110 0.00458645 0.75 192.5 0.0509804 0.5 0 0
19120 0.00455044 0.625 193.125 0.0509804 0.5 0 0
19130 0.00455044 0.625 193.125 0.0509804 0.5 0 0
19140 0.00452088 0.625 193.75 0.0509804 0.5 0 0
19150 0.00452088 0.625 193.75 0.0509804 0.5 0 0
19160 0.00453422 0.625 194.375 0.0509804 0.5 0 0
19170 0.00453422 0.625 194.375 0.0509804 0.5 0 0
19180 0.00451578 0.625 195 0.0509804 0.5 0 0
19190 0.00451578 0.625 195 0.0509804 0.5 0 0
19200 0.00450694 0.625 195.625 0.0509804 0.5 0 0
19210 0.00450694 0.625 195.625 0.0509804 0.5 0 0
19220 0.00450834 0.75 196.375 0.0509804 0.5 0 0
19230 0.00450834 0.75 196.375 0.0509804 0.5 0 0
19240 0.00445283 0.625 197 0.0509804 0.5 0 0
19250 0.00445283 0.625 197 0.0509804 0.5 0 0
19260 0.00439169 0.625 197.625 0.0509804 0.5 0 0
19270 0.00439169 0.625 197.625 0.0509804 0.5 0 0
19280 0.00434288 0.625 198.25 0.0509804 0.5 0 0
19290 0.00434288 0.625 198.25 0.0509804 0.5 0 0
19300 0.00435959 0.75 199 0.0509804 0.5 0 0
19310 0.00435959 0.75 199 0.0509804 0.5 0 0
19320 0.00433234 0.75 199.75 0.0509804 0.5 0 0
19330 0.00433234 0.75 199.75 0.0509804 0.5 0 0
19340 0.00435696 0.75 200.5 0.0470588 0.5 0 0
19350 0.00435696 0.75 200.5 0.0470588 0.5 0 0
19360 0.00440281 0.75 201.25 0.0509804 0.5 0 0
19370 0.00440281 0.75 201.25 0.0509804 0.5 0 0
19380 0.00437116 0.75 202 0.054902 0.5 0 0
19390 0.00437116 0.75 202 0.054902 0.5 0 0
19400 0.00437249 0.75 202.75 0.054902 0.5 0 0
19410 0.00437249 0.75 202.75 0.054902 0.5 0 0
19420 0.00429434 0.75 203.5 0.0509804 0.5 0 0
19430 0.00429434 0.75 203.5 0.0509804 0.5 0 0
19440 0.00416979 0.75 204.25 0.0509804 0.5 0 0
19450 0.00416979 0.75 204.25 0.0509804 0.5 0 0
19460 0.00411776 0.75 205 0.0509804 0.5 0 0
19470 0.00411776 0.75 205 0.0509804 0.5 0 0
19480 0.0042354 0.25 205.25 0.0588235 0.5 0 0
19490 0.0042354 0.25 205.25 0.0588235 0.5 0 0
19500 0.00430078 0.25 205.5 0.0588235 0.5 0 0
19510 0.00430078 0.25 205.5 0.0627451 0.5 0 0
19520 0.00431033 0.25 205.75 0.0588235 0.5 0 0
19530 0.00431033 0.25 205.75 0.0588235 0.5 0 0
19540 0.00430983 0.25 206 0.054902 0.5 0 0
19550 0.00430983 0.25 206 0.0509804 0.5 0 0
19560 0.00429959 0.625 206.625 0.0470588 0.5 0 0
19570 0.00429959 0.625 206.625 0.0470588 0.5 0 0
19580 0.00408198 0.625 207.25 0.0470588 0.5 0 0
19590 0.00408198 0.625 207.25 0.0509804 0.5 0 0
19600 0.00399425 0.625 207.875 0.0509804 0.5 0 0
19610 0.00399425 0.625 207.875 0.054902 0.5 0 0
19620 0.00396857 0.625 208.5 0.054902 0.5 0 0
19630 0.00396857 0.625 208.5 0.0509804 0.5 0 0
19640 0.00396338 0.625 209.125 0.054902 0.5 0 0
19650 0.00396338 0.625 209.125 0.0509804 0.5 0 0
19660 0.00395951 0.625 209.75 0.0509804 0.5 0 0
19670 0.00395951 0.625 209.75 0.054902 0.5 0 0
19680 0.00391531 0.625 210.375 0.0509804 0.5 0 0
19690 0.00391531 0.625 210.375 0.054902 0.5 0 0
19700 0.00387274 0.25 210.625 0.0509804 0.5 0 0
19710 0.00387274 0.25 210.625 0.0470588 0.5 0 0
19720 0.00394418 0.25 210.875 0.0470588 0.5 0 0
19730 0.00394418 0.25 210.875 0.0509804 0.5 0 0
19740 0.00426288 0.25 211.125 0.0470588 0.5 0 0
19750 0.00426288 0.25 211.125 0.0509804 0.5 0 0
19760 0.0043962 0.25 211.375 0.0509804 0.5 0 0
19770 0.0043962 0.25 211.375 0.0509804 0.5 0 0
19780 0.00442445 0.25 211.625 0.0509804 0.5 0 0
19790 0.00442445 0.25 211.625 0.054902 0.5 0 0
19800 0.0045084 0.25 211.875 0.054902 0.5 0 0
19810 0.0045084 0.25 211.875 0.054902 0.5 0 0
19820 0.00459124 0.25 212.125 0.054902 0.5 0 0
19830 0.00459124 0.25 212.125 0.054902 0.5 0 0
19840 0.00456423 0.25 212.375 0.054902 0.5 0 0
19850 0.00456423 0.25 212.375 0.0509804 0.5 0 0
19860 0.00445956 0 212.375 0.0509804 0.5 0 0
19870 0.00445956 0 212.375 0.0509804 0.5 0 0
19880 0.00448299 0 212.375 0.0509804 0.5 0 0
19890 0.00448299 0 212.375 0.0509804 0.5 0 0
19900 0.00441176 0 212.375 0.0509804 0.5 0 0
19910 0.00441176 0 212.375 0.054902 0.5 0 0
19920 0.00435524 0 212.375 0.0588235 0.5 0 0
19930 0.00435524 0 212.375 0.0588235 0.5 0 0
19940 0.00432657 0 212.375 0.0588235 0.5 0 0
19950 0.00432657 0 212.375 0.0588235 0.5 0 0
19960 0.00435741 0 212.375 0.054902 0.5 0 0
19970 0.00435741 0 212.375 0.0509804 0.5 0 0
19980 0.00437479 0 212.375 0.0509804 0.5 0 0
19990 0.00437479 0 212.375 0.054902 0.5 0 0
20000 0.00439258 0 212.375 0.0588235 0.5 0 0
20010 0.00439258 0 212.375 0.0588235 0.5 0 0
