0 0.101778 0 0 0.5 0.5 0 0
10 0.101778 0 0 0.796078 0.5 0 0
20 0.102016 0.375 0.375 0.792157 0.5 0 0
30 0.102016 0.375 0.375 0.670588 0.5 0 0
40 0.102818 0.375 0.75 0.690196 0.5 0 0
50 0.102818 0.375 0.75 0.686275 0.5 0 0
60 0.10313 0.375 1.125 0.772549 0.5 0 0
70 0.10313 0.375 1.125 0.776471 0.5 0 0
80 0.103798 0.375 1.5 0.792157 0.5 0 0
90 0.103798 0.375 1.5 0.721569 0.5 0 0
100 0.104502 0.375 1.875 0.788235 0.5 0 0
110 0.104502 0.375 1.875 0.792157 0.5 0 0
120 0.105555 0 1.875 0.713725 0.5 0 0
130 0.105555 0 1.875 0.721569 0.5 0 0
140 0.104694 0 1.875 0.72549 0.5 0 0
150 0.104694 0 1.875 0.835294 0.5 0 0
160 0.104521 0 1.875 0.682353 0.5 0 0
170 0.104521 0 1.875 0.772549 0.5 0 0
180 0.102993 0 1.875 0.741176 0.5 0 0
190 0.102993 0 1.875 0.823529 0.5 0 0
200 0.101754 0.125 2 0.823529 0.5 0 0
210 0.101754 0.125 2 0.639216 0.5 0 0
220 0.101413 0.125 2.125 0.796078 0.5 0 0
230 0.101413 0.125 2.125 0.670588 0.5 0 0
240 0.101076 0.125 2.25 0.619608 0.5 0 0
250 0.101076 0.125 2.25 0.596078 0.5 0 0
260 0.100903 0.25 2.5 0.588235 0.5 0 0
270 0.100903 0.25 2.5 0.607843 0.5 0 0
280 0.100831 0.25 2.75 0.627451 0.5 0 0
290 0.100831 0.25 2.75 0.592157 0.5 0 0
300 0.100666 0.125 2.875 0.615686 0.5 0 0
310 0.100666 0.125 2.875 0.623529 0.5 0 0
320 0.100247 0.125 3 0.619608 0.5 0 0
330 0.100247 0.125 3 0.631373 0.5 0 0
340 0.100152 0.125 3.125 0.611765 0.5 0 0
350 0.100152 0.125 3.125 0.603922 0.5 0 0
360 0.10013 0 3.125 0.619608 0.5 0 0
370 0.10013 0 3.125 0.615686 0.5 0 0
380 0.0998686 0 3.125 0.560784 0.5 0 0
390 0.0998686 0 3.125 0.533333 0.5 0 0
400 0.099348 0 3.125 0.521569 0.5 0 0
410 0.099348 0 3.125 0.517647 0.5 0 0
420 0.0987832 0 3.125 0.517647 0.5 0 0
430 0.0987832 0 3.125 0.513725 0.5 0 0
440 0.0986665 0 3.125 0.517647 0.5 0 0
450 0.0986665 0 3.125 0.521569 0.5 0 0
460 0.0985731 0 3.125 0.521569 0.5 0 0
470 0.0985731 0 3.125 0.517647 0.5 0 0
480 0.0983154 0 3.125 0.521569 0.5 0 0
490 0.0983154 0 3.125 0.513725 0.5 0 0
500 0.0981331 0 3.125 0.517647 0.5 0 0
510 0.0981331 0 3.125 0.521569 0.5 0 0
520 0.0979353 0 3.125 0.513725 0.5 0 0
530 0.0979353 0 3.125 0.517647 0.5 0 0
540 0.0978592 0 3.125 0.517647 0.5 0 0
550 0.0978592 0 3.125 0.517647 0.5 0 0
560 0.0978591 0 3.125 0.513725 0.5 0 0
570 0.0978591 0 3.125 0.517647 0.5 0 0
580 0.0978187 0 3.125 0.513725 0.5 0 0
590 0.0978187 0 3.125 0.521569 0.5 0 0
600 0.0978222 0 3.125 0.517647 0.5 0 0
610 0.0978222 0 3.125 0.517647 0.5 0 0
620 0.0978222 0 3.125 0.513725 0.5 0 0
630 0.0978222 0 3.125 0.517647 0.5 0 0
640 0.0978222 0 3.125 0.517647 0.5 0 0
650 0.0978222 0 3.125 0.513725 0.5 0 0
660 0.0978278 0 3.125 0.517647 0.5 0 0
670 0.0978278 0 3.125 0.513725 0.5 0 0
680 0.0978547 0 3.125 0.521569 0.5 0 0
690 0.0978547 0 3.125 0.517647 0.5 0 0
700 0.0978563 0 3.125 0.513725 0.5 0 0
710 0.0978563 0 3.125 0.517647 0.5 0 0
720 0.0978563 0 3.125 0.521569 0.5 0 0
730 0.0978563 0 3.125 0.509804 0.5 0 0
740 0.0984884 0 3.125 0.505882 0.5 0 0
750 0.0984884 0 3.125 0.498039 0.5 0 0
760 0.0988539 0 3.125 0.490196 0.5 0 0
770 0.0988539 0 3.125 0.482353 0.5 0 0
780 0.0989684 0 3.125 0.478431 0.5 0 0
790 0.0989684 0 3.125 0.482353 0.5 0 0
800 0.0989557 0 3.125 0.478431 0.5 0 0
810 0.0989557 0 3.125 0.478431 0.5 0 0
820 0.0989448 0 3.125 0.482353 0.5 0 0
830 0.0989448 0 3.125 0.478431 0.5 0 0
840 0.0989396 0 3.125 0.482353 0.5 0 0
850 0.0989396 0 3.125 0.478431 0.5 0 0
860 0.098945 0 3.125 0.478431 0.5 0 0
870 0.098945 0 3.125 0.482353 0.5 0 0
880 0.0994152 0 3.125 0.470588 0.5 0 0
890 0.0994152 0 3.125 0.470588 0.5 0 0
900 0.0999995 0 3.125 0.466667 0.5 0 0
910 0.0999995 0 3.125 0.462745 0.5 0 0
920 0.100128 0 3.125 0.466667 0.5 0 0
930 0.100128 0 3.125 0.462745 0.5 0 0
940 0.0997519 0 3.125 0.470588 0.5 0 0
950 0.0997519 0 3.125 0.470588 0.5 0 0
960 0.0995986 0 3.125 0.470588 0.5 0 0
970 0.0995986 0 3.125 0.470588 0.5 0 0
980 0.0995235 0 3.125 0.466667 0.5 0 0
990 0.0995235 0 3.125 0.458824 0.5 0 0
1000 0.0988202 0 3.125 0.458824 0.5 0 0
1010 0.0988202 0 3.125 0.462745 0.5 0 0
1020 0.0986127 0 3.125 0.458824 0.5 0 0
1030 0.0986127 0 3.125 0.454902 0.5 0 0
1040 0.0989351 0 3.125 0.45098 0.5 0 0
1050 0.0989351 0 3.125 0.454902 0.5 0 0
1060 0.0988855 0 3.125 0.45098 0.5 0 0
1070 0.0988855 0 3.125 0.45098 0.5 0 0
1080 0.0992628 0 3.125 0.45098 0.5 0 0
1090 0.0992628 0 3.125 0.447059 0.5 0 0
1100 0.0993266 0 3.125 0.443137 0.5 0 0
1110 0.0993266 0 3.125 0.435294 0.5 0 0
1120 0.0991622 0 3.125 0.435294 0.5 0 0
1130 0.0991622 0 3.125 0.435294 0.5 0 0
1140 0.0990291 0 3.125 0.435294 0.5 0 0
1150 0.0990291 0 3.125 0.435294 0.5 0 0
1160 0.0990285 0 3.125 0.435294 0.5 0 0
1170 0.0990285 0 3.125 0.435294 0.5 0 0
1180 0.099031 0 3.125 0.439216 0.5 0 0
1190 0.099031 0 3.125 0.435294 0.5 0 0
1200 0.0988538 0 3.125 0.435294 0.5 0 0
1210 0.0988538 0 3.125 0.435294 0.5 0 0
1220 0.0987146 0 3.125 0.435294 0.5 0 0
1230 0.0987146 0 3.125 0.435294 0.5 0 0
1240 0.0981999 0 3.125 0.435294 0.5 0 0
1250 0.0981999 0 3.125 0.439216 0.5 0 0
1260 0.0977726 0 3.125 0.435294 0.5 0 0
1270 0.0977726 0 3.125 0.439216 0.5 0 0
1280 0.0973724 0 3.125 0.435294 0.5 0 0
1290 0.0973724 0 3.125 0.435294 0.5 0 0
1300 0.0973544 0 3.125 0.435294 0.5 0 0
1310 0.0973544 0 3.125 0.435294 0.5 0 0
1320 0.0973544 0 3.125 0.435294 0.5 0 0
1330 0.0973544 0 3.125 0.435294 0.5 0 0
1340 0.0973544 0 3.125 0.435294 0.5 0 0
1350 0.0973544 0 3.125 0.435294 0.5 0 0
1360 0.0973544 0 3.125 0.435294 0.5 0 0
1370 0.0973544 0 3.125 0.435294 0.5 0 0
1380 0.0973544 0 3.125 0.435294 0.5 0 0
1390 0.0973544 0 3.125 0.435294 0.5 0 0
1400 0.097598 0 3.125 0.435294 0.5 0 0
1410 0.097598 0 3.125 0.435294 0.5 0 0
1420 0.0978574 0 3.125 0.435294 0.5 0 0
1430 0.0978574 0 3.125 0.435294 0.5 0 0
1440 0.0983401 0 3.125 0.435294 0.5 0 0
1450 0.0983401 0 3.125 0.435294 0.5 0 0
1460 0.0987418 0 3.125 0.435294 0.5 0 0
1470 0.0987418 0 3.125 0.435294 0.5 0 0
1480 0.0987609 0 3.125 0.435294 0.5 0 0
1490 0.0987609 0 3.125 0.435294 0.5 0 0
1500 0.0987609 0 3.125 0.435294 0.5 0 0
1510 0.0987609 0 3.125 0.435294 0.5 0 0
1520 0.0989444 0 3.125 0.435294 0.5 0 0
1530 0.0989444 0 3.125 0.431373 0.5 0 0
1540 0.099296 0 3.125 0.431373 0.5 0 0
1550 0.099296 0 3.125 0.427451 0.5 0 0
1560 0.0995758 0 3.125 0.419608 0.5 0 0
1570 0.0995758 0 3.125 0.419608 0.5 0 0
1580 0.0998928 0 3.125 0.419608 0.5 0 0
1590 0.0998928 0 3.125 0.419608 0.5 0 0
1600 0.100159 0 3.125 0.419608 0.5 0 0
1610 0.100159 0 3.125 0.419608 0.5 0 0
1620 0.100494 0 3.125 0.419608 0.5 0 0
1630 0.100494 0 3.125 0.419608 0.5 0 0
1640 0.100558 0 3.125 0.419608 0.5 0 0
1650 0.100558 0 3.125 0.419608 0.5 0 0
1660 0.100691 0 3.125 0.419608 0.5 0 0
1670 0.100691 0 3.125 0.419608 0.5 0 0
1680 0.100587 0 3.125 0.415686 0.5 0 0
1690 0.100587 0 3.125 0.415686 0.5 0 0
1700 0.0998716 0 3.125 0.415686 0.5 0 0
1710 0.0998716 0 3.125 0.415686 0.5 0 0
1720 0.0992944 0 3.125 0.415686 0.5 0 0
1730 0.0992944 0 3.125 0.411765 0.5 0 0
1740 0.0989235 0 3.125 0.407843 0.5 0 0
1750 0.0989235 0 3.125 0.407843 0.5 0 0
1760 0.0981866 0 3.125 0.407843 0.5 0 0
1770 0.0981866 0 3.125 0.407843 0.5 0 0
1780 0.0971736 0 3.125 0.407843 0.5 0 0
1790 0.0971736 0 3.125 0.407843 0.5 0 0
1800 0.096814 0 3.125 0.407843 0.5 0 0
1810 0.096814 0 3.125 0.407843 0.5 0 0
1820 0.0968061 0 3.125 0.407843 0.5 0 0
1830 0.0968061 0 3.125 0.407843 0.5 0 0
1840 0.0968061 0 3.125 0.407843 0.5 0 0
1850 0.0968061 0 3.125 0.407843 0.5 0 0
1860 0.0967606 0 3.125 0.407843 0.5 0 0
1870 0.0967606 0 3.125 0.407843 0.5 0 0
1880 0.0967593 0 3.125 0.407843 0.5 0 0
1890 0.0967593 0 3.125 0.407843 0.5 0 0
1900 0.0967593 0 3.125 0.407843 0.5 0 0
1910 0.0967593 0 3.125 0.407843 0.5 0 0
1920 0.0967593 0 3.125 0.407843 0.5 0 0
1930 0.0967593 0 3.125 0.407843 0.5 0 0
1940 0.0967593 0 3.125 0.407843 0.5 0 0
1950 0.0967593 0 3.125 0.407843 0.5 0 0
1960 0.0971048 0 3.125 0.407843 0.5 0 0
1970 0.0971048 0 3.125 0.407843 0.5 0 0
1980 0.0974937 0 3.125 0.407843 0.5 0 0
1990 0.0974937 0 3.125 0.407843 0.5 0 0
2000 0.098026 0 3.125 0.407843 0.5 0 0
2010 0.098026 0 3.125 0.407843 0.5 0 0
2020 0.0983243 0 3.125 0.407843 0.5 0 0
2030 0.0983243 0 3.125 0.407843 0.5 0 0
2040 0.0986908 0 3.125 0.407843 0.5 0 0
2050 0.0986908 0 3.125 0.407843 0.5 0 0
2060 0.0992982 0 3.125 0.403922 0.5 0 0
2070 0.0992982 0 3.125 0.403922 0.5 0 0
2080 0.099513 0 3.125 0.4 0.5 0 0
2090 0.099513 0 3.125 0.4 0.5 0 0
2100 0.100117 0 3.125 0.4 0.5 0 0
2110 0.100117 0 3.125 0.4 0.5 0 0
2120 0.100255 0 3.125 0.4 0.5 0 0
2130 0.100255 0 3.125 0.4 0.5 0 0
2140 0.100309 0 3.125 0.4 0.5 0 0
2150 0.100309 0 3.125 0.396078 0.5 0 0
2160 0.100245 0 3.125 0.396078 0.5 0 0
2170 0.100245 0 3.125 0.392157 0.5 0 0
2180 0.0993868 0 3.125 0.392157 0.5 0 0
2190 0.0993868 0 3.125 0.392157 0.5 0 0
2200 0.0982864 0 3.125 0.392157 0.5 0 0
2210 0.0982864 0 3.125 0.392157 0.5 0 0
2220 0.0978444 0 3.125 0.392157 0.5 0 0
2230 0.0978444 0 3.125 0.392157 0.5 0 0
2240 0.0975785 0 3.125 0.392157 0.5 0 0
2250 0.0975785 0 3.125 0.392157 0.5 0 0
2260 0.0971427 0 3.125 0.392157 0.5 0 0
2270 0.0971427 0 3.125 0.392157 0.5 0 0
2280 0.0966838 0 3.125 0.392157 0.5 0 0
2290 0.0966838 0 3.125 0.392157 0.5 0 0
2300 0.0966264 0 3.125 0.392157 0.5 0 0
2310 0.0966264 0 3.125 0.392157 0.5 0 0
2320 0.0965361 0 3.125 0.392157 0.5 0 0
2330 0.0965361 0 3.125 0.392157 0.5 0 0
2340 0.0965361 0 3.125 0.392157 0.5 0 0
2350 0.0965361 0 3.125 0.392157 0.5 0 0
2360 0.0965196 0 3.125 0.392157 0.5 0 0
2370 0.0965196 0 3.125 0.392157 0.5 0 0
2380 0.096517 0 3.125 0.392157 0.5 0 0
2390 0.096517 0 3.125 0.392157 0.5 0 0
2400 0.096517 0 3.125 0.392157 0.5 0 0
2410 0.096517 0 3.125 0.392157 0.5 0 0
2420 0.096517 0 3.125 0.392157 0.5 0 0
2430 0.096517 0 3.125 0.392157 0.5 0 0
2440 0.096517 0 3.125 0.392157 0.5 0 0
2450 0.096517 0 3.125 0.392157 0.5 0 0
2460 0.0972874 0 3.125 0.392157 0.5 0 0
2470 0.0972874 0 3.125 0.392157 0.5 0 0
2480 0.0975548 0 3.125 0.392157 0.5 0 0
2490 0.0975548 0 3.125 0.392157 0.5 0 0
2500 0.0979952 0 3.125 0.392157 0.5 0 0
2510 0.0979952 0 3.125 0.392157 0.5 0 0
2520 0.0983834 0 3.125 0.392157 0.5 0 0
2530 0.0983834 0 3.125 0.392157 0.5 0 0
2540 0.0988834 0 3.125 0.392157 0.5 0 0
2550 0.0988834 0 3.125 0.392157 0.5 0 0
2560 0.099279 0 3.125 0.392157 0.5 0 0
2570 0.099279 0 3.125 0.392157 0.5 0 0
2580 0.0993746 0 3.125 0.388235 0.5 0 0
2590 0.0993746 0 3.125 0.388235 0.5 0 0
2600 0.100389 0 3.125 0.384314 0.5 0 0
2610 0.100389 0 3.125 0.384314 0.5 0 0
2620 0.100163 0 3.125 0.388235 0.5 0 0
2630 0.100163 0 3.125 0.388235 0.5 0 0
2640 0.100007 0 3.125 0.384314 0.5 0 0
2650 0.100007 0 3.125 0.384314 0.5 0 0
2660 0.0999575 0 3.125 0.384314 0.5 0 0
2670 0.0999575 0 3.125 0.384314 0.5 0 0
2680 0.0995372 0 3.125 0.384314 0.5 0 0
2690 0.0995372 0 3.125 0.380392 0.5 0 0
2700 0.0993873 0 3.125 0.380392 0.5 0 0
2710 0.0993873 0 3.125 0.384314 0.5 0 0
2720 0.0996435 0 3.125 0.384314 0.5 0 0
2730 0.0996435 0 3.125 0.384314 0.5 0 0
2740 0.0996145 0 3.125 0.384314 0.5 0 0
2750 0.0996145 0 3.125 0.384314 0.5 0 0
2760 0.10001 0 3.125 0.384314 0.5 0 0
2770 0.10001 0 3.125 0.384314 0.5 0 0
2780 0.100252 0 3.125 0.384314 0.5 0 0
2790 0.100252 0 3.125 0.380392 0.5 0 0
2800 0.100487 0 3.125 0.380392 0.5 0 0
2810 0.100487 0 3.125 0.380392 0.5 0 0
2820 0.100234 0 3.125 0.376471 0.5 0 0
2830 0.100234 0 3.125 0.376471 0.5 0 0
2840 0.0994756 0 3.125 0.376471 0.5 0 0
2850 0.0994756 0 3.125 0.380392 0.5 0 0
2860 0.0983077 0 3.125 0.380392 0.5 0 0
2870 0.0983077 0 3.125 0.380392 0.5 0 0
2880 0.0977898 0 3.125 0.380392 0.5 0 0
2890 0.0977898 0 3.125 0.380392 0.5 0 0
2900 0.0977864 0 3.125 0.380392 0.5 0 0
2910 0.0977864 0 3.125 0.380392 0.5 0 0
2920 0.0977864 0 3.125 0.380392 0.5 0 0
2930 0.0977864 0 3.125 0.380392 0.5 0 0
2940 0.0973772 0 3.125 0.380392 0.5 0 0
2950 0.0973772 0 3.125 0.380392 0.5 0 0
2960 0.0972518 0 3.125 0.380392 0.5 0 0
2970 0.0972518 0 3.125 0.380392 0.5 0 0
2980 0.0972518 0 3.125 0.380392 0.5 0 0
2990 0.0972518 0 3.125 0.380392 0.5 0 0
3000 0.0972518 0 3.125 0.380392 0.5 0 0
3010 0.0972518 0 3.125 0.380392 0.5 0 0
3020 0.0972518 0 3.125 0.380392 0.5 0 0
3030 0.0972518 0 3.125 0.380392 0.5 0 0
3040 0.0972518 0 3.125 0.380392 0.5 0 0
3050 0.0972518 0 3.125 0.380392 0.5 0 0
3060 0.0972518 0 3.125 0.380392 0.5 0 0
3070 0.0972518 0 3.125 0.380392 0.5 0 0
3080 0.0972518 0 3.125 0.380392 0.5 0 0
3090 0.0972518 0 3.125 0.380392 0.5 0 0
3100 0.0972518 0 3.125 0.380392 0.5 0 0
3110 0.0972518 0 3.125 0.380392 0.5 0 0
3120 0.0972518 0 3.125 0.380392 0.5 0 0
3130 0.0972518 0 3.125 0.380392 0.5 0 0
3140 0.0982378 0 3.125 0.380392 0.5 0 0
3150 0.0982378 0 3.125 0.380392 0.5 0 0
3160 0.0991697 0 3.125 0.380392 0.5 0 0
3170 0.0991697 0 3.125 0.380392 0.5 0 0
3180 0.0997873 0 3.125 0.380392 0.5 0 0
3190 0.0997873 0 3.125 0.376471 0.5 0 0
3200 0.100402 0 3.125 0.376471 0.5 0 0
3210 0.100402 0 3.125 0.376471 0.5 0 0
3220 0.100558 0 3.125 0.376471 0.5 0 0
3230 0.100558 0 3.125 0.376471 0.5 0 0
3240 0.100521 0 3.125 0.376471 0.5 0 0
3250 0.100521 0 3.125 0.376471 0.5 0 0
3260 0.100413 0 3.125 0.376471 0.5 0 0
3270 0.100413 0 3.125 0.376471 0.5 0 0
3280 0.100564 0 3.125 0.376471 0.5 0 0
3290 0.100564 0 3.125 0.372549 0.5 0 0
3300 0.100353 0 3.125 0.372549 0.5 0 0
3310 0.100353 0 3.125 0.372549 0.5 0 0
3320 0.0996638 0 3.125 0.368627 0.5 0 0
3330 0.0996638 0 3.125 0.372549 0.5 0 0
3340 0.0995424 0 3.125 0.368627 0.5 0 0
3350 0.0995424 0 3.125 0.368627 0.5 0 0
3360 0.0990674 0 3.125 0.368627 0.5 0 0
3370 0.0990674 0 3.125 0.368627 0.5 0 0
3380 0.0983188 0 3.125 0.368627 0.5 0 0
3390 0.0983188 0 3.125 0.368627 0.5 0 0
3400 0.0981387 0 3.125 0.368627 0.5 0 0
3410 0.0981387 0 3.125 0.368627 0.5 0 0
3420 0.0976831 0 3.125 0.368627 0.5 0 0
3430 0.0976831 0 3.125 0.368627 0.5 0 0
3440 0.0977297 0 3.125 0.372549 0.5 0 0
3450 0.0977297 0 3.125 0.372549 0.5 0 0
3460 0.0977677 0 3.125 0.372549 0.5 0 0
3470 0.0977677 0 3.125 0.368627 0.5 0 0
3480 0.0971052 0 3.125 0.368627 0.5 0 0
3490 0.0971052 0 3.125 0.364706 0.5 0 0
3500 0.095755 0 3.125 0.364706 0.5 0 0
3510 0.095755 0 3.125 0.364706 0.5 0 0
3520 0.0943387 0 3.125 0.364706 0.5 0 0
3530 0.0943387 0 3.125 0.364706 0.5 0 0
3540 0.0936207 0 3.125 0.364706 0.5 0 0
3550 0.0936207 0 3.125 0.364706 0.5 0 0
3560 0.093527 0 3.125 0.364706 0.5 0 0
3570 0.093527 0 3.125 0.364706 0.5 0 0
3580 0.0940279 0 3.125 0.364706 0.5 0 0
3590 0.0940279 0 3.125 0.364706 0.5 0 0
3600 0.0943434 0 3.125 0.360784 0.5 0 0
3610 0.0943434 0 3.125 0.360784 0.5 0 0
3620 0.0950986 0 3.125 0.360784 0.5 0 0
3630 0.0950986 0 3.125 0.360784 0.5 0 0
3640 0.0960816 0 3.125 0.364706 0.5 0 0
3650 0.0960816 0 3.125 0.364706 0.5 0 0
3660 0.0968544 0 3.125 0.368627 0.5 0 0
3670 0.0968544 0 3.125 0.368627 0.5 0 0
3680 0.0971193 0 3.125 0.368627 0.5 0 0
3690 0.0971193 0 3.125 0.368627 0.5 0 0
3700 0.097348 0 3.125 0.368627 0.5 0 0
3710 0.097348 0 3.125 0.372549 0.5 0 0
3720 0.0972698 0 3.125 0.372549 0.5 0 0
3730 0.0972698 0 3.125 0.372549 0.5 0 0
3740 0.0972703 0 3.125 0.372549 0.5 0 0
3750 0.0972703 0 3.125 0.372549 0.5 0 0
3760 0.0969426 0 3.125 0.368627 0.5 0 0
3770 0.0969426 0 3.125 0.364706 0.5 0 0
3780 0.0956566 0 3.125 0.360784 0.5 0 0
3790 0.0956566 0 3.125 0.356863 0.5 0 0
3800 0.0936355 0 3.125 0.356863 0.5 0 0
3810 0.0936355 0 3.125 0.356863 0.5 0 0
3820 0.0931162 0 3.125 0.356863 0.5 0 0
3830 0.0931162 0 3.125 0.356863 0.5 0 0
3840 0.092585 0 3.125 0.356863 0.5 0 0
3850 0.092585 0 3.125 0.356863 0.5 0 0
3860 0.0917211 0 3.125 0.356863 0.5 0 0
3870 0.0917211 0 3.125 0.356863 0.5 0 0
3880 0.0907832 0 3.125 0.356863 0.5 0 0
3890 0.0907832 0 3.125 0.356863 0.5 0 0
3900 0.0904856 0 3.125 0.356863 0.5 0 0
3910 0.0904856 0 3.125 0.356863 0.5 0 0
3920 0.0904855 0 3.125 0.356863 0.5 0 0
3930 0.0904855 0 3.125 0.356863 0.5 0 0
3940 0.0903897 0 3.125 0.356863 0.5 0 0
3950 0.0903897 0 3.125 0.356863 0.5 0 0
3960 0.0903554 0 3.125 0.356863 0.5 0 0
3970 0.0903554 0 3.125 0.356863 0.5 0 0
3980 0.0903553 0 3.125 0.356863 0.5 0 0
3990 0.0903553 0 3.125 0.356863 0.5 0 0
4000 0.0910281 0 3.125 0.356863 0.5 0 0
4010 0.0910281 0 3.125 0.356863 0.5 0 0
4020 0.0916512 0 3.125 0.356863 0.5 0 0
4030 0.0916512 0 3.125 0.356863 0.5 0 0
4040 0.0922711 0 3.125 0.356863 0.5 0 0
4050 0.0922711 0 3.125 0.356863 0.5 0 0
4060 0.0930996 0 3.125 0.360784 0.5 0 0
4070 0.0930996 0 3.125 0.360784 0.5 0 0
4080 0.0935481 0 3.125 0.360784 0.5 0 0
4090 0.0935481 0 3.125 0.360784 0.5 0 0
4100 0.093749 0 3.125 0.360784 0.5 0 0
4110 0.093749 0 3.125 0.360784 0.5 0 0
4120 0.0938945 0 3.125 0.364706 0.5 0 0
4130 0.0938945 0 3.125 0.360784 0.5 0 0
4140 0.0940797 0 3.125 0.360784 0.5 0 0
4150 0.0940797 0 3.125 0.364706 0.5 0 0
4160 0.0937812 0 3.125 0.364706 0.5 0 0
4170 0.0937812 0 3.125 0.364706 0.5 0 0
4180 0.0936629 0 3.125 0.368627 0.5 0 0
4190 0.0936629 0 3.125 0.364706 0.5 0 0
4200 0.0931781 0 3.125 0.360784 0.5 0 0
4210 0.0931781 0 3.125 0.352941 0.5 0 0
4220 0.0920897 0 3.125 0.34902 0.5 0 0
4230 0.0920897 0 3.125 0.345098 0.5 0 0
4240 0.0926717 0 3.125 0.356863 0.5 0 0
4250 0.0926717 0 3.125 0.356863 0.5 0 0
4260 0.0927306 0 3.125 0.356863 0.5 0 0
4270 0.0927306 0 3.125 0.360784 0.5 0 0
4280 0.0925083 0 3.125 0.356863 0.5 0 0
4290 0.0925083 0 3.125 0.356863 0.5 0 0
4300 0.0916054 0 3.125 0.364706 0.5 0 0
4310 0.0916054 0 3.125 0.34902 0.5 0 0
4320 0.0897566 0 3.125 0.345098 0.5 0 0
4330 0.0897566 0 3.125 0.345098 0.5 0 0
4340 0.0879287 0 3.125 0.345098 0.5 0 0
4350 0.0879287 0 3.125 0.345098 0.5 0 0
4360 0.0873285 0 3.125 0.34902 0.5 0 0
4370 0.0873285 0 3.125 0.345098 0.5 0 0
4380 0.0870919 0 3.125 0.345098 0.5 0 0
4390 0.0870919 0 3.125 0.345098 0.5 0 0
4400 0.0870349 0 3.125 0.34902 0.5 0 0
4410 0.0870349 0 3.125 0.345098 0.5 0 0
4420 0.08566 0 3.125 0.345098 0.5 0 0
4430 0.08566 0 3.125 0.345098 0.5 0 0
4440 0.0851124 0 3.125 0.345098 0.5 0 0
4450 0.0851124 0 3.125 0.345098 0.5 0 0
4460 0.0851095 0 3.125 0.345098 0.5 0 0
4470 0.0851095 0 3.125 0.345098 0.5 0 0
4480 0.0850272 0 3.125 0.345098 0.5 0 0
4490 0.0850272 0 3.125 0.345098 0.5 0 0
4500 0.0849017 0 3.125 0.345098 0.5 0 0
4510 0.0849017 0 3.125 0.345098 0.5 0 0
4520 0.0846773 0 3.125 0.345098 0.5 0 0
4530 0.0846773 0 3.125 0.345098 0.5 0 0
4540 0.0846773 0 3.125 0.345098 0.5 0 0
4550 0.0846773 0 3.125 0.345098 0.5 0 0
4560 0.0846773 0 3.125 0.345098 0.5 0 0
4570 0.0846773 0 3.125 0.345098 0.5 0 0
4580 0.0846773 0 3.125 0.345098 0.5 0 0
4590 0.0846773 0 3.125 0.345098 0.5 0 0
4600 0.0846773 0 3.125 0.345098 0.5 0 0
4610 0.0846773 0 3.125 0.345098 0.5 0 0
4620 0.0846773 0 3.125 0.345098 0.5 0 0
4630 0.0846773 0 3.125 0.345098 0.5 0 0
4640 0.0846773 0 3.125 0.345098 0.5 0 0
4650 0.0846773 0 3.125 0.345098 0.5 0 0
4660 0.0852335 0 3.125 0.345098 0.5 0 0
4670 0.0852335 0 3.125 0.345098 0.5 0 0
4680 0.0857393 0 3.125 0.34902 0.5 0 0
4690 0.0857393 0 3.125 0.34902 0.5 0 0
4700 0.0859336 0 3.125 0.34902 0.5 0 0
4710 0.0859336 0 3.125 0.34902 0.5 0 0
4720 0.0859126 0 3.125 0.34902 0.5 0 0
4730 0.0859126 0 3.125 0.34902 0.5 0 0
4740 0.0856441 0 3.125 0.34902 0.5 0 0
4750 0.0856441 0 3.125 0.345098 0.5 0 0
4760 0.0849203 0 3.125 0.341176 0.5 0 0
4770 0.0849203 0 3.125 0.337255 0.5 0 0
4780 0.0842581 0 3.125 0.337255 0.5 0 0
4790 0.0842581 0 3.125 0.345098 0.5 0 0
4800 0.0848155 0 3.125 0.345098 0.5 0 0
4810 0.0848155 0 3.125 0.34902 0.5 0 0
4820 0.085043 0 3.125 0.352941 0.5 0 0
4830 0.085043 0 3.125 0.34902 0.5 0 0
4840 0.0850436 0 3.125 0.352941 0.5 0 0
4850 0.0850436 0 3.125 0.34902 0.5 0 0
4860 0.0849772 0 3.125 0.34902 0.5 0 0
4870 0.0849772 0 3.125 0.352941 0.5 0 0
4880 0.0841728 0 3.125 0.360784 0.5 0 0
4890 0.0841728 0 3.125 0.356863 0.5 0 0
4900 0.0836074 0 3.125 0.356863 0.5 0 0
4910 0.0836074 0 3.125 0.34902 0.5 0 0
4920 0.0830653 0 3.125 0.337255 0.5 0 0
4930 0.0830653 0 3.125 0.333333 0.5 0 0
4940 0.0819908 0 3.125 0.337255 0.5 0 0
4950 0.0819908 0 3.125 0.337255 0.5 0 0
4960 0.0805453 0 3.125 0.337255 0.5 0 0
4970 0.0805453 0 3.125 0.333333 0.5 0 0
4980 0.0798635 0 3.125 0.337255 0.5 0 0
4990 0.0798635 0 3.125 0.341176 0.5 0 0
5000 0.0794583 0 3.125 0.341176 0.5 0 0
5010 0.0794583 0 3.125 0.341176 0.5 0 0
5020 0.0796867 0 3.125 0.341176 0.5 0 0
5030 0.0796867 0 3.125 0.341176 0.5 0 0
5040 0.079348 0 3.125 0.341176 0.5 0 0
5050 0.079348 0 3.125 0.341176 0.5 0 0
5060 0.0789724 0 3.125 0.341176 0.5 0 0
5070 0.0789724 0 3.125 0.341176 0.5 0 0
5080 0.0796377 0 3.125 0.341176 0.5 0 0
5090 0.0796377 0 3.125 0.341176 0.5 0 0
5100 0.0803182 0 3.125 0.341176 0.5 0 0
5110 0.0803182 0 3.125 0.341176 0.5 0 0
5120 0.0806445 0 3.125 0.341176 0.5 0 0
5130 0.0806445 0 3.125 0.341176 0.5 0 0
5140 0.0807946 0 3.125 0.345098 0.5 0 0
5150 0.0807946 0 3.125 0.345098 0.5 0 0
5160 0.080769 0 3.125 0.345098 0.5 0 0
5170 0.080769 0 3.125 0.341176 0.5 0 0
5180 0.0804673 0 3.125 0.341176 0.5 0 0
5190 0.0804673 0 3.125 0.337255 0.5 0 0
5200 0.0794923 0 3.125 0.337255 0.5 0 0
5210 0.0794923 0 3.125 0.329412 0.5 0 0
5220 0.0784968 0 3.125 0.32549 0.5 0 0
5230 0.0784968 0 3.125 0.321569 0.5 0 0
5240 0.077018 0 3.125 0.321569 0.5 0 0
5250 0.077018 0 3.125 0.321569 0.5 0 0
5260 0.0758733 0 3.125 0.321569 0.5 0 0
5270 0.0758733 0 3.125 0.321569 0.5 0 0
5280 0.0753351 0 3.125 0.321569 0.5 0 0
5290 0.0753351 0 3.125 0.317647 0.5 0 0
5300 0.0737464 0 3.125 0.32549 0.5 0 0
5310 0.0737464 0 3.125 0.329412 0.5 0 0
5320 0.0735496 0 3.125 0.32549 0.5 0 0
5330 0.0735496 0 3.125 0.321569 0.5 0 0
5340 0.0732239 0 3.125 0.329412 0.5 0 0
5350 0.0732239 0 3.125 0.32549 0.5 0 0
5360 0.0730456 0 3.125 0.32549 0.5 0 0
5370 0.0730456 0 3.125 0.32549 0.5 0 0
5380 0.0736751 0 3.125 0.333333 0.5 0 0
5390 0.0736751 0 3.125 0.337255 0.5 0 0
5400 0.0749227 0 3.125 0.329412 0.5 0 0
5410 0.0749227 0 3.125 0.329412 0.5 0 0
5420 0.0759954 0 3.125 0.333333 0.5 0 0
5430 0.0759954 0 3.125 0.333333 0.5 0 0
5440 0.0763537 0 3.125 0.333333 0.5 0 0
5450 0.0763537 0 3.125 0.333333 0.5 0 0
5460 0.0769874 0 3.125 0.333333 0.5 0 0
5470 0.0769874 0 3.125 0.329412 0.5 0 0
5480 0.0774505 0 3.125 0.329412 0.5 0 0
5490 0.0774505 0 3.125 0.329412 0.5 0 0
5500 0.0783052 0 3.125 0.329412 0.5 0 0
5510 0.0783052 0 3.125 0.329412 0.5 0 0
5520 0.078611 0 3.125 0.329412 0.5 0 0
5530 0.078611 0 3.125 0.333333 0.5 0 0
5540 0.0787535 0 3.125 0.333333 0.5 0 0
5550 0.0787535 0 3.125 0.333333 0.5 0 0
5560 0.0785348 0 3.125 0.329412 0.5 0 0
5570 0.0785348 0 3.125 0.333333 0.5 0 0
5580 0.0778616 0 3.125 0.329412 0.5 0 0
5590 0.0778616 0 3.125 0.321569 0.5 0 0
5600 0.0767807 0 3.125 0.32549 0.5 0 0
5610 0.0767807 0 3.125 0.329412 0.5 0 0
5620 0.0763986 0 3.125 0.32549 0.5 0 0
5630 0.0763986 0 3.125 0.329412 0.5 0 0
5640 0.0765155 0 3.125 0.333333 0.5 0 0
5650 0.0765155 0 3.125 0.345098 0.5 0 0
5660 0.076453 0 3.125 0.333333 0.5 0 0
5670 0.076453 0 3.125 0.329412 0.5 0 0
5680 0.0756235 0 3.125 0.317647 0.5 0 0
5690 0.0756235 0 3.125 0.317647 0.5 0 0
5700 0.0744208 0 3.125 0.317647 0.5 0 0
5710 0.0744208 0 3.125 0.317647 0.5 0 0
5720 0.0728254 0 3.125 0.309804 0.5 0 0
5730 0.0728254 0 3.125 0.309804 0.5 0 0
5740 0.0713127 0 3.125 0.309804 0.5 0 0
5750 0.0713127 0 3.125 0.313725 0.5 0 0
5760 0.0708093 0 3.125 0.313725 0.5 0 0
5770 0.0708093 0 3.125 0.313725 0.5 0 0
5780 0.069743 0 3.125 0.313725 0.5 0 0
5790 0.069743 0 3.125 0.321569 0.5 0 0
5800 0.0683445 0 3.125 0.32549 0.5 0 0
5810 0.0683445 0 3.125 0.317647 0.5 0 0
5820 0.0682877 0 3.125 0.329412 0.5 0 0
5830 0.0682877 0 3.125 0.32549 0.5 0 0
5840 0.0682877 0 3.125 0.321569 0.5 0 0
5850 0.0682877 0 3.125 0.321569 0.5 0 0
5860 0.0682877 0 3.125 0.329412 0.5 0 0
5870 0.0682877 0 3.125 0.337255 0.5 0 0
5880 0.0679547 0 3.125 0.341176 0.5 0 0
5890 0.0679547 0 3.125 0.34902 0.5 0 0
5900 0.0679541 0 3.125 0.341176 0.5 0 0
5910 0.0679541 0 3.125 0.333333 0.5 0 0
5920 0.0679471 0 3.125 0.345098 0.5 0 0
5930 0.0679471 0 3.125 0.341176 0.5 0 0
5940 0.0679471 0 3.125 0.34902 0.5 0 0
5950 0.0679471 0 3.125 0.329412 0.5 0 0
5960 0.0688809 0 3.125 0.32549 0.5 0 0
5970 0.0688809 0 3.125 0.317647 0.5 0 0
5980 0.0704681 0 3.125 0.317647 0.5 0 0
5990 0.0704681 0 3.125 0.317647 0.5 0 0
6000 0.071578 0 3.125 0.317647 0.5 0 0
6010 0.071578 0 3.125 0.321569 0.5 0 0
6020 0.0719762 0 3.125 0.317647 0.5 0 0
6030 0.0719762 0 3.125 0.317647 0.5 0 0
6040 0.0726954 0 3.125 0.317647 0.5 0 0
6050 0.0726954 0 3.125 0.317647 0.5 0 0
6060 0.0730168 0 3.125 0.321569 0.5 0 0
6070 0.0730168 0 3.125 0.317647 0.5 0 0
6080 0.0732312 0 3.125 0.321569 0.5 0 0
6090 0.0732312 0 3.125 0.321569 0.5 0 0
6100 0.0734556 0 3.125 0.32549 0.5 0 0
6110 0.0734556 0 3.125 0.32549 0.5 0 0
6120 0.0732063 0 3.125 0.329412 0.5 0 0
6130 0.0732063 0 3.125 0.329412 0.5 0 0
6140 0.0728482 0 3.125 0.32549 0.5 0 0
6150 0.0728482 0 3.125 0.321569 0.5 0 0
6160 0.0721747 0 3.125 0.313725 0.5 0 0
6170 0.0721747 0 3.125 0.317647 0.5 0 0
6180 0.0713905 0 3.125 0.317647 0.5 0 0
6190 0.0713905 0 3.125 0.317647 0.5 0 0
6200 0.0709246 0 3.125 0.317647 0.5 0 0
6210 0.0709246 0 3.125 0.313725 0.5 0 0
6220 0.0708793 0 3.125 0.313725 0.5 0 0
6230 0.0708793 0 3.125 0.313725 0.5 0 0
6240 0.0697102 0 3.125 0.313725 0.5 0 0
6250 0.0697102 0 3.125 0.321569 0.5 0 0
6260 0.0683769 0 3.125 0.317647 0.5 0 0
6270 0.0683769 0 3.125 0.313725 0.5 0 0
6280 0.0675733 0 3.125 0.305882 0.5 0 0
6290 0.0675733 0 3.125 0.301961 0.5 0 0
6300 0.0663289 0 3.125 0.301961 0.5 0 0
6310 0.0663289 0 3.125 0.305882 0.5 0 0
6320 0.0653945 0 3.125 0.305882 0.5 0 0
6330 0.0653945 0 3.125 0.305882 0.5 0 0
6340 0.0656796 0 3.125 0.305882 0.5 0 0
6350 0.0656796 0 3.125 0.309804 0.5 0 0
6360 0.0659371 0 3.125 0.305882 0.5 0 0
6370 0.0659371 0 3.125 0.305882 0.5 0 0
6380 0.0662314 0 3.125 0.301961 0.5 0 0
6390 0.0662314 0 3.125 0.305882 0.5 0 0
6400 0.067245 0 3.125 0.309804 0.5 0 0
6410 0.067245 0 3.125 0.309804 0.5 0 0
6420 0.0675548 0 3.125 0.309804 0.5 0 0
6430 0.0675548 0 3.125 0.309804 0.5 0 0
6440 0.0679228 0 3.125 0.309804 0.5 0 0
6450 0.0679228 0 3.125 0.313725 0.5 0 0
6460 0.0682321 0 3.125 0.313725 0.5 0 0
6470 0.0682321 0 3.125 0.313725 0.5 0 0
6480 0.0682481 0 3.125 0.313725 0.5 0 0
6490 0.0682481 0 3.125 0.313725 0.5 0 0
6500 0.0680289 0 3.125 0.309804 0.5 0 0
6510 0.0680289 0 3.125 0.305882 0.5 0 0
6520 0.0672137 0 3.125 0.298039 0.5 0 0
6530 0.0672137 0 3.125 0.298039 0.5 0 0
6540 0.0660309 0 3.125 0.301961 0.5 0 0
6550 0.0660309 0 3.125 0.301961 0.5 0 0
6560 0.0654896 0 3.125 0.301961 0.5 0 0
6570 0.0654896 0 3.125 0.301961 0.5 0 0
6580 0.0651466 0 3.125 0.301961 0.5 0 0
6590 0.0651466 0 3.125 0.298039 0.5 0 0
6600 0.0638755 0 3.125 0.301961 0.5 0 0
6610 0.0638755 0 3.125 0.298039 0.5 0 0
6620 0.063196 0 3.125 0.298039 0.5 0 0
6630 0.063196 0 3.125 0.298039 0.5 0 0
6640 0.0624807 0 3.125 0.301961 0.5 0 0
6650 0.0624807 0 3.125 0.298039 0.5 0 0
6660 0.0624236 0 3.125 0.301961 0.5 0 0
6670 0.0624236 0 3.125 0.298039 0.5 0 0
6680 0.062104 0 3.125 0.301961 0.5 0 0
6690 0.062104 0 3.125 0.298039 0.5 0 0
6700 0.0618468 0 3.125 0.298039 0.5 0 0
6710 0.0618468 0 3.125 0.298039 0.5 0 0
6720 0.0621202 0 3.125 0.301961 0.5 0 0
6730 0.0621202 0 3.125 0.301961 0.5 0 0
6740 0.0630011 0 3.125 0.298039 0.5 0 0
6750 0.0630011 0 3.125 0.298039 0.5 0 0
6760 0.0636413 0 3.125 0.298039 0.5 0 0
6770 0.0636413 0 3.125 0.294118 0.5 0 0
6780 0.0642789 0 3.125 0.294118 0.5 0 0
6790 0.0642789 0 3.125 0.294118 0.5 0 0
6800 0.064904 0 3.125 0.298039 0.5 0 0
6810 0.064904 0 3.125 0.301961 0.5 0 0
6820 0.0654007 0 3.125 0.301961 0.5 0 0
6830 0.0654007 0 3.125 0.309804 0.5 0 0
6840 0.065473 0 3.125 0.305882 0.5 0 0
6850 0.065473 0 3.125 0.305882 0.5 0 0
6860 0.065473 0 3.125 0.305882 0.5 0 0
6870 0.065473 0 3.125 0.305882 0.5 0 0
6880 0.0651663 0 3.125 0.301961 0.5 0 0
6890 0.0651663 0 3.125 0.290196 0.5 0 0
6900 0.0641305 0 3.125 0.286275 0.5 0 0
6910 0.0641305 0 3.125 0.286275 0.5 0 0
6920 0.0632854 0 3.125 0.286275 0.5 0 0
6930 0.0632854 0 3.125 0.286275 0.5 0 0
6940 0.0628036 0 3.125 0.282353 0.5 0 0
6950 0.0628036 0 3.125 0.278431 0.5 0 0
6960 0.0620711 0 3.125 0.278431 0.5 0 0
6970 0.0620711 0 3.125 0.27451 0.5 0 0
6980 0.0610127 0 3.125 0.286275 0.5 0 0
6990 0.0610127 0 3.125 0.294118 0.5 0 0
7000 0.0607792 0 3.125 0.282353 0.5 0 0
7010 0.0607792 0 3.125 0.270588 0.5 0 0
7020 0.060689 0 3.125 0.270588 0.5 0 0
7030 0.060689 0 3.125 0.270588 0.5 0 0
7040 0.0586653 0 3.125 0.266667 0.5 0 0
7050 0.0586653 0 3.125 0.270588 0.5 0 0
7060 0.0568721 0 3.125 0.286275 0.5 0 0
7070 0.0568721 0 3.125 0.290196 0.5 0 0
7080 0.0562107 0 3.125 0.290196 0.5 0 0
7090 0.0562107 0 3.125 0.290196 0.5 0 0
7100 0.0562012 0 3.125 0.282353 0.5 0 0
7110 0.0562012 0 3.125 0.290196 0.5 0 0
7120 0.0562012 0 3.125 0.282353 0.5 0 0
7130 0.0562012 0 3.125 0.286275 0.5 0 0
7140 0.0562012 0 3.125 0.290196 0.5 0 0
7150 0.0562012 0 3.125 0.282353 0.5 0 0
7160 0.0562012 0 3.125 0.282353 0.5 0 0
7170 0.0562012 0 3.125 0.286275 0.5 0 0
7180 0.0562012 0 3.125 0.294118 0.5 0 0
7190 0.0562012 0 3.125 0.290196 0.5 0 0
7200 0.0562012 0 3.125 0.282353 0.5 0 0
7210 0.0562012 0 3.125 0.286275 0.5 0 0
7220 0.0562202 0 3.125 0.282353 0.5 0 0
7230 0.0562202 0 3.125 0.286275 0.5 0 0
7240 0.0565706 0 3.125 0.286275 0.5 0 0
7250 0.0565706 0 3.125 0.286275 0.5 0 0
7260 0.0578492 0 3.125 0.27451 0.5 0 0
7270 0.0578492 0 3.125 0.278431 0.5 0 0
7280 0.0588132 0 3.125 0.278431 0.5 0 0
7290 0.0588132 0 3.125 0.278431 0.5 0 0
7300 0.0593665 0 3.125 0.278431 0.5 0 0
7310 0.0593665 0 3.125 0.286275 0.5 0 0
7320 0.0597419 0 3.125 0.286275 0.5 0 0
7330 0.0597419 0 3.125 0.286275 0.5 0 0
7340 0.0599658 0 3.125 0.286275 0.5 0 0
7350 0.0599658 0 3.125 0.286275 0.5 0 0
7360 0.0599961 0 3.125 0.282353 0.5 0 0
7370 0.0599961 0 3.125 0.278431 0.5 0 0
7380 0.0596482 0 3.125 0.278431 0.5 0 0
7390 0.0596482 0 3.125 0.27451 0.5 0 0
7400 0.0589541 0 3.125 0.290196 0.5 0 0
7410 0.0589541 0 3.125 0.294118 0.5 0 0
7420 0.0587331 0 3.125 0.294118 0.5 0 0
7430 0.0587331 0 3.125 0.294118 0.5 0 0
7440 0.0591922 0 3.125 0.298039 0.5 0 0
7450 0.0591922 0 3.125 0.301961 0.5 0 0
7460 0.0587518 0 3.125 0.305882 0.5 0 0
7470 0.0587518 0 3.125 0.282353 0.5 0 0
7480 0.0579213 0 3.125 0.278431 0.5 0 0
7490 0.0579213 0 3.125 0.266667 0.5 0 0
7500 0.0570198 0.25 3.375 0.262745 0.5 0 0
7510 0.0570198 0.25 3.375 0.258824 0.5 0 0
7520 0.0558824 0.25 3.625 0.258824 0.5 0 0
7530 0.0558824 0.25 3.625 0.258824 0.5 0 0
7540 0.055067 0.25 3.875 0.262745 0.5 0 0
7550 0.055067 0.25 3.875 0.262745 0.5 0 0
7560 0.0547951 0.25 4.125 0.262745 0.5 0 0
7570 0.0547951 0.25 4.125 0.258824 0.5 0 0
7580 0.0547272 0.25 4.375 0.258824 0.5 0 0
7590 0.0547272 0.25 4.375 0.258824 0.5 0 0
7600 0.0547518 0.25 4.625 0.262745 0.5 0 0
7610 0.0547518 0.25 4.625 0.262745 0.5 0 0
7620 0.0547548 0.25 4.875 0.262745 0.5 0 0
7630 0.0547548 0.25 4.875 0.262745 0.5 0 0
7640 0.0547548 0.25 5.125 0.258824 0.5 0 0
7650 0.0547548 0.25 5.125 0.262745 0.5 0 0
7660 0.0547682 0.25 5.375 0.258824 0.5 0 0
7670 0.0547682 0.25 5.375 0.262745 0.5 0 0
7680 0.0548551 0.25 5.625 0.262745 0.5 0 0
7690 0.0548551 0.25 5.625 0.262745 0.5 0 0
7700 0.0549726 0.25 5.875 0.258824 0.5 0 0
7710 0.0549726 0.25 5.875 0.266667 0.5 0 0
7720 0.0550618 0.375 6.25 0.266667 0.5 0 0
7730 0.0550618 0.375 6.25 0.262745 0.5 0 0
7740 0.0550834 0.5 6.75 0.270588 0.5 0 0
7750 0.0550834 0.5 6.75 0.266667 0.5 0 0
7760 0.0551059 0.5 7.25 0.266667 0.5 0 0
7770 0.0551059 0.5 7.25 0.266667 0.5 0 0
7780 0.0551352 0.5 7.75 0.266667 0.5 0 0
7790 0.0551352 0.5 7.75 0.270588 0.5 0 0
7800 0.055166 0.5 8.25 0.266667 0.5 0 0
7810 0.055166 0.5 8.25 0.270588 0.5 0 0
7820 0.0551942 0.5 8.75 0.266667 0.5 0 0
7830 0.0551942 0.5 8.75 0.270588 0.5 0 0
7840 0.0551525 0.5 9.25 0.266667 0.5 0 0
7850 0.0551525 0.5 9.25 0.262745 0.5 0 0
7860 0.0550866 0.5 9.75 0.262745 0.5 0 0
7870 0.0550866 0.5 9.75 0.262745 0.5 0 0
7880 0.0548128 0.25 10 0.258824 0.5 0 0
7890 0.0548128 0.25 10 0.258824 0.5 0 0
7900 0.0543289 0.5 10.5 0.258824 0.5 0 0
7910 0.0543289 0.5 10.5 0.258824 0.5 0 0
7920 0.0541745 0.5 11 0.258824 0.5 0 0
7930 0.0541745 0.5 11 0.254902 0.5 0 0
7940 0.0541294 0.5 11.5 0.254902 0.5 0 0
7950 0.0541294 0.5 11.5 0.254902 0.5 0 0
7960 0.0540464 0.5 12 0.254902 0.5 0 0
7970 0.0540464 0.5 12 0.254902 0.5 0 0
7980 0.0539474 0.5 12.5 0.254902 0.5 0 0
7990 0.0539474 0.5 12.5 0.25098 0.5 0 0
8000 0.0538702 0.5 13 0.254902 0.5 0 0
8010 0.0538702 0.5 13 0.25098 0.5 0 0
8020 0.0535841 0.375 13.375 0.254902 0.5 0 0
8030 0.0535841 0.375 13.375 0.25098 0.5 0 0
8040 0.0535173 0.375 13.75 0.247059 0.5 0 0
8050 0.0535173 0.375 13.75 0.25098 0.5 0 0
8060 0.0534902 0.375 14.125 0.25098 0.5 0 0
8070 0.0534902 0.375 14.125 0.247059 0.5 0 0
8080 0.0534454 0.375 14.5 0.25098 0.5 0 0
8090 0.0534454 0.375 14.5 0.247059 0.5 0 0
8100 0.0534215 0.375 14.875 0.247059 0.5 0 0
8110 0.0534215 0.375 14.875 0.247059 0.5 0 0
8120 0.0534428 0.375 15.25 0.247059 0.5 0 0
8130 0.0534428 0.375 15.25 0.247059 0.5 0 0
8140 0.0534627 0.375 15.625 0.247059 0.5 0 0
8150 0.0534627 0.375 15.625 0.247059 0.5 0 0
8160 0.053483 0.375 16 0.247059 0.5 0 0
8170 0.053483 0.375 16 0.243137 0.5 0 0
8180 0.0534971 0.375 16.375 0.243137 0.5 0 0
8190 0.0534971 0.375 16.375 0.239216 0.5 0 0
8200 0.0535068 0.375 16.75 0.243137 0.5 0 0
8210 0.0535068 0.375 16.75 0.239216 0.5 0 0
8220 0.0535168 0.375 17.125 0.239216 0.5 0 0
8230 0.0535168 0.375 17.125 0.243137 0.5 0 0
8240 0.0535234 0.375 17.5 0.239216 0.5 0 0
8250 0.0535234 0.375 17.5 0.239216 0.5 0 0
8260 0.0535094 0.375 17.875 0.243137 0.5 0 0
8270 0.0535094 0.375 17.875 0.239216 0.5 0 0
8280 0.0534651 0.375 18.25 0.243137 0.5 0 0
8290 0.0534651 0.375 18.25 0.243137 0.5 0 0
8300 0.0534227 0.375 18.625 0.243137 0.5 0 0
8310 0.0534227 0.375 18.625 0.247059 0.5 0 0
8320 0.0533856 0.375 19 0.243137 0.5 0 0
8330 0.0533856 0.375 19 0.25098 0.5 0 0
8340 0.0533607 0.375 19.375 0.25098 0.5 0 0
8350 0.0533607 0.375 19.375 0.25098 0.5 0 0
8360 0.0530899 0.25 19.625 0.247059 0.5 0 0
8370 0.0530899 0.25 19.625 0.25098 0.5 0 0
8380 0.0528226 0.25 19.875 0.258824 0.5 0 0
8390 0.0528226 0.25 19.875 0.278431 0.5 0 0
8400 0.0526594 0.25 20.125 0.282353 0.5 0 0
8410 0.0526594 0.25 20.125 0.290196 0.5 0 0
8420 0.0522398 0.25 20.375 0.27451 0.5 0 0
8430 0.0522398 0.25 20.375 0.25098 0.5 0 0
8440 0.0512182 0.25 20.625 0.254902 0.5 0 0
8450 0.0512182 0.25 20.625 0.254902 0.5 0 0
8460 0.0502021 0.25 20.875 0.25098 0.5 0 0
8470 0.0502021 0.25 20.875 0.258824 0.5 0 0
8480 0.0499643 0 20.875 0.25098 0.5 0 0
8490 0.0499643 0 20.875 0.235294 0.5 0 0
8500 0.0505171 0.25 21.125 0.231373 0.5 0 0
8510 0.0505171 0.25 21.125 0.231373 0.5 0 0
8520 0.0506391 0.25 21.375 0.239216 0.5 0 0
8530 0.0506391 0.25 21.375 0.231373 0.5 0 0
8540 0.0496587 0.25 21.625 0.223529 0.5 0 0
8550 0.0496587 0.25 21.625 0.215686 0.5 0 0
8560 0.0474859 0.25 21.875 0.211765 0.5 0 0
8570 0.0474859 0.25 21.875 0.223529 0.5 0 0
8580 0.0469678 0.25 22.125 0.219608 0.5 0 0
8590 0.0469678 0.25 22.125 0.219608 0.5 0 0
8600 0.046941 0.25 22.375 0.223529 0.5 0 0
8610 0.046941 0.25 22.375 0.223529 0.5 0 0
8620 0.0469407 0.25 22.625 0.219608 0.5 0 0
8630 0.0469407 0.25 22.625 0.223529 0.5 0 0
8640 0.0464756 0.25 22.875 0.215686 0.5 0 0
8650 0.0464756 0.25 22.875 0.215686 0.5 0 0
8660 0.0457989 0 22.875 0.227451 0.5 0 0
8670 0.0457989 0 22.875 0.215686 0.5 0 0
8680 0.0457747 0 22.875 0.219608 0.5 0 0
8690 0.0457747 0 22.875 0.211765 0.5 0 0
8700 0.0455705 0 22.875 0.2 0.5 0 0
8710 0.0455705 0 22.875 0.196078 0.5 0 0
8720 0.0458187 0 22.875 0.196078 0.5 0 0
8730 0.0458187 0 22.875 0.192157 0.5 0 0
8740 0.0449588 0 22.875 0.192157 0.5 0 0
8750 0.0449588 0 22.875 0.188235 0.5 0 0
8760 0.0436484 0 22.875 0.180392 0.5 0 0
8770 0.0436484 0 22.875 0.180392 0.5 0 0
8780 0.0432092 0.25 23.125 0.184314 0.5 0 0
8790 0.0432092 0.25 23.125 0.184314 0.5 0 0
8800 0.0431901 0.25 23.375 0.180392 0.5 0 0
8810 0.0431901 0.25 23.375 0.180392 0.5 0 0
8820 0.0430716 0.375 23.75 0.180392 0.5 0 0
8830 0.0430716 0.375 23.75 0.184314 0.5 0 0
8840 0.0430327 0.375 24.125 0.184314 0.5 0 0
8850 0.0430327 0.375 24.125 0.184314 0.5 0 0
8860 0.0429322 0.375 24.5 0.180392 0.5 0 0
8870 0.0429322 0.375 24.5 0.180392 0.5 0 0
8880 0.0428004 0.375 24.875 0.188235 0.5 0 0
8890 0.0428004 0.375 24.875 0.180392 0.5 0 0
8900 0.0423673 0.25 25.125 0.188235 0.5 0 0
8910 0.0423673 0.25 25.125 0.192157 0.5 0 0
8920 0.0420219 0.25 25.375 0.192157 0.5 0 0
8930 0.0420219 0.25 25.375 0.192157 0.5 0 0
8940 0.0417696 0.25 25.625 0.184314 0.5 0 0
8950 0.0417696 0.25 25.625 0.192157 0.5 0 0
8960 0.0410574 0.25 25.875 0.196078 0.5 0 0
8970 0.0410574 0.25 25.875 0.207843 0.5 0 0
8980 0.0406574 0.25 26.125 0.203922 0.5 0 0
8990 0.0406574 0.25 26.125 0.207843 0.5 0 0
9000 0.040451 0 26.125 0.211765 0.5 0 0
9010 0.040451 0 26.125 0.203922 0.5 0 0
9020 0.0399558 0 26.125 0.188235 0.5 0 0
9030 0.0399558 0 26.125 0.168627 0.5 0 0
9040 0.0391231 0 26.125 0.164706 0.5 0 0
9050 0.0391231 0 26.125 0.160784 0.5 0 0
9060 0.038834 0 26.125 0.164706 0.5 0 0
9070 0.038834 0 26.125 0.164706 0.5 0 0
9080 0.0387935 0 26.125 0.164706 0.5 0 0
9090 0.0387935 0 26.125 0.164706 0.5 0 0
9100 0.0381326 0 26.125 0.168627 0.5 0 0
9110 0.0381326 0 26.125 0.164706 0.5 0 0
9120 0.0376967 0 26.125 0.164706 0.5 0 0
9130 0.0376967 0 26.125 0.168627 0.5 0 0
9140 0.0375626 0 26.125 0.164706 0.5 0 0
9150 0.0375626 0 26.125 0.164706 0.5 0 0
9160 0.0371788 0 26.125 0.160784 0.5 0 0
9170 0.0371788 0 26.125 0.164706 0.5 0 0
9180 0.0364145 0 26.125 0.168627 0.5 0 0
9190 0.0364145 0 26.125 0.168627 0.5 0 0
9200 0.0358886 0 26.125 0.168627 0.5 0 0
9210 0.0358886 0 26.125 0.160784 0.5 0 0
9220 0.0356847 0 26.125 0.156863 0.5 0 0
9230 0.0356847 0 26.125 0.14902 0.5 0 0
9240 0.0350339 0 26.125 0.145098 0.5 0 0
9250 0.0350339 0 26.125 0.141176 0.5 0 0
9260 0.0342555 0.25 26.375 0.141176 0.5 0 0
9270 0.0342555 0.25 26.375 0.141176 0.5 0 0
9280 0.0330073 0.25 26.625 0.141176 0.5 0 0
9290 0.0330073 0.25 26.625 0.141176 0.5 0 0
9300 0.0324302 0.25 26.875 0.141176 0.5 0 0
9310 0.0324302 0.25 26.875 0.141176 0.5 0 0
9320 0.0321106 0.375 27.25 0.141176 0.5 0 0
9330 0.0321106 0.375 27.25 0.141176 0.5 0 0
9340 0.031923 0.375 27.625 0.141176 0.5 0 0
9350 0.031923 0.375 27.625 0.141176 0.5 0 0
9360 0.0316233 0.375 28 0.141176 0.5 0 0
9370 0.0316233 0.375 28 0.141176 0.5 0 0
9380 0.0315799 0.5 28.5 0.141176 0.5 0 0
9390 0.0315799 0.5 28.5 0.141176 0.5 0 0
9400 0.0312354 0.375 28.875 0.141176 0.5 0 0
9410 0.0312354 0.375 28.875 0.141176 0.5 0 0
9420 0.0308978 0.375 29.25 0.141176 0.5 0 0
9430 0.0308978 0.375 29.25 0.141176 0.5 0 0
9440 0.0305911 0.375 29.625 0.141176 0.5 0 0
9450 0.0305911 0.375 29.625 0.141176 0.5 0 0
9460 0.0304407 0.375 30 0.141176 0.5 0 0
9470 0.0304407 0.375 30 0.137255 0.5 0 0
9480 0.0303186 0.375 30.375 0.141176 0.5 0 0
9490 0.0303186 0.375 30.375 0.141176 0.5 0 0
9500 0.0302315 0.375 30.75 0.137255 0.5 0 0
9510 0.0302315 0.375 30.75 0.137255 0.5 0 0
9520 0.0301569 0.375 31.125 0.137255 0.5 0 0
9530 0.0301569 0.375 31.125 0.137255 0.5 0 0
9540 0.0300881 0.375 31.5 0.137255 0.5 0 0
9550 0.0300881 0.375 31.5 0.133333 0.5 0 0
9560 0.0300101 0.25 31.75 0.133333 0.5 0 0
9570 0.0300101 0.25 31.75 0.129412 0.5 0 0
9580 0.0294762 0 31.75 0.129412 0.5 0 0
9590 0.0294762 0 31.75 0.12549 0.5 0 0
9600 0.0291126 0.25 32 0.121569 0.5 0 0
9610 0.0291126 0.25 32 0.121569 0.5 0 0
9620 0.0284751 0.25 32.25 0.121569 0.5 0 0
9630 0.0284751 0.25 32.25 0.121569 0.5 0 0
9640 0.0281098 0.5 32.75 0.12549 0.5 0 0
9650 0.0281098 0.5 32.75 0.121569 0.5 0 0
9660 0.0276232 0.5 33.25 0.121569 0.5 0 0
9670 0.0276232 0.5 33.25 0.113725 0.5 0 0
9680 0.0268737 0.5 33.75 0.117647 0.5 0 0
9690 0.0268737 0.5 33.75 0.113725 0.5 0 0
9700 0.0264631 0.5 34.25 0.117647 0.5 0 0
9710 0.0264631 0.5 34.25 0.113725 0.5 0 0
9720 0.0259171 0.375 34.625 0.117647 0.5 0 0
9730 0.0259171 0.375 34.625 0.117647 0.5 0 0
9740 0.0256247 0.375 35 0.117647 0.5 0 0
9750 0.0256247 0.375 35 0.117647 0.5 0 0
9760 0.0254639 0.375 35.375 0.117647 0.5 0 0
9770 0.0254639 0.375 35.375 0.117647 0.5 0 0
9780 0.0251731 0.375 35.75 0.113725 0.5 0 0
9790 0.0251731 0.375 35.75 0.113725 0.5 0 0
9800 0.0247409 0.5 36.25 0.117647 0.5 0 0
9810 0.0247409 0.5 36.25 0.117647 0.5 0 0
9820 0.0244137 0.5 36.75 0.113725 0.5 0 0
9830 0.0244137 0.5 36.75 0.113725 0.5 0 0
9840 0.0242633 0.375 37.125 0.109804 0.5 0 0
9850 0.0242633 0.375 37.125 0.105882 0.5 0 0
9860 0.0242473 0.375 37.5 0.109804 0.5 0 0
9870 0.0242473 0.375 37.5 0.109804 0.5 0 0
9880 0.0239304 0.375 37.875 0.109804 0.5 0 0
9890 0.0239304 0.375 37.875 0.109804 0.5 0 0
9900 0.0238634 0.375 38.25 0.113725 0.5 0 0
9910 0.0238634 0.375 38.25 0.109804 0.5 0 0
9920 0.0238063 0.25 38.5 0.109804 0.5 0 0
9930 0.0238063 0.25 38.5 0.109804 0.5 0 0
9940 0.0234856 0.25 38.75 0.113725 0.5 0 0
9950 0.0234856 0.25 38.75 0.109804 0.5 0 0
9960 0.02297 0.25 39 0.109804 0.5 0 0
9970 0.02297 0.25 39 0.109804 0.5 0 0
9980 0.0226598 0.25 39.25 0.113725 0.5 0 0
9990 0.0226598 0.25 39.25 0.113725 0.5 0 0
10000 0.0224537 0.25 39.5 0.113725 0.5 0 0
10010 0.0224537 0.25 39.5 0.113725 0.5 0 0
10020 0.0222173 0.25 39.75 0.109804 0.5 0 0
10030 0.0222173 0.25 39.75 0.105882 0.5 0 0
10040 0.021561 0.25 40 0.0980392 0.5 0 0
10050 0.021561 0.25 40 0.0980392 0.5 0 0
10060 0.0206491 0.25 40.25 0.0980392 0.5 0 0
10070 0.0206491 0.25 40.25 0.0980392 0.5 0 0
10080 0.0199801 0 40.25 0.0941176 0.5 0 0
10090 0.0199801 0 40.25 0.0941176 0.5 0 0
10100 0.0195703 0 40.25 0.0941176 0.5 0 0
10110 0.0195703 0 40.25 0.0980392 0.5 0 0
10120 0.0189452 0 40.25 0.0980392 0.5 0 0
10130 0.0189452 0 40.25 0.0980392 0.5 0 0
10140 0.0186267 0 40.25 0.101961 0.5 0 0
10150 0.0186267 0 40.25 0.101961 0.5 0 0
10160 0.0184231 0 40.25 0.101961 0.5 0 0
10170 0.0184231 0 40.25 0.0980392 0.5 0 0
10180 0.0182311 0 40.25 0.0980392 0.5 0 0
10190 0.0182311 0 40.25 0.0901961 0.5 0 0
10200 0.0175903 0 40.25 0.0862745 0.5 0 0
10210 0.0175903 0 40.25 0.0862745 0.5 0 0
10220 0.0166299 0 40.25 0.0862745 0.5 0 0
10230 0.0166299 0 40.25 0.0862745 0.5 0 0
10240 0.0160665 0 40.25 0.0823529 0.5 0 0
10250 0.0160665 0 40.25 0.0823529 0.5 0 0
10260 0.0150109 0 40.25 0.0823529 0.5 0 0
10270 0.0150109 0 40.25 0.0784314 0.5 0 0
10280 0.0142755 0 40.25 0.0784314 0.5 0 0
10290 0.0142755 0 40.25 0.0784314 0.5 0 0
10300 0.0136355 0 40.25 0.0784314 0.5 0 0
10310 0.0136355 0 40.25 0.0784314 0.5 0 0
10320 0.0129572 0 40.25 0.0784314 0.5 0 0
10330 0.0129572 0 40.25 0.0745098 0.5 0 0
10340 0.0124026 0 40.25 0.0745098 0.5 0 0
10350 0.0124026 0 40.25 0.0745098 0.5 0 0
10360 0.0118261 0 40.25 0.0745098 0.5 0 0
10370 0.0118261 0 40.25 0.0784314 0.5 0 0
10380 0.0113401 0 40.25 0.0784314 0.5 0 0
10390 0.0113401 0 40.25 0.0784314 0.5 0 0
10400 0.0111363 0 40.25 0.0745098 0.5 0 0
10410 0.0111363 0 40.25 0.0745098 0.5 0 0
10420 0.0107847 0 40.25 0.0705882 0.5 0 0
10430 0.0107847 0 40.25 0.0666667 0.5 0 0
10440 0.0101799 0.375 40.625 0.0666667 0.5 0 0
10450 0.0101799 0.375 40.625 0.0705882 0.5 0 0
10460 0.00978443 0.375 41 0.0666667 0.5 0 0
10470 0.00978443 0.375 41 0.0666667 0.5 0 0
10480 0.00964995 0.5 41.5 0.0705882 0.5 0 0
10490 0.00964995 0.5 41.5 0.0705882 0.5 0 0
10500 0.00960561 0.5 42 0.0666667 0.5 0 0
10510 0.00960561 0.5 42 0.0666667 0.5 0 0
10520 0.00946005 0.5 42.5 0.0666667 0.5 0 0
10530 0.00946005 0.5 42.5 0.0705882 0.5 0 0
10540 0.00940292 0.5 43 0.0705882 0.5 0 0
10550 0.00940292 0.5 43 0.0666667 0.5 0 0
10560 0.00928352 0.375 43.375 0.0666667 0.5 0 0
10570 0.00928352 0.375 43.375 0.0705882 0.5 0 0
10580 0.00924497 0.25 43.625 0.0666667 0.5 0 0
10590 0.00924497 0.25 43.625 0.0705882 0.5 0 0
10600 0.00922297 0.375 44 0.0705882 0.5 0 0
10610 0.00922297 0.375 44 0.0705882 0.5 0 0
10620 0.0091883 0.375 44.375 0.0666667 0.5 0 0
10630 0.0091883 0.375 44.375 0.0666667 0.5 0 0
10640 0.00907069 0.375 44.75 0.0666667 0.5 0 0
10650 0.00907069 0.375 44.75 0.0666667 0.5 0 0
10660 0.00889374 0.375 45.125 0.0666667 0.5 0 0
10670 0.00889374 0.375 45.125 0.0666667 0.5 0 0
10680 0.00875582 0.375 45.5 0.0666667 0.5 0 0
10690 0.00875582 0.375 45.5 0.0666667 0.5 0 0
10700 0.00863366 0.375 45.875 0.0666667 0.5 0 0
10710 0.00863366 0.375 45.875 0.0666667 0.5 0 0
10720 0.00853586 0.375 46.25 0.0666667 0.5 0 0
10730 0.00853586 0.375 46.25 0.0666667 0.5 0 0
10740 0.00844695 0.375 46.625 0.0666667 0.5 0 0
10750 0.00844695 0.375 46.625 0.0666667 0.5 0 0
10760 0.00836659 0.375 47 0.0666667 0.5 0 0
10770 0.00836659 0.375 47 0.0666667 0.5 0 0
10780 0.00831864 0.375 47.375 0.0666667 0.5 0 0
10790 0.00831864 0.375 47.375 0.0666667 0.5 0 0
10800 0.00816354 0 47.375 0.0627451 0.5 0 0
10810 0.00816354 0 47.375 0.0627451 0.5 0 0
10820 0.00784876 0.25 47.625 0.0627451 0.5 0 0
10830 0.00784876 0.25 47.625 0.0588235 0.5 0 0
10840 0.00757447 0.75 48.375 0.0588235 0.5 0 0
10850 0.00757447 0.75 48.375 0.0588235 0.5 0 0
10860 0.0073183 0.75 49.125 0.0588235 0.5 0 0
10870 0.0073183 0.75 49.125 0.0588235 0.5 0 0
10880 0.00702905 0.75 49.875 0.0588235 0.5 0 0
10890 0.00702905 0.75 49.875 0.0588235 0.5 0 0
10900 0.00689622 0.75 50.625 0.0588235 0.5 0 0
10910 0.00689622 0.75 50.625 0.0588235 0.5 0 0
10920 0.00675011 0.875 51.5 0.0588235 0.5 0 0
10930 0.00675011 0.875 51.5 0.0588235 0.5 0 0
10940 0.00661911 0.875 52.375 0.0588235 0.5 0 0
10950 0.00661911 0.875 52.375 0.0588235 0.5 0 0
10960 0.00654128 0.875 53.25 0.0588235 0.5 0 0
10970 0.00654128 0.875 53.25 0.0588235 0.5 0 0
10980 0.00644401 0.75 54 0.0627451 0.5 0 0
10990 0.00644401 0.75 54 0.0627451 0.5 0 0
11000 0.00639119 0.75 54.75 0.0627451 0.5 0 0
11010 0.00639119 0.75 54.75 0.0627451 0.5 0 0
11020 0.00632464 0.75 55.5 0.0627451 0.5 0 0
11030 0.00632464 0.75 55.5 0.0588235 0.5 0 0
11040 0.00604983 0.75 56.25 0.0588235 0.5 0 0
11050 0.00604983 0.75 56.25 0.0588235 0.5 0 0
11060 0.00583578 0.75 57 0.054902 0.5 0 0
11070 0.00583578 0.75 57 0.054902 0.5 0 0
11080 0.00563739 0.875 57.875 0.054902 0.5 0 0
11090 0.00563739 0.875 57.875 0.054902 0.5 0 0
11100 0.00546551 0.75 58.625 0.054902 0.5 0 0
11110 0.00546551 0.75 58.625 0.054902 0.5 0 0
11120 0.00528009 0.75 59.375 0.054902 0.5 0 0
11130 0.00528009 0.75 59.375 0.054902 0.5 0 0
11140 0.00510793 0.75 60.125 0.0588235 0.5 0 0
11150 0.00510793 0.75 60.125 0.0627451 0.5 0 0
11160 0.005079 0.75 60.875 0.0627451 0.5 0 0
11170 0.005079 0.75 60.875 0.0627451 0.5 0 0
11180 0.00506755 0.75 61.625 0.0627451 0.5 0 0
11190 0.00506755 0.75 61.625 0.0627451 0.5 0 0
11200 0.004983 0.75 62.375 0.0588235 0.5 0 0
11210 0.004983 0.75 62.375 0.0509804 0.5 0 0
11220 0.00494552 0.625 63 0.054902 0.5 0 0
11230 0.00494552 0.625 63 0.054902 0.5 0 0
11240 0.00495404 0.625 63.625 0.054902 0.5 0 0
11250 0.00495404 0.625 63.625 0.054902 0.5 0 0
11260 0.00508628 0.5 64.125 0.054902 0.5 0 0
11270 0.00508628 0.5 64.125 0.054902 0.5 0 0
11280 0.00508565 0.5 64.625 0.054902 0.5 0 0
11290 0.00508565 0.5 64.625 0.054902 0.5 0 0
11300 0.00504474 0.5 65.125 0.0588235 0.5 0 0
11310 0.00504474 0.5 65.125 0.0588235 0.5 0 0
11320 0.00501822 0.5 65.625 0.0588235 0.5 0 0
11330 0.00501822 0.5 65.625 0.0588235 0.5 0 0
11340 0.00496295 0.5 66.125 0.0588235 0.5 0 0
11350 0.00496295 0.5 66.125 0.0588235 0.5 0 0
11360 0.00477985 0.25 66.375 0.054902 0.5 0 0
11370 0.00477985 0.25 66.375 0.054902 0.5 0 0
11380 0.00445556 0.25 66.625 0.0509804 0.5 0 0
11390 0.00445556 0.25 66.625 0.0509804 0.5 0 0
11400 0.00437921 0.25 66.875 0.0509804 0.5 0 0
11410 0.00437921 0.25 66.875 0.0509804 0.5 0 0
11420 0.00441977 0.5 67.375 0.0509804 0.5 0 0
11430 0.00441977 0.5 67.375 0.0509804 0.5 0 0
11440 0.00442926 0.5 67.875 0.0509804 0.5 0 0
11450 0.00442926 0.5 67.875 0.0509804 0.5 0 0
11460 0.00441645 0.625 68.5 0.0509804 0.5 0 0
11470 0.00441645 0.625 68.5 0.0509804 0.5 0 0
11480 0.00443466 0.625 69.125 0.054902 0.5 0 0
11490 0.00443466 0.625 69.125 0.0509804 0.5 0 0
11500 0.00437861 0.5 69.625 0.054902 0.5 0 0
11510 0.00437861 0.5 69.625 0.0509804 0.5 0 0
11520 0.00432367 0.5 70.125 0.0509804 0.5 0 0
11530 0.00432367 0.5 70.125 0.0509804 0.5 0 0
11540 0.00422952 0.5 70.625 0.0509804 0.5 0 0
11550 0.00422952 0.5 70.625 0.0509804 0.5 0 0
11560 0.00410292 0.625 71.25 0.0470588 0.5 0 0
11570 0.00410292 0.625 71.25 0.0470588 0.5 0 0
11580 0.00408854 0.625 71.875 0.0509804 0.5 0 0
11590 0.00408854 0.625 71.875 0.0509804 0.5 0 0
11600 0.00416014 0.625 72.5 0.0509804 0.5 0 0
11610 0.00416014 0.625 72.5 0.0509804 0.5 0 0
11620 0.00426129 0.625 73.125 0.0509804 0.5 0 0
11630 0.00426129 0.625 73.125 0.0509804 0.5 0 0
11640 0.00434865 0.75 73.875 0.0509804 0.5 0 0
11650 0.00434865 0.75 73.875 0.0509804 0.5 0 0
11660 0.00438742 0.75 74.625 0.0509804 0.5 0 0
11670 0.00438742 0.75 74.625 0.0509804 0.5 0 0
11680 0.00434389 0.75 75.375 0.0509804 0.5 0 0
11690 0.00434389 0.75 75.375 0.0509804 0.5 0 0
11700 0.00431595 0.625 76 0.0509804 0.5 0 0
11710 0.00431595 0.625 76 0.0509804 0.5 0 0
11720 0.00428212 0.625 76.625 0.0509804 0.5 0 0
11730 0.00428212 0.625 76.625 0.054902 0.5 0 0
11740 0.0043265 0.625 77.25 0.054902 0.5 0 0
11750 0.0043265 0.625 77.25 0.054902 0.5 0 0
11760 0.00435577 0.625 77.875 0.054902 0.5 0 0
11770 0.00435577 0.625 77.875 0.0470588 0.5 0 0
11780 0.00432957 0.625 78.5 0.0470588 0.5 0 0
11790 0.00432957 0.625 78.5 0.0470588 0.5 0 0
11800 0.00438771 0.75 79.25 0.0470588 0.5 0 0
11810 0.00438771 0.75 79.25 0.0470588 0.5 0 0
11820 0.00439311 0.625 79.875 0.0509804 0.5 0 0
11830 0.00439311 0.625 79.875 0.0509804 0.5 0 0
11840 0.00442302 0.625 80.5 0.0509804 0.5 0 0
11850 0.00442302 0.625 80.5 0.0509804 0.5 0 0
11860 0.0044638 0.625 81.125 0.0509804 0.5 0 0
11870 0.0044638 0.625 81.125 0.0509804 0.5 0 0
11880 0.00446777 0.75 81.875 0.0509804 0.5 0 0
11890 0.00446777 0.75 81.875 0.0509804 0.5 0 0
11900 0.00442791 0.875 82.75 0.0509804 0.5 0 0
11910 0.00442791 0.875 82.75 0.0509804 0.5 0 0
11920 0.00441737 0.875 83.625 0.0509804 0.5 0 0
11930 0.00441737 0.875 83.625 0.0509804 0.5 0 0
11940 0.00448984 0.75 84.375 0.0509804 0.5 0 0
11950 0.00448984 0.75 84.375 0.0509804 0.5 0 0
11960 0.00450503 0.75 85.125 0.054902 0.5 0 0
11970 0.00450503 0.75 85.125 0.0509804 0.5 0 0
11980 0.00458809 0.75 85.875 0.0509804 0.5 0 0
11990 0.00458809 0.75 85.875 0.0509804 0.5 0 0
12000 0.00459765 0.75 86.625 0.0509804 0.5 0 0
12010 0.00459765 0.75 86.625 0.0509804 0.5 0 0
12020 0.00460274 0.75 87.375 0.0509804 0.5 0 0
12030 0.00460274 0.75 87.375 0.0509804 0.5 0 0
12040 0.0046133 0.75 88.125 0.0509804 0.5 0 0
12050 0.0046133 0.75 88.125 0.054902 0.5 0 0
12060 0.00459534 0.75 88.875 0.0509804 0.5 0 0
12070 0.00459534 0.75 88.875 0.0509804 0.5 0 0
12080 0.00455503 0.75 89.625 0.0509804 0.5 0 0
12090 0.00455503 0.75 89.625 0.0509804 0.5 0 0
12100 0.00454923 0.875 90.5 0.0509804 0.5 0 0
12110 0.00454923 0.875 90.5 0.0509804 0.5 0 0
12120 0.00454812 0.75 91.25 0.0509804 0.5 0 0
12130 0.00454812 0.75 91.25 0.0509804 0.5 0 0
12140 0.00455455 0.75 92 0.0509804 0.5 0 0
12150 0.00455455 0.75 92 0.0509804 0.5 0 0
12160 0.00459046 0.75 92.75 0.0509804 0.5 0 0
12170 0.00459046 0.75 92.75 0.0509804 0.5 0 0
12180 0.00458827 0.75 93.5 0.0509804 0.5 0 0
12190 0.00458827 0.75 93.5 0.0509804 0.5 0 0
12200 0.00461013 0.75 94.25 0.0509804 0.5 0 0
12210 0.00461013 0.75 94.25 0.0509804 0.5 0 0
12220 0.00458432 0.5 94.75 0.0509804 0.5 0 0
12230 0.00458432 0.5 94.75 0.0509804 0.5 0 0
12240 0.00443995 0.5 95.25 0.0509804 0.5 0 0
12250 0.00443995 0.5 95.25 0.0509804 0.5 0 0
12260 0.00430999 0.5 95.75 0.0509804 0.5 0 0
12270 0.00430999 0.5 95.75 0.0509804 0.5 0 0
12280 0.00426789 0.5 96.25 0.0509804 0.5 0 0
12290 0.00426789 0.5 96.25 0.0509804 0.5 0 0
12300 0.004265 0.5 96.75 0.0509804 0.5 0 0
12310 0.004265 0.5 96.75 0.0509804 0.5 0 0
12320 0.00425344 0.5 97.25 0.054902 0.5 0 0
12330 0.00425344 0.5 97.25 0.0509804 0.5 0 0
12340 0.0042214 0.375 97.625 0.0509804 0.5 0 0
12350 0.0042214 0.375 97.625 0.0509804 0.5 0 0
12360 0.00419345 0.375 98 0.0509804 0.5 0 0
12370 0.00419345 0.375 98 0.0509804 0.5 0 0
12380 0.00418066 0.625 98.625 0.0509804 0.5 0 0
12390 0.00418066 0.625 98.625 0.0509804 0.5 0 0
12400 0.004173 0.625 99.25 0.0509804 0.5 0 0
12410 0.004173 0.625 99.25 0.0509804 0.5 0 0
12420 0.00416618 0.625 99.875 0.0509804 0.5 0 0
12430 0.00416618 0.625 99.875 0.0509804 0.5 0 0
12440 0.00409422 0.5 100.375 0.0509804 0.5 0 0
12450 0.00409422 0.5 100.375 0.0509804 0.5 0 0
12460 0.00406092 0.5 100.875 0.0509804 0.5 0 0
12470 0.00406092 0.5 100.875 0.0509804 0.5 0 0
12480 0.00406236 0.5 101.375 0.0509804 0.5 0 0
12490 0.00406236 0.5 101.375 0.0509804 0.5 0 0
12500 0.00404484 0.375 101.75 0.0509804 0.5 0 0
12510 0.00404484 0.375 101.75 0.0509804 0.5 0 0
12520 0.00412435 0.375 102.125 0.0470588 0.5 0 0
12530 0.00412435 0.375 102.125 0.0509804 0.5 0 0
12540 0.004139 0.625 102.75 0.0509804 0.5 0 0
12550 0.004139 0.625 102.75 0.0509804 0.5 0 0
12560 0.00414237 0.625 103.375 0.0509804 0.5 0 0
12570 0.00414237 0.625 103.375 0.0509804 0.5 0 0
12580 0.00418981 0.5 103.875 0.054902 0.5 0 0
12590 0.00418981 0.5 103.875 0.054902 0.5 0 0
12600 0.0041348 0.5 104.375 0.0509804 0.5 0 0
12610 0.0041348 0.5 104.375 0.054902 0.5 0 0
12620 0.00414522 0.5 104.875 0.054902 0.5 0 0
12630 0.00414522 0.5 104.875 0.054902 0.5 0 0
12640 0.00411115 0.5 105.375 0.0588235 0.5 0 0
12650 0.00411115 0.5 105.375 0.054902 0.5 0 0
12660 0.00414681 0.25 105.625 0.0588235 0.5 0 0
12670 0.00414681 0.25 105.625 0.0588235 0.5 0 0
12680 0.00410804 0.25 105.875 0.0588235 0.5 0 0
12690 0.00410804 0.25 105.875 0.0588235 0.5 0 0
12700 0.00417678 0 105.875 0.0588235 0.5 0 0
12710 0.00417678 0 105.875 0.054902 0.5 0 0
12720 0.00419806 0 105.875 0.0509804 0.5 0 0
12730 0.00419806 0 105.875 0.0509804 0.5 0 0
12740 0.00413595 0.5 106.375 0.0509804 0.5 0 0
12750 0.00413595 0.5 106.375 0.0470588 0.5 0 0
12760 0.00410353 0.75 107.125 0.0509804 0.5 0 0
12770 0.00410353 0.75 107.125 0.0509804 0.5 0 0
12780 0.0041381 0.75 107.875 0.0509804 0.5 0 0
12790 0.0041381 0.75 107.875 0.0509804 0.5 0 0
12800 0.0041501 0.75 108.625 0.0509804 0.5 0 0
12810 0.0041501 0.75 108.625 0.0509804 0.5 0 0
12820 0.00416705 0.75 109.375 0.0509804 0.5 0 0
12830 0.00416705 0.75 109.375 0.0509804 0.5 0 0
12840 0.00415625 0.75 110.125 0.0509804 0.5 0 0
12850 0.00415625 0.75 110.125 0.0509804 0.5 0 0
12860 0.00412047 0.75 110.875 0.0509804 0.5 0 0
12870 0.00412047 0.75 110.875 0.0509804 0.5 0 0
12880 0.00405593 0.5 111.375 0.0470588 0.5 0 0
12890 0.00405593 0.5 111.375 0.0470588 0.5 0 0
12900 0.00404452 0.75 112.125 0.0470588 0.5 0 0
12910 0.00404452 0.75 112.125 0.0509804 0.5 0 0
12920 0.00404183 0.75 112.875 0.0509804 0.5 0 0
12930 0.00404183 0.75 112.875 0.0509804 0.5 0 0
12940 0.00407226 0.875 113.75 0.0509804 0.5 0 0
12950 0.00407226 0.875 113.75 0.0509804 0.5 0 0
12960 0.00410725 0.875 114.625 0.0509804 0.5 0 0
12970 0.00410725 0.875 114.625 0.0509804 0.5 0 0
12980 0.00416068 0.75 115.375 0.0509804 0.5 0 0
12990 0.00416068 0.75 115.375 0.0509804 0.5 0 0
13000 0.00423239 0.75 116.125 0.0509804 0.5 0 0
13010 0.00423239 0.75 116.125 0.0509804 0.5 0 0
13020 0.00422953 0.5 116.625 0.0509804 0.5 0 0
13030 0.00422953 0.5 116.625 0.0509804 0.5 0 0
13040 0.00418529 0.5 117.125 0.0509804 0.5 0 0
13050 0.00418529 0.5 117.125 0.0509804 0.5 0 0
13060 0.00412991 0.375 117.5 0.0470588 0.5 0 0
13070 0.00412991 0.375 117.5 0.0470588 0.5 0 0
13080 0.00418183 0.375 117.875 0.0470588 0.5 0 0
13090 0.00418183 0.375 117.875 0.0470588 0.5 0 0
13100 0.00427612 0.375 118.25 0.0470588 0.5 0 0
13110 0.00427612 0.375 118.25 0.0470588 0.5 0 0
13120 0.00430157 0.375 118.625 0.0470588 0.5 0 0
13130 0.00430157 0.375 118.625 0.0509804 0.5 0 0
13140 0.0043966 0.375 119 0.0509804 0.5 0 0
13150 0.0043966 0.375 119 0.0509804 0.5 0 0
13160 0.0044357 0.375 119.375 0.0509804 0.5 0 0
13170 0.0044357 0.375 119.375 0.0509804 0.5 0 0
13180 0.00447324 0.375 119.75 0.0509804 0.5 0 0
13190 0.00447324 0.375 119.75 0.0509804 0.5 0 0
13200 0.00456747 0.25 120 0.0509804 0.5 0 0
13210 0.00456747 0.25 120 0.054902 0.5 0 0
13220 0.00456588 0.25 120.25 0.0509804 0.5 0 0
13230 0.00456588 0.25 120.25 0.0509804 0.5 0 0
13240 0.00455671 0.25 120.5 0.054902 0.5 0 0
13250 0.00455671 0.25 120.5 0.0509804 0.5 0 0
13260 0.0044255 0 120.5 0.0509804 0.5 0 0
13270 0.0044255 0 120.5 0.0509804 0.5 0 0
13280 0.00425968 0 120.5 0.0509804 0.5 0 0
13290 0.00425968 0 120.5 0.0470588 0.5 0 0
13300 0.00417289 0.25 120.75 0.0470588 0.5 0 0
13310 0.00417289 0.25 120.75 0.0470588 0.5 0 0
13320 0.0040725 0.25 121 0.0470588 0.5 0 0
13330 0.0040725 0.25 121 0.0470588 0.5 0 0
13340 0.00410165 0.5 121.5 0.0470588 0.5 0 0
13350 0.00410165 0.5 121.5 0.0470588 0.5 0 0
13360 0.00401285 0.5 122 0.0470588 0.5 0 0
13370 0.00401285 0.5 122 0.0470588 0.5 0 0
13380 0.00395833 0.5 122.5 0.0509804 0.5 0 0
13390 0.00395833 0.5 122.5 0.0509804 0.5 0 0
13400 0.00393567 0.5 123 0.0470588 0.5 0 0
13410 0.00393567 0.5 123 0.0470588 0.5 0 0
13420 0.00389641 0.5 123.5 0.0509804 0.5 0 0
13430 0.00389641 0.5 123.5 0.0509804 0.5 0 0
13440 0.00391027 0.5 124 0.0509804 0.5 0 0
13450 0.00391027 0.5 124 0.0509804 0.5 0 0
13460 0.0039056 0.375 124.375 0.0509804 0.5 0 0
13470 0.0039056 0.375 124.375 0.0509804 0.5 0 0
13480 0.00391403 0.375 124.75 0.0509804 0.5 0 0
13490 0.00391403 0.375 124.75 0.0509804 0.5 0 0
13500 0.00391868 0.375 125.125 0.0509804 0.5 0 0
13510 0.00391868 0.375 125.125 0.0509804 0.5 0 0
13520 0.00389658 0.375 125.5 0.0509804 0.5 0 0
13530 0.00389658 0.375 125.5 0.0470588 0.5 0 0
13540 0.00389052 0.375 125.875 0.0509804 0.5 0 0
13550 0.00389052 0.375 125.875 0.0470588 0.5 0 0
13560 0.00388246 0.625 126.5 0.0509804 0.5 0 0
13570 0.00388246 0.625 126.5 0.0470588 0.5 0 0
13580 0.0039071 0.5 127 0.0470588 0.5 0 0
13590 0.0039071 0.5 127 0.0470588 0.5 0 0
13600 0.00396314 0.625 127.625 0.0470588 0.5 0 0
13610 0.00396314 0.625 127.625 0.0470588 0.5 0 0
13620 0.00404854 0.75 128.375 0.0509804 0.5 0 0
13630 0.00404854 0.75 128.375 0.0509804 0.5 0 0
13640 0.00407544 0.75 129.125 0.0509804 0.5 0 0
13650 0.00407544 0.75 129.125 0.0509804 0.5 0 0
13660 0.00410289 0.75 129.875 0.0509804 0.5 0 0
13670 0.00410289 0.75 129.875 0.0509804 0.5 0 0
13680 0.00407141 0.75 130.625 0.0509804 0.5 0 0
13690 0.00407141 0.75 130.625 0.0509804 0.5 0 0
13700 0.00396062 0.75 131.375 0.0470588 0.5 0 0
13710 0.00396062 0.75 131.375 0.0470588 0.5 0 0
13720 0.00389626 0.625 132 0.0470588 0.5 0 0
13730 0.00389626 0.625 132 0.0470588 0.5 0 0
13740 0.00388449 0.625 132.625 0.0470588 0.5 0 0
13750 0.00388449 0.625 132.625 0.0470588 0.5 0 0
13760 0.00400574 0.75 133.375 0.0470588 0.5 0 0
13770 0.00400574 0.75 133.375 0.0470588 0.5 0 0
13780 0.00409067 0.75 134.125 0.0470588 0.5 0 0
13790 0.00409067 0.75 134.125 0.0509804 0.5 0 0
13800 0.00412586 0.75 134.875 0.0509804 0.5 0 0
13810 0.00412586 0.75 134.875 0.0509804 0.5 0 0
13820 0.0041602 0.75 135.625 0.0509804 0.5 0 0
13830 0.0041602 0.75 135.625 0.0509804 0.5 0 0
13840 0.00419236 0.75 136.375 0.0509804 0.5 0 0
13850 0.00419236 0.75 136.375 0.0509804 0.5 0 0
13860 0.00418766 0.375 136.75 0.0509804 0.5 0 0
13870 0.00418766 0.375 136.75 0.0509804 0.5 0 0
13880 0.00414868 0.375 137.125 0.0509804 0.5 0 0
13890 0.00414868 0.375 137.125 0.054902 0.5 0 0
13900 0.00410113 0.25 137.375 0.054902 0.5 0 0
13910 0.00410113 0.25 137.375 0.0509804 0.5 0 0
13920 0.00405486 0.25 137.625 0.054902 0.5 0 0
13930 0.00405486 0.25 137.625 0.054902 0.5 0 0
13940 0.00398922 0 137.625 0.0509804 0.5 0 0
13950 0.00398922 0 137.625 0.0470588 0.5 0 0
13960 0.00396531 0.25 137.875 0.0470588 0.5 0 0
13970 0.00396531 0.25 137.875 0.0509804 0.5 0 0
13980 0.00406727 0.5 138.375 0.0509804 0.5 0 0
13990 0.00406727 0.5 138.375 0.054902 0.5 0 0
14000 0.00412855 0.625 139 0.0470588 0.5 0 0
14010 0.00412855 0.625 139 0.0509804 0.5 0 0
14020 0.00430689 0.625 139.625 0.0509804 0.5 0 0
14030 0.00430689 0.625 139.625 0.054902 0.5 0 0
14040 0.00433026 0.625 140.25 0.0509804 0.5 0 0
14050 0.00433026 0.625 140.25 0.054902 0.5 0 0
14060 0.00441496 0.625 140.875 0.054902 0.5 0 0
14070 0.00441496 0.625 140.875 0.054902 0.5 0 0
14080 0.00450595 0.625 141.5 0.054902 0.5 0 0
14090 0.00450595 0.625 141.5 0.0509804 0.5 0 0
14100 0.00462773 0.625 142.125 0.0509804 0.5 0 0
14110 0.00462773 0.625 142.125 0.0509804 0.5 0 0
14120 0.00472297 0.5 142.625 0.054902 0.5 0 0
14130 0.00472297 0.5 142.625 0.054902 0.5 0 0
14140 0.00474519 0.375 143 0.054902 0.5 0 0
14150 0.00474519 0.375 143 0.0588235 0.5 0 0
14160 0.00478871 0.375 143.375 0.0588235 0.5 0 0
14170 0.00478871 0.375 143.375 0.0588235 0.5 0 0
14180 0.00477059 0.375 143.75 0.0588235 0.5 0 0
14190 0.00477059 0.375 143.75 0.0627451 0.5 0 0
14200 0.00477102 0.375 144.125 0.0588235 0.5 0 0
14210 0.00477102 0.375 144.125 0.0588235 0.5 0 0
14220 0.00471949 0.375 144.5 0.0627451 0.5 0 0
14230 0.00471949 0.375 144.5 0.0666667 0.5 0 0
14240 0.00464113 0.25 144.75 0.0666667 0.5 0 0
14250 0.00464113 0.25 144.75 0.0666667 0.5 0 0
14260 0.00468601 0.25 145 0.0705882 0.5 0 0
14270 0.00468601 0.25 145 0.0705882 0.5 0 0
14280 0.00467741 0.25 145.25 0.0666667 0.5 0 0
14290 0.00467741 0.25 145.25 0.0627451 0.5 0 0
14300 0.00461067 0.25 145.5 0.054902 0.5 0 0
14310 0.00461067 0.25 145.5 0.054902 0.5 0 0
14320 0.0045473 0.375 145.875 0.0509804 0.5 0 0
14330 0.0045473 0.375 145.875 0.0509804 0.5 0 0
14340 0.00447943 0.5 146.375 0.0509804 0.5 0 0
14350 0.00447943 0.5 146.375 0.054902 0.5 0 0
14360 0.00442744 0.5 146.875 0.054902 0.5 0 0
14370 0.00442744 0.5 146.875 0.054902 0.5 0 0
14380 0.00442502 0.5 147.375 0.054902 0.5 0 0
14390 0.00442502 0.5 147.375 0.054902 0.5 0 0
14400 0.00442442 0.5 147.875 0.054902 0.5 0 0
14410 0.00442442 0.5 147.875 0.054902 0.5 0 0
14420 0.00442058 0.5 148.375 0.054902 0.5 0 0
14430 0.00442058 0.5 148.375 0.054902 0.5 0 0
14440 0.00444074 0.25 148.625 0.054902 0.5 0 0
14450 0.00444074 0.25 148.625 0.054902 0.5 0 0
14460 0.00444492 0 148.625 0.054902 0.5 0 0
14470 0.00444492 0 148.625 0.054902 0.5 0 0
14480 0.00449352 0 148.625 0.0509804 0.5 0 0
14490 0.00449352 0 148.625 0.054902 0.5 0 0
14500 0.00474022 0 148.625 0.054902 0.5 0 0
14510 0.00474022 0 148.625 0.054902 0.5 0 0
14520 0.0047332 0 148.625 0.054902 0.5 0 0
14530 0.0047332 0 148.625 0.054902 0.5 0 0
14540 0.00463719 0 148.625 0.054902 0.5 0 0
14550 0.00463719 0 148.625 0.0509804 0.5 0 0
14560 0.00451668 0 148.625 0.054902 0.5 0 0
14570 0.00451668 0 148.625 0.0509804 0.5 0 0
14580 0.00447301 0 148.625 0.0509804 0.5 0 0
14590 0.00447301 0 148.625 0.0509804 0.5 0 0
14600 0.0043072 0 148.625 0.0509804 0.5 0 0
14610 0.0043072 0 148.625 0.0509804 0.5 0 0
14620 0.00433864 0 148.625 0.0588235 0.5 0 0
14630 0.00433864 0 148.625 0.0627451 0.5 0 0
14640 0.00441442 0 148.625 0.0627451 0.5 0 0
14650 0.00441442 0 148.625 0.0666667 0.5 0 0
14660 0.00440723 0 148.625 0.0627451 0.5 0 0
14670 0.00440723 0 148.625 0.0588235 0.5 0 0
14680 0.0043897 0 148.625 0.054902 0.5 0 0
14690 0.0043897 0 148.625 0.0509804 0.5 0 0
14700 0.00447388 0 148.625 0.0509804 0.5 0 0
14710 0.00447388 0 148.625 0.054902 0.5 0 0
14720 0.00456436 0 148.625 0.0588235 0.5 0 0
14730 0.00456436 0 148.625 0.0627451 0.5 0 0
14740 0.00444338 0 148.625 0.0627451 0.5 0 0
14750 0.00444338 0 148.625 0.0666667 0.5 0 0
14760 0.00448141 0 148.625 0.0705882 0.5 0 0
14770 0.00448141 0 148.625 0.0627451 0.5 0 0
14780 0.00450716 0 148.625 0.0666667 0.5 0 0
14790 0.00450716 0 148.625 0.0627451 0.5 0 0
14800 0.00444899 0 148.625 0.0627451 0.5 0 0
14810 0.00444899 0 148.625 0.0588235 0.5 0 0
14820 0.00439857 0 148.625 0.054902 0.5 0 0
14830 0.00439857 0 148.625 0.054902 0.5 0 0
14840 0.0043816 0 148.625 0.054902 0.5 0 0
14850 0.0043816 0 148.625 0.0509804 0.5 0 0
14860 0.00425321 0 148.625 0.0509804 0.5 0 0
14870 0.00425321 0 148.625 0.0470588 0.5 0 0
14880 0.00404904 0 148.625 0.0470588 0.5 0 0
14890 0.00404904 0 148.625 0.0470588 0.5 0 0
14900 0.00395589 0.25 148.875 0.0470588 0.5 0 0
14910 0.00395589 0.25 148.875 0.0470588 0.5 0 0
14920 0.00384954 0.25 149.125 0.0470588 0.5 0 0
14930 0.00384954 0.25 149.125 0.0509804 0.5 0 0
14940 0.00390626 0.25 149.375 0.054902 0.5 0 0
14950 0.00390626 0.25 149.375 0.054902 0.5 0 0
14960 0.00395929 0.25 149.625 0.054902 0.5 0 0
14970 0.00395929 0.25 149.625 0.054902 0.5 0 0
14980 0.00396174 0.375 150 0.054902 0.5 0 0
14990 0.00396174 0.375 150 0.054902 0.5 0 0
15000 0.00395637 0.375 150.375 0.054902 0.5 0 0
15010 0.00395637 0.375 150.375 0.054902 0.5 0 0
15020 0.00396782 0.375 150.75 0.054902 0.5 0 0
15030 0.00396782 0.375 150.75 0.054902 0.5 0 0
15040 0.00396554 0.375 151.125 0.0588235 0.5 0 0
15050 0.00396554 0.375 151.125 0.054902 0.5 0 0
15060 0.0039693 0.375 151.5 0.054902 0.5 0 0
15070 0.0039693 0.375 151.5 0.0588235 0.5 0 0
15080 0.00393561 0.375 151.875 0.054902 0.5 0 0
15090 0.00393561 0.375 151.875 0.0588235 0.5 0 0
15100 0.00393128 0.25 152.125 0.0588235 0.5 0 0
15110 0.00393128 0.25 152.125 0.054902 0.5 0 0
15120 0.00397393 0 152.125 0.0470588 0.5 0 0
15130 0.00397393 0 152.125 0.0470588 0.5 0 0
15140 0.00407462 0.75 152.875 0.0509804 0.5 0 0
15150 0.00407462 0.75 152.875 0.054902 0.5 0 0
15160 0.00412536 0.75 153.625 0.054902 0.5 0 0
15170 0.00412536 0.75 153.625 0.054902 0.5 0 0
15180 0.004206 0.75 154.375 0.054902 0.5 0 0
15190 0.004206 0.75 154.375 0.054902 0.5 0 0
15200 0.00423465 0.75 155.125 0.0509804 0.5 0 0
15210 0.00423465 0.75 155.125 0.0509804 0.5 0 0
15220 0.00442148 0.75 155.875 0.0509804 0.5 0 0
15230 0.00442148 0.75 155.875 0.054902 0.5 0 0
15240 0.00461381 0.75 156.625 0.054902 0.5 0 0
15250 0.00461381 0.75 156.625 0.054902 0.5 0 0
15260 0.00459713 0 156.625 0.054902 0.5 0 0
15270 0.00459713 0 156.625 0.054902 0.5 0 0
15280 0.00451457 0 156.625 0.054902 0.5 0 0
15290 0.00451457 0 156.625 0.054902 0.5 0 0
15300 0.00440223 0 156.625 0.0509804 0.5 0 0
15310 0.00440223 0 156.625 0.0509804 0.5 0 0
15320 0.00433787 0 156.625 0.0509804 0.5 0 0
15330 0.00433787 0 156.625 0.0509804 0.5 0 0
15340 0.0043842 0 156.625 0.0509804 0.5 0 0
15350 0.0043842 0 156.625 0.054902 0.5 0 0
15360 0.00446852 0 156.625 0.054902 0.5 0 0
15370 0.00446852 0 156.625 0.0588235 0.5 0 0
15380 0.00463957 0 156.625 0.0588235 0.5 0 0
15390 0.00463957 0 156.625 0.0627451 0.5 0 0
15400 0.00479877 0 156.625 0.0627451 0.5 0 0
15410 0.00479877 0 156.625 0.0627451 0.5 0 0
15420 0.00493235 0 156.625 0.0588235 0.5 0 0
15430 0.00493235 0 156.625 0.0588235 0.5 0 0
15440 0.00485025 0 156.625 0.054902 0.5 0 0
15450 0.00485025 0 156.625 0.054902 0.5 0 0
15460 0.00470753 0 156.625 0.054902 0.5 0 0
15470 0.00470753 0 156.625 0.054902 0.5 0 0
15480 0.00466706 0 156.625 0.0588235 0.5 0 0
15490 0.00466706 0 156.625 0.0588235 0.5 0 0
15500 0.00468703 0 156.625 0.0588235 0.5 0 0
15510 0.00468703 0 156.625 0.0588235 0.5 0 0
15520 0.0046411 0 156.625 0.0588235 0.5 0 0
15530 0.0046411 0 156.625 0.0588235 0.5 0 0
15540 0.0045275 0 156.625 0.0588235 0.5 0 0
15550 0.0045275 0 156.625 0.0588235 0.5 0 0
15560 0.00445131 0 156.625 0.0588235 0.5 0 0
15570 0.00445131 0 156.625 0.054902 0.5 0 0
15580 0.00436353 0 156.625 0.054902 0.5 0 0
15590 0.00436353 0 156.625 0.054902 0.5 0 0
15600 0.00426991 0 156.625 0.054902 0.5 0 0
15610 0.00426991 0 156.625 0.054902 0.5 0 0
15620 0.00427301 0 156.625 0.054902 0.5 0 0
15630 0.00427301 0 156.625 0.054902 0.5 0 0
15640 0.00428227 0 156.625 0.0588235 0.5 0 0
15650 0.00428227 0 156.625 0.0627451 0.5 0 0
15660 0.00427538 0 156.625 0.0627451 0.5 0 0
15670 0.00427538 0 156.625 0.0627451 0.5 0 0
15680 0.00425375 0 156.625 0.0627451 0.5 0 0
15690 0.00425375 0 156.625 0.0627451 0.5 0 0
15700 0.00421434 0 156.625 0.0588235 0.5 0 0
15710 0.00421434 0 156.625 0.0588235 0.5 0 0
15720 0.00422078 0.25 156.875 0.0627451 0.5 0 0
15730 0.00422078 0.25 156.875 0.0627451 0.5 0 0
15740 0.00425628 0.25 157.125 0.0627451 0.5 0 0
15750 0.00425628 0.25 157.125 0.0666667 0.5 0 0
15760 0.00425414 0.25 157.375 0.0627451 0.5 0 0
15770 0.00425414 0.25 157.375 0.0666667 0.5 0 0
15780 0.00425077 0.25 157.625 0.0627451 0.5 0 0
15790 0.00425077 0.25 157.625 0.0627451 0.5 0 0
15800 0.00428611 0.25 157.875 0.0666667 0.5 0 0
15810 0.00428611 0.25 157.875 0.0627451 0.5 0 0
15820 0.00431595 0.25 158.125 0.0627451 0.5 0 0
15830 0.00431595 0.25 158.125 0.0627451 0.5 0 0
15840 0.00428998 0 158.125 0.0666667 0.5 0 0
15850 0.00428998 0 158.125 0.0666667 0.5 0 0
15860 0.00425877 0 158.125 0.0666667 0.5 0 0
15870 0.00425877 0 158.125 0.0666667 0.5 0 0
15880 0.00424328 0 158.125 0.0666667 0.5 0 0
15890 0.00424328 0 158.125 0.0705882 0.5 0 0
15900 0.0042202 0 158.125 0.0666667 0.5 0 0
15910 0.0042202 0 158.125 0.0666667 0.5 0 0
15920 0.00426984 0 158.125 0.0705882 0.5 0 0
15930 0.00426984 0 158.125 0.0666667 0.5 0 0
15940 0.00426737 0 158.125 0.0666667 0.5 0 0
15950 0.00426737 0 158.125 0.0627451 0.5 0 0
15960 0.00421674 0 158.125 0.054902 0.5 0 0
15970 0.00421674 0 158.125 0.0509804 0.5 0 0
15980 0.00430931 0 158.125 0.0509804 0.5 0 0
15990 0.00430931 0 158.125 0.0509804 0.5 0 0
16000 0.00434765 0.25 158.375 0.0509804 0.5 0 0
16010 0.00434765 0.25 158.375 0.0509804 0.5 0 0
16020 0.00459641 0.25 158.625 0.054902 0.5 0 0
16030 0.00459641 0.25 158.625 0.054902 0.5 0 0
16040 0.00458259 0.375 159 0.054902 0.5 0 0
16050 0.00458259 0.375 159 0.054902 0.5 0 0
16060 0.00441789 0.375 159.375 0.0509804 0.5 0 0
16070 0.00441789 0.375 159.375 0.0509804 0.5 0 0
16080 0.00417842 0.75 160.125 0.0470588 0.5 0 0
16090 0.00417842 0.75 160.125 0.0470588 0.5 0 0
16100 0.00395802 0.625 160.75 0.0470588 0.5 0 0
16110 0.00395802 0.625 160.75 0.0509804 0.5 0 0
16120 0.00394813 0.625 161.375 0.054902 0.5 0 0
16130 0.00394813 0.625 161.375 0.0588235 0.5 0 0
16140 0.00402909 0.625 162 0.054902 0.5 0 0
16150 0.00402909 0.625 162 0.0588235 0.5 0 0
16160 0.00407442 0.625 162.625 0.0588235 0.5 0 0
16170 0.00407442 0.625 162.625 0.054902 0.5 0 0
16180 0.00407993 0.75 163.375 0.0509804 0.5 0 0
16190 0.00407993 0.75 163.375 0.0509804 0.5 0 0
16200 0.00408446 0.875 164.25 0.0470588 0.5 0 0
16210 0.00408446 0.875 164.25 0.0509804 0.5 0 0
16220 0.00404932 0.5 164.75 0.0509804 0.5 0 0
16230 0.00404932 0.5 164.75 0.0470588 0.5 0 0
16240 0.00411449 0.5 165.25 0.0470588 0.5 0 0
16250 0.00411449 0.5 165.25 0.0509804 0.5 0 0
16260 0.00400751 0.5 165.75 0.0470588 0.5 0 0
16270 0.00400751 0.5 165.75 0.0470588 0.5 0 0
16280 0.00397371 0.5 166.25 0.0470588 0.5 0 0
16290 0.00397371 0.5 166.25 0.0470588 0.5 0 0
16300 0.00385174 0.5 166.75 0.0470588 0.5 0 0
16310 0.00385174 0.5 166.75 0.0470588 0.5 0 0
16320 0.00382536 0.375 167.125 0.0470588 0.5 0 0
16330 0.00382536 0.375 167.125 0.0509804 0.5 0 0
16340 0.00389526 0.25 167.375 0.054902 0.5 0 0
16350 0.00389526 0.25 167.375 0.0588235 0.5 0 0
16360 0.0039675 0.25 167.625 0.0588235 0.5 0 0
16370 0.0039675 0.25 167.625 0.0588235 0.5 0 0
16380 0.00396259 0.25 167.875 0.0588235 0.5 0 0
16390 0.00396259 0.25 167.875 0.0588235 0.5 0 0
16400 0.0039365 0.25 168.125 0.0627451 0.5 0 0
16410 0.0039365 0.25 168.125 0.0588235 0.5 0 0
16420 0.00393526 0.25 168.375 0.0627451 0.5 0 0
16430 0.00393526 0.25 168.375 0.0588235 0.5 0 0
16440 0.00393512 0 168.375 0.054902 0.5 0 0
16450 0.00393512 0 168.375 0.054902 0.5 0 0
16460 0.00399624 0.5 168.875 0.054902 0.5 0 0
16470 0.00399624 0.5 168.875 0.0509804 0.5 0 0
16480 0.00424356 0.625 169.5 0.0509804 0.5 0 0
16490 0.00424356 0.625 169.5 0.054902 0.5 0 0
16500 0.00435784 0.625 170.125 0.054902 0.5 0 0
16510 0.00435784 0.625 170.125 0.054902 0.5 0 0
16520 0.00446174 0.625 170.75 0.0588235 0.5 0 0
16530 0.00446174 0.625 170.75 0.0588235 0.5 0 0
16540 0.00462488 0.625 171.375 0.0588235 0.5 0 0
16550 0.00462488 0.625 171.375 0.0588235 0.5 0 0
16560 0.00473757 0.625 172 0.0588235 0.5 0 0
16570 0.00473757 0.625 172 0.0588235 0.5 0 0
16580 0.00479878 0.625 172.625 0.0588235 0.5 0 0
16590 0.00479878 0.625 172.625 0.0588235 0.5 0 0
16600 0.00479498 0.5 173.125 0.0588235 0.5 0 0
16610 0.00479498 0.5 173.125 0.0588235 0.5 0 0
16620 0.00483017 0.25 173.375 0.0588235 0.5 0 0
16630 0.00483017 0.25 173.375 0.054902 0.5 0 0
16640 0.0048756 0.375 173.75 0.0588235 0.5 0 0
16650 0.0048756 0.375 173.75 0.0588235 0.5 0 0
16660 0.00487613 0.25 174 0.0588235 0.5 0 0
16670 0.00487613 0.25 174 0.054902 0.5 0 0
16680 0.00483328 0.25 174.25 0.0588235 0.5 0 0
16690 0.00483328 0.25 174.25 0.0588235 0.5 0 0
16700 0.00482385 0.25 174.5 0.0588235 0.5 0 0
16710 0.00482385 0.25 174.5 0.054902 0.5 0 0
16720 0.00485931 0.25 174.75 0.0588235 0.5 0 0
16730 0.00485931 0.25 174.75 0.0588235 0.5 0 0
16740 0.00488014 0.25 175 0.0588235 0.5 0 0
16750 0.00488014 0.25 175 0.054902 0.5 0 0
16760 0.00487286 0 175 0.054902 0.5 0 0
16770 0.00487286 0 175 0.054902 0.5 0 0
16780 0.00481157 0 175 0.054902 0.5 0 0
16790 0.00481157 0 175 0.054902 0.5 0 0
16800 0.00488257 0 175 0.054902 0.5 0 0
16810 0.00488257 0 175 0.054902 0.5 0 0
16820 0.00482611 0 175 0.054902 0.5 0 0
16830 0.00482611 0 175 0.054902 0.5 0 0
16840 0.00465574 0 175 0.054902 0.5 0 0
16850 0.00465574 0 175 0.054902 0.5 0 0
16860 0.00452883 0 175 0.054902 0.5 0 0
16870 0.00452883 0 175 0.0509804 0.5 0 0
16880 0.00439751 0 175 0.0509804 0.5 0 0
16890 0.00439751 0 175 0.0509804 0.5 0 0
16900 0.00419925 0.25 175.25 0.054902 0.5 0 0
16910 0.00419925 0.25 175.25 0.0588235 0.5 0 0
16920 0.00417832 0.25 175.5 0.054902 0.5 0 0
16930 0.00417832 0.25 175.5 0.0588235 0.5 0 0
16940 0.00419189 0.25 175.75 0.0588235 0.5 0 0
16950 0.00419189 0.25 175.75 0.054902 0.5 0 0
16960 0.00411536 0.25 176 0.0509804 0.5 0 0
16970 0.00411536 0.25 176 0.0509804 0.5 0 0
16980 0.00412225 0.25 176.25 0.0509804 0.5 0 0
16990 0.00412225 0.25 176.25 0.0509804 0.5 0 0
17000 0.0040966 0.375 176.625 0.0470588 0.5 0 0
17010 0.0040966 0.375 176.625 0.0509804 0.5 0 0
17020 0.00411722 0.5 177.125 0.0509804 0.5 0 0
17030 0.00411722 0.5 177.125 0.0509804 0.5 0 0
17040 0.00426069 0.5 177.625 0.0509804 0.5 0 0
17050 0.00426069 0.5 177.625 0.0509804 0.5 0 0
17060 0.00438629 0.625 178.25 0.0509804 0.5 0 0
17070 0.00438629 0.625 178.25 0.0509804 0.5 0 0
17080 0.0044444 0.75 179 0.0509804 0.5 0 0
17090 0.0044444 0.75 179 0.0509804 0.5 0 0
17100 0.00453212 0.75 179.75 0.0509804 0.5 0 0
17110 0.00453212 0.75 179.75 0.0509804 0.5 0 0
17120 0.00456093 0.625 180.375 0.0509804 0.5 0 0
17130 0.00456093 0.625 180.375 0.0509804 0.5 0 0
17140 0.0045333 0.5 180.875 0.0509804 0.5 0 0
17150 0.0045333 0.5 180.875 0.0509804 0.5 0 0
17160 0.00450068 0.5 181.375 0.0509804 0.5 0 0
17170 0.00450068 0.5 181.375 0.0509804 0.5 0 0
17180 0.00431317 0 181.375 0.0509804 0.5 0 0
17190 0.00431317 0 181.375 0.0509804 0.5 0 0
17200 0.0042335 0 181.375 0.054902 0.5 0 0
17210 0.0042335 0 181.375 0.0588235 0.5 0 0
17220 0.00428773 0 181.375 0.0588235 0.5 0 0
17230 0.00428773 0 181.375 0.0588235 0.5 0 0
17240 0.00429515 0 181.375 0.0588235 0.5 0 0
17250 0.00429515 0 181.375 0.054902 0.5 0 0
17260 0.00422548 0 181.375 0.0509804 0.5 0 0
17270 0.00422548 0 181.375 0.0470588 0.5 0 0
17280 0.00426323 0.25 181.625 0.0509804 0.5 0 0
17290 0.00426323 0.25 181.625 0.0509804 0.5 0 0
17300 0.00438997 0.25 181.875 0.0470588 0.5 0 0
17310 0.00438997 0.25 181.875 0.0509804 0.5 0 0
17320 0.00442301 0.25 182.125 0.0509804 0.5 0 0
17330 0.00442301 0.25 182.125 0.0509804 0.5 0 0
17340 0.00441973 0.25 182.375 0.054902 0.5 0 0
17350 0.00441973 0.25 182.375 0.054902 0.5 0 0
17360 0.00431452 0.25 182.625 0.054902 0.5 0 0
17370 0.00431452 0.25 182.625 0.054902 0.5 0 0
17380 0.00432979 0.25 182.875 0.054902 0.5 0 0
17390 0.00432979 0.25 182.875 0.0509804 0.5 0 0
17400 0.00441808 0.25 183.125 0.0509804 0.5 0 0
17410 0.00441808 0.25 183.125 0.0509804 0.5 0 0
17420 0.0043901 0.5 183.625 0.0509804 0.5 0 0
17430 0.0043901 0.5 183.625 0.0509804 0.5 0 0
17440 0.00429475 0.5 184.125 0.0509804 0.5 0 0
17450 0.00429475 0.5 184.125 0.0470588 0.5 0 0
17460 0.00425165 0.625 184.75 0.0470588 0.5 0 0
17470 0.00425165 0.625 184.75 0.0509804 0.5 0 0
17480 0.00431561 0.625 185.375 0.0509804 0.5 0 0
17490 0.00431561 0.625 185.375 0.054902 0.5 0 0
17500 0.00439074 0.625 186 0.0509804 0.5 0 0
17510 0.00439074 0.625 186 0.0509804 0.5 0 0
17520 0.00446849 0.625 186.625 0.0509804 0.5 0 0
17530 0.00446849 0.625 186.625 0.0509804 0.5 0 0
17540 0.00444924 0.625 187.25 0.0509804 0.5 0 0
17550 0.00444924 0.625 187.25 0.0509804 0.5 0 0
17560 0.0044479 0.75 188 0.0509804 0.5 0 0
17570 0.0044479 0.75 188 0.0509804 0.5 0 0
17580 0.00450404 0.75 188.75 0.0509804 0.5 0 0
17590 0.00450404 0.75 188.75 0.0509804 0.5 0 0
17600 0.00447604 0.625 189.375 0.0509804 0.5 0 0
17610 0.00447604 0.625 189.375 0.0509804 0.5 0 0
17620 0.00448603 0.625 190 0.0509804 0.5 0 0
17630 0.00448603 0.625 190 0.0509804 0.5 0 0
17640 0.00449794 0.625 190.625 0.0509804 0.5 0 0
17650 0.00449794 0.625 190.625 0.0509804 0.5 0 0
17660 0.00452881 0.625 191.25 0.0509804 0.5 0 0
17670 0.00452881 0.625 191.25 0.0509804 0.5 0 0
17680 0.00455973 0.625 191.875 0.054902 0.5 0 0
17690 0.00455973 0.625 191.875 0.0588235 0.5 0 0
17700 0.00457024 0.625 192.5 0.054902 0.5 0 0
17710 0.00457024 0.625 192.5 0.0509804 0.5 0 0
17720 0.00452878 0.5 193 0.0509804 0.5 0 0
17730 0.00452878 0.5 193 0.0509804 0.5 0 0
17740 0.00453959 0.625 193.625 0.0509804 0.5 0 0
17750 0.00453959 0.625 193.625 0.0509804 0.5 0 0
17760 0.00449245 0.625 194.25 0.0509804 0.5 0 0
17770 0.00449245 0.625 194.25 0.0509804 0.5 0 0
17780 0.00448164 0.375 194.625 0.0509804 0.5 0 0
17790 0.00448164 0.375 194.625 0.0509804 0.5 0 0
17800 0.00433365 0.375 195 0.0509804 0.5 0 0
17810 0.00433365 0.375 195 0.0509804 0.5 0 0
17820 0.00427223 0.375 195.375 0.0509804 0.5 0 0
17830 0.00427223 0.375 195.375 0.0509804 0.5 0 0
17840 0.00430631 0.375 195.75 0.0509804 0.5 0 0
17850 0.00430631 0.375 195.75 0.0509804 0.5 0 0
17860 0.00435709 0.375 196.125 0.0509804 0.5 0 0
17870 0.00435709 0.375 196.125 0.0509804 0.5 0 0
17880 0.00436656 0.375 196.5 0.0509804 0.5 0 0
17890 0.00436656 0.375 196.5 0.0509804 0.5 0 0
17900 0.00431395 0.25 196.75 0.0509804 0.5 0 0
17910 0.00431395 0.25 196.75 0.0509804 0.5 0 0
17920 0.00428188 0.25 197 0.0509804 0.5 0 0
17930 0.00428188 0.25 197 0.0509804 0.5 0 0
17940 0.00424319 0.25 197.25 0.0509804 0.5 0 0
17950 0.00424319 0.25 197.25 0.0509804 0.5 0 0
17960 0.00418954 0.25 197.5 0.0470588 0.5 0 0
17970 0.00418954 0.25 197.5 0.0509804 0.5 0 0
17980 0.00417091 0.25 197.75 0.0509804 0.5 0 0
17990 0.00417091 0.25 197.75 0.0470588 0.5 0 0
18000 0.00417897 0.5 198.25 0.0470588 0.5 0 0
18010 0.00417897 0.5 198.25 0.0470588 0.5 0 0
18020 0.00428655 0.5 198.75 0.0509804 0.5 0 0
18030 0.00428655 0.5 198.75 0.0509804 0.5 0 0
18040 0.00431027 0.5 199.25 0.0509804 0.5 0 0
18050 0.00431027 0.5 199.25 0.0509804 0.5 0 0
18060 0.0043013 0.5 199.75 0.0509804 0.5 0 0
18070 0.0043013 0.5 199.75 0.0509804 0.5 0 0
18080 0.00418961 0.5 200.25 0.0509804 0.5 0 0
18090 0.00418961 0.5 200.25 0.0509804 0.5 0 0
18100 0.00413066 0.5 200.75 0.0509804 0.5 0 0
18110 0.00413066 0.5 200.75 0.0509804 0.5 0 0
18120 0.00410346 0.375 201.125 0.0509804 0.5 0 0
18130 0.00410346 0.375 201.125 0.0509804 0.5 0 0
18140 0.00408865 0.375 201.5 0.0509804 0.5 0 0
18150 0.00408865 0.375 201.5 0.0509804 0.5 0 0
18160 0.00409925 0.375 201.875 0.0509804 0.5 0 0
18170 0.00409925 0.375 201.875 0.0470588 0.5 0 0
18180 0.0041282 0.625 202.5 0.0470588 0.5 0 0
18190 0.0041282 0.625 202.5 0.0470588 0.5 0 0
18200 0.00418581 0.75 203.25 0.0509804 0.5 0 0
18210 0.00418581 0.75 203.25 0.0509804 0.5 0 0
18220 0.00419644 0.75 204 0.0509804 0.5 0 0
18230 0.00419644 0.75 204 0.0509804 0.5 0 0
18240 0.00414804 0.75 204.75 0.0509804 0.5 0 0
18250 0.00414804 0.75 204.75 0.0509804 0.5 0 0
18260 0.00411832 0.75 205.5 0.0509804 0.5 0 0
18270 0.00411832 0.75 205.5 0.0509804 0.5 0 0
18280 0.00409096 0.75 206.25 0.054902 0.5 0 0
18290 0.00409096 0.75 206.25 0.0509804 0.5 0 0
18300 0.00409947 0.625 206.875 0.0509804 0.5 0 0
18310 0.00409947 0.625 206.875 0.0509804 0.5 0 0
18320 0.00410954 0.625 207.5 0.054902 0.5 0 0
18330 0.00410954 0.625 207.5 0.054902 0.5 0 0
18340 0.00412899 0.625 208.125 0.0509804 0.5 0 0
18350 0.00412899 0.625 208.125 0.054902 0.5 0 0
18360 0.00412917 0.625 208.75 0.054902 0.5 0 0
18370 0.00412917 0.625 208.75 0.054902 0.5 0 0
18380 0.00412375 0.625 209.375 0.0509804 0.5 0 0
18390 0.00412375 0.625 209.375 0.0509804 0.5 0 0
18400 0.00410993 0.625 210 0.0509804 0.5 0 0
18410 0.00410993 0.625 210 0.0470588 0.5 0 0
18420 0.00410076 0.75 210.75 0.0509804 0.5 0 0
18430 0.00410076 0.75 210.75 0.0470588 0.5 0 0
18440 0.00415573 0.625 211.375 0.0470588 0.5 0 0
18450 0.00415573 0.625 211.375 0.0509804 0.5 0 0
18460 0.00435847 0.625 212 0.054902 0.5 0 0
18470 0.00435847 0.625 212 0.054902 0.5 0 0
18480 0.00442472 0.625 212.625 0.054902 0.5 0 0
18490 0.00442472 0.625 212.625 0.054902 0.5 0 0
18500 0.00445355 0.625 213.25 0.054902 0.5 0 0
18510 0.00445355 0.625 213.25 0.0509804 0.5 0 0
18520 0.00435048 0.625 213.875 0.0509804 0.5 0 0
18530 0.00435048 0.625 213.875 0.0509804 0.5 0 0
18540 0.0043302 0.625 214.5 0.0509804 0.5 0 0
18550 0.0043302 0.625 214.5 0.0509804 0.5 0 0
18560 0.00435844 0.25 214.75 0.0509804 0.5 0 0
18570 0.00435844 0.25 214.75 0.0470588 0.5 0 0
18580 0.00430958 0.5 215.25 0.0470588 0.5 0 0
18590 0.00430958 0.5 215.25 0.0470588 0.5 0 0
18600 0.0043487 0.5 215.75 0.0509804 0.5 0 0
18610 0.0043487 0.5 215.75 0.0470588 0.5 0 0
18620 0.00437173 0.5 216.25 0.0470588 0.5 0 0
18630 0.00437173 0.5 216.25 0.0470588 0.5 0 0
18640 0.00440691 0.5 216.75 0.0470588 0.5 0 0
18650 0.00440691 0.5 216.75 0.0470588 0.5 0 0
18660 0.00439751 0.625 217.375 0.0470588 0.5 0 0
18670 0.00439751 0.625 217.375 0.0470588 0.5 0 0
18680 0.0043815 0.75 218.125 0.0509804 0.5 0 0
18690 0.0043815 0.75 218.125 0.0509804 0.5 0 0
18700 0.00438067 0.625 218.75 0.0509804 0.5 0 0
18710 0.00438067 0.625 218.75 0.0509804 0.5 0 0
18720 0.00447321 0.625 219.375 0.0509804 0.5 0 0
18730 0.00447321 0.625 219.375 0.0509804 0.5 0 0
18740 0.00452345 0.75 220.125 0.0509804 0.5 0 0
18750 0.00452345 0.75 220.125 0.0509804 0.5 0 0
18760 0.00449674 0.625 220.75 0.0509804 0.5 0 0
18770 0.00449674 0.625 220.75 0.0509804 0.5 0 0
18780 0.0044204 0.75 221.5 0.0509804 0.5 0 0
18790 0.0044204 0.75 221.5 0.0509804 0.5 0 0
18800 0.0044297 0.75 222.25 0.054902 0.5 0 0
18810 0.0044297 0.75 222.25 0.054902 0.5 0 0
18820 0.00442129 0.625 222.875 0.054902 0.5 0 0
18830 0.00442129 0.625 222.875 0.054902 0.5 0 0
18840 0.00443409 0.625 223.5 0.054902 0.5 0 0
18850 0.00443409 0.625 223.5 0.0509804 0.5 0 0
18860 0.00441528 0.5 224 0.0509804 0.5 0 0
18870 0.00441528 0.5 224 0.0509804 0.5 0 0
18880 0.00439917 0.25 224.25 0.0509804 0.5 0 0
18890 0.00439917 0.25 224.25 0.0509804 0.5 0 0
18900 0.00436489 0 224.25 0.0509804 0.5 0 0
18910 0.00436489 0 224.25 0.0509804 0.5 0 0
18920 0.00433261 0 224.25 0.0509804 0.5 0 0
18930 0.00433261 0 224.25 0.0509804 0.5 0 0
18940 0.00430456 0 224.25 0.0509804 0.5 0 0
18950 0.00430456 0 224.25 0.0509804 0.5 0 0
18960 0.00431062 0 224.25 0.0509804 0.5 0 0
18970 0.00431062 0 224.25 0.0509804 0.5 0 0
18980 0.00412424 0 224.25 0.0509804 0.5 0 0
18990 0.00412424 0 224.25 0.0470588 0.5 0 0
19000 0.00416329 0 224.25 0.0509804 0.5 0 0
19010 0.00416329 0 224.25 0.054902 0.5 0 0
19020 0.00418229 0 224.25 0.0588235 0.5 0 0
19030 0.00418229 0 224.25 0.0588235 0.5 0 0
19040 0.00424557 0 224.25 0.0588235 0.5 0 0
19050 0.00424557 0 224.25 0.0627451 0.5 0 0
19060 0.00430471 0 224.25 0.0627451 0.5 0 0
19070 0.00430471 0 224.25 0.0627451 0.5 0 0
19080 0.00434318 0 224.25 0.0666667 0.5 0 0
19090 0.00434318 0 224.25 0.0705882 0.5 0 0
19100 0.00433331 0 224.25 0.0705882 0.5 0 0
19110 0.00433331 0 224.25 0.0705882 0.5 0 0
19120 0.00429237 0 224.25 0.0705882 0.5 0 0
19130 0.00429237 0 224.25 0.0666667 0.5 0 0
19140 0.00421129 0 224.25 0.0588235 0.5 0 0
19150 0.00421129 0 224.25 0.0470588 0.5 0 0
19160 0.00432845 0 224.25 0.0470588 0.5 0 0
19170 0.00432845 0 224.25 0.0470588 0.5 0 0
19180 0.00441968 0 224.25 0.0509804 0.5 0 0
19190 0.00441968 0 224.25 0.054902 0.5 0 0
19200 0.00444549 0.25 224.5 0.054902 0.5 0 0
19210 0.00444549 0.25 224.5 0.0588235 0.5 0 0
19220 0.00447969 0.25 224.75 0.0627451 0.5 0 0
19230 0.00447969 0.25 224.75 0.0627451 0.5 0 0
19240 0.00457102 0.25 225 0.0627451 0.5 0 0
19250 0.00457102 0.25 225 0.0627451 0.5 0 0
19260 0.00462902 0.25 225.25 0.0627451 0.5 0 0
19270 0.00462902 0.25 225.25 0.0588235 0.5 0 0
19280 0.00463704 0.375 225.625 0.0588235 0.5 0 0
19290 0.00463704 0.375 225.625 0.054902 0.5 0 0
19300 0.00465966 0.5 226.125 0.054902 0.5 0 0
19310 0.00465966 0.5 226.125 0.054902 0.5 0 0
19320 0.00465836 0.5 226.625 0.054902 0.5 0 0
19330 0.00465836 0.5 226.625 0.054902 0.5 0 0
19340 0.00465694 0.5 227.125 0.054902 0.5 0 0
19350 0.00465694 0.5 227.125 0.0509804 0.5 0 0
19360 0.00470711 0.5 227.625 0.0509804 0.5 0 0
19370 0.00470711 0.5 227.625 0.054902 0.5 0 0
19380 0.00483828 0.75 228.375 0.054902 0.5 0 0
19390 0.00483828 0.75 228.375 0.054902 0.5 0 0
19400 0.00481982 0.75 229.125 0.054902 0.5 0 0
19410 0.00481982 0.75 229.125 0.054902 0.5 0 0
19420 0.00479932 0.75 229.875 0.054902 0.5 0 0
19430 0.00479932 0.75 229.875 0.0509804 0.5 0 0
19440 0.0047873 0.75 230.625 0.0509804 0.5 0 0
19450 0.0047873 0.75 230.625 0.054902 0.5 0 0
19460 0.00478113 0.75 231.375 0.0509804 0.5 0 0
19470 0.00478113 0.75 231.375 0.054902 0.5 0 0
19480 0.00477339 0.625 232 0.0509804 0.5 0 0
19490 0.00477339 0.625 232 0.0509804 0.5 0 0
19500 0.00466888 0.625 232.625 0.0509804 0.5 0 0
19510 0.00466888 0.625 232.625 0.0509804 0.5 0 0
19520 0.00464401 0.625 233.25 0.0509804 0.5 0 0
19530 0.00464401 0.625 233.25 0.0509804 0.5 0 0
19540 0.00457674 0.75 234 0.0509804 0.5 0 0
19550 0.00457674 0.75 234 0.0509804 0.5 0 0
19560 0.00445336 0.875 234.875 0.0509804 0.5 0 0
19570 0.00445336 0.875 234.875 0.0509804 0.5 0 0
19580 0.0043633 0.875 235.75 0.0509804 0.5 0 0
19590 0.0043633 0.875 235.75 0.0509804 0.5 0 0
19600 0.00430901 0.875 236.625 0.0509804 0.5 0 0
19610 0.00430901 0.875 236.625 0.0509804 0.5 0 0
19620 0.00429408 0.875 237.5 0.0509804 0.5 0 0
19630 0.00429408 0.875 237.5 0.0509804 0.5 0 0
19640 0.00424515 0.75 238.25 0.0509804 0.5 0 0
19650 0.00424515 0.75 238.25 0.0509804 0.5 0 0
19660 0.00421059 0.625 238.875 0.0509804 0.5 0 0
19670 0.00421059 0.625 238.875 0.0509804 0.5 0 0
19680 0.00422667 0.5 239.375 0.0509804 0.5 0 0
19690 0.00422667 0.5 239.375 0.0509804 0.5 0 0
19700 0.00415655 0.625 240 0.0470588 0.5 0 0
19710 0.00415655 0.625 240 0.0470588 0.5 0 0
19720 0.0041066 0.875 240.875 0.0470588 0.5 0 0
19730 0.0041066 0.875 240.875 0.0470588 0.5 0 0
19740 0.00406198 0.875 241.75 0.0509804 0.5 0 0
19750 0.00406198 0.875 241.75 0.0509804 0.5 0 0
19760 0.0040497 0.875 242.625 0.0509804 0.5 0 0
19770 0.0040497 0.875 242.625 0.0509804 0.5 0 0
19780 0.00407141 0.875 243.5 0.0509804 0.5 0 0
19790 0.00407141 0.875 243.5 0.0509804 0.5 0 0
19800 0.0041108 0.875 244.375 0.0509804 0.5 0 0
19810 0.0041108 0.875 244.375 0.0509804 0.5 0 0
19820 0.00409931 0.875 245.25 0.0509804 0.5 0 0
19830 0.00409931 0.875 245.25 0.0509804 0.5 0 0
19840 0.00408175 0.75 246 0.0509804 0.5 0 0
19850 0.00408175 0.75 246 0.0509804 0.5 0 0
19860 0.0040385 0.75 246.75 0.0509804 0.5 0 0
19870 0.0040385 0.75 246.75 0.0509804 0.5 0 0
19880 0.00395393 0.625 247.375 0.0509804 0.5 0 0
19890 0.00395393 0.625 247.375 0.0509804 0.5 0 0
19900 0.0038931 0.75 248.125 0.054902 0.5 0 0
19910 0.0038931 0.75 248.125 0.054902 0.5 0 0
19920 0.00382109 0.75 248.875 0.054902 0.5 0 0
19930 0.00382109 0.75 248.875 0.0509804 0.5 0 0
19940 0.00373528 0.75 249.625 0.0509804 0.5 0 0
19950 0.00373528 0.75 249.625 0.0509804 0.5 0 0
19960 0.00369878 0.625 250.25 0.0509804 0.5 0 0
19970 0.00369878 0.625 250.25 0.0509804 0.5 0 0
19980 0.00368139 0.375 250.625 0.0509804 0.5 0 0
19990 0.00368139 0.375 250.625 0.0509804 0.5 0 0
20000 0.0037395 0.5 251.125 0.0509804 0.5 0 0
20010 0.0037395 0.5 251.125 0.0509804 0.5 0 0
