0 0.059578 0 0 0.5 0.5 0 0
10 0.059578 0 0 0.658824 0.5 0 0
20 0.0585735 0 0 0.764706 0.5 0 0
30 0.0585735 0 0 0.635294 0.5 0 0
40 0.0586219 0 0 0.658824 0.5 0 0
50 0.0586219 0 0 0.709804 0.5 0 0
60 0.0586233 0.25 0.25 0.678431 0.5 0 0
70 0.0586233 0.25 0.25 0.709804 0.5 0 0
80 0.0586233 0.25 0.5 0.74902 0.5 0 0
90 0.0586233 0.25 0.5 0.643137 0.5 0 0
100 0.0586194 0.25 0.75 0.74902 0.5 0 0
110 0.0586194 0.25 0.75 0.764706 0.5 0 0
120 0.0589159 0.25 1 0.721569 0.5 0 0
130 0.0589159 0.25 1 0.709804 0.5 0 0
140 0.0588906 0.25 1.25 0.698039 0.5 0 0
150 0.0588906 0.25 1.25 0.737255 0.5 0 0
160 0.0583513 0.25 1.5 0.764706 0.5 0 0
170 0.0583513 0.25 1.5 0.690196 0.5 0 0
180 0.0579194 0.25 1.75 0.67451 0.5 0 0
190 0.0579194 0.25 1.75 0.694118 0.5 0 0
200 0.0577453 0.25 2 0.686275 0.5 0 0
210 0.0577453 0.25 2 0.690196 0.5 0 0
220 0.0575164 0.25 2.25 0.694118 0.5 0 0
230 0.0575164 0.25 2.25 0.65098 0.5 0 0
240 0.0573762 0.375 2.625 0.670588 0.5 0 0
250 0.0573762 0.375 2.625 0.670588 0.5 0 0
260 0.057352 0.375 3 0.678431 0.5 0 0
270 0.057352 0.375 3 0.690196 0.5 0 0
280 0.057563 0.375 3.375 0.619608 0.5 0 0
290 0.057563 0.375 3.375 0.764706 0.5 0 0
300 0.0575026 0.375 3.75 0.635294 0.5 0 0
310 0.0575026 0.375 3.75 0.596078 0.5 0 0
320 0.0574112 0.375 4.125 0.580392 0.5 0 0
330 0.0574112 0.375 4.125 0.603922 0.5 0 0
340 0.0572897 0.25 4.375 0.619608 0.5 0 0
350 0.0572897 0.25 4.375 0.764706 0.5 0 0
360 0.0571956 0.25 4.625 0.690196 0.5 0 0
370 0.0571956 0.25 4.625 0.764706 0.5 0 0
380 0.0571956 0.25 4.875 0.619608 0.5 0 0
390 0.0571956 0.25 4.875 0.74902 0.5 0 0
400 0.0569132 0.25 5.125 0.67451 0.5 0 0
410 0.0569132 0.25 5.125 0.74902 0.5 0 0
420 0.0566316 0.25 5.375 0.619608 0.5 0 0
430 0.0566316 0.25 5.375 0.643137 0.5 0 0
440 0.0564971 0.25 5.625 0.658824 0.5 0 0
450 0.0564971 0.25 5.625 0.596078 0.5 0 0
460 0.0564879 0.25 5.875 0.67451 0.5 0 0
470 0.0564879 0.25 5.875 0.619608 0.5 0 0
480 0.0564879 0.25 6.125 0.764706 0.5 0 0
490 0.0564879 0.25 6.125 0.74902 0.5 0 0
500 0.0564879 0.25 6.375 0.67451 0.5 0 0
510 0.0564879 0.25 6.375 0.560784 0.5 0 0
520 0.0564879 0.25 6.625 0.690196 0.5 0 0
530 0.0564879 0.25 6.625 0.74902 0.5 0 0
540 0.0564574 0.25 6.875 0.643137 0.5 0 0
550 0.0564574 0.25 6.875 0.690196 0.5 0 0
560 0.0564551 0.25 7.125 0.764706 0.5 0 0
570 0.0564551 0.25 7.125 0.658824 0.5 0 0
580 0.0564551 0.25 7.375 0.764706 0.5 0 0
590 0.0564551 0.25 7.375 0.603922 0.5 0 0
600 0.0564551 0.375 7.75 0.690196 0.5 0 0
610 0.0564551 0.375 7.75 0.690196 0.5 0 0
620 0.0564551 0.375 8.125 0.658824 0.5 0 0
630 0.0564551 0.375 8.125 0.74902 0.5 0 0
640 0.0564404 0.375 8.5 0.745098 0.5 0 0
650 0.0564404 0.375 8.5 0.67451 0.5 0 0
660 0.0564404 0.375 8.875 0.619608 0.5 0 0
670 0.0564404 0.375 8.875 0.643137 0.5 0 0
680 0.0564404 0.375 9.25 0.690196 0.5 0 0
690 0.0564404 0.375 9.25 0.635294 0.5 0 0
700 0.0564404 0.375 9.625 0.619608 0.5 0 0
710 0.0564404 0.375 9.625 0.643137 0.5 0 0
720 0.0564404 0.25 9.875 0.658824 0.5 0 0
730 0.0564404 0.25 9.875 0.764706 0.5 0 0
740 0.0564404 0.375 10.25 0.764706 0.5 0 0
750 0.0564404 0.375 10.25 0.694118 0.5 0 0
760 0.0564404 0.625 10.875 0.764706 0.5 0 0
770 0.0564404 0.625 10.875 0.690196 0.5 0 0
780 0.0564404 0.625 11.5 0.572549 0.5 0 0
790 0.0564404 0.625 11.5 0.635294 0.5 0 0
800 0.0564404 0.625 12.125 0.67451 0.5 0 0
810 0.0564404 0.625 12.125 0.690196 0.5 0 0
820 0.0564205 0.5 12.625 0.643137 0.5 0 0
830 0.0564205 0.5 12.625 0.658824 0.5 0 0
840 0.0564204 0.375 13 0.658824 0.5 0 0
850 0.0564204 0.375 13 0.764706 0.5 0 0
860 0.0566186 0.5 13.5 0.694118 0.5 0 0
870 0.0566186 0.5 13.5 0.658824 0.5 0 0
880 0.0570094 0.5 14 0.603922 0.5 0 0
890 0.0570094 0.5 14 0.588235 0.5 0 0
900 0.0573158 0.375 14.375 0.560784 0.5 0 0
910 0.0573158 0.375 14.375 0.537255 0.5 0 0
920 0.0576835 0.375 14.75 0.52549 0.5 0 0
930 0.0576835 0.375 14.75 0.52549 0.5 0 0
940 0.0581929 0.375 15.125 0.521569 0.5 0 0
950 0.0581929 0.375 15.125 0.52549 0.5 0 0
960 0.0584634 0.25 15.375 0.52549 0.5 0 0
970 0.0584634 0.25 15.375 0.521569 0.5 0 0
980 0.0584657 0.25 15.625 0.521569 0.5 0 0
990 0.0584657 0.25 15.625 0.517647 0.5 0 0
1000 0.0584657 0.25 15.875 0.517647 0.5 0 0
1010 0.0584657 0.25 15.875 0.521569 0.5 0 0
1020 0.0584657 0.25 16.125 0.52549 0.5 0 0
1030 0.0584657 0.25 16.125 0.521569 0.5 0 0
1040 0.0585829 0 16.125 0.517647 0.5 0 0
1050 0.0585829 0 16.125 0.513725 0.5 0 0
1060 0.0589254 0.375 16.5 0.513725 0.5 0 0
1070 0.0589254 0.375 16.5 0.509804 0.5 0 0
1080 0.059071 0.5 17 0.513725 0.5 0 0
1090 0.059071 0.5 17 0.517647 0.5 0 0
1100 0.0590998 0.5 17.5 0.501961 0.5 0 0
1110 0.0590998 0.5 17.5 0.494118 0.5 0 0
1120 0.0591955 0.5 18 0.486275 0.5 0 0
1130 0.0591955 0.5 18 0.482353 0.5 0 0
1140 0.0584425 0.5 18.5 0.482353 0.5 0 0
1150 0.0584425 0.5 18.5 0.482353 0.5 0 0
1160 0.0583182 0.5 19 0.47451 0.5 0 0
1170 0.0583182 0.5 19 0.470588 0.5 0 0
1180 0.0589455 0.5 19.5 0.470588 0.5 0 0
1190 0.0589455 0.5 19.5 0.470588 0.5 0 0
1200 0.059569 0.5 20 0.47451 0.5 0 0
1210 0.059569 0.5 20 0.47451 0.5 0 0
1220 0.0598692 0.5 20.5 0.470588 0.5 0 0
1230 0.0598692 0.5 20.5 0.466667 0.5 0 0
1240 0.0606592 0.5 21 0.462745 0.5 0 0
1250 0.0606592 0.5 21 0.458824 0.5 0 0
1260 0.0614831 0.5 21.5 0.458824 0.5 0 0
1270 0.0614831 0.5 21.5 0.458824 0.5 0 0
1280 0.0623444 0.5 22 0.454902 0.5 0 0
1290 0.0623444 0.5 22 0.447059 0.5 0 0
1300 0.0627348 0.375 22.375 0.443137 0.5 0 0
1310 0.0627348 0.375 22.375 0.447059 0.5 0 0
1320 0.0627352 0.375 22.75 0.447059 0.5 0 0
1330 0.0627352 0.375 22.75 0.443137 0.5 0 0
1340 0.0629784 0.375 23.125 0.435294 0.5 0 0
1350 0.0629784 0.375 23.125 0.435294 0.5 0 0
1360 0.0628171 0.375 23.5 0.427451 0.5 0 0
1370 0.0628171 0.375 23.5 0.427451 0.5 0 0
1380 0.0629113 0.625 24.125 0.431373 0.5 0 0
1390 0.0629113 0.625 24.125 0.431373 0.5 0 0
1400 0.0632209 0.625 24.75 0.435294 0.5 0 0
1410 0.0632209 0.625 24.75 0.431373 0.5 0 0
1420 0.0632159 0.625 25.375 0.431373 0.5 0 0
1430 0.0632159 0.625 25.375 0.435294 0.5 0 0
1440 0.0632719 0.625 26 0.431373 0.5 0 0
1450 0.0632719 0.625 26 0.427451 0.5 0 0
1460 0.0633186 0.625 26.625 0.419608 0.5 0 0
1470 0.0633186 0.625 26.625 0.419608 0.5 0 0
1480 0.0627806 0.75 27.375 0.415686 0.5 0 0
1490 0.0627806 0.75 27.375 0.419608 0.5 0 0
1500 0.0627239 0.75 28.125 0.419608 0.5 0 0
1510 0.0627239 0.75 28.125 0.419608 0.5 0 0
1520 0.06255 0.75 28.875 0.419608 0.5 0 0
1530 0.06255 0.75 28.875 0.419608 0.5 0 0
1540 0.0623819 0.75 29.625 0.415686 0.5 0 0
1550 0.0623819 0.75 29.625 0.419608 0.5 0 0
1560 0.0623759 0.875 30.5 0.419608 0.5 0 0
1570 0.0623759 0.875 30.5 0.419608 0.5 0 0
1580 0.0622719 0.75 31.25 0.419608 0.5 0 0
1590 0.0622719 0.75 31.25 0.415686 0.5 0 0
1600 0.0622553 0.75 32 0.419608 0.5 0 0
1610 0.0622553 0.75 32 0.415686 0.5 0 0
1620 0.0622552 0.75 32.75 0.415686 0.5 0 0
1630 0.0622552 0.75 32.75 0.419608 0.5 0 0
1640 0.0621876 0.75 33.5 0.415686 0.5 0 0
1650 0.0621876 0.75 33.5 0.419608 0.5 0 0
1660 0.0621084 0.75 34.25 0.419608 0.5 0 0
1670 0.0621084 0.75 34.25 0.419608 0.5 0 0
1680 0.0620306 0.625 34.875 0.419608 0.5 0 0
1690 0.0620306 0.625 34.875 0.419608 0.5 0 0
1700 0.0619605 0.625 35.5 0.419608 0.5 0 0
1710 0.0619605 0.625 35.5 0.419608 0.5 0 0
1720 0.0619092 0.625 36.125 0.419608 0.5 0 0
1730 0.0619092 0.625 36.125 0.419608 0.5 0 0
1740 0.0618722 0.625 36.75 0.419608 0.5 0 0
1750 0.0618722 0.625 36.75 0.419608 0.5 0 0
1760 0.0618611 0.625 37.375 0.419608 0.5 0 0
1770 0.0618611 0.625 37.375 0.419608 0.5 0 0
1780 0.0618541 0.625 38 0.419608 0.5 0 0
1790 0.0618541 0.625 38 0.419608 0.5 0 0
1800 0.0618445 0.625 38.625 0.419608 0.5 0 0
1810 0.0618445 0.625 38.625 0.419608 0.5 0 0
1820 0.0618389 0.625 39.25 0.419608 0.5 0 0
1830 0.0618389 0.625 39.25 0.419608 0.5 0 0
1840 0.0618389 0.625 39.875 0.419608 0.5 0 0
1850 0.0618389 0.625 39.875 0.419608 0.5 0 0
1860 0.0618341 0.625 40.5 0.419608 0.5 0 0
1870 0.0618341 0.625 40.5 0.419608 0.5 0 0
1880 0.0618187 0.625 41.125 0.419608 0.5 0 0
1890 0.0618187 0.625 41.125 0.419608 0.5 0 0
1900 0.0618187 0.625 41.75 0.419608 0.5 0 0
1910 0.0618187 0.625 41.75 0.419608 0.5 0 0
1920 0.0618154 0.625 42.375 0.419608 0.5 0 0
1930 0.0618154 0.625 42.375 0.419608 0.5 0 0
1940 0.0618117 0.5 42.875 0.419608 0.5 0 0
1950 0.0618117 0.5 42.875 0.419608 0.5 0 0
1960 0.0617874 0.5 43.375 0.419608 0.5 0 0
1970 0.0617874 0.5 43.375 0.419608 0.5 0 0
1980 0.0617594 0.5 43.875 0.419608 0.5 0 0
1990 0.0617594 0.5 43.875 0.415686 0.5 0 0
2000 0.0617571 0.5 44.375 0.415686 0.5 0 0
2010 0.0617571 0.5 44.375 0.419608 0.5 0 0
2020 0.0617552 0.5 44.875 0.419608 0.5 0 0
2030 0.0617552 0.5 44.875 0.415686 0.5 0 0
2040 0.0617454 0.5 45.375 0.419608 0.5 0 0
2050 0.0617454 0.5 45.375 0.419608 0.5 0 0
2060 0.0617451 0.5 45.875 0.415686 0.5 0 0
2070 0.0617451 0.5 45.875 0.419608 0.5 0 0
2080 0.0617386 0.5 46.375 0.419608 0.5 0 0
2090 0.0617386 0.5 46.375 0.419608 0.5 0 0
2100 0.0617324 0.5 46.875 0.419608 0.5 0 0
2110 0.0617324 0.5 46.875 0.419608 0.5 0 0
2120 0.0617324 0.5 47.375 0.419608 0.5 0 0
2130 0.0617324 0.5 47.375 0.419608 0.5 0 0
2140 0.0617265 0.5 47.875 0.419608 0.5 0 0
2150 0.0617265 0.5 47.875 0.419608 0.5 0 0
2160 0.0617162 0.5 48.375 0.415686 0.5 0 0
2170 0.0617162 0.5 48.375 0.415686 0.5 0 0
2180 0.0617159 0.5 48.875 0.419608 0.5 0 0
2190 0.0617159 0.5 48.875 0.419608 0.5 0 0
2200 0.0617105 0.5 49.375 0.419608 0.5 0 0
2210 0.0617105 0.5 49.375 0.419608 0.5 0 0
2220 0.0617062 0.5 49.875 0.419608 0.5 0 0
2230 0.0617062 0.5 49.875 0.419608 0.5 0 0
2240 0.061706 0.5 50.375 0.419608 0.5 0 0
2250 0.061706 0.5 50.375 0.419608 0.5 0 0
2260 0.0617017 0.5 50.875 0.419608 0.5 0 0
2270 0.0617017 0.5 50.875 0.419608 0.5 0 0
2280 0.0617017 0.5 51.375 0.419608 0.5 0 0
2290 0.0617017 0.5 51.375 0.415686 0.5 0 0
2300 0.0616969 0.5 51.875 0.419608 0.5 0 0
2310 0.0616969 0.5 51.875 0.419608 0.5 0 0
2320 0.0616966 0.5 52.375 0.415686 0.5 0 0
2330 0.0616966 0.5 52.375 0.415686 0.5 0 0
2340 0.0616931 0.5 52.875 0.419608 0.5 0 0
2350 0.0616931 0.5 52.875 0.419608 0.5 0 0
2360 0.0616923 0.5 53.375 0.419608 0.5 0 0
2370 0.0616923 0.5 53.375 0.419608 0.5 0 0
2380 0.0616889 0.5 53.875 0.419608 0.5 0 0
2390 0.0616889 0.5 53.875 0.415686 0.5 0 0
2400 0.0616886 0.5 54.375 0.419608 0.5 0 0
2410 0.0616886 0.5 54.375 0.419608 0.5 0 0
2420 0.0616886 0.5 54.875 0.419608 0.5 0 0
2430 0.0616886 0.5 54.875 0.419608 0.5 0 0
2440 0.061685 0.5 55.375 0.419608 0.5 0 0
2450 0.061685 0.5 55.375 0.419608 0.5 0 0
2460 0.061685 0.5 55.875 0.419608 0.5 0 0
2470 0.061685 0.5 55.875 0.419608 0.5 0 0
2480 0.061685 0.5 56.375 0.419608 0.5 0 0
2490 0.061685 0.5 56.375 0.419608 0.5 0 0
2500 0.061685 0.5 56.875 0.415686 0.5 0 0
2510 0.061685 0.5 56.875 0.415686 0.5 0 0
2520 0.061685 0.5 57.375 0.415686 0.5 0 0
2530 0.061685 0.5 57.375 0.419608 0.5 0 0
2540 0.061685 0.5 57.875 0.419608 0.5 0 0
2550 0.061685 0.5 57.875 0.419608 0.5 0 0
2560 0.061685 0.5 58.375 0.419608 0.5 0 0
2570 0.061685 0.5 58.375 0.415686 0.5 0 0
2580 0.061685 0.5 58.875 0.415686 0.5 0 0
2590 0.061685 0.5 58.875 0.415686 0.5 0 0
2600 0.061685 0.5 59.375 0.419608 0.5 0 0
2610 0.061685 0.5 59.375 0.419608 0.5 0 0
2620 0.061685 0.5 59.875 0.415686 0.5 0 0
2630 0.061685 0.5 59.875 0.419608 0.5 0 0
2640 0.061685 0.5 60.375 0.419608 0.5 0 0
2650 0.061685 0.5 60.375 0.419608 0.5 0 0
2660 0.061685 0.5 60.875 0.419608 0.5 0 0
2670 0.061685 0.5 60.875 0.419608 0.5 0 0
2680 0.0619403 0.5 61.375 0.419608 0.5 0 0
2690 0.0619403 0.5 61.375 0.415686 0.5 0 0
2700 0.0625099 0.5 61.875 0.415686 0.5 0 0
2710 0.0625099 0.5 61.875 0.415686 0.5 0 0
2720 0.0628813 0.5 62.375 0.411765 0.5 0 0
2730 0.0628813 0.5 62.375 0.407843 0.5 0 0
2740 0.0627264 0.75 63.125 0.407843 0.5 0 0
2750 0.0627264 0.75 63.125 0.407843 0.5 0 0
2760 0.0625773 0.75 63.875 0.407843 0.5 0 0
2770 0.0625773 0.75 63.875 0.403922 0.5 0 0
2780 0.0624583 0.75 64.625 0.403922 0.5 0 0
2790 0.0624583 0.75 64.625 0.403922 0.5 0 0
2800 0.0623633 0.75 65.375 0.403922 0.5 0 0
2810 0.0623633 0.75 65.375 0.403922 0.5 0 0
2820 0.0623039 0.875 66.25 0.403922 0.5 0 0
2830 0.0623039 0.875 66.25 0.403922 0.5 0 0
2840 0.0622844 0.875 67.125 0.403922 0.5 0 0
2850 0.0622844 0.875 67.125 0.403922 0.5 0 0
2860 0.0622602 0.75 67.875 0.403922 0.5 0 0
2870 0.0622602 0.75 67.875 0.403922 0.5 0 0
2880 0.0622395 0.875 68.75 0.403922 0.5 0 0
2890 0.0622395 0.875 68.75 0.403922 0.5 0 0
2900 0.0622189 0.875 69.625 0.403922 0.5 0 0
2910 0.0622189 0.875 69.625 0.403922 0.5 0 0
2920 0.0622036 0.875 70.5 0.403922 0.5 0 0
2930 0.0622036 0.875 70.5 0.403922 0.5 0 0
2940 0.0621888 0.875 71.375 0.403922 0.5 0 0
2950 0.0621888 0.875 71.375 0.403922 0.5 0 0
2960 0.0621747 0.875 72.25 0.403922 0.5 0 0
2970 0.0621747 0.875 72.25 0.403922 0.5 0 0
2980 0.0626126 0.875 73.125 0.403922 0.5 0 0
2990 0.0626126 0.875 73.125 0.403922 0.5 0 0
3000 0.0627786 0.875 74 0.403922 0.5 0 0
3010 0.0627786 0.875 74 0.403922 0.5 0 0
3020 0.0627608 0.875 74.875 0.403922 0.5 0 0
3030 0.0627608 0.875 74.875 0.403922 0.5 0 0
3040 0.0627331 1 75.875 0.403922 0.5 0 0
3050 0.0627331 1 75.875 0.403922 0.5 0 0
3060 0.0626953 1 76.875 0.403922 0.5 0 0
3070 0.0626953 1 76.875 0.403922 0.5 0 0
3080 0.0626544 1 77.875 0.4 0.5 0 0
3090 0.0626544 1 77.875 0.4 0.5 0 0
3100 0.0626104 1 78.875 0.4 0.5 0 0
3110 0.0626104 1 78.875 0.4 0.5 0 0
3120 0.0625641 1 79.875 0.4 0.5 0 0
3130 0.0625641 1 79.875 0.4 0.5 0 0
3140 0.0625185 0.875 80.75 0.4 0.5 0 0
3150 0.0625185 0.875 80.75 0.4 0.5 0 0
3160 0.0623047 1 81.75 0.4 0.5 0 0
3170 0.0623047 1 81.75 0.4 0.5 0 0
3180 0.0622009 1 82.75 0.4 0.5 0 0
3190 0.0622009 1 82.75 0.4 0.5 0 0
3200 0.0621497 1 83.75 0.4 0.5 0 0
3210 0.0621497 1 83.75 0.4 0.5 0 0
3220 0.0620886 1 84.75 0.4 0.5 0 0
3230 0.0620886 1 84.75 0.4 0.5 0 0
3240 0.0620236 1 85.75 0.4 0.5 0 0
3250 0.0620236 1 85.75 0.4 0.5 0 0
3260 0.0619644 1 86.75 0.4 0.5 0 0
3270 0.0619644 1 86.75 0.4 0.5 0 0
3280 0.0619078 1 87.75 0.4 0.5 0 0
3290 0.0619078 1 87.75 0.4 0.5 0 0
3300 0.0618546 1 88.75 0.4 0.5 0 0
3310 0.0618546 1 88.75 0.4 0.5 0 0
3320 0.0618043 0.875 89.625 0.4 0.5 0 0
3330 0.0618043 0.875 89.625 0.4 0.5 0 0
3340 0.0617598 0.875 90.5 0.4 0.5 0 0
3350 0.0617598 0.875 90.5 0.4 0.5 0 0
3360 0.0617352 0.875 91.375 0.4 0.5 0 0
3370 0.0617352 0.875 91.375 0.4 0.5 0 0
3380 0.0616615 0.875 92.25 0.4 0.5 0 0
3390 0.0616615 0.875 92.25 0.4 0.5 0 0
3400 0.0616246 0.875 93.125 0.396078 0.5 0 0
3410 0.0616246 0.875 93.125 0.4 0.5 0 0
3420 0.0615807 0.875 94 0.396078 0.5 0 0
3430 0.0615807 0.875 94 0.396078 0.5 0 0
3440 0.0615248 0.875 94.875 0.396078 0.5 0 0
3450 0.0615248 0.875 94.875 0.396078 0.5 0 0
3460 0.0614283 0.875 95.75 0.396078 0.5 0 0
3470 0.0614283 0.875 95.75 0.396078 0.5 0 0
3480 0.0613481 0.875 96.625 0.396078 0.5 0 0
3490 0.0613481 0.875 96.625 0.396078 0.5 0 0
3500 0.0612806 0.875 97.5 0.396078 0.5 0 0
3510 0.0612806 0.875 97.5 0.396078 0.5 0 0
3520 0.0612294 0.875 98.375 0.396078 0.5 0 0
3530 0.0612294 0.875 98.375 0.396078 0.5 0 0
3540 0.0611806 0.875 99.25 0.396078 0.5 0 0
3550 0.0611806 0.875 99.25 0.396078 0.5 0 0
3560 0.0611292 0.875 100.125 0.396078 0.5 0 0
3570 0.0611292 0.875 100.125 0.396078 0.5 0 0
3580 0.0610127 0.875 101 0.396078 0.5 0 0
3590 0.0610127 0.875 101 0.396078 0.5 0 0
3600 0.0607885 0.875 101.875 0.396078 0.5 0 0
3610 0.0607885 0.875 101.875 0.396078 0.5 0 0
3620 0.0607357 0.875 102.75 0.396078 0.5 0 0
3630 0.0607357 0.875 102.75 0.396078 0.5 0 0
3640 0.060724 0.875 103.625 0.396078 0.5 0 0
3650 0.060724 0.875 103.625 0.396078 0.5 0 0
3660 0.0607101 0.875 104.5 0.396078 0.5 0 0
3670 0.0607101 0.875 104.5 0.396078 0.5 0 0
3680 0.0606984 0.875 105.375 0.396078 0.5 0 0
3690 0.0606984 0.875 105.375 0.396078 0.5 0 0
3700 0.0606878 0.875 106.25 0.396078 0.5 0 0
3710 0.0606878 0.875 106.25 0.396078 0.5 0 0
3720 0.0606786 0.875 107.125 0.396078 0.5 0 0
3730 0.0606786 0.875 107.125 0.396078 0.5 0 0
3740 0.0606722 0.875 108 0.396078 0.5 0 0
3750 0.0606722 0.875 108 0.396078 0.5 0 0
3760 0.060664 0.875 108.875 0.396078 0.5 0 0
3770 0.060664 0.875 108.875 0.396078 0.5 0 0
3780 0.0606589 0.75 109.625 0.396078 0.5 0 0
3790 0.0606589 0.75 109.625 0.396078 0.5 0 0
3800 0.0606564 0.75 110.375 0.396078 0.5 0 0
3810 0.0606564 0.75 110.375 0.396078 0.5 0 0
3820 0.0606537 0.75 111.125 0.396078 0.5 0 0
3830 0.0606537 0.75 111.125 0.396078 0.5 0 0
3840 0.0606474 0.75 111.875 0.396078 0.5 0 0
3850 0.0606474 0.75 111.875 0.396078 0.5 0 0
3860 0.0606386 0.75 112.625 0.392157 0.5 0 0
3870 0.0606386 0.75 112.625 0.396078 0.5 0 0
3880 0.0606245 0.5 113.125 0.396078 0.5 0 0
3890 0.0606245 0.5 113.125 0.396078 0.5 0 0
3900 0.0606177 0.75 113.875 0.396078 0.5 0 0
3910 0.0606177 0.75 113.875 0.396078 0.5 0 0
3920 0.0606062 0.75 114.625 0.396078 0.5 0 0
3930 0.0606062 0.75 114.625 0.396078 0.5 0 0
3940 0.0605853 0.75 115.375 0.392157 0.5 0 0
3950 0.0605853 0.75 115.375 0.396078 0.5 0 0
3960 0.0605639 0.75 116.125 0.392157 0.5 0 0
3970 0.0605639 0.75 116.125 0.396078 0.5 0 0
3980 0.0605492 0.75 116.875 0.396078 0.5 0 0
3990 0.0605492 0.75 116.875 0.392157 0.5 0 0
4000 0.0605359 0.75 117.625 0.392157 0.5 0 0
4010 0.0605359 0.75 117.625 0.396078 0.5 0 0
4020 0.0605208 0.75 118.375 0.392157 0.5 0 0
4030 0.0605208 0.75 118.375 0.396078 0.5 0 0
4040 0.0604768 0.75 119.125 0.396078 0.5 0 0
4050 0.0604768 0.75 119.125 0.392157 0.5 0 0
4060 0.0604542 0.75 119.875 0.392157 0.5 0 0
4070 0.0604542 0.75 119.875 0.392157 0.5 0 0
4080 0.0604281 0.75 120.625 0.392157 0.5 0 0
4090 0.0604281 0.75 120.625 0.396078 0.5 0 0
4100 0.0604192 0.75 121.375 0.392157 0.5 0 0
4110 0.0604192 0.75 121.375 0.392157 0.5 0 0
4120 0.0604071 0.75 122.125 0.392157 0.5 0 0
4130 0.0604071 0.75 122.125 0.392157 0.5 0 0
4140 0.0603869 0.75 122.875 0.392157 0.5 0 0
4150 0.0603869 0.75 122.875 0.392157 0.5 0 0
4160 0.0603594 0.75 123.625 0.392157 0.5 0 0
4170 0.0603594 0.75 123.625 0.392157 0.5 0 0
4180 0.0603351 0.75 124.375 0.392157 0.5 0 0
4190 0.0603351 0.75 124.375 0.396078 0.5 0 0
4200 0.0603267 0.75 125.125 0.396078 0.5 0 0
4210 0.0603267 0.75 125.125 0.392157 0.5 0 0
4220 0.060321 0.75 125.875 0.392157 0.5 0 0
4230 0.060321 0.75 125.875 0.392157 0.5 0 0
4240 0.0603586 0.5 126.375 0.392157 0.5 0 0
4250 0.0603586 0.5 126.375 0.392157 0.5 0 0
4260 0.0603647 0.5 126.875 0.392157 0.5 0 0
4270 0.0603647 0.5 126.875 0.396078 0.5 0 0
4280 0.0602162 0.25 127.125 0.392157 0.5 0 0
4290 0.0602162 0.25 127.125 0.392157 0.5 0 0
4300 0.0601797 0.375 127.5 0.392157 0.5 0 0
4310 0.0601797 0.375 127.5 0.396078 0.5 0 0
4320 0.0601751 0.375 127.875 0.392157 0.5 0 0
4330 0.0601751 0.375 127.875 0.392157 0.5 0 0
4340 0.0601781 0.375 128.25 0.392157 0.5 0 0
4350 0.0601781 0.375 128.25 0.396078 0.5 0 0
4360 0.0601642 0.375 128.625 0.392157 0.5 0 0
4370 0.0601642 0.375 128.625 0.392157 0.5 0 0
4380 0.060164 0.375 129 0.392157 0.5 0 0
4390 0.060164 0.375 129 0.396078 0.5 0 0
4400 0.060164 0.375 129.375 0.392157 0.5 0 0
4410 0.060164 0.375 129.375 0.392157 0.5 0 0
4420 0.0601569 0.375 129.75 0.392157 0.5 0 0
4430 0.0601569 0.375 129.75 0.392157 0.5 0 0
4440 0.0601456 0.375 130.125 0.392157 0.5 0 0
4450 0.0601456 0.375 130.125 0.392157 0.5 0 0
4460 0.0601456 0.25 130.375 0.392157 0.5 0 0
4470 0.0601456 0.25 130.375 0.392157 0.5 0 0
4480 0.0601381 0.25 130.625 0.392157 0.5 0 0
4490 0.0601381 0.25 130.625 0.392157 0.5 0 0
4500 0.0601285 0.25 130.875 0.392157 0.5 0 0
4510 0.0601285 0.25 130.875 0.396078 0.5 0 0
4520 0.0601217 0.25 131.125 0.396078 0.5 0 0
4530 0.0601217 0.25 131.125 0.392157 0.5 0 0
4540 0.0601107 0.25 131.375 0.392157 0.5 0 0
4550 0.0601107 0.25 131.375 0.392157 0.5 0 0
4560 0.0601107 0.25 131.625 0.392157 0.5 0 0
4570 0.0601107 0.25 131.625 0.392157 0.5 0 0
4580 0.0601003 0.25 131.875 0.396078 0.5 0 0
4590 0.0601003 0.25 131.875 0.392157 0.5 0 0
4600 0.0600911 0.25 132.125 0.392157 0.5 0 0
4610 0.0600911 0.25 132.125 0.392157 0.5 0 0
4620 0.0600884 0.25 132.375 0.392157 0.5 0 0
4630 0.0600884 0.25 132.375 0.396078 0.5 0 0
4640 0.0600812 0.25 132.625 0.396078 0.5 0 0
4650 0.0600812 0.25 132.625 0.392157 0.5 0 0
4660 0.0600699 0.25 132.875 0.392157 0.5 0 0
4670 0.0600699 0.25 132.875 0.392157 0.5 0 0
4680 0.0600604 0.25 133.125 0.396078 0.5 0 0
4690 0.0600604 0.25 133.125 0.392157 0.5 0 0
4700 0.0605092 0.25 133.375 0.392157 0.5 0 0
4710 0.0605092 0.25 133.375 0.392157 0.5 0 0
4720 0.0615958 0 133.375 0.392157 0.5 0 0
4730 0.0615958 0 133.375 0.388235 0.5 0 0
4740 0.0618663 0.25 133.625 0.388235 0.5 0 0
4750 0.0618663 0.25 133.625 0.388235 0.5 0 0
4760 0.0619018 0.5 134.125 0.388235 0.5 0 0
4770 0.0619018 0.5 134.125 0.388235 0.5 0 0
4780 0.0615566 0.5 134.625 0.388235 0.5 0 0
4790 0.0615566 0.5 134.625 0.388235 0.5 0 0
4800 0.0614784 0.5 135.125 0.388235 0.5 0 0
4810 0.0614784 0.5 135.125 0.388235 0.5 0 0
4820 0.0614734 0.5 135.625 0.388235 0.5 0 0
4830 0.0614734 0.5 135.625 0.384314 0.5 0 0
4840 0.0614594 0.5 136.125 0.388235 0.5 0 0
4850 0.0614594 0.5 136.125 0.384314 0.5 0 0
4860 0.0614444 0.5 136.625 0.384314 0.5 0 0
4870 0.0614444 0.5 136.625 0.384314 0.5 0 0
4880 0.0614405 0.5 137.125 0.384314 0.5 0 0
4890 0.0614405 0.5 137.125 0.384314 0.5 0 0
4900 0.0614245 0.375 137.5 0.384314 0.5 0 0
4910 0.0614245 0.375 137.5 0.384314 0.5 0 0
4920 0.0613832 0.375 137.875 0.384314 0.5 0 0
4930 0.0613832 0.375 137.875 0.384314 0.5 0 0
4940 0.0613342 0.375 138.25 0.384314 0.5 0 0
4950 0.0613342 0.375 138.25 0.384314 0.5 0 0
4960 0.0612259 0.25 138.5 0.384314 0.5 0 0
4970 0.0612259 0.25 138.5 0.384314 0.5 0 0
4980 0.0611208 0.25 138.75 0.384314 0.5 0 0
4990 0.0611208 0.25 138.75 0.384314 0.5 0 0
5000 0.0610861 0.25 139 0.384314 0.5 0 0
5010 0.0610861 0.25 139 0.384314 0.5 0 0
5020 0.0610527 0.25 139.25 0.384314 0.5 0 0
5030 0.0610527 0.25 139.25 0.384314 0.5 0 0
5040 0.0610182 0.25 139.5 0.384314 0.5 0 0
5050 0.0610182 0.25 139.5 0.384314 0.5 0 0
5060 0.0607339 0 139.5 0.384314 0.5 0 0
5070 0.0607339 0 139.5 0.384314 0.5 0 0
5080 0.0602663 0 139.5 0.380392 0.5 0 0
5090 0.0602663 0 139.5 0.380392 0.5 0 0
5100 0.0604941 0 139.5 0.380392 0.5 0 0
5110 0.0604941 0 139.5 0.376471 0.5 0 0
5120 0.0613248 0 139.5 0.376471 0.5 0 0
5130 0.0613248 0 139.5 0.372549 0.5 0 0
5140 0.0613987 0 139.5 0.372549 0.5 0 0
5150 0.0613987 0 139.5 0.368627 0.5 0 0
5160 0.0604785 0 139.5 0.368627 0.5 0 0
5170 0.0604785 0 139.5 0.368627 0.5 0 0
5180 0.059304 0 139.5 0.364706 0.5 0 0
5190 0.059304 0 139.5 0.364706 0.5 0 0
5200 0.0583574 0 139.5 0.364706 0.5 0 0
5210 0.0583574 0 139.5 0.364706 0.5 0 0
5220 0.0582152 0 139.5 0.364706 0.5 0 0
5230 0.0582152 0 139.5 0.364706 0.5 0 0
5240 0.0587709 0 139.5 0.364706 0.5 0 0
5250 0.0587709 0 139.5 0.364706 0.5 0 0
5260 0.058764 0 139.5 0.364706 0.5 0 0
5270 0.058764 0 139.5 0.364706 0.5 0 0
5280 0.0583223 0 139.5 0.364706 0.5 0 0
5290 0.0583223 0 139.5 0.364706 0.5 0 0
5300 0.0582922 0 139.5 0.364706 0.5 0 0
5310 0.0582922 0 139.5 0.364706 0.5 0 0
5320 0.0582899 0 139.5 0.364706 0.5 0 0
5330 0.0582899 0 139.5 0.364706 0.5 0 0
5340 0.0582899 0 139.5 0.364706 0.5 0 0
5350 0.0582899 0 139.5 0.364706 0.5 0 0
5360 0.0582899 0 139.5 0.364706 0.5 0 0
5370 0.0582899 0 139.5 0.364706 0.5 0 0
5380 0.0582899 0 139.5 0.364706 0.5 0 0
5390 0.0582899 0 139.5 0.364706 0.5 0 0
5400 0.0582899 0 139.5 0.364706 0.5 0 0
5410 0.0582899 0 139.5 0.364706 0.5 0 0
5420 0.0582899 0 139.5 0.364706 0.5 0 0
5430 0.0582899 0 139.5 0.364706 0.5 0 0
5440 0.0582899 0 139.5 0.364706 0.5 0 0
5450 0.0582899 0 139.5 0.364706 0.5 0 0
5460 0.0582899 0 139.5 0.364706 0.5 0 0
5470 0.0582899 0 139.5 0.364706 0.5 0 0
5480 0.0582899 0 139.5 0.364706 0.5 0 0
5490 0.0582899 0 139.5 0.364706 0.5 0 0
5500 0.0582792 0 139.5 0.364706 0.5 0 0
5510 0.0582792 0 139.5 0.364706 0.5 0 0
5520 0.0582788 0 139.5 0.364706 0.5 0 0
5530 0.0582788 0 139.5 0.364706 0.5 0 0
5540 0.0582788 0 139.5 0.364706 0.5 0 0
5550 0.0582788 0 139.5 0.364706 0.5 0 0
5560 0.0582788 0 139.5 0.364706 0.5 0 0
5570 0.0582788 0 139.5 0.364706 0.5 0 0
5580 0.0588368 0 139.5 0.360784 0.5 0 0
5590 0.0588368 0 139.5 0.360784 0.5 0 0
5600 0.0592542 0 139.5 0.360784 0.5 0 0
5610 0.0592542 0 139.5 0.360784 0.5 0 0
5620 0.0592572 0 139.5 0.360784 0.5 0 0
5630 0.0592572 0 139.5 0.360784 0.5 0 0
5640 0.0592572 0 139.5 0.360784 0.5 0 0
5650 0.0592572 0 139.5 0.360784 0.5 0 0
5660 0.0591676 0 139.5 0.360784 0.5 0 0
5670 0.0591676 0 139.5 0.356863 0.5 0 0
5680 0.058971 0 139.5 0.356863 0.5 0 0
5690 0.058971 0 139.5 0.360784 0.5 0 0
5700 0.0587586 0 139.5 0.360784 0.5 0 0
5710 0.0587586 0 139.5 0.360784 0.5 0 0
5720 0.0586986 0 139.5 0.360784 0.5 0 0
5730 0.0586986 0 139.5 0.360784 0.5 0 0
5740 0.0585253 0 139.5 0.356863 0.5 0 0
5750 0.0585253 0 139.5 0.356863 0.5 0 0
5760 0.0584937 0 139.5 0.360784 0.5 0 0
5770 0.0584937 0 139.5 0.360784 0.5 0 0
5780 0.0584655 0 139.5 0.360784 0.5 0 0
5790 0.0584655 0 139.5 0.360784 0.5 0 0
5800 0.0584645 0 139.5 0.356863 0.5 0 0
5810 0.0584645 0 139.5 0.356863 0.5 0 0
5820 0.0594667 0 139.5 0.360784 0.5 0 0
5830 0.0594667 0 139.5 0.360784 0.5 0 0
5840 0.0598703 0 139.5 0.360784 0.5 0 0
5850 0.0598703 0 139.5 0.360784 0.5 0 0
5860 0.0598709 0 139.5 0.360784 0.5 0 0
5870 0.0598709 0 139.5 0.360784 0.5 0 0
5880 0.0599324 0 139.5 0.360784 0.5 0 0
5890 0.0599324 0 139.5 0.360784 0.5 0 0
5900 0.0598762 0 139.5 0.360784 0.5 0 0
5910 0.0598762 0 139.5 0.360784 0.5 0 0
5920 0.0593418 0 139.5 0.356863 0.5 0 0
5930 0.0593418 0 139.5 0.352941 0.5 0 0
5940 0.0582341 0 139.5 0.352941 0.5 0 0
5950 0.0582341 0 139.5 0.352941 0.5 0 0
5960 0.0577158 0 139.5 0.352941 0.5 0 0
5970 0.0577158 0 139.5 0.352941 0.5 0 0
5980 0.0573193 0 139.5 0.352941 0.5 0 0
5990 0.0573193 0 139.5 0.352941 0.5 0 0
6000 0.0570512 0 139.5 0.352941 0.5 0 0
6010 0.0570512 0 139.5 0.352941 0.5 0 0
6020 0.0569798 0 139.5 0.352941 0.5 0 0
6030 0.0569798 0 139.5 0.352941 0.5 0 0
6040 0.0569799 0 139.5 0.352941 0.5 0 0
6050 0.0569799 0 139.5 0.352941 0.5 0 0
6060 0.0569799 0 139.5 0.352941 0.5 0 0
6070 0.0569799 0 139.5 0.352941 0.5 0 0
6080 0.057228 0 139.5 0.352941 0.5 0 0
6090 0.057228 0 139.5 0.352941 0.5 0 0
6100 0.057591 0 139.5 0.352941 0.5 0 0
6110 0.057591 0 139.5 0.352941 0.5 0 0
6120 0.0577713 0 139.5 0.352941 0.5 0 0
6130 0.0577713 0 139.5 0.352941 0.5 0 0
6140 0.0578036 0 139.5 0.34902 0.5 0 0
6150 0.0578036 0 139.5 0.34902 0.5 0 0
6160 0.0572751 0 139.5 0.345098 0.5 0 0
6170 0.0572751 0 139.5 0.341176 0.5 0 0
6180 0.0559559 0 139.5 0.345098 0.5 0 0
6190 0.0559559 0 139.5 0.345098 0.5 0 0
6200 0.056049 0 139.5 0.345098 0.5 0 0
6210 0.056049 0 139.5 0.345098 0.5 0 0
6220 0.0568699 0 139.5 0.345098 0.5 0 0
6230 0.0568699 0 139.5 0.345098 0.5 0 0
6240 0.0571413 0 139.5 0.345098 0.5 0 0
6250 0.0571413 0 139.5 0.345098 0.5 0 0
6260 0.0568157 0 139.5 0.345098 0.5 0 0
6270 0.0568157 0 139.5 0.34902 0.5 0 0
6280 0.0566664 0 139.5 0.345098 0.5 0 0
6290 0.0566664 0 139.5 0.345098 0.5 0 0
6300 0.0565582 0 139.5 0.345098 0.5 0 0
6310 0.0565582 0 139.5 0.341176 0.5 0 0
6320 0.0559886 0 139.5 0.337255 0.5 0 0
6330 0.0559886 0 139.5 0.333333 0.5 0 0
6340 0.0553957 0 139.5 0.329412 0.5 0 0
6350 0.0553957 0 139.5 0.329412 0.5 0 0
6360 0.0541001 0 139.5 0.333333 0.5 0 0
6370 0.0541001 0 139.5 0.329412 0.5 0 0
6380 0.0534605 0 139.5 0.329412 0.5 0 0
6390 0.0534605 0 139.5 0.333333 0.5 0 0
6400 0.0532683 0 139.5 0.329412 0.5 0 0
6410 0.0532683 0 139.5 0.333333 0.5 0 0
6420 0.053062 0 139.5 0.329412 0.5 0 0
6430 0.053062 0 139.5 0.329412 0.5 0 0
6440 0.0540082 0 139.5 0.329412 0.5 0 0
6450 0.0540082 0 139.5 0.329412 0.5 0 0
6460 0.0549079 0 139.5 0.333333 0.5 0 0
6470 0.0549079 0 139.5 0.337255 0.5 0 0
6480 0.0552137 0 139.5 0.337255 0.5 0 0
6490 0.0552137 0 139.5 0.337255 0.5 0 0
6500 0.0552177 0 139.5 0.337255 0.5 0 0
6510 0.0552177 0 139.5 0.337255 0.5 0 0
6520 0.0554334 0 139.5 0.341176 0.5 0 0
6530 0.0554334 0 139.5 0.341176 0.5 0 0
6540 0.0554507 0 139.5 0.341176 0.5 0 0
6550 0.0554507 0 139.5 0.345098 0.5 0 0
6560 0.0552156 0 139.5 0.34902 0.5 0 0
6570 0.0552156 0 139.5 0.345098 0.5 0 0
6580 0.0547853 0 139.5 0.34902 0.5 0 0
6590 0.0547853 0 139.5 0.345098 0.5 0 0
6600 0.0539836 0 139.5 0.337255 0.5 0 0
6610 0.0539836 0 139.5 0.333333 0.5 0 0
6620 0.0530143 0 139.5 0.317647 0.5 0 0
6630 0.0530143 0 139.5 0.313725 0.5 0 0
6640 0.0509832 0 139.5 0.313725 0.5 0 0
6650 0.0509832 0 139.5 0.313725 0.5 0 0
6660 0.0503252 0.25 139.75 0.313725 0.5 0 0
6670 0.0503252 0.25 139.75 0.313725 0.5 0 0
6680 0.049981 0.25 140 0.313725 0.5 0 0
6690 0.049981 0.25 140 0.313725 0.5 0 0
6700 0.049924 0.25 140.25 0.313725 0.5 0 0
6710 0.049924 0.25 140.25 0.313725 0.5 0 0
6720 0.0499239 0.25 140.5 0.313725 0.5 0 0
6730 0.0499239 0.25 140.5 0.313725 0.5 0 0
6740 0.0499239 0.25 140.75 0.313725 0.5 0 0
6750 0.0499239 0.25 140.75 0.313725 0.5 0 0
6760 0.0499239 0.25 141 0.313725 0.5 0 0
6770 0.0499239 0.25 141 0.313725 0.5 0 0
6780 0.0499239 0.25 141.25 0.313725 0.5 0 0
6790 0.0499239 0.25 141.25 0.313725 0.5 0 0
6800 0.0499239 0.25 141.5 0.313725 0.5 0 0
6810 0.0499239 0.25 141.5 0.309804 0.5 0 0
6820 0.0499239 0.25 141.75 0.313725 0.5 0 0
6830 0.0499239 0.25 141.75 0.313725 0.5 0 0
6840 0.0499239 0.25 142 0.309804 0.5 0 0
6850 0.0499239 0.25 142 0.313725 0.5 0 0
6860 0.0499239 0.25 142.25 0.313725 0.5 0 0
6870 0.0499239 0.25 142.25 0.313725 0.5 0 0
6880 0.0499239 0.25 142.5 0.313725 0.5 0 0
6890 0.0499239 0.25 142.5 0.313725 0.5 0 0
6900 0.0500705 0.25 142.75 0.313725 0.5 0 0
6910 0.0500705 0.25 142.75 0.313725 0.5 0 0
6920 0.0503763 0.25 143 0.313725 0.5 0 0
6930 0.0503763 0.25 143 0.313725 0.5 0 0
6940 0.0507277 0.25 143.25 0.313725 0.5 0 0
6950 0.0507277 0.25 143.25 0.313725 0.5 0 0
6960 0.0511307 0.25 143.5 0.317647 0.5 0 0
6970 0.0511307 0.25 143.5 0.317647 0.5 0 0
6980 0.0511557 0.25 143.75 0.317647 0.5 0 0
6990 0.0511557 0.25 143.75 0.317647 0.5 0 0
7000 0.0511557 0.25 144 0.317647 0.5 0 0
7010 0.0511557 0.25 144 0.317647 0.5 0 0
7020 0.0511557 0.25 144.25 0.317647 0.5 0 0
7030 0.0511557 0.25 144.25 0.317647 0.5 0 0
7040 0.0511557 0.25 144.5 0.313725 0.5 0 0
7050 0.0511557 0.25 144.5 0.317647 0.5 0 0
7060 0.0511557 0.25 144.75 0.317647 0.5 0 0
7070 0.0511557 0.25 144.75 0.317647 0.5 0 0
7080 0.0511557 0.25 145 0.317647 0.5 0 0
7090 0.0511557 0.25 145 0.317647 0.5 0 0
7100 0.0511557 0.25 145.25 0.317647 0.5 0 0
7110 0.0511557 0.25 145.25 0.317647 0.5 0 0
7120 0.0511483 0.25 145.5 0.317647 0.5 0 0
7130 0.0511483 0.25 145.5 0.317647 0.5 0 0
7140 0.0511482 0.25 145.75 0.317647 0.5 0 0
7150 0.0511482 0.25 145.75 0.317647 0.5 0 0
7160 0.0511482 0.25 146 0.317647 0.5 0 0
7170 0.0511482 0.25 146 0.317647 0.5 0 0
7180 0.0511482 0.25 146.25 0.317647 0.5 0 0
7190 0.0511482 0.25 146.25 0.317647 0.5 0 0
7200 0.0511482 0.25 146.5 0.317647 0.5 0 0
7210 0.0511482 0.25 146.5 0.317647 0.5 0 0
7220 0.051176 0.375 146.875 0.317647 0.5 0 0
7230 0.051176 0.375 146.875 0.317647 0.5 0 0
7240 0.051187 0.375 147.25 0.317647 0.5 0 0
7250 0.051187 0.375 147.25 0.317647 0.5 0 0
7260 0.0512359 0.375 147.625 0.317647 0.5 0 0
7270 0.0512359 0.375 147.625 0.317647 0.5 0 0
7280 0.0512921 0.375 148 0.317647 0.5 0 0
7290 0.0512921 0.375 148 0.317647 0.5 0 0
7300 0.0514661 0.5 148.5 0.317647 0.5 0 0
7310 0.0514661 0.5 148.5 0.321569 0.5 0 0
7320 0.0515679 0.5 149 0.317647 0.5 0 0
7330 0.0515679 0.5 149 0.317647 0.5 0 0
7340 0.0515693 0.5 149.5 0.317647 0.5 0 0
7350 0.0515693 0.5 149.5 0.321569 0.5 0 0
7360 0.0515766 0.5 150 0.321569 0.5 0 0
7370 0.0515766 0.5 150 0.317647 0.5 0 0
7380 0.0515941 0.625 150.625 0.317647 0.5 0 0
7390 0.0515941 0.625 150.625 0.321569 0.5 0 0
7400 0.0516084 0.625 151.25 0.321569 0.5 0 0
7410 0.0516084 0.625 151.25 0.321569 0.5 0 0
7420 0.0516353 0.5 151.75 0.321569 0.5 0 0
7430 0.0516353 0.5 151.75 0.321569 0.5 0 0
7440 0.0516902 0.5 152.25 0.317647 0.5 0 0
7450 0.0516902 0.5 152.25 0.317647 0.5 0 0
7460 0.0517258 0.5 152.75 0.321569 0.5 0 0
7470 0.0517258 0.5 152.75 0.317647 0.5 0 0
7480 0.0517285 0.5 153.25 0.321569 0.5 0 0
7490 0.0517285 0.5 153.25 0.321569 0.5 0 0
7500 0.0517305 0.5 153.75 0.321569 0.5 0 0
7510 0.0517305 0.5 153.75 0.321569 0.5 0 0
7520 0.0517322 0.25 154 0.321569 0.5 0 0
7530 0.0517322 0.25 154 0.321569 0.5 0 0
7540 0.0517322 0.25 154.25 0.321569 0.5 0 0
7550 0.0517322 0.25 154.25 0.321569 0.5 0 0
7560 0.0517322 0.5 154.75 0.321569 0.5 0 0
7570 0.0517322 0.5 154.75 0.321569 0.5 0 0
7580 0.0517322 0.5 155.25 0.321569 0.5 0 0
7590 0.0517322 0.5 155.25 0.317647 0.5 0 0
7600 0.0517322 0.5 155.75 0.321569 0.5 0 0
7610 0.0517322 0.5 155.75 0.321569 0.5 0 0
7620 0.0517345 0.5 156.25 0.321569 0.5 0 0
7630 0.0517345 0.5 156.25 0.321569 0.5 0 0
7640 0.0518746 0.625 156.875 0.321569 0.5 0 0
7650 0.0518746 0.625 156.875 0.321569 0.5 0 0
7660 0.0519102 0.625 157.5 0.321569 0.5 0 0
7670 0.0519102 0.625 157.5 0.32549 0.5 0 0
7680 0.0519209 0.625 158.125 0.321569 0.5 0 0
7690 0.0519209 0.625 158.125 0.321569 0.5 0 0
7700 0.0519209 0.625 158.75 0.321569 0.5 0 0
7710 0.0519209 0.625 158.75 0.321569 0.5 0 0
7720 0.0519209 0.75 159.5 0.32549 0.5 0 0
7730 0.0519209 0.75 159.5 0.32549 0.5 0 0
7740 0.0519228 0.75 160.25 0.321569 0.5 0 0
7750 0.0519228 0.75 160.25 0.32549 0.5 0 0
7760 0.0518968 0.75 161 0.321569 0.5 0 0
7770 0.0518968 0.75 161 0.321569 0.5 0 0
7780 0.0517146 0.75 161.75 0.317647 0.5 0 0
7790 0.0517146 0.75 161.75 0.317647 0.5 0 0
7800 0.0514047 0.75 162.5 0.317647 0.5 0 0
7810 0.0514047 0.75 162.5 0.317647 0.5 0 0
7820 0.0510613 0.75 163.25 0.317647 0.5 0 0
7830 0.0510613 0.75 163.25 0.313725 0.5 0 0
7840 0.0507532 0.75 164 0.309804 0.5 0 0
7850 0.0507532 0.75 164 0.309804 0.5 0 0
7860 0.0504636 0.75 164.75 0.309804 0.5 0 0
7870 0.0504636 0.75 164.75 0.309804 0.5 0 0
7880 0.0502126 0.75 165.5 0.305882 0.5 0 0
7890 0.0502126 0.75 165.5 0.309804 0.5 0 0
7900 0.0501893 0.75 166.25 0.309804 0.5 0 0
7910 0.0501893 0.75 166.25 0.305882 0.5 0 0
7920 0.0501197 0.75 167 0.305882 0.5 0 0
7930 0.0501197 0.75 167 0.305882 0.5 0 0
7940 0.0500207 0.75 167.75 0.305882 0.5 0 0
7950 0.0500207 0.75 167.75 0.305882 0.5 0 0
7960 0.0499273 0.75 168.5 0.305882 0.5 0 0
7970 0.0499273 0.75 168.5 0.305882 0.5 0 0
7980 0.0498447 0.75 169.25 0.309804 0.5 0 0
7990 0.0498447 0.75 169.25 0.305882 0.5 0 0
8000 0.0496754 0.75 170 0.305882 0.5 0 0
8010 0.0496754 0.75 170 0.305882 0.5 0 0
8020 0.0495698 0.75 170.75 0.309804 0.5 0 0
8030 0.0495698 0.75 170.75 0.305882 0.5 0 0
8040 0.0494332 0.75 171.5 0.309804 0.5 0 0
8050 0.0494332 0.75 171.5 0.305882 0.5 0 0
8060 0.0492807 0.75 172.25 0.309804 0.5 0 0
8070 0.0492807 0.75 172.25 0.305882 0.5 0 0
8080 0.0492287 0.75 173 0.305882 0.5 0 0
8090 0.0492287 0.75 173 0.309804 0.5 0 0
8100 0.0491437 0.75 173.75 0.305882 0.5 0 0
8110 0.0491437 0.75 173.75 0.309804 0.5 0 0
8120 0.0490573 0.75 174.5 0.309804 0.5 0 0
8130 0.0490573 0.75 174.5 0.305882 0.5 0 0
8140 0.0487705 0.5 175 0.305882 0.5 0 0
8150 0.0487705 0.5 175 0.305882 0.5 0 0
8160 0.0484505 0.5 175.5 0.305882 0.5 0 0
8170 0.0484505 0.5 175.5 0.305882 0.5 0 0
8180 0.0483302 0.5 176 0.305882 0.5 0 0
8190 0.0483302 0.5 176 0.305882 0.5 0 0
8200 0.0481461 0.25 176.25 0.305882 0.5 0 0
8210 0.0481461 0.25 176.25 0.309804 0.5 0 0
8220 0.047554 0.25 176.5 0.309804 0.5 0 0
8230 0.047554 0.25 176.5 0.309804 0.5 0 0
8240 0.0478961 0.25 176.75 0.301961 0.5 0 0
8250 0.0478961 0.25 176.75 0.298039 0.5 0 0
8260 0.0479806 0.25 177 0.298039 0.5 0 0
8270 0.0479806 0.25 177 0.298039 0.5 0 0
8280 0.0471221 0.25 177.25 0.290196 0.5 0 0
8290 0.0471221 0.25 177.25 0.290196 0.5 0 0
8300 0.0453328 0.25 177.5 0.294118 0.5 0 0
8310 0.0453328 0.25 177.5 0.305882 0.5 0 0
8320 0.0449675 0.25 177.75 0.301961 0.5 0 0
8330 0.0449675 0.25 177.75 0.305882 0.5 0 0
8340 0.0449846 0.25 178 0.305882 0.5 0 0
8350 0.0449846 0.25 178 0.309804 0.5 0 0
8360 0.0449849 0.25 178.25 0.305882 0.5 0 0
8370 0.0449849 0.25 178.25 0.309804 0.5 0 0
8380 0.044916 0.25 178.5 0.305882 0.5 0 0
8390 0.044916 0.25 178.5 0.305882 0.5 0 0
8400 0.0449213 0.25 178.75 0.301961 0.5 0 0
8410 0.0449213 0.25 178.75 0.305882 0.5 0 0
8420 0.0449241 0.25 179 0.305882 0.5 0 0
8430 0.0449241 0.25 179 0.305882 0.5 0 0
8440 0.0449284 0.25 179.25 0.305882 0.5 0 0
8450 0.0449284 0.25 179.25 0.309804 0.5 0 0
8460 0.0449305 0 179.25 0.305882 0.5 0 0
8470 0.0449305 0 179.25 0.309804 0.5 0 0
8480 0.0449655 0.25 179.5 0.305882 0.5 0 0
8490 0.0449655 0.25 179.5 0.309804 0.5 0 0
8500 0.0449655 0.375 179.875 0.305882 0.5 0 0
8510 0.0449655 0.375 179.875 0.305882 0.5 0 0
8520 0.0449655 0.5 180.375 0.305882 0.5 0 0
8530 0.0449655 0.5 180.375 0.305882 0.5 0 0
8540 0.0449655 0.5 180.875 0.305882 0.5 0 0
8550 0.0449655 0.5 180.875 0.305882 0.5 0 0
8560 0.0449655 0.5 181.375 0.305882 0.5 0 0
8570 0.0449655 0.5 181.375 0.305882 0.5 0 0
8580 0.0449743 0.5 181.875 0.309804 0.5 0 0
8590 0.0449743 0.5 181.875 0.305882 0.5 0 0
8600 0.044971 0.5 182.375 0.309804 0.5 0 0
8610 0.044971 0.5 182.375 0.305882 0.5 0 0
8620 0.0449747 0.5 182.875 0.305882 0.5 0 0
8630 0.0449747 0.5 182.875 0.309804 0.5 0 0
8640 0.0449747 0.5 183.375 0.305882 0.5 0 0
8650 0.0449747 0.5 183.375 0.309804 0.5 0 0
8660 0.0449747 0.5 183.875 0.309804 0.5 0 0
8670 0.0449747 0.5 183.875 0.305882 0.5 0 0
8680 0.0449781 0.5 184.375 0.309804 0.5 0 0
8690 0.0449781 0.5 184.375 0.305882 0.5 0 0
8700 0.0449867 0.5 184.875 0.305882 0.5 0 0
8710 0.0449867 0.5 184.875 0.305882 0.5 0 0
8720 0.0449922 0.25 185.125 0.309804 0.5 0 0
8730 0.0449922 0.25 185.125 0.305882 0.5 0 0
8740 0.0449966 0.375 185.5 0.309804 0.5 0 0
8750 0.0449966 0.375 185.5 0.305882 0.5 0 0
8760 0.0449966 0.375 185.875 0.309804 0.5 0 0
8770 0.0449966 0.375 185.875 0.309804 0.5 0 0
8780 0.0449966 0.375 186.25 0.301961 0.5 0 0
8790 0.0449966 0.375 186.25 0.301961 0.5 0 0
8800 0.0450017 0.375 186.625 0.305882 0.5 0 0
8810 0.0450017 0.375 186.625 0.309804 0.5 0 0
8820 0.0450049 0.375 187 0.305882 0.5 0 0
8830 0.0450049 0.375 187 0.309804 0.5 0 0
8840 0.0450049 0.25 187.25 0.305882 0.5 0 0
8850 0.0450049 0.25 187.25 0.309804 0.5 0 0
8860 0.0450049 0.25 187.5 0.305882 0.5 0 0
8870 0.0450049 0.25 187.5 0.309804 0.5 0 0
8880 0.0450049 0 187.5 0.305882 0.5 0 0
8890 0.0450049 0 187.5 0.305882 0.5 0 0
8900 0.0450072 0.25 187.75 0.309804 0.5 0 0
8910 0.0450072 0.25 187.75 0.305882 0.5 0 0
8920 0.045012 0.25 188 0.309804 0.5 0 0
8930 0.045012 0.25 188 0.305882 0.5 0 0
8940 0.0450137 0.25 188.25 0.309804 0.5 0 0
8950 0.0450137 0.25 188.25 0.305882 0.5 0 0
8960 0.0450137 0.25 188.5 0.301961 0.5 0 0
8970 0.0450137 0.25 188.5 0.305882 0.5 0 0
8980 0.0450137 0.25 188.75 0.305882 0.5 0 0
8990 0.0450137 0.25 188.75 0.305882 0.5 0 0
9000 0.0450301 0.5 189.25 0.301961 0.5 0 0
9010 0.0450301 0.5 189.25 0.309804 0.5 0 0
9020 0.0451815 0.5 189.75 0.301961 0.5 0 0
9030 0.0451815 0.5 189.75 0.305882 0.5 0 0
9040 0.0451815 0.5 190.25 0.301961 0.5 0 0
9050 0.0451815 0.5 190.25 0.305882 0.5 0 0
9060 0.0451815 0.5 190.75 0.301961 0.5 0 0
9070 0.0451815 0.5 190.75 0.305882 0.5 0 0
9080 0.0452022 0.5 191.25 0.309804 0.5 0 0
9090 0.0452022 0.5 191.25 0.305882 0.5 0 0
9100 0.0452234 0.5 191.75 0.305882 0.5 0 0
9110 0.0452234 0.5 191.75 0.309804 0.5 0 0
9120 0.0452234 0.375 192.125 0.305882 0.5 0 0
9130 0.0452234 0.375 192.125 0.309804 0.5 0 0
9140 0.0452234 0.375 192.5 0.305882 0.5 0 0
9150 0.0452234 0.375 192.5 0.305882 0.5 0 0
9160 0.0452234 0.375 192.875 0.305882 0.5 0 0
9170 0.0452234 0.375 192.875 0.305882 0.5 0 0
9180 0.0452234 0.375 193.25 0.309804 0.5 0 0
9190 0.0452234 0.375 193.25 0.305882 0.5 0 0
9200 0.0452359 0.25 193.5 0.301961 0.5 0 0
9210 0.0452359 0.25 193.5 0.309804 0.5 0 0
9220 0.0452597 0 193.5 0.309804 0.5 0 0
9230 0.0452597 0 193.5 0.305882 0.5 0 0
9240 0.0452597 0.25 193.75 0.309804 0.5 0 0
9250 0.0452597 0.25 193.75 0.305882 0.5 0 0
9260 0.0452613 0.25 194 0.301961 0.5 0 0
9270 0.0452613 0.25 194 0.309804 0.5 0 0
9280 0.0452643 0.625 194.625 0.309804 0.5 0 0
9290 0.0452643 0.625 194.625 0.309804 0.5 0 0
9300 0.0452643 0.75 195.375 0.309804 0.5 0 0
9310 0.0452643 0.75 195.375 0.309804 0.5 0 0
9320 0.0452643 0.75 196.125 0.309804 0.5 0 0
9330 0.0452643 0.75 196.125 0.309804 0.5 0 0
9340 0.0452643 0.75 196.875 0.301961 0.5 0 0
9350 0.0452643 0.75 196.875 0.301961 0.5 0 0
9360 0.0452617 0.875 197.75 0.309804 0.5 0 0
9370 0.0452617 0.875 197.75 0.305882 0.5 0 0
9380 0.0452854 1 198.75 0.309804 0.5 0 0
9390 0.0452854 1 198.75 0.305882 0.5 0 0
9400 0.0453032 1 199.75 0.309804 0.5 0 0
9410 0.0453032 1 199.75 0.305882 0.5 0 0
9420 0.0453528 1 200.75 0.305882 0.5 0 0
9430 0.0453528 1 200.75 0.305882 0.5 0 0
9440 0.0453591 1 201.75 0.305882 0.5 0 0
9450 0.0453591 1 201.75 0.309804 0.5 0 0
9460 0.0453587 1 202.75 0.305882 0.5 0 0
9470 0.0453587 1 202.75 0.305882 0.5 0 0
9480 0.0453582 1 203.75 0.305882 0.5 0 0
9490 0.0453582 1 203.75 0.309804 0.5 0 0
9500 0.0453574 0.625 204.375 0.309804 0.5 0 0
9510 0.0453574 0.625 204.375 0.309804 0.5 0 0
9520 0.0453413 0.625 205 0.305882 0.5 0 0
9530 0.0453413 0.625 205 0.301961 0.5 0 0
9540 0.0453413 0.75 205.75 0.301961 0.5 0 0
9550 0.0453413 0.75 205.75 0.301961 0.5 0 0
9560 0.0453413 0.875 206.625 0.305882 0.5 0 0
9570 0.0453413 0.875 206.625 0.301961 0.5 0 0
9580 0.0453408 0.875 207.5 0.309804 0.5 0 0
9590 0.0453408 0.875 207.5 0.305882 0.5 0 0
9600 0.0453394 0.875 208.375 0.305882 0.5 0 0
9610 0.0453394 0.875 208.375 0.305882 0.5 0 0
9620 0.0453362 0.875 209.25 0.305882 0.5 0 0
9630 0.0453362 0.875 209.25 0.305882 0.5 0 0
9640 0.0453343 0.75 210 0.301961 0.5 0 0
9650 0.0453343 0.75 210 0.305882 0.5 0 0
9660 0.0453328 0.75 210.75 0.309804 0.5 0 0
9670 0.0453328 0.75 210.75 0.301961 0.5 0 0
9680 0.0453319 0.5 211.25 0.301961 0.5 0 0
9690 0.0453319 0.5 211.25 0.301961 0.5 0 0
9700 0.0452773 1 212.25 0.301961 0.5 0 0
9710 0.0452773 1 212.25 0.309804 0.5 0 0
9720 0.0452306 1 213.25 0.309804 0.5 0 0
9730 0.0452306 1 213.25 0.309804 0.5 0 0
9740 0.0452276 1 214.25 0.301961 0.5 0 0
9750 0.0452276 1 214.25 0.305882 0.5 0 0
9760 0.0452168 1 215.25 0.309804 0.5 0 0
9770 0.0452168 1 215.25 0.305882 0.5 0 0
9780 0.0452136 1 216.25 0.305882 0.5 0 0
9790 0.0452136 1 216.25 0.305882 0.5 0 0
9800 0.0452118 1 217.25 0.309804 0.5 0 0
9810 0.0452118 1 217.25 0.301961 0.5 0 0
9820 0.0452116 1 218.25 0.309804 0.5 0 0
9830 0.0452116 1 218.25 0.305882 0.5 0 0
9840 0.0452116 1 219.25 0.309804 0.5 0 0
9850 0.0452116 1 219.25 0.309804 0.5 0 0
9860 0.0452116 0.875 220.125 0.309804 0.5 0 0
9870 0.0452116 0.875 220.125 0.305882 0.5 0 0
9880 0.0451964 0.875 221 0.305882 0.5 0 0
9890 0.0451964 0.875 221 0.305882 0.5 0 0
9900 0.0451937 1 222 0.309804 0.5 0 0
9910 0.0451937 1 222 0.301961 0.5 0 0
9920 0.0451937 1 223 0.309804 0.5 0 0
9930 0.0451937 1 223 0.305882 0.5 0 0
9940 0.0451937 1 224 0.305882 0.5 0 0
9950 0.0451937 1 224 0.305882 0.5 0 0
9960 0.0451937 1 225 0.305882 0.5 0 0
9970 0.0451937 1 225 0.309804 0.5 0 0
9980 0.0451937 1 226 0.305882 0.5 0 0
9990 0.0451937 1 226 0.309804 0.5 0 0
10000 0.0451937 0.75 226.75 0.305882 0.5 0 0
10010 0.0451937 0.75 226.75 0.309804 0.5 0 0
10020 0.0451817 1 227.75 0.309804 0.5 0 0
10030 0.0451817 1 227.75 0.305882 0.5 0 0
10040 0.0451817 1 228.75 0.305882 0.5 0 0
10050 0.0451817 1 228.75 0.305882 0.5 0 0
10060 0.0451817 1 229.75 0.309804 0.5 0 0
10070 0.0451817 1 229.75 0.305882 0.5 0 0
10080 0.0451817 0.875 230.625 0.301961 0.5 0 0
10090 0.0451817 0.875 230.625 0.301961 0.5 0 0
10100 0.0451817 1 231.625 0.305882 0.5 0 0
10110 0.0451817 1 231.625 0.309804 0.5 0 0
10120 0.0451817 1 232.625 0.305882 0.5 0 0
10130 0.0451817 1 232.625 0.305882 0.5 0 0
10140 0.0451768 0.75 233.375 0.305882 0.5 0 0
10150 0.0451768 0.75 233.375 0.301961 0.5 0 0
10160 0.0451649 1 234.375 0.309804 0.5 0 0
10170 0.0451649 1 234.375 0.305882 0.5 0 0
10180 0.0451648 1 235.375 0.301961 0.5 0 0
10190 0.0451648 1 235.375 0.301961 0.5 0 0
10200 0.0451648 1 236.375 0.305882 0.5 0 0
10210 0.0451648 1 236.375 0.309804 0.5 0 0
10220 0.0451648 1 237.375 0.305882 0.5 0 0
10230 0.0451648 1 237.375 0.305882 0.5 0 0
10240 0.0451648 1 238.375 0.305882 0.5 0 0
10250 0.0451648 1 238.375 0.305882 0.5 0 0
10260 0.0451648 1 239.375 0.309804 0.5 0 0
10270 0.0451648 1 239.375 0.309804 0.5 0 0
10280 0.0451648 0.75 240.125 0.309804 0.5 0 0
10290 0.0451648 0.75 240.125 0.305882 0.5 0 0
10300 0.0451648 0.75 240.875 0.305882 0.5 0 0
10310 0.0451648 0.75 240.875 0.309804 0.5 0 0
10320 0.0451648 0.75 241.625 0.305882 0.5 0 0
10330 0.0451648 0.75 241.625 0.309804 0.5 0 0
10340 0.0451648 0.75 242.375 0.305882 0.5 0 0
10350 0.0451648 0.75 242.375 0.305882 0.5 0 0
10360 0.0451648 0.75 243.125 0.309804 0.5 0 0
10370 0.0451648 0.75 243.125 0.301961 0.5 0 0
10380 0.0451648 0.75 243.875 0.305882 0.5 0 0
10390 0.0451648 0.75 243.875 0.309804 0.5 0 0
10400 0.0451648 1 244.875 0.309804 0.5 0 0
10410 0.0451648 1 244.875 0.305882 0.5 0 0
10420 0.0451648 1 245.875 0.305882 0.5 0 0
10430 0.0451648 1 245.875 0.309804 0.5 0 0
10440 0.0451648 1 246.875 0.305882 0.5 0 0
10450 0.0451648 1 246.875 0.309804 0.5 0 0
10460 0.0451648 1 247.875 0.309804 0.5 0 0
10470 0.0451648 1 247.875 0.309804 0.5 0 0
10480 0.0451648 1 248.875 0.305882 0.5 0 0
10490 0.0451648 1 248.875 0.305882 0.5 0 0
10500 0.0451648 1 249.875 0.309804 0.5 0 0
10510 0.0451648 1 249.875 0.305882 0.5 0 0
10520 0.0451648 1 250.875 0.309804 0.5 0 0
10530 0.0451648 1 250.875 0.301961 0.5 0 0
10540 0.0451648 1 251.875 0.309804 0.5 0 0
10550 0.0451648 1 251.875 0.305882 0.5 0 0
10560 0.0451648 0.875 252.75 0.305882 0.5 0 0
10570 0.0451648 0.875 252.75 0.305882 0.5 0 0
10580 0.0451648 0.75 253.5 0.305882 0.5 0 0
10590 0.0451648 0.75 253.5 0.309804 0.5 0 0
10600 0.0451648 1 254.5 0.305882 0.5 0 0
10610 0.0451648 1 254.5 0.309804 0.5 0 0
10620 0.0451648 1 255.5 0.309804 0.5 0 0
10630 0.0451648 1 255.5 0.305882 0.5 0 0
10640 0.0451648 1 256.5 0.305882 0.5 0 0
10650 0.0451648 1 256.5 0.305882 0.5 0 0
10660 0.0451648 1 257.5 0.305882 0.5 0 0
10670 0.0451648 1 257.5 0.305882 0.5 0 0
10680 0.0451648 1 258.5 0.301961 0.5 0 0
10690 0.0451648 1 258.5 0.305882 0.5 0 0
10700 0.0451669 1 259.5 0.309804 0.5 0 0
10710 0.0451669 1 259.5 0.301961 0.5 0 0
10720 0.0451846 1 260.5 0.305882 0.5 0 0
10730 0.0451846 1 260.5 0.305882 0.5 0 0
10740 0.0451998 1 261.5 0.305882 0.5 0 0
10750 0.0451998 1 261.5 0.305882 0.5 0 0
10760 0.0451897 1 262.5 0.301961 0.5 0 0
10770 0.0451897 1 262.5 0.305882 0.5 0 0
10780 0.0451983 1 263.5 0.305882 0.5 0 0
10790 0.0451983 1 263.5 0.301961 0.5 0 0
10800 0.0452046 1 264.5 0.305882 0.5 0 0
10810 0.0452046 1 264.5 0.305882 0.5 0 0
10820 0.0452182 1 265.5 0.309804 0.5 0 0
10830 0.0452182 1 265.5 0.305882 0.5 0 0
10840 0.0452259 1 266.5 0.305882 0.5 0 0
10850 0.0452259 1 266.5 0.309804 0.5 0 0
10860 0.0452269 1 267.5 0.305882 0.5 0 0
10870 0.0452269 1 267.5 0.301961 0.5 0 0
10880 0.0452297 1 268.5 0.305882 0.5 0 0
10890 0.0452297 1 268.5 0.305882 0.5 0 0
10900 0.0452297 1 269.5 0.305882 0.5 0 0
10910 0.0452297 1 269.5 0.301961 0.5 0 0
10920 0.0452296 1 270.5 0.309804 0.5 0 0
10930 0.0452296 1 270.5 0.309804 0.5 0 0
10940 0.0452295 1 271.5 0.309804 0.5 0 0
10950 0.0452295 1 271.5 0.309804 0.5 0 0
10960 0.0452295 0.875 272.375 0.301961 0.5 0 0
10970 0.0452295 0.875 272.375 0.305882 0.5 0 0
10980 0.0452295 0.75 273.125 0.305882 0.5 0 0
10990 0.0452295 0.75 273.125 0.309804 0.5 0 0
11000 0.0454596 0.875 274 0.309804 0.5 0 0
11010 0.0454596 0.875 274 0.309804 0.5 0 0
11020 0.0459955 0.875 274.875 0.313725 0.5 0 0
11030 0.0459955 0.875 274.875 0.317647 0.5 0 0
11040 0.046212 0.875 275.75 0.321569 0.5 0 0
11050 0.046212 0.875 275.75 0.337255 0.5 0 0
11060 0.0474475 0.875 276.625 0.462745 0.5 0 0
11070 0.0474475 0.875 276.625 0.454902 0.5 0 0
11080 0.0471259 0.75 277.375 0.517647 0.5 0 0
11090 0.0471259 0.75 277.375 0.415686 0.5 0 0
11100 0.0466279 0.875 278.25 0.435294 0.5 0 0
11110 0.0466279 0.875 278.25 0.407843 0.5 0 0
11120 0.0455202 0.875 279.125 0.490196 0.5 0 0
11130 0.0455202 0.875 279.125 0.364706 0.5 0 0
11140 0.0442979 0.875 280 0.321569 0.5 0 0
11150 0.0442979 0.875 280 0.317647 0.5 0 0
11160 0.0436349 0.875 280.875 0.317647 0.5 0 0
11170 0.0436349 0.875 280.875 0.313725 0.5 0 0
11180 0.0433023 0.875 281.75 0.313725 0.5 0 0
11190 0.0433023 0.875 281.75 0.313725 0.5 0 0
11200 0.0432903 0.875 282.625 0.317647 0.5 0 0
11210 0.0432903 0.875 282.625 0.317647 0.5 0 0
11220 0.0432896 0.875 283.5 0.317647 0.5 0 0
11230 0.0432896 0.875 283.5 0.313725 0.5 0 0
11240 0.0436405 0.75 284.25 0.305882 0.5 0 0
11250 0.0436405 0.75 284.25 0.305882 0.5 0 0
11260 0.0444162 0.75 285 0.301961 0.5 0 0
11270 0.0444162 0.75 285 0.301961 0.5 0 0
11280 0.0452574 0.75 285.75 0.301961 0.5 0 0
11290 0.0452574 0.75 285.75 0.301961 0.5 0 0
11300 0.0458838 0.75 286.5 0.301961 0.5 0 0
11310 0.0458838 0.75 286.5 0.301961 0.5 0 0
11320 0.0467436 0.75 287.25 0.305882 0.5 0 0
11330 0.0467436 0.75 287.25 0.309804 0.5 0 0
11340 0.0470873 0.75 288 0.309804 0.5 0 0
11350 0.0470873 0.75 288 0.309804 0.5 0 0
11360 0.0470904 0.75 288.75 0.309804 0.5 0 0
11370 0.0470904 0.75 288.75 0.309804 0.5 0 0
11380 0.0470907 0.75 289.5 0.309804 0.5 0 0
11390 0.0470907 0.75 289.5 0.309804 0.5 0 0
11400 0.0470909 0.75 290.25 0.309804 0.5 0 0
11410 0.0470909 0.75 290.25 0.309804 0.5 0 0
11420 0.0468109 0.75 291 0.305882 0.5 0 0
11430 0.0468109 0.75 291 0.298039 0.5 0 0
11440 0.045717 0.75 291.75 0.294118 0.5 0 0
11450 0.045717 0.75 291.75 0.294118 0.5 0 0
11460 0.045218 0.625 292.375 0.294118 0.5 0 0
11470 0.045218 0.625 292.375 0.294118 0.5 0 0
11480 0.0449333 0.625 293 0.294118 0.5 0 0
11490 0.0449333 0.625 293 0.294118 0.5 0 0
11500 0.0449269 0.625 293.625 0.294118 0.5 0 0
11510 0.0449269 0.625 293.625 0.294118 0.5 0 0
11520 0.0447218 0.625 294.25 0.298039 0.5 0 0
11530 0.0447218 0.625 294.25 0.298039 0.5 0 0
11540 0.0446533 0.625 294.875 0.294118 0.5 0 0
11550 0.0446533 0.625 294.875 0.294118 0.5 0 0
11560 0.0446533 0.625 295.5 0.294118 0.5 0 0
11570 0.0446533 0.625 295.5 0.294118 0.5 0 0
11580 0.0446534 0.625 296.125 0.294118 0.5 0 0
11590 0.0446534 0.625 296.125 0.294118 0.5 0 0
11600 0.0446545 0.5 296.625 0.294118 0.5 0 0
11610 0.0446545 0.5 296.625 0.294118 0.5 0 0
11620 0.0446585 0.625 297.25 0.294118 0.5 0 0
11630 0.0446585 0.625 297.25 0.294118 0.5 0 0
11640 0.0446588 0.625 297.875 0.294118 0.5 0 0
11650 0.0446588 0.625 297.875 0.294118 0.5 0 0
11660 0.0446594 0.625 298.5 0.294118 0.5 0 0
11670 0.0446594 0.625 298.5 0.294118 0.5 0 0
11680 0.0446594 0.625 299.125 0.294118 0.5 0 0
11690 0.0446594 0.625 299.125 0.294118 0.5 0 0
11700 0.0446595 0.75 299.875 0.294118 0.5 0 0
11710 0.0446595 0.75 299.875 0.294118 0.5 0 0
11720 0.0446595 0.625 300.5 0.294118 0.5 0 0
11730 0.0446595 0.625 300.5 0.294118 0.5 0 0
11740 0.0446595 0.375 300.875 0.294118 0.5 0 0
11750 0.0446595 0.375 300.875 0.294118 0.5 0 0
11760 0.0446599 0.375 301.25 0.294118 0.5 0 0
11770 0.0446599 0.375 301.25 0.294118 0.5 0 0
11780 0.0446604 0.375 301.625 0.294118 0.5 0 0
11790 0.0446604 0.375 301.625 0.294118 0.5 0 0
11800 0.0446604 0.375 302 0.294118 0.5 0 0
11810 0.0446604 0.375 302 0.294118 0.5 0 0
11820 0.0447992 0.375 302.375 0.294118 0.5 0 0
11830 0.0447992 0.375 302.375 0.294118 0.5 0 0
11840 0.0448743 0.5 302.875 0.294118 0.5 0 0
11850 0.0448743 0.5 302.875 0.294118 0.5 0 0
11860 0.0453231 0.5 303.375 0.294118 0.5 0 0
11870 0.0453231 0.5 303.375 0.294118 0.5 0 0
11880 0.0458232 0.5 303.875 0.298039 0.5 0 0
11890 0.0458232 0.5 303.875 0.298039 0.5 0 0
11900 0.0459679 0.5 304.375 0.301961 0.5 0 0
11910 0.0459679 0.5 304.375 0.301961 0.5 0 0
11920 0.0460147 0.5 304.875 0.301961 0.5 0 0
11930 0.0460147 0.5 304.875 0.301961 0.5 0 0
11940 0.0457313 0.5 305.375 0.298039 0.5 0 0
11950 0.0457313 0.5 305.375 0.294118 0.5 0 0
11960 0.0441842 0.5 305.875 0.282353 0.5 0 0
11970 0.0441842 0.5 305.875 0.27451 0.5 0 0
11980 0.0431119 0.25 306.125 0.27451 0.5 0 0
11990 0.0431119 0.25 306.125 0.282353 0.5 0 0
12000 0.042811 0.25 306.375 0.278431 0.5 0 0
12010 0.042811 0.25 306.375 0.278431 0.5 0 0
12020 0.0428007 0.5 306.875 0.278431 0.5 0 0
12030 0.0428007 0.5 306.875 0.270588 0.5 0 0
12040 0.0423569 0.5 307.375 0.262745 0.5 0 0
12050 0.0423569 0.5 307.375 0.258824 0.5 0 0
12060 0.0417794 0.75 308.125 0.258824 0.5 0 0
12070 0.0417794 0.75 308.125 0.258824 0.5 0 0
12080 0.0414208 0.75 308.875 0.254902 0.5 0 0
12090 0.0414208 0.75 308.875 0.254902 0.5 0 0
12100 0.041344 0.75 309.625 0.254902 0.5 0 0
12110 0.041344 0.75 309.625 0.254902 0.5 0 0
12120 0.0411609 0.75 310.375 0.25098 0.5 0 0
12130 0.0411609 0.75 310.375 0.25098 0.5 0 0
12140 0.0409962 0.5 310.875 0.25098 0.5 0 0
12150 0.0409962 0.5 310.875 0.25098 0.5 0 0
12160 0.0407423 0.5 311.375 0.247059 0.5 0 0
12170 0.0407423 0.5 311.375 0.247059 0.5 0 0
12180 0.0406324 0.5 311.875 0.247059 0.5 0 0
12190 0.0406324 0.5 311.875 0.243137 0.5 0 0
12200 0.040558 0.5 312.375 0.243137 0.5 0 0
12210 0.040558 0.5 312.375 0.243137 0.5 0 0
12220 0.0404779 0.5 312.875 0.243137 0.5 0 0
12230 0.0404779 0.5 312.875 0.243137 0.5 0 0
12240 0.0404674 0.5 313.375 0.243137 0.5 0 0
12250 0.0404674 0.5 313.375 0.243137 0.5 0 0
12260 0.0404271 0.5 313.875 0.243137 0.5 0 0
12270 0.0404271 0.5 313.875 0.239216 0.5 0 0
12280 0.0403774 0.375 314.25 0.239216 0.5 0 0
12290 0.0403774 0.375 314.25 0.239216 0.5 0 0
12300 0.0403087 0.625 314.875 0.235294 0.5 0 0
12310 0.0403087 0.625 314.875 0.235294 0.5 0 0
12320 0.040273 0.625 315.5 0.235294 0.5 0 0
12330 0.040273 0.625 315.5 0.235294 0.5 0 0
12340 0.0402342 0.625 316.125 0.235294 0.5 0 0
12350 0.0402342 0.625 316.125 0.235294 0.5 0 0
12360 0.0401693 0.75 316.875 0.235294 0.5 0 0
12370 0.0401693 0.75 316.875 0.231373 0.5 0 0
12380 0.0400699 0.75 317.625 0.231373 0.5 0 0
12390 0.0400699 0.75 317.625 0.231373 0.5 0 0
12400 0.0399749 0.875 318.5 0.231373 0.5 0 0
12410 0.0399749 0.875 318.5 0.231373 0.5 0 0
12420 0.0398487 0.875 319.375 0.235294 0.5 0 0
12430 0.0398487 0.875 319.375 0.231373 0.5 0 0
12440 0.0396512 0.875 320.25 0.227451 0.5 0 0
12450 0.0396512 0.875 320.25 0.231373 0.5 0 0
12460 0.0386299 0.625 320.875 0.235294 0.5 0 0
12470 0.0386299 0.625 320.875 0.231373 0.5 0 0
12480 0.0382873 0.625 321.5 0.227451 0.5 0 0
12490 0.0382873 0.625 321.5 0.223529 0.5 0 0
12500 0.03773 0.625 322.125 0.219608 0.5 0 0
12510 0.03773 0.625 322.125 0.223529 0.5 0 0
12520 0.0369807 0.5 322.625 0.223529 0.5 0 0
12530 0.0369807 0.5 322.625 0.223529 0.5 0 0
12540 0.0366045 0.375 323 0.223529 0.5 0 0
12550 0.0366045 0.375 323 0.223529 0.5 0 0
12560 0.0365288 0.625 323.625 0.223529 0.5 0 0
12570 0.0365288 0.625 323.625 0.223529 0.5 0 0
12580 0.0365064 0.625 324.25 0.223529 0.5 0 0
12590 0.0365064 0.625 324.25 0.223529 0.5 0 0
12600 0.0364465 0.625 324.875 0.223529 0.5 0 0
12610 0.0364465 0.625 324.875 0.223529 0.5 0 0
12620 0.0364368 0.625 325.5 0.223529 0.5 0 0
12630 0.0364368 0.625 325.5 0.223529 0.5 0 0
12640 0.0364431 0.375 325.875 0.223529 0.5 0 0
12650 0.0364431 0.375 325.875 0.223529 0.5 0 0
12660 0.0364512 0.625 326.5 0.223529 0.5 0 0
12670 0.0364512 0.625 326.5 0.223529 0.5 0 0
12680 0.0364512 0.625 327.125 0.223529 0.5 0 0
12690 0.0364512 0.625 327.125 0.227451 0.5 0 0
12700 0.0364512 0.625 327.75 0.223529 0.5 0 0
12710 0.0364512 0.625 327.75 0.219608 0.5 0 0
12720 0.0364512 0.625 328.375 0.223529 0.5 0 0
12730 0.0364512 0.625 328.375 0.223529 0.5 0 0
12740 0.0364512 0.625 329 0.223529 0.5 0 0
12750 0.0364512 0.625 329 0.223529 0.5 0 0
12760 0.0364512 0.625 329.625 0.223529 0.5 0 0
12770 0.0364512 0.625 329.625 0.223529 0.5 0 0
12780 0.0364512 0.625 330.25 0.227451 0.5 0 0
12790 0.0364512 0.625 330.25 0.223529 0.5 0 0
12800 0.0364512 0.625 330.875 0.223529 0.5 0 0
12810 0.0364512 0.625 330.875 0.223529 0.5 0 0
12820 0.0364512 0.625 331.5 0.223529 0.5 0 0
12830 0.0364512 0.625 331.5 0.223529 0.5 0 0
12840 0.0364513 0.375 331.875 0.223529 0.5 0 0
12850 0.0364513 0.375 331.875 0.223529 0.5 0 0
12860 0.0364516 0.375 332.25 0.223529 0.5 0 0
12870 0.0364516 0.375 332.25 0.223529 0.5 0 0
12880 0.0364399 0.5 332.75 0.223529 0.5 0 0
12890 0.0364399 0.5 332.75 0.223529 0.5 0 0
12900 0.0364399 0.5 333.25 0.223529 0.5 0 0
12910 0.0364399 0.5 333.25 0.223529 0.5 0 0
12920 0.0364399 0.5 333.75 0.223529 0.5 0 0
12930 0.0364399 0.5 333.75 0.223529 0.5 0 0
12940 0.0364399 0.5 334.25 0.223529 0.5 0 0
12950 0.0364399 0.5 334.25 0.223529 0.5 0 0
12960 0.0364273 0.5 334.75 0.227451 0.5 0 0
12970 0.0364273 0.5 334.75 0.223529 0.5 0 0
12980 0.0368991 0.5 335.25 0.223529 0.5 0 0
12990 0.0368991 0.5 335.25 0.223529 0.5 0 0
13000 0.0374308 0.5 335.75 0.215686 0.5 0 0
13010 0.0374308 0.5 335.75 0.219608 0.5 0 0
13020 0.0379693 0.5 336.25 0.231373 0.5 0 0
13030 0.0379693 0.5 336.25 0.235294 0.5 0 0
13040 0.038121 0.5 336.75 0.235294 0.5 0 0
13050 0.038121 0.5 336.75 0.239216 0.5 0 0
13060 0.0381211 0.5 337.25 0.239216 0.5 0 0
13070 0.0381211 0.5 337.25 0.235294 0.5 0 0
13080 0.0381497 0.5 337.75 0.235294 0.5 0 0
13090 0.0381497 0.5 337.75 0.235294 0.5 0 0
13100 0.0381494 0.375 338.125 0.239216 0.5 0 0
13110 0.0381494 0.375 338.125 0.235294 0.5 0 0
13120 0.0378209 0.75 338.875 0.223529 0.5 0 0
13130 0.0378209 0.75 338.875 0.223529 0.5 0 0
13140 0.0377173 0.75 339.625 0.219608 0.5 0 0
13150 0.0377173 0.75 339.625 0.219608 0.5 0 0
13160 0.0377073 0.75 340.375 0.219608 0.5 0 0
13170 0.0377073 0.75 340.375 0.219608 0.5 0 0
13180 0.0377073 0.75 341.125 0.219608 0.5 0 0
13190 0.0377073 0.75 341.125 0.219608 0.5 0 0
13200 0.0377073 0.75 341.875 0.219608 0.5 0 0
13210 0.0377073 0.75 341.875 0.219608 0.5 0 0
13220 0.0376381 0.875 342.75 0.215686 0.5 0 0
13230 0.0376381 0.875 342.75 0.215686 0.5 0 0
13240 0.0375566 1 343.75 0.215686 0.5 0 0
13250 0.0375566 1 343.75 0.215686 0.5 0 0
13260 0.0374856 1 344.75 0.215686 0.5 0 0
13270 0.0374856 1 344.75 0.215686 0.5 0 0
13280 0.0374136 1 345.75 0.211765 0.5 0 0
13290 0.0374136 1 345.75 0.211765 0.5 0 0
13300 0.0373147 1 346.75 0.215686 0.5 0 0
13310 0.0373147 1 346.75 0.215686 0.5 0 0
13320 0.03721 0.875 347.625 0.215686 0.5 0 0
13330 0.03721 0.875 347.625 0.215686 0.5 0 0
13340 0.0370976 0.875 348.5 0.219608 0.5 0 0
13350 0.0370976 0.875 348.5 0.219608 0.5 0 0
13360 0.0370361 1 349.5 0.219608 0.5 0 0
13370 0.0370361 1 349.5 0.219608 0.5 0 0
13380 0.0370089 1 350.5 0.219608 0.5 0 0
13390 0.0370089 1 350.5 0.219608 0.5 0 0
13400 0.0369662 1 351.5 0.223529 0.5 0 0
13410 0.0369662 1 351.5 0.223529 0.5 0 0
13420 0.0369157 0.75 352.25 0.219608 0.5 0 0
13430 0.0369157 0.75 352.25 0.223529 0.5 0 0
13440 0.0366111 0.75 353 0.219608 0.5 0 0
13450 0.0366111 0.75 353 0.215686 0.5 0 0
13460 0.0364384 0.75 353.75 0.215686 0.5 0 0
13470 0.0364384 0.75 353.75 0.219608 0.5 0 0
13480 0.0362757 0.375 354.125 0.215686 0.5 0 0
13490 0.0362757 0.375 354.125 0.215686 0.5 0 0
13500 0.0359072 0.375 354.5 0.215686 0.5 0 0
13510 0.0359072 0.375 354.5 0.215686 0.5 0 0
13520 0.0358321 0.375 354.875 0.219608 0.5 0 0
13530 0.0358321 0.375 354.875 0.215686 0.5 0 0
13540 0.0358321 0.375 355.25 0.219608 0.5 0 0
13550 0.0358321 0.375 355.25 0.215686 0.5 0 0
13560 0.0358321 0.375 355.625 0.219608 0.5 0 0
13570 0.0358321 0.375 355.625 0.215686 0.5 0 0
13580 0.0358285 0.375 356 0.219608 0.5 0 0
13590 0.0358285 0.375 356 0.215686 0.5 0 0
13600 0.0358279 0.625 356.625 0.215686 0.5 0 0
13610 0.0358279 0.625 356.625 0.215686 0.5 0 0
13620 0.0358255 0.625 357.25 0.215686 0.5 0 0
13630 0.0358255 0.625 357.25 0.219608 0.5 0 0
13640 0.0358239 0.625 357.875 0.219608 0.5 0 0
13650 0.0358239 0.625 357.875 0.215686 0.5 0 0
13660 0.0358233 0.625 358.5 0.215686 0.5 0 0
13670 0.0358233 0.625 358.5 0.219608 0.5 0 0
13680 0.0358227 0.625 359.125 0.219608 0.5 0 0
13690 0.0358227 0.625 359.125 0.215686 0.5 0 0
13700 0.0358218 0.375 359.5 0.219608 0.5 0 0
13710 0.0358218 0.375 359.5 0.215686 0.5 0 0
13720 0.0358211 0.625 360.125 0.215686 0.5 0 0
13730 0.0358211 0.625 360.125 0.215686 0.5 0 0
13740 0.0358185 0.625 360.75 0.215686 0.5 0 0
13750 0.0358185 0.625 360.75 0.219608 0.5 0 0
13760 0.0357901 0.625 361.375 0.215686 0.5 0 0
13770 0.0357901 0.625 361.375 0.215686 0.5 0 0
13780 0.0357825 0.625 362 0.219608 0.5 0 0
13790 0.0357825 0.625 362 0.215686 0.5 0 0
13800 0.0357825 0.625 362.625 0.215686 0.5 0 0
13810 0.0357825 0.625 362.625 0.219608 0.5 0 0
13820 0.0357774 0.625 363.25 0.215686 0.5 0 0
13830 0.0357774 0.625 363.25 0.219608 0.5 0 0
13840 0.0357761 0.375 363.625 0.219608 0.5 0 0
13850 0.0357761 0.375 363.625 0.219608 0.5 0 0
13860 0.0357757 0.375 364 0.215686 0.5 0 0
13870 0.0357757 0.375 364 0.215686 0.5 0 0
13880 0.0357757 0.375 364.375 0.215686 0.5 0 0
13890 0.0357757 0.375 364.375 0.215686 0.5 0 0
13900 0.0357757 0.375 364.75 0.219608 0.5 0 0
13910 0.0357757 0.375 364.75 0.215686 0.5 0 0
13920 0.0357757 0.375 365.125 0.215686 0.5 0 0
13930 0.0357757 0.375 365.125 0.215686 0.5 0 0
13940 0.0357712 0.375 365.5 0.219608 0.5 0 0
13950 0.0357712 0.375 365.5 0.215686 0.5 0 0
13960 0.0357441 0.75 366.25 0.215686 0.5 0 0
13970 0.0357441 0.75 366.25 0.219608 0.5 0 0
13980 0.0357439 0.75 367 0.215686 0.5 0 0
13990 0.0357439 0.75 367 0.215686 0.5 0 0
14000 0.0357439 0.75 367.75 0.215686 0.5 0 0
14010 0.0357439 0.75 367.75 0.215686 0.5 0 0
14020 0.0357439 0.75 368.5 0.219608 0.5 0 0
14030 0.0357439 0.75 368.5 0.215686 0.5 0 0
14040 0.0357437 0.75 369.25 0.215686 0.5 0 0
14050 0.0357437 0.75 369.25 0.215686 0.5 0 0
14060 0.0357429 0.375 369.625 0.215686 0.5 0 0
14070 0.0357429 0.375 369.625 0.219608 0.5 0 0
14080 0.0357425 0.875 370.5 0.219608 0.5 0 0
14090 0.0357425 0.875 370.5 0.215686 0.5 0 0
14100 0.0357422 0.875 371.375 0.215686 0.5 0 0
14110 0.0357422 0.875 371.375 0.215686 0.5 0 0
14120 0.0357422 0.875 372.25 0.219608 0.5 0 0
14130 0.0357422 0.875 372.25 0.215686 0.5 0 0
14140 0.0357422 0.875 373.125 0.215686 0.5 0 0
14150 0.0357422 0.875 373.125 0.215686 0.5 0 0
14160 0.0357422 1 374.125 0.219608 0.5 0 0
14170 0.0357422 1 374.125 0.219608 0.5 0 0
14180 0.0357354 1 375.125 0.215686 0.5 0 0
14190 0.0357354 1 375.125 0.219608 0.5 0 0
14200 0.0356987 1 376.125 0.215686 0.5 0 0
14210 0.0356987 1 376.125 0.215686 0.5 0 0
14220 0.035697 1 377.125 0.215686 0.5 0 0
14230 0.035697 1 377.125 0.215686 0.5 0 0
14240 0.0356964 1 378.125 0.215686 0.5 0 0
14250 0.0356964 1 378.125 0.215686 0.5 0 0
14260 0.0356964 1 379.125 0.215686 0.5 0 0
14270 0.0356964 1 379.125 0.219608 0.5 0 0
14280 0.0356964 0.875 380 0.215686 0.5 0 0
14290 0.0356964 0.875 380 0.215686 0.5 0 0
14300 0.0356963 0.875 380.875 0.219608 0.5 0 0
14310 0.0356963 0.875 380.875 0.219608 0.5 0 0
14320 0.0356959 0.875 381.75 0.215686 0.5 0 0
14330 0.0356959 0.875 381.75 0.219608 0.5 0 0
14340 0.0356955 0.875 382.625 0.215686 0.5 0 0
14350 0.0356955 0.875 382.625 0.215686 0.5 0 0
14360 0.0356954 0.875 383.5 0.219608 0.5 0 0
14370 0.0356954 0.875 383.5 0.215686 0.5 0 0
14380 0.0356954 0.875 384.375 0.215686 0.5 0 0
14390 0.0356954 0.875 384.375 0.215686 0.5 0 0
14400 0.0356954 0.875 385.25 0.215686 0.5 0 0
14410 0.0356954 0.875 385.25 0.219608 0.5 0 0
14420 0.0356953 0.875 386.125 0.219608 0.5 0 0
14430 0.0356953 0.875 386.125 0.215686 0.5 0 0
14440 0.0356951 0.875 387 0.215686 0.5 0 0
14450 0.0356951 0.875 387 0.215686 0.5 0 0
14460 0.0356949 0.875 387.875 0.215686 0.5 0 0
14470 0.0356949 0.875 387.875 0.215686 0.5 0 0
14480 0.0356949 0.875 388.75 0.215686 0.5 0 0
14490 0.0356949 0.875 388.75 0.219608 0.5 0 0
14500 0.0356948 0.875 389.625 0.219608 0.5 0 0
14510 0.0356948 0.875 389.625 0.219608 0.5 0 0
14520 0.0356948 0.5 390.125 0.215686 0.5 0 0
14530 0.0356948 0.5 390.125 0.215686 0.5 0 0
14540 0.0356947 0.75 390.875 0.215686 0.5 0 0
14550 0.0356947 0.75 390.875 0.215686 0.5 0 0
14560 0.0356949 0.875 391.75 0.215686 0.5 0 0
14570 0.0356949 0.875 391.75 0.211765 0.5 0 0
14580 0.0356961 0.875 392.625 0.215686 0.5 0 0
14590 0.0356961 0.875 392.625 0.215686 0.5 0 0
14600 0.0356961 1 393.625 0.215686 0.5 0 0
14610 0.0356961 1 393.625 0.215686 0.5 0 0
14620 0.0356961 1 394.625 0.215686 0.5 0 0
14630 0.0356961 1 394.625 0.219608 0.5 0 0
14640 0.0356961 0.875 395.5 0.219608 0.5 0 0
14650 0.0356961 0.875 395.5 0.215686 0.5 0 0
14660 0.0356961 0.625 396.125 0.215686 0.5 0 0
14670 0.0356961 0.625 396.125 0.215686 0.5 0 0
14680 0.0356961 1 397.125 0.215686 0.5 0 0
14690 0.0356961 1 397.125 0.215686 0.5 0 0
14700 0.0356961 1 398.125 0.219608 0.5 0 0
14710 0.0356961 1 398.125 0.215686 0.5 0 0
14720 0.0356961 1 399.125 0.215686 0.5 0 0
14730 0.0356961 1 399.125 0.219608 0.5 0 0
14740 0.0356961 1 400.125 0.215686 0.5 0 0
14750 0.0356961 1 400.125 0.215686 0.5 0 0
14760 0.0356961 1 401.125 0.215686 0.5 0 0
14770 0.0356961 1 401.125 0.215686 0.5 0 0
14780 0.0356961 0.75 401.875 0.215686 0.5 0 0
14790 0.0356961 0.75 401.875 0.219608 0.5 0 0
14800 0.0356961 0.875 402.75 0.219608 0.5 0 0
14810 0.0356961 0.875 402.75 0.215686 0.5 0 0
14820 0.0356924 1 403.75 0.219608 0.5 0 0
14830 0.0356924 1 403.75 0.215686 0.5 0 0
14840 0.0356904 1 404.75 0.215686 0.5 0 0
14850 0.0356904 1 404.75 0.219608 0.5 0 0
14860 0.0356894 1 405.75 0.215686 0.5 0 0
14870 0.0356894 1 405.75 0.219608 0.5 0 0
14880 0.0356894 1 406.75 0.215686 0.5 0 0
14890 0.0356894 1 406.75 0.215686 0.5 0 0
14900 0.0356894 1 407.75 0.219608 0.5 0 0
14910 0.0356894 1 407.75 0.215686 0.5 0 0
14920 0.0356894 1 408.75 0.215686 0.5 0 0
14930 0.0356894 1 408.75 0.219608 0.5 0 0
14940 0.0356894 0.875 409.625 0.219608 0.5 0 0
14950 0.0356894 0.875 409.625 0.219608 0.5 0 0
14960 0.0356894 1 410.625 0.215686 0.5 0 0
14970 0.0356894 1 410.625 0.215686 0.5 0 0
14980 0.0356894 1 411.625 0.219608 0.5 0 0
14990 0.0356894 1 411.625 0.215686 0.5 0 0
15000 0.0356894 1 412.625 0.215686 0.5 0 0
15010 0.0356894 1 412.625 0.219608 0.5 0 0
15020 0.0356894 1 413.625 0.215686 0.5 0 0
15030 0.0356894 1 413.625 0.219608 0.5 0 0
15040 0.0356894 1 414.625 0.215686 0.5 0 0
15050 0.0356894 1 414.625 0.215686 0.5 0 0
15060 0.0356894 1 415.625 0.215686 0.5 0 0
15070 0.0356894 1 415.625 0.215686 0.5 0 0
15080 0.0356894 0.75 416.375 0.215686 0.5 0 0
15090 0.0356894 0.75 416.375 0.215686 0.5 0 0
15100 0.0356894 0.75 417.125 0.219608 0.5 0 0
15110 0.0356894 0.75 417.125 0.219608 0.5 0 0
15120 0.0356894 0.75 417.875 0.215686 0.5 0 0
15130 0.0356894 0.75 417.875 0.215686 0.5 0 0
15140 0.0356894 0.75 418.625 0.215686 0.5 0 0
15150 0.0356894 0.75 418.625 0.215686 0.5 0 0
15160 0.0356894 0.75 419.375 0.219608 0.5 0 0
15170 0.0356894 0.75 419.375 0.219608 0.5 0 0
15180 0.0356894 0.75 420.125 0.219608 0.5 0 0
15190 0.0356894 0.75 420.125 0.215686 0.5 0 0
15200 0.0356894 1 421.125 0.215686 0.5 0 0
15210 0.0356894 1 421.125 0.215686 0.5 0 0
15220 0.0356894 1 422.125 0.215686 0.5 0 0
15230 0.0356894 1 422.125 0.215686 0.5 0 0
15240 0.0356894 1 423.125 0.219608 0.5 0 0
15250 0.0356894 1 423.125 0.215686 0.5 0 0
15260 0.0356894 1 424.125 0.215686 0.5 0 0
15270 0.0356894 1 424.125 0.219608 0.5 0 0
15280 0.0356894 1 425.125 0.215686 0.5 0 0
15290 0.0356894 1 425.125 0.219608 0.5 0 0
15300 0.0356894 1 426.125 0.215686 0.5 0 0
15310 0.0356894 1 426.125 0.215686 0.5 0 0
15320 0.0356894 0.875 427 0.215686 0.5 0 0
15330 0.0356894 0.875 427 0.219608 0.5 0 0
15340 0.0356728 1 428 0.215686 0.5 0 0
15350 0.0356728 1 428 0.215686 0.5 0 0
15360 0.0356728 1 429 0.219608 0.5 0 0
15370 0.0356728 1 429 0.215686 0.5 0 0
15380 0.0356728 1 430 0.215686 0.5 0 0
15390 0.0356728 1 430 0.219608 0.5 0 0
15400 0.0356728 1 431 0.215686 0.5 0 0
15410 0.0356728 1 431 0.215686 0.5 0 0
15420 0.0356728 1 432 0.215686 0.5 0 0
15430 0.0356728 1 432 0.215686 0.5 0 0
15440 0.0356728 0.875 432.875 0.215686 0.5 0 0
15450 0.0356728 0.875 432.875 0.215686 0.5 0 0
15460 0.0356724 0.875 433.75 0.215686 0.5 0 0
15470 0.0356724 0.875 433.75 0.215686 0.5 0 0
15480 0.0356696 0.75 434.5 0.215686 0.5 0 0
15490 0.0356696 0.75 434.5 0.215686 0.5 0 0
15500 0.0356692 0.75 435.25 0.219608 0.5 0 0
15510 0.0356692 0.75 435.25 0.215686 0.5 0 0
15520 0.0356692 0.75 436 0.219608 0.5 0 0
15530 0.0356692 0.75 436 0.219608 0.5 0 0
15540 0.0356692 0.75 436.75 0.215686 0.5 0 0
15550 0.0356692 0.75 436.75 0.215686 0.5 0 0
15560 0.035667 0.75 437.5 0.215686 0.5 0 0
15570 0.035667 0.75 437.5 0.215686 0.5 0 0
15580 0.0356631 0.75 438.25 0.215686 0.5 0 0
15590 0.0356631 0.75 438.25 0.215686 0.5 0 0
15600 0.0356625 0.75 439 0.215686 0.5 0 0
15610 0.0356625 0.75 439 0.211765 0.5 0 0
15620 0.0356622 0.75 439.75 0.215686 0.5 0 0
15630 0.0356622 0.75 439.75 0.215686 0.5 0 0
15640 0.0356622 0.875 440.625 0.215686 0.5 0 0
15650 0.0356622 0.875 440.625 0.215686 0.5 0 0
15660 0.0356622 0.875 441.5 0.215686 0.5 0 0
15670 0.0356622 0.875 441.5 0.215686 0.5 0 0
15680 0.0356596 0.875 442.375 0.215686 0.5 0 0
15690 0.0356596 0.875 442.375 0.215686 0.5 0 0
15700 0.0356564 0.875 443.25 0.215686 0.5 0 0
15710 0.0356564 0.875 443.25 0.215686 0.5 0 0
15720 0.0356541 0.875 444.125 0.215686 0.5 0 0
15730 0.0356541 0.875 444.125 0.215686 0.5 0 0
15740 0.0356541 1 445.125 0.215686 0.5 0 0
15750 0.0356541 1 445.125 0.215686 0.5 0 0
15760 0.0356541 1 446.125 0.215686 0.5 0 0
15770 0.0356541 1 446.125 0.215686 0.5 0 0
15780 0.0356541 1 447.125 0.215686 0.5 0 0
15790 0.0356541 1 447.125 0.219608 0.5 0 0
15800 0.0356515 1 448.125 0.219608 0.5 0 0
15810 0.0356515 1 448.125 0.215686 0.5 0 0
15820 0.0356481 1 449.125 0.219608 0.5 0 0
15830 0.0356481 1 449.125 0.219608 0.5 0 0
15840 0.0356454 1 450.125 0.215686 0.5 0 0
15850 0.0356454 1 450.125 0.215686 0.5 0 0
15860 0.0356451 0.625 450.75 0.215686 0.5 0 0
15870 0.0356451 0.625 450.75 0.215686 0.5 0 0
15880 0.0356451 0.625 451.375 0.219608 0.5 0 0
15890 0.0356451 0.625 451.375 0.215686 0.5 0 0
15900 0.0356304 0.625 452 0.219608 0.5 0 0
15910 0.0356304 0.625 452 0.219608 0.5 0 0
15920 0.0356304 0.75 452.75 0.215686 0.5 0 0
15930 0.0356304 0.75 452.75 0.215686 0.5 0 0
15940 0.0356304 0.75 453.5 0.215686 0.5 0 0
15950 0.0356304 0.75 453.5 0.215686 0.5 0 0
15960 0.0356304 0.75 454.25 0.215686 0.5 0 0
15970 0.0356304 0.75 454.25 0.219608 0.5 0 0
15980 0.0356304 0.75 455 0.215686 0.5 0 0
15990 0.0356304 0.75 455 0.219608 0.5 0 0
16000 0.0356304 0.625 455.625 0.215686 0.5 0 0
16010 0.0356304 0.625 455.625 0.219608 0.5 0 0
16020 0.0356304 0.75 456.375 0.215686 0.5 0 0
16030 0.0356304 0.75 456.375 0.215686 0.5 0 0
16040 0.0356304 0.75 457.125 0.215686 0.5 0 0
16050 0.0356304 0.75 457.125 0.219608 0.5 0 0
16060 0.0356304 0.75 457.875 0.215686 0.5 0 0
16070 0.0356304 0.75 457.875 0.215686 0.5 0 0
16080 0.0356304 0.75 458.625 0.219608 0.5 0 0
16090 0.0356304 0.75 458.625 0.215686 0.5 0 0
16100 0.0356304 0.75 459.375 0.211765 0.5 0 0
16110 0.0356304 0.75 459.375 0.215686 0.5 0 0
16120 0.0356304 0.75 460.125 0.215686 0.5 0 0
16130 0.0356304 0.75 460.125 0.215686 0.5 0 0
16140 0.0356292 0.75 460.875 0.215686 0.5 0 0
16150 0.0356292 0.75 460.875 0.215686 0.5 0 0
16160 0.0356277 0.75 461.625 0.215686 0.5 0 0
16170 0.0356277 0.75 461.625 0.215686 0.5 0 0
16180 0.035627 0.75 462.375 0.219608 0.5 0 0
16190 0.035627 0.75 462.375 0.215686 0.5 0 0
16200 0.035627 0.75 463.125 0.215686 0.5 0 0
16210 0.035627 0.75 463.125 0.215686 0.5 0 0
16220 0.035627 0.75 463.875 0.215686 0.5 0 0
16230 0.035627 0.75 463.875 0.215686 0.5 0 0
16240 0.0357644 0.625 464.5 0.215686 0.5 0 0
16250 0.0357644 0.625 464.5 0.219608 0.5 0 0
16260 0.0362832 0.75 465.25 0.211765 0.5 0 0
16270 0.0362832 0.75 465.25 0.215686 0.5 0 0
16280 0.036592 0.75 466 0.223529 0.5 0 0
16290 0.036592 0.75 466 0.231373 0.5 0 0
16300 0.036736 0.75 466.75 0.231373 0.5 0 0
16310 0.036736 0.75 466.75 0.227451 0.5 0 0
16320 0.0367362 0.75 467.5 0.231373 0.5 0 0
16330 0.0367362 0.75 467.5 0.231373 0.5 0 0
16340 0.0367362 0.75 468.25 0.231373 0.5 0 0
16350 0.0367362 0.75 468.25 0.227451 0.5 0 0
16360 0.0363659 0.875 469.125 0.219608 0.5 0 0
16370 0.0363659 0.875 469.125 0.2 0.5 0 0
16380 0.0349026 0.875 470 0.188235 0.5 0 0
16390 0.0349026 0.875 470 0.196078 0.5 0 0
16400 0.0341518 0.75 470.75 0.196078 0.5 0 0
16410 0.0341518 0.75 470.75 0.196078 0.5 0 0
16420 0.0338671 0.75 471.5 0.2 0.5 0 0
16430 0.0338671 0.75 471.5 0.196078 0.5 0 0
16440 0.0337035 0.75 472.25 0.196078 0.5 0 0
16450 0.0337035 0.75 472.25 0.2 0.5 0 0
16460 0.0333026 0.875 473.125 0.196078 0.5 0 0
16470 0.0333026 0.875 473.125 0.2 0.5 0 0
16480 0.0331271 0.875 474 0.196078 0.5 0 0
16490 0.0331271 0.875 474 0.2 0.5 0 0
16500 0.0331269 0.625 474.625 0.196078 0.5 0 0
16510 0.0331269 0.625 474.625 0.2 0.5 0 0
16520 0.0331269 0.625 475.25 0.196078 0.5 0 0
16530 0.0331269 0.625 475.25 0.196078 0.5 0 0
16540 0.0331269 0.5 475.75 0.196078 0.5 0 0
16550 0.0331269 0.5 475.75 0.196078 0.5 0 0
16560 0.0331269 0.25 476 0.196078 0.5 0 0
16570 0.0331269 0.25 476 0.2 0.5 0 0
16580 0.0331269 0.5 476.5 0.196078 0.5 0 0
16590 0.0331269 0.5 476.5 0.196078 0.5 0 0
16600 0.0331269 0.5 477 0.2 0.5 0 0
16610 0.0331269 0.5 477 0.2 0.5 0 0
16620 0.0331269 0.5 477.5 0.196078 0.5 0 0
16630 0.0331269 0.5 477.5 0.2 0.5 0 0
16640 0.0331269 0.5 478 0.196078 0.5 0 0
16650 0.0331269 0.5 478 0.192157 0.5 0 0
16660 0.0331269 0.5 478.5 0.196078 0.5 0 0
16670 0.0331269 0.5 478.5 0.196078 0.5 0 0
16680 0.0331269 0.625 479.125 0.196078 0.5 0 0
16690 0.0331269 0.625 479.125 0.2 0.5 0 0
16700 0.0330682 0.625 479.75 0.196078 0.5 0 0
16710 0.0330682 0.625 479.75 0.196078 0.5 0 0
16720 0.0330465 0.625 480.375 0.196078 0.5 0 0
16730 0.0330465 0.625 480.375 0.196078 0.5 0 0
16740 0.0330399 0.625 481 0.196078 0.5 0 0
16750 0.0330399 0.625 481 0.2 0.5 0 0
16760 0.0334467 0.625 481.625 0.2 0.5 0 0
16770 0.0334467 0.625 481.625 0.192157 0.5 0 0
16780 0.0338332 0.625 482.25 0.188235 0.5 0 0
16790 0.0338332 0.625 482.25 0.192157 0.5 0 0
16800 0.03424 0.5 482.75 0.2 0.5 0 0
16810 0.03424 0.5 482.75 0.203922 0.5 0 0
16820 0.0343213 0.5 483.25 0.207843 0.5 0 0
16830 0.0343213 0.5 483.25 0.207843 0.5 0 0
16840 0.0343213 0.5 483.75 0.203922 0.5 0 0
16850 0.0343213 0.5 483.75 0.207843 0.5 0 0
16860 0.0343561 0.25 484 0.203922 0.5 0 0
16870 0.0343561 0.25 484 0.207843 0.5 0 0
16880 0.0339441 0.375 484.375 0.192157 0.5 0 0
16890 0.0339441 0.375 484.375 0.184314 0.5 0 0
16900 0.0335804 0.625 485 0.180392 0.5 0 0
16910 0.0335804 0.625 485 0.180392 0.5 0 0
16920 0.0334506 0.625 485.625 0.184314 0.5 0 0
16930 0.0334506 0.625 485.625 0.180392 0.5 0 0
16940 0.0333367 0.625 486.25 0.184314 0.5 0 0
16950 0.0333367 0.625 486.25 0.184314 0.5 0 0
16960 0.0332333 0.625 486.875 0.184314 0.5 0 0
16970 0.0332333 0.625 486.875 0.184314 0.5 0 0
16980 0.0331329 0.625 487.5 0.184314 0.5 0 0
16990 0.0331329 0.625 487.5 0.184314 0.5 0 0
17000 0.0330803 0.5 488 0.184314 0.5 0 0
17010 0.0330803 0.5 488 0.184314 0.5 0 0
17020 0.0330569 0.75 488.75 0.184314 0.5 0 0
17030 0.0330569 0.75 488.75 0.184314 0.5 0 0
17040 0.0330205 0.75 489.5 0.184314 0.5 0 0
17050 0.0330205 0.75 489.5 0.188235 0.5 0 0
17060 0.0329946 0.75 490.25 0.188235 0.5 0 0
17070 0.0329946 0.75 490.25 0.188235 0.5 0 0
17080 0.0328565 0.5 490.75 0.188235 0.5 0 0
17090 0.0328565 0.5 490.75 0.188235 0.5 0 0
17100 0.0325016 0.5 491.25 0.188235 0.5 0 0
17110 0.0325016 0.5 491.25 0.192157 0.5 0 0
17120 0.0318109 0.625 491.875 0.184314 0.5 0 0
17130 0.0318109 0.625 491.875 0.180392 0.5 0 0
17140 0.0315656 0.625 492.5 0.172549 0.5 0 0
17150 0.0315656 0.625 492.5 0.168627 0.5 0 0
17160 0.0315349 0.625 493.125 0.164706 0.5 0 0
17170 0.0315349 0.625 493.125 0.168627 0.5 0 0
17180 0.0317938 0.625 493.75 0.172549 0.5 0 0
17190 0.0317938 0.625 493.75 0.172549 0.5 0 0
17200 0.0317981 0.875 494.625 0.172549 0.5 0 0
17210 0.0317981 0.875 494.625 0.172549 0.5 0 0
17220 0.0318005 0.875 495.5 0.172549 0.5 0 0
17230 0.0318005 0.875 495.5 0.172549 0.5 0 0
17240 0.0318011 0.875 496.375 0.172549 0.5 0 0
17250 0.0318011 0.875 496.375 0.172549 0.5 0 0
17260 0.031802 0.875 497.25 0.176471 0.5 0 0
17270 0.031802 0.875 497.25 0.172549 0.5 0 0
17280 0.0318064 0.875 498.125 0.176471 0.5 0 0
17290 0.0318064 0.875 498.125 0.172549 0.5 0 0
17300 0.0318103 0.75 498.875 0.176471 0.5 0 0
17310 0.0318103 0.75 498.875 0.172549 0.5 0 0
17320 0.0318141 0.625 499.5 0.176471 0.5 0 0
17330 0.0318141 0.625 499.5 0.176471 0.5 0 0
17340 0.0318045 0.75 500.25 0.176471 0.5 0 0
17350 0.0318045 0.75 500.25 0.176471 0.5 0 0
17360 0.0317452 0.75 501 0.176471 0.5 0 0
17370 0.0317452 0.75 501 0.176471 0.5 0 0
17380 0.0317058 0.5 501.5 0.172549 0.5 0 0
17390 0.0317058 0.5 501.5 0.172549 0.5 0 0
17400 0.0316999 0.75 502.25 0.176471 0.5 0 0
17410 0.0316999 0.75 502.25 0.176471 0.5 0 0
17420 0.0316398 0.75 503 0.176471 0.5 0 0
17430 0.0316398 0.75 503 0.172549 0.5 0 0
17440 0.0316398 0.75 503.75 0.172549 0.5 0 0
17450 0.0316398 0.75 503.75 0.172549 0.5 0 0
17460 0.0315967 0.375 504.125 0.172549 0.5 0 0
17470 0.0315967 0.375 504.125 0.172549 0.5 0 0
17480 0.0311347 0.375 504.5 0.168627 0.5 0 0
17490 0.0311347 0.375 504.5 0.172549 0.5 0 0
17500 0.0305114 0.5 505 0.156863 0.5 0 0
17510 0.0305114 0.5 505 0.14902 0.5 0 0
17520 0.0294721 0.625 505.625 0.14902 0.5 0 0
17530 0.0294721 0.625 505.625 0.14902 0.5 0 0
17540 0.0289552 0.625 506.25 0.14902 0.5 0 0
17550 0.0289552 0.625 506.25 0.14902 0.5 0 0
17560 0.0285472 0.625 506.875 0.145098 0.5 0 0
17570 0.0285472 0.625 506.875 0.145098 0.5 0 0
17580 0.0277879 0.625 507.5 0.141176 0.5 0 0
17590 0.0277879 0.625 507.5 0.141176 0.5 0 0
17600 0.027086 0.625 508.125 0.141176 0.5 0 0
17610 0.027086 0.625 508.125 0.137255 0.5 0 0
17620 0.0267692 0.625 508.75 0.141176 0.5 0 0
17630 0.0267692 0.625 508.75 0.141176 0.5 0 0
17640 0.0266639 0.625 509.375 0.137255 0.5 0 0
17650 0.0266639 0.625 509.375 0.141176 0.5 0 0
17660 0.0266611 0.625 510 0.141176 0.5 0 0
17670 0.0266611 0.625 510 0.141176 0.5 0 0
17680 0.0266611 0.625 510.625 0.141176 0.5 0 0
17690 0.0266611 0.625 510.625 0.141176 0.5 0 0
17700 0.0266155 0.375 511 0.141176 0.5 0 0
17710 0.0266155 0.375 511 0.141176 0.5 0 0
17720 0.0266155 0.25 511.25 0.141176 0.5 0 0
17730 0.0266155 0.25 511.25 0.141176 0.5 0 0
17740 0.0266155 0.375 511.625 0.141176 0.5 0 0
17750 0.0266155 0.375 511.625 0.141176 0.5 0 0
17760 0.0268688 0.375 512 0.141176 0.5 0 0
17770 0.0268688 0.375 512 0.141176 0.5 0 0
17780 0.026946 0.375 512.375 0.141176 0.5 0 0
17790 0.026946 0.375 512.375 0.141176 0.5 0 0
17800 0.0272068 0.375 512.75 0.14902 0.5 0 0
17810 0.0272068 0.375 512.75 0.14902 0.5 0 0
17820 0.0271843 0.375 513.125 0.14902 0.5 0 0
17830 0.0271843 0.375 513.125 0.14902 0.5 0 0
17840 0.0271843 0.375 513.5 0.152941 0.5 0 0
17850 0.0271843 0.375 513.5 0.14902 0.5 0 0
17860 0.0269974 0.375 513.875 0.145098 0.5 0 0
17870 0.0269974 0.375 513.875 0.141176 0.5 0 0
17880 0.0257254 0.25 514.125 0.129412 0.5 0 0
17890 0.0257254 0.25 514.125 0.12549 0.5 0 0
17900 0.0247495 0.25 514.375 0.12549 0.5 0 0
17910 0.0247495 0.25 514.375 0.12549 0.5 0 0
17920 0.0243724 0.625 515 0.121569 0.5 0 0
17930 0.0243724 0.625 515 0.121569 0.5 0 0
17940 0.0240934 0.75 515.75 0.121569 0.5 0 0
17950 0.0240934 0.75 515.75 0.121569 0.5 0 0
17960 0.0236119 0.75 516.5 0.121569 0.5 0 0
17970 0.0236119 0.75 516.5 0.121569 0.5 0 0
17980 0.0231661 0.75 517.25 0.121569 0.5 0 0
17990 0.0231661 0.75 517.25 0.121569 0.5 0 0
18000 0.022822 0.75 518 0.121569 0.5 0 0
18010 0.022822 0.75 518 0.121569 0.5 0 0
18020 0.0226459 0.75 518.75 0.121569 0.5 0 0
18030 0.0226459 0.75 518.75 0.121569 0.5 0 0
18040 0.0226276 0.75 519.5 0.121569 0.5 0 0
18050 0.0226276 0.75 519.5 0.121569 0.5 0 0
18060 0.0226276 0.75 520.25 0.121569 0.5 0 0
18070 0.0226276 0.75 520.25 0.121569 0.5 0 0
18080 0.0226276 0.75 521 0.121569 0.5 0 0
18090 0.0226276 0.75 521 0.121569 0.5 0 0
18100 0.0226269 0.75 521.75 0.121569 0.5 0 0
18110 0.0226269 0.75 521.75 0.121569 0.5 0 0
18120 0.022542 0.75 522.5 0.121569 0.5 0 0
18130 0.022542 0.75 522.5 0.121569 0.5 0 0
18140 0.0224437 0.625 523.125 0.121569 0.5 0 0
18150 0.0224437 0.625 523.125 0.117647 0.5 0 0
18160 0.0225516 0.625 523.75 0.113725 0.5 0 0
18170 0.0225516 0.625 523.75 0.113725 0.5 0 0
18180 0.0225815 0.875 524.625 0.113725 0.5 0 0
18190 0.0225815 0.875 524.625 0.121569 0.5 0 0
18200 0.022574 0.875 525.5 0.117647 0.5 0 0
18210 0.022574 0.875 525.5 0.117647 0.5 0 0
18220 0.0225735 0.875 526.375 0.121569 0.5 0 0
18230 0.0225735 0.875 526.375 0.117647 0.5 0 0
18240 0.0223984 0.75 527.125 0.113725 0.5 0 0
18250 0.0223984 0.75 527.125 0.105882 0.5 0 0
18260 0.0218227 0.75 527.875 0.101961 0.5 0 0
18270 0.0218227 0.75 527.875 0.105882 0.5 0 0
18280 0.0213672 0.75 528.625 0.105882 0.5 0 0
18290 0.0213672 0.75 528.625 0.105882 0.5 0 0
18300 0.0210604 0.875 529.5 0.105882 0.5 0 0
18310 0.0210604 0.875 529.5 0.105882 0.5 0 0
18320 0.0208868 0.875 530.375 0.105882 0.5 0 0
18330 0.0208868 0.875 530.375 0.109804 0.5 0 0
18340 0.020518 0.875 531.25 0.105882 0.5 0 0
18350 0.020518 0.875 531.25 0.105882 0.5 0 0
18360 0.0201705 0.875 532.125 0.101961 0.5 0 0
18370 0.0201705 0.875 532.125 0.105882 0.5 0 0
18380 0.0200553 0.875 533 0.105882 0.5 0 0
18390 0.0200553 0.875 533 0.105882 0.5 0 0
18400 0.0200488 0.875 533.875 0.105882 0.5 0 0
18410 0.0200488 0.875 533.875 0.105882 0.5 0 0
18420 0.0200426 0.875 534.75 0.105882 0.5 0 0
18430 0.0200426 0.875 534.75 0.105882 0.5 0 0
18440 0.0200364 0.875 535.625 0.105882 0.5 0 0
18450 0.0200364 0.875 535.625 0.101961 0.5 0 0
18460 0.019997 0.875 536.5 0.105882 0.5 0 0
18470 0.019997 0.875 536.5 0.105882 0.5 0 0
18480 0.0199828 0.875 537.375 0.105882 0.5 0 0
18490 0.0199828 0.875 537.375 0.105882 0.5 0 0
18500 0.0199625 0.875 538.25 0.105882 0.5 0 0
18510 0.0199625 0.875 538.25 0.105882 0.5 0 0
18520 0.0199596 0.875 539.125 0.105882 0.5 0 0
18530 0.0199596 0.875 539.125 0.105882 0.5 0 0
18540 0.0199504 0.625 539.75 0.105882 0.5 0 0
18550 0.0199504 0.625 539.75 0.105882 0.5 0 0
18560 0.0199504 0.625 540.375 0.105882 0.5 0 0
18570 0.0199504 0.625 540.375 0.105882 0.5 0 0
18580 0.0199483 0.75 541.125 0.105882 0.5 0 0
18590 0.0199483 0.75 541.125 0.105882 0.5 0 0
18600 0.0199031 1 542.125 0.105882 0.5 0 0
18610 0.0199031 1 542.125 0.105882 0.5 0 0
18620 0.0198865 1 543.125 0.105882 0.5 0 0
18630 0.0198865 1 543.125 0.105882 0.5 0 0
18640 0.0198865 1 544.125 0.105882 0.5 0 0
18650 0.0198865 1 544.125 0.105882 0.5 0 0
18660 0.0198865 1 545.125 0.105882 0.5 0 0
18670 0.0198865 1 545.125 0.105882 0.5 0 0
18680 0.0198865 1 546.125 0.105882 0.5 0 0
18690 0.0198865 1 546.125 0.105882 0.5 0 0
18700 0.0198865 1 547.125 0.105882 0.5 0 0
18710 0.0198865 1 547.125 0.105882 0.5 0 0
18720 0.0198831 1 548.125 0.105882 0.5 0 0
18730 0.0198831 1 548.125 0.105882 0.5 0 0
18740 0.0198664 1 549.125 0.105882 0.5 0 0
18750 0.0198664 1 549.125 0.105882 0.5 0 0
18760 0.0198112 1 550.125 0.101961 0.5 0 0
18770 0.0198112 1 550.125 0.105882 0.5 0 0
18780 0.019805 1 551.125 0.105882 0.5 0 0
18790 0.019805 1 551.125 0.105882 0.5 0 0
18800 0.0197987 1 552.125 0.105882 0.5 0 0
18810 0.0197987 1 552.125 0.105882 0.5 0 0
18820 0.0197927 1 553.125 0.105882 0.5 0 0
18830 0.0197927 1 553.125 0.105882 0.5 0 0
18840 0.0197868 1 554.125 0.105882 0.5 0 0
18850 0.0197868 1 554.125 0.105882 0.5 0 0
18860 0.0197761 0.875 555 0.105882 0.5 0 0
18870 0.0197761 0.875 555 0.105882 0.5 0 0
18880 0.0197612 0.875 555.875 0.105882 0.5 0 0
18890 0.0197612 0.875 555.875 0.105882 0.5 0 0
18900 0.0197613 0.875 556.75 0.105882 0.5 0 0
18910 0.0197613 0.875 556.75 0.105882 0.5 0 0
18920 0.0197613 0.875 557.625 0.105882 0.5 0 0
18930 0.0197613 0.875 557.625 0.105882 0.5 0 0
18940 0.0197612 0.875 558.5 0.105882 0.5 0 0
18950 0.0197612 0.875 558.5 0.105882 0.5 0 0
18960 0.0197611 0.75 559.25 0.105882 0.5 0 0
18970 0.0197611 0.75 559.25 0.105882 0.5 0 0
18980 0.0197615 0.875 560.125 0.105882 0.5 0 0
18990 0.0197615 0.875 560.125 0.101961 0.5 0 0
19000 0.0197569 0.875 561 0.105882 0.5 0 0
19010 0.0197569 0.875 561 0.105882 0.5 0 0
19020 0.0197328 0.875 561.875 0.105882 0.5 0 0
19030 0.0197328 0.875 561.875 0.105882 0.5 0 0
19040 0.019723 0.875 562.75 0.105882 0.5 0 0
19050 0.019723 0.875 562.75 0.105882 0.5 0 0
19060 0.0197227 0.875 563.625 0.105882 0.5 0 0
19070 0.0197227 0.875 563.625 0.105882 0.5 0 0
19080 0.019723 0.875 564.5 0.105882 0.5 0 0
19090 0.019723 0.875 564.5 0.105882 0.5 0 0
19100 0.0197232 0.875 565.375 0.105882 0.5 0 0
19110 0.0197232 0.875 565.375 0.105882 0.5 0 0
19120 0.0197145 1 566.375 0.105882 0.5 0 0
19130 0.0197145 1 566.375 0.105882 0.5 0 0
19140 0.019687 1 567.375 0.105882 0.5 0 0
19150 0.019687 1 567.375 0.105882 0.5 0 0
19160 0.0196854 1 568.375 0.105882 0.5 0 0
19170 0.0196854 1 568.375 0.105882 0.5 0 0
19180 0.0196833 1 569.375 0.105882 0.5 0 0
19190 0.0196833 1 569.375 0.105882 0.5 0 0
19200 0.0196837 1 570.375 0.105882 0.5 0 0
19210 0.0196837 1 570.375 0.105882 0.5 0 0
19220 0.0196837 1 571.375 0.105882 0.5 0 0
19230 0.0196837 1 571.375 0.105882 0.5 0 0
19240 0.019684 0.625 572 0.105882 0.5 0 0
19250 0.019684 0.625 572 0.105882 0.5 0 0
19260 0.0196871 0.5 572.5 0.105882 0.5 0 0
19270 0.0196871 0.5 572.5 0.105882 0.5 0 0
19280 0.0196917 0.75 573.25 0.105882 0.5 0 0
19290 0.0196917 0.75 573.25 0.105882 0.5 0 0
19300 0.019693 0.75 574 0.105882 0.5 0 0
19310 0.019693 0.75 574 0.101961 0.5 0 0
19320 0.019693 0.75 574.75 0.105882 0.5 0 0
19330 0.019693 0.75 574.75 0.105882 0.5 0 0
19340 0.0196935 0.75 575.5 0.105882 0.5 0 0
19350 0.0196935 0.75 575.5 0.105882 0.5 0 0
19360 0.0196936 0.75 576.25 0.105882 0.5 0 0
19370 0.0196936 0.75 576.25 0.105882 0.5 0 0
19380 0.019691 0.75 577 0.105882 0.5 0 0
19390 0.019691 0.75 577 0.105882 0.5 0 0
19400 0.0196835 0.5 577.5 0.101961 0.5 0 0
19410 0.0196835 0.5 577.5 0.105882 0.5 0 0
19420 0.0196835 0.5 578 0.105882 0.5 0 0
19430 0.0196835 0.5 578 0.105882 0.5 0 0
19440 0.0196835 0.5 578.5 0.105882 0.5 0 0
19450 0.0196835 0.5 578.5 0.105882 0.5 0 0
19460 0.019684 0.625 579.125 0.105882 0.5 0 0
19470 0.019684 0.625 579.125 0.105882 0.5 0 0
19480 0.0196842 0.625 579.75 0.105882 0.5 0 0
19490 0.0196842 0.625 579.75 0.105882 0.5 0 0
19500 0.0196851 0.625 580.375 0.105882 0.5 0 0
19510 0.0196851 0.625 580.375 0.105882 0.5 0 0
19520 0.0196817 0.875 581.25 0.105882 0.5 0 0
19530 0.0196817 0.875 581.25 0.105882 0.5 0 0
19540 0.0196798 0.875 582.125 0.105882 0.5 0 0
19550 0.0196798 0.875 582.125 0.105882 0.5 0 0
19560 0.0196798 0.75 582.875 0.105882 0.5 0 0
19570 0.0196798 0.75 582.875 0.105882 0.5 0 0
19580 0.0196791 0.75 583.625 0.105882 0.5 0 0
19590 0.0196791 0.75 583.625 0.105882 0.5 0 0
19600 0.0196667 0.75 584.375 0.105882 0.5 0 0
19610 0.0196667 0.75 584.375 0.105882 0.5 0 0
19620 0.019648 0.5 584.875 0.105882 0.5 0 0
19630 0.019648 0.5 584.875 0.105882 0.5 0 0
19640 0.0196474 0.5 585.375 0.105882 0.5 0 0
19650 0.0196474 0.5 585.375 0.105882 0.5 0 0
19660 0.0196481 0.5 585.875 0.105882 0.5 0 0
19670 0.0196481 0.5 585.875 0.105882 0.5 0 0
19680 0.0196481 0.75 586.625 0.105882 0.5 0 0
19690 0.0196481 0.75 586.625 0.101961 0.5 0 0
19700 0.0196481 0.75 587.375 0.105882 0.5 0 0
19710 0.0196481 0.75 587.375 0.105882 0.5 0 0
19720 0.0196492 0.75 588.125 0.105882 0.5 0 0
19730 0.0196492 0.75 588.125 0.105882 0.5 0 0
19740 0.0196467 0.75 588.875 0.105882 0.5 0 0
19750 0.0196467 0.75 588.875 0.105882 0.5 0 0
19760 0.0196226 0.875 589.75 0.105882 0.5 0 0
19770 0.0196226 0.875 589.75 0.105882 0.5 0 0
19780 0.0196223 0.875 590.625 0.105882 0.5 0 0
19790 0.0196223 0.875 590.625 0.105882 0.5 0 0
19800 0.0196224 0.75 591.375 0.105882 0.5 0 0
19810 0.0196224 0.75 591.375 0.105882 0.5 0 0
19820 0.0196224 0.875 592.25 0.105882 0.5 0 0
19830 0.0196224 0.875 592.25 0.105882 0.5 0 0
19840 0.0196229 0.875 593.125 0.105882 0.5 0 0
19850 0.0196229 0.875 593.125 0.105882 0.5 0 0
19860 0.0196229 0.75 593.875 0.105882 0.5 0 0
19870 0.0196229 0.75 593.875 0.105882 0.5 0 0
19880 0.0196229 0.5 594.375 0.105882 0.5 0 0
19890 0.0196229 0.5 594.375 0.105882 0.5 0 0
19900 0.0196243 0.625 595 0.105882 0.5 0 0
19910 0.0196243 0.625 595 0.105882 0.5 0 0
19920 0.0196168 0.625 595.625 0.105882 0.5 0 0
19930 0.0196168 0.625 595.625 0.101961 0.5 0 0
19940 0.0196168 0.625 596.25 0.105882 0.5 0 0
19950 0.0196168 0.625 596.25 0.109804 0.5 0 0
19960 0.0196172 0.625 596.875 0.101961 0.5 0 0
19970 0.0196172 0.625 596.875 0.105882 0.5 0 0
19980 0.0196172 0.625 597.5 0.105882 0.5 0 0
19990 0.0196172 0.625 597.5 0.105882 0.5 0 0
20000 0.0196176 0.625 598.125 0.101961 0.5 0 0
20010 0.0196176 0.625 598.125 0.105882 0.5 0 0
