0 0.105563 0 0 0.5 0.5 0 0
10 0.105563 0 0 0.745098 0.5 0 0
20 0.104838 0.5 0.5 0.611765 0.5 0 0
30 0.104838 0.5 0.5 0.65098 0.5 0 0
40 0.104704 0.5 1 0.745098 0.5 0 0
50 0.104704 0.5 1 0.690196 0.5 0 0
60 0.104468 0.5 1.5 0.670588 0.5 0 0
70 0.104468 0.5 1.5 0.623529 0.5 0 0
80 0.104598 0.5 2 0.670588 0.5 0 0
90 0.104598 0.5 2 0.611765 0.5 0 0
100 0.104453 0.5 2.5 0.631373 0.5 0 0
110 0.104453 0.5 2.5 0.690196 0.5 0 0
120 0.104298 0.5 3 0.784314 0.5 0 0
130 0.104298 0.5 3 0.670588 0.5 0 0
140 0.104004 0.5 3.5 0.745098 0.5 0 0
150 0.104004 0.5 3.5 0.745098 0.5 0 0
160 0.103987 0.5 4 0.611765 0.5 0 0
170 0.103987 0.5 4 0.72549 0.5 0 0
180 0.103975 0.625 4.625 0.639216 0.5 0 0
190 0.103975 0.625 4.625 0.67451 0.5 0 0
200 0.103964 0.625 5.25 0.784314 0.5 0 0
210 0.103964 0.625 5.25 0.729412 0.5 0 0
220 0.103951 0.625 5.875 0.784314 0.5 0 0
230 0.103951 0.625 5.875 0.639216 0.5 0 0
240 0.103894 0.625 6.5 0.611765 0.5 0 0
250 0.103894 0.625 6.5 0.619608 0.5 0 0
260 0.104755 0.25 6.75 0.784314 0.5 0 0
270 0.104755 0.25 6.75 0.54902 0.5 0 0
280 0.104159 0.375 7.125 0.556863 0.5 0 0
290 0.104159 0.375 7.125 0.572549 0.5 0 0
300 0.103644 0.375 7.5 0.607843 0.5 0 0
310 0.103644 0.375 7.5 0.556863 0.5 0 0
320 0.10363 0.5 8 0.611765 0.5 0 0
330 0.10363 0.5 8 0.678431 0.5 0 0
340 0.103682 0.5 8.5 0.745098 0.5 0 0
350 0.103682 0.5 8.5 0.647059 0.5 0 0
360 0.10374 0.5 9 0.611765 0.5 0 0
370 0.10374 0.5 9 0.603922 0.5 0 0
380 0.1038 0.5 9.5 0.631373 0.5 0 0
390 0.1038 0.5 9.5 0.576471 0.5 0 0
400 0.103876 0.5 10 0.666667 0.5 0 0
410 0.103876 0.5 10 0.627451 0.5 0 0
420 0.103769 0.5 10.5 0.627451 0.5 0 0
430 0.103769 0.5 10.5 0.639216 0.5 0 0
440 0.103768 0.5 11 0.662745 0.5 0 0
450 0.103768 0.5 11 0.662745 0.5 0 0
460 0.103768 0.5 11.5 0.635294 0.5 0 0
470 0.103768 0.5 11.5 0.615686 0.5 0 0
480 0.103768 0.5 12 0.627451 0.5 0 0
490 0.103768 0.5 12 0.647059 0.5 0 0
500 0.103767 0.5 12.5 0.619608 0.5 0 0
510 0.103767 0.5 12.5 0.647059 0.5 0 0
520 0.103768 0.25 12.75 0.670588 0.5 0 0
530 0.103768 0.25 12.75 0.745098 0.5 0 0
540 0.103768 0.25 13 0.733333 0.5 0 0
550 0.103768 0.25 13 0.564706 0.5 0 0
560 0.103768 0.5 13.5 0.733333 0.5 0 0
570 0.103768 0.5 13.5 0.596078 0.5 0 0
580 0.103784 0.5 14 0.639216 0.5 0 0
590 0.103784 0.5 14 0.662745 0.5 0 0
600 0.103818 0.375 14.375 0.701961 0.5 0 0
610 0.103818 0.375 14.375 0.635294 0.5 0 0
620 0.103818 0.375 14.75 0.647059 0.5 0 0
630 0.103818 0.375 14.75 0.611765 0.5 0 0
640 0.103817 0.375 15.125 0.588235 0.5 0 0
650 0.103817 0.375 15.125 0.741176 0.5 0 0
660 0.103817 0.375 15.5 0.745098 0.5 0 0
670 0.103817 0.375 15.5 0.654902 0.5 0 0
680 0.103817 0.5 16 0.615686 0.5 0 0
690 0.103817 0.5 16 0.639216 0.5 0 0
700 0.103794 0.5 16.5 0.670588 0.5 0 0
710 0.103794 0.5 16.5 0.639216 0.5 0 0
720 0.103751 0.5 17 0.701961 0.5 0 0
730 0.103751 0.5 17 0.6 0.5 0 0
740 0.103722 0.5 17.5 0.607843 0.5 0 0
750 0.103722 0.5 17.5 0.733333 0.5 0 0
760 0.103703 0.5 18 0.54902 0.5 0 0
770 0.103703 0.5 18 0.615686 0.5 0 0
780 0.103651 0.375 18.375 0.745098 0.5 0 0
790 0.103651 0.375 18.375 0.588235 0.5 0 0
800 0.103605 0.375 18.75 0.596078 0.5 0 0
810 0.103605 0.375 18.75 0.627451 0.5 0 0
820 0.103573 0.375 19.125 0.588235 0.5 0 0
830 0.103573 0.375 19.125 0.556863 0.5 0 0
840 0.103482 0.375 19.5 0.654902 0.5 0 0
850 0.103482 0.375 19.5 0.627451 0.5 0 0
860 0.103454 0.375 19.875 0.745098 0.5 0 0
870 0.103454 0.375 19.875 0.615686 0.5 0 0
880 0.103444 0.375 20.25 0.662745 0.5 0 0
890 0.103444 0.375 20.25 0.576471 0.5 0 0
900 0.103427 0.375 20.625 0.619608 0.5 0 0
910 0.103427 0.375 20.625 0.588235 0.5 0 0
920 0.103381 0.375 21 0.6 0.5 0 0
930 0.103381 0.375 21 0.596078 0.5 0 0
940 0.103356 0.375 21.375 0.615686 0.5 0 0
950 0.103356 0.375 21.375 0.643137 0.5 0 0
960 0.103338 0.375 21.75 0.635294 0.5 0 0
970 0.103338 0.375 21.75 0.556863 0.5 0 0
980 0.103306 0.375 22.125 0.588235 0.5 0 0
990 0.103306 0.375 22.125 0.74902 0.5 0 0
1000 0.103307 0.5 22.625 0.615686 0.5 0 0
1010 0.103307 0.5 22.625 0.709804 0.5 0 0
1020 0.103311 0.5 23.125 0.741176 0.5 0 0
1030 0.103311 0.5 23.125 0.615686 0.5 0 0
1040 0.103306 0.5 23.625 0.741176 0.5 0 0
1050 0.103306 0.5 23.625 0.607843 0.5 0 0
1060 0.103298 0.5 24.125 0.627451 0.5 0 0
1070 0.103298 0.5 24.125 0.709804 0.5 0 0
1080 0.103298 0.5 24.625 0.615686 0.5 0 0
1090 0.103298 0.5 24.625 0.635294 0.5 0 0
1100 0.102318 0.5 25.125 0.627451 0.5 0 0
1110 0.102318 0.5 25.125 0.733333 0.5 0 0
1120 0.101857 0.5 25.625 0.741176 0.5 0 0
1130 0.101857 0.5 25.625 0.745098 0.5 0 0
1140 0.101857 0.5 26.125 0.556863 0.5 0 0
1150 0.101857 0.5 26.125 0.596078 0.5 0 0
1160 0.1018 0.5 26.625 0.627451 0.5 0 0
1170 0.1018 0.5 26.625 0.745098 0.5 0 0
1180 0.101795 0.5 27.125 0.670588 0.5 0 0
1190 0.101795 0.5 27.125 0.607843 0.5 0 0
1200 0.101795 0.5 27.625 0.596078 0.5 0 0
1210 0.101795 0.5 27.625 0.6 0.5 0 0
1220 0.101795 0.5 28.125 0.647059 0.5 0 0
1230 0.101795 0.5 28.125 0.662745 0.5 0 0
1240 0.101795 0.625 28.75 0.619608 0.5 0 0
1250 0.101795 0.625 28.75 0.67451 0.5 0 0
1260 0.101795 0.625 29.375 0.576471 0.5 0 0
1270 0.101795 0.625 29.375 0.568627 0.5 0 0
1280 0.101795 0.625 30 0.74902 0.5 0 0
1290 0.101795 0.625 30 0.596078 0.5 0 0
1300 0.101795 0.625 30.625 0.733333 0.5 0 0
1310 0.101795 0.625 30.625 0.678431 0.5 0 0
1320 0.101795 0.625 31.25 0.607843 0.5 0 0
1330 0.101795 0.625 31.25 0.678431 0.5 0 0
1340 0.101795 0.375 31.625 0.588235 0.5 0 0
1350 0.101795 0.375 31.625 0.709804 0.5 0 0
1360 0.101687 0.375 32 0.741176 0.5 0 0
1370 0.101687 0.375 32 0.576471 0.5 0 0
1380 0.101687 0.375 32.375 0.662745 0.5 0 0
1390 0.101687 0.375 32.375 0.643137 0.5 0 0
1400 0.101687 0.375 32.75 0.764706 0.5 0 0
1410 0.101687 0.375 32.75 0.733333 0.5 0 0
1420 0.101687 0.375 33.125 0.576471 0.5 0 0
1430 0.101687 0.375 33.125 0.635294 0.5 0 0
1440 0.101687 0.375 33.5 0.741176 0.5 0 0
1450 0.101687 0.375 33.5 0.576471 0.5 0 0
1460 0.101671 0.375 33.875 0.678431 0.5 0 0
1470 0.101671 0.375 33.875 0.615686 0.5 0 0
1480 0.101671 0.25 34.125 0.611765 0.5 0 0
1490 0.101671 0.25 34.125 0.670588 0.5 0 0
1500 0.10167 0.375 34.5 0.521569 0.5 0 0
1510 0.10167 0.375 34.5 0.627451 0.5 0 0
1520 0.101672 0.375 34.875 0.635294 0.5 0 0
1530 0.101672 0.375 34.875 0.52549 0.5 0 0
1540 0.101672 0.375 35.25 0.592157 0.5 0 0
1550 0.101672 0.375 35.25 0.576471 0.5 0 0
1560 0.101667 0.375 35.625 0.764706 0.5 0 0
1570 0.101667 0.375 35.625 0.662745 0.5 0 0
1580 0.101667 0.375 36 0.764706 0.5 0 0
1590 0.101667 0.375 36 0.647059 0.5 0 0
1600 0.101835 0.25 36.25 0.733333 0.5 0 0
1610 0.101835 0.25 36.25 0.737255 0.5 0 0
1620 0.101669 0.375 36.625 0.607843 0.5 0 0
1630 0.101669 0.375 36.625 0.662745 0.5 0 0
1640 0.0998027 0.375 37 0.658824 0.5 0 0
1650 0.0998027 0.375 37 0.564706 0.5 0 0
1660 0.098478 0.375 37.375 0.552941 0.5 0 0
1670 0.098478 0.375 37.375 0.545098 0.5 0 0
1680 0.0976958 0.5 37.875 0.521569 0.5 0 0
1690 0.0976958 0.5 37.875 0.509804 0.5 0 0
1700 0.0965998 0.5 38.375 0.517647 0.5 0 0
1710 0.0965998 0.5 38.375 0.513725 0.5 0 0
1720 0.0960877 0.5 38.875 0.517647 0.5 0 0
1730 0.0960877 0.5 38.875 0.513725 0.5 0 0
1740 0.0958788 0.5 39.375 0.513725 0.5 0 0
1750 0.0958788 0.5 39.375 0.513725 0.5 0 0
1760 0.0958785 0.5 39.875 0.517647 0.5 0 0
1770 0.0958785 0.5 39.875 0.513725 0.5 0 0
1780 0.0958742 0.5 40.375 0.513725 0.5 0 0
1790 0.0958742 0.5 40.375 0.517647 0.5 0 0
1800 0.0958742 0.5 40.875 0.517647 0.5 0 0
1810 0.0958742 0.5 40.875 0.517647 0.5 0 0
1820 0.0958742 0.5 41.375 0.513725 0.5 0 0
1830 0.0958742 0.5 41.375 0.517647 0.5 0 0
1840 0.0958742 0.5 41.875 0.517647 0.5 0 0
1850 0.0958742 0.5 41.875 0.513725 0.5 0 0
1860 0.0958655 0.5 42.375 0.517647 0.5 0 0
1870 0.0958655 0.5 42.375 0.517647 0.5 0 0
1880 0.0958487 0.5 42.875 0.517647 0.5 0 0
1890 0.0958487 0.5 42.875 0.513725 0.5 0 0
1900 0.0959312 0.5 43.375 0.509804 0.5 0 0
1910 0.0959312 0.5 43.375 0.505882 0.5 0 0
1920 0.0962549 0.5 43.875 0.494118 0.5 0 0
1930 0.0962549 0.5 43.875 0.482353 0.5 0 0
1940 0.0963064 0.5 44.375 0.466667 0.5 0 0
1950 0.0963064 0.5 44.375 0.454902 0.5 0 0
1960 0.096222 0.5 44.875 0.447059 0.5 0 0
1970 0.096222 0.5 44.875 0.447059 0.5 0 0
1980 0.096142 0.5 45.375 0.447059 0.5 0 0
1990 0.096142 0.5 45.375 0.447059 0.5 0 0
2000 0.0960849 0.5 45.875 0.45098 0.5 0 0
2010 0.0960849 0.5 45.875 0.447059 0.5 0 0
2020 0.0960739 0.5 46.375 0.447059 0.5 0 0
2030 0.0960739 0.5 46.375 0.45098 0.5 0 0
2040 0.0960768 0.5 46.875 0.447059 0.5 0 0
2050 0.0960768 0.5 46.875 0.447059 0.5 0 0
2060 0.0970242 0.5 47.375 0.447059 0.5 0 0
2070 0.0970242 0.5 47.375 0.447059 0.5 0 0
2080 0.0974397 0.5 47.875 0.447059 0.5 0 0
2090 0.0974397 0.5 47.875 0.447059 0.5 0 0
2100 0.0974393 0.375 48.25 0.45098 0.5 0 0
2110 0.0974393 0.375 48.25 0.447059 0.5 0 0
2120 0.0974378 0.375 48.625 0.447059 0.5 0 0
2130 0.0974378 0.375 48.625 0.45098 0.5 0 0
2140 0.097342 0.375 49 0.45098 0.5 0 0
2150 0.097342 0.375 49 0.447059 0.5 0 0
2160 0.0973236 0.375 49.375 0.447059 0.5 0 0
2170 0.0973236 0.375 49.375 0.443137 0.5 0 0
2180 0.0973249 0.5 49.875 0.443137 0.5 0 0
2190 0.0973249 0.5 49.875 0.447059 0.5 0 0
2200 0.0973681 0.625 50.5 0.443137 0.5 0 0
2210 0.0973681 0.625 50.5 0.447059 0.5 0 0
2220 0.097396 0.625 51.125 0.443137 0.5 0 0
2230 0.097396 0.625 51.125 0.443137 0.5 0 0
2240 0.097396 0.625 51.75 0.443137 0.5 0 0
2250 0.097396 0.625 51.75 0.443137 0.5 0 0
2260 0.097396 0.625 52.375 0.447059 0.5 0 0
2270 0.097396 0.625 52.375 0.443137 0.5 0 0
2280 0.097396 0.625 53 0.447059 0.5 0 0
2290 0.097396 0.625 53 0.447059 0.5 0 0
2300 0.097396 0.625 53.625 0.447059 0.5 0 0
2310 0.097396 0.625 53.625 0.447059 0.5 0 0
2320 0.097396 0.5 54.125 0.447059 0.5 0 0
2330 0.097396 0.5 54.125 0.447059 0.5 0 0
2340 0.097396 0.5 54.625 0.443137 0.5 0 0
2350 0.097396 0.5 54.625 0.443137 0.5 0 0
2360 0.097396 0.5 55.125 0.443137 0.5 0 0
2370 0.097396 0.5 55.125 0.447059 0.5 0 0
2380 0.097396 0.5 55.625 0.447059 0.5 0 0
2390 0.097396 0.5 55.625 0.447059 0.5 0 0
2400 0.097396 0.5 56.125 0.447059 0.5 0 0
2410 0.097396 0.5 56.125 0.447059 0.5 0 0
2420 0.097396 0.875 57 0.447059 0.5 0 0
2430 0.097396 0.875 57 0.447059 0.5 0 0
2440 0.097396 0.875 57.875 0.443137 0.5 0 0
2450 0.097396 0.875 57.875 0.447059 0.5 0 0
2460 0.097396 0.875 58.75 0.443137 0.5 0 0
2470 0.097396 0.875 58.75 0.443137 0.5 0 0
2480 0.097396 0.875 59.625 0.443137 0.5 0 0
2490 0.097396 0.875 59.625 0.443137 0.5 0 0
2500 0.097396 0.875 60.5 0.443137 0.5 0 0
2510 0.097396 0.875 60.5 0.443137 0.5 0 0
2520 0.097396 0.875 61.375 0.447059 0.5 0 0
2530 0.097396 0.875 61.375 0.447059 0.5 0 0
2540 0.097396 0.875 62.25 0.447059 0.5 0 0
2550 0.097396 0.875 62.25 0.447059 0.5 0 0
2560 0.097396 0.875 63.125 0.447059 0.5 0 0
2570 0.097396 0.875 63.125 0.443137 0.5 0 0
2580 0.0972036 0.875 64 0.439216 0.5 0 0
2590 0.0972036 0.875 64 0.439216 0.5 0 0
2600 0.0971804 0.875 64.875 0.439216 0.5 0 0
2610 0.0971804 0.875 64.875 0.439216 0.5 0 0
2620 0.0971804 0.875 65.75 0.439216 0.5 0 0
2630 0.0971804 0.875 65.75 0.439216 0.5 0 0
2640 0.0971804 0.875 66.625 0.439216 0.5 0 0
2650 0.0971804 0.875 66.625 0.439216 0.5 0 0
2660 0.0971804 0.875 67.5 0.439216 0.5 0 0
2670 0.0971804 0.875 67.5 0.439216 0.5 0 0
2680 0.0971804 0.875 68.375 0.439216 0.5 0 0
2690 0.0971804 0.875 68.375 0.443137 0.5 0 0
2700 0.0971804 0.75 69.125 0.439216 0.5 0 0
2710 0.0971804 0.75 69.125 0.439216 0.5 0 0
2720 0.0971804 0.75 69.875 0.439216 0.5 0 0
2730 0.0971804 0.75 69.875 0.439216 0.5 0 0
2740 0.0971804 0.75 70.625 0.439216 0.5 0 0
2750 0.0971804 0.75 70.625 0.439216 0.5 0 0
2760 0.0971804 0.5 71.125 0.435294 0.5 0 0
2770 0.0971804 0.5 71.125 0.443137 0.5 0 0
2780 0.0971804 0.5 71.625 0.439216 0.5 0 0
2790 0.0971804 0.5 71.625 0.439216 0.5 0 0
2800 0.0971804 0.75 72.375 0.439216 0.5 0 0
2810 0.0971804 0.75 72.375 0.439216 0.5 0 0
2820 0.0971804 0.75 73.125 0.443137 0.5 0 0
2830 0.0971804 0.75 73.125 0.439216 0.5 0 0
2840 0.0971804 0.875 74 0.435294 0.5 0 0
2850 0.0971804 0.875 74 0.435294 0.5 0 0
2860 0.0971804 0.875 74.875 0.439216 0.5 0 0
2870 0.0971804 0.875 74.875 0.439216 0.5 0 0
2880 0.0971804 0.875 75.75 0.439216 0.5 0 0
2890 0.0971804 0.875 75.75 0.439216 0.5 0 0
2900 0.0971804 0.875 76.625 0.439216 0.5 0 0
2910 0.0971804 0.875 76.625 0.439216 0.5 0 0
2920 0.0971804 0.875 77.5 0.439216 0.5 0 0
2930 0.0971804 0.875 77.5 0.439216 0.5 0 0
2940 0.0971804 0.75 78.25 0.439216 0.5 0 0
2950 0.0971804 0.75 78.25 0.439216 0.5 0 0
2960 0.0971804 0.875 79.125 0.439216 0.5 0 0
2970 0.0971804 0.875 79.125 0.439216 0.5 0 0
2980 0.0971804 0.75 79.875 0.435294 0.5 0 0
2990 0.0971804 0.75 79.875 0.439216 0.5 0 0
3000 0.0971804 0.625 80.5 0.439216 0.5 0 0
3010 0.0971804 0.625 80.5 0.439216 0.5 0 0
3020 0.0970329 0.75 81.25 0.435294 0.5 0 0
3030 0.0970329 0.75 81.25 0.435294 0.5 0 0
3040 0.0963 0.75 82 0.435294 0.5 0 0
3050 0.0963 0.75 82 0.435294 0.5 0 0
3060 0.0963301 0.875 82.875 0.435294 0.5 0 0
3070 0.0963301 0.875 82.875 0.435294 0.5 0 0
3080 0.0966612 0.875 83.75 0.431373 0.5 0 0
3090 0.0966612 0.875 83.75 0.431373 0.5 0 0
3100 0.0967077 0.875 84.625 0.427451 0.5 0 0
3110 0.0967077 0.875 84.625 0.427451 0.5 0 0
3120 0.0966257 0.875 85.5 0.427451 0.5 0 0
3130 0.0966257 0.875 85.5 0.427451 0.5 0 0
3140 0.0965428 1 86.5 0.427451 0.5 0 0
3150 0.0965428 1 86.5 0.427451 0.5 0 0
3160 0.0965394 1 87.5 0.427451 0.5 0 0
3170 0.0965394 1 87.5 0.427451 0.5 0 0
3180 0.0965345 1 88.5 0.427451 0.5 0 0
3190 0.0965345 1 88.5 0.427451 0.5 0 0
3200 0.0965314 1 89.5 0.427451 0.5 0 0
3210 0.0965314 1 89.5 0.427451 0.5 0 0
3220 0.0965336 0.875 90.375 0.427451 0.5 0 0
3230 0.0965336 0.875 90.375 0.427451 0.5 0 0
3240 0.0965357 1 91.375 0.427451 0.5 0 0
3250 0.0965357 1 91.375 0.427451 0.5 0 0
3260 0.0965376 1 92.375 0.427451 0.5 0 0
3270 0.0965376 1 92.375 0.427451 0.5 0 0
3280 0.0964479 1 93.375 0.427451 0.5 0 0
3290 0.0964479 1 93.375 0.427451 0.5 0 0
3300 0.0963235 1 94.375 0.427451 0.5 0 0
3310 0.0963235 1 94.375 0.427451 0.5 0 0
3320 0.0962521 1 95.375 0.427451 0.5 0 0
3330 0.0962521 1 95.375 0.427451 0.5 0 0
3340 0.0962449 1 96.375 0.427451 0.5 0 0
3350 0.0962449 1 96.375 0.427451 0.5 0 0
3360 0.0961988 1 97.375 0.427451 0.5 0 0
3370 0.0961988 1 97.375 0.427451 0.5 0 0
3380 0.09612 1 98.375 0.427451 0.5 0 0
3390 0.09612 1 98.375 0.427451 0.5 0 0
3400 0.0961151 1 99.375 0.427451 0.5 0 0
3410 0.0961151 1 99.375 0.427451 0.5 0 0
3420 0.0961155 1 100.375 0.427451 0.5 0 0
3430 0.0961155 1 100.375 0.427451 0.5 0 0
3440 0.0961107 1 101.375 0.427451 0.5 0 0
3450 0.0961107 1 101.375 0.427451 0.5 0 0
3460 0.096111 1 102.375 0.427451 0.5 0 0
3470 0.096111 1 102.375 0.427451 0.5 0 0
3480 0.096111 1 103.375 0.427451 0.5 0 0
3490 0.096111 1 103.375 0.427451 0.5 0 0
3500 0.0961108 1 104.375 0.427451 0.5 0 0
3510 0.0961108 1 104.375 0.427451 0.5 0 0
3520 0.0960908 1 105.375 0.427451 0.5 0 0
3530 0.0960908 1 105.375 0.427451 0.5 0 0
3540 0.0960502 0.875 106.25 0.427451 0.5 0 0
3550 0.0960502 0.875 106.25 0.427451 0.5 0 0
3560 0.0960328 0.875 107.125 0.427451 0.5 0 0
3570 0.0960328 0.875 107.125 0.427451 0.5 0 0
3580 0.0960323 0.875 108 0.427451 0.5 0 0
3590 0.0960323 0.875 108 0.427451 0.5 0 0
3600 0.0960315 0.875 108.875 0.427451 0.5 0 0
3610 0.0960315 0.875 108.875 0.427451 0.5 0 0
3620 0.0960214 0.875 109.75 0.427451 0.5 0 0
3630 0.0960214 0.875 109.75 0.427451 0.5 0 0
3640 0.0956204 0.875 110.625 0.427451 0.5 0 0
3650 0.0956204 0.875 110.625 0.427451 0.5 0 0
3660 0.0952987 0.875 111.5 0.427451 0.5 0 0
3670 0.0952987 0.875 111.5 0.427451 0.5 0 0
3680 0.095224 0.875 112.375 0.427451 0.5 0 0
3690 0.095224 0.875 112.375 0.427451 0.5 0 0
3700 0.0952231 0.875 113.25 0.427451 0.5 0 0
3710 0.0952231 0.875 113.25 0.427451 0.5 0 0
3720 0.0952222 0.875 114.125 0.427451 0.5 0 0
3730 0.0952222 0.875 114.125 0.427451 0.5 0 0
3740 0.0952158 0.875 115 0.427451 0.5 0 0
3750 0.0952158 0.875 115 0.427451 0.5 0 0
3760 0.0951887 0.875 115.875 0.427451 0.5 0 0
3770 0.0951887 0.875 115.875 0.427451 0.5 0 0
3780 0.0951518 0.875 116.75 0.427451 0.5 0 0
3790 0.0951518 0.875 116.75 0.427451 0.5 0 0
3800 0.095138 0.875 117.625 0.427451 0.5 0 0
3810 0.095138 0.875 117.625 0.427451 0.5 0 0
3820 0.0951374 0.875 118.5 0.427451 0.5 0 0
3830 0.0951374 0.875 118.5 0.427451 0.5 0 0
3840 0.0948356 0.875 119.375 0.427451 0.5 0 0
3850 0.0948356 0.875 119.375 0.427451 0.5 0 0
3860 0.0946136 0.875 120.25 0.423529 0.5 0 0
3870 0.0946136 0.875 120.25 0.427451 0.5 0 0
3880 0.0946118 0.875 121.125 0.427451 0.5 0 0
3890 0.0946118 0.875 121.125 0.427451 0.5 0 0
3900 0.0946118 0.875 122 0.427451 0.5 0 0
3910 0.0946118 0.875 122 0.427451 0.5 0 0
3920 0.0946111 0.875 122.875 0.427451 0.5 0 0
3930 0.0946111 0.875 122.875 0.423529 0.5 0 0
3940 0.0946111 0.875 123.75 0.427451 0.5 0 0
3950 0.0946111 0.875 123.75 0.423529 0.5 0 0
3960 0.0946111 0.875 124.625 0.427451 0.5 0 0
3970 0.0946111 0.875 124.625 0.423529 0.5 0 0
3980 0.0946111 0.875 125.5 0.427451 0.5 0 0
3990 0.0946111 0.875 125.5 0.427451 0.5 0 0
4000 0.0946111 0.875 126.375 0.427451 0.5 0 0
4010 0.0946111 0.875 126.375 0.427451 0.5 0 0
4020 0.0946111 0.875 127.25 0.427451 0.5 0 0
4030 0.0946111 0.875 127.25 0.427451 0.5 0 0
4040 0.0946111 0.75 128 0.427451 0.5 0 0
4050 0.0946111 0.75 128 0.427451 0.5 0 0
4060 0.0946111 0.75 128.75 0.427451 0.5 0 0
4070 0.0946111 0.75 128.75 0.427451 0.5 0 0
4080 0.0946111 0.625 129.375 0.423529 0.5 0 0
4090 0.0946111 0.625 129.375 0.427451 0.5 0 0
4100 0.0946111 0.75 130.125 0.427451 0.5 0 0
4110 0.0946111 0.75 130.125 0.427451 0.5 0 0
4120 0.0946111 0.875 131 0.427451 0.5 0 0
4130 0.0946111 0.875 131 0.423529 0.5 0 0
4140 0.0946111 0.875 131.875 0.427451 0.5 0 0
4150 0.0946111 0.875 131.875 0.427451 0.5 0 0
4160 0.0946111 0.875 132.75 0.427451 0.5 0 0
4170 0.0946111 0.875 132.75 0.427451 0.5 0 0
4180 0.0946111 0.875 133.625 0.427451 0.5 0 0
4190 0.0946111 0.875 133.625 0.427451 0.5 0 0
4200 0.0946111 0.875 134.5 0.427451 0.5 0 0
4210 0.0946111 0.875 134.5 0.427451 0.5 0 0
4220 0.0946111 0.875 135.375 0.427451 0.5 0 0
4230 0.0946111 0.875 135.375 0.427451 0.5 0 0
4240 0.0946111 0.875 136.25 0.427451 0.5 0 0
4250 0.0946111 0.875 136.25 0.427451 0.5 0 0
4260 0.0946111 0.625 136.875 0.427451 0.5 0 0
4270 0.0946111 0.625 136.875 0.427451 0.5 0 0
4280 0.0946111 0.625 137.5 0.427451 0.5 0 0
4290 0.0946111 0.625 137.5 0.427451 0.5 0 0
4300 0.0946111 0.75 138.25 0.423529 0.5 0 0
4310 0.0946111 0.75 138.25 0.427451 0.5 0 0
4320 0.0946111 0.75 139 0.427451 0.5 0 0
4330 0.0946111 0.75 139 0.427451 0.5 0 0
4340 0.0946059 0.625 139.625 0.427451 0.5 0 0
4350 0.0946059 0.625 139.625 0.427451 0.5 0 0
4360 0.0945991 0.625 140.25 0.427451 0.5 0 0
4370 0.0945991 0.625 140.25 0.427451 0.5 0 0
4380 0.0945933 0.625 140.875 0.427451 0.5 0 0
4390 0.0945933 0.625 140.875 0.427451 0.5 0 0
4400 0.0945876 0.625 141.5 0.427451 0.5 0 0
4410 0.0945876 0.625 141.5 0.427451 0.5 0 0
4420 0.0945805 0.625 142.125 0.427451 0.5 0 0
4430 0.0945805 0.625 142.125 0.427451 0.5 0 0
4440 0.0945745 0.625 142.75 0.427451 0.5 0 0
4450 0.0945745 0.625 142.75 0.427451 0.5 0 0
4460 0.0945685 0.625 143.375 0.423529 0.5 0 0
4470 0.0945685 0.625 143.375 0.427451 0.5 0 0
4480 0.0945624 0.625 144 0.427451 0.5 0 0
4490 0.0945624 0.625 144 0.427451 0.5 0 0
4500 0.0945558 0.625 144.625 0.427451 0.5 0 0
4510 0.0945558 0.625 144.625 0.427451 0.5 0 0
4520 0.0945494 0.625 145.25 0.423529 0.5 0 0
4530 0.0945494 0.625 145.25 0.427451 0.5 0 0
4540 0.0945428 0.625 145.875 0.427451 0.5 0 0
4550 0.0945428 0.625 145.875 0.427451 0.5 0 0
4560 0.094536 0.625 146.5 0.427451 0.5 0 0
4570 0.094536 0.625 146.5 0.427451 0.5 0 0
4580 0.0945289 0.625 147.125 0.427451 0.5 0 0
4590 0.0945289 0.625 147.125 0.427451 0.5 0 0
4600 0.0945219 0.625 147.75 0.427451 0.5 0 0
4610 0.0945219 0.625 147.75 0.427451 0.5 0 0
4620 0.0944655 0.25 148 0.427451 0.5 0 0
4630 0.0944655 0.25 148 0.427451 0.5 0 0
4640 0.0943845 0.375 148.375 0.427451 0.5 0 0
4650 0.0943845 0.375 148.375 0.427451 0.5 0 0
4660 0.0943136 0.375 148.75 0.427451 0.5 0 0
4670 0.0943136 0.375 148.75 0.427451 0.5 0 0
4680 0.0942694 0.375 149.125 0.427451 0.5 0 0
4690 0.0942694 0.375 149.125 0.427451 0.5 0 0
4700 0.0942612 0.375 149.5 0.427451 0.5 0 0
4710 0.0942612 0.375 149.5 0.423529 0.5 0 0
4720 0.0942612 0.375 149.875 0.427451 0.5 0 0
4730 0.0942612 0.375 149.875 0.427451 0.5 0 0
4740 0.0942612 0.5 150.375 0.427451 0.5 0 0
4750 0.0942612 0.5 150.375 0.427451 0.5 0 0
4760 0.0942612 0.5 150.875 0.427451 0.5 0 0
4770 0.0942612 0.5 150.875 0.427451 0.5 0 0
4780 0.0942612 0.5 151.375 0.427451 0.5 0 0
4790 0.0942612 0.5 151.375 0.427451 0.5 0 0
4800 0.0942612 0.5 151.875 0.427451 0.5 0 0
4810 0.0942612 0.5 151.875 0.427451 0.5 0 0
4820 0.0942612 0.5 152.375 0.427451 0.5 0 0
4830 0.0942612 0.5 152.375 0.427451 0.5 0 0
4840 0.0942612 0.5 152.875 0.427451 0.5 0 0
4850 0.0942612 0.5 152.875 0.427451 0.5 0 0
4860 0.0942612 0.5 153.375 0.427451 0.5 0 0
4870 0.0942612 0.5 153.375 0.427451 0.5 0 0
4880 0.0942319 0.5 153.875 0.427451 0.5 0 0
4890 0.0942319 0.5 153.875 0.427451 0.5 0 0
4900 0.0942319 0.5 154.375 0.427451 0.5 0 0
4910 0.0942319 0.5 154.375 0.427451 0.5 0 0
4920 0.0942319 0.5 154.875 0.427451 0.5 0 0
4930 0.0942319 0.5 154.875 0.427451 0.5 0 0
4940 0.0942976 0.5 155.375 0.427451 0.5 0 0
4950 0.0942976 0.5 155.375 0.423529 0.5 0 0
4960 0.0948521 0.5 155.875 0.431373 0.5 0 0
4970 0.0948521 0.5 155.875 0.431373 0.5 0 0
4980 0.0955218 0.5 156.375 0.431373 0.5 0 0
4990 0.0955218 0.5 156.375 0.431373 0.5 0 0
5000 0.0958898 0.5 156.875 0.431373 0.5 0 0
5010 0.0958898 0.5 156.875 0.431373 0.5 0 0
5020 0.0961537 0.5 157.375 0.427451 0.5 0 0
5030 0.0961537 0.5 157.375 0.427451 0.5 0 0
5040 0.0960919 0.625 158 0.423529 0.5 0 0
5050 0.0960919 0.625 158 0.423529 0.5 0 0
5060 0.0960099 0.625 158.625 0.423529 0.5 0 0
5070 0.0960099 0.625 158.625 0.423529 0.5 0 0
5080 0.0959665 0.625 159.25 0.419608 0.5 0 0
5090 0.0959665 0.625 159.25 0.423529 0.5 0 0
5100 0.0959333 0.625 159.875 0.419608 0.5 0 0
5110 0.0959333 0.625 159.875 0.419608 0.5 0 0
5120 0.0959013 0.625 160.5 0.419608 0.5 0 0
5130 0.0959013 0.625 160.5 0.419608 0.5 0 0
5140 0.095856 0.625 161.125 0.419608 0.5 0 0
5150 0.095856 0.625 161.125 0.419608 0.5 0 0
5160 0.0957868 0.375 161.5 0.419608 0.5 0 0
5170 0.0957868 0.375 161.5 0.419608 0.5 0 0
5180 0.0957302 0.5 162 0.419608 0.5 0 0
5190 0.0957302 0.5 162 0.419608 0.5 0 0
5200 0.0956818 0.5 162.5 0.419608 0.5 0 0
5210 0.0956818 0.5 162.5 0.419608 0.5 0 0
5220 0.0955964 0.375 162.875 0.419608 0.5 0 0
5230 0.0955964 0.375 162.875 0.415686 0.5 0 0
5240 0.0953528 0.5 163.375 0.415686 0.5 0 0
5250 0.0953528 0.5 163.375 0.415686 0.5 0 0
5260 0.0953313 0.5 163.875 0.415686 0.5 0 0
5270 0.0953313 0.5 163.875 0.415686 0.5 0 0
5280 0.0953027 0.5 164.375 0.415686 0.5 0 0
5290 0.0953027 0.5 164.375 0.415686 0.5 0 0
5300 0.0947904 0.375 164.75 0.415686 0.5 0 0
5310 0.0947904 0.375 164.75 0.415686 0.5 0 0
5320 0.0944301 0.375 165.125 0.415686 0.5 0 0
5330 0.0944301 0.375 165.125 0.415686 0.5 0 0
5340 0.0943897 0.375 165.5 0.415686 0.5 0 0
5350 0.0943897 0.375 165.5 0.411765 0.5 0 0
5360 0.0942239 0.25 165.75 0.411765 0.5 0 0
5370 0.0942239 0.25 165.75 0.411765 0.5 0 0
5380 0.0942164 0.375 166.125 0.411765 0.5 0 0
5390 0.0942164 0.375 166.125 0.411765 0.5 0 0
5400 0.0942104 0.375 166.5 0.411765 0.5 0 0
5410 0.0942104 0.375 166.5 0.411765 0.5 0 0
5420 0.0942037 0.375 166.875 0.411765 0.5 0 0
5430 0.0942037 0.375 166.875 0.411765 0.5 0 0
5440 0.0941973 0.375 167.25 0.411765 0.5 0 0
5450 0.0941973 0.375 167.25 0.411765 0.5 0 0
5460 0.09419 0.375 167.625 0.411765 0.5 0 0
5470 0.09419 0.375 167.625 0.411765 0.5 0 0
5480 0.0938528 0.375 168 0.411765 0.5 0 0
5490 0.0938528 0.375 168 0.411765 0.5 0 0
5500 0.0937978 0.375 168.375 0.411765 0.5 0 0
5510 0.0937978 0.375 168.375 0.411765 0.5 0 0
5520 0.0937907 0.375 168.75 0.411765 0.5 0 0
5530 0.0937907 0.375 168.75 0.411765 0.5 0 0
5540 0.0937834 0.375 169.125 0.411765 0.5 0 0
5550 0.0937834 0.375 169.125 0.411765 0.5 0 0
5560 0.0937424 0.375 169.5 0.411765 0.5 0 0
5570 0.0937424 0.375 169.5 0.411765 0.5 0 0
5580 0.0934045 0.25 169.75 0.411765 0.5 0 0
5590 0.0934045 0.25 169.75 0.411765 0.5 0 0
5600 0.093161 0.25 170 0.411765 0.5 0 0
5610 0.093161 0.25 170 0.411765 0.5 0 0
5620 0.0930843 0.25 170.25 0.411765 0.5 0 0
5630 0.0930843 0.25 170.25 0.411765 0.5 0 0
5640 0.0930779 0.25 170.5 0.411765 0.5 0 0
5650 0.0930779 0.25 170.5 0.411765 0.5 0 0
5660 0.0930716 0.25 170.75 0.411765 0.5 0 0
5670 0.0930716 0.25 170.75 0.411765 0.5 0 0
5680 0.0933649 0.25 171 0.411765 0.5 0 0
5690 0.0933649 0.25 171 0.411765 0.5 0 0
5700 0.0933728 0.25 171.25 0.411765 0.5 0 0
5710 0.0933728 0.25 171.25 0.411765 0.5 0 0
5720 0.0933678 0.25 171.5 0.411765 0.5 0 0
5730 0.0933678 0.25 171.5 0.411765 0.5 0 0
5740 0.0937966 0.25 171.75 0.407843 0.5 0 0
5750 0.0937966 0.25 171.75 0.407843 0.5 0 0
5760 0.0939024 0.25 172 0.407843 0.5 0 0
5770 0.0939024 0.25 172 0.407843 0.5 0 0
5780 0.0939388 0.375 172.375 0.407843 0.5 0 0
5790 0.0939388 0.375 172.375 0.407843 0.5 0 0
5800 0.0939443 0.375 172.75 0.407843 0.5 0 0
5810 0.0939443 0.375 172.75 0.407843 0.5 0 0
5820 0.0939654 0.375 173.125 0.407843 0.5 0 0
5830 0.0939654 0.375 173.125 0.407843 0.5 0 0
5840 0.093984 0.375 173.5 0.407843 0.5 0 0
5850 0.093984 0.375 173.5 0.407843 0.5 0 0
5860 0.0940024 0.375 173.875 0.407843 0.5 0 0
5870 0.0940024 0.375 173.875 0.407843 0.5 0 0
5880 0.0940208 0.375 174.25 0.407843 0.5 0 0
5890 0.0940208 0.375 174.25 0.407843 0.5 0 0
5900 0.0940393 0.25 174.5 0.407843 0.5 0 0
5910 0.0940393 0.25 174.5 0.407843 0.5 0 0
5920 0.0939058 0.25 174.75 0.407843 0.5 0 0
5930 0.0939058 0.25 174.75 0.403922 0.5 0 0
5940 0.0938198 0.25 175 0.407843 0.5 0 0
5950 0.0938198 0.25 175 0.407843 0.5 0 0
5960 0.0934216 0 175 0.403922 0.5 0 0
5970 0.0934216 0 175 0.403922 0.5 0 0
5980 0.0934075 0 175 0.403922 0.5 0 0
5990 0.0934075 0 175 0.4 0.5 0 0
6000 0.0941886 0 175 0.4 0.5 0 0
6010 0.0941886 0 175 0.396078 0.5 0 0
6020 0.0951495 0 175 0.396078 0.5 0 0
6030 0.0951495 0 175 0.392157 0.5 0 0
6040 0.0956916 0 175 0.396078 0.5 0 0
6050 0.0956916 0 175 0.392157 0.5 0 0
6060 0.0949837 0 175 0.388235 0.5 0 0
6070 0.0949837 0 175 0.388235 0.5 0 0
6080 0.0936004 0 175 0.388235 0.5 0 0
6090 0.0936004 0 175 0.384314 0.5 0 0
6100 0.0936114 0 175 0.384314 0.5 0 0
6110 0.0936114 0 175 0.384314 0.5 0 0
6120 0.0927031 0 175 0.384314 0.5 0 0
6130 0.0927031 0 175 0.384314 0.5 0 0
6140 0.0924465 0 175 0.384314 0.5 0 0
6150 0.0924465 0 175 0.384314 0.5 0 0
6160 0.0930799 0 175 0.384314 0.5 0 0
6170 0.0930799 0 175 0.380392 0.5 0 0
6180 0.0939365 0 175 0.380392 0.5 0 0
6190 0.0939365 0 175 0.380392 0.5 0 0
6200 0.0933532 0 175 0.380392 0.5 0 0
6210 0.0933532 0 175 0.380392 0.5 0 0
6220 0.0927527 0 175 0.380392 0.5 0 0
6230 0.0927527 0 175 0.380392 0.5 0 0
6240 0.0925177 0 175 0.380392 0.5 0 0
6250 0.0925177 0 175 0.380392 0.5 0 0
6260 0.0925149 0 175 0.380392 0.5 0 0
6270 0.0925149 0 175 0.380392 0.5 0 0
6280 0.0925149 0 175 0.380392 0.5 0 0
6290 0.0925149 0 175 0.380392 0.5 0 0
6300 0.0925149 0 175 0.380392 0.5 0 0
6310 0.0925149 0 175 0.376471 0.5 0 0
6320 0.0924601 0 175 0.380392 0.5 0 0
6330 0.0924601 0 175 0.380392 0.5 0 0
6340 0.0924581 0 175 0.380392 0.5 0 0
6350 0.0924581 0 175 0.380392 0.5 0 0
6360 0.0924581 0 175 0.380392 0.5 0 0
6370 0.0924581 0 175 0.380392 0.5 0 0
6380 0.0924581 0 175 0.380392 0.5 0 0
6390 0.0924581 0 175 0.376471 0.5 0 0
6400 0.0924581 0 175 0.380392 0.5 0 0
6410 0.0924581 0 175 0.380392 0.5 0 0
6420 0.0924641 0 175 0.380392 0.5 0 0
6430 0.0924641 0 175 0.380392 0.5 0 0
6440 0.0924698 0 175 0.380392 0.5 0 0
6450 0.0924698 0 175 0.380392 0.5 0 0
6460 0.0924698 0 175 0.380392 0.5 0 0
6470 0.0924698 0 175 0.380392 0.5 0 0
6480 0.0924698 0 175 0.380392 0.5 0 0
6490 0.0924698 0 175 0.380392 0.5 0 0
6500 0.0924698 0 175 0.380392 0.5 0 0
6510 0.0924698 0 175 0.380392 0.5 0 0
6520 0.0924698 0 175 0.380392 0.5 0 0
6530 0.0924698 0 175 0.380392 0.5 0 0
6540 0.0924698 0 175 0.380392 0.5 0 0
6550 0.0924698 0 175 0.380392 0.5 0 0
6560 0.0927703 0 175 0.380392 0.5 0 0
6570 0.0927703 0 175 0.380392 0.5 0 0
6580 0.0940017 0 175 0.376471 0.5 0 0
6590 0.0940017 0 175 0.380392 0.5 0 0
6600 0.0950705 0 175 0.380392 0.5 0 0
6610 0.0950705 0 175 0.380392 0.5 0 0
6620 0.0953153 0 175 0.380392 0.5 0 0
6630 0.0953153 0 175 0.380392 0.5 0 0
6640 0.0952966 0 175 0.380392 0.5 0 0
6650 0.0952966 0 175 0.380392 0.5 0 0
6660 0.0956006 0 175 0.384314 0.5 0 0
6670 0.0956006 0 175 0.384314 0.5 0 0
6680 0.0958419 0 175 0.384314 0.5 0 0
6690 0.0958419 0 175 0.384314 0.5 0 0
6700 0.095672 0 175 0.380392 0.5 0 0
6710 0.095672 0 175 0.380392 0.5 0 0
6720 0.0949915 0 175 0.372549 0.5 0 0
6730 0.0949915 0 175 0.372549 0.5 0 0
6740 0.0938643 0 175 0.372549 0.5 0 0
6750 0.0938643 0 175 0.372549 0.5 0 0
6760 0.0935766 0 175 0.372549 0.5 0 0
6770 0.0935766 0 175 0.372549 0.5 0 0
6780 0.0938664 0 175 0.372549 0.5 0 0
6790 0.0938664 0 175 0.376471 0.5 0 0
6800 0.0944071 0 175 0.376471 0.5 0 0
6810 0.0944071 0 175 0.376471 0.5 0 0
6820 0.0946809 0 175 0.376471 0.5 0 0
6830 0.0946809 0 175 0.376471 0.5 0 0
6840 0.0947344 0 175 0.376471 0.5 0 0
6850 0.0947344 0 175 0.376471 0.5 0 0
6860 0.0947666 0 175 0.372549 0.5 0 0
6870 0.0947666 0 175 0.372549 0.5 0 0
6880 0.0938589 0 175 0.368627 0.5 0 0
6890 0.0938589 0 175 0.364706 0.5 0 0
6900 0.0925961 0 175 0.364706 0.5 0 0
6910 0.0925961 0 175 0.364706 0.5 0 0
6920 0.0917796 0 175 0.364706 0.5 0 0
6930 0.0917796 0 175 0.364706 0.5 0 0
6940 0.0917481 0 175 0.364706 0.5 0 0
6950 0.0917481 0 175 0.364706 0.5 0 0
6960 0.0917481 0 175 0.364706 0.5 0 0
6970 0.0917481 0 175 0.364706 0.5 0 0
6980 0.0912271 0 175 0.364706 0.5 0 0
6990 0.0912271 0 175 0.364706 0.5 0 0
7000 0.0907696 0 175 0.364706 0.5 0 0
7010 0.0907696 0 175 0.364706 0.5 0 0
7020 0.0905677 0 175 0.364706 0.5 0 0
7030 0.0905677 0 175 0.360784 0.5 0 0
7040 0.0913921 0 175 0.364706 0.5 0 0
7050 0.0913921 0 175 0.364706 0.5 0 0
7060 0.0915982 0 175 0.364706 0.5 0 0
7070 0.0915982 0 175 0.364706 0.5 0 0
7080 0.0915983 0 175 0.364706 0.5 0 0
7090 0.0915983 0 175 0.364706 0.5 0 0
7100 0.0916861 0 175 0.364706 0.5 0 0
7110 0.0916861 0 175 0.364706 0.5 0 0
7120 0.0915105 0 175 0.360784 0.5 0 0
7130 0.0915105 0 175 0.360784 0.5 0 0
7140 0.0911871 0 175 0.356863 0.5 0 0
7150 0.0911871 0 175 0.360784 0.5 0 0
7160 0.0906334 0 175 0.360784 0.5 0 0
7170 0.0906334 0 175 0.360784 0.5 0 0
7180 0.0901957 0 175 0.360784 0.5 0 0
7190 0.0901957 0 175 0.360784 0.5 0 0
7200 0.0901914 0 175 0.360784 0.5 0 0
7210 0.0901914 0 175 0.360784 0.5 0 0
7220 0.0900196 0 175 0.360784 0.5 0 0
7230 0.0900196 0 175 0.360784 0.5 0 0
7240 0.0898814 0 175 0.360784 0.5 0 0
7250 0.0898814 0 175 0.360784 0.5 0 0
7260 0.0896992 0 175 0.360784 0.5 0 0
7270 0.0896992 0 175 0.360784 0.5 0 0
7280 0.089699 0 175 0.360784 0.5 0 0
7290 0.089699 0 175 0.360784 0.5 0 0
7300 0.089699 0 175 0.360784 0.5 0 0
7310 0.089699 0 175 0.360784 0.5 0 0
7320 0.089699 0 175 0.360784 0.5 0 0
7330 0.089699 0 175 0.360784 0.5 0 0
7340 0.089699 0 175 0.360784 0.5 0 0
7350 0.089699 0 175 0.356863 0.5 0 0
7360 0.0901049 0 175 0.356863 0.5 0 0
7370 0.0901049 0 175 0.356863 0.5 0 0
7380 0.0908875 0 175 0.360784 0.5 0 0
7390 0.0908875 0 175 0.360784 0.5 0 0
7400 0.0913863 0 175 0.360784 0.5 0 0
7410 0.0913863 0 175 0.360784 0.5 0 0
7420 0.0915652 0 175 0.360784 0.5 0 0
7430 0.0915652 0 175 0.360784 0.5 0 0
7440 0.0914327 0 175 0.356863 0.5 0 0
7450 0.0914327 0 175 0.356863 0.5 0 0
7460 0.0904683 0 175 0.356863 0.5 0 0
7470 0.0904683 0 175 0.360784 0.5 0 0
7480 0.0902329 0 175 0.360784 0.5 0 0
7490 0.0902329 0 175 0.356863 0.5 0 0
7500 0.0899085 0 175 0.356863 0.5 0 0
7510 0.0899085 0 175 0.356863 0.5 0 0
7520 0.0889219 0 175 0.352941 0.5 0 0
7530 0.0889219 0 175 0.34902 0.5 0 0
7540 0.0880785 0 175 0.34902 0.5 0 0
7550 0.0880785 0 175 0.356863 0.5 0 0
7560 0.0871642 0 175 0.356863 0.5 0 0
7570 0.0871642 0 175 0.356863 0.5 0 0
7580 0.0861645 0 175 0.364706 0.5 0 0
7590 0.0861645 0 175 0.368627 0.5 0 0
7600 0.0861056 0 175 0.364706 0.5 0 0
7610 0.0861056 0 175 0.360784 0.5 0 0
7620 0.0854599 0 175 0.341176 0.5 0 0
7630 0.0854599 0 175 0.341176 0.5 0 0
7640 0.0843196 0 175 0.341176 0.5 0 0
7650 0.0843196 0 175 0.341176 0.5 0 0
7660 0.0838205 0 175 0.345098 0.5 0 0
7670 0.0838205 0 175 0.345098 0.5 0 0
7680 0.0836003 0 175 0.345098 0.5 0 0
7690 0.0836003 0 175 0.345098 0.5 0 0
7700 0.0825771 0 175 0.341176 0.5 0 0
7710 0.0825771 0 175 0.337255 0.5 0 0
7720 0.0801791 0 175 0.341176 0.5 0 0
7730 0.0801791 0 175 0.341176 0.5 0 0
7740 0.079343 0.25 175.25 0.341176 0.5 0 0
7750 0.079343 0.25 175.25 0.341176 0.5 0 0
7760 0.0789472 0.25 175.5 0.341176 0.5 0 0
7770 0.0789472 0.25 175.5 0.341176 0.5 0 0
7780 0.0789497 0.25 175.75 0.341176 0.5 0 0
7790 0.0789497 0.25 175.75 0.341176 0.5 0 0
7800 0.078891 0.25 176 0.341176 0.5 0 0
7810 0.078891 0.25 176 0.341176 0.5 0 0
7820 0.0788751 0.25 176.25 0.341176 0.5 0 0
7830 0.0788751 0.25 176.25 0.341176 0.5 0 0
7840 0.0788794 0.25 176.5 0.341176 0.5 0 0
7850 0.0788794 0.25 176.5 0.341176 0.5 0 0
7860 0.0788607 0.25 176.75 0.341176 0.5 0 0
7870 0.0788607 0.25 176.75 0.341176 0.5 0 0
7880 0.0788407 0.25 177 0.341176 0.5 0 0
7890 0.0788407 0.25 177 0.341176 0.5 0 0
7900 0.0788094 0 177 0.341176 0.5 0 0
7910 0.0788094 0 177 0.341176 0.5 0 0
7920 0.0788067 0 177 0.337255 0.5 0 0
7930 0.0788067 0 177 0.337255 0.5 0 0
7940 0.0790351 0 177 0.337255 0.5 0 0
7950 0.0790351 0 177 0.333333 0.5 0 0
7960 0.078682 0 177 0.337255 0.5 0 0
7970 0.078682 0 177 0.333333 0.5 0 0
7980 0.0781714 0 177 0.337255 0.5 0 0
7990 0.0781714 0 177 0.337255 0.5 0 0
8000 0.0787503 0 177 0.337255 0.5 0 0
8010 0.0787503 0 177 0.337255 0.5 0 0
8020 0.0790518 0 177 0.337255 0.5 0 0
8030 0.0790518 0 177 0.341176 0.5 0 0
8040 0.0797635 0 177 0.337255 0.5 0 0
8050 0.0797635 0 177 0.337255 0.5 0 0
8060 0.0809402 0 177 0.337255 0.5 0 0
8070 0.0809402 0 177 0.341176 0.5 0 0
8080 0.0816076 0 177 0.345098 0.5 0 0
8090 0.0816076 0 177 0.345098 0.5 0 0
8100 0.0817757 0 177 0.345098 0.5 0 0
8110 0.0817757 0 177 0.345098 0.5 0 0
8120 0.0817851 0 177 0.345098 0.5 0 0
8130 0.0817851 0 177 0.345098 0.5 0 0
8140 0.0816465 0 177 0.345098 0.5 0 0
8150 0.0816465 0 177 0.337255 0.5 0 0
8160 0.0807442 0 177 0.337255 0.5 0 0
8170 0.0807442 0 177 0.329412 0.5 0 0
8180 0.0793083 0 177 0.333333 0.5 0 0
8190 0.0793083 0 177 0.333333 0.5 0 0
8200 0.0793614 0 177 0.337255 0.5 0 0
8210 0.0793614 0 177 0.337255 0.5 0 0
8220 0.0799654 0 177 0.337255 0.5 0 0
8230 0.0799654 0 177 0.337255 0.5 0 0
8240 0.0800341 0 177 0.333333 0.5 0 0
8250 0.0800341 0 177 0.333333 0.5 0 0
8260 0.0790645 0 177 0.333333 0.5 0 0
8270 0.0790645 0 177 0.345098 0.5 0 0
8280 0.0785926 0 177 0.345098 0.5 0 0
8290 0.0785926 0 177 0.345098 0.5 0 0
8300 0.0778449 0 177 0.329412 0.5 0 0
8310 0.0778449 0 177 0.329412 0.5 0 0
8320 0.0766405 0 177 0.329412 0.5 0 0
8330 0.0766405 0 177 0.329412 0.5 0 0
8340 0.0756517 0 177 0.329412 0.5 0 0
8350 0.0756517 0 177 0.329412 0.5 0 0
8360 0.0756215 0 177 0.329412 0.5 0 0
8370 0.0756215 0 177 0.329412 0.5 0 0
8380 0.0756658 0 177 0.329412 0.5 0 0
8390 0.0756658 0 177 0.329412 0.5 0 0
8400 0.075666 0 177 0.329412 0.5 0 0
8410 0.075666 0 177 0.329412 0.5 0 0
8420 0.0760525 0 177 0.329412 0.5 0 0
8430 0.0760525 0 177 0.329412 0.5 0 0
8440 0.0762889 0 177 0.329412 0.5 0 0
8450 0.0762889 0 177 0.329412 0.5 0 0
8460 0.0766564 0 177 0.333333 0.5 0 0
8470 0.0766564 0 177 0.333333 0.5 0 0
8480 0.0768418 0 177 0.333333 0.5 0 0
8490 0.0768418 0 177 0.333333 0.5 0 0
8500 0.0769105 0 177 0.333333 0.5 0 0
8510 0.0769105 0 177 0.337255 0.5 0 0
8520 0.07667 0 177 0.337255 0.5 0 0
8530 0.07667 0 177 0.337255 0.5 0 0
8540 0.0765291 0 177 0.337255 0.5 0 0
8550 0.0765291 0 177 0.333333 0.5 0 0
8560 0.0758834 0 177 0.333333 0.5 0 0
8570 0.0758834 0 177 0.333333 0.5 0 0
8580 0.0747685 0 177 0.333333 0.5 0 0
8590 0.0747685 0 177 0.329412 0.5 0 0
8600 0.0740912 0 177 0.321569 0.5 0 0
8610 0.0740912 0 177 0.321569 0.5 0 0
8620 0.0735413 0 177 0.321569 0.5 0 0
8630 0.0735413 0 177 0.321569 0.5 0 0
8640 0.0727022 0 177 0.321569 0.5 0 0
8650 0.0727022 0 177 0.321569 0.5 0 0
8660 0.072077 0 177 0.321569 0.5 0 0
8670 0.072077 0 177 0.321569 0.5 0 0
8680 0.0713107 0 177 0.321569 0.5 0 0
8690 0.0713107 0 177 0.321569 0.5 0 0
8700 0.0712163 0 177 0.321569 0.5 0 0
8710 0.0712163 0 177 0.321569 0.5 0 0
8720 0.0723791 0 177 0.32549 0.5 0 0
8730 0.0723791 0 177 0.32549 0.5 0 0
8740 0.0726817 0 177 0.32549 0.5 0 0
8750 0.0726817 0 177 0.321569 0.5 0 0
8760 0.0729929 0 177 0.321569 0.5 0 0
8770 0.0729929 0 177 0.321569 0.5 0 0
8780 0.0735678 0 177 0.321569 0.5 0 0
8790 0.0735678 0 177 0.321569 0.5 0 0
8800 0.0741343 0 177 0.32549 0.5 0 0
8810 0.0741343 0 177 0.32549 0.5 0 0
8820 0.0746453 0 177 0.329412 0.5 0 0
8830 0.0746453 0 177 0.329412 0.5 0 0
8840 0.0746728 0 177 0.329412 0.5 0 0
8850 0.0746728 0 177 0.329412 0.5 0 0
8860 0.0745441 0 177 0.329412 0.5 0 0
8870 0.0745441 0 177 0.32549 0.5 0 0
8880 0.0736189 0 177 0.317647 0.5 0 0
8890 0.0736189 0 177 0.309804 0.5 0 0
8900 0.0723063 0 177 0.313725 0.5 0 0
8910 0.0723063 0 177 0.317647 0.5 0 0
8920 0.072183 0 177 0.317647 0.5 0 0
8930 0.072183 0 177 0.317647 0.5 0 0
8940 0.072915 0 177 0.321569 0.5 0 0
8950 0.072915 0 177 0.321569 0.5 0 0
8960 0.072636 0 177 0.321569 0.5 0 0
8970 0.072636 0 177 0.317647 0.5 0 0
8980 0.0718238 0 177 0.317647 0.5 0 0
8990 0.0718238 0 177 0.337255 0.5 0 0
9000 0.0718911 0 177 0.333333 0.5 0 0
9010 0.0718911 0 177 0.356863 0.5 0 0
9020 0.0715591 0 177 0.34902 0.5 0 0
9030 0.0715591 0 177 0.337255 0.5 0 0
9040 0.0706947 0 177 0.317647 0.5 0 0
9050 0.0706947 0 177 0.317647 0.5 0 0
9060 0.070102 0 177 0.317647 0.5 0 0
9070 0.070102 0 177 0.317647 0.5 0 0
9080 0.0700117 0 177 0.317647 0.5 0 0
9090 0.0700117 0 177 0.317647 0.5 0 0
9100 0.0706712 0 177 0.317647 0.5 0 0
9110 0.0706712 0 177 0.317647 0.5 0 0
9120 0.0707291 0 177 0.317647 0.5 0 0
9130 0.0707291 0 177 0.317647 0.5 0 0
9140 0.0704923 0 177 0.317647 0.5 0 0
9150 0.0704923 0 177 0.313725 0.5 0 0
9160 0.0697384 0 177 0.313725 0.5 0 0
9170 0.0697384 0 177 0.313725 0.5 0 0
9180 0.0692875 0 177 0.309804 0.5 0 0
9190 0.0692875 0 177 0.309804 0.5 0 0
9200 0.0690057 0 177 0.305882 0.5 0 0
9210 0.0690057 0 177 0.301961 0.5 0 0
9220 0.0680057 0.25 177.25 0.301961 0.5 0 0
9230 0.0680057 0.25 177.25 0.301961 0.5 0 0
9240 0.0671331 0.25 177.5 0.301961 0.5 0 0
9250 0.0671331 0.25 177.5 0.301961 0.5 0 0
9260 0.0667187 0.25 177.75 0.301961 0.5 0 0
9270 0.0667187 0.25 177.75 0.301961 0.5 0 0
9280 0.0661815 0.25 178 0.301961 0.5 0 0
9290 0.0661815 0.25 178 0.301961 0.5 0 0
9300 0.0661186 0.25 178.25 0.301961 0.5 0 0
9310 0.0661186 0.25 178.25 0.301961 0.5 0 0
9320 0.0662264 0.25 178.5 0.298039 0.5 0 0
9330 0.0662264 0.25 178.5 0.301961 0.5 0 0
9340 0.0663471 0.25 178.75 0.298039 0.5 0 0
9350 0.0663471 0.25 178.75 0.298039 0.5 0 0
9360 0.0662966 0.25 179 0.298039 0.5 0 0
9370 0.0662966 0.25 179 0.298039 0.5 0 0
9380 0.0663002 0.25 179.25 0.298039 0.5 0 0
9390 0.0663002 0.25 179.25 0.294118 0.5 0 0
9400 0.0662004 0 179.25 0.294118 0.5 0 0
9410 0.0662004 0 179.25 0.298039 0.5 0 0
9420 0.0667081 0 179.25 0.298039 0.5 0 0
9430 0.0667081 0 179.25 0.301961 0.5 0 0
9440 0.0666402 0 179.25 0.305882 0.5 0 0
9450 0.0666402 0 179.25 0.32549 0.5 0 0
9460 0.0667064 0 179.25 0.32549 0.5 0 0
9470 0.0667064 0 179.25 0.329412 0.5 0 0
9480 0.0661956 0 179.25 0.309804 0.5 0 0
9490 0.0661956 0 179.25 0.298039 0.5 0 0
9500 0.0652209 0 179.25 0.286275 0.5 0 0
9510 0.0652209 0 179.25 0.290196 0.5 0 0
9520 0.0646579 0 179.25 0.290196 0.5 0 0
9530 0.0646579 0 179.25 0.290196 0.5 0 0
9540 0.0641651 0 179.25 0.286275 0.5 0 0
9550 0.0641651 0 179.25 0.286275 0.5 0 0
9560 0.0634933 0.25 179.5 0.286275 0.5 0 0
9570 0.0634933 0.25 179.5 0.286275 0.5 0 0
9580 0.0631443 0.25 179.75 0.290196 0.5 0 0
9590 0.0631443 0.25 179.75 0.294118 0.5 0 0
9600 0.0633705 0.25 180 0.294118 0.5 0 0
9610 0.0633705 0.25 180 0.294118 0.5 0 0
9620 0.0636037 0.25 180.25 0.294118 0.5 0 0
9630 0.0636037 0.25 180.25 0.298039 0.5 0 0
9640 0.0636432 0.25 180.5 0.294118 0.5 0 0
9650 0.0636432 0.25 180.5 0.298039 0.5 0 0
9660 0.0636691 0.25 180.75 0.298039 0.5 0 0
9670 0.0636691 0.25 180.75 0.298039 0.5 0 0
9680 0.0639378 0.25 181 0.298039 0.5 0 0
9690 0.0639378 0.25 181 0.298039 0.5 0 0
9700 0.0641804 0.25 181.25 0.298039 0.5 0 0
9710 0.0641804 0.25 181.25 0.298039 0.5 0 0
9720 0.0643041 0.5 181.75 0.298039 0.5 0 0
9730 0.0643041 0.5 181.75 0.298039 0.5 0 0
9740 0.0643427 0.5 182.25 0.298039 0.5 0 0
9750 0.0643427 0.5 182.25 0.298039 0.5 0 0
9760 0.0643803 0.5 182.75 0.301961 0.5 0 0
9770 0.0643803 0.5 182.75 0.298039 0.5 0 0
9780 0.0643665 0.5 183.25 0.298039 0.5 0 0
9790 0.0643665 0.5 183.25 0.298039 0.5 0 0
9800 0.0643061 0.25 183.5 0.294118 0.5 0 0
9810 0.0643061 0.25 183.5 0.298039 0.5 0 0
9820 0.0642733 0.5 184 0.298039 0.5 0 0
9830 0.0642733 0.5 184 0.298039 0.5 0 0
9840 0.0643006 0.5 184.5 0.298039 0.5 0 0
9850 0.0643006 0.5 184.5 0.298039 0.5 0 0
9860 0.0643314 0.5 185 0.298039 0.5 0 0
9870 0.0643314 0.5 185 0.298039 0.5 0 0
9880 0.0643558 0.5 185.5 0.298039 0.5 0 0
9890 0.0643558 0.5 185.5 0.298039 0.5 0 0
9900 0.0643862 0.5 186 0.298039 0.5 0 0
9910 0.0643862 0.5 186 0.298039 0.5 0 0
9920 0.0644124 0.5 186.5 0.298039 0.5 0 0
9930 0.0644124 0.5 186.5 0.298039 0.5 0 0
9940 0.0644305 0.5 187 0.298039 0.5 0 0
9950 0.0644305 0.5 187 0.298039 0.5 0 0
9960 0.0644542 0.5 187.5 0.301961 0.5 0 0
9970 0.0644542 0.5 187.5 0.301961 0.5 0 0
9980 0.0644735 0.5 188 0.298039 0.5 0 0
9990 0.0644735 0.5 188 0.298039 0.5 0 0
10000 0.0644873 0.5 188.5 0.298039 0.5 0 0
10010 0.0644873 0.5 188.5 0.301961 0.5 0 0
10020 0.0644502 0.5 189 0.298039 0.5 0 0
10030 0.0644502 0.5 189 0.298039 0.5 0 0
10040 0.0642755 0.5 189.5 0.294118 0.5 0 0
10050 0.0642755 0.5 189.5 0.294118 0.5 0 0
10060 0.0641118 0.625 190.125 0.290196 0.5 0 0
10070 0.0641118 0.625 190.125 0.290196 0.5 0 0
10080 0.0639403 0.625 190.75 0.290196 0.5 0 0
10090 0.0639403 0.625 190.75 0.290196 0.5 0 0
10100 0.0637546 0.625 191.375 0.286275 0.5 0 0
10110 0.0637546 0.625 191.375 0.286275 0.5 0 0
10120 0.0635897 0.625 192 0.286275 0.5 0 0
10130 0.0635897 0.625 192 0.286275 0.5 0 0
10140 0.0634178 0.625 192.625 0.286275 0.5 0 0
10150 0.0634178 0.625 192.625 0.286275 0.5 0 0
10160 0.0633906 0.625 193.25 0.286275 0.5 0 0
10170 0.0633906 0.625 193.25 0.286275 0.5 0 0
10180 0.0633813 0.625 193.875 0.286275 0.5 0 0
10190 0.0633813 0.625 193.875 0.282353 0.5 0 0
10200 0.0633454 0.625 194.5 0.282353 0.5 0 0
10210 0.0633454 0.625 194.5 0.282353 0.5 0 0
10220 0.0632968 0.625 195.125 0.286275 0.5 0 0
10230 0.0632968 0.625 195.125 0.282353 0.5 0 0
10240 0.0632361 0.625 195.75 0.282353 0.5 0 0
10250 0.0632361 0.625 195.75 0.282353 0.5 0 0
10260 0.0631748 0.625 196.375 0.282353 0.5 0 0
10270 0.0631748 0.625 196.375 0.282353 0.5 0 0
10280 0.0631143 0.625 197 0.282353 0.5 0 0
10290 0.0631143 0.625 197 0.282353 0.5 0 0
10300 0.0630563 0.625 197.625 0.282353 0.5 0 0
10310 0.0630563 0.625 197.625 0.282353 0.5 0 0
10320 0.0630215 0.625 198.25 0.282353 0.5 0 0
10330 0.0630215 0.625 198.25 0.282353 0.5 0 0
10340 0.0630058 0.625 198.875 0.278431 0.5 0 0
10350 0.0630058 0.625 198.875 0.278431 0.5 0 0
10360 0.0629844 0.625 199.5 0.278431 0.5 0 0
10370 0.0629844 0.625 199.5 0.278431 0.5 0 0
10380 0.0629441 0.625 200.125 0.278431 0.5 0 0
10390 0.0629441 0.625 200.125 0.278431 0.5 0 0
10400 0.0629057 0.625 200.75 0.278431 0.5 0 0
10410 0.0629057 0.625 200.75 0.278431 0.5 0 0
10420 0.0628692 0.625 201.375 0.278431 0.5 0 0
10430 0.0628692 0.625 201.375 0.278431 0.5 0 0
10440 0.0628278 0.625 202 0.278431 0.5 0 0
10450 0.0628278 0.625 202 0.27451 0.5 0 0
10460 0.0627955 0.625 202.625 0.27451 0.5 0 0
10470 0.0627955 0.625 202.625 0.27451 0.5 0 0
10480 0.0621895 0.5 203.125 0.27451 0.5 0 0
10490 0.0621895 0.5 203.125 0.278431 0.5 0 0
10500 0.0618075 0.5 203.625 0.278431 0.5 0 0
10510 0.0618075 0.5 203.625 0.27451 0.5 0 0
10520 0.0613492 0.5 204.125 0.27451 0.5 0 0
10530 0.0613492 0.5 204.125 0.278431 0.5 0 0
10540 0.060972 0.5 204.625 0.27451 0.5 0 0
10550 0.060972 0.5 204.625 0.27451 0.5 0 0
10560 0.0603792 0.5 205.125 0.278431 0.5 0 0
10570 0.0603792 0.5 205.125 0.27451 0.5 0 0
10580 0.0603498 0.5 205.625 0.27451 0.5 0 0
10590 0.0603498 0.5 205.625 0.27451 0.5 0 0
10600 0.0604198 0.5 206.125 0.27451 0.5 0 0
10610 0.0604198 0.5 206.125 0.27451 0.5 0 0
10620 0.0604774 0.5 206.625 0.27451 0.5 0 0
10630 0.0604774 0.5 206.625 0.27451 0.5 0 0
10640 0.0605355 0.5 207.125 0.27451 0.5 0 0
10650 0.0605355 0.5 207.125 0.27451 0.5 0 0
10660 0.0605876 0.5 207.625 0.27451 0.5 0 0
10670 0.0605876 0.5 207.625 0.278431 0.5 0 0
10680 0.0605366 0.5 208.125 0.27451 0.5 0 0
10690 0.0605366 0.5 208.125 0.27451 0.5 0 0
10700 0.0603442 0.5 208.625 0.270588 0.5 0 0
10710 0.0603442 0.5 208.625 0.270588 0.5 0 0
10720 0.0601141 0.5 209.125 0.270588 0.5 0 0
10730 0.0601141 0.5 209.125 0.266667 0.5 0 0
10740 0.0595549 0.375 209.5 0.270588 0.5 0 0
10750 0.0595549 0.375 209.5 0.266667 0.5 0 0
10760 0.0589106 0.375 209.875 0.266667 0.5 0 0
10770 0.0589106 0.375 209.875 0.270588 0.5 0 0
10780 0.0585001 0.375 210.25 0.266667 0.5 0 0
10790 0.0585001 0.375 210.25 0.266667 0.5 0 0
10800 0.058539 0.375 210.625 0.266667 0.5 0 0
10810 0.058539 0.375 210.625 0.266667 0.5 0 0
10820 0.0583352 0.375 211 0.266667 0.5 0 0
10830 0.0583352 0.375 211 0.266667 0.5 0 0
10840 0.0579563 0.375 211.375 0.266667 0.5 0 0
10850 0.0579563 0.375 211.375 0.262745 0.5 0 0
10860 0.0574648 0.375 211.75 0.262745 0.5 0 0
10870 0.0574648 0.375 211.75 0.262745 0.5 0 0
10880 0.0574628 0.375 212.125 0.262745 0.5 0 0
10890 0.0574628 0.375 212.125 0.262745 0.5 0 0
10900 0.0574374 0.25 212.375 0.258824 0.5 0 0
10910 0.0574374 0.25 212.375 0.254902 0.5 0 0
10920 0.0572218 0.25 212.625 0.258824 0.5 0 0
10930 0.0572218 0.25 212.625 0.25098 0.5 0 0
10940 0.0570638 0.25 212.875 0.262745 0.5 0 0
10950 0.0570638 0.25 212.875 0.270588 0.5 0 0
10960 0.0569309 0.25 213.125 0.282353 0.5 0 0
10970 0.0569309 0.25 213.125 0.278431 0.5 0 0
10980 0.0569451 0.25 213.375 0.282353 0.5 0 0
10990 0.0569451 0.25 213.375 0.282353 0.5 0 0
11000 0.0568573 0.25 213.625 0.278431 0.5 0 0
11010 0.0568573 0.25 213.625 0.25098 0.5 0 0
11020 0.0557479 0.25 213.875 0.25098 0.5 0 0
11030 0.0557479 0.25 213.875 0.25098 0.5 0 0
11040 0.0551886 0.25 214.125 0.247059 0.5 0 0
11050 0.0551886 0.25 214.125 0.247059 0.5 0 0
11060 0.0547821 0.25 214.375 0.258824 0.5 0 0
11070 0.0547821 0.25 214.375 0.258824 0.5 0 0
11080 0.0547687 0.375 214.75 0.25098 0.5 0 0
11090 0.0547687 0.375 214.75 0.247059 0.5 0 0
11100 0.0546659 0.25 215 0.25098 0.5 0 0
11110 0.0546659 0.25 215 0.247059 0.5 0 0
11120 0.054882 0.25 215.25 0.243137 0.5 0 0
11130 0.054882 0.25 215.25 0.25098 0.5 0 0
11140 0.0551481 0.25 215.5 0.25098 0.5 0 0
11150 0.0551481 0.25 215.5 0.25098 0.5 0 0
11160 0.055307 0.25 215.75 0.25098 0.5 0 0
11170 0.055307 0.25 215.75 0.247059 0.5 0 0
11180 0.0548947 0.25 216 0.243137 0.5 0 0
11190 0.0548947 0.25 216 0.239216 0.5 0 0
11200 0.054169 0.25 216.25 0.243137 0.5 0 0
11210 0.054169 0.25 216.25 0.258824 0.5 0 0
11220 0.0538941 0.25 216.5 0.25098 0.5 0 0
11230 0.0538941 0.25 216.5 0.25098 0.5 0 0
11240 0.0543079 0 216.5 0.243137 0.5 0 0
11250 0.0543079 0 216.5 0.266667 0.5 0 0
11260 0.0546486 0 216.5 0.262745 0.5 0 0
11270 0.0546486 0 216.5 0.239216 0.5 0 0
11280 0.0539791 0 216.5 0.235294 0.5 0 0
11290 0.0539791 0 216.5 0.235294 0.5 0 0
11300 0.053903 0 216.5 0.239216 0.5 0 0
11310 0.053903 0 216.5 0.247059 0.5 0 0
11320 0.0539598 0 216.5 0.254902 0.5 0 0
11330 0.0539598 0 216.5 0.262745 0.5 0 0
11340 0.054149 0 216.5 0.262745 0.5 0 0
11350 0.054149 0 216.5 0.266667 0.5 0 0
11360 0.0540458 0 216.5 0.262745 0.5 0 0
11370 0.0540458 0 216.5 0.254902 0.5 0 0
11380 0.0525994 0 216.5 0.235294 0.5 0 0
11390 0.0525994 0 216.5 0.239216 0.5 0 0
11400 0.052111 0 216.5 0.25098 0.5 0 0
11410 0.052111 0 216.5 0.258824 0.5 0 0
11420 0.0521895 0 216.5 0.262745 0.5 0 0
11430 0.0521895 0 216.5 0.262745 0.5 0 0
11440 0.0521398 0 216.5 0.247059 0.5 0 0
11450 0.0521398 0 216.5 0.239216 0.5 0 0
11460 0.0512089 0 216.5 0.215686 0.5 0 0
11470 0.0512089 0 216.5 0.215686 0.5 0 0
11480 0.0499592 0.25 216.75 0.215686 0.5 0 0
11490 0.0499592 0.25 216.75 0.215686 0.5 0 0
11500 0.0495582 0.25 217 0.215686 0.5 0 0
11510 0.0495582 0.25 217 0.215686 0.5 0 0
11520 0.0494647 0.25 217.25 0.215686 0.5 0 0
11530 0.0494647 0.25 217.25 0.215686 0.5 0 0
11540 0.0492615 0.375 217.625 0.215686 0.5 0 0
11550 0.0492615 0.375 217.625 0.215686 0.5 0 0
11560 0.049058 0.375 218 0.215686 0.5 0 0
11570 0.049058 0.375 218 0.215686 0.5 0 0
11580 0.0488728 0.5 218.5 0.215686 0.5 0 0
11590 0.0488728 0.5 218.5 0.215686 0.5 0 0
11600 0.0487024 0.5 219 0.215686 0.5 0 0
11610 0.0487024 0.5 219 0.215686 0.5 0 0
11620 0.0485662 0.5 219.5 0.215686 0.5 0 0
11630 0.0485662 0.5 219.5 0.215686 0.5 0 0
11640 0.0485082 0.5 220 0.219608 0.5 0 0
11650 0.0485082 0.5 220 0.215686 0.5 0 0
11660 0.0482982 0.375 220.375 0.207843 0.5 0 0
11670 0.0482982 0.375 220.375 0.207843 0.5 0 0
11680 0.0477728 0.375 220.75 0.207843 0.5 0 0
11690 0.0477728 0.375 220.75 0.207843 0.5 0 0
11700 0.0473729 0.375 221.125 0.207843 0.5 0 0
11710 0.0473729 0.375 221.125 0.207843 0.5 0 0
11720 0.0471114 0.375 221.5 0.207843 0.5 0 0
11730 0.0471114 0.375 221.5 0.207843 0.5 0 0
11740 0.0470934 0.375 221.875 0.203922 0.5 0 0
11750 0.0470934 0.375 221.875 0.207843 0.5 0 0
11760 0.0469156 0.375 222.25 0.207843 0.5 0 0
11770 0.0469156 0.375 222.25 0.207843 0.5 0 0
11780 0.0469223 0.375 222.625 0.203922 0.5 0 0
11790 0.0469223 0.375 222.625 0.203922 0.5 0 0
11800 0.0469224 0.375 223 0.203922 0.5 0 0
11810 0.0469224 0.375 223 0.203922 0.5 0 0
11820 0.0469263 0.375 223.375 0.203922 0.5 0 0
11830 0.0469263 0.375 223.375 0.203922 0.5 0 0
11840 0.0469308 0.375 223.75 0.203922 0.5 0 0
11850 0.0469308 0.375 223.75 0.203922 0.5 0 0
11860 0.0469363 0.375 224.125 0.2 0.5 0 0
11870 0.0469363 0.375 224.125 0.203922 0.5 0 0
11880 0.0469403 0.375 224.5 0.203922 0.5 0 0
11890 0.0469403 0.375 224.5 0.203922 0.5 0 0
11900 0.046944 0.375 224.875 0.203922 0.5 0 0
11910 0.046944 0.375 224.875 0.203922 0.5 0 0
11920 0.0469472 0.375 225.25 0.2 0.5 0 0
11930 0.0469472 0.375 225.25 0.203922 0.5 0 0
11940 0.0469507 0.375 225.625 0.203922 0.5 0 0
11950 0.0469507 0.375 225.625 0.203922 0.5 0 0
11960 0.0469548 0.375 226 0.2 0.5 0 0
11970 0.0469548 0.375 226 0.2 0.5 0 0
11980 0.0469619 0.375 226.375 0.2 0.5 0 0
11990 0.0469619 0.375 226.375 0.203922 0.5 0 0
12000 0.0469705 0.375 226.75 0.2 0.5 0 0
12010 0.0469705 0.375 226.75 0.203922 0.5 0 0
12020 0.0469791 0.375 227.125 0.203922 0.5 0 0
12030 0.0469791 0.375 227.125 0.203922 0.5 0 0
12040 0.0469884 0.375 227.5 0.2 0.5 0 0
12050 0.0469884 0.375 227.5 0.203922 0.5 0 0
12060 0.0469971 0.375 227.875 0.203922 0.5 0 0
12070 0.0469971 0.375 227.875 0.203922 0.5 0 0
12080 0.0469267 0.375 228.25 0.203922 0.5 0 0
12090 0.0469267 0.375 228.25 0.203922 0.5 0 0
12100 0.0468057 0.375 228.625 0.2 0.5 0 0
12110 0.0468057 0.375 228.625 0.196078 0.5 0 0
12120 0.0466927 0.375 229 0.196078 0.5 0 0
12130 0.0466927 0.375 229 0.192157 0.5 0 0
12140 0.0465819 0.375 229.375 0.192157 0.5 0 0
12150 0.0465819 0.375 229.375 0.192157 0.5 0 0
12160 0.0463187 0.375 229.75 0.196078 0.5 0 0
12170 0.0463187 0.375 229.75 0.192157 0.5 0 0
12180 0.046092 0.375 230.125 0.196078 0.5 0 0
12190 0.046092 0.375 230.125 0.2 0.5 0 0
12200 0.0458915 0.375 230.5 0.2 0.5 0 0
12210 0.0458915 0.375 230.5 0.207843 0.5 0 0
12220 0.0458041 0.375 230.875 0.203922 0.5 0 0
12230 0.0458041 0.375 230.875 0.207843 0.5 0 0
12240 0.0457904 0.375 231.25 0.203922 0.5 0 0
12250 0.0457904 0.375 231.25 0.2 0.5 0 0
12260 0.045752 0.375 231.625 0.207843 0.5 0 0
12270 0.045752 0.375 231.625 0.203922 0.5 0 0
12280 0.0456158 0.25 231.875 0.2 0.5 0 0
12290 0.0456158 0.25 231.875 0.2 0.5 0 0
12300 0.0454621 0.375 232.25 0.2 0.5 0 0
12310 0.0454621 0.375 232.25 0.2 0.5 0 0
12320 0.0453627 0.375 232.625 0.203922 0.5 0 0
12330 0.0453627 0.375 232.625 0.2 0.5 0 0
12340 0.0448126 0.375 233 0.196078 0.5 0 0
12350 0.0448126 0.375 233 0.2 0.5 0 0
12360 0.044515 0.375 233.375 0.192157 0.5 0 0
12370 0.044515 0.375 233.375 0.196078 0.5 0 0
12380 0.0442695 0.25 233.625 0.192157 0.5 0 0
12390 0.0442695 0.25 233.625 0.192157 0.5 0 0
12400 0.043983 0.25 233.875 0.188235 0.5 0 0
12410 0.043983 0.25 233.875 0.188235 0.5 0 0
12420 0.0436606 0.25 234.125 0.180392 0.5 0 0
12430 0.0436606 0.25 234.125 0.176471 0.5 0 0
12440 0.0431914 0.25 234.375 0.172549 0.5 0 0
12450 0.0431914 0.25 234.375 0.176471 0.5 0 0
12460 0.0428998 0.25 234.625 0.180392 0.5 0 0
12470 0.0428998 0.25 234.625 0.192157 0.5 0 0
12480 0.0425305 0.25 234.875 0.196078 0.5 0 0
12490 0.0425305 0.25 234.875 0.192157 0.5 0 0
12500 0.0425652 0 234.875 0.192157 0.5 0 0
12510 0.0425652 0 234.875 0.184314 0.5 0 0
12520 0.0421091 0 234.875 0.176471 0.5 0 0
12530 0.0421091 0 234.875 0.172549 0.5 0 0
12540 0.0416091 0 234.875 0.168627 0.5 0 0
12550 0.0416091 0 234.875 0.168627 0.5 0 0
12560 0.0411996 0 234.875 0.168627 0.5 0 0
12570 0.0411996 0 234.875 0.164706 0.5 0 0
12580 0.0401241 0 234.875 0.160784 0.5 0 0
12590 0.0401241 0 234.875 0.168627 0.5 0 0
12600 0.0398061 0 234.875 0.172549 0.5 0 0
12610 0.0398061 0 234.875 0.172549 0.5 0 0
12620 0.0397575 0 234.875 0.172549 0.5 0 0
12630 0.0397575 0 234.875 0.164706 0.5 0 0
12640 0.0393739 0 234.875 0.156863 0.5 0 0
12650 0.0393739 0 234.875 0.152941 0.5 0 0
12660 0.0386558 0 234.875 0.152941 0.5 0 0
12670 0.0386558 0 234.875 0.14902 0.5 0 0
12680 0.0371747 0 234.875 0.14902 0.5 0 0
12690 0.0371747 0 234.875 0.14902 0.5 0 0
12700 0.0364169 0 234.875 0.14902 0.5 0 0
12710 0.0364169 0 234.875 0.141176 0.5 0 0
12720 0.0360637 0 234.875 0.137255 0.5 0 0
12730 0.0360637 0 234.875 0.137255 0.5 0 0
12740 0.034711 0 234.875 0.133333 0.5 0 0
12750 0.034711 0 234.875 0.141176 0.5 0 0
12760 0.0332225 0 234.875 0.141176 0.5 0 0
12770 0.0332225 0 234.875 0.133333 0.5 0 0
12780 0.0325974 0 234.875 0.129412 0.5 0 0
12790 0.0325974 0 234.875 0.12549 0.5 0 0
12800 0.0315937 0 234.875 0.121569 0.5 0 0
12810 0.0315937 0 234.875 0.121569 0.5 0 0
12820 0.0303421 0.25 235.125 0.121569 0.5 0 0
12830 0.0303421 0.25 235.125 0.121569 0.5 0 0
12840 0.0295766 0.25 235.375 0.121569 0.5 0 0
12850 0.0295766 0.25 235.375 0.121569 0.5 0 0
12860 0.0292682 0.375 235.75 0.121569 0.5 0 0
12870 0.0292682 0.375 235.75 0.117647 0.5 0 0
12880 0.0290683 0.375 236.125 0.121569 0.5 0 0
12890 0.0290683 0.375 236.125 0.121569 0.5 0 0
12900 0.0289565 0.375 236.5 0.117647 0.5 0 0
12910 0.0289565 0.375 236.5 0.117647 0.5 0 0
12920 0.028799 0.375 236.875 0.117647 0.5 0 0
12930 0.028799 0.375 236.875 0.117647 0.5 0 0
12940 0.0287299 0.375 237.25 0.117647 0.5 0 0
12950 0.0287299 0.375 237.25 0.117647 0.5 0 0
12960 0.0286945 0.375 237.625 0.117647 0.5 0 0
12970 0.0286945 0.375 237.625 0.117647 0.5 0 0
12980 0.02866 0.375 238 0.117647 0.5 0 0
12990 0.02866 0.375 238 0.117647 0.5 0 0
13000 0.0285976 0.375 238.375 0.117647 0.5 0 0
13010 0.0285976 0.375 238.375 0.117647 0.5 0 0
13020 0.0284985 0.375 238.75 0.117647 0.5 0 0
13030 0.0284985 0.375 238.75 0.117647 0.5 0 0
13040 0.0283396 0.375 239.125 0.117647 0.5 0 0
13050 0.0283396 0.375 239.125 0.113725 0.5 0 0
13060 0.0281243 0.375 239.5 0.117647 0.5 0 0
13070 0.0281243 0.375 239.5 0.113725 0.5 0 0
13080 0.0278918 0.375 239.875 0.113725 0.5 0 0
13090 0.0278918 0.375 239.875 0.113725 0.5 0 0
13100 0.0276595 0.5 240.375 0.113725 0.5 0 0
13110 0.0276595 0.5 240.375 0.113725 0.5 0 0
13120 0.0274719 0.5 240.875 0.113725 0.5 0 0
13130 0.0274719 0.5 240.875 0.113725 0.5 0 0
13140 0.0273021 0.5 241.375 0.113725 0.5 0 0
13150 0.0273021 0.5 241.375 0.113725 0.5 0 0
13160 0.0271031 0.5 241.875 0.109804 0.5 0 0
13170 0.0271031 0.5 241.875 0.113725 0.5 0 0
13180 0.0269354 0.5 242.375 0.113725 0.5 0 0
13190 0.0269354 0.5 242.375 0.113725 0.5 0 0
13200 0.0268873 0.375 242.75 0.113725 0.5 0 0
13210 0.0268873 0.375 242.75 0.113725 0.5 0 0
13220 0.0267536 0.375 243.125 0.113725 0.5 0 0
13230 0.0267536 0.375 243.125 0.113725 0.5 0 0
13240 0.0265529 0.375 243.5 0.113725 0.5 0 0
13250 0.0265529 0.375 243.5 0.113725 0.5 0 0
13260 0.026433 0.375 243.875 0.113725 0.5 0 0
13270 0.026433 0.375 243.875 0.109804 0.5 0 0
13280 0.0260153 0.375 244.25 0.113725 0.5 0 0
13290 0.0260153 0.375 244.25 0.113725 0.5 0 0
13300 0.0254571 0.375 244.625 0.113725 0.5 0 0
13310 0.0254571 0.375 244.625 0.113725 0.5 0 0
13320 0.024906 0.375 245 0.109804 0.5 0 0
13330 0.024906 0.375 245 0.113725 0.5 0 0
13340 0.024554 0.5 245.5 0.113725 0.5 0 0
13350 0.024554 0.5 245.5 0.109804 0.5 0 0
13360 0.0241946 0.5 246 0.109804 0.5 0 0
13370 0.0241946 0.5 246 0.113725 0.5 0 0
13380 0.0237901 0.5 246.5 0.113725 0.5 0 0
13390 0.0237901 0.5 246.5 0.113725 0.5 0 0
13400 0.0236964 0.5 247 0.113725 0.5 0 0
13410 0.0236964 0.5 247 0.113725 0.5 0 0
13420 0.0236578 0.5 247.5 0.113725 0.5 0 0
13430 0.0236578 0.5 247.5 0.113725 0.5 0 0
13440 0.0236241 0.5 248 0.109804 0.5 0 0
13450 0.0236241 0.5 248 0.109804 0.5 0 0
13460 0.023961 0 248 0.105882 0.5 0 0
13470 0.023961 0 248 0.105882 0.5 0 0
13480 0.0240922 0.25 248.25 0.109804 0.5 0 0
13490 0.0240922 0.25 248.25 0.109804 0.5 0 0
13500 0.0239923 0.25 248.5 0.109804 0.5 0 0
13510 0.0239923 0.25 248.5 0.113725 0.5 0 0
13520 0.0239301 0.25 248.75 0.109804 0.5 0 0
13530 0.0239301 0.25 248.75 0.113725 0.5 0 0
13540 0.0238261 0.25 249 0.109804 0.5 0 0
13550 0.0238261 0.25 249 0.109804 0.5 0 0
13560 0.0235673 0.25 249.25 0.113725 0.5 0 0
13570 0.0235673 0.25 249.25 0.113725 0.5 0 0
13580 0.0232405 0 249.25 0.113725 0.5 0 0
13590 0.0232405 0 249.25 0.109804 0.5 0 0
13600 0.0229685 0 249.25 0.113725 0.5 0 0
13610 0.0229685 0 249.25 0.113725 0.5 0 0
13620 0.0226691 0 249.25 0.109804 0.5 0 0
13630 0.0226691 0 249.25 0.101961 0.5 0 0
13640 0.0217245 0 249.25 0.0941176 0.5 0 0
13650 0.0217245 0 249.25 0.0941176 0.5 0 0
13660 0.0210729 0.25 249.5 0.0980392 0.5 0 0
13670 0.0210729 0.25 249.5 0.0941176 0.5 0 0
13680 0.0207692 0.25 249.75 0.0941176 0.5 0 0
13690 0.0207692 0.25 249.75 0.0980392 0.5 0 0
13700 0.0204686 0.25 250 0.0980392 0.5 0 0
13710 0.0204686 0.25 250 0.0980392 0.5 0 0
13720 0.0201026 0.375 250.375 0.0980392 0.5 0 0
13730 0.0201026 0.375 250.375 0.0980392 0.5 0 0
13740 0.0198644 0.375 250.75 0.0980392 0.5 0 0
13750 0.0198644 0.375 250.75 0.0980392 0.5 0 0
13760 0.0196765 0.375 251.125 0.0980392 0.5 0 0
13770 0.0196765 0.375 251.125 0.0980392 0.5 0 0
13780 0.0196476 0.375 251.5 0.0980392 0.5 0 0
13790 0.0196476 0.375 251.5 0.0980392 0.5 0 0
13800 0.019377 0.25 251.75 0.0980392 0.5 0 0
13810 0.019377 0.25 251.75 0.0980392 0.5 0 0
13820 0.0193588 0.25 252 0.0941176 0.5 0 0
13830 0.0193588 0.25 252 0.0980392 0.5 0 0
13840 0.0193521 0.25 252.25 0.0980392 0.5 0 0
13850 0.0193521 0.25 252.25 0.0941176 0.5 0 0
13860 0.0193318 0.25 252.5 0.0941176 0.5 0 0
13870 0.0193318 0.25 252.5 0.0941176 0.5 0 0
13880 0.0192844 0.25 252.75 0.0941176 0.5 0 0
13890 0.0192844 0.25 252.75 0.0941176 0.5 0 0
13900 0.0190282 0.25 253 0.0941176 0.5 0 0
13910 0.0190282 0.25 253 0.0941176 0.5 0 0
13920 0.0185845 0.25 253.25 0.0901961 0.5 0 0
13930 0.0185845 0.25 253.25 0.0901961 0.5 0 0
13940 0.0184494 0.5 253.75 0.0901961 0.5 0 0
13950 0.0184494 0.5 253.75 0.0901961 0.5 0 0
13960 0.0184019 0.5 254.25 0.0901961 0.5 0 0
13970 0.0184019 0.5 254.25 0.0862745 0.5 0 0
13980 0.0181132 0.5 254.75 0.0901961 0.5 0 0
13990 0.0181132 0.5 254.75 0.0862745 0.5 0 0
14000 0.0173778 0.5 255.25 0.0862745 0.5 0 0
14010 0.0173778 0.5 255.25 0.0862745 0.5 0 0
14020 0.0171077 0.5 255.75 0.0862745 0.5 0 0
14030 0.0171077 0.5 255.75 0.0862745 0.5 0 0
14040 0.017095 0.5 256.25 0.0862745 0.5 0 0
14050 0.017095 0.5 256.25 0.0862745 0.5 0 0
14060 0.0169325 0.5 256.75 0.0862745 0.5 0 0
14070 0.0169325 0.5 256.75 0.0862745 0.5 0 0
14080 0.0167348 0.5 257.25 0.0862745 0.5 0 0
14090 0.0167348 0.5 257.25 0.0862745 0.5 0 0
14100 0.0166895 0.5 257.75 0.0862745 0.5 0 0
14110 0.0166895 0.5 257.75 0.0862745 0.5 0 0
14120 0.0166217 0.375 258.125 0.0823529 0.5 0 0
14130 0.0166217 0.375 258.125 0.0862745 0.5 0 0
14140 0.0165571 0.25 258.375 0.0862745 0.5 0 0
14150 0.0165571 0.25 258.375 0.0823529 0.5 0 0
14160 0.0160745 0.25 258.625 0.0823529 0.5 0 0
14170 0.0160745 0.25 258.625 0.0823529 0.5 0 0
14180 0.0159439 0.25 258.875 0.0823529 0.5 0 0
14190 0.0159439 0.25 258.875 0.0823529 0.5 0 0
14200 0.0157679 0.375 259.25 0.0823529 0.5 0 0
14210 0.0157679 0.375 259.25 0.0862745 0.5 0 0
14220 0.0154497 0.375 259.625 0.0862745 0.5 0 0
14230 0.0154497 0.375 259.625 0.0862745 0.5 0 0
14240 0.0151857 0.375 260 0.0862745 0.5 0 0
14250 0.0151857 0.375 260 0.0862745 0.5 0 0
14260 0.014865 0.25 260.25 0.0823529 0.5 0 0
14270 0.014865 0.25 260.25 0.0823529 0.5 0 0
14280 0.0143714 0.25 260.5 0.0823529 0.5 0 0
14290 0.0143714 0.25 260.5 0.0823529 0.5 0 0
14300 0.0138041 0.25 260.75 0.0784314 0.5 0 0
14310 0.0138041 0.25 260.75 0.0823529 0.5 0 0
14320 0.0133847 0 260.75 0.0862745 0.5 0 0
14330 0.0133847 0 260.75 0.0862745 0.5 0 0
14340 0.013064 0 260.75 0.0901961 0.5 0 0
14350 0.013064 0 260.75 0.0862745 0.5 0 0
14360 0.0129211 0 260.75 0.0862745 0.5 0 0
14370 0.0129211 0 260.75 0.0823529 0.5 0 0
14380 0.0125752 0 260.75 0.0784314 0.5 0 0
14390 0.0125752 0 260.75 0.0745098 0.5 0 0
14400 0.0120464 0 260.75 0.0745098 0.5 0 0
14410 0.0120464 0 260.75 0.0705882 0.5 0 0
14420 0.0116267 0.375 261.125 0.0745098 0.5 0 0
14430 0.0116267 0.375 261.125 0.0745098 0.5 0 0
14440 0.0112736 0.375 261.5 0.0745098 0.5 0 0
14450 0.0112736 0.375 261.5 0.0784314 0.5 0 0
14460 0.0111555 0.375 261.875 0.0784314 0.5 0 0
14470 0.0111555 0.375 261.875 0.0745098 0.5 0 0
14480 0.0111555 0.375 262.25 0.0784314 0.5 0 0
14490 0.0111555 0.375 262.25 0.0784314 0.5 0 0
14500 0.0109931 0.375 262.625 0.0745098 0.5 0 0
14510 0.0109931 0.375 262.625 0.0784314 0.5 0 0
14520 0.0107529 0.375 263 0.0745098 0.5 0 0
14530 0.0107529 0.375 263 0.0745098 0.5 0 0
14540 0.0104669 0 263 0.0745098 0.5 0 0
14550 0.0104669 0 263 0.0784314 0.5 0 0
14560 0.0103148 0 263 0.0784314 0.5 0 0
14570 0.0103148 0 263 0.0784314 0.5 0 0
14580 0.0101796 0 263 0.0784314 0.5 0 0
14590 0.0101796 0 263 0.0745098 0.5 0 0
14600 0.0100431 0 263 0.0705882 0.5 0 0
14610 0.0100431 0 263 0.0666667 0.5 0 0
14620 0.00979765 0 263 0.0666667 0.5 0 0
14630 0.00979765 0 263 0.0705882 0.5 0 0
14640 0.00968973 0.25 263.25 0.0666667 0.5 0 0
14650 0.00968973 0.25 263.25 0.0705882 0.5 0 0
14660 0.00969251 0.25 263.5 0.0705882 0.5 0 0
14670 0.00969251 0.25 263.5 0.0705882 0.5 0 0
14680 0.00970559 0.25 263.75 0.0705882 0.5 0 0
14690 0.00970559 0.25 263.75 0.0705882 0.5 0 0
14700 0.00956719 0.25 264 0.0705882 0.5 0 0
14710 0.00956719 0.25 264 0.0705882 0.5 0 0
14720 0.00936045 0.25 264.25 0.0666667 0.5 0 0
14730 0.00936045 0.25 264.25 0.0666667 0.5 0 0
14740 0.00916231 0.375 264.625 0.0666667 0.5 0 0
14750 0.00916231 0.375 264.625 0.0666667 0.5 0 0
14760 0.00895482 0.25 264.875 0.0666667 0.5 0 0
14770 0.00895482 0.25 264.875 0.0666667 0.5 0 0
14780 0.00883801 0.25 265.125 0.0666667 0.5 0 0
14790 0.00883801 0.25 265.125 0.0666667 0.5 0 0
14800 0.00876377 0.25 265.375 0.0666667 0.5 0 0
14810 0.00876377 0.25 265.375 0.0666667 0.5 0 0
14820 0.00867763 0.75 266.125 0.0627451 0.5 0 0
14830 0.00867763 0.75 266.125 0.0627451 0.5 0 0
14840 0.00860721 0.75 266.875 0.0627451 0.5 0 0
14850 0.00860721 0.75 266.875 0.0627451 0.5 0 0
14860 0.00850778 0.75 267.625 0.0627451 0.5 0 0
14870 0.00850778 0.75 267.625 0.0666667 0.5 0 0
14880 0.00849349 0.75 268.375 0.0666667 0.5 0 0
14890 0.00849349 0.75 268.375 0.0666667 0.5 0 0
14900 0.00847698 0.75 269.125 0.0666667 0.5 0 0
14910 0.00847698 0.75 269.125 0.0627451 0.5 0 0
14920 0.00845925 0.75 269.875 0.0627451 0.5 0 0
14930 0.00845925 0.75 269.875 0.0627451 0.5 0 0
14940 0.00840205 0.75 270.625 0.0627451 0.5 0 0
14950 0.00840205 0.75 270.625 0.0666667 0.5 0 0
14960 0.0082606 0.25 270.875 0.0666667 0.5 0 0
14970 0.0082606 0.25 270.875 0.0666667 0.5 0 0
14980 0.00789855 0.25 271.125 0.0588235 0.5 0 0
14990 0.00789855 0.25 271.125 0.0588235 0.5 0 0
15000 0.00746652 0.5 271.625 0.0588235 0.5 0 0
15010 0.00746652 0.5 271.625 0.0588235 0.5 0 0
15020 0.0071424 0.625 272.25 0.0588235 0.5 0 0
15030 0.0071424 0.625 272.25 0.0588235 0.5 0 0
15040 0.00691892 0.625 272.875 0.0588235 0.5 0 0
15050 0.00691892 0.625 272.875 0.0588235 0.5 0 0
15060 0.00676284 0.75 273.625 0.0588235 0.5 0 0
15070 0.00676284 0.75 273.625 0.0588235 0.5 0 0
15080 0.00657128 0.75 274.375 0.0588235 0.5 0 0
15090 0.00657128 0.75 274.375 0.0588235 0.5 0 0
15100 0.00643532 0.625 275 0.0588235 0.5 0 0
15110 0.00643532 0.625 275 0.0588235 0.5 0 0
15120 0.00631336 0.625 275.625 0.0588235 0.5 0 0
15130 0.00631336 0.625 275.625 0.0627451 0.5 0 0
15140 0.00628996 0.5 276.125 0.0627451 0.5 0 0
15150 0.00628996 0.5 276.125 0.0627451 0.5 0 0
15160 0.00626358 0.5 276.625 0.0588235 0.5 0 0
15170 0.00626358 0.5 276.625 0.0588235 0.5 0 0
15180 0.00620072 0.5 277.125 0.054902 0.5 0 0
15190 0.00620072 0.5 277.125 0.054902 0.5 0 0
15200 0.00602987 0.5 277.625 0.0588235 0.5 0 0
15210 0.00602987 0.5 277.625 0.054902 0.5 0 0
15220 0.00598906 0.25 277.875 0.054902 0.5 0 0
15230 0.00598906 0.25 277.875 0.0588235 0.5 0 0
15240 0.00597508 0 277.875 0.0588235 0.5 0 0
15250 0.00597508 0 277.875 0.0588235 0.5 0 0
15260 0.00618526 0 277.875 0.0627451 0.5 0 0
15270 0.00618526 0 277.875 0.0627451 0.5 0 0
15280 0.00617026 0 277.875 0.0627451 0.5 0 0
15290 0.00617026 0 277.875 0.0627451 0.5 0 0
15300 0.00608765 0 277.875 0.0627451 0.5 0 0
15310 0.00608765 0 277.875 0.0627451 0.5 0 0
15320 0.00598475 0 277.875 0.0588235 0.5 0 0
15330 0.00598475 0 277.875 0.0588235 0.5 0 0
15340 0.00572677 0 277.875 0.054902 0.5 0 0
15350 0.00572677 0 277.875 0.054902 0.5 0 0
15360 0.0055129 0 277.875 0.054902 0.5 0 0
15370 0.0055129 0 277.875 0.0588235 0.5 0 0
15380 0.0053847 0 277.875 0.0588235 0.5 0 0
15390 0.0053847 0 277.875 0.0588235 0.5 0 0
15400 0.00528732 0 277.875 0.0588235 0.5 0 0
15410 0.00528732 0 277.875 0.0588235 0.5 0 0
15420 0.00515625 0 277.875 0.0588235 0.5 0 0
15430 0.00515625 0 277.875 0.054902 0.5 0 0
15440 0.00507271 0 277.875 0.054902 0.5 0 0
15450 0.00507271 0 277.875 0.054902 0.5 0 0
15460 0.00498771 0 277.875 0.054902 0.5 0 0
15470 0.00498771 0 277.875 0.0588235 0.5 0 0
15480 0.00501436 0 277.875 0.0588235 0.5 0 0
15490 0.00501436 0 277.875 0.0627451 0.5 0 0
15500 0.00493033 0 277.875 0.0588235 0.5 0 0
15510 0.00493033 0 277.875 0.0627451 0.5 0 0
15520 0.00492679 0 277.875 0.0627451 0.5 0 0
15530 0.00492679 0 277.875 0.0627451 0.5 0 0
15540 0.00492126 0 277.875 0.0627451 0.5 0 0
15550 0.00492126 0 277.875 0.0588235 0.5 0 0
15560 0.00492258 0 277.875 0.0588235 0.5 0 0
15570 0.00492258 0 277.875 0.054902 0.5 0 0
15580 0.00485448 0 277.875 0.0588235 0.5 0 0
15590 0.00485448 0 277.875 0.054902 0.5 0 0
15600 0.00478413 0 277.875 0.054902 0.5 0 0
15610 0.00478413 0 277.875 0.0588235 0.5 0 0
15620 0.00469926 0 277.875 0.0627451 0.5 0 0
15630 0.00469926 0 277.875 0.0666667 0.5 0 0
15640 0.00469312 0 277.875 0.0666667 0.5 0 0
15650 0.00469312 0 277.875 0.0666667 0.5 0 0
15660 0.00462173 0 277.875 0.0627451 0.5 0 0
15670 0.00462173 0 277.875 0.0509804 0.5 0 0
15680 0.00456912 0 277.875 0.0509804 0.5 0 0
15690 0.00456912 0 277.875 0.0509804 0.5 0 0
15700 0.00457807 0 277.875 0.0509804 0.5 0 0
15710 0.00457807 0 277.875 0.054902 0.5 0 0
15720 0.00463916 0 277.875 0.0509804 0.5 0 0
15730 0.00463916 0 277.875 0.054902 0.5 0 0
15740 0.00464209 0 277.875 0.054902 0.5 0 0
15750 0.00464209 0 277.875 0.054902 0.5 0 0
15760 0.0046725 0 277.875 0.054902 0.5 0 0
15770 0.0046725 0 277.875 0.054902 0.5 0 0
15780 0.00476659 0 277.875 0.0588235 0.5 0 0
15790 0.00476659 0 277.875 0.0588235 0.5 0 0
15800 0.0047686 0 277.875 0.0588235 0.5 0 0
15810 0.0047686 0 277.875 0.054902 0.5 0 0
15820 0.00483301 0 277.875 0.054902 0.5 0 0
15830 0.00483301 0 277.875 0.054902 0.5 0 0
15840 0.00490513 0 277.875 0.054902 0.5 0 0
15850 0.00490513 0 277.875 0.0509804 0.5 0 0
15860 0.00481638 0 277.875 0.054902 0.5 0 0
15870 0.00481638 0 277.875 0.0509804 0.5 0 0
15880 0.00462843 0 277.875 0.0509804 0.5 0 0
15890 0.00462843 0 277.875 0.0509804 0.5 0 0
15900 0.00458803 0 277.875 0.0509804 0.5 0 0
15910 0.00458803 0 277.875 0.0509804 0.5 0 0
15920 0.00455657 0 277.875 0.054902 0.5 0 0
15930 0.00455657 0 277.875 0.0509804 0.5 0 0
15940 0.00444591 0 277.875 0.0588235 0.5 0 0
15950 0.00444591 0 277.875 0.0627451 0.5 0 0
15960 0.00447137 0 277.875 0.0627451 0.5 0 0
15970 0.00447137 0 277.875 0.0627451 0.5 0 0
15980 0.00446043 0 277.875 0.0627451 0.5 0 0
15990 0.00446043 0 277.875 0.0588235 0.5 0 0
16000 0.00440737 0 277.875 0.054902 0.5 0 0
16010 0.00440737 0 277.875 0.0509804 0.5 0 0
16020 0.00436821 0 277.875 0.0509804 0.5 0 0
16030 0.00436821 0 277.875 0.0509804 0.5 0 0
16040 0.0044071 0.375 278.25 0.0509804 0.5 0 0
16050 0.0044071 0.375 278.25 0.0509804 0.5 0 0
16060 0.00442169 0.375 278.625 0.0509804 0.5 0 0
16070 0.00442169 0.375 278.625 0.054902 0.5 0 0
16080 0.00442794 0.375 279 0.054902 0.5 0 0
16090 0.00442794 0.375 279 0.054902 0.5 0 0
16100 0.00434517 0.375 279.375 0.054902 0.5 0 0
16110 0.00434517 0.375 279.375 0.054902 0.5 0 0
16120 0.00431222 0.375 279.75 0.0509804 0.5 0 0
16130 0.00431222 0.375 279.75 0.0509804 0.5 0 0
16140 0.00431128 0.75 280.5 0.0509804 0.5 0 0
16150 0.00431128 0.75 280.5 0.0509804 0.5 0 0
16160 0.00433466 0.75 281.25 0.0509804 0.5 0 0
16170 0.00433466 0.75 281.25 0.0509804 0.5 0 0
16180 0.00436871 0.5 281.75 0.0509804 0.5 0 0
16190 0.00436871 0.5 281.75 0.0509804 0.5 0 0
16200 0.00450462 0.5 282.25 0.054902 0.5 0 0
16210 0.00450462 0.5 282.25 0.054902 0.5 0 0
16220 0.00455128 0.5 282.75 0.054902 0.5 0 0
16230 0.00455128 0.5 282.75 0.054902 0.5 0 0
16240 0.00455638 0.5 283.25 0.054902 0.5 0 0
16250 0.00455638 0.5 283.25 0.054902 0.5 0 0
16260 0.00445568 0.5 283.75 0.054902 0.5 0 0
16270 0.00445568 0.5 283.75 0.0509804 0.5 0 0
16280 0.00432101 0.5 284.25 0.054902 0.5 0 0
16290 0.00432101 0.5 284.25 0.054902 0.5 0 0
16300 0.00429343 0.25 284.5 0.0588235 0.5 0 0
16310 0.00429343 0.25 284.5 0.0588235 0.5 0 0
16320 0.00447161 0 284.5 0.0588235 0.5 0 0
16330 0.00447161 0 284.5 0.0588235 0.5 0 0
16340 0.00448187 0 284.5 0.0588235 0.5 0 0
16350 0.00448187 0 284.5 0.0588235 0.5 0 0
16360 0.00434691 0 284.5 0.054902 0.5 0 0
16370 0.00434691 0 284.5 0.054902 0.5 0 0
16380 0.00428282 0 284.5 0.054902 0.5 0 0
16390 0.00428282 0 284.5 0.054902 0.5 0 0
16400 0.00427273 0 284.5 0.054902 0.5 0 0
16410 0.00427273 0 284.5 0.0509804 0.5 0 0
16420 0.0040984 0 284.5 0.054902 0.5 0 0
16430 0.0040984 0 284.5 0.054902 0.5 0 0
16440 0.00430483 0 284.5 0.0627451 0.5 0 0
16450 0.00430483 0 284.5 0.0705882 0.5 0 0
16460 0.00437244 0 284.5 0.0705882 0.5 0 0
16470 0.00437244 0 284.5 0.0705882 0.5 0 0
16480 0.0043543 0 284.5 0.0666667 0.5 0 0
16490 0.0043543 0 284.5 0.0627451 0.5 0 0
16500 0.0043305 0 284.5 0.0666667 0.5 0 0
16510 0.0043305 0 284.5 0.0627451 0.5 0 0
16520 0.00436998 0 284.5 0.0666667 0.5 0 0
16530 0.00436998 0 284.5 0.0627451 0.5 0 0
16540 0.00438637 0 284.5 0.0627451 0.5 0 0
16550 0.00438637 0 284.5 0.0588235 0.5 0 0
16560 0.00438759 0 284.5 0.0627451 0.5 0 0
16570 0.00438759 0 284.5 0.0588235 0.5 0 0
16580 0.00437549 0 284.5 0.0627451 0.5 0 0
16590 0.00437549 0 284.5 0.0666667 0.5 0 0
16600 0.00434225 0 284.5 0.0627451 0.5 0 0
16610 0.00434225 0 284.5 0.0627451 0.5 0 0
16620 0.00432977 0 284.5 0.0666667 0.5 0 0
16630 0.00432977 0 284.5 0.0588235 0.5 0 0
16640 0.00426276 0 284.5 0.054902 0.5 0 0
16650 0.00426276 0 284.5 0.0509804 0.5 0 0
16660 0.00443534 0 284.5 0.0509804 0.5 0 0
16670 0.00443534 0 284.5 0.0509804 0.5 0 0
16680 0.00447366 0.625 285.125 0.054902 0.5 0 0
16690 0.00447366 0.625 285.125 0.054902 0.5 0 0
16700 0.00449001 0.625 285.75 0.054902 0.5 0 0
16710 0.00449001 0.625 285.75 0.054902 0.5 0 0
16720 0.00451138 0.625 286.375 0.054902 0.5 0 0
16730 0.00451138 0.625 286.375 0.054902 0.5 0 0
16740 0.00448436 0.625 287 0.0588235 0.5 0 0
16750 0.00448436 0.625 287 0.0588235 0.5 0 0
16760 0.00452134 0.625 287.625 0.054902 0.5 0 0
16770 0.00452134 0.625 287.625 0.054902 0.5 0 0
16780 0.00456601 0.375 288 0.054902 0.5 0 0
16790 0.00456601 0.375 288 0.054902 0.5 0 0
16800 0.00457956 0.5 288.5 0.054902 0.5 0 0
16810 0.00457956 0.5 288.5 0.054902 0.5 0 0
16820 0.00457156 0.5 289 0.054902 0.5 0 0
16830 0.00457156 0.5 289 0.054902 0.5 0 0
16840 0.00457205 0.5 289.5 0.0588235 0.5 0 0
16850 0.00457205 0.5 289.5 0.054902 0.5 0 0
16860 0.00456694 0.375 289.875 0.0588235 0.5 0 0
16870 0.00456694 0.375 289.875 0.054902 0.5 0 0
16880 0.00454035 0.625 290.5 0.054902 0.5 0 0
16890 0.00454035 0.625 290.5 0.0588235 0.5 0 0
16900 0.00454039 0.625 291.125 0.054902 0.5 0 0
16910 0.00454039 0.625 291.125 0.054902 0.5 0 0
16920 0.00453843 0.625 291.75 0.054902 0.5 0 0
16930 0.00453843 0.625 291.75 0.054902 0.5 0 0
16940 0.00458846 0.75 292.5 0.054902 0.5 0 0
16950 0.00458846 0.75 292.5 0.054902 0.5 0 0
16960 0.0045858 0.75 293.25 0.054902 0.5 0 0
16970 0.0045858 0.75 293.25 0.054902 0.5 0 0
16980 0.0045942 0.875 294.125 0.054902 0.5 0 0
16990 0.0045942 0.875 294.125 0.054902 0.5 0 0
17000 0.0046054 0.875 295 0.054902 0.5 0 0
17010 0.0046054 0.875 295 0.054902 0.5 0 0
17020 0.00460342 0.875 295.875 0.054902 0.5 0 0
17030 0.00460342 0.875 295.875 0.054902 0.5 0 0
17040 0.00460192 0.875 296.75 0.054902 0.5 0 0
17050 0.00460192 0.875 296.75 0.054902 0.5 0 0
17060 0.00459854 0.875 297.625 0.054902 0.5 0 0
17070 0.00459854 0.875 297.625 0.054902 0.5 0 0
17080 0.00459448 0.875 298.5 0.054902 0.5 0 0
17090 0.00459448 0.875 298.5 0.054902 0.5 0 0
17100 0.0045587 0.5 299 0.054902 0.5 0 0
17110 0.0045587 0.5 299 0.054902 0.5 0 0
17120 0.00454273 0.5 299.5 0.054902 0.5 0 0
17130 0.00454273 0.5 299.5 0.054902 0.5 0 0
17140 0.0045302 0.5 300 0.054902 0.5 0 0
17150 0.0045302 0.5 300 0.054902 0.5 0 0
17160 0.00448124 0.5 300.5 0.054902 0.5 0 0
17170 0.00448124 0.5 300.5 0.054902 0.5 0 0
17180 0.00446167 0.5 301 0.054902 0.5 0 0
17190 0.00446167 0.5 301 0.054902 0.5 0 0
17200 0.0044538 0.5 301.5 0.054902 0.5 0 0
17210 0.0044538 0.5 301.5 0.054902 0.5 0 0
17220 0.00448654 0.25 301.75 0.054902 0.5 0 0
17230 0.00448654 0.25 301.75 0.054902 0.5 0 0
17240 0.00449386 0.25 302 0.054902 0.5 0 0
17250 0.00449386 0.25 302 0.054902 0.5 0 0
17260 0.00449605 0.25 302.25 0.054902 0.5 0 0
17270 0.00449605 0.25 302.25 0.0509804 0.5 0 0
17280 0.00446629 0.25 302.5 0.0509804 0.5 0 0
17290 0.00446629 0.25 302.5 0.0509804 0.5 0 0
17300 0.00446693 0.25 302.75 0.054902 0.5 0 0
17310 0.00446693 0.25 302.75 0.054902 0.5 0 0
17320 0.00444376 0.5 303.25 0.0509804 0.5 0 0
17330 0.00444376 0.5 303.25 0.054902 0.5 0 0
17340 0.00445729 0.75 304 0.054902 0.5 0 0
17350 0.00445729 0.75 304 0.054902 0.5 0 0
17360 0.00449375 0.75 304.75 0.0509804 0.5 0 0
17370 0.00449375 0.75 304.75 0.0509804 0.5 0 0
17380 0.00452532 0.875 305.625 0.0509804 0.5 0 0
17390 0.00452532 0.875 305.625 0.0509804 0.5 0 0
17400 0.00465716 0.75 306.375 0.054902 0.5 0 0
17410 0.00465716 0.75 306.375 0.054902 0.5 0 0
17420 0.00484775 0.75 307.125 0.054902 0.5 0 0
17430 0.00484775 0.75 307.125 0.054902 0.5 0 0
17440 0.00488597 0.625 307.75 0.054902 0.5 0 0
17450 0.00488597 0.625 307.75 0.0588235 0.5 0 0
17460 0.0049018 0.75 308.5 0.0588235 0.5 0 0
17470 0.0049018 0.75 308.5 0.0588235 0.5 0 0
17480 0.00486623 0.75 309.25 0.0588235 0.5 0 0
17490 0.00486623 0.75 309.25 0.0588235 0.5 0 0
17500 0.00479027 0.75 310 0.0588235 0.5 0 0
17510 0.00479027 0.75 310 0.0627451 0.5 0 0
17520 0.00473855 0.75 310.75 0.0627451 0.5 0 0
17530 0.00473855 0.75 310.75 0.0666667 0.5 0 0
17540 0.00473397 0.5 311.25 0.0666667 0.5 0 0
17550 0.00473397 0.5 311.25 0.0666667 0.5 0 0
17560 0.00463978 0.5 311.75 0.0666667 0.5 0 0
17570 0.00463978 0.5 311.75 0.0666667 0.5 0 0
17580 0.00449111 0.25 312 0.0627451 0.5 0 0
17590 0.00449111 0.25 312 0.054902 0.5 0 0
17600 0.00431928 0.75 312.75 0.0509804 0.5 0 0
17610 0.00431928 0.75 312.75 0.0509804 0.5 0 0
17620 0.00433496 0.75 313.5 0.0509804 0.5 0 0
17630 0.00433496 0.75 313.5 0.0509804 0.5 0 0
17640 0.00437886 0.75 314.25 0.0509804 0.5 0 0
17650 0.00437886 0.75 314.25 0.0509804 0.5 0 0
17660 0.00447178 0.75 315 0.0509804 0.5 0 0
17670 0.00447178 0.75 315 0.054902 0.5 0 0
17680 0.00450803 0.75 315.75 0.054902 0.5 0 0
17690 0.00450803 0.75 315.75 0.0509804 0.5 0 0
17700 0.00451014 0.75 316.5 0.054902 0.5 0 0
17710 0.00451014 0.75 316.5 0.0509804 0.5 0 0
17720 0.00447726 0.75 317.25 0.054902 0.5 0 0
17730 0.00447726 0.75 317.25 0.054902 0.5 0 0
17740 0.00439734 0.625 317.875 0.0509804 0.5 0 0
17750 0.00439734 0.625 317.875 0.0509804 0.5 0 0
17760 0.00435298 0.625 318.5 0.0509804 0.5 0 0
17770 0.00435298 0.625 318.5 0.0509804 0.5 0 0
17780 0.00435497 0.625 319.125 0.0509804 0.5 0 0
17790 0.00435497 0.625 319.125 0.0509804 0.5 0 0
17800 0.00438474 0.75 319.875 0.0509804 0.5 0 0
17810 0.00438474 0.75 319.875 0.0509804 0.5 0 0
17820 0.0044931 0.75 320.625 0.054902 0.5 0 0
17830 0.0044931 0.75 320.625 0.054902 0.5 0 0
17840 0.00449252 0.625 321.25 0.054902 0.5 0 0
17850 0.00449252 0.625 321.25 0.054902 0.5 0 0
17860 0.00448914 0.625 321.875 0.054902 0.5 0 0
17870 0.00448914 0.625 321.875 0.054902 0.5 0 0
17880 0.00451127 0.625 322.5 0.054902 0.5 0 0
17890 0.00451127 0.625 322.5 0.054902 0.5 0 0
17900 0.00452264 0.5 323 0.054902 0.5 0 0
17910 0.00452264 0.5 323 0.054902 0.5 0 0
17920 0.00452477 0.25 323.25 0.054902 0.5 0 0
17930 0.00452477 0.25 323.25 0.054902 0.5 0 0
17940 0.00443772 0.25 323.5 0.054902 0.5 0 0
17950 0.00443772 0.25 323.5 0.0509804 0.5 0 0
17960 0.00432791 0.25 323.75 0.0509804 0.5 0 0
17970 0.00432791 0.25 323.75 0.0509804 0.5 0 0
17980 0.00428768 0 323.75 0.0509804 0.5 0 0
17990 0.00428768 0 323.75 0.0470588 0.5 0 0
18000 0.00422098 0.625 324.375 0.0509804 0.5 0 0
18010 0.00422098 0.625 324.375 0.0470588 0.5 0 0
18020 0.00424317 0.625 325 0.0470588 0.5 0 0
18030 0.00424317 0.625 325 0.0509804 0.5 0 0
18040 0.00426502 0.625 325.625 0.0470588 0.5 0 0
18050 0.00426502 0.625 325.625 0.0509804 0.5 0 0
18060 0.00435001 0.75 326.375 0.0509804 0.5 0 0
18070 0.00435001 0.75 326.375 0.0509804 0.5 0 0
18080 0.00439382 0.75 327.125 0.0509804 0.5 0 0
18090 0.00439382 0.75 327.125 0.0509804 0.5 0 0
18100 0.00441488 0.75 327.875 0.054902 0.5 0 0
18110 0.00441488 0.75 327.875 0.0509804 0.5 0 0
18120 0.00447659 0.75 328.625 0.054902 0.5 0 0
18130 0.00447659 0.75 328.625 0.054902 0.5 0 0
18140 0.00447771 0.75 329.375 0.054902 0.5 0 0
18150 0.00447771 0.75 329.375 0.054902 0.5 0 0
18160 0.00444639 0.5 329.875 0.054902 0.5 0 0
18170 0.00444639 0.5 329.875 0.054902 0.5 0 0
18180 0.00441083 0.5 330.375 0.054902 0.5 0 0
18190 0.00441083 0.5 330.375 0.0509804 0.5 0 0
18200 0.00434857 0.625 331 0.0509804 0.5 0 0
18210 0.00434857 0.625 331 0.0509804 0.5 0 0
18220 0.00428043 0.75 331.75 0.0509804 0.5 0 0
18230 0.00428043 0.75 331.75 0.0509804 0.5 0 0
18240 0.00424613 0.75 332.5 0.0509804 0.5 0 0
18250 0.00424613 0.75 332.5 0.0509804 0.5 0 0
18260 0.00421092 0.75 333.25 0.0509804 0.5 0 0
18270 0.00421092 0.75 333.25 0.0509804 0.5 0 0
18280 0.00418659 0.875 334.125 0.0509804 0.5 0 0
18290 0.00418659 0.875 334.125 0.0470588 0.5 0 0
18300 0.00417453 0.875 335 0.0470588 0.5 0 0
18310 0.00417453 0.875 335 0.0470588 0.5 0 0
18320 0.00416232 0.75 335.75 0.0470588 0.5 0 0
18330 0.00416232 0.75 335.75 0.0470588 0.5 0 0
18340 0.00420825 0.75 336.5 0.0470588 0.5 0 0
18350 0.00420825 0.75 336.5 0.0470588 0.5 0 0
18360 0.00421463 0.75 337.25 0.0470588 0.5 0 0
18370 0.00421463 0.75 337.25 0.0470588 0.5 0 0
18380 0.0042556 0.75 338 0.0470588 0.5 0 0
18390 0.0042556 0.75 338 0.0470588 0.5 0 0
18400 0.00432603 0.875 338.875 0.0470588 0.5 0 0
18410 0.00432603 0.875 338.875 0.0470588 0.5 0 0
18420 0.00433303 0.875 339.75 0.0470588 0.5 0 0
18430 0.00433303 0.875 339.75 0.0509804 0.5 0 0
18440 0.00438991 0.875 340.625 0.0509804 0.5 0 0
18450 0.00438991 0.875 340.625 0.0509804 0.5 0 0
18460 0.00443523 0.875 341.5 0.0509804 0.5 0 0
18470 0.00443523 0.875 341.5 0.0509804 0.5 0 0
18480 0.00455888 0.875 342.375 0.0509804 0.5 0 0
18490 0.00455888 0.875 342.375 0.0509804 0.5 0 0
18500 0.00460741 0.75 343.125 0.0509804 0.5 0 0
18510 0.00460741 0.75 343.125 0.0509804 0.5 0 0
18520 0.00461346 0.75 343.875 0.0509804 0.5 0 0
18530 0.00461346 0.75 343.875 0.0509804 0.5 0 0
18540 0.00453985 0.625 344.5 0.0509804 0.5 0 0
18550 0.00453985 0.625 344.5 0.0509804 0.5 0 0
18560 0.00451489 0.625 345.125 0.0509804 0.5 0 0
18570 0.00451489 0.625 345.125 0.0509804 0.5 0 0
18580 0.00448577 0.625 345.75 0.0509804 0.5 0 0
18590 0.00448577 0.625 345.75 0.0509804 0.5 0 0
18600 0.00445696 0.875 346.625 0.0509804 0.5 0 0
18610 0.00445696 0.875 346.625 0.0509804 0.5 0 0
18620 0.00441987 0.875 347.5 0.0509804 0.5 0 0
18630 0.00441987 0.875 347.5 0.0509804 0.5 0 0
18640 0.00435927 0.875 348.375 0.0509804 0.5 0 0
18650 0.00435927 0.875 348.375 0.0509804 0.5 0 0
18660 0.00430589 0.875 349.25 0.0470588 0.5 0 0
18670 0.00430589 0.875 349.25 0.0509804 0.5 0 0
18680 0.0042729 0.875 350.125 0.0509804 0.5 0 0
18690 0.0042729 0.875 350.125 0.0509804 0.5 0 0
18700 0.004366 0.875 351 0.0509804 0.5 0 0
18710 0.004366 0.875 351 0.0509804 0.5 0 0
18720 0.00438968 0.625 351.625 0.0470588 0.5 0 0
18730 0.00438968 0.625 351.625 0.0509804 0.5 0 0
18740 0.00445764 0.75 352.375 0.0509804 0.5 0 0
18750 0.00445764 0.75 352.375 0.0509804 0.5 0 0
18760 0.00453115 0.875 353.25 0.0509804 0.5 0 0
18770 0.00453115 0.875 353.25 0.0509804 0.5 0 0
18780 0.00454796 0.875 354.125 0.0509804 0.5 0 0
18790 0.00454796 0.875 354.125 0.0509804 0.5 0 0
18800 0.00456002 0.875 355 0.0509804 0.5 0 0
18810 0.00456002 0.875 355 0.0509804 0.5 0 0
18820 0.00453825 0.875 355.875 0.0509804 0.5 0 0
18830 0.00453825 0.875 355.875 0.0509804 0.5 0 0
18840 0.00453563 0.75 356.625 0.0509804 0.5 0 0
18850 0.00453563 0.75 356.625 0.054902 0.5 0 0
18860 0.00448924 0.5 357.125 0.054902 0.5 0 0
18870 0.00448924 0.5 357.125 0.054902 0.5 0 0
18880 0.00446927 0.375 357.5 0.054902 0.5 0 0
18890 0.00446927 0.375 357.5 0.0509804 0.5 0 0
18900 0.00431465 0.5 358 0.0509804 0.5 0 0
18910 0.00431465 0.5 358 0.0509804 0.5 0 0
18920 0.00414735 0.5 358.5 0.0509804 0.5 0 0
18930 0.00414735 0.5 358.5 0.0509804 0.5 0 0
18940 0.00401862 0.5 359 0.0509804 0.5 0 0
18950 0.00401862 0.5 359 0.0509804 0.5 0 0
18960 0.00397742 0.5 359.5 0.0509804 0.5 0 0
18970 0.00397742 0.5 359.5 0.0509804 0.5 0 0
18980 0.00394035 0.5 360 0.0470588 0.5 0 0
18990 0.00394035 0.5 360 0.0470588 0.5 0 0
19000 0.0039533 0.5 360.5 0.0470588 0.5 0 0
19010 0.0039533 0.5 360.5 0.0509804 0.5 0 0
19020 0.00405619 0.5 361 0.0509804 0.5 0 0
19030 0.00405619 0.5 361 0.0470588 0.5 0 0
19040 0.0040012 0.5 361.5 0.0470588 0.5 0 0
19050 0.0040012 0.5 361.5 0.0470588 0.5 0 0
19060 0.00397099 0.5 362 0.0470588 0.5 0 0
19070 0.00397099 0.5 362 0.0509804 0.5 0 0
19080 0.0039544 0.75 362.75 0.0470588 0.5 0 0
19090 0.0039544 0.75 362.75 0.0509804 0.5 0 0
19100 0.00398379 0.75 363.5 0.0470588 0.5 0 0
19110 0.00398379 0.75 363.5 0.0470588 0.5 0 0
19120 0.00401199 0.625 364.125 0.0470588 0.5 0 0
19130 0.00401199 0.625 364.125 0.0470588 0.5 0 0
19140 0.00403414 0.625 364.75 0.0470588 0.5 0 0
19150 0.00403414 0.625 364.75 0.0470588 0.5 0 0
19160 0.00404911 0.625 365.375 0.0470588 0.5 0 0
19170 0.00404911 0.625 365.375 0.0470588 0.5 0 0
19180 0.00403979 0.625 366 0.0470588 0.5 0 0
19190 0.00403979 0.625 366 0.0470588 0.5 0 0
19200 0.00401823 0.625 366.625 0.0470588 0.5 0 0
19210 0.00401823 0.625 366.625 0.0470588 0.5 0 0
19220 0.00400759 0.375 367 0.0470588 0.5 0 0
19230 0.00400759 0.375 367 0.0470588 0.5 0 0
19240 0.0040119 0.75 367.75 0.0509804 0.5 0 0
19250 0.0040119 0.75 367.75 0.0509804 0.5 0 0
19260 0.00399312 0.75 368.5 0.0509804 0.5 0 0
19270 0.00399312 0.75 368.5 0.0509804 0.5 0 0
19280 0.00402937 0.5 369 0.0509804 0.5 0 0
19290 0.00402937 0.5 369 0.0509804 0.5 0 0
19300 0.00411504 0.625 369.625 0.0509804 0.5 0 0
19310 0.00411504 0.625 369.625 0.0509804 0.5 0 0
19320 0.00435602 0.625 370.25 0.054902 0.5 0 0
19330 0.00435602 0.625 370.25 0.0509804 0.5 0 0
19340 0.00435944 0.375 370.625 0.0509804 0.5 0 0
19350 0.00435944 0.375 370.625 0.054902 0.5 0 0
19360 0.00427037 0.375 371 0.054902 0.5 0 0
19370 0.00427037 0.375 371 0.054902 0.5 0 0
19380 0.00422687 0.375 371.375 0.054902 0.5 0 0
19390 0.00422687 0.375 371.375 0.054902 0.5 0 0
19400 0.00410268 0.375 371.75 0.054902 0.5 0 0
19410 0.00410268 0.375 371.75 0.0509804 0.5 0 0
19420 0.00410718 0.25 372 0.0509804 0.5 0 0
19430 0.00410718 0.25 372 0.0509804 0.5 0 0
19440 0.00414875 0.375 372.375 0.0509804 0.5 0 0
19450 0.00414875 0.375 372.375 0.0470588 0.5 0 0
19460 0.00414912 0.25 372.625 0.0509804 0.5 0 0
19470 0.00414912 0.25 372.625 0.0509804 0.5 0 0
19480 0.00418349 0.25 372.875 0.0509804 0.5 0 0
19490 0.00418349 0.25 372.875 0.0509804 0.5 0 0
19500 0.00423683 0.375 373.25 0.0509804 0.5 0 0
19510 0.00423683 0.375 373.25 0.0509804 0.5 0 0
19520 0.00429719 0.5 373.75 0.0509804 0.5 0 0
19530 0.00429719 0.5 373.75 0.0509804 0.5 0 0
19540 0.00430198 0.5 374.25 0.054902 0.5 0 0
19550 0.00430198 0.5 374.25 0.0509804 0.5 0 0
19560 0.00427487 0.5 374.75 0.0509804 0.5 0 0
19570 0.00427487 0.5 374.75 0.0509804 0.5 0 0
19580 0.00425799 0.5 375.25 0.0509804 0.5 0 0
19590 0.00425799 0.5 375.25 0.0509804 0.5 0 0
19600 0.0042599 0.5 375.75 0.0509804 0.5 0 0
19610 0.0042599 0.5 375.75 0.0509804 0.5 0 0
19620 0.0042885 0.5 376.25 0.0509804 0.5 0 0
19630 0.0042885 0.5 376.25 0.0509804 0.5 0 0
19640 0.00432369 0.625 376.875 0.0509804 0.5 0 0
19650 0.00432369 0.625 376.875 0.0509804 0.5 0 0
19660 0.00437622 0.5 377.375 0.0509804 0.5 0 0
19670 0.00437622 0.5 377.375 0.0509804 0.5 0 0
19680 0.00445167 0.5 377.875 0.0509804 0.5 0 0
19690 0.00445167 0.5 377.875 0.0509804 0.5 0 0
19700 0.00459512 0.5 378.375 0.0509804 0.5 0 0
19710 0.00459512 0.5 378.375 0.0509804 0.5 0 0
19720 0.0046627 0.5 378.875 0.0509804 0.5 0 0
19730 0.0046627 0.5 378.875 0.0509804 0.5 0 0
19740 0.00465332 0.25 379.125 0.0509804 0.5 0 0
19750 0.00465332 0.25 379.125 0.0509804 0.5 0 0
19760 0.00457907 0.5 379.625 0.0509804 0.5 0 0
19770 0.00457907 0.5 379.625 0.0509804 0.5 0 0
19780 0.00436376 0.5 380.125 0.0509804 0.5 0 0
19790 0.00436376 0.5 380.125 0.0509804 0.5 0 0
19800 0.00435875 0.625 380.75 0.0509804 0.5 0 0
19810 0.00435875 0.625 380.75 0.0509804 0.5 0 0
19820 0.00435655 0.625 381.375 0.0509804 0.5 0 0
19830 0.00435655 0.625 381.375 0.0509804 0.5 0 0
19840 0.00435076 0.625 382 0.0509804 0.5 0 0
19850 0.00435076 0.625 382 0.0509804 0.5 0 0
19860 0.00436892 0.75 382.75 0.0509804 0.5 0 0
19870 0.00436892 0.75 382.75 0.0509804 0.5 0 0
19880 0.00435701 0.625 383.375 0.0509804 0.5 0 0
19890 0.00435701 0.625 383.375 0.0509804 0.5 0 0
19900 0.00417451 0.625 384 0.0509804 0.5 0 0
19910 0.00417451 0.625 384 0.0470588 0.5 0 0
19920 0.00405737 0.625 384.625 0.0470588 0.5 0 0
19930 0.00405737 0.625 384.625 0.0470588 0.5 0 0
19940 0.00399587 0.625 385.25 0.0470588 0.5 0 0
19950 0.00399587 0.625 385.25 0.0470588 0.5 0 0
19960 0.00394368 0.625 385.875 0.0509804 0.5 0 0
19970 0.00394368 0.625 385.875 0.0509804 0.5 0 0
19980 0.00396094 0.625 386.5 0.054902 0.5 0 0
19990 0.00396094 0.625 386.5 0.054902 0.5 0 0
20000 0.00398314 0.625 387.125 0.0509804 0.5 0 0
20010 0.00398314 0.625 387.125 0.0509804 0.5 0 0
