0 0.0844791 0 0 0.5 0.5 0 0
10 0.0844791 0 0 0.694118 0.5 0 0
20 0.0841608 0.375 0.375 0.686275 0.5 0 0
30 0.0841608 0.375 0.375 0.670588 0.5 0 0
40 0.0843904 0.375 0.75 0.67451 0.5 0 0
50 0.0843904 0.375 0.75 0.690196 0.5 0 0
60 0.0845095 0.375 1.125 0.796078 0.5 0 0
70 0.0845095 0.375 1.125 0.686275 0.5 0 0
80 0.0846133 0.375 1.5 0.686275 0.5 0 0
90 0.0846133 0.375 1.5 0.721569 0.5 0 0
100 0.0846234 0.375 1.875 0.690196 0.5 0 0
110 0.0846234 0.375 1.875 0.717647 0.5 0 0
120 0.0852349 0.25 2.125 0.8 0.5 0 0
130 0.0852349 0.25 2.125 0.686275 0.5 0 0
140 0.0853675 0.25 2.375 0.713725 0.5 0 0
150 0.0853675 0.25 2.375 0.619608 0.5 0 0
160 0.0853306 0.25 2.625 0.792157 0.5 0 0
170 0.0853306 0.25 2.625 0.690196 0.5 0 0
180 0.0853233 0.25 2.875 0.690196 0.5 0 0
190 0.0853233 0.25 2.875 0.694118 0.5 0 0
200 0.0853233 0.25 3.125 0.701961 0.5 0 0
210 0.0853233 0.25 3.125 0.792157 0.5 0 0
220 0.0853233 0.25 3.375 0.701961 0.5 0 0
230 0.0853233 0.25 3.375 0.792157 0.5 0 0
240 0.0852954 0.375 3.75 0.686275 0.5 0 0
250 0.0852954 0.375 3.75 0.780392 0.5 0 0
260 0.0852805 0.375 4.125 0.792157 0.5 0 0
270 0.0852805 0.375 4.125 0.713725 0.5 0 0
280 0.0852104 0.375 4.5 0.65098 0.5 0 0
290 0.0852104 0.375 4.5 0.780392 0.5 0 0
300 0.0851011 0.375 4.875 0.839216 0.5 0 0
310 0.0851011 0.375 4.875 0.835294 0.5 0 0
320 0.0850106 0.375 5.25 0.682353 0.5 0 0
330 0.0850106 0.375 5.25 0.686275 0.5 0 0
340 0.0849231 0.375 5.625 0.690196 0.5 0 0
350 0.0849231 0.375 5.625 0.796078 0.5 0 0
360 0.0848518 0.25 5.875 0.686275 0.5 0 0
370 0.0848518 0.25 5.875 0.796078 0.5 0 0
380 0.0848415 0.125 6 0.678431 0.5 0 0
390 0.0848415 0.125 6 0.701961 0.5 0 0
400 0.084841 0.125 6.125 0.796078 0.5 0 0
410 0.084841 0.125 6.125 0.662745 0.5 0 0
420 0.084841 0.125 6.25 0.690196 0.5 0 0
430 0.084841 0.125 6.25 0.839216 0.5 0 0
440 0.0848299 0.125 6.375 0.713725 0.5 0 0
450 0.0848299 0.125 6.375 0.713725 0.5 0 0
460 0.0848299 0.125 6.5 0.721569 0.5 0 0
470 0.0848299 0.125 6.5 0.686275 0.5 0 0
480 0.0848299 0.125 6.625 0.686275 0.5 0 0
490 0.0848299 0.125 6.625 0.780392 0.5 0 0
500 0.0848299 0 6.625 0.701961 0.5 0 0
510 0.0848299 0 6.625 0.721569 0.5 0 0
520 0.0848209 0 6.625 0.780392 0.5 0 0
530 0.0848209 0 6.625 0.721569 0.5 0 0
540 0.0850812 0 6.625 0.701961 0.5 0 0
550 0.0850812 0 6.625 0.635294 0.5 0 0
560 0.0855982 0.375 7 0.588235 0.5 0 0
570 0.0855982 0.375 7 0.560784 0.5 0 0
580 0.0856906 0.375 7.375 0.537255 0.5 0 0
590 0.0856906 0.375 7.375 0.529412 0.5 0 0
600 0.0854355 0.375 7.75 0.529412 0.5 0 0
610 0.0854355 0.375 7.75 0.529412 0.5 0 0
620 0.085187 0.375 8.125 0.52549 0.5 0 0
630 0.085187 0.375 8.125 0.529412 0.5 0 0
640 0.0851678 0.375 8.5 0.529412 0.5 0 0
650 0.0851678 0.375 8.5 0.529412 0.5 0 0
660 0.0851011 0.25 8.75 0.529412 0.5 0 0
670 0.0851011 0.25 8.75 0.529412 0.5 0 0
680 0.0850861 0 8.75 0.529412 0.5 0 0
690 0.0850861 0 8.75 0.52549 0.5 0 0
700 0.0849333 0 8.75 0.529412 0.5 0 0
710 0.0849333 0 8.75 0.529412 0.5 0 0
720 0.084926 0 8.75 0.52549 0.5 0 0
730 0.084926 0 8.75 0.529412 0.5 0 0
740 0.0849375 0.25 9 0.529412 0.5 0 0
750 0.0849375 0.25 9 0.52549 0.5 0 0
760 0.0849136 0.25 9.25 0.529412 0.5 0 0
770 0.0849136 0.25 9.25 0.529412 0.5 0 0
780 0.0845548 0.25 9.5 0.521569 0.5 0 0
790 0.0845548 0.25 9.5 0.52549 0.5 0 0
800 0.084368 0.25 9.75 0.529412 0.5 0 0
810 0.084368 0.25 9.75 0.52549 0.5 0 0
820 0.0843671 0.25 10 0.52549 0.5 0 0
830 0.0843671 0.25 10 0.529412 0.5 0 0
840 0.0843671 0.25 10.25 0.529412 0.5 0 0
850 0.0843671 0.25 10.25 0.529412 0.5 0 0
860 0.0843671 0.25 10.5 0.529412 0.5 0 0
870 0.0843671 0.25 10.5 0.533333 0.5 0 0
880 0.0843671 0.25 10.75 0.529412 0.5 0 0
890 0.0843671 0.25 10.75 0.529412 0.5 0 0
900 0.0843335 0.25 11 0.52549 0.5 0 0
910 0.0843335 0.25 11 0.529412 0.5 0 0
920 0.0841628 0.125 11.125 0.529412 0.5 0 0
930 0.0841628 0.125 11.125 0.529412 0.5 0 0
940 0.0835967 0.125 11.25 0.529412 0.5 0 0
950 0.0835967 0.125 11.25 0.52549 0.5 0 0
960 0.0832874 0.125 11.375 0.52549 0.5 0 0
970 0.0832874 0.125 11.375 0.52549 0.5 0 0
980 0.0830191 0.125 11.5 0.529412 0.5 0 0
990 0.0830191 0.125 11.5 0.529412 0.5 0 0
1000 0.0830959 0.125 11.625 0.517647 0.5 0 0
1010 0.0830959 0.125 11.625 0.521569 0.5 0 0
1020 0.0836958 0 11.625 0.52549 0.5 0 0
1030 0.0836958 0 11.625 0.537255 0.5 0 0
1040 0.0841194 0.125 11.75 0.541176 0.5 0 0
1050 0.0841194 0.125 11.75 0.537255 0.5 0 0
1060 0.0844489 0.125 11.875 0.529412 0.5 0 0
1070 0.0844489 0.125 11.875 0.521569 0.5 0 0
1080 0.0847645 0.125 12 0.505882 0.5 0 0
1090 0.0847645 0.125 12 0.494118 0.5 0 0
1100 0.0849539 0.125 12.125 0.482353 0.5 0 0
1110 0.0849539 0.125 12.125 0.482353 0.5 0 0
1120 0.0849394 0.125 12.25 0.482353 0.5 0 0
1130 0.0849394 0.125 12.25 0.482353 0.5 0 0
1140 0.0853121 0.25 12.5 0.482353 0.5 0 0
1150 0.0853121 0.25 12.5 0.478431 0.5 0 0
1160 0.0855951 0.25 12.75 0.482353 0.5 0 0
1170 0.0855951 0.25 12.75 0.478431 0.5 0 0
1180 0.0857141 0.25 13 0.478431 0.5 0 0
1190 0.0857141 0.25 13 0.478431 0.5 0 0
1200 0.0856902 0.25 13.25 0.478431 0.5 0 0
1210 0.0856902 0.25 13.25 0.478431 0.5 0 0
1220 0.0856902 0.25 13.5 0.478431 0.5 0 0
1230 0.0856902 0.25 13.5 0.478431 0.5 0 0
1240 0.0855407 0.25 13.75 0.466667 0.5 0 0
1250 0.0855407 0.25 13.75 0.458824 0.5 0 0
1260 0.0852011 0.125 13.875 0.454902 0.5 0 0
1270 0.0852011 0.125 13.875 0.454902 0.5 0 0
1280 0.0838753 0.125 14 0.454902 0.5 0 0
1290 0.0838753 0.125 14 0.454902 0.5 0 0
1300 0.0836555 0.125 14.125 0.454902 0.5 0 0
1310 0.0836555 0.125 14.125 0.454902 0.5 0 0
1320 0.0837815 0.125 14.25 0.454902 0.5 0 0
1330 0.0837815 0.125 14.25 0.45098 0.5 0 0
1340 0.0835542 0.125 14.375 0.454902 0.5 0 0
1350 0.0835542 0.125 14.375 0.454902 0.5 0 0
1360 0.0835197 0.125 14.5 0.45098 0.5 0 0
1370 0.0835197 0.125 14.5 0.454902 0.5 0 0
1380 0.083445 0.125 14.625 0.454902 0.5 0 0
1390 0.083445 0.125 14.625 0.45098 0.5 0 0
1400 0.0834372 0.125 14.75 0.454902 0.5 0 0
1410 0.0834372 0.125 14.75 0.45098 0.5 0 0
1420 0.0834372 0.125 14.875 0.454902 0.5 0 0
1430 0.0834372 0.125 14.875 0.45098 0.5 0 0
1440 0.0834149 0.125 15 0.45098 0.5 0 0
1450 0.0834149 0.125 15 0.454902 0.5 0 0
1460 0.0834067 0.125 15.125 0.454902 0.5 0 0
1470 0.0834067 0.125 15.125 0.454902 0.5 0 0
1480 0.0834067 0.125 15.25 0.454902 0.5 0 0
1490 0.0834067 0.125 15.25 0.454902 0.5 0 0
1500 0.0834067 0.125 15.375 0.454902 0.5 0 0
1510 0.0834067 0.125 15.375 0.454902 0.5 0 0
1520 0.0834067 0.375 15.75 0.454902 0.5 0 0
1530 0.0834067 0.375 15.75 0.45098 0.5 0 0
1540 0.0834067 0.375 16.125 0.454902 0.5 0 0
1550 0.0834067 0.375 16.125 0.454902 0.5 0 0
1560 0.0834067 0.375 16.5 0.45098 0.5 0 0
1570 0.0834067 0.375 16.5 0.454902 0.5 0 0
1580 0.0834067 0.375 16.875 0.454902 0.5 0 0
1590 0.0834067 0.375 16.875 0.454902 0.5 0 0
1600 0.0834067 0.375 17.25 0.45098 0.5 0 0
1610 0.0834067 0.375 17.25 0.454902 0.5 0 0
1620 0.0833871 0.375 17.625 0.454902 0.5 0 0
1630 0.0833871 0.375 17.625 0.454902 0.5 0 0
1640 0.0833656 0.125 17.75 0.454902 0.5 0 0
1650 0.0833656 0.125 17.75 0.45098 0.5 0 0
1660 0.0833097 0 17.75 0.454902 0.5 0 0
1670 0.0833097 0 17.75 0.454902 0.5 0 0
1680 0.0833096 0 17.75 0.45098 0.5 0 0
1690 0.0833096 0 17.75 0.454902 0.5 0 0
1700 0.0833096 0.125 17.875 0.454902 0.5 0 0
1710 0.0833096 0.125 17.875 0.454902 0.5 0 0
1720 0.0832349 0.125 18 0.454902 0.5 0 0
1730 0.0832349 0.125 18 0.454902 0.5 0 0
1740 0.0833623 0.125 18.125 0.454902 0.5 0 0
1750 0.0833623 0.125 18.125 0.45098 0.5 0 0
1760 0.0840078 0.125 18.25 0.454902 0.5 0 0
1770 0.0840078 0.125 18.25 0.454902 0.5 0 0
1780 0.0846636 0.125 18.375 0.454902 0.5 0 0
1790 0.0846636 0.125 18.375 0.458824 0.5 0 0
1800 0.0850877 0 18.375 0.454902 0.5 0 0
1810 0.0850877 0 18.375 0.454902 0.5 0 0
1820 0.0857192 0 18.375 0.45098 0.5 0 0
1830 0.0857192 0 18.375 0.443137 0.5 0 0
1840 0.0859941 0 18.375 0.435294 0.5 0 0
1850 0.0859941 0 18.375 0.431373 0.5 0 0
1860 0.0863156 0 18.375 0.431373 0.5 0 0
1870 0.0863156 0 18.375 0.431373 0.5 0 0
1880 0.0864402 0 18.375 0.435294 0.5 0 0
1890 0.0864402 0 18.375 0.431373 0.5 0 0
1900 0.0866935 0 18.375 0.431373 0.5 0 0
1910 0.0866935 0 18.375 0.431373 0.5 0 0
1920 0.0866209 0 18.375 0.431373 0.5 0 0
1930 0.0866209 0 18.375 0.431373 0.5 0 0
1940 0.0865882 0 18.375 0.431373 0.5 0 0
1950 0.0865882 0 18.375 0.431373 0.5 0 0
1960 0.0864448 0 18.375 0.431373 0.5 0 0
1970 0.0864448 0 18.375 0.431373 0.5 0 0
1980 0.0864641 0 18.375 0.427451 0.5 0 0
1990 0.0864641 0 18.375 0.427451 0.5 0 0
2000 0.0863047 0 18.375 0.427451 0.5 0 0
2010 0.0863047 0 18.375 0.427451 0.5 0 0
2020 0.0860182 0 18.375 0.427451 0.5 0 0
2030 0.0860182 0 18.375 0.427451 0.5 0 0
2040 0.0858417 0 18.375 0.427451 0.5 0 0
2050 0.0858417 0 18.375 0.427451 0.5 0 0
2060 0.0858417 0 18.375 0.427451 0.5 0 0
2070 0.0858417 0 18.375 0.427451 0.5 0 0
2080 0.0858417 0 18.375 0.427451 0.5 0 0
2090 0.0858417 0 18.375 0.427451 0.5 0 0
2100 0.0858417 0 18.375 0.427451 0.5 0 0
2110 0.0858417 0 18.375 0.427451 0.5 0 0
2120 0.0860091 0 18.375 0.427451 0.5 0 0
2130 0.0860091 0 18.375 0.427451 0.5 0 0
2140 0.0867761 0 18.375 0.431373 0.5 0 0
2150 0.0867761 0 18.375 0.431373 0.5 0 0
2160 0.0873681 0 18.375 0.431373 0.5 0 0
2170 0.0873681 0 18.375 0.431373 0.5 0 0
2180 0.0879179 0 18.375 0.427451 0.5 0 0
2190 0.0879179 0 18.375 0.423529 0.5 0 0
2200 0.0882786 0 18.375 0.419608 0.5 0 0
2210 0.0882786 0 18.375 0.419608 0.5 0 0
2220 0.0881124 0 18.375 0.423529 0.5 0 0
2230 0.0881124 0 18.375 0.419608 0.5 0 0
2240 0.0886213 0 18.375 0.419608 0.5 0 0
2250 0.0886213 0 18.375 0.419608 0.5 0 0
2260 0.0891617 0 18.375 0.419608 0.5 0 0
2270 0.0891617 0 18.375 0.415686 0.5 0 0
2280 0.0889913 0 18.375 0.415686 0.5 0 0
2290 0.0889913 0 18.375 0.415686 0.5 0 0
2300 0.088268 0 18.375 0.411765 0.5 0 0
2310 0.088268 0 18.375 0.407843 0.5 0 0
2320 0.0878403 0 18.375 0.407843 0.5 0 0
2330 0.0878403 0 18.375 0.407843 0.5 0 0
2340 0.0877056 0 18.375 0.407843 0.5 0 0
2350 0.0877056 0 18.375 0.407843 0.5 0 0
2360 0.0875128 0 18.375 0.407843 0.5 0 0
2370 0.0875128 0 18.375 0.407843 0.5 0 0
2380 0.0871629 0 18.375 0.407843 0.5 0 0
2390 0.0871629 0 18.375 0.407843 0.5 0 0
2400 0.0871152 0 18.375 0.407843 0.5 0 0
2410 0.0871152 0 18.375 0.407843 0.5 0 0
2420 0.0871152 0 18.375 0.407843 0.5 0 0
2430 0.0871152 0 18.375 0.407843 0.5 0 0
2440 0.0871071 0 18.375 0.407843 0.5 0 0
2450 0.0871071 0 18.375 0.407843 0.5 0 0
2460 0.087107 0 18.375 0.407843 0.5 0 0
2470 0.087107 0 18.375 0.407843 0.5 0 0
2480 0.087107 0 18.375 0.407843 0.5 0 0
2490 0.087107 0 18.375 0.407843 0.5 0 0
2500 0.087107 0 18.375 0.407843 0.5 0 0
2510 0.087107 0 18.375 0.407843 0.5 0 0
2520 0.087107 0 18.375 0.407843 0.5 0 0
2530 0.087107 0 18.375 0.407843 0.5 0 0
2540 0.087107 0 18.375 0.407843 0.5 0 0
2550 0.087107 0 18.375 0.407843 0.5 0 0
2560 0.087107 0 18.375 0.407843 0.5 0 0
2570 0.087107 0 18.375 0.407843 0.5 0 0
2580 0.087107 0 18.375 0.407843 0.5 0 0
2590 0.087107 0 18.375 0.407843 0.5 0 0
2600 0.087107 0 18.375 0.407843 0.5 0 0
2610 0.087107 0 18.375 0.407843 0.5 0 0
2620 0.087107 0 18.375 0.407843 0.5 0 0
2630 0.087107 0 18.375 0.407843 0.5 0 0
2640 0.087107 0 18.375 0.407843 0.5 0 0
2650 0.087107 0 18.375 0.407843 0.5 0 0
2660 0.087107 0 18.375 0.407843 0.5 0 0
2670 0.087107 0 18.375 0.407843 0.5 0 0
2680 0.0872332 0 18.375 0.407843 0.5 0 0
2690 0.0872332 0 18.375 0.403922 0.5 0 0
2700 0.0877518 0 18.375 0.403922 0.5 0 0
2710 0.0877518 0 18.375 0.4 0.5 0 0
2720 0.0877912 0 18.375 0.4 0.5 0 0
2730 0.0877912 0 18.375 0.4 0.5 0 0
2740 0.0884271 0 18.375 0.4 0.5 0 0
2750 0.0884271 0 18.375 0.396078 0.5 0 0
2760 0.0876772 0 18.375 0.4 0.5 0 0
2770 0.0876772 0 18.375 0.396078 0.5 0 0
2780 0.0875471 0 18.375 0.396078 0.5 0 0
2790 0.0875471 0 18.375 0.396078 0.5 0 0
2800 0.0876744 0 18.375 0.392157 0.5 0 0
2810 0.0876744 0 18.375 0.396078 0.5 0 0
2820 0.0882052 0 18.375 0.396078 0.5 0 0
2830 0.0882052 0 18.375 0.392157 0.5 0 0
2840 0.0879872 0 18.375 0.392157 0.5 0 0
2850 0.0879872 0 18.375 0.392157 0.5 0 0
2860 0.0876434 0 18.375 0.388235 0.5 0 0
2870 0.0876434 0 18.375 0.388235 0.5 0 0
2880 0.0872639 0 18.375 0.388235 0.5 0 0
2890 0.0872639 0 18.375 0.388235 0.5 0 0
2900 0.086932 0 18.375 0.388235 0.5 0 0
2910 0.086932 0 18.375 0.388235 0.5 0 0
2920 0.0874512 0 18.375 0.388235 0.5 0 0
2930 0.0874512 0 18.375 0.388235 0.5 0 0
2940 0.0879207 0 18.375 0.392157 0.5 0 0
2950 0.0879207 0 18.375 0.392157 0.5 0 0
2960 0.0884491 0 18.375 0.392157 0.5 0 0
2970 0.0884491 0 18.375 0.392157 0.5 0 0
2980 0.0887484 0 18.375 0.392157 0.5 0 0
2990 0.0887484 0 18.375 0.392157 0.5 0 0
3000 0.0889572 0 18.375 0.388235 0.5 0 0
3010 0.0889572 0 18.375 0.388235 0.5 0 0
3020 0.0886317 0 18.375 0.384314 0.5 0 0
3030 0.0886317 0 18.375 0.380392 0.5 0 0
3040 0.0872866 0 18.375 0.380392 0.5 0 0
3050 0.0872866 0 18.375 0.376471 0.5 0 0
3060 0.0860694 0 18.375 0.380392 0.5 0 0
3070 0.0860694 0 18.375 0.380392 0.5 0 0
3080 0.0857513 0 18.375 0.376471 0.5 0 0
3090 0.0857513 0 18.375 0.380392 0.5 0 0
3100 0.0853494 0 18.375 0.376471 0.5 0 0
3110 0.0853494 0 18.375 0.376471 0.5 0 0
3120 0.0841592 0 18.375 0.372549 0.5 0 0
3130 0.0841592 0 18.375 0.372549 0.5 0 0
3140 0.0829971 0 18.375 0.376471 0.5 0 0
3150 0.0829971 0 18.375 0.376471 0.5 0 0
3160 0.0827794 0 18.375 0.376471 0.5 0 0
3170 0.0827794 0 18.375 0.372549 0.5 0 0
3180 0.0826421 0 18.375 0.376471 0.5 0 0
3190 0.0826421 0 18.375 0.376471 0.5 0 0
3200 0.082642 0 18.375 0.376471 0.5 0 0
3210 0.082642 0 18.375 0.376471 0.5 0 0
3220 0.0826141 0 18.375 0.372549 0.5 0 0
3230 0.0826141 0 18.375 0.372549 0.5 0 0
3240 0.0826003 0 18.375 0.376471 0.5 0 0
3250 0.0826003 0 18.375 0.376471 0.5 0 0
3260 0.0825745 0 18.375 0.372549 0.5 0 0
3270 0.0825745 0 18.375 0.376471 0.5 0 0
3280 0.0825705 0 18.375 0.376471 0.5 0 0
3290 0.0825705 0 18.375 0.376471 0.5 0 0
3300 0.0825024 0 18.375 0.372549 0.5 0 0
3310 0.0825024 0 18.375 0.376471 0.5 0 0
3320 0.0824349 0 18.375 0.376471 0.5 0 0
3330 0.0824349 0 18.375 0.376471 0.5 0 0
3340 0.0824349 0 18.375 0.376471 0.5 0 0
3350 0.0824349 0 18.375 0.376471 0.5 0 0
3360 0.0824349 0 18.375 0.376471 0.5 0 0
3370 0.0824349 0 18.375 0.376471 0.5 0 0
3380 0.0824349 0 18.375 0.372549 0.5 0 0
3390 0.0824349 0 18.375 0.376471 0.5 0 0
3400 0.0824349 0 18.375 0.376471 0.5 0 0
3410 0.0824349 0 18.375 0.376471 0.5 0 0
3420 0.0824349 0 18.375 0.376471 0.5 0 0
3430 0.0824349 0 18.375 0.376471 0.5 0 0
3440 0.0824349 0 18.375 0.372549 0.5 0 0
3450 0.0824349 0 18.375 0.376471 0.5 0 0
3460 0.0824546 0 18.375 0.376471 0.5 0 0
3470 0.0824546 0 18.375 0.376471 0.5 0 0
3480 0.0835141 0 18.375 0.376471 0.5 0 0
3490 0.0835141 0 18.375 0.372549 0.5 0 0
3500 0.0841389 0 18.375 0.376471 0.5 0 0
3510 0.0841389 0 18.375 0.376471 0.5 0 0
3520 0.0846802 0 18.375 0.376471 0.5 0 0
3530 0.0846802 0 18.375 0.372549 0.5 0 0
3540 0.0848119 0 18.375 0.372549 0.5 0 0
3550 0.0848119 0 18.375 0.372549 0.5 0 0
3560 0.0846805 0 18.375 0.372549 0.5 0 0
3570 0.0846805 0 18.375 0.368627 0.5 0 0
3580 0.0842966 0 18.375 0.368627 0.5 0 0
3590 0.0842966 0 18.375 0.368627 0.5 0 0
3600 0.0844483 0 18.375 0.368627 0.5 0 0
3610 0.0844483 0 18.375 0.368627 0.5 0 0
3620 0.0845966 0 18.375 0.368627 0.5 0 0
3630 0.0845966 0 18.375 0.372549 0.5 0 0
3640 0.0843244 0 18.375 0.372549 0.5 0 0
3650 0.0843244 0 18.375 0.372549 0.5 0 0
3660 0.0841342 0 18.375 0.376471 0.5 0 0
3670 0.0841342 0 18.375 0.372549 0.5 0 0
3680 0.0832164 0 18.375 0.368627 0.5 0 0
3690 0.0832164 0 18.375 0.368627 0.5 0 0
3700 0.0823942 0 18.375 0.368627 0.5 0 0
3710 0.0823942 0 18.375 0.368627 0.5 0 0
3720 0.0811067 0 18.375 0.364706 0.5 0 0
3730 0.0811067 0 18.375 0.368627 0.5 0 0
3740 0.080702 0 18.375 0.368627 0.5 0 0
3750 0.080702 0 18.375 0.368627 0.5 0 0
3760 0.0807013 0 18.375 0.368627 0.5 0 0
3770 0.0807013 0 18.375 0.368627 0.5 0 0
3780 0.0807078 0 18.375 0.368627 0.5 0 0
3790 0.0807078 0 18.375 0.368627 0.5 0 0
3800 0.0811071 0 18.375 0.364706 0.5 0 0
3810 0.0811071 0 18.375 0.364706 0.5 0 0
3820 0.081205 0 18.375 0.364706 0.5 0 0
3830 0.081205 0 18.375 0.364706 0.5 0 0
3840 0.0811884 0 18.375 0.364706 0.5 0 0
3850 0.0811884 0 18.375 0.360784 0.5 0 0
3860 0.0810189 0 18.375 0.360784 0.5 0 0
3870 0.0810189 0 18.375 0.360784 0.5 0 0
3880 0.0808399 0 18.375 0.360784 0.5 0 0
3890 0.0808399 0 18.375 0.360784 0.5 0 0
3900 0.0803943 0 18.375 0.360784 0.5 0 0
3910 0.0803943 0 18.375 0.360784 0.5 0 0
3920 0.0801064 0 18.375 0.360784 0.5 0 0
3930 0.0801064 0 18.375 0.360784 0.5 0 0
3940 0.0800529 0 18.375 0.360784 0.5 0 0
3950 0.0800529 0 18.375 0.360784 0.5 0 0
3960 0.0800529 0 18.375 0.360784 0.5 0 0
3970 0.0800529 0 18.375 0.360784 0.5 0 0
3980 0.0796186 0 18.375 0.360784 0.5 0 0
3990 0.0796186 0 18.375 0.360784 0.5 0 0
4000 0.079513 0 18.375 0.360784 0.5 0 0
4010 0.079513 0 18.375 0.360784 0.5 0 0
4020 0.0794685 0 18.375 0.360784 0.5 0 0
4030 0.0794685 0 18.375 0.360784 0.5 0 0
4040 0.079447 0 18.375 0.360784 0.5 0 0
4050 0.079447 0 18.375 0.360784 0.5 0 0
4060 0.0794464 0 18.375 0.360784 0.5 0 0
4070 0.0794464 0 18.375 0.360784 0.5 0 0
4080 0.0794464 0 18.375 0.360784 0.5 0 0
4090 0.0794464 0 18.375 0.360784 0.5 0 0
4100 0.0794464 0 18.375 0.360784 0.5 0 0
4110 0.0794464 0 18.375 0.360784 0.5 0 0
4120 0.0794464 0 18.375 0.360784 0.5 0 0
4130 0.0794464 0 18.375 0.360784 0.5 0 0
4140 0.0794464 0 18.375 0.360784 0.5 0 0
4150 0.0794464 0 18.375 0.360784 0.5 0 0
4160 0.0794464 0 18.375 0.360784 0.5 0 0
4170 0.0794464 0 18.375 0.360784 0.5 0 0
4180 0.0794464 0 18.375 0.360784 0.5 0 0
4190 0.0794464 0 18.375 0.360784 0.5 0 0
4200 0.0794464 0 18.375 0.360784 0.5 0 0
4210 0.0794464 0 18.375 0.360784 0.5 0 0
4220 0.0794464 0 18.375 0.360784 0.5 0 0
4230 0.0794464 0 18.375 0.360784 0.5 0 0
4240 0.0796023 0 18.375 0.360784 0.5 0 0
4250 0.0796023 0 18.375 0.360784 0.5 0 0
4260 0.079905 0 18.375 0.360784 0.5 0 0
4270 0.079905 0 18.375 0.360784 0.5 0 0
4280 0.0802198 0 18.375 0.360784 0.5 0 0
4290 0.0802198 0 18.375 0.364706 0.5 0 0
4300 0.0803425 0 18.375 0.360784 0.5 0 0
4310 0.0803425 0 18.375 0.364706 0.5 0 0
4320 0.080167 0 18.375 0.360784 0.5 0 0
4330 0.080167 0 18.375 0.356863 0.5 0 0
4340 0.0789069 0 18.375 0.34902 0.5 0 0
4350 0.0789069 0 18.375 0.34902 0.5 0 0
4360 0.0780628 0 18.375 0.352941 0.5 0 0
4370 0.0780628 0 18.375 0.34902 0.5 0 0
4380 0.0772119 0 18.375 0.345098 0.5 0 0
4390 0.0772119 0 18.375 0.345098 0.5 0 0
4400 0.0766838 0 18.375 0.34902 0.5 0 0
4410 0.0766838 0 18.375 0.352941 0.5 0 0
4420 0.0755076 0 18.375 0.352941 0.5 0 0
4430 0.0755076 0 18.375 0.34902 0.5 0 0
4440 0.074638 0 18.375 0.345098 0.5 0 0
4450 0.074638 0 18.375 0.341176 0.5 0 0
4460 0.0735845 0 18.375 0.341176 0.5 0 0
4470 0.0735845 0 18.375 0.341176 0.5 0 0
4480 0.0730775 0 18.375 0.341176 0.5 0 0
4490 0.0730775 0 18.375 0.341176 0.5 0 0
4500 0.0731196 0 18.375 0.341176 0.5 0 0
4510 0.0731196 0 18.375 0.341176 0.5 0 0
4520 0.0723037 0 18.375 0.337255 0.5 0 0
4530 0.0723037 0 18.375 0.333333 0.5 0 0
4540 0.0713315 0 18.375 0.337255 0.5 0 0
4550 0.0713315 0 18.375 0.333333 0.5 0 0
4560 0.0708122 0 18.375 0.333333 0.5 0 0
4570 0.0708122 0 18.375 0.333333 0.5 0 0
4580 0.0704141 0 18.375 0.333333 0.5 0 0
4590 0.0704141 0 18.375 0.329412 0.5 0 0
4600 0.0695833 0 18.375 0.329412 0.5 0 0
4610 0.0695833 0 18.375 0.32549 0.5 0 0
4620 0.0684012 0 18.375 0.32549 0.5 0 0
4630 0.0684012 0 18.375 0.32549 0.5 0 0
4640 0.0678887 0 18.375 0.32549 0.5 0 0
4650 0.0678887 0 18.375 0.321569 0.5 0 0
4660 0.0682614 0 18.375 0.321569 0.5 0 0
4670 0.0682614 0 18.375 0.321569 0.5 0 0
4680 0.0673065 0 18.375 0.321569 0.5 0 0
4690 0.0673065 0 18.375 0.321569 0.5 0 0
4700 0.0667078 0 18.375 0.321569 0.5 0 0
4710 0.0667078 0 18.375 0.321569 0.5 0 0
4720 0.0664859 0 18.375 0.32549 0.5 0 0
4730 0.0664859 0 18.375 0.333333 0.5 0 0
4740 0.0664112 0 18.375 0.333333 0.5 0 0
4750 0.0664112 0 18.375 0.333333 0.5 0 0
4760 0.0660601 0 18.375 0.329412 0.5 0 0
4770 0.0660601 0 18.375 0.329412 0.5 0 0
4780 0.0653402 0 18.375 0.317647 0.5 0 0
4790 0.0653402 0 18.375 0.309804 0.5 0 0
4800 0.0642569 0 18.375 0.309804 0.5 0 0
4810 0.0642569 0 18.375 0.309804 0.5 0 0
4820 0.0633484 0 18.375 0.309804 0.5 0 0
4830 0.0633484 0 18.375 0.309804 0.5 0 0
4840 0.0627487 0 18.375 0.309804 0.5 0 0
4850 0.0627487 0 18.375 0.309804 0.5 0 0
4860 0.0624279 0 18.375 0.309804 0.5 0 0
4870 0.0624279 0 18.375 0.309804 0.5 0 0
4880 0.0627406 0 18.375 0.313725 0.5 0 0
4890 0.0627406 0 18.375 0.313725 0.5 0 0
4900 0.0630385 0 18.375 0.313725 0.5 0 0
4910 0.0630385 0 18.375 0.313725 0.5 0 0
4920 0.0633177 0 18.375 0.313725 0.5 0 0
4930 0.0633177 0 18.375 0.313725 0.5 0 0
4940 0.0637649 0 18.375 0.313725 0.5 0 0
4950 0.0637649 0 18.375 0.313725 0.5 0 0
4960 0.0638698 0 18.375 0.313725 0.5 0 0
4970 0.0638698 0 18.375 0.313725 0.5 0 0
4980 0.0638293 0 18.375 0.313725 0.5 0 0
4990 0.0638293 0 18.375 0.309804 0.5 0 0
5000 0.0633383 0 18.375 0.309804 0.5 0 0
5010 0.0633383 0 18.375 0.309804 0.5 0 0
5020 0.0629287 0 18.375 0.317647 0.5 0 0
5030 0.0629287 0 18.375 0.317647 0.5 0 0
5040 0.0626734 0 18.375 0.317647 0.5 0 0
5050 0.0626734 0 18.375 0.321569 0.5 0 0
5060 0.0621259 0 18.375 0.329412 0.5 0 0
5070 0.0621259 0 18.375 0.321569 0.5 0 0
5080 0.0612236 0 18.375 0.313725 0.5 0 0
5090 0.0612236 0 18.375 0.298039 0.5 0 0
5100 0.0601449 0 18.375 0.298039 0.5 0 0
5110 0.0601449 0 18.375 0.294118 0.5 0 0
5120 0.0598458 0 18.375 0.298039 0.5 0 0
5130 0.0598458 0 18.375 0.298039 0.5 0 0
5140 0.0602543 0 18.375 0.294118 0.5 0 0
5150 0.0602543 0 18.375 0.298039 0.5 0 0
5160 0.0608953 0 18.375 0.301961 0.5 0 0
5170 0.0608953 0 18.375 0.305882 0.5 0 0
5180 0.0610264 0 18.375 0.305882 0.5 0 0
5190 0.0610264 0 18.375 0.305882 0.5 0 0
5200 0.0610264 0 18.375 0.309804 0.5 0 0
5210 0.0610264 0 18.375 0.305882 0.5 0 0
5220 0.0610264 0 18.375 0.309804 0.5 0 0
5230 0.0610264 0 18.375 0.301961 0.5 0 0
5240 0.0604467 0 18.375 0.294118 0.5 0 0
5250 0.0604467 0 18.375 0.282353 0.5 0 0
5260 0.0590294 0 18.375 0.286275 0.5 0 0
5270 0.0590294 0 18.375 0.286275 0.5 0 0
5280 0.0584554 0 18.375 0.290196 0.5 0 0
5290 0.0584554 0 18.375 0.286275 0.5 0 0
5300 0.0583141 0 18.375 0.286275 0.5 0 0
5310 0.0583141 0 18.375 0.294118 0.5 0 0
5320 0.0578736 0 18.375 0.294118 0.5 0 0
5330 0.0578736 0 18.375 0.294118 0.5 0 0
5340 0.0570151 0 18.375 0.305882 0.5 0 0
5350 0.0570151 0 18.375 0.309804 0.5 0 0
5360 0.0566955 0 18.375 0.309804 0.5 0 0
5370 0.0566955 0 18.375 0.313725 0.5 0 0
5380 0.0566953 0 18.375 0.309804 0.5 0 0
5390 0.0566953 0 18.375 0.305882 0.5 0 0
5400 0.0566953 0 18.375 0.309804 0.5 0 0
5410 0.0566953 0 18.375 0.309804 0.5 0 0
5420 0.0566953 0 18.375 0.313725 0.5 0 0
5430 0.0566953 0 18.375 0.309804 0.5 0 0
5440 0.0566953 0 18.375 0.309804 0.5 0 0
5450 0.0566953 0 18.375 0.309804 0.5 0 0
5460 0.0566953 0 18.375 0.313725 0.5 0 0
5470 0.0566953 0 18.375 0.309804 0.5 0 0
5480 0.0566953 0 18.375 0.309804 0.5 0 0
5490 0.0566953 0 18.375 0.309804 0.5 0 0
5500 0.0566953 0 18.375 0.317647 0.5 0 0
5510 0.0566953 0 18.375 0.305882 0.5 0 0
5520 0.0566953 0 18.375 0.309804 0.5 0 0
5530 0.0566953 0 18.375 0.309804 0.5 0 0
5540 0.0568975 0 18.375 0.309804 0.5 0 0
5550 0.0568975 0 18.375 0.301961 0.5 0 0
5560 0.0581069 0 18.375 0.294118 0.5 0 0
5570 0.0581069 0 18.375 0.290196 0.5 0 0
5580 0.0590808 0 18.375 0.294118 0.5 0 0
5590 0.0590808 0 18.375 0.301961 0.5 0 0
5600 0.0596524 0 18.375 0.301961 0.5 0 0
5610 0.0596524 0 18.375 0.301961 0.5 0 0
5620 0.0596664 0 18.375 0.301961 0.5 0 0
5630 0.0596664 0 18.375 0.301961 0.5 0 0
5640 0.0597979 0 18.375 0.301961 0.5 0 0
5650 0.0597979 0 18.375 0.301961 0.5 0 0
5660 0.0598278 0 18.375 0.305882 0.5 0 0
5670 0.0598278 0 18.375 0.305882 0.5 0 0
5680 0.0597802 0 18.375 0.301961 0.5 0 0
5690 0.0597802 0 18.375 0.298039 0.5 0 0
5700 0.05924 0 18.375 0.294118 0.5 0 0
5710 0.05924 0 18.375 0.282353 0.5 0 0
5720 0.0586659 0 18.375 0.282353 0.5 0 0
5730 0.0586659 0 18.375 0.282353 0.5 0 0
5740 0.0577839 0 18.375 0.282353 0.5 0 0
5750 0.0577839 0 18.375 0.278431 0.5 0 0
5760 0.0576018 0 18.375 0.27451 0.5 0 0
5770 0.0576018 0 18.375 0.27451 0.5 0 0
5780 0.0568198 0 18.375 0.266667 0.5 0 0
5790 0.0568198 0 18.375 0.266667 0.5 0 0
5800 0.05568 0.25 18.625 0.266667 0.5 0 0
5810 0.05568 0.25 18.625 0.266667 0.5 0 0
5820 0.0554409 0.25 18.875 0.262745 0.5 0 0
5830 0.0554409 0.25 18.875 0.266667 0.5 0 0
5840 0.055439 0.25 19.125 0.262745 0.5 0 0
5850 0.055439 0.25 19.125 0.262745 0.5 0 0
5860 0.0554121 0.375 19.5 0.262745 0.5 0 0
5870 0.0554121 0.375 19.5 0.262745 0.5 0 0
5880 0.0554172 0.5 20 0.258824 0.5 0 0
5890 0.0554172 0.5 20 0.262745 0.5 0 0
5900 0.055408 0.5 20.5 0.258824 0.5 0 0
5910 0.055408 0.5 20.5 0.262745 0.5 0 0
5920 0.0553108 0.5 21 0.262745 0.5 0 0
5930 0.0553108 0.5 21 0.258824 0.5 0 0
5940 0.0551737 0.5 21.5 0.258824 0.5 0 0
5950 0.0551737 0.5 21.5 0.254902 0.5 0 0
5960 0.054975 0.5 22 0.254902 0.5 0 0
5970 0.054975 0.5 22 0.258824 0.5 0 0
5980 0.0548551 0.5 22.5 0.254902 0.5 0 0
5990 0.0548551 0.5 22.5 0.254902 0.5 0 0
6000 0.0547709 0.5 23 0.258824 0.5 0 0
6010 0.0547709 0.5 23 0.254902 0.5 0 0
6020 0.0547148 0.5 23.5 0.254902 0.5 0 0
6030 0.0547148 0.5 23.5 0.258824 0.5 0 0
6040 0.0546769 0.5 24 0.258824 0.5 0 0
6050 0.0546769 0.5 24 0.254902 0.5 0 0
6060 0.0546345 0.5 24.5 0.258824 0.5 0 0
6070 0.0546345 0.5 24.5 0.254902 0.5 0 0
6080 0.053988 0.375 24.875 0.254902 0.5 0 0
6090 0.053988 0.375 24.875 0.258824 0.5 0 0
6100 0.0534326 0.375 25.25 0.254902 0.5 0 0
6110 0.0534326 0.375 25.25 0.254902 0.5 0 0
6120 0.0531949 0.375 25.625 0.254902 0.5 0 0
6130 0.0531949 0.375 25.625 0.254902 0.5 0 0
6140 0.0531268 0.375 26 0.25098 0.5 0 0
6150 0.0531268 0.375 26 0.25098 0.5 0 0
6160 0.0526596 0.375 26.375 0.25098 0.5 0 0
6170 0.0526596 0.375 26.375 0.25098 0.5 0 0
6180 0.0522549 0.375 26.75 0.25098 0.5 0 0
6190 0.0522549 0.375 26.75 0.25098 0.5 0 0
6200 0.0521689 0.375 27.125 0.247059 0.5 0 0
6210 0.0521689 0.375 27.125 0.247059 0.5 0 0
6220 0.0521649 0.375 27.5 0.247059 0.5 0 0
6230 0.0521649 0.375 27.5 0.243137 0.5 0 0
6240 0.0521637 0.375 27.875 0.247059 0.5 0 0
6250 0.0521637 0.375 27.875 0.247059 0.5 0 0
6260 0.0521558 0.375 28.25 0.243137 0.5 0 0
6270 0.0521558 0.375 28.25 0.243137 0.5 0 0
6280 0.0521473 0.375 28.625 0.243137 0.5 0 0
6290 0.0521473 0.375 28.625 0.243137 0.5 0 0
6300 0.0521232 0.375 29 0.243137 0.5 0 0
6310 0.0521232 0.375 29 0.243137 0.5 0 0
6320 0.0521086 0.375 29.375 0.239216 0.5 0 0
6330 0.0521086 0.375 29.375 0.239216 0.5 0 0
6340 0.0520758 0.375 29.75 0.239216 0.5 0 0
6350 0.0520758 0.375 29.75 0.239216 0.5 0 0
6360 0.051984 0.375 30.125 0.235294 0.5 0 0
6370 0.051984 0.375 30.125 0.235294 0.5 0 0
6380 0.0517963 0.375 30.5 0.235294 0.5 0 0
6390 0.0517963 0.375 30.5 0.235294 0.5 0 0
6400 0.0516644 0.375 30.875 0.235294 0.5 0 0
6410 0.0516644 0.375 30.875 0.235294 0.5 0 0
6420 0.0515274 0.375 31.25 0.235294 0.5 0 0
6430 0.0515274 0.375 31.25 0.235294 0.5 0 0
6440 0.051345 0.25 31.5 0.235294 0.5 0 0
6450 0.051345 0.25 31.5 0.235294 0.5 0 0
6460 0.0512562 0.375 31.875 0.235294 0.5 0 0
6470 0.0512562 0.375 31.875 0.235294 0.5 0 0
6480 0.051179 0.375 32.25 0.231373 0.5 0 0
6490 0.051179 0.375 32.25 0.231373 0.5 0 0
6500 0.0511274 0.375 32.625 0.231373 0.5 0 0
6510 0.0511274 0.375 32.625 0.235294 0.5 0 0
6520 0.0510586 0.375 33 0.235294 0.5 0 0
6530 0.0510586 0.375 33 0.231373 0.5 0 0
6540 0.0509863 0.375 33.375 0.231373 0.5 0 0
6550 0.0509863 0.375 33.375 0.235294 0.5 0 0
6560 0.0509152 0.375 33.75 0.235294 0.5 0 0
6570 0.0509152 0.375 33.75 0.231373 0.5 0 0
6580 0.0508476 0.375 34.125 0.235294 0.5 0 0
6590 0.0508476 0.375 34.125 0.231373 0.5 0 0
6600 0.0507684 0.375 34.5 0.235294 0.5 0 0
6610 0.0507684 0.375 34.5 0.231373 0.5 0 0
6620 0.0506916 0.375 34.875 0.231373 0.5 0 0
6630 0.0506916 0.375 34.875 0.235294 0.5 0 0
6640 0.0506253 0.375 35.25 0.235294 0.5 0 0
6650 0.0506253 0.375 35.25 0.235294 0.5 0 0
6660 0.0505639 0.375 35.625 0.239216 0.5 0 0
6670 0.0505639 0.375 35.625 0.235294 0.5 0 0
6680 0.0505122 0.25 35.875 0.235294 0.5 0 0
6690 0.0505122 0.25 35.875 0.239216 0.5 0 0
6700 0.0499633 0.25 36.125 0.247059 0.5 0 0
6710 0.0499633 0.25 36.125 0.258824 0.5 0 0
6720 0.0497305 0.25 36.375 0.278431 0.5 0 0
6730 0.0497305 0.25 36.375 0.27451 0.5 0 0
6740 0.0495073 0.25 36.625 0.270588 0.5 0 0
6750 0.0495073 0.25 36.625 0.254902 0.5 0 0
6760 0.0486925 0.25 36.875 0.231373 0.5 0 0
6770 0.0486925 0.25 36.875 0.235294 0.5 0 0
6780 0.047801 0.25 37.125 0.231373 0.5 0 0
6790 0.047801 0.25 37.125 0.235294 0.5 0 0
6800 0.0476078 0.25 37.375 0.231373 0.5 0 0
6810 0.0476078 0.25 37.375 0.227451 0.5 0 0
6820 0.0476183 0.25 37.625 0.227451 0.5 0 0
6830 0.0476183 0.25 37.625 0.235294 0.5 0 0
6840 0.0476746 0 37.625 0.235294 0.5 0 0
6850 0.0476746 0 37.625 0.215686 0.5 0 0
6860 0.0486518 0 37.625 0.223529 0.5 0 0
6870 0.0486518 0 37.625 0.231373 0.5 0 0
6880 0.0490206 0 37.625 0.235294 0.5 0 0
6890 0.0490206 0 37.625 0.227451 0.5 0 0
6900 0.0486967 0 37.625 0.231373 0.5 0 0
6910 0.0486967 0 37.625 0.223529 0.5 0 0
6920 0.0483328 0 37.625 0.239216 0.5 0 0
6930 0.0483328 0 37.625 0.247059 0.5 0 0
6940 0.048113 0 37.625 0.239216 0.5 0 0
6950 0.048113 0 37.625 0.235294 0.5 0 0
6960 0.0475439 0 37.625 0.215686 0.5 0 0
6970 0.0475439 0 37.625 0.203922 0.5 0 0
6980 0.0468436 0 37.625 0.203922 0.5 0 0
6990 0.0468436 0 37.625 0.196078 0.5 0 0
7000 0.0457781 0.25 37.875 0.188235 0.5 0 0
7010 0.0457781 0.25 37.875 0.188235 0.5 0 0
7020 0.0453016 0.25 38.125 0.184314 0.5 0 0
7030 0.0453016 0.25 38.125 0.184314 0.5 0 0
7040 0.0452105 0.25 38.375 0.184314 0.5 0 0
7050 0.0452105 0.25 38.375 0.188235 0.5 0 0
7060 0.0452105 0.25 38.625 0.188235 0.5 0 0
7070 0.0452105 0.25 38.625 0.184314 0.5 0 0
7080 0.0450522 0.25 38.875 0.188235 0.5 0 0
7090 0.0450522 0.25 38.875 0.184314 0.5 0 0
7100 0.0450085 0.375 39.25 0.184314 0.5 0 0
7110 0.0450085 0.375 39.25 0.188235 0.5 0 0
7120 0.044777 0.375 39.625 0.188235 0.5 0 0
7130 0.044777 0.375 39.625 0.184314 0.5 0 0
7140 0.0447677 0.375 40 0.188235 0.5 0 0
7150 0.0447677 0.375 40 0.188235 0.5 0 0
7160 0.0447315 0.375 40.375 0.188235 0.5 0 0
7170 0.0447315 0.375 40.375 0.184314 0.5 0 0
7180 0.04473 0.375 40.75 0.188235 0.5 0 0
7190 0.04473 0.375 40.75 0.188235 0.5 0 0
7200 0.0447305 0.375 41.125 0.184314 0.5 0 0
7210 0.0447305 0.375 41.125 0.188235 0.5 0 0
7220 0.044731 0.375 41.5 0.188235 0.5 0 0
7230 0.044731 0.375 41.5 0.188235 0.5 0 0
7240 0.0447311 0.375 41.875 0.188235 0.5 0 0
7250 0.0447311 0.375 41.875 0.188235 0.5 0 0
7260 0.0447313 0.375 42.25 0.184314 0.5 0 0
7270 0.0447313 0.375 42.25 0.188235 0.5 0 0
7280 0.044733 0.375 42.625 0.188235 0.5 0 0
7290 0.044733 0.375 42.625 0.184314 0.5 0 0
7300 0.0447374 0.375 43 0.188235 0.5 0 0
7310 0.0447374 0.375 43 0.188235 0.5 0 0
7320 0.044742 0.375 43.375 0.184314 0.5 0 0
7330 0.044742 0.375 43.375 0.188235 0.5 0 0
7340 0.0447242 0.375 43.75 0.188235 0.5 0 0
7350 0.0447242 0.375 43.75 0.184314 0.5 0 0
7360 0.0447249 0.375 44.125 0.188235 0.5 0 0
7370 0.0447249 0.375 44.125 0.188235 0.5 0 0
7380 0.0447003 0.375 44.5 0.188235 0.5 0 0
7390 0.0447003 0.375 44.5 0.188235 0.5 0 0
7400 0.044705 0.375 44.875 0.188235 0.5 0 0
7410 0.044705 0.375 44.875 0.188235 0.5 0 0
7420 0.0447156 0.375 45.25 0.188235 0.5 0 0
7430 0.0447156 0.375 45.25 0.188235 0.5 0 0
7440 0.04473 0.375 45.625 0.188235 0.5 0 0
7450 0.04473 0.375 45.625 0.188235 0.5 0 0
7460 0.0447432 0.375 46 0.188235 0.5 0 0
7470 0.0447432 0.375 46 0.188235 0.5 0 0
7480 0.044757 0.375 46.375 0.184314 0.5 0 0
7490 0.044757 0.375 46.375 0.188235 0.5 0 0
7500 0.0447725 0.375 46.75 0.188235 0.5 0 0
7510 0.0447725 0.375 46.75 0.188235 0.5 0 0
7520 0.0447877 0.375 47.125 0.188235 0.5 0 0
7530 0.0447877 0.375 47.125 0.184314 0.5 0 0
7540 0.0448007 0.375 47.5 0.188235 0.5 0 0
7550 0.0448007 0.375 47.5 0.188235 0.5 0 0
7560 0.0448145 0.375 47.875 0.188235 0.5 0 0
7570 0.0448145 0.375 47.875 0.184314 0.5 0 0
7580 0.0448264 0.375 48.25 0.188235 0.5 0 0
7590 0.0448264 0.375 48.25 0.188235 0.5 0 0
7600 0.0448394 0.375 48.625 0.188235 0.5 0 0
7610 0.0448394 0.375 48.625 0.188235 0.5 0 0
7620 0.0448548 0.375 49 0.184314 0.5 0 0
7630 0.0448548 0.375 49 0.188235 0.5 0 0
7640 0.0448675 0.375 49.375 0.188235 0.5 0 0
7650 0.0448675 0.375 49.375 0.188235 0.5 0 0
7660 0.0448713 0.375 49.75 0.188235 0.5 0 0
7670 0.0448713 0.375 49.75 0.188235 0.5 0 0
7680 0.0448747 0.375 50.125 0.188235 0.5 0 0
7690 0.0448747 0.375 50.125 0.188235 0.5 0 0
7700 0.0448779 0.375 50.5 0.184314 0.5 0 0
7710 0.0448779 0.375 50.5 0.188235 0.5 0 0
7720 0.0448796 0.375 50.875 0.188235 0.5 0 0
7730 0.0448796 0.375 50.875 0.188235 0.5 0 0
7740 0.0448827 0.375 51.25 0.188235 0.5 0 0
7750 0.0448827 0.375 51.25 0.188235 0.5 0 0
7760 0.0448913 0.375 51.625 0.188235 0.5 0 0
7770 0.0448913 0.375 51.625 0.188235 0.5 0 0
7780 0.0448986 0.375 52 0.188235 0.5 0 0
7790 0.0448986 0.375 52 0.188235 0.5 0 0
7800 0.0449069 0.375 52.375 0.188235 0.5 0 0
7810 0.0449069 0.375 52.375 0.188235 0.5 0 0
7820 0.0449132 0.375 52.75 0.184314 0.5 0 0
7830 0.0449132 0.375 52.75 0.188235 0.5 0 0
7840 0.044921 0.375 53.125 0.188235 0.5 0 0
7850 0.044921 0.375 53.125 0.188235 0.5 0 0
7860 0.0449272 0.375 53.5 0.188235 0.5 0 0
7870 0.0449272 0.375 53.5 0.188235 0.5 0 0
7880 0.0449337 0.375 53.875 0.188235 0.5 0 0
7890 0.0449337 0.375 53.875 0.188235 0.5 0 0
7900 0.0449415 0.375 54.25 0.188235 0.5 0 0
7910 0.0449415 0.375 54.25 0.188235 0.5 0 0
7920 0.0449498 0.375 54.625 0.188235 0.5 0 0
7930 0.0449498 0.375 54.625 0.188235 0.5 0 0
7940 0.0449585 0.375 55 0.188235 0.5 0 0
7950 0.0449585 0.375 55 0.188235 0.5 0 0
7960 0.044966 0.375 55.375 0.188235 0.5 0 0
7970 0.044966 0.375 55.375 0.188235 0.5 0 0
7980 0.0449742 0.375 55.75 0.188235 0.5 0 0
7990 0.0449742 0.375 55.75 0.188235 0.5 0 0
8000 0.0449816 0.375 56.125 0.188235 0.5 0 0
8010 0.0449816 0.375 56.125 0.188235 0.5 0 0
8020 0.0449881 0.375 56.5 0.188235 0.5 0 0
8030 0.0449881 0.375 56.5 0.192157 0.5 0 0
8040 0.0449953 0.375 56.875 0.188235 0.5 0 0
8050 0.0449953 0.375 56.875 0.188235 0.5 0 0
8060 0.0450006 0.375 57.25 0.188235 0.5 0 0
8070 0.0450006 0.375 57.25 0.188235 0.5 0 0
8080 0.0450065 0.375 57.625 0.188235 0.5 0 0
8090 0.0450065 0.375 57.625 0.188235 0.5 0 0
8100 0.0450135 0.5 58.125 0.188235 0.5 0 0
8110 0.0450135 0.5 58.125 0.188235 0.5 0 0
8120 0.0450201 0.5 58.625 0.188235 0.5 0 0
8130 0.0450201 0.5 58.625 0.188235 0.5 0 0
8140 0.0450353 0.5 59.125 0.188235 0.5 0 0
8150 0.0450353 0.5 59.125 0.188235 0.5 0 0
8160 0.0450495 0.5 59.625 0.188235 0.5 0 0
8170 0.0450495 0.5 59.625 0.188235 0.5 0 0
8180 0.0450627 0.5 60.125 0.188235 0.5 0 0
8190 0.0450627 0.5 60.125 0.188235 0.5 0 0
8200 0.0450734 0.5 60.625 0.188235 0.5 0 0
8210 0.0450734 0.5 60.625 0.188235 0.5 0 0
8220 0.0450846 0.5 61.125 0.188235 0.5 0 0
8230 0.0450846 0.5 61.125 0.188235 0.5 0 0
8240 0.0451089 0.5 61.625 0.188235 0.5 0 0
8250 0.0451089 0.5 61.625 0.188235 0.5 0 0
8260 0.045136 0.5 62.125 0.188235 0.5 0 0
8270 0.045136 0.5 62.125 0.184314 0.5 0 0
8280 0.0451591 0.5 62.625 0.188235 0.5 0 0
8290 0.0451591 0.5 62.625 0.188235 0.5 0 0
8300 0.0451872 0.5 63.125 0.184314 0.5 0 0
8310 0.0451872 0.5 63.125 0.188235 0.5 0 0
8320 0.0452165 0.5 63.625 0.184314 0.5 0 0
8330 0.0452165 0.5 63.625 0.188235 0.5 0 0
8340 0.045244 0.5 64.125 0.188235 0.5 0 0
8350 0.045244 0.5 64.125 0.184314 0.5 0 0
8360 0.0452704 0.5 64.625 0.188235 0.5 0 0
8370 0.0452704 0.5 64.625 0.188235 0.5 0 0
8380 0.0452935 0.5 65.125 0.188235 0.5 0 0
8390 0.0452935 0.5 65.125 0.188235 0.5 0 0
8400 0.0453145 0.5 65.625 0.188235 0.5 0 0
8410 0.0453145 0.5 65.625 0.188235 0.5 0 0
8420 0.0453361 0.5 66.125 0.188235 0.5 0 0
8430 0.0453361 0.5 66.125 0.188235 0.5 0 0
8440 0.0453566 0.5 66.625 0.188235 0.5 0 0
8450 0.0453566 0.5 66.625 0.188235 0.5 0 0
8460 0.0453751 0.5 67.125 0.188235 0.5 0 0
8470 0.0453751 0.5 67.125 0.188235 0.5 0 0
8480 0.0453894 0.5 67.625 0.188235 0.5 0 0
8490 0.0453894 0.5 67.625 0.192157 0.5 0 0
8500 0.0454044 0.5 68.125 0.192157 0.5 0 0
8510 0.0454044 0.5 68.125 0.192157 0.5 0 0
8520 0.0454082 0.5 68.625 0.192157 0.5 0 0
8530 0.0454082 0.5 68.625 0.192157 0.5 0 0
8540 0.0454088 0.5 69.125 0.188235 0.5 0 0
8550 0.0454088 0.5 69.125 0.192157 0.5 0 0
8560 0.0454091 0.5 69.625 0.188235 0.5 0 0
8570 0.0454091 0.5 69.625 0.188235 0.5 0 0
8580 0.0454092 0.5 70.125 0.188235 0.5 0 0
8590 0.0454092 0.5 70.125 0.188235 0.5 0 0
8600 0.0454102 0.5 70.625 0.192157 0.5 0 0
8610 0.0454102 0.5 70.625 0.188235 0.5 0 0
8620 0.0454102 0.5 71.125 0.188235 0.5 0 0
8630 0.0454102 0.5 71.125 0.188235 0.5 0 0
8640 0.0454102 0.5 71.625 0.192157 0.5 0 0
8650 0.0454102 0.5 71.625 0.192157 0.5 0 0
8660 0.0454119 0.5 72.125 0.192157 0.5 0 0
8670 0.0454119 0.5 72.125 0.192157 0.5 0 0
8680 0.0454227 0.5 72.625 0.192157 0.5 0 0
8690 0.0454227 0.5 72.625 0.192157 0.5 0 0
8700 0.045447 0.25 72.875 0.192157 0.5 0 0
8710 0.045447 0.25 72.875 0.192157 0.5 0 0
8720 0.045447 0.375 73.25 0.192157 0.5 0 0
8730 0.045447 0.375 73.25 0.192157 0.5 0 0
8740 0.045447 0.375 73.625 0.192157 0.5 0 0
8750 0.045447 0.375 73.625 0.188235 0.5 0 0
8760 0.045447 0.375 74 0.192157 0.5 0 0
8770 0.045447 0.375 74 0.192157 0.5 0 0
8780 0.0454516 0.375 74.375 0.192157 0.5 0 0
8790 0.0454516 0.375 74.375 0.188235 0.5 0 0
8800 0.0454537 0.375 74.75 0.192157 0.5 0 0
8810 0.0454537 0.375 74.75 0.192157 0.5 0 0
8820 0.045458 0.375 75.125 0.192157 0.5 0 0
8830 0.045458 0.375 75.125 0.192157 0.5 0 0
8840 0.0454245 0.875 76 0.192157 0.5 0 0
8850 0.0454245 0.875 76 0.2 0.5 0 0
8860 0.0457528 1 77 0.207843 0.5 0 0
8870 0.0457528 1 77 0.207843 0.5 0 0
8880 0.0457589 1 78 0.207843 0.5 0 0
8890 0.0457589 1 78 0.207843 0.5 0 0
8900 0.0457646 1 79 0.211765 0.5 0 0
8910 0.0457646 1 79 0.203922 0.5 0 0
8920 0.0457679 1 80 0.207843 0.5 0 0
8930 0.0457679 1 80 0.207843 0.5 0 0
8940 0.0457713 0.75 80.75 0.207843 0.5 0 0
8950 0.0457713 0.75 80.75 0.207843 0.5 0 0
8960 0.0457707 0.375 81.125 0.207843 0.5 0 0
8970 0.0457707 0.375 81.125 0.211765 0.5 0 0
8980 0.0458251 0.875 82 0.207843 0.5 0 0
8990 0.0458251 0.875 82 0.207843 0.5 0 0
9000 0.0458475 0.875 82.875 0.207843 0.5 0 0
9010 0.0458475 0.875 82.875 0.203922 0.5 0 0
9020 0.0458475 0.875 83.75 0.207843 0.5 0 0
9030 0.0458475 0.875 83.75 0.211765 0.5 0 0
9040 0.0458475 0.875 84.625 0.207843 0.5 0 0
9050 0.0458475 0.875 84.625 0.207843 0.5 0 0
9060 0.0458475 0.875 85.5 0.207843 0.5 0 0
9070 0.0458475 0.875 85.5 0.207843 0.5 0 0
9080 0.0458475 0.875 86.375 0.207843 0.5 0 0
9090 0.0458475 0.875 86.375 0.207843 0.5 0 0
9100 0.0458475 0.625 87 0.211765 0.5 0 0
9110 0.0458475 0.625 87 0.211765 0.5 0 0
9120 0.0458475 0.75 87.75 0.207843 0.5 0 0
9130 0.0458475 0.75 87.75 0.207843 0.5 0 0
9140 0.0458475 0.75 88.5 0.207843 0.5 0 0
9150 0.0458475 0.75 88.5 0.207843 0.5 0 0
9160 0.0458475 0.75 89.25 0.207843 0.5 0 0
9170 0.0458475 0.75 89.25 0.207843 0.5 0 0
9180 0.0458475 0.875 90.125 0.207843 0.5 0 0
9190 0.0458475 0.875 90.125 0.207843 0.5 0 0
9200 0.0458475 0.875 91 0.211765 0.5 0 0
9210 0.0458475 0.875 91 0.203922 0.5 0 0
9220 0.0458475 0.75 91.75 0.207843 0.5 0 0
9230 0.0458475 0.75 91.75 0.211765 0.5 0 0
9240 0.0458475 0.75 92.5 0.207843 0.5 0 0
9250 0.0458475 0.75 92.5 0.207843 0.5 0 0
9260 0.0458475 0.75 93.25 0.207843 0.5 0 0
9270 0.0458475 0.75 93.25 0.207843 0.5 0 0
9280 0.0458475 0.75 94 0.207843 0.5 0 0
9290 0.0458475 0.75 94 0.207843 0.5 0 0
9300 0.0458475 0.875 94.875 0.207843 0.5 0 0
9310 0.0458475 0.875 94.875 0.207843 0.5 0 0
9320 0.0458475 0.75 95.625 0.211765 0.5 0 0
9330 0.0458475 0.75 95.625 0.207843 0.5 0 0
9340 0.0458235 0.75 96.375 0.203922 0.5 0 0
9350 0.0458235 0.75 96.375 0.203922 0.5 0 0
9360 0.0458244 1 97.375 0.207843 0.5 0 0
9370 0.0458244 1 97.375 0.207843 0.5 0 0
9380 0.0457886 1 98.375 0.207843 0.5 0 0
9390 0.0457886 1 98.375 0.203922 0.5 0 0
9400 0.0456612 1 99.375 0.2 0.5 0 0
9410 0.0456612 1 99.375 0.2 0.5 0 0
9420 0.0455403 1 100.375 0.192157 0.5 0 0
9430 0.0455403 1 100.375 0.192157 0.5 0 0
9440 0.0454547 1 101.375 0.188235 0.5 0 0
9450 0.0454547 1 101.375 0.188235 0.5 0 0
9460 0.0453728 1 102.375 0.188235 0.5 0 0
9470 0.0453728 1 102.375 0.192157 0.5 0 0
9480 0.0451565 0.875 103.25 0.196078 0.5 0 0
9490 0.0451565 0.875 103.25 0.192157 0.5 0 0
9500 0.0449324 1 104.25 0.192157 0.5 0 0
9510 0.0449324 1 104.25 0.192157 0.5 0 0
9520 0.0448502 1 105.25 0.192157 0.5 0 0
9530 0.0448502 1 105.25 0.192157 0.5 0 0
9540 0.0447777 1 106.25 0.188235 0.5 0 0
9550 0.0447777 1 106.25 0.192157 0.5 0 0
9560 0.0447071 1 107.25 0.196078 0.5 0 0
9570 0.0447071 1 107.25 0.192157 0.5 0 0
9580 0.0446477 1 108.25 0.192157 0.5 0 0
9590 0.0446477 1 108.25 0.192157 0.5 0 0
9600 0.0445909 1 109.25 0.192157 0.5 0 0
9610 0.0445909 1 109.25 0.196078 0.5 0 0
9620 0.0445449 1 110.25 0.192157 0.5 0 0
9630 0.0445449 1 110.25 0.192157 0.5 0 0
9640 0.0437554 0.875 111.125 0.172549 0.5 0 0
9650 0.0437554 0.875 111.125 0.176471 0.5 0 0
9660 0.0432694 0.875 112 0.172549 0.5 0 0
9670 0.0432694 0.875 112 0.176471 0.5 0 0
9680 0.042692 0.875 112.875 0.176471 0.5 0 0
9690 0.042692 0.875 112.875 0.172549 0.5 0 0
9700 0.0422058 0.875 113.75 0.176471 0.5 0 0
9710 0.0422058 0.875 113.75 0.176471 0.5 0 0
9720 0.0420832 0.875 114.625 0.176471 0.5 0 0
9730 0.0420832 0.875 114.625 0.172549 0.5 0 0
9740 0.0419104 0.625 115.25 0.172549 0.5 0 0
9750 0.0419104 0.625 115.25 0.172549 0.5 0 0
9760 0.0417909 0.625 115.875 0.172549 0.5 0 0
9770 0.0417909 0.625 115.875 0.168627 0.5 0 0
9780 0.0415533 0.75 116.625 0.164706 0.5 0 0
9790 0.0415533 0.75 116.625 0.164706 0.5 0 0
9800 0.0414148 0.75 117.375 0.164706 0.5 0 0
9810 0.0414148 0.75 117.375 0.164706 0.5 0 0
9820 0.0412095 0.75 118.125 0.164706 0.5 0 0
9830 0.0412095 0.75 118.125 0.164706 0.5 0 0
9840 0.0411713 0.75 118.875 0.160784 0.5 0 0
9850 0.0411713 0.75 118.875 0.164706 0.5 0 0
9860 0.0411388 0.75 119.625 0.164706 0.5 0 0
9870 0.0411388 0.75 119.625 0.160784 0.5 0 0
9880 0.0410919 0.75 120.375 0.160784 0.5 0 0
9890 0.0410919 0.75 120.375 0.160784 0.5 0 0
9900 0.0410634 0.75 121.125 0.160784 0.5 0 0
9910 0.0410634 0.75 121.125 0.160784 0.5 0 0
9920 0.040834 0.875 122 0.156863 0.5 0 0
9930 0.040834 0.875 122 0.156863 0.5 0 0
9940 0.0407355 0.875 122.875 0.156863 0.5 0 0
9950 0.0407355 0.875 122.875 0.156863 0.5 0 0
9960 0.0406835 0.875 123.75 0.156863 0.5 0 0
9970 0.0406835 0.875 123.75 0.156863 0.5 0 0
9980 0.0406114 0.625 124.375 0.156863 0.5 0 0
9990 0.0406114 0.625 124.375 0.156863 0.5 0 0
10000 0.0405021 0.625 125 0.152941 0.5 0 0
10010 0.0405021 0.625 125 0.152941 0.5 0 0
10020 0.0403387 0.5 125.5 0.152941 0.5 0 0
10030 0.0403387 0.5 125.5 0.152941 0.5 0 0
10040 0.0402729 0.5 126 0.152941 0.5 0 0
10050 0.0402729 0.5 126 0.152941 0.5 0 0
10060 0.0402178 0.5 126.5 0.152941 0.5 0 0
10070 0.0402178 0.5 126.5 0.152941 0.5 0 0
10080 0.0401536 0.5 127 0.152941 0.5 0 0
10090 0.0401536 0.5 127 0.152941 0.5 0 0
10100 0.0400956 0.625 127.625 0.152941 0.5 0 0
10110 0.0400956 0.625 127.625 0.152941 0.5 0 0
10120 0.0400345 0.75 128.375 0.152941 0.5 0 0
10130 0.0400345 0.75 128.375 0.152941 0.5 0 0
10140 0.0399648 0.75 129.125 0.14902 0.5 0 0
10150 0.0399648 0.75 129.125 0.14902 0.5 0 0
10160 0.0399334 0.75 129.875 0.14902 0.5 0 0
10170 0.0399334 0.75 129.875 0.14902 0.5 0 0
10180 0.0399121 0.75 130.625 0.14902 0.5 0 0
10190 0.0399121 0.75 130.625 0.14902 0.5 0 0
10200 0.0398028 0.75 131.375 0.14902 0.5 0 0
10210 0.0398028 0.75 131.375 0.14902 0.5 0 0
10220 0.0397202 0.625 132 0.145098 0.5 0 0
10230 0.0397202 0.625 132 0.14902 0.5 0 0
10240 0.03956 0.875 132.875 0.14902 0.5 0 0
10250 0.03956 0.875 132.875 0.14902 0.5 0 0
10260 0.0394743 0.875 133.75 0.14902 0.5 0 0
10270 0.0394743 0.875 133.75 0.152941 0.5 0 0
10280 0.0393615 0.875 134.625 0.14902 0.5 0 0
10290 0.0393615 0.875 134.625 0.14902 0.5 0 0
10300 0.0392283 0.875 135.5 0.14902 0.5 0 0
10310 0.0392283 0.875 135.5 0.14902 0.5 0 0
10320 0.0390674 0.875 136.375 0.14902 0.5 0 0
10330 0.0390674 0.875 136.375 0.152941 0.5 0 0
10340 0.0388934 0.75 137.125 0.14902 0.5 0 0
10350 0.0388934 0.75 137.125 0.152941 0.5 0 0
10360 0.0387862 0.5 137.625 0.152941 0.5 0 0
10370 0.0387862 0.5 137.625 0.152941 0.5 0 0
10380 0.0382831 0.625 138.25 0.145098 0.5 0 0
10390 0.0382831 0.625 138.25 0.14902 0.5 0 0
10400 0.037942 0.625 138.875 0.152941 0.5 0 0
10410 0.037942 0.625 138.875 0.14902 0.5 0 0
10420 0.0375951 0.625 139.5 0.14902 0.5 0 0
10430 0.0375951 0.625 139.5 0.141176 0.5 0 0
10440 0.0371004 0.5 140 0.137255 0.5 0 0
10450 0.0371004 0.5 140 0.141176 0.5 0 0
10460 0.0364696 0.5 140.5 0.141176 0.5 0 0
10470 0.0364696 0.5 140.5 0.141176 0.5 0 0
10480 0.0362153 0.5 141 0.137255 0.5 0 0
10490 0.0362153 0.5 141 0.141176 0.5 0 0
10500 0.0359798 0.5 141.5 0.141176 0.5 0 0
10510 0.0359798 0.5 141.5 0.141176 0.5 0 0
10520 0.0355086 0.75 142.25 0.141176 0.5 0 0
10530 0.0355086 0.75 142.25 0.137255 0.5 0 0
10540 0.0351579 0.875 143.125 0.141176 0.5 0 0
10550 0.0351579 0.875 143.125 0.133333 0.5 0 0
10560 0.0351784 0.75 143.875 0.133333 0.5 0 0
10570 0.0351784 0.75 143.875 0.133333 0.5 0 0
10580 0.0351787 0.75 144.625 0.133333 0.5 0 0
10590 0.0351787 0.75 144.625 0.133333 0.5 0 0
10600 0.0351788 0.75 145.375 0.133333 0.5 0 0
10610 0.0351788 0.75 145.375 0.133333 0.5 0 0
10620 0.0351626 0.75 146.125 0.129412 0.5 0 0
10630 0.0351626 0.75 146.125 0.133333 0.5 0 0
10640 0.0347053 0.875 147 0.133333 0.5 0 0
10650 0.0347053 0.875 147 0.133333 0.5 0 0
10660 0.0346903 0.75 147.75 0.137255 0.5 0 0
10670 0.0346903 0.75 147.75 0.133333 0.5 0 0
10680 0.0346784 0.875 148.625 0.133333 0.5 0 0
10690 0.0346784 0.875 148.625 0.133333 0.5 0 0
10700 0.0346752 0.875 149.5 0.137255 0.5 0 0
10710 0.0346752 0.875 149.5 0.133333 0.5 0 0
10720 0.0346021 0.875 150.375 0.137255 0.5 0 0
10730 0.0346021 0.875 150.375 0.133333 0.5 0 0
10740 0.0345795 0.625 151 0.137255 0.5 0 0
10750 0.0345795 0.625 151 0.137255 0.5 0 0
10760 0.0345779 0.625 151.625 0.137255 0.5 0 0
10770 0.0345779 0.625 151.625 0.137255 0.5 0 0
10780 0.0343855 0.5 152.125 0.137255 0.5 0 0
10790 0.0343855 0.5 152.125 0.141176 0.5 0 0
10800 0.0339742 0.625 152.75 0.145098 0.5 0 0
10810 0.0339742 0.625 152.75 0.141176 0.5 0 0
10820 0.033632 0.625 153.375 0.141176 0.5 0 0
10830 0.033632 0.625 153.375 0.141176 0.5 0 0
10840 0.033414 0.625 154 0.137255 0.5 0 0
10850 0.033414 0.625 154 0.133333 0.5 0 0
10860 0.0327865 0.625 154.625 0.12549 0.5 0 0
10870 0.0327865 0.625 154.625 0.121569 0.5 0 0
10880 0.0320144 0.625 155.25 0.121569 0.5 0 0
10890 0.0320144 0.625 155.25 0.121569 0.5 0 0
10900 0.0310651 0.625 155.875 0.121569 0.5 0 0
10910 0.0310651 0.625 155.875 0.121569 0.5 0 0
10920 0.0300125 0.5 156.375 0.121569 0.5 0 0
10930 0.0300125 0.5 156.375 0.117647 0.5 0 0
10940 0.0294979 0.5 156.875 0.117647 0.5 0 0
10950 0.0294979 0.5 156.875 0.117647 0.5 0 0
10960 0.0290739 0.5 157.375 0.117647 0.5 0 0
10970 0.0290739 0.5 157.375 0.117647 0.5 0 0
10980 0.0286308 0.5 157.875 0.121569 0.5 0 0
10990 0.0286308 0.5 157.875 0.121569 0.5 0 0
11000 0.0285393 0.25 158.125 0.121569 0.5 0 0
11010 0.0285393 0.25 158.125 0.121569 0.5 0 0
11020 0.0283673 0.375 158.5 0.117647 0.5 0 0
11030 0.0283673 0.375 158.5 0.113725 0.5 0 0
11040 0.0278557 0.5 159 0.109804 0.5 0 0
11050 0.0278557 0.5 159 0.109804 0.5 0 0
11060 0.0272941 0.5 159.5 0.109804 0.5 0 0
11070 0.0272941 0.5 159.5 0.109804 0.5 0 0
11080 0.0266955 0.5 160 0.109804 0.5 0 0
11090 0.0266955 0.5 160 0.113725 0.5 0 0
11100 0.0264518 0.5 160.5 0.113725 0.5 0 0
11110 0.0264518 0.5 160.5 0.113725 0.5 0 0
11120 0.0261435 0.5 161 0.109804 0.5 0 0
11130 0.0261435 0.5 161 0.117647 0.5 0 0
11140 0.0255718 0.375 161.375 0.121569 0.5 0 0
11150 0.0255718 0.375 161.375 0.121569 0.5 0 0
11160 0.0254537 0.375 161.75 0.121569 0.5 0 0
11170 0.0254537 0.375 161.75 0.117647 0.5 0 0
11180 0.0252744 0.375 162.125 0.117647 0.5 0 0
11190 0.0252744 0.375 162.125 0.113725 0.5 0 0
11200 0.0248137 0.25 162.375 0.113725 0.5 0 0
11210 0.0248137 0.25 162.375 0.101961 0.5 0 0
11220 0.0240485 0 162.375 0.0980392 0.5 0 0
11230 0.0240485 0 162.375 0.0980392 0.5 0 0
11240 0.0230789 0.25 162.625 0.0980392 0.5 0 0
11250 0.0230789 0.25 162.625 0.0980392 0.5 0 0
11260 0.0228085 0.25 162.875 0.101961 0.5 0 0
11270 0.0228085 0.25 162.875 0.101961 0.5 0 0
11280 0.0228415 0.25 163.125 0.101961 0.5 0 0
11290 0.0228415 0.25 163.125 0.101961 0.5 0 0
11300 0.0226509 0.25 163.375 0.101961 0.5 0 0
11310 0.0226509 0.25 163.375 0.101961 0.5 0 0
11320 0.0224191 0.25 163.625 0.101961 0.5 0 0
11330 0.0224191 0.25 163.625 0.101961 0.5 0 0
11340 0.0217571 0 163.625 0.0980392 0.5 0 0
11350 0.0217571 0 163.625 0.0980392 0.5 0 0
11360 0.0214809 0 163.625 0.0980392 0.5 0 0
11370 0.0214809 0 163.625 0.101961 0.5 0 0
11380 0.0211438 0 163.625 0.105882 0.5 0 0
11390 0.0211438 0 163.625 0.101961 0.5 0 0
11400 0.0208889 0 163.625 0.105882 0.5 0 0
11410 0.0208889 0 163.625 0.105882 0.5 0 0
11420 0.0205243 0 163.625 0.0980392 0.5 0 0
11430 0.0205243 0 163.625 0.0980392 0.5 0 0
11440 0.0201206 0 163.625 0.101961 0.5 0 0
11450 0.0201206 0 163.625 0.0980392 0.5 0 0
11460 0.0198666 0 163.625 0.0980392 0.5 0 0
11470 0.0198666 0 163.625 0.101961 0.5 0 0
11480 0.0197214 0 163.625 0.0980392 0.5 0 0
11490 0.0197214 0 163.625 0.101961 0.5 0 0
11500 0.0193221 0 163.625 0.0941176 0.5 0 0
11510 0.0193221 0 163.625 0.0901961 0.5 0 0
11520 0.0187765 0 163.625 0.0901961 0.5 0 0
11530 0.0187765 0 163.625 0.0901961 0.5 0 0
11540 0.0184791 0 163.625 0.0901961 0.5 0 0
11550 0.0184791 0 163.625 0.0941176 0.5 0 0
11560 0.0183543 0 163.625 0.0941176 0.5 0 0
11570 0.0183543 0 163.625 0.0941176 0.5 0 0
11580 0.0183731 0 163.625 0.0980392 0.5 0 0
11590 0.0183731 0 163.625 0.0980392 0.5 0 0
11600 0.01823 0 163.625 0.0941176 0.5 0 0
11610 0.01823 0 163.625 0.0941176 0.5 0 0
11620 0.0177584 0 163.625 0.0941176 0.5 0 0
11630 0.0177584 0 163.625 0.0901961 0.5 0 0
11640 0.0173486 0 163.625 0.0901961 0.5 0 0
11650 0.0173486 0 163.625 0.0901961 0.5 0 0
11660 0.017174 0 163.625 0.0901961 0.5 0 0
11670 0.017174 0 163.625 0.0901961 0.5 0 0
11680 0.0169879 0 163.625 0.0901961 0.5 0 0
11690 0.0169879 0 163.625 0.0862745 0.5 0 0
11700 0.0165984 0 163.625 0.0862745 0.5 0 0
11710 0.0165984 0 163.625 0.0901961 0.5 0 0
11720 0.0160051 0 163.625 0.0901961 0.5 0 0
11730 0.0160051 0 163.625 0.0862745 0.5 0 0
11740 0.0156705 0 163.625 0.0862745 0.5 0 0
11750 0.0156705 0 163.625 0.0823529 0.5 0 0
11760 0.0153901 0 163.625 0.0823529 0.5 0 0
11770 0.0153901 0 163.625 0.0823529 0.5 0 0
11780 0.0149981 0 163.625 0.0862745 0.5 0 0
11790 0.0149981 0 163.625 0.0901961 0.5 0 0
11800 0.0147362 0 163.625 0.0901961 0.5 0 0
11810 0.0147362 0 163.625 0.0941176 0.5 0 0
11820 0.0145663 0 163.625 0.0941176 0.5 0 0
11830 0.0145663 0 163.625 0.0941176 0.5 0 0
11840 0.0143434 0 163.625 0.0862745 0.5 0 0
11850 0.0143434 0 163.625 0.0823529 0.5 0 0
11860 0.013969 0 163.625 0.0784314 0.5 0 0
11870 0.013969 0 163.625 0.0784314 0.5 0 0
11880 0.0135897 0.25 163.875 0.0784314 0.5 0 0
11890 0.0135897 0.25 163.875 0.0784314 0.5 0 0
11900 0.0129437 0.25 164.125 0.0745098 0.5 0 0
11910 0.0129437 0.25 164.125 0.0745098 0.5 0 0
11920 0.0124189 0.25 164.375 0.0745098 0.5 0 0
11930 0.0124189 0.25 164.375 0.0745098 0.5 0 0
11940 0.0121682 0.5 164.875 0.0745098 0.5 0 0
11950 0.0121682 0.5 164.875 0.0745098 0.5 0 0
11960 0.0120764 0.5 165.375 0.0745098 0.5 0 0
11970 0.0120764 0.5 165.375 0.0745098 0.5 0 0
11980 0.0120472 0.5 165.875 0.0745098 0.5 0 0
11990 0.0120472 0.5 165.875 0.0745098 0.5 0 0
12000 0.0120385 0.5 166.375 0.0745098 0.5 0 0
12010 0.0120385 0.5 166.375 0.0745098 0.5 0 0
12020 0.0119816 0.5 166.875 0.0745098 0.5 0 0
12030 0.0119816 0.5 166.875 0.0745098 0.5 0 0
12040 0.0119294 0.5 167.375 0.0745098 0.5 0 0
12050 0.0119294 0.5 167.375 0.0745098 0.5 0 0
12060 0.0118663 0.5 167.875 0.0745098 0.5 0 0
12070 0.0118663 0.5 167.875 0.0745098 0.5 0 0
12080 0.0117268 0.375 168.25 0.0745098 0.5 0 0
12090 0.0117268 0.375 168.25 0.0745098 0.5 0 0
12100 0.0115772 0.375 168.625 0.0745098 0.5 0 0
12110 0.0115772 0.375 168.625 0.0745098 0.5 0 0
12120 0.0115609 0.375 169 0.0745098 0.5 0 0
12130 0.0115609 0.375 169 0.0745098 0.5 0 0
12140 0.0115416 0.375 169.375 0.0745098 0.5 0 0
12150 0.0115416 0.375 169.375 0.0745098 0.5 0 0
12160 0.0114492 0.375 169.75 0.0745098 0.5 0 0
12170 0.0114492 0.375 169.75 0.0745098 0.5 0 0
12180 0.0114291 0.375 170.125 0.0745098 0.5 0 0
12190 0.0114291 0.375 170.125 0.0745098 0.5 0 0
12200 0.0114156 0.375 170.5 0.0745098 0.5 0 0
12210 0.0114156 0.375 170.5 0.0745098 0.5 0 0
12220 0.0114014 0.375 170.875 0.0745098 0.5 0 0
12230 0.0114014 0.375 170.875 0.0745098 0.5 0 0
12240 0.0113877 0.375 171.25 0.0745098 0.5 0 0
12250 0.0113877 0.375 171.25 0.0745098 0.5 0 0
12260 0.0113457 0.375 171.625 0.0745098 0.5 0 0
12270 0.0113457 0.375 171.625 0.0745098 0.5 0 0
12280 0.0113357 0.375 172 0.0745098 0.5 0 0
12290 0.0113357 0.375 172 0.0745098 0.5 0 0
12300 0.0113316 0.375 172.375 0.0745098 0.5 0 0
12310 0.0113316 0.375 172.375 0.0745098 0.5 0 0
12320 0.0113281 0.375 172.75 0.0745098 0.5 0 0
12330 0.0113281 0.375 172.75 0.0745098 0.5 0 0
12340 0.0113249 0.375 173.125 0.0745098 0.5 0 0
12350 0.0113249 0.375 173.125 0.0745098 0.5 0 0
12360 0.0113102 0.25 173.375 0.0745098 0.5 0 0
12370 0.0113102 0.25 173.375 0.0745098 0.5 0 0
12380 0.011268 0.25 173.625 0.0745098 0.5 0 0
12390 0.011268 0.25 173.625 0.0745098 0.5 0 0
12400 0.011212 0.25 173.875 0.0745098 0.5 0 0
12410 0.011212 0.25 173.875 0.0745098 0.5 0 0
12420 0.0108274 0 173.875 0.0705882 0.5 0 0
12430 0.0108274 0 173.875 0.0705882 0.5 0 0
12440 0.0104919 0.25 174.125 0.0666667 0.5 0 0
12450 0.0104919 0.25 174.125 0.0666667 0.5 0 0
12460 0.0100113 0.375 174.5 0.0666667 0.5 0 0
12470 0.0100113 0.375 174.5 0.0666667 0.5 0 0
12480 0.00948105 0.375 174.875 0.0666667 0.5 0 0
12490 0.00948105 0.375 174.875 0.0666667 0.5 0 0
12500 0.00923391 0.75 175.625 0.0666667 0.5 0 0
12510 0.00923391 0.75 175.625 0.0666667 0.5 0 0
12520 0.00898941 0.75 176.375 0.0666667 0.5 0 0
12530 0.00898941 0.75 176.375 0.0666667 0.5 0 0
12540 0.00893312 0.75 177.125 0.0666667 0.5 0 0
12550 0.00893312 0.75 177.125 0.0666667 0.5 0 0
12560 0.00872847 0.75 177.875 0.0666667 0.5 0 0
12570 0.00872847 0.75 177.875 0.0627451 0.5 0 0
12580 0.00863248 0.625 178.5 0.0627451 0.5 0 0
12590 0.00863248 0.625 178.5 0.0627451 0.5 0 0
12600 0.00828876 0.625 179.125 0.0627451 0.5 0 0
12610 0.00828876 0.625 179.125 0.0627451 0.5 0 0
12620 0.00807565 0.625 179.75 0.0627451 0.5 0 0
12630 0.00807565 0.625 179.75 0.0627451 0.5 0 0
12640 0.0079293 0.625 180.375 0.0627451 0.5 0 0
12650 0.0079293 0.625 180.375 0.0666667 0.5 0 0
12660 0.00781318 0.375 180.75 0.0666667 0.5 0 0
12670 0.00781318 0.375 180.75 0.0627451 0.5 0 0
12680 0.00773865 0.625 181.375 0.0666667 0.5 0 0
12690 0.00773865 0.625 181.375 0.0627451 0.5 0 0
12700 0.00757374 0.5 181.875 0.0627451 0.5 0 0
12710 0.00757374 0.5 181.875 0.0588235 0.5 0 0
12720 0.00736766 0.625 182.5 0.0588235 0.5 0 0
12730 0.00736766 0.625 182.5 0.0627451 0.5 0 0
12740 0.00717676 0.75 183.25 0.0627451 0.5 0 0
12750 0.00717676 0.75 183.25 0.0627451 0.5 0 0
12760 0.00714037 0.75 184 0.0627451 0.5 0 0
12770 0.00714037 0.75 184 0.0627451 0.5 0 0
12780 0.0071396 0.75 184.75 0.0627451 0.5 0 0
12790 0.0071396 0.75 184.75 0.0627451 0.5 0 0
12800 0.00710351 0.75 185.5 0.0627451 0.5 0 0
12810 0.00710351 0.75 185.5 0.0627451 0.5 0 0
12820 0.00696903 0.75 186.25 0.0666667 0.5 0 0
12830 0.00696903 0.75 186.25 0.0666667 0.5 0 0
12840 0.00686324 0.5 186.75 0.0666667 0.5 0 0
12850 0.00686324 0.5 186.75 0.0666667 0.5 0 0
12860 0.00680067 0.25 187 0.0666667 0.5 0 0
12870 0.00680067 0.25 187 0.0666667 0.5 0 0
12880 0.00660907 0.25 187.25 0.0666667 0.5 0 0
12890 0.00660907 0.25 187.25 0.0627451 0.5 0 0
12900 0.00640449 0.25 187.5 0.0588235 0.5 0 0
12910 0.00640449 0.25 187.5 0.054902 0.5 0 0
12920 0.00614603 0.625 188.125 0.054902 0.5 0 0
12930 0.00614603 0.625 188.125 0.0627451 0.5 0 0
12940 0.00584557 0.5 188.625 0.0627451 0.5 0 0
12950 0.00584557 0.5 188.625 0.0627451 0.5 0 0
12960 0.00576109 0.5 189.125 0.0627451 0.5 0 0
12970 0.00576109 0.5 189.125 0.0627451 0.5 0 0
12980 0.00567966 0.5 189.625 0.054902 0.5 0 0
12990 0.00567966 0.5 189.625 0.0588235 0.5 0 0
13000 0.00552043 0.625 190.25 0.0588235 0.5 0 0
13010 0.00552043 0.625 190.25 0.0588235 0.5 0 0
13020 0.00544841 0.625 190.875 0.0588235 0.5 0 0
13030 0.00544841 0.625 190.875 0.054902 0.5 0 0
13040 0.00527376 0.625 191.5 0.054902 0.5 0 0
13050 0.00527376 0.625 191.5 0.054902 0.5 0 0
13060 0.00491256 0.5 192 0.0588235 0.5 0 0
13070 0.00491256 0.5 192 0.054902 0.5 0 0
13080 0.00468009 0.5 192.5 0.0588235 0.5 0 0
13090 0.00468009 0.5 192.5 0.054902 0.5 0 0
13100 0.0046553 0.5 193 0.054902 0.5 0 0
13110 0.0046553 0.5 193 0.054902 0.5 0 0
13120 0.00464359 0.5 193.5 0.054902 0.5 0 0
13130 0.00464359 0.5 193.5 0.0509804 0.5 0 0
13140 0.00467296 0.5 194 0.054902 0.5 0 0
13150 0.00467296 0.5 194 0.054902 0.5 0 0
13160 0.00463424 0.375 194.375 0.054902 0.5 0 0
13170 0.00463424 0.375 194.375 0.0509804 0.5 0 0
13180 0.00453547 0.375 194.75 0.054902 0.5 0 0
13190 0.00453547 0.375 194.75 0.0509804 0.5 0 0
13200 0.00449466 0.5 195.25 0.0509804 0.5 0 0
13210 0.00449466 0.5 195.25 0.0509804 0.5 0 0
13220 0.00447596 0.5 195.75 0.0509804 0.5 0 0
13230 0.00447596 0.5 195.75 0.0509804 0.5 0 0
13240 0.00439242 0.75 196.5 0.0509804 0.5 0 0
13250 0.00439242 0.75 196.5 0.0509804 0.5 0 0
13260 0.00436273 0.625 197.125 0.0509804 0.5 0 0
13270 0.00436273 0.625 197.125 0.0509804 0.5 0 0
13280 0.00445673 0.75 197.875 0.0470588 0.5 0 0
13290 0.00445673 0.75 197.875 0.0509804 0.5 0 0
13300 0.00460527 0.75 198.625 0.0509804 0.5 0 0
13310 0.00460527 0.75 198.625 0.0509804 0.5 0 0
13320 0.00460951 0.75 199.375 0.0509804 0.5 0 0
13330 0.00460951 0.75 199.375 0.0509804 0.5 0 0
13340 0.00454494 0.75 200.125 0.0509804 0.5 0 0
13350 0.00454494 0.75 200.125 0.0509804 0.5 0 0
13360 0.00449964 0.75 200.875 0.0509804 0.5 0 0
13370 0.00449964 0.75 200.875 0.0509804 0.5 0 0
13380 0.00446837 0.75 201.625 0.0509804 0.5 0 0
13390 0.00446837 0.75 201.625 0.0509804 0.5 0 0
13400 0.00442669 0.625 202.25 0.0509804 0.5 0 0
13410 0.00442669 0.625 202.25 0.0509804 0.5 0 0
13420 0.00438872 0.625 202.875 0.0509804 0.5 0 0
13430 0.00438872 0.625 202.875 0.0509804 0.5 0 0
13440 0.00436557 0.625 203.5 0.0509804 0.5 0 0
13450 0.00436557 0.625 203.5 0.054902 0.5 0 0
13460 0.00434138 0.625 204.125 0.0509804 0.5 0 0
13470 0.00434138 0.625 204.125 0.054902 0.5 0 0
13480 0.00433295 0.625 204.75 0.0509804 0.5 0 0
13490 0.00433295 0.625 204.75 0.0509804 0.5 0 0
13500 0.00434724 0.625 205.375 0.0509804 0.5 0 0
13510 0.00434724 0.625 205.375 0.0509804 0.5 0 0
13520 0.00441151 0.25 205.625 0.0509804 0.5 0 0
13530 0.00441151 0.25 205.625 0.0509804 0.5 0 0
13540 0.00442398 0 205.625 0.0509804 0.5 0 0
13550 0.00442398 0 205.625 0.0509804 0.5 0 0
13560 0.00454449 0 205.625 0.0509804 0.5 0 0
13570 0.00454449 0 205.625 0.0509804 0.5 0 0
13580 0.00446132 0 205.625 0.0509804 0.5 0 0
13590 0.00446132 0 205.625 0.0509804 0.5 0 0
13600 0.00436171 0 205.625 0.0588235 0.5 0 0
13610 0.00436171 0 205.625 0.054902 0.5 0 0
13620 0.00434248 0 205.625 0.054902 0.5 0 0
13630 0.00434248 0 205.625 0.054902 0.5 0 0
13640 0.00429974 0 205.625 0.0509804 0.5 0 0
13650 0.00429974 0 205.625 0.0470588 0.5 0 0
13660 0.00430579 0 205.625 0.0470588 0.5 0 0
13670 0.00430579 0 205.625 0.0470588 0.5 0 0
13680 0.00448263 0.25 205.875 0.0509804 0.5 0 0
13690 0.00448263 0.25 205.875 0.0509804 0.5 0 0
13700 0.00470892 0.375 206.25 0.0509804 0.5 0 0
13710 0.00470892 0.375 206.25 0.054902 0.5 0 0
13720 0.00468534 0.375 206.625 0.054902 0.5 0 0
13730 0.00468534 0.375 206.625 0.054902 0.5 0 0
13740 0.00478896 0.375 207 0.0588235 0.5 0 0
13750 0.00478896 0.375 207 0.0588235 0.5 0 0
13760 0.00491292 0.375 207.375 0.0588235 0.5 0 0
13770 0.00491292 0.375 207.375 0.0588235 0.5 0 0
13780 0.00493706 0.375 207.75 0.0588235 0.5 0 0
13790 0.00493706 0.375 207.75 0.054902 0.5 0 0
13800 0.00495378 0.375 208.125 0.054902 0.5 0 0
13810 0.00495378 0.375 208.125 0.054902 0.5 0 0
13820 0.00503807 0.75 208.875 0.054902 0.5 0 0
13830 0.00503807 0.75 208.875 0.054902 0.5 0 0
13840 0.00488884 0.375 209.25 0.054902 0.5 0 0
13850 0.00488884 0.375 209.25 0.054902 0.5 0 0
13860 0.00466116 0.375 209.625 0.054902 0.5 0 0
13870 0.00466116 0.375 209.625 0.054902 0.5 0 0
13880 0.00462779 0.375 210 0.054902 0.5 0 0
13890 0.00462779 0.375 210 0.054902 0.5 0 0
13900 0.00464178 0.375 210.375 0.054902 0.5 0 0
13910 0.00464178 0.375 210.375 0.0509804 0.5 0 0
13920 0.00462583 0.625 211 0.054902 0.5 0 0
13930 0.00462583 0.625 211 0.054902 0.5 0 0
13940 0.00462155 0.625 211.625 0.054902 0.5 0 0
13950 0.00462155 0.625 211.625 0.0509804 0.5 0 0
13960 0.00461279 0.375 212 0.0509804 0.5 0 0
13970 0.00461279 0.375 212 0.0509804 0.5 0 0
13980 0.00466327 0.375 212.375 0.0509804 0.5 0 0
13990 0.00466327 0.375 212.375 0.0509804 0.5 0 0
14000 0.0046392 0.375 212.75 0.054902 0.5 0 0
14010 0.0046392 0.375 212.75 0.054902 0.5 0 0
14020 0.00450316 0.375 213.125 0.054902 0.5 0 0
14030 0.00450316 0.375 213.125 0.054902 0.5 0 0
14040 0.0044888 0.375 213.5 0.054902 0.5 0 0
14050 0.0044888 0.375 213.5 0.0588235 0.5 0 0
14060 0.0044634 0.375 213.875 0.0588235 0.5 0 0
14070 0.0044634 0.375 213.875 0.054902 0.5 0 0
14080 0.00436905 0.375 214.25 0.054902 0.5 0 0
14090 0.00436905 0.375 214.25 0.054902 0.5 0 0
14100 0.00430907 0.375 214.625 0.0509804 0.5 0 0
14110 0.00430907 0.375 214.625 0.0509804 0.5 0 0
14120 0.00431329 0.75 215.375 0.0509804 0.5 0 0
14130 0.00431329 0.75 215.375 0.054902 0.5 0 0
14140 0.00430006 0.75 216.125 0.0588235 0.5 0 0
14150 0.00430006 0.75 216.125 0.054902 0.5 0 0
14160 0.00430677 0.75 216.875 0.0588235 0.5 0 0
14170 0.00430677 0.75 216.875 0.0627451 0.5 0 0
14180 0.00427658 0.75 217.625 0.0588235 0.5 0 0
14190 0.00427658 0.75 217.625 0.054902 0.5 0 0
14200 0.00424905 0.875 218.5 0.054902 0.5 0 0
14210 0.00424905 0.875 218.5 0.054902 0.5 0 0
14220 0.00423603 1 219.5 0.054902 0.5 0 0
14230 0.00423603 1 219.5 0.054902 0.5 0 0
14240 0.00424116 0.75 220.25 0.0509804 0.5 0 0
14250 0.00424116 0.75 220.25 0.054902 0.5 0 0
14260 0.00423322 0.875 221.125 0.0509804 0.5 0 0
14270 0.00423322 0.875 221.125 0.0509804 0.5 0 0
14280 0.00423049 0.875 222 0.0509804 0.5 0 0
14290 0.00423049 0.875 222 0.0509804 0.5 0 0
14300 0.00424765 0.875 222.875 0.0509804 0.5 0 0
14310 0.00424765 0.875 222.875 0.0509804 0.5 0 0
14320 0.00426032 0.875 223.75 0.0509804 0.5 0 0
14330 0.00426032 0.875 223.75 0.0509804 0.5 0 0
14340 0.00422425 0.875 224.625 0.0509804 0.5 0 0
14350 0.00422425 0.875 224.625 0.0509804 0.5 0 0
14360 0.00412195 0.875 225.5 0.0470588 0.5 0 0
14370 0.00412195 0.875 225.5 0.0470588 0.5 0 0
14380 0.00406626 0.875 226.375 0.0509804 0.5 0 0
14390 0.00406626 0.875 226.375 0.0509804 0.5 0 0
14400 0.0040589 0.75 227.125 0.0509804 0.5 0 0
14410 0.0040589 0.75 227.125 0.0509804 0.5 0 0
14420 0.00419696 0.75 227.875 0.0470588 0.5 0 0
14430 0.00419696 0.75 227.875 0.0509804 0.5 0 0
14440 0.00427427 0.875 228.75 0.0509804 0.5 0 0
14450 0.00427427 0.875 228.75 0.0509804 0.5 0 0
14460 0.00426623 0.875 229.625 0.0509804 0.5 0 0
14470 0.00426623 0.875 229.625 0.0509804 0.5 0 0
14480 0.00423947 0.875 230.5 0.0509804 0.5 0 0
14490 0.00423947 0.875 230.5 0.0509804 0.5 0 0
14500 0.00419106 0.75 231.25 0.0509804 0.5 0 0
14510 0.00419106 0.75 231.25 0.0509804 0.5 0 0
14520 0.00414409 0.75 232 0.0509804 0.5 0 0
14530 0.00414409 0.75 232 0.0509804 0.5 0 0
14540 0.00422056 0.75 232.75 0.0470588 0.5 0 0
14550 0.00422056 0.75 232.75 0.0509804 0.5 0 0
14560 0.00429707 0.75 233.5 0.0509804 0.5 0 0
14570 0.00429707 0.75 233.5 0.0509804 0.5 0 0
14580 0.00427947 0.75 234.25 0.0509804 0.5 0 0
14590 0.00427947 0.75 234.25 0.0509804 0.5 0 0
14600 0.0043392 0.75 235 0.054902 0.5 0 0
14610 0.0043392 0.75 235 0.0509804 0.5 0 0
14620 0.00430464 0.625 235.625 0.0509804 0.5 0 0
14630 0.00430464 0.625 235.625 0.0509804 0.5 0 0
14640 0.00439668 0.625 236.25 0.0509804 0.5 0 0
14650 0.00439668 0.625 236.25 0.0509804 0.5 0 0
14660 0.00443552 0.5 236.75 0.054902 0.5 0 0
14670 0.00443552 0.5 236.75 0.054902 0.5 0 0
14680 0.00439631 0.5 237.25 0.054902 0.5 0 0
14690 0.00439631 0.5 237.25 0.054902 0.5 0 0
14700 0.00434504 0.25 237.5 0.054902 0.5 0 0
14710 0.00434504 0.25 237.5 0.0509804 0.5 0 0
14720 0.00423025 0.5 238 0.0509804 0.5 0 0
14730 0.00423025 0.5 238 0.0509804 0.5 0 0
14740 0.00416466 0.625 238.625 0.0509804 0.5 0 0
14750 0.00416466 0.625 238.625 0.0509804 0.5 0 0
14760 0.00413735 0.625 239.25 0.0470588 0.5 0 0
14770 0.00413735 0.625 239.25 0.0509804 0.5 0 0
14780 0.00417788 0.625 239.875 0.0509804 0.5 0 0
14790 0.00417788 0.625 239.875 0.0509804 0.5 0 0
14800 0.00418588 0.75 240.625 0.0470588 0.5 0 0
14810 0.00418588 0.75 240.625 0.0509804 0.5 0 0
14820 0.00424718 0.75 241.375 0.0509804 0.5 0 0
14830 0.00424718 0.75 241.375 0.0509804 0.5 0 0
14840 0.00431245 0.75 242.125 0.0470588 0.5 0 0
14850 0.00431245 0.75 242.125 0.0470588 0.5 0 0
14860 0.00433422 0.75 242.875 0.0509804 0.5 0 0
14870 0.00433422 0.75 242.875 0.0470588 0.5 0 0
14880 0.004365 0.75 243.625 0.0470588 0.5 0 0
14890 0.004365 0.75 243.625 0.0470588 0.5 0 0
14900 0.00437988 0.625 244.25 0.0509804 0.5 0 0
14910 0.00437988 0.625 244.25 0.0470588 0.5 0 0
14920 0.00438224 0.625 244.875 0.0470588 0.5 0 0
14930 0.00438224 0.625 244.875 0.0509804 0.5 0 0
14940 0.00437976 0.625 245.5 0.0470588 0.5 0 0
14950 0.00437976 0.625 245.5 0.0470588 0.5 0 0
14960 0.00437078 0.875 246.375 0.0509804 0.5 0 0
14970 0.00437078 0.875 246.375 0.0509804 0.5 0 0
14980 0.00435404 0.75 247.125 0.0470588 0.5 0 0
14990 0.00435404 0.75 247.125 0.0509804 0.5 0 0
15000 0.00453669 0.75 247.875 0.054902 0.5 0 0
15010 0.00453669 0.75 247.875 0.054902 0.5 0 0
15020 0.00458661 0.75 248.625 0.054902 0.5 0 0
15030 0.00458661 0.75 248.625 0.0588235 0.5 0 0
15040 0.00453856 0.5 249.125 0.0588235 0.5 0 0
15050 0.00453856 0.5 249.125 0.0588235 0.5 0 0
15060 0.00449353 0.375 249.5 0.054902 0.5 0 0
15070 0.00449353 0.375 249.5 0.054902 0.5 0 0
15080 0.00445629 0.5 250 0.054902 0.5 0 0
15090 0.00445629 0.5 250 0.054902 0.5 0 0
15100 0.00460926 0.5 250.5 0.054902 0.5 0 0
15110 0.00460926 0.5 250.5 0.0588235 0.5 0 0
15120 0.00467735 0.5 251 0.0627451 0.5 0 0
15130 0.00467735 0.5 251 0.0627451 0.5 0 0
15140 0.00471867 0.25 251.25 0.0627451 0.5 0 0
15150 0.00471867 0.25 251.25 0.0627451 0.5 0 0
15160 0.00479266 0.25 251.5 0.0627451 0.5 0 0
15170 0.00479266 0.25 251.5 0.0627451 0.5 0 0
15180 0.00477467 0.25 251.75 0.054902 0.5 0 0
15190 0.00477467 0.25 251.75 0.054902 0.5 0 0
15200 0.00478622 0.25 252 0.0509804 0.5 0 0
15210 0.00478622 0.25 252 0.0509804 0.5 0 0
15220 0.00480421 0.25 252.25 0.054902 0.5 0 0
15230 0.00480421 0.25 252.25 0.054902 0.5 0 0
15240 0.00479039 0.25 252.5 0.054902 0.5 0 0
15250 0.00479039 0.25 252.5 0.054902 0.5 0 0
15260 0.00468827 0.25 252.75 0.054902 0.5 0 0
15270 0.00468827 0.25 252.75 0.0509804 0.5 0 0
15280 0.00445509 0.25 253 0.0509804 0.5 0 0
15290 0.00445509 0.25 253 0.054902 0.5 0 0
15300 0.00451804 0.25 253.25 0.054902 0.5 0 0
15310 0.00451804 0.25 253.25 0.0588235 0.5 0 0
15320 0.00452139 0.25 253.5 0.0588235 0.5 0 0
15330 0.00452139 0.25 253.5 0.054902 0.5 0 0
15340 0.00459388 0 253.5 0.0588235 0.5 0 0
15350 0.00459388 0 253.5 0.0588235 0.5 0 0
15360 0.00462464 0.25 253.75 0.0588235 0.5 0 0
15370 0.00462464 0.25 253.75 0.0588235 0.5 0 0
15380 0.00448629 0.25 254 0.0588235 0.5 0 0
15390 0.00448629 0.25 254 0.0588235 0.5 0 0
15400 0.00442098 0.25 254.25 0.0588235 0.5 0 0
15410 0.00442098 0.25 254.25 0.0588235 0.5 0 0
15420 0.00441043 0.25 254.5 0.0627451 0.5 0 0
15430 0.00441043 0.25 254.5 0.0666667 0.5 0 0
15440 0.0044036 0.25 254.75 0.0666667 0.5 0 0
15450 0.0044036 0.25 254.75 0.0666667 0.5 0 0
15460 0.00434454 0.25 255 0.0666667 0.5 0 0
15470 0.00434454 0.25 255 0.0627451 0.5 0 0
15480 0.00421208 0.25 255.25 0.0588235 0.5 0 0
15490 0.00421208 0.25 255.25 0.054902 0.5 0 0
15500 0.00425581 0.375 255.625 0.0588235 0.5 0 0
15510 0.00425581 0.375 255.625 0.0588235 0.5 0 0
15520 0.00429719 0.375 256 0.0588235 0.5 0 0
15530 0.00429719 0.375 256 0.0588235 0.5 0 0
15540 0.00430341 0.375 256.375 0.054902 0.5 0 0
15550 0.00430341 0.375 256.375 0.054902 0.5 0 0
15560 0.00431138 0.25 256.625 0.054902 0.5 0 0
15570 0.00431138 0.25 256.625 0.0509804 0.5 0 0
15580 0.00419074 0.25 256.875 0.0509804 0.5 0 0
15590 0.00419074 0.25 256.875 0.0509804 0.5 0 0
15600 0.00433393 0.375 257.25 0.054902 0.5 0 0
15610 0.00433393 0.375 257.25 0.054902 0.5 0 0
15620 0.00436224 0.375 257.625 0.0509804 0.5 0 0
15630 0.00436224 0.375 257.625 0.0509804 0.5 0 0
15640 0.0042406 0.375 258 0.0509804 0.5 0 0
15650 0.0042406 0.375 258 0.0509804 0.5 0 0
15660 0.00421506 0.375 258.375 0.0509804 0.5 0 0
15670 0.00421506 0.375 258.375 0.0509804 0.5 0 0
15680 0.0041771 0.375 258.75 0.0509804 0.5 0 0
15690 0.0041771 0.375 258.75 0.0509804 0.5 0 0
15700 0.00420949 0.375 259.125 0.0509804 0.5 0 0
15710 0.00420949 0.375 259.125 0.0509804 0.5 0 0
15720 0.00420343 0.375 259.5 0.0509804 0.5 0 0
15730 0.00420343 0.375 259.5 0.0509804 0.5 0 0
15740 0.00427359 0.25 259.75 0.0509804 0.5 0 0
15750 0.00427359 0.25 259.75 0.0509804 0.5 0 0
15760 0.00434516 0.25 260 0.0509804 0.5 0 0
15770 0.00434516 0.25 260 0.0509804 0.5 0 0
15780 0.00433967 0.25 260.25 0.0509804 0.5 0 0
15790 0.00433967 0.25 260.25 0.0509804 0.5 0 0
15800 0.00433828 0.25 260.5 0.0509804 0.5 0 0
15810 0.00433828 0.25 260.5 0.0470588 0.5 0 0
15820 0.00418668 0.75 261.25 0.0509804 0.5 0 0
15830 0.00418668 0.75 261.25 0.0509804 0.5 0 0
15840 0.00425724 0.75 262 0.0509804 0.5 0 0
15850 0.00425724 0.75 262 0.0509804 0.5 0 0
15860 0.00425658 0.75 262.75 0.0470588 0.5 0 0
15870 0.00425658 0.75 262.75 0.0509804 0.5 0 0
15880 0.00421998 0.875 263.625 0.0470588 0.5 0 0
15890 0.00421998 0.875 263.625 0.0470588 0.5 0 0
15900 0.00418333 0.875 264.5 0.0470588 0.5 0 0
15910 0.00418333 0.875 264.5 0.0470588 0.5 0 0
15920 0.00413311 0.75 265.25 0.0470588 0.5 0 0
15930 0.00413311 0.75 265.25 0.0509804 0.5 0 0
15940 0.0041793 0.75 266 0.0509804 0.5 0 0
15950 0.0041793 0.75 266 0.0509804 0.5 0 0
15960 0.00417494 0.75 266.75 0.054902 0.5 0 0
15970 0.00417494 0.75 266.75 0.0509804 0.5 0 0
15980 0.00413126 0.625 267.375 0.054902 0.5 0 0
15990 0.00413126 0.625 267.375 0.054902 0.5 0 0
16000 0.00409483 0.625 268 0.054902 0.5 0 0
16010 0.00409483 0.625 268 0.0588235 0.5 0 0
16020 0.00407199 0.75 268.75 0.0588235 0.5 0 0
16030 0.00407199 0.75 268.75 0.0588235 0.5 0 0
16040 0.00407295 0.625 269.375 0.0627451 0.5 0 0
16050 0.00407295 0.625 269.375 0.0588235 0.5 0 0
16060 0.00405826 0.375 269.75 0.054902 0.5 0 0
16070 0.00405826 0.375 269.75 0.0509804 0.5 0 0
16080 0.00415322 0.625 270.375 0.0509804 0.5 0 0
16090 0.00415322 0.625 270.375 0.0470588 0.5 0 0
16100 0.00427266 0.625 271 0.0509804 0.5 0 0
16110 0.00427266 0.625 271 0.0509804 0.5 0 0
16120 0.00440693 0.625 271.625 0.0509804 0.5 0 0
16130 0.00440693 0.625 271.625 0.0509804 0.5 0 0
16140 0.00444225 0.5 272.125 0.0509804 0.5 0 0
16150 0.00444225 0.5 272.125 0.0509804 0.5 0 0
16160 0.00439798 0.625 272.75 0.0509804 0.5 0 0
16170 0.00439798 0.625 272.75 0.0509804 0.5 0 0
16180 0.00435219 0.625 273.375 0.0509804 0.5 0 0
16190 0.00435219 0.625 273.375 0.0509804 0.5 0 0
16200 0.00434928 0.5 273.875 0.0509804 0.5 0 0
16210 0.00434928 0.5 273.875 0.0509804 0.5 0 0
16220 0.00433591 0.5 274.375 0.0509804 0.5 0 0
16230 0.00433591 0.5 274.375 0.0509804 0.5 0 0
16240 0.00430212 0.5 274.875 0.0509804 0.5 0 0
16250 0.00430212 0.5 274.875 0.0509804 0.5 0 0
16260 0.00432057 0.5 275.375 0.0509804 0.5 0 0
16270 0.00432057 0.5 275.375 0.0509804 0.5 0 0
16280 0.004365 0.5 275.875 0.0509804 0.5 0 0
16290 0.004365 0.5 275.875 0.0509804 0.5 0 0
16300 0.00445276 0.5 276.375 0.0509804 0.5 0 0
16310 0.00445276 0.5 276.375 0.0509804 0.5 0 0
16320 0.00444969 0.375 276.75 0.0509804 0.5 0 0
16330 0.00444969 0.375 276.75 0.0509804 0.5 0 0
16340 0.00442254 0.5 277.25 0.0509804 0.5 0 0
16350 0.00442254 0.5 277.25 0.054902 0.5 0 0
16360 0.00452251 0.5 277.75 0.0588235 0.5 0 0
16370 0.00452251 0.5 277.75 0.0666667 0.5 0 0
16380 0.00468489 0.5 278.25 0.0745098 0.5 0 0
16390 0.00468489 0.5 278.25 0.0784314 0.5 0 0
16400 0.00469427 0.5 278.75 0.0784314 0.5 0 0
16410 0.00469427 0.5 278.75 0.0784314 0.5 0 0
16420 0.00467184 0.375 279.125 0.0784314 0.5 0 0
16430 0.00467184 0.375 279.125 0.0784314 0.5 0 0
16440 0.00460633 0.375 279.5 0.0745098 0.5 0 0
16450 0.00460633 0.375 279.5 0.0666667 0.5 0 0
16460 0.00456368 0.25 279.75 0.0627451 0.5 0 0
16470 0.00456368 0.25 279.75 0.054902 0.5 0 0
16480 0.00455618 0.5 280.25 0.054902 0.5 0 0
16490 0.00455618 0.5 280.25 0.054902 0.5 0 0
16500 0.0045259 0.5 280.75 0.054902 0.5 0 0
16510 0.0045259 0.5 280.75 0.0588235 0.5 0 0
16520 0.00452428 0.25 281 0.0588235 0.5 0 0
16530 0.00452428 0.25 281 0.0588235 0.5 0 0
16540 0.00445535 0.25 281.25 0.0588235 0.5 0 0
16550 0.00445535 0.25 281.25 0.0588235 0.5 0 0
16560 0.00447406 0.375 281.625 0.0588235 0.5 0 0
16570 0.00447406 0.375 281.625 0.0588235 0.5 0 0
16580 0.00445294 0.375 282 0.0588235 0.5 0 0
16590 0.00445294 0.375 282 0.054902 0.5 0 0
16600 0.00444483 0.375 282.375 0.0588235 0.5 0 0
16610 0.00444483 0.375 282.375 0.0588235 0.5 0 0
16620 0.00441497 0.375 282.75 0.0588235 0.5 0 0
16630 0.00441497 0.375 282.75 0.054902 0.5 0 0
16640 0.00439998 0.375 283.125 0.054902 0.5 0 0
16650 0.00439998 0.375 283.125 0.054902 0.5 0 0
16660 0.00437803 0.375 283.5 0.054902 0.5 0 0
16670 0.00437803 0.375 283.5 0.054902 0.5 0 0
16680 0.00435403 0.375 283.875 0.0509804 0.5 0 0
16690 0.00435403 0.375 283.875 0.0509804 0.5 0 0
16700 0.00430033 0.375 284.25 0.0470588 0.5 0 0
16710 0.00430033 0.375 284.25 0.0509804 0.5 0 0
16720 0.00431795 0.625 284.875 0.0509804 0.5 0 0
16730 0.00431795 0.625 284.875 0.0509804 0.5 0 0
16740 0.00433715 0.875 285.75 0.054902 0.5 0 0
16750 0.00433715 0.875 285.75 0.0509804 0.5 0 0
16760 0.00433578 0.875 286.625 0.0509804 0.5 0 0
16770 0.00433578 0.875 286.625 0.054902 0.5 0 0
16780 0.00436106 0.875 287.5 0.054902 0.5 0 0
16790 0.00436106 0.875 287.5 0.054902 0.5 0 0
16800 0.00451746 0.875 288.375 0.0588235 0.5 0 0
16810 0.00451746 0.875 288.375 0.054902 0.5 0 0
16820 0.00462828 0.875 289.25 0.054902 0.5 0 0
16830 0.00462828 0.875 289.25 0.054902 0.5 0 0
16840 0.00466081 0.25 289.5 0.0509804 0.5 0 0
16850 0.00466081 0.25 289.5 0.0509804 0.5 0 0
16860 0.00460958 0 289.5 0.0509804 0.5 0 0
16870 0.00460958 0 289.5 0.0509804 0.5 0 0
16880 0.00453508 0 289.5 0.0509804 0.5 0 0
16890 0.00453508 0 289.5 0.0509804 0.5 0 0
16900 0.00449865 0 289.5 0.0509804 0.5 0 0
16910 0.00449865 0 289.5 0.0509804 0.5 0 0
16920 0.00437154 0 289.5 0.0509804 0.5 0 0
16930 0.00437154 0 289.5 0.0509804 0.5 0 0
16940 0.0045252 0 289.5 0.054902 0.5 0 0
16950 0.0045252 0 289.5 0.0509804 0.5 0 0
16960 0.0044759 0 289.5 0.054902 0.5 0 0
16970 0.0044759 0 289.5 0.054902 0.5 0 0
16980 0.00441257 0 289.5 0.054902 0.5 0 0
16990 0.00441257 0 289.5 0.054902 0.5 0 0
17000 0.0043262 0 289.5 0.054902 0.5 0 0
17010 0.0043262 0 289.5 0.054902 0.5 0 0
17020 0.00422527 0 289.5 0.054902 0.5 0 0
17030 0.00422527 0 289.5 0.0509804 0.5 0 0
17040 0.00413668 0 289.5 0.0509804 0.5 0 0
17050 0.00413668 0 289.5 0.0509804 0.5 0 0
17060 0.00416764 0 289.5 0.0509804 0.5 0 0
17070 0.00416764 0 289.5 0.0509804 0.5 0 0
17080 0.00409287 0 289.5 0.0509804 0.5 0 0
17090 0.00409287 0 289.5 0.0470588 0.5 0 0
17100 0.0041138 0 289.5 0.0470588 0.5 0 0
17110 0.0041138 0 289.5 0.0470588 0.5 0 0
17120 0.00413783 0 289.5 0.0470588 0.5 0 0
17130 0.00413783 0 289.5 0.0509804 0.5 0 0
17140 0.00405954 0 289.5 0.0588235 0.5 0 0
17150 0.00405954 0 289.5 0.0588235 0.5 0 0
17160 0.00403087 0 289.5 0.0588235 0.5 0 0
17170 0.00403087 0 289.5 0.0588235 0.5 0 0
17180 0.00402034 0 289.5 0.0588235 0.5 0 0
17190 0.00402034 0 289.5 0.0588235 0.5 0 0
17200 0.00410056 0 289.5 0.0588235 0.5 0 0
17210 0.00410056 0 289.5 0.0588235 0.5 0 0
17220 0.0041607 0 289.5 0.0588235 0.5 0 0
17230 0.0041607 0 289.5 0.0627451 0.5 0 0
17240 0.00426024 0 289.5 0.0666667 0.5 0 0
17250 0.00426024 0 289.5 0.0705882 0.5 0 0
17260 0.00432696 0 289.5 0.0705882 0.5 0 0
17270 0.00432696 0 289.5 0.0666667 0.5 0 0
17280 0.00431738 0 289.5 0.0666667 0.5 0 0
17290 0.00431738 0 289.5 0.0666667 0.5 0 0
17300 0.00422664 0 289.5 0.0627451 0.5 0 0
17310 0.00422664 0 289.5 0.0705882 0.5 0 0
17320 0.00427035 0 289.5 0.0784314 0.5 0 0
17330 0.00427035 0 289.5 0.0784314 0.5 0 0
17340 0.0042525 0 289.5 0.0823529 0.5 0 0
17350 0.0042525 0 289.5 0.0745098 0.5 0 0
17360 0.00417996 0 289.5 0.0705882 0.5 0 0
17370 0.00417996 0 289.5 0.0666667 0.5 0 0
17380 0.00413341 0 289.5 0.0588235 0.5 0 0
17390 0.00413341 0 289.5 0.054902 0.5 0 0
17400 0.00430354 0 289.5 0.0509804 0.5 0 0
17410 0.00430354 0 289.5 0.0509804 0.5 0 0
17420 0.00450929 0 289.5 0.0509804 0.5 0 0
17430 0.00450929 0 289.5 0.054902 0.5 0 0
17440 0.00458233 0.25 289.75 0.054902 0.5 0 0
17450 0.00458233 0.25 289.75 0.054902 0.5 0 0
17460 0.00470153 0.25 290 0.054902 0.5 0 0
17470 0.00470153 0.25 290 0.054902 0.5 0 0
17480 0.00466643 0.375 290.375 0.0509804 0.5 0 0
17490 0.00466643 0.375 290.375 0.0509804 0.5 0 0
17500 0.00456664 0.5 290.875 0.054902 0.5 0 0
17510 0.00456664 0.5 290.875 0.054902 0.5 0 0
17520 0.00465033 0.5 291.375 0.054902 0.5 0 0
17530 0.00465033 0.5 291.375 0.054902 0.5 0 0
17540 0.00468673 0.5 291.875 0.0509804 0.5 0 0
17550 0.00468673 0.5 291.875 0.0509804 0.5 0 0
17560 0.00465193 0.5 292.375 0.0509804 0.5 0 0
17570 0.00465193 0.5 292.375 0.054902 0.5 0 0
17580 0.00462594 0.5 292.875 0.0509804 0.5 0 0
17590 0.00462594 0.5 292.875 0.0509804 0.5 0 0
17600 0.00458712 0.5 293.375 0.0509804 0.5 0 0
17610 0.00458712 0.5 293.375 0.0509804 0.5 0 0
17620 0.00461244 0.375 293.75 0.0509804 0.5 0 0
17630 0.00461244 0.375 293.75 0.0509804 0.5 0 0
17640 0.00461507 0.375 294.125 0.0509804 0.5 0 0
17650 0.00461507 0.375 294.125 0.054902 0.5 0 0
17660 0.00463529 0.5 294.625 0.0509804 0.5 0 0
17670 0.00463529 0.5 294.625 0.0509804 0.5 0 0
17680 0.00465875 0.5 295.125 0.054902 0.5 0 0
17690 0.00465875 0.5 295.125 0.0509804 0.5 0 0
17700 0.00467277 0.5 295.625 0.0509804 0.5 0 0
17710 0.00467277 0.5 295.625 0.0509804 0.5 0 0
17720 0.00467997 0.5 296.125 0.054902 0.5 0 0
17730 0.00467997 0.5 296.125 0.054902 0.5 0 0
17740 0.00469784 0.75 296.875 0.054902 0.5 0 0
17750 0.00469784 0.75 296.875 0.0509804 0.5 0 0
17760 0.00470424 0.75 297.625 0.054902 0.5 0 0
17770 0.00470424 0.75 297.625 0.054902 0.5 0 0
17780 0.0046917 0.75 298.375 0.0509804 0.5 0 0
17790 0.0046917 0.75 298.375 0.0509804 0.5 0 0
17800 0.00468357 0.625 299 0.0509804 0.5 0 0
17810 0.00468357 0.625 299 0.0509804 0.5 0 0
17820 0.00465783 0.75 299.75 0.0509804 0.5 0 0
17830 0.00465783 0.75 299.75 0.0509804 0.5 0 0
17840 0.00463409 0.75 300.5 0.0509804 0.5 0 0
17850 0.00463409 0.75 300.5 0.0509804 0.5 0 0
17860 0.00446466 0.625 301.125 0.0509804 0.5 0 0
17870 0.00446466 0.625 301.125 0.0509804 0.5 0 0
17880 0.00447895 0.75 301.875 0.0509804 0.5 0 0
17890 0.00447895 0.75 301.875 0.0509804 0.5 0 0
17900 0.00439888 0.875 302.75 0.0509804 0.5 0 0
17910 0.00439888 0.875 302.75 0.0509804 0.5 0 0
17920 0.00441596 0.875 303.625 0.0509804 0.5 0 0
17930 0.00441596 0.875 303.625 0.0509804 0.5 0 0
17940 0.00437981 0.875 304.5 0.054902 0.5 0 0
17950 0.00437981 0.875 304.5 0.0588235 0.5 0 0
17960 0.00438938 0.875 305.375 0.0627451 0.5 0 0
17970 0.00438938 0.875 305.375 0.0627451 0.5 0 0
17980 0.00435668 0.75 306.125 0.0627451 0.5 0 0
17990 0.00435668 0.75 306.125 0.0627451 0.5 0 0
18000 0.00431097 0.75 306.875 0.0588235 0.5 0 0
18010 0.00431097 0.75 306.875 0.054902 0.5 0 0
18020 0.00416968 0.625 307.5 0.0509804 0.5 0 0
18030 0.00416968 0.625 307.5 0.0509804 0.5 0 0
18040 0.0040929 0.25 307.75 0.0509804 0.5 0 0
18050 0.0040929 0.25 307.75 0.0509804 0.5 0 0
18060 0.00419984 0.5 308.25 0.054902 0.5 0 0
18070 0.00419984 0.5 308.25 0.0509804 0.5 0 0
18080 0.00415452 0.625 308.875 0.0509804 0.5 0 0
18090 0.00415452 0.625 308.875 0.0509804 0.5 0 0
18100 0.00426201 0.75 309.625 0.0509804 0.5 0 0
18110 0.00426201 0.75 309.625 0.0509804 0.5 0 0
18120 0.00444662 0.75 310.375 0.054902 0.5 0 0
18130 0.00444662 0.75 310.375 0.054902 0.5 0 0
18140 0.00448853 0.75 311.125 0.054902 0.5 0 0
18150 0.00448853 0.75 311.125 0.054902 0.5 0 0
18160 0.00440202 0.75 311.875 0.054902 0.5 0 0
18170 0.00440202 0.75 311.875 0.0588235 0.5 0 0
18180 0.0043158 0.625 312.5 0.0627451 0.5 0 0
18190 0.0043158 0.625 312.5 0.0588235 0.5 0 0
18200 0.00428675 0.625 313.125 0.0627451 0.5 0 0
18210 0.00428675 0.625 313.125 0.0627451 0.5 0 0
18220 0.00421533 0.625 313.75 0.0627451 0.5 0 0
18230 0.00421533 0.625 313.75 0.0588235 0.5 0 0
18240 0.004074 0.5 314.25 0.0588235 0.5 0 0
18250 0.004074 0.5 314.25 0.054902 0.5 0 0
18260 0.00394131 0.375 314.625 0.054902 0.5 0 0
18270 0.00394131 0.375 314.625 0.054902 0.5 0 0
18280 0.00389275 0.375 315 0.0509804 0.5 0 0
18290 0.00389275 0.375 315 0.0509804 0.5 0 0
18300 0.00389825 0.625 315.625 0.0509804 0.5 0 0
18310 0.00389825 0.625 315.625 0.0509804 0.5 0 0
18320 0.00391533 0.625 316.25 0.0509804 0.5 0 0
18330 0.00391533 0.625 316.25 0.0509804 0.5 0 0
18340 0.00399186 0.75 317 0.0509804 0.5 0 0
18350 0.00399186 0.75 317 0.0509804 0.5 0 0
18360 0.00403848 0.75 317.75 0.0509804 0.5 0 0
18370 0.00403848 0.75 317.75 0.0509804 0.5 0 0
18380 0.00408159 0.75 318.5 0.0509804 0.5 0 0
18390 0.00408159 0.75 318.5 0.0509804 0.5 0 0
18400 0.00413185 0.75 319.25 0.0509804 0.5 0 0
18410 0.00413185 0.75 319.25 0.0509804 0.5 0 0
18420 0.00422007 0.625 319.875 0.0509804 0.5 0 0
18430 0.00422007 0.625 319.875 0.0509804 0.5 0 0
18440 0.00426165 0.5 320.375 0.0509804 0.5 0 0
18450 0.00426165 0.5 320.375 0.0509804 0.5 0 0
18460 0.00426524 0.5 320.875 0.054902 0.5 0 0
18470 0.00426524 0.5 320.875 0.0509804 0.5 0 0
18480 0.00425195 0.5 321.375 0.0509804 0.5 0 0
18490 0.00425195 0.5 321.375 0.0509804 0.5 0 0
18500 0.00428087 0.5 321.875 0.0509804 0.5 0 0
18510 0.00428087 0.5 321.875 0.0509804 0.5 0 0
18520 0.00422809 0.5 322.375 0.0509804 0.5 0 0
18530 0.00422809 0.5 322.375 0.0509804 0.5 0 0
18540 0.00418726 0.375 322.75 0.0509804 0.5 0 0
18550 0.00418726 0.375 322.75 0.0509804 0.5 0 0
18560 0.00418202 0.375 323.125 0.0509804 0.5 0 0
18570 0.00418202 0.375 323.125 0.0470588 0.5 0 0
18580 0.00416271 0.75 323.875 0.0470588 0.5 0 0
18590 0.00416271 0.75 323.875 0.0470588 0.5 0 0
18600 0.00415558 0.75 324.625 0.0509804 0.5 0 0
18610 0.00415558 0.75 324.625 0.0470588 0.5 0 0
18620 0.00412054 0.875 325.5 0.0470588 0.5 0 0
18630 0.00412054 0.875 325.5 0.0509804 0.5 0 0
18640 0.00423053 0.875 326.375 0.0509804 0.5 0 0
18650 0.00423053 0.875 326.375 0.0509804 0.5 0 0
18660 0.00433818 0.875 327.25 0.0470588 0.5 0 0
18670 0.00433818 0.875 327.25 0.0509804 0.5 0 0
18680 0.00435145 0.875 328.125 0.0509804 0.5 0 0
18690 0.00435145 0.875 328.125 0.0509804 0.5 0 0
18700 0.00433827 0.875 329 0.0509804 0.5 0 0
18710 0.00433827 0.875 329 0.0509804 0.5 0 0
18720 0.00430108 0.875 329.875 0.0509804 0.5 0 0
18730 0.00430108 0.875 329.875 0.0509804 0.5 0 0
18740 0.00428048 0.25 330.125 0.0509804 0.5 0 0
18750 0.00428048 0.25 330.125 0.0509804 0.5 0 0
18760 0.00425655 0 330.125 0.054902 0.5 0 0
18770 0.00425655 0 330.125 0.0509804 0.5 0 0
18780 0.00418936 0 330.125 0.0509804 0.5 0 0
18790 0.00418936 0 330.125 0.0588235 0.5 0 0
18800 0.00424184 0 330.125 0.0588235 0.5 0 0
18810 0.00424184 0 330.125 0.0627451 0.5 0 0
18820 0.00421753 0 330.125 0.0627451 0.5 0 0
18830 0.00421753 0 330.125 0.0627451 0.5 0 0
18840 0.00431637 0 330.125 0.0588235 0.5 0 0
18850 0.00431637 0 330.125 0.0588235 0.5 0 0
18860 0.00434121 0 330.125 0.0588235 0.5 0 0
18870 0.00434121 0 330.125 0.054902 0.5 0 0
18880 0.00436674 0.25 330.375 0.0509804 0.5 0 0
18890 0.00436674 0.25 330.375 0.0470588 0.5 0 0
18900 0.00448058 0.25 330.625 0.0509804 0.5 0 0
18910 0.00448058 0.25 330.625 0.0509804 0.5 0 0
18920 0.00478625 0.25 330.875 0.0509804 0.5 0 0
18930 0.00478625 0.25 330.875 0.054902 0.5 0 0
18940 0.00493818 0.25 331.125 0.054902 0.5 0 0
18950 0.00493818 0.25 331.125 0.054902 0.5 0 0
18960 0.00503385 0.25 331.375 0.054902 0.5 0 0
18970 0.00503385 0.25 331.375 0.054902 0.5 0 0
18980 0.00491546 0.25 331.625 0.054902 0.5 0 0
18990 0.00491546 0.25 331.625 0.054902 0.5 0 0
19000 0.00492175 0.25 331.875 0.054902 0.5 0 0
19010 0.00492175 0.25 331.875 0.054902 0.5 0 0
19020 0.0048878 0 331.875 0.054902 0.5 0 0
19030 0.0048878 0 331.875 0.0509804 0.5 0 0
19040 0.00482334 0.25 332.125 0.054902 0.5 0 0
19050 0.00482334 0.25 332.125 0.054902 0.5 0 0
19060 0.00474498 0.25 332.375 0.0509804 0.5 0 0
19070 0.00474498 0.25 332.375 0.0509804 0.5 0 0
19080 0.00467245 0.25 332.625 0.0509804 0.5 0 0
19090 0.00467245 0.25 332.625 0.0509804 0.5 0 0
19100 0.0046112 0.25 332.875 0.0509804 0.5 0 0
19110 0.0046112 0.25 332.875 0.0509804 0.5 0 0
19120 0.00457823 0.375 333.25 0.0509804 0.5 0 0
19130 0.00457823 0.375 333.25 0.0509804 0.5 0 0
19140 0.00457807 0.5 333.75 0.0509804 0.5 0 0
19150 0.00457807 0.5 333.75 0.0509804 0.5 0 0
19160 0.00459222 0.375 334.125 0.0470588 0.5 0 0
19170 0.00459222 0.375 334.125 0.0509804 0.5 0 0
19180 0.00457973 0.375 334.5 0.0509804 0.5 0 0
19190 0.00457973 0.375 334.5 0.0509804 0.5 0 0
19200 0.00456734 0.375 334.875 0.0509804 0.5 0 0
19210 0.00456734 0.375 334.875 0.0509804 0.5 0 0
19220 0.00451694 0.5 335.375 0.0509804 0.5 0 0
19230 0.00451694 0.5 335.375 0.0509804 0.5 0 0
19240 0.00439904 0.5 335.875 0.0509804 0.5 0 0
19250 0.00439904 0.5 335.875 0.0509804 0.5 0 0
19260 0.00424956 0.375 336.25 0.0509804 0.5 0 0
19270 0.00424956 0.375 336.25 0.0509804 0.5 0 0
19280 0.00419829 0.5 336.75 0.0470588 0.5 0 0
19290 0.00419829 0.5 336.75 0.0470588 0.5 0 0
19300 0.00418857 0.625 337.375 0.0509804 0.5 0 0
19310 0.00418857 0.625 337.375 0.0470588 0.5 0 0
19320 0.00415097 0.625 338 0.0509804 0.5 0 0
19330 0.00415097 0.625 338 0.0509804 0.5 0 0
19340 0.0041237 0.625 338.625 0.0470588 0.5 0 0
19350 0.0041237 0.625 338.625 0.0509804 0.5 0 0
19360 0.0040935 0.75 339.375 0.0509804 0.5 0 0
19370 0.0040935 0.75 339.375 0.0509804 0.5 0 0
19380 0.0040775 0.75 340.125 0.0509804 0.5 0 0
19390 0.0040775 0.75 340.125 0.0509804 0.5 0 0
19400 0.00409088 0.75 340.875 0.0470588 0.5 0 0
19410 0.00409088 0.75 340.875 0.0470588 0.5 0 0
19420 0.00414846 0.5 341.375 0.0509804 0.5 0 0
19430 0.00414846 0.5 341.375 0.0509804 0.5 0 0
19440 0.00426365 0.5 341.875 0.0509804 0.5 0 0
19450 0.00426365 0.5 341.875 0.0509804 0.5 0 0
19460 0.0043545 0.25 342.125 0.0509804 0.5 0 0
19470 0.0043545 0.25 342.125 0.0509804 0.5 0 0
19480 0.00445318 0.25 342.375 0.0509804 0.5 0 0
19490 0.00445318 0.25 342.375 0.0509804 0.5 0 0
19500 0.00457615 0.25 342.625 0.054902 0.5 0 0
19510 0.00457615 0.25 342.625 0.0588235 0.5 0 0
19520 0.00454906 0 342.625 0.0588235 0.5 0 0
19530 0.00454906 0 342.625 0.0588235 0.5 0 0
19540 0.00448593 0 342.625 0.0588235 0.5 0 0
19550 0.00448593 0 342.625 0.0588235 0.5 0 0
19560 0.00440261 0 342.625 0.0588235 0.5 0 0
19570 0.00440261 0 342.625 0.0588235 0.5 0 0
19580 0.00433181 0 342.625 0.0627451 0.5 0 0
19590 0.00433181 0 342.625 0.0588235 0.5 0 0
19600 0.00432847 0 342.625 0.0627451 0.5 0 0
19610 0.00432847 0 342.625 0.0627451 0.5 0 0
19620 0.00433174 0 342.625 0.0666667 0.5 0 0
19630 0.00433174 0 342.625 0.0627451 0.5 0 0
19640 0.00426646 0 342.625 0.0627451 0.5 0 0
19650 0.00426646 0 342.625 0.0588235 0.5 0 0
19660 0.00418366 0 342.625 0.054902 0.5 0 0
19670 0.00418366 0 342.625 0.054902 0.5 0 0
19680 0.00423313 0 342.625 0.054902 0.5 0 0
19690 0.00423313 0 342.625 0.054902 0.5 0 0
19700 0.00420503 0 342.625 0.0588235 0.5 0 0
19710 0.00420503 0 342.625 0.0627451 0.5 0 0
19720 0.00422753 0 342.625 0.0588235 0.5 0 0
19730 0.00422753 0 342.625 0.0588235 0.5 0 0
19740 0.00420994 0 342.625 0.0627451 0.5 0 0
19750 0.00420994 0 342.625 0.0627451 0.5 0 0
19760 0.00417453 0 342.625 0.0627451 0.5 0 0
19770 0.00417453 0 342.625 0.0627451 0.5 0 0
19780 0.00416422 0 342.625 0.0588235 0.5 0 0
19790 0.00416422 0 342.625 0.0588235 0.5 0 0
19800 0.00411327 0 342.625 0.054902 0.5 0 0
19810 0.00411327 0 342.625 0.0509804 0.5 0 0
19820 0.00402862 0 342.625 0.0470588 0.5 0 0
19830 0.00402862 0 342.625 0.0509804 0.5 0 0
19840 0.00394081 0 342.625 0.0470588 0.5 0 0
19850 0.00394081 0 342.625 0.0470588 0.5 0 0
19860 0.00394341 0 342.625 0.0509804 0.5 0 0
19870 0.00394341 0 342.625 0.0509804 0.5 0 0
19880 0.00393578 0 342.625 0.054902 0.5 0 0
19890 0.00393578 0 342.625 0.054902 0.5 0 0
19900 0.00394307 0 342.625 0.0509804 0.5 0 0
19910 0.00394307 0 342.625 0.0470588 0.5 0 0
19920 0.0040486 0 342.625 0.0470588 0.5 0 0
19930 0.0040486 0 342.625 0.0509804 0.5 0 0
19940 0.00426699 0 342.625 0.0509804 0.5 0 0
19950 0.00426699 0 342.625 0.0509804 0.5 0 0
19960 0.00429523 0 342.625 0.0509804 0.5 0 0
19970 0.00429523 0 342.625 0.0509804 0.5 0 0
19980 0.00435201 0 342.625 0.0509804 0.5 0 0
19990 0.00435201 0 342.625 0.0509804 0.5 0 0
20000 0.00429523 0 342.625 0.0470588 0.5 0 0
20010 0.00429523 0 342.625 0.0470588 0.5 0 0
