0 0.0843088 0 0 0.5 0.5 0 0
10 0.0843088 0 0 0.709804 0.5 0 0
20 0.0844216 0.25 0.25 0.827451 0.5 0 0
30 0.0844216 0.25 0.25 0.827451 0.5 0 0
40 0.0862879 0.25 0.5 0.827451 0.5 0 0
50 0.0862879 0.25 0.5 0.843137 0.5 0 0
60 0.0868199 0.25 0.75 0.643137 0.5 0 0
70 0.0868199 0.25 0.75 0.827451 0.5 0 0
80 0.0877422 0.25 1 0.788235 0.5 0 0
90 0.0877422 0.25 1 0.843137 0.5 0 0
100 0.0884464 0.25 1.25 0.843137 0.5 0 0
110 0.0884464 0.25 1.25 0.831373 0.5 0 0
120 0.0888646 0.25 1.5 0.698039 0.5 0 0
130 0.0888646 0.25 1.5 0.717647 0.5 0 0
140 0.0890254 0.25 1.75 0.65098 0.5 0 0
150 0.0890254 0.25 1.75 0.772549 0.5 0 0
160 0.0890852 0.25 2 0.733333 0.5 0 0
170 0.0890852 0.25 2 0.839216 0.5 0 0
180 0.0898292 0.25 2.25 0.717647 0.5 0 0
190 0.0898292 0.25 2.25 0.839216 0.5 0 0
200 0.0902363 0.25 2.5 0.768627 0.5 0 0
210 0.0902363 0.25 2.5 0.717647 0.5 0 0
220 0.0902632 0 2.5 0.737255 0.5 0 0
230 0.0902632 0 2.5 0.843137 0.5 0 0
240 0.0899886 0 2.5 0.713725 0.5 0 0
250 0.0899886 0 2.5 0.827451 0.5 0 0
260 0.0899076 0 2.5 0.65098 0.5 0 0
270 0.0899076 0 2.5 0.698039 0.5 0 0
280 0.0899076 0 2.5 0.768627 0.5 0 0
290 0.0899076 0 2.5 0.737255 0.5 0 0
300 0.0899113 0 2.5 0.827451 0.5 0 0
310 0.0899113 0 2.5 0.827451 0.5 0 0
320 0.0901792 0.125 2.625 0.733333 0.5 0 0
330 0.0901792 0.125 2.625 0.701961 0.5 0 0
340 0.090202 0.125 2.75 0.764706 0.5 0 0
350 0.090202 0.125 2.75 0.713725 0.5 0 0
360 0.0905342 0.125 2.875 0.654902 0.5 0 0
370 0.0905342 0.125 2.875 0.709804 0.5 0 0
380 0.0906573 0.125 3 0.843137 0.5 0 0
390 0.0906573 0.125 3 0.670588 0.5 0 0
400 0.0907753 0.125 3.125 0.764706 0.5 0 0
410 0.0907753 0.125 3.125 0.756863 0.5 0 0
420 0.0904564 0.25 3.375 0.662745 0.5 0 0
430 0.0904564 0.25 3.375 0.839216 0.5 0 0
440 0.0902908 0.25 3.625 0.835294 0.5 0 0
450 0.0902908 0.25 3.625 0.772549 0.5 0 0
460 0.0903947 0.25 3.875 0.803922 0.5 0 0
470 0.0903947 0.25 3.875 0.839216 0.5 0 0
480 0.0904987 0.25 4.125 0.694118 0.5 0 0
490 0.0904987 0.25 4.125 0.823529 0.5 0 0
500 0.090601 0.25 4.375 0.74902 0.5 0 0
510 0.090601 0.25 4.375 0.87451 0.5 0 0
520 0.0907444 0 4.375 0.745098 0.5 0 0
530 0.0907444 0 4.375 0.705882 0.5 0 0
540 0.091129 0 4.375 0.760784 0.5 0 0
550 0.091129 0 4.375 0.756863 0.5 0 0
560 0.0915968 0 4.375 0.65098 0.5 0 0
570 0.0915968 0 4.375 0.807843 0.5 0 0
580 0.0920207 0 4.375 0.658824 0.5 0 0
590 0.0920207 0 4.375 0.6 0.5 0 0
600 0.0926782 0 4.375 0.564706 0.5 0 0
610 0.0926782 0 4.375 0.552941 0.5 0 0
620 0.0931597 0 4.375 0.556863 0.5 0 0
630 0.0931597 0 4.375 0.552941 0.5 0 0
640 0.0937607 0 4.375 0.572549 0.5 0 0
650 0.0937607 0 4.375 0.584314 0.5 0 0
660 0.0939264 0 4.375 0.584314 0.5 0 0
670 0.0939264 0 4.375 0.588235 0.5 0 0
680 0.0939545 0 4.375 0.576471 0.5 0 0
690 0.0939545 0 4.375 0.572549 0.5 0 0
700 0.0941495 0 4.375 0.541176 0.5 0 0
710 0.0941495 0 4.375 0.517647 0.5 0 0
720 0.0940799 0 4.375 0.501961 0.5 0 0
730 0.0940799 0 4.375 0.505882 0.5 0 0
740 0.0939827 0 4.375 0.505882 0.5 0 0
750 0.0939827 0 4.375 0.505882 0.5 0 0
760 0.0939794 0 4.375 0.501961 0.5 0 0
770 0.0939794 0 4.375 0.505882 0.5 0 0
780 0.0940625 0 4.375 0.505882 0.5 0 0
790 0.0940625 0 4.375 0.505882 0.5 0 0
800 0.0941119 0 4.375 0.501961 0.5 0 0
810 0.0941119 0 4.375 0.505882 0.5 0 0
820 0.0938187 0 4.375 0.505882 0.5 0 0
830 0.0938187 0 4.375 0.505882 0.5 0 0
840 0.093764 0 4.375 0.501961 0.5 0 0
850 0.093764 0 4.375 0.505882 0.5 0 0
860 0.0935942 0 4.375 0.505882 0.5 0 0
870 0.0935942 0 4.375 0.505882 0.5 0 0
880 0.0934343 0 4.375 0.505882 0.5 0 0
890 0.0934343 0 4.375 0.505882 0.5 0 0
900 0.093429 0 4.375 0.501961 0.5 0 0
910 0.093429 0 4.375 0.505882 0.5 0 0
920 0.093429 0 4.375 0.505882 0.5 0 0
930 0.093429 0 4.375 0.498039 0.5 0 0
940 0.0937723 0 4.375 0.498039 0.5 0 0
950 0.0937723 0 4.375 0.482353 0.5 0 0
960 0.094564 0 4.375 0.482353 0.5 0 0
970 0.094564 0 4.375 0.482353 0.5 0 0
980 0.0940204 0 4.375 0.482353 0.5 0 0
990 0.0940204 0 4.375 0.482353 0.5 0 0
1000 0.0936711 0 4.375 0.482353 0.5 0 0
1010 0.0936711 0 4.375 0.486275 0.5 0 0
1020 0.0937927 0 4.375 0.486275 0.5 0 0
1030 0.0937927 0 4.375 0.478431 0.5 0 0
1040 0.0942341 0 4.375 0.47451 0.5 0 0
1050 0.0942341 0 4.375 0.478431 0.5 0 0
1060 0.0944684 0 4.375 0.478431 0.5 0 0
1070 0.0944684 0 4.375 0.470588 0.5 0 0
1080 0.0948505 0 4.375 0.47451 0.5 0 0
1090 0.0948505 0 4.375 0.470588 0.5 0 0
1100 0.0950525 0 4.375 0.458824 0.5 0 0
1110 0.0950525 0 4.375 0.458824 0.5 0 0
1120 0.0956333 0 4.375 0.458824 0.5 0 0
1130 0.0956333 0 4.375 0.458824 0.5 0 0
1140 0.0957215 0 4.375 0.458824 0.5 0 0
1150 0.0957215 0 4.375 0.458824 0.5 0 0
1160 0.0957247 0 4.375 0.462745 0.5 0 0
1170 0.0957247 0 4.375 0.462745 0.5 0 0
1180 0.0959097 0 4.375 0.458824 0.5 0 0
1190 0.0959097 0 4.375 0.458824 0.5 0 0
1200 0.096165 0 4.375 0.458824 0.5 0 0
1210 0.096165 0 4.375 0.454902 0.5 0 0
1220 0.0961787 0 4.375 0.447059 0.5 0 0
1230 0.0961787 0 4.375 0.443137 0.5 0 0
1240 0.0961914 0 4.375 0.443137 0.5 0 0
1250 0.0961914 0 4.375 0.447059 0.5 0 0
1260 0.0963064 0 4.375 0.443137 0.5 0 0
1270 0.0963064 0 4.375 0.443137 0.5 0 0
1280 0.096151 0 4.375 0.443137 0.5 0 0
1290 0.096151 0 4.375 0.443137 0.5 0 0
1300 0.0965445 0 4.375 0.439216 0.5 0 0
1310 0.0965445 0 4.375 0.435294 0.5 0 0
1320 0.0963242 0 4.375 0.431373 0.5 0 0
1330 0.0963242 0 4.375 0.431373 0.5 0 0
1340 0.0961158 0 4.375 0.431373 0.5 0 0
1350 0.0961158 0 4.375 0.431373 0.5 0 0
1360 0.0960103 0 4.375 0.431373 0.5 0 0
1370 0.0960103 0 4.375 0.431373 0.5 0 0
1380 0.0960086 0 4.375 0.431373 0.5 0 0
1390 0.0960086 0 4.375 0.431373 0.5 0 0
1400 0.0958776 0 4.375 0.431373 0.5 0 0
1410 0.0958776 0 4.375 0.431373 0.5 0 0
1420 0.0957621 0 4.375 0.431373 0.5 0 0
1430 0.0957621 0 4.375 0.431373 0.5 0 0
1440 0.0957621 0 4.375 0.431373 0.5 0 0
1450 0.0957621 0 4.375 0.431373 0.5 0 0
1460 0.0957621 0 4.375 0.431373 0.5 0 0
1470 0.0957621 0 4.375 0.431373 0.5 0 0
1480 0.0957621 0 4.375 0.431373 0.5 0 0
1490 0.0957621 0 4.375 0.431373 0.5 0 0
1500 0.0957621 0 4.375 0.431373 0.5 0 0
1510 0.0957621 0 4.375 0.431373 0.5 0 0
1520 0.0958696 0 4.375 0.431373 0.5 0 0
1530 0.0958696 0 4.375 0.431373 0.5 0 0
1540 0.0965564 0 4.375 0.431373 0.5 0 0
1550 0.0965564 0 4.375 0.431373 0.5 0 0
1560 0.0970122 0 4.375 0.431373 0.5 0 0
1570 0.0970122 0 4.375 0.431373 0.5 0 0
1580 0.0976836 0 4.375 0.431373 0.5 0 0
1590 0.0976836 0 4.375 0.431373 0.5 0 0
1600 0.0983273 0 4.375 0.427451 0.5 0 0
1610 0.0983273 0 4.375 0.423529 0.5 0 0
1620 0.0984715 0 4.375 0.419608 0.5 0 0
1630 0.0984715 0 4.375 0.419608 0.5 0 0
1640 0.099285 0 4.375 0.415686 0.5 0 0
1650 0.099285 0 4.375 0.419608 0.5 0 0
1660 0.0994349 0 4.375 0.415686 0.5 0 0
1670 0.0994349 0 4.375 0.415686 0.5 0 0
1680 0.0998026 0 4.375 0.415686 0.5 0 0
1690 0.0998026 0 4.375 0.419608 0.5 0 0
1700 0.0997461 0 4.375 0.419608 0.5 0 0
1710 0.0997461 0 4.375 0.415686 0.5 0 0
1720 0.0996396 0 4.375 0.411765 0.5 0 0
1730 0.0996396 0 4.375 0.411765 0.5 0 0
1740 0.0989736 0 4.375 0.411765 0.5 0 0
1750 0.0989736 0 4.375 0.411765 0.5 0 0
1760 0.0986984 0 4.375 0.411765 0.5 0 0
1770 0.0986984 0 4.375 0.411765 0.5 0 0
1780 0.0984428 0 4.375 0.411765 0.5 0 0
1790 0.0984428 0 4.375 0.411765 0.5 0 0
1800 0.0981957 0 4.375 0.411765 0.5 0 0
1810 0.0981957 0 4.375 0.411765 0.5 0 0
1820 0.0980271 0 4.375 0.411765 0.5 0 0
1830 0.0980271 0 4.375 0.411765 0.5 0 0
1840 0.0976973 0 4.375 0.411765 0.5 0 0
1850 0.0976973 0 4.375 0.411765 0.5 0 0
1860 0.0983153 0 4.375 0.411765 0.5 0 0
1870 0.0983153 0 4.375 0.407843 0.5 0 0
1880 0.0988487 0 4.375 0.407843 0.5 0 0
1890 0.0988487 0 4.375 0.407843 0.5 0 0
1900 0.0990898 0 4.375 0.407843 0.5 0 0
1910 0.0990898 0 4.375 0.407843 0.5 0 0
1920 0.0989568 0 4.375 0.403922 0.5 0 0
1930 0.0989568 0 4.375 0.403922 0.5 0 0
1940 0.0988824 0 4.375 0.403922 0.5 0 0
1950 0.0988824 0 4.375 0.403922 0.5 0 0
1960 0.0986132 0 4.375 0.403922 0.5 0 0
1970 0.0986132 0 4.375 0.403922 0.5 0 0
1980 0.0985829 0 4.375 0.403922 0.5 0 0
1990 0.0985829 0 4.375 0.403922 0.5 0 0
2000 0.0986741 0 4.375 0.403922 0.5 0 0
2010 0.0986741 0 4.375 0.403922 0.5 0 0
2020 0.0985007 0 4.375 0.403922 0.5 0 0
2030 0.0985007 0 4.375 0.403922 0.5 0 0
2040 0.0983928 0 4.375 0.403922 0.5 0 0
2050 0.0983928 0 4.375 0.403922 0.5 0 0
2060 0.0982128 0 4.375 0.403922 0.5 0 0
2070 0.0982128 0 4.375 0.403922 0.5 0 0
2080 0.098007 0 4.375 0.403922 0.5 0 0
2090 0.098007 0 4.375 0.403922 0.5 0 0
2100 0.0979655 0 4.375 0.403922 0.5 0 0
2110 0.0979655 0 4.375 0.403922 0.5 0 0
2120 0.0978817 0 4.375 0.403922 0.5 0 0
2130 0.0978817 0 4.375 0.403922 0.5 0 0
2140 0.0978622 0 4.375 0.403922 0.5 0 0
2150 0.0978622 0 4.375 0.403922 0.5 0 0
2160 0.0978328 0 4.375 0.403922 0.5 0 0
2170 0.0978328 0 4.375 0.403922 0.5 0 0
2180 0.0978293 0 4.375 0.403922 0.5 0 0
2190 0.0978293 0 4.375 0.403922 0.5 0 0
2200 0.0978243 0 4.375 0.403922 0.5 0 0
2210 0.0978243 0 4.375 0.403922 0.5 0 0
2220 0.0978241 0 4.375 0.403922 0.5 0 0
2230 0.0978241 0 4.375 0.403922 0.5 0 0
2240 0.0978241 0 4.375 0.403922 0.5 0 0
2250 0.0978241 0 4.375 0.403922 0.5 0 0
2260 0.0978241 0 4.375 0.403922 0.5 0 0
2270 0.0978241 0 4.375 0.403922 0.5 0 0
2280 0.0978241 0 4.375 0.403922 0.5 0 0
2290 0.0978241 0 4.375 0.403922 0.5 0 0
2300 0.0979604 0 4.375 0.403922 0.5 0 0
2310 0.0979604 0 4.375 0.403922 0.5 0 0
2320 0.0979614 0 4.375 0.403922 0.5 0 0
2330 0.0979614 0 4.375 0.403922 0.5 0 0
2340 0.0979614 0 4.375 0.403922 0.5 0 0
2350 0.0979614 0 4.375 0.403922 0.5 0 0
2360 0.0979614 0 4.375 0.403922 0.5 0 0
2370 0.0979614 0 4.375 0.403922 0.5 0 0
2380 0.0979614 0 4.375 0.403922 0.5 0 0
2390 0.0979614 0 4.375 0.403922 0.5 0 0
2400 0.0979614 0 4.375 0.403922 0.5 0 0
2410 0.0979614 0 4.375 0.403922 0.5 0 0
2420 0.0983727 0 4.375 0.4 0.5 0 0
2430 0.0983727 0 4.375 0.403922 0.5 0 0
2440 0.0989363 0 4.375 0.403922 0.5 0 0
2450 0.0989363 0 4.375 0.4 0.5 0 0
2460 0.0993598 0 4.375 0.4 0.5 0 0
2470 0.0993598 0 4.375 0.396078 0.5 0 0
2480 0.0993674 0 4.375 0.396078 0.5 0 0
2490 0.0993674 0 4.375 0.396078 0.5 0 0
2500 0.0992684 0 4.375 0.396078 0.5 0 0
2510 0.0992684 0 4.375 0.396078 0.5 0 0
2520 0.0987776 0 4.375 0.396078 0.5 0 0
2530 0.0987776 0 4.375 0.396078 0.5 0 0
2540 0.0990958 0 4.375 0.396078 0.5 0 0
2550 0.0990958 0 4.375 0.396078 0.5 0 0
2560 0.0992218 0 4.375 0.396078 0.5 0 0
2570 0.0992218 0 4.375 0.396078 0.5 0 0
2580 0.0992964 0 4.375 0.396078 0.5 0 0
2590 0.0992964 0 4.375 0.392157 0.5 0 0
2600 0.0989193 0 4.375 0.392157 0.5 0 0
2610 0.0989193 0 4.375 0.392157 0.5 0 0
2620 0.0982672 0 4.375 0.388235 0.5 0 0
2630 0.0982672 0 4.375 0.388235 0.5 0 0
2640 0.0975601 0 4.375 0.388235 0.5 0 0
2650 0.0975601 0 4.375 0.388235 0.5 0 0
2660 0.0967223 0 4.375 0.388235 0.5 0 0
2670 0.0967223 0 4.375 0.388235 0.5 0 0
2680 0.0966206 0 4.375 0.392157 0.5 0 0
2690 0.0966206 0 4.375 0.392157 0.5 0 0
2700 0.0966523 0 4.375 0.388235 0.5 0 0
2710 0.0966523 0 4.375 0.388235 0.5 0 0
2720 0.0965941 0 4.375 0.388235 0.5 0 0
2730 0.0965941 0 4.375 0.388235 0.5 0 0
2740 0.0964511 0 4.375 0.392157 0.5 0 0
2750 0.0964511 0 4.375 0.392157 0.5 0 0
2760 0.096545 0 4.375 0.392157 0.5 0 0
2770 0.096545 0 4.375 0.388235 0.5 0 0
2780 0.0970549 0 4.375 0.388235 0.5 0 0
2790 0.0970549 0 4.375 0.388235 0.5 0 0
2800 0.0982209 0 4.375 0.392157 0.5 0 0
2810 0.0982209 0 4.375 0.392157 0.5 0 0
2820 0.0986336 0 4.375 0.396078 0.5 0 0
2830 0.0986336 0 4.375 0.392157 0.5 0 0
2840 0.0986346 0 4.375 0.392157 0.5 0 0
2850 0.0986346 0 4.375 0.392157 0.5 0 0
2860 0.0986352 0 4.375 0.396078 0.5 0 0
2870 0.0986352 0 4.375 0.388235 0.5 0 0
2880 0.098178 0 4.375 0.384314 0.5 0 0
2890 0.098178 0 4.375 0.384314 0.5 0 0
2900 0.0973422 0 4.375 0.384314 0.5 0 0
2910 0.0973422 0 4.375 0.384314 0.5 0 0
2920 0.0970376 0 4.375 0.384314 0.5 0 0
2930 0.0970376 0 4.375 0.384314 0.5 0 0
2940 0.0978311 0 4.375 0.384314 0.5 0 0
2950 0.0978311 0 4.375 0.384314 0.5 0 0
2960 0.0980432 0 4.375 0.384314 0.5 0 0
2970 0.0980432 0 4.375 0.384314 0.5 0 0
2980 0.0971896 0 4.375 0.380392 0.5 0 0
2990 0.0971896 0 4.375 0.380392 0.5 0 0
3000 0.0967023 0 4.375 0.380392 0.5 0 0
3010 0.0967023 0 4.375 0.380392 0.5 0 0
3020 0.0970406 0 4.375 0.384314 0.5 0 0
3030 0.0970406 0 4.375 0.384314 0.5 0 0
3040 0.0970822 0 4.375 0.384314 0.5 0 0
3050 0.0970822 0 4.375 0.384314 0.5 0 0
3060 0.097281 0 4.375 0.384314 0.5 0 0
3070 0.097281 0 4.375 0.384314 0.5 0 0
3080 0.0975948 0 4.375 0.384314 0.5 0 0
3090 0.0975948 0 4.375 0.380392 0.5 0 0
3100 0.0973548 0 4.375 0.380392 0.5 0 0
3110 0.0973548 0 4.375 0.380392 0.5 0 0
3120 0.0966686 0 4.375 0.380392 0.5 0 0
3130 0.0966686 0 4.375 0.376471 0.5 0 0
3140 0.096685 0 4.375 0.376471 0.5 0 0
3150 0.096685 0 4.375 0.380392 0.5 0 0
3160 0.0962688 0 4.375 0.380392 0.5 0 0
3170 0.0962688 0 4.375 0.380392 0.5 0 0
3180 0.0962675 0 4.375 0.380392 0.5 0 0
3190 0.0962675 0 4.375 0.376471 0.5 0 0
3200 0.0965917 0 4.375 0.376471 0.5 0 0
3210 0.0965917 0 4.375 0.376471 0.5 0 0
3220 0.097782 0 4.375 0.376471 0.5 0 0
3230 0.097782 0 4.375 0.380392 0.5 0 0
3240 0.0986964 0 4.375 0.380392 0.5 0 0
3250 0.0986964 0 4.375 0.380392 0.5 0 0
3260 0.0989244 0 4.375 0.380392 0.5 0 0
3270 0.0989244 0 4.375 0.380392 0.5 0 0
3280 0.0990052 0 4.375 0.380392 0.5 0 0
3290 0.0990052 0 4.375 0.380392 0.5 0 0
3300 0.0989841 0 4.375 0.380392 0.5 0 0
3310 0.0989841 0 4.375 0.380392 0.5 0 0
3320 0.0992249 0 4.375 0.376471 0.5 0 0
3330 0.0992249 0 4.375 0.376471 0.5 0 0
3340 0.0995028 0 4.375 0.376471 0.5 0 0
3350 0.0995028 0 4.375 0.372549 0.5 0 0
3360 0.0991834 0 4.375 0.372549 0.5 0 0
3370 0.0991834 0 4.375 0.376471 0.5 0 0
3380 0.0986831 0 4.375 0.376471 0.5 0 0
3390 0.0986831 0 4.375 0.376471 0.5 0 0
3400 0.0980274 0 4.375 0.376471 0.5 0 0
3410 0.0980274 0 4.375 0.376471 0.5 0 0
3420 0.0974561 0 4.375 0.380392 0.5 0 0
3430 0.0974561 0 4.375 0.372549 0.5 0 0
3440 0.0964828 0 4.375 0.372549 0.5 0 0
3450 0.0964828 0 4.375 0.368627 0.5 0 0
3460 0.0952289 0 4.375 0.364706 0.5 0 0
3470 0.0952289 0 4.375 0.364706 0.5 0 0
3480 0.0950608 0 4.375 0.368627 0.5 0 0
3490 0.0950608 0 4.375 0.372549 0.5 0 0
3500 0.0952855 0 4.375 0.372549 0.5 0 0
3510 0.0952855 0 4.375 0.376471 0.5 0 0
3520 0.0952335 0 4.375 0.372549 0.5 0 0
3530 0.0952335 0 4.375 0.376471 0.5 0 0
3540 0.0950855 0 4.375 0.372549 0.5 0 0
3550 0.0950855 0 4.375 0.372549 0.5 0 0
3560 0.0950851 0 4.375 0.376471 0.5 0 0
3570 0.0950851 0 4.375 0.372549 0.5 0 0
3580 0.0946054 0 4.375 0.372549 0.5 0 0
3590 0.0946054 0 4.375 0.364706 0.5 0 0
3600 0.0929506 0 4.375 0.364706 0.5 0 0
3610 0.0929506 0 4.375 0.364706 0.5 0 0
3620 0.0918062 0 4.375 0.364706 0.5 0 0
3630 0.0918062 0 4.375 0.364706 0.5 0 0
3640 0.09172 0 4.375 0.364706 0.5 0 0
3650 0.09172 0 4.375 0.364706 0.5 0 0
3660 0.0915694 0 4.375 0.368627 0.5 0 0
3670 0.0915694 0 4.375 0.368627 0.5 0 0
3680 0.0915153 0 4.375 0.364706 0.5 0 0
3690 0.0915153 0 4.375 0.364706 0.5 0 0
3700 0.0915153 0 4.375 0.364706 0.5 0 0
3710 0.0915153 0 4.375 0.364706 0.5 0 0
3720 0.0915094 0 4.375 0.364706 0.5 0 0
3730 0.0915094 0 4.375 0.364706 0.5 0 0
3740 0.0914473 0 4.375 0.364706 0.5 0 0
3750 0.0914473 0 4.375 0.364706 0.5 0 0
3760 0.0914379 0 4.375 0.364706 0.5 0 0
3770 0.0914379 0 4.375 0.368627 0.5 0 0
3780 0.0914379 0 4.375 0.364706 0.5 0 0
3790 0.0914379 0 4.375 0.364706 0.5 0 0
3800 0.0914349 0 4.375 0.364706 0.5 0 0
3810 0.0914349 0 4.375 0.368627 0.5 0 0
3820 0.0914347 0 4.375 0.364706 0.5 0 0
3830 0.0914347 0 4.375 0.364706 0.5 0 0
3840 0.0914347 0 4.375 0.364706 0.5 0 0
3850 0.0914347 0 4.375 0.364706 0.5 0 0
3860 0.0914347 0 4.375 0.368627 0.5 0 0
3870 0.0914347 0 4.375 0.368627 0.5 0 0
3880 0.0914347 0 4.375 0.364706 0.5 0 0
3890 0.0914347 0 4.375 0.368627 0.5 0 0
3900 0.0914347 0 4.375 0.368627 0.5 0 0
3910 0.0914347 0 4.375 0.364706 0.5 0 0
3920 0.0918879 0 4.375 0.364706 0.5 0 0
3930 0.0918879 0 4.375 0.364706 0.5 0 0
3940 0.0924273 0 4.375 0.360784 0.5 0 0
3950 0.0924273 0 4.375 0.360784 0.5 0 0
3960 0.0941215 0 4.375 0.364706 0.5 0 0
3970 0.0941215 0 4.375 0.364706 0.5 0 0
3980 0.0953135 0 4.375 0.364706 0.5 0 0
3990 0.0953135 0 4.375 0.364706 0.5 0 0
4000 0.095514 0 4.375 0.364706 0.5 0 0
4010 0.095514 0 4.375 0.364706 0.5 0 0
4020 0.095514 0 4.375 0.364706 0.5 0 0
4030 0.095514 0 4.375 0.364706 0.5 0 0
4040 0.095608 0 4.375 0.364706 0.5 0 0
4050 0.095608 0 4.375 0.364706 0.5 0 0
4060 0.0955399 0 4.375 0.364706 0.5 0 0
4070 0.0955399 0 4.375 0.364706 0.5 0 0
4080 0.0952396 0 4.375 0.364706 0.5 0 0
4090 0.0952396 0 4.375 0.364706 0.5 0 0
4100 0.0949627 0 4.375 0.360784 0.5 0 0
4110 0.0949627 0 4.375 0.356863 0.5 0 0
4120 0.0936346 0 4.375 0.356863 0.5 0 0
4130 0.0936346 0 4.375 0.356863 0.5 0 0
4140 0.0924679 0 4.375 0.356863 0.5 0 0
4150 0.0924679 0 4.375 0.356863 0.5 0 0
4160 0.0922128 0 4.375 0.356863 0.5 0 0
4170 0.0922128 0 4.375 0.356863 0.5 0 0
4180 0.0918465 0 4.375 0.356863 0.5 0 0
4190 0.0918465 0 4.375 0.356863 0.5 0 0
4200 0.0905311 0 4.375 0.356863 0.5 0 0
4210 0.0905311 0 4.375 0.356863 0.5 0 0
4220 0.0895814 0 4.375 0.356863 0.5 0 0
4230 0.0895814 0 4.375 0.356863 0.5 0 0
4240 0.0890662 0 4.375 0.356863 0.5 0 0
4250 0.0890662 0 4.375 0.356863 0.5 0 0
4260 0.0890114 0 4.375 0.356863 0.5 0 0
4270 0.0890114 0 4.375 0.356863 0.5 0 0
4280 0.0889379 0 4.375 0.356863 0.5 0 0
4290 0.0889379 0 4.375 0.356863 0.5 0 0
4300 0.0891088 0 4.375 0.356863 0.5 0 0
4310 0.0891088 0 4.375 0.356863 0.5 0 0
4320 0.0896138 0 4.375 0.356863 0.5 0 0
4330 0.0896138 0 4.375 0.356863 0.5 0 0
4340 0.0902055 0 4.375 0.352941 0.5 0 0
4350 0.0902055 0 4.375 0.352941 0.5 0 0
4360 0.0904441 0 4.375 0.352941 0.5 0 0
4370 0.0904441 0 4.375 0.352941 0.5 0 0
4380 0.0907664 0 4.375 0.352941 0.5 0 0
4390 0.0907664 0 4.375 0.352941 0.5 0 0
4400 0.0908115 0 4.375 0.352941 0.5 0 0
4410 0.0908115 0 4.375 0.34902 0.5 0 0
4420 0.0903675 0 4.375 0.34902 0.5 0 0
4430 0.0903675 0 4.375 0.34902 0.5 0 0
4440 0.0895897 0 4.375 0.34902 0.5 0 0
4450 0.0895897 0 4.375 0.34902 0.5 0 0
4460 0.0890695 0 4.375 0.352941 0.5 0 0
4470 0.0890695 0 4.375 0.352941 0.5 0 0
4480 0.0900414 0 4.375 0.352941 0.5 0 0
4490 0.0900414 0 4.375 0.352941 0.5 0 0
4500 0.0906761 0 4.375 0.34902 0.5 0 0
4510 0.0906761 0 4.375 0.356863 0.5 0 0
4520 0.0902484 0 4.375 0.34902 0.5 0 0
4530 0.0902484 0 4.375 0.34902 0.5 0 0
4540 0.0894193 0 4.375 0.345098 0.5 0 0
4550 0.0894193 0 4.375 0.34902 0.5 0 0
4560 0.0881528 0 4.375 0.34902 0.5 0 0
4570 0.0881528 0 4.375 0.34902 0.5 0 0
4580 0.0879581 0 4.375 0.34902 0.5 0 0
4590 0.0879581 0 4.375 0.34902 0.5 0 0
4600 0.0880253 0 4.375 0.352941 0.5 0 0
4610 0.0880253 0 4.375 0.352941 0.5 0 0
4620 0.0877961 0 4.375 0.34902 0.5 0 0
4630 0.0877961 0 4.375 0.34902 0.5 0 0
4640 0.0871123 0 4.375 0.34902 0.5 0 0
4650 0.0871123 0 4.375 0.345098 0.5 0 0
4660 0.0858665 0 4.375 0.345098 0.5 0 0
4670 0.0858665 0 4.375 0.34902 0.5 0 0
4680 0.0855903 0 4.375 0.345098 0.5 0 0
4690 0.0855903 0 4.375 0.34902 0.5 0 0
4700 0.0852605 0 4.375 0.34902 0.5 0 0
4710 0.0852605 0 4.375 0.34902 0.5 0 0
4720 0.0852389 0 4.375 0.34902 0.5 0 0
4730 0.0852389 0 4.375 0.34902 0.5 0 0
4740 0.0848993 0 4.375 0.345098 0.5 0 0
4750 0.0848993 0 4.375 0.345098 0.5 0 0
4760 0.084988 0 4.375 0.345098 0.5 0 0
4770 0.084988 0 4.375 0.345098 0.5 0 0
4780 0.0854413 0 4.375 0.345098 0.5 0 0
4790 0.0854413 0 4.375 0.345098 0.5 0 0
4800 0.0854817 0 4.375 0.341176 0.5 0 0
4810 0.0854817 0 4.375 0.341176 0.5 0 0
4820 0.0852413 0 4.375 0.341176 0.5 0 0
4830 0.0852413 0 4.375 0.341176 0.5 0 0
4840 0.0844543 0 4.375 0.337255 0.5 0 0
4850 0.0844543 0 4.375 0.333333 0.5 0 0
4860 0.0829171 0 4.375 0.341176 0.5 0 0
4870 0.0829171 0 4.375 0.345098 0.5 0 0
4880 0.0830899 0 4.375 0.345098 0.5 0 0
4890 0.0830899 0 4.375 0.345098 0.5 0 0
4900 0.0833115 0 4.375 0.34902 0.5 0 0
4910 0.0833115 0 4.375 0.345098 0.5 0 0
4920 0.0839384 0 4.375 0.345098 0.5 0 0
4930 0.0839384 0 4.375 0.345098 0.5 0 0
4940 0.0844861 0 4.375 0.345098 0.5 0 0
4950 0.0844861 0 4.375 0.345098 0.5 0 0
4960 0.0846777 0 4.375 0.345098 0.5 0 0
4970 0.0846777 0 4.375 0.34902 0.5 0 0
4980 0.0842079 0 4.375 0.345098 0.5 0 0
4990 0.0842079 0 4.375 0.34902 0.5 0 0
5000 0.0841564 0 4.375 0.34902 0.5 0 0
5010 0.0841564 0 4.375 0.345098 0.5 0 0
5020 0.083977 0 4.375 0.345098 0.5 0 0
5030 0.083977 0 4.375 0.341176 0.5 0 0
5040 0.0832751 0 4.375 0.341176 0.5 0 0
5050 0.0832751 0 4.375 0.337255 0.5 0 0
5060 0.0814068 0 4.375 0.333333 0.5 0 0
5070 0.0814068 0 4.375 0.337255 0.5 0 0
5080 0.0808236 0 4.375 0.337255 0.5 0 0
5090 0.0808236 0 4.375 0.337255 0.5 0 0
5100 0.0808143 0 4.375 0.337255 0.5 0 0
5110 0.0808143 0 4.375 0.337255 0.5 0 0
5120 0.0808143 0 4.375 0.337255 0.5 0 0
5130 0.0808143 0 4.375 0.337255 0.5 0 0
5140 0.0804633 0 4.375 0.337255 0.5 0 0
5150 0.0804633 0 4.375 0.337255 0.5 0 0
5160 0.0800788 0 4.375 0.337255 0.5 0 0
5170 0.0800788 0 4.375 0.337255 0.5 0 0
5180 0.0800507 0 4.375 0.337255 0.5 0 0
5190 0.0800507 0 4.375 0.337255 0.5 0 0
5200 0.0800507 0 4.375 0.337255 0.5 0 0
5210 0.0800507 0 4.375 0.337255 0.5 0 0
5220 0.0800507 0 4.375 0.337255 0.5 0 0
5230 0.0800507 0 4.375 0.337255 0.5 0 0
5240 0.0800507 0 4.375 0.337255 0.5 0 0
5250 0.0800507 0 4.375 0.337255 0.5 0 0
5260 0.0800507 0 4.375 0.337255 0.5 0 0
5270 0.0800507 0 4.375 0.337255 0.5 0 0
5280 0.0800507 0 4.375 0.337255 0.5 0 0
5290 0.0800507 0 4.375 0.337255 0.5 0 0
5300 0.0800507 0 4.375 0.337255 0.5 0 0
5310 0.0800507 0 4.375 0.337255 0.5 0 0
5320 0.0800914 0 4.375 0.337255 0.5 0 0
5330 0.0800914 0 4.375 0.337255 0.5 0 0
5340 0.0803774 0 4.375 0.337255 0.5 0 0
5350 0.0803774 0 4.375 0.337255 0.5 0 0
5360 0.0811155 0 4.375 0.337255 0.5 0 0
5370 0.0811155 0 4.375 0.337255 0.5 0 0
5380 0.0819176 0 4.375 0.337255 0.5 0 0
5390 0.0819176 0 4.375 0.341176 0.5 0 0
5400 0.082569 0 4.375 0.341176 0.5 0 0
5410 0.082569 0 4.375 0.337255 0.5 0 0
5420 0.0832805 0 4.375 0.337255 0.5 0 0
5430 0.0832805 0 4.375 0.341176 0.5 0 0
5440 0.0838153 0 4.375 0.341176 0.5 0 0
5450 0.0838153 0 4.375 0.341176 0.5 0 0
5460 0.0839786 0 4.375 0.341176 0.5 0 0
5470 0.0839786 0 4.375 0.345098 0.5 0 0
5480 0.0840431 0 4.375 0.345098 0.5 0 0
5490 0.0840431 0 4.375 0.345098 0.5 0 0
5500 0.083879 0 4.375 0.345098 0.5 0 0
5510 0.083879 0 4.375 0.345098 0.5 0 0
5520 0.0834146 0 4.375 0.341176 0.5 0 0
5530 0.0834146 0 4.375 0.337255 0.5 0 0
5540 0.0822578 0 4.375 0.337255 0.5 0 0
5550 0.0822578 0 4.375 0.333333 0.5 0 0
5560 0.0811114 0 4.375 0.333333 0.5 0 0
5570 0.0811114 0 4.375 0.337255 0.5 0 0
5580 0.0800565 0 4.375 0.341176 0.5 0 0
5590 0.0800565 0 4.375 0.34902 0.5 0 0
5600 0.0798652 0 4.375 0.356863 0.5 0 0
5610 0.0798652 0 4.375 0.352941 0.5 0 0
5620 0.0795688 0 4.375 0.34902 0.5 0 0
5630 0.0795688 0 4.375 0.333333 0.5 0 0
5640 0.0786718 0 4.375 0.333333 0.5 0 0
5650 0.0786718 0 4.375 0.333333 0.5 0 0
5660 0.077776 0 4.375 0.333333 0.5 0 0
5670 0.077776 0 4.375 0.337255 0.5 0 0
5680 0.0767142 0 4.375 0.333333 0.5 0 0
5690 0.0767142 0 4.375 0.333333 0.5 0 0
5700 0.0771136 0 4.375 0.333333 0.5 0 0
5710 0.0771136 0 4.375 0.329412 0.5 0 0
5720 0.0773937 0 4.375 0.329412 0.5 0 0
5730 0.0773937 0 4.375 0.329412 0.5 0 0
5740 0.0783096 0 4.375 0.333333 0.5 0 0
5750 0.0783096 0 4.375 0.337255 0.5 0 0
5760 0.0789569 0 4.375 0.341176 0.5 0 0
5770 0.0789569 0 4.375 0.341176 0.5 0 0
5780 0.0789581 0 4.375 0.341176 0.5 0 0
5790 0.0789581 0 4.375 0.341176 0.5 0 0
5800 0.0789286 0 4.375 0.341176 0.5 0 0
5810 0.0789286 0 4.375 0.341176 0.5 0 0
5820 0.0779673 0 4.375 0.337255 0.5 0 0
5830 0.0779673 0 4.375 0.329412 0.5 0 0
5840 0.0766607 0 4.375 0.32549 0.5 0 0
5850 0.0766607 0 4.375 0.32549 0.5 0 0
5860 0.0773483 0 4.375 0.32549 0.5 0 0
5870 0.0773483 0 4.375 0.329412 0.5 0 0
5880 0.078346 0 4.375 0.329412 0.5 0 0
5890 0.078346 0 4.375 0.329412 0.5 0 0
5900 0.07791 0 4.375 0.32549 0.5 0 0
5910 0.07791 0 4.375 0.321569 0.5 0 0
5920 0.0763312 0 4.375 0.321569 0.5 0 0
5930 0.0763312 0 4.375 0.317647 0.5 0 0
5940 0.0746206 0.25 4.625 0.317647 0.5 0 0
5950 0.0746206 0.25 4.625 0.317647 0.5 0 0
5960 0.0741169 0.25 4.875 0.317647 0.5 0 0
5970 0.0741169 0.25 4.875 0.317647 0.5 0 0
5980 0.0737572 0.25 5.125 0.317647 0.5 0 0
5990 0.0737572 0.25 5.125 0.317647 0.5 0 0
6000 0.0734795 0.25 5.375 0.317647 0.5 0 0
6010 0.0734795 0.25 5.375 0.317647 0.5 0 0
6020 0.0733734 0.25 5.625 0.317647 0.5 0 0
6030 0.0733734 0.25 5.625 0.317647 0.5 0 0
6040 0.073655 0.25 5.875 0.313725 0.5 0 0
6050 0.073655 0.25 5.875 0.317647 0.5 0 0
6060 0.0745872 0 5.875 0.32549 0.5 0 0
6070 0.0745872 0 5.875 0.321569 0.5 0 0
6080 0.0749312 0 5.875 0.32549 0.5 0 0
6090 0.0749312 0 5.875 0.321569 0.5 0 0
6100 0.0756407 0 5.875 0.32549 0.5 0 0
6110 0.0756407 0 5.875 0.321569 0.5 0 0
6120 0.0757358 0 5.875 0.32549 0.5 0 0
6130 0.0757358 0 5.875 0.321569 0.5 0 0
6140 0.0753866 0 5.875 0.32549 0.5 0 0
6150 0.0753866 0 5.875 0.329412 0.5 0 0
6160 0.0751456 0 5.875 0.329412 0.5 0 0
6170 0.0751456 0 5.875 0.329412 0.5 0 0
6180 0.075038 0 5.875 0.329412 0.5 0 0
6190 0.075038 0 5.875 0.32549 0.5 0 0
6200 0.0748187 0 5.875 0.329412 0.5 0 0
6210 0.0748187 0 5.875 0.32549 0.5 0 0
6220 0.0738709 0 5.875 0.321569 0.5 0 0
6230 0.0738709 0 5.875 0.313725 0.5 0 0
6240 0.0727647 0 5.875 0.309804 0.5 0 0
6250 0.0727647 0 5.875 0.309804 0.5 0 0
6260 0.0729674 0 5.875 0.321569 0.5 0 0
6270 0.0729674 0 5.875 0.32549 0.5 0 0
6280 0.0727919 0 5.875 0.32549 0.5 0 0
6290 0.0727919 0 5.875 0.321569 0.5 0 0
6300 0.0726791 0 5.875 0.317647 0.5 0 0
6310 0.0726791 0 5.875 0.309804 0.5 0 0
6320 0.0712988 0 5.875 0.309804 0.5 0 0
6330 0.0712988 0 5.875 0.309804 0.5 0 0
6340 0.0704679 0 5.875 0.305882 0.5 0 0
6350 0.0704679 0 5.875 0.305882 0.5 0 0
6360 0.0698324 0.25 6.125 0.301961 0.5 0 0
6370 0.0698324 0.25 6.125 0.305882 0.5 0 0
6380 0.069137 0.25 6.375 0.305882 0.5 0 0
6390 0.069137 0.25 6.375 0.305882 0.5 0 0
6400 0.0688303 0.25 6.625 0.305882 0.5 0 0
6410 0.0688303 0.25 6.625 0.305882 0.5 0 0
6420 0.0688035 0.25 6.875 0.305882 0.5 0 0
6430 0.0688035 0.25 6.875 0.305882 0.5 0 0
6440 0.0687767 0.25 7.125 0.305882 0.5 0 0
6450 0.0687767 0.25 7.125 0.305882 0.5 0 0
6460 0.06867 0.25 7.375 0.305882 0.5 0 0
6470 0.06867 0.25 7.375 0.305882 0.5 0 0
6480 0.0685328 0.25 7.625 0.309804 0.5 0 0
6490 0.0685328 0.25 7.625 0.305882 0.5 0 0
6500 0.0684797 0.25 7.875 0.305882 0.5 0 0
6510 0.0684797 0.25 7.875 0.309804 0.5 0 0
6520 0.0679321 0 7.875 0.305882 0.5 0 0
6530 0.0679321 0 7.875 0.309804 0.5 0 0
6540 0.0676673 0 7.875 0.309804 0.5 0 0
6550 0.0676673 0 7.875 0.309804 0.5 0 0
6560 0.0676671 0 7.875 0.309804 0.5 0 0
6570 0.0676671 0 7.875 0.309804 0.5 0 0
6580 0.0676671 0 7.875 0.309804 0.5 0 0
6590 0.0676671 0 7.875 0.309804 0.5 0 0
6600 0.0672249 0 7.875 0.309804 0.5 0 0
6610 0.0672249 0 7.875 0.309804 0.5 0 0
6620 0.0671592 0 7.875 0.309804 0.5 0 0
6630 0.0671592 0 7.875 0.309804 0.5 0 0
6640 0.0671592 0 7.875 0.313725 0.5 0 0
6650 0.0671592 0 7.875 0.309804 0.5 0 0
6660 0.0671592 0 7.875 0.309804 0.5 0 0
6670 0.0671592 0 7.875 0.313725 0.5 0 0
6680 0.067337 0 7.875 0.309804 0.5 0 0
6690 0.067337 0 7.875 0.309804 0.5 0 0
6700 0.0686351 0 7.875 0.313725 0.5 0 0
6710 0.0686351 0 7.875 0.317647 0.5 0 0
6720 0.0694938 0 7.875 0.317647 0.5 0 0
6730 0.0694938 0 7.875 0.317647 0.5 0 0
6740 0.0699708 0 7.875 0.313725 0.5 0 0
6750 0.0699708 0 7.875 0.313725 0.5 0 0
6760 0.0707493 0 7.875 0.313725 0.5 0 0
6770 0.0707493 0 7.875 0.313725 0.5 0 0
6780 0.0712989 0 7.875 0.313725 0.5 0 0
6790 0.0712989 0 7.875 0.313725 0.5 0 0
6800 0.0719029 0 7.875 0.313725 0.5 0 0
6810 0.0719029 0 7.875 0.317647 0.5 0 0
6820 0.0724671 0 7.875 0.321569 0.5 0 0
6830 0.0724671 0 7.875 0.321569 0.5 0 0
6840 0.0725365 0 7.875 0.321569 0.5 0 0
6850 0.0725365 0 7.875 0.32549 0.5 0 0
6860 0.0724859 0 7.875 0.321569 0.5 0 0
6870 0.0724859 0 7.875 0.321569 0.5 0 0
6880 0.0717255 0 7.875 0.317647 0.5 0 0
6890 0.0717255 0 7.875 0.305882 0.5 0 0
6900 0.0705772 0 7.875 0.309804 0.5 0 0
6910 0.0705772 0 7.875 0.305882 0.5 0 0
6920 0.0702038 0 7.875 0.309804 0.5 0 0
6930 0.0702038 0 7.875 0.305882 0.5 0 0
6940 0.0700066 0 7.875 0.309804 0.5 0 0
6950 0.0700066 0 7.875 0.309804 0.5 0 0
6960 0.0698744 0 7.875 0.309804 0.5 0 0
6970 0.0698744 0 7.875 0.301961 0.5 0 0
6980 0.0685431 0 7.875 0.301961 0.5 0 0
6990 0.0685431 0 7.875 0.301961 0.5 0 0
7000 0.0688051 0 7.875 0.305882 0.5 0 0
7010 0.0688051 0 7.875 0.305882 0.5 0 0
7020 0.0685792 0 7.875 0.305882 0.5 0 0
7030 0.0685792 0 7.875 0.305882 0.5 0 0
7040 0.0679737 0 7.875 0.305882 0.5 0 0
7050 0.0679737 0 7.875 0.305882 0.5 0 0
7060 0.0681818 0 7.875 0.309804 0.5 0 0
7070 0.0681818 0 7.875 0.305882 0.5 0 0
7080 0.0679512 0 7.875 0.309804 0.5 0 0
7090 0.0679512 0 7.875 0.309804 0.5 0 0
7100 0.0678783 0 7.875 0.305882 0.5 0 0
7110 0.0678783 0 7.875 0.301961 0.5 0 0
7120 0.0667566 0 7.875 0.290196 0.5 0 0
7130 0.0667566 0 7.875 0.301961 0.5 0 0
7140 0.0659453 0 7.875 0.305882 0.5 0 0
7150 0.0659453 0 7.875 0.309804 0.5 0 0
7160 0.0659026 0 7.875 0.305882 0.5 0 0
7170 0.0659026 0 7.875 0.305882 0.5 0 0
7180 0.0663594 0 7.875 0.305882 0.5 0 0
7190 0.0663594 0 7.875 0.305882 0.5 0 0
7200 0.0664581 0 7.875 0.305882 0.5 0 0
7210 0.0664581 0 7.875 0.301961 0.5 0 0
7220 0.0661337 0 7.875 0.301961 0.5 0 0
7230 0.0661337 0 7.875 0.301961 0.5 0 0
7240 0.0664343 0 7.875 0.305882 0.5 0 0
7250 0.0664343 0 7.875 0.309804 0.5 0 0
7260 0.0667298 0 7.875 0.309804 0.5 0 0
7270 0.0667298 0 7.875 0.305882 0.5 0 0
7280 0.066746 0 7.875 0.309804 0.5 0 0
7290 0.066746 0 7.875 0.309804 0.5 0 0
7300 0.066746 0 7.875 0.309804 0.5 0 0
7310 0.066746 0 7.875 0.309804 0.5 0 0
7320 0.0663307 0 7.875 0.305882 0.5 0 0
7330 0.0663307 0 7.875 0.298039 0.5 0 0
7340 0.0648223 0 7.875 0.294118 0.5 0 0
7350 0.0648223 0 7.875 0.290196 0.5 0 0
7360 0.0642664 0 7.875 0.290196 0.5 0 0
7370 0.0642664 0 7.875 0.294118 0.5 0 0
7380 0.0648118 0 7.875 0.294118 0.5 0 0
7390 0.0648118 0 7.875 0.290196 0.5 0 0
7400 0.0649473 0 7.875 0.290196 0.5 0 0
7410 0.0649473 0 7.875 0.286275 0.5 0 0
7420 0.0644568 0 7.875 0.286275 0.5 0 0
7430 0.0644568 0 7.875 0.282353 0.5 0 0
7440 0.0645939 0 7.875 0.282353 0.5 0 0
7450 0.0645939 0 7.875 0.286275 0.5 0 0
7460 0.0626503 0 7.875 0.27451 0.5 0 0
7470 0.0626503 0 7.875 0.282353 0.5 0 0
7480 0.0613244 0 7.875 0.282353 0.5 0 0
7490 0.0613244 0 7.875 0.278431 0.5 0 0
7500 0.0608324 0 7.875 0.282353 0.5 0 0
7510 0.0608324 0 7.875 0.282353 0.5 0 0
7520 0.0608236 0 7.875 0.282353 0.5 0 0
7530 0.0608236 0 7.875 0.282353 0.5 0 0
7540 0.0608236 0 7.875 0.282353 0.5 0 0
7550 0.0608236 0 7.875 0.282353 0.5 0 0
7560 0.06081 0 7.875 0.282353 0.5 0 0
7570 0.06081 0 7.875 0.282353 0.5 0 0
7580 0.0611979 0 7.875 0.286275 0.5 0 0
7590 0.0611979 0 7.875 0.286275 0.5 0 0
7600 0.0622615 0 7.875 0.286275 0.5 0 0
7610 0.0622615 0 7.875 0.286275 0.5 0 0
7620 0.0628767 0 7.875 0.286275 0.5 0 0
7630 0.0628767 0 7.875 0.286275 0.5 0 0
7640 0.0633124 0 7.875 0.286275 0.5 0 0
7650 0.0633124 0 7.875 0.290196 0.5 0 0
7660 0.0634628 0 7.875 0.294118 0.5 0 0
7670 0.0634628 0 7.875 0.290196 0.5 0 0
7680 0.0634562 0 7.875 0.290196 0.5 0 0
7690 0.0634562 0 7.875 0.286275 0.5 0 0
7700 0.0630521 0 7.875 0.290196 0.5 0 0
7710 0.0630521 0 7.875 0.294118 0.5 0 0
7720 0.0622083 0 7.875 0.290196 0.5 0 0
7730 0.0622083 0 7.875 0.298039 0.5 0 0
7740 0.0621144 0 7.875 0.298039 0.5 0 0
7750 0.0621144 0 7.875 0.298039 0.5 0 0
7760 0.0617373 0 7.875 0.298039 0.5 0 0
7770 0.0617373 0 7.875 0.278431 0.5 0 0
7780 0.0603927 0 7.875 0.266667 0.5 0 0
7790 0.0603927 0 7.875 0.266667 0.5 0 0
7800 0.0588752 0 7.875 0.27451 0.5 0 0
7810 0.0588752 0 7.875 0.27451 0.5 0 0
7820 0.0583313 0 7.875 0.278431 0.5 0 0
7830 0.0583313 0 7.875 0.282353 0.5 0 0
7840 0.0582153 0 7.875 0.278431 0.5 0 0
7850 0.0582153 0 7.875 0.278431 0.5 0 0
7860 0.0582152 0 7.875 0.282353 0.5 0 0
7870 0.0582152 0 7.875 0.278431 0.5 0 0
7880 0.0582152 0 7.875 0.278431 0.5 0 0
7890 0.0582152 0 7.875 0.278431 0.5 0 0
7900 0.0582064 0 7.875 0.27451 0.5 0 0
7910 0.0582064 0 7.875 0.282353 0.5 0 0
7920 0.0581855 0 7.875 0.27451 0.5 0 0
7930 0.0581855 0 7.875 0.278431 0.5 0 0
7940 0.0581855 0 7.875 0.282353 0.5 0 0
7950 0.0581855 0 7.875 0.278431 0.5 0 0
7960 0.0581855 0 7.875 0.278431 0.5 0 0
7970 0.0581855 0 7.875 0.282353 0.5 0 0
7980 0.0581855 0 7.875 0.278431 0.5 0 0
7990 0.0581855 0 7.875 0.282353 0.5 0 0
8000 0.0591896 0 7.875 0.286275 0.5 0 0
8010 0.0591896 0 7.875 0.282353 0.5 0 0
8020 0.0596151 0 7.875 0.282353 0.5 0 0
8030 0.0596151 0 7.875 0.27451 0.5 0 0
8040 0.0604414 0 7.875 0.27451 0.5 0 0
8050 0.0604414 0 7.875 0.27451 0.5 0 0
8060 0.0611625 0 7.875 0.278431 0.5 0 0
8070 0.0611625 0 7.875 0.282353 0.5 0 0
8080 0.0614383 0 7.875 0.286275 0.5 0 0
8090 0.0614383 0 7.875 0.286275 0.5 0 0
8100 0.06149 0 7.875 0.286275 0.5 0 0
8110 0.06149 0 7.875 0.286275 0.5 0 0
8120 0.0614701 0 7.875 0.290196 0.5 0 0
8130 0.0614701 0 7.875 0.294118 0.5 0 0
8140 0.0614246 0 7.875 0.305882 0.5 0 0
8150 0.0614246 0 7.875 0.32549 0.5 0 0
8160 0.0612759 0 7.875 0.337255 0.5 0 0
8170 0.0612759 0 7.875 0.341176 0.5 0 0
8180 0.0609658 0 7.875 0.329412 0.5 0 0
8190 0.0609658 0 7.875 0.337255 0.5 0 0
8200 0.0601981 0 7.875 0.317647 0.5 0 0
8210 0.0601981 0 7.875 0.309804 0.5 0 0
8220 0.0596079 0 7.875 0.294118 0.5 0 0
8230 0.0596079 0 7.875 0.282353 0.5 0 0
8240 0.0585435 0 7.875 0.258824 0.5 0 0
8250 0.0585435 0 7.875 0.25098 0.5 0 0
8260 0.0572213 0 7.875 0.247059 0.5 0 0
8270 0.0572213 0 7.875 0.25098 0.5 0 0
8280 0.0566012 0 7.875 0.25098 0.5 0 0
8290 0.0566012 0 7.875 0.254902 0.5 0 0
8300 0.0561704 0 7.875 0.25098 0.5 0 0
8310 0.0561704 0 7.875 0.254902 0.5 0 0
8320 0.055491 0.25 8.125 0.25098 0.5 0 0
8330 0.055491 0.25 8.125 0.25098 0.5 0 0
8340 0.0553219 0.25 8.375 0.254902 0.5 0 0
8350 0.0553219 0.25 8.375 0.25098 0.5 0 0
8360 0.0553219 0.25 8.625 0.254902 0.5 0 0
8370 0.0553219 0.25 8.625 0.25098 0.5 0 0
8380 0.0553219 0.25 8.875 0.247059 0.5 0 0
8390 0.0553219 0.25 8.875 0.25098 0.5 0 0
8400 0.0553757 0.25 9.125 0.25098 0.5 0 0
8410 0.0553757 0.25 9.125 0.25098 0.5 0 0
8420 0.0559392 0.25 9.375 0.258824 0.5 0 0
8430 0.0559392 0.25 9.375 0.262745 0.5 0 0
8440 0.0562312 0.25 9.625 0.262745 0.5 0 0
8450 0.0562312 0.25 9.625 0.262745 0.5 0 0
8460 0.0562318 0.25 9.875 0.262745 0.5 0 0
8470 0.0562318 0.25 9.875 0.258824 0.5 0 0
8480 0.0562743 0.25 10.125 0.262745 0.5 0 0
8490 0.0562743 0.25 10.125 0.262745 0.5 0 0
8500 0.0563354 0.25 10.375 0.262745 0.5 0 0
8510 0.0563354 0.25 10.375 0.266667 0.5 0 0
8520 0.0563354 0 10.375 0.266667 0.5 0 0
8530 0.0563354 0 10.375 0.266667 0.5 0 0
8540 0.0563354 0.25 10.625 0.262745 0.5 0 0
8550 0.0563354 0.25 10.625 0.266667 0.5 0 0
8560 0.0563354 0.25 10.875 0.262745 0.5 0 0
8570 0.0563354 0.25 10.875 0.266667 0.5 0 0
8580 0.056338 0.375 11.25 0.262745 0.5 0 0
8590 0.056338 0.375 11.25 0.262745 0.5 0 0
8600 0.0563445 0.375 11.625 0.266667 0.5 0 0
8610 0.0563445 0.375 11.625 0.262745 0.5 0 0
8620 0.05635 0.5 12.125 0.262745 0.5 0 0
8630 0.05635 0.5 12.125 0.262745 0.5 0 0
8640 0.0563571 0.5 12.625 0.266667 0.5 0 0
8650 0.0563571 0.5 12.625 0.262745 0.5 0 0
8660 0.0563637 0.5 13.125 0.266667 0.5 0 0
8670 0.0563637 0.5 13.125 0.266667 0.5 0 0
8680 0.0563694 0.5 13.625 0.266667 0.5 0 0
8690 0.0563694 0.5 13.625 0.266667 0.5 0 0
8700 0.0563733 0.5 14.125 0.270588 0.5 0 0
8710 0.0563733 0.5 14.125 0.266667 0.5 0 0
8720 0.056378 0.5 14.625 0.270588 0.5 0 0
8730 0.056378 0.5 14.625 0.266667 0.5 0 0
8740 0.0563821 0.5 15.125 0.266667 0.5 0 0
8750 0.0563821 0.5 15.125 0.266667 0.5 0 0
8760 0.0563854 0.375 15.5 0.262745 0.5 0 0
8770 0.0563854 0.375 15.5 0.266667 0.5 0 0
8780 0.0563909 0.5 16 0.262745 0.5 0 0
8790 0.0563909 0.5 16 0.270588 0.5 0 0
8800 0.0563749 0.5 16.5 0.258824 0.5 0 0
8810 0.0563749 0.5 16.5 0.266667 0.5 0 0
8820 0.0563749 0.5 17 0.266667 0.5 0 0
8830 0.0563749 0.5 17 0.266667 0.5 0 0
8840 0.0563749 0.5 17.5 0.262745 0.5 0 0
8850 0.0563749 0.5 17.5 0.266667 0.5 0 0
8860 0.0563749 0.5 18 0.266667 0.5 0 0
8870 0.0563749 0.5 18 0.262745 0.5 0 0
8880 0.0563749 0.5 18.5 0.262745 0.5 0 0
8890 0.0563749 0.5 18.5 0.266667 0.5 0 0
8900 0.0563749 0.5 19 0.266667 0.5 0 0
8910 0.0563749 0.5 19 0.262745 0.5 0 0
8920 0.0563225 0.5 19.5 0.266667 0.5 0 0
8930 0.0563225 0.5 19.5 0.266667 0.5 0 0
8940 0.0563225 0.5 20 0.266667 0.5 0 0
8950 0.0563225 0.5 20 0.266667 0.5 0 0
8960 0.0563225 0.5 20.5 0.266667 0.5 0 0
8970 0.0563225 0.5 20.5 0.266667 0.5 0 0
8980 0.0563229 0.5 21 0.266667 0.5 0 0
8990 0.0563229 0.5 21 0.270588 0.5 0 0
9000 0.056325 0.5 21.5 0.270588 0.5 0 0
9010 0.056325 0.5 21.5 0.270588 0.5 0 0
9020 0.0563278 0.375 21.875 0.266667 0.5 0 0
9030 0.0563278 0.375 21.875 0.266667 0.5 0 0
9040 0.0563147 0.625 22.5 0.270588 0.5 0 0
9050 0.0563147 0.625 22.5 0.270588 0.5 0 0
9060 0.0563085 0.625 23.125 0.266667 0.5 0 0
9070 0.0563085 0.625 23.125 0.270588 0.5 0 0
9080 0.056309 0.625 23.75 0.270588 0.5 0 0
9090 0.056309 0.625 23.75 0.266667 0.5 0 0
9100 0.05631 0.625 24.375 0.266667 0.5 0 0
9110 0.05631 0.625 24.375 0.270588 0.5 0 0
9120 0.0563102 0.625 25 0.270588 0.5 0 0
9130 0.0563102 0.625 25 0.270588 0.5 0 0
9140 0.05631 0.5 25.5 0.266667 0.5 0 0
9150 0.05631 0.5 25.5 0.266667 0.5 0 0
9160 0.0563072 0.25 25.75 0.270588 0.5 0 0
9170 0.0563072 0.25 25.75 0.270588 0.5 0 0
9180 0.0558942 0.25 26 0.258824 0.5 0 0
9190 0.0558942 0.25 26 0.258824 0.5 0 0
9200 0.0552547 0.5 26.5 0.25098 0.5 0 0
9210 0.0552547 0.5 26.5 0.243137 0.5 0 0
9220 0.0541278 0.5 27 0.235294 0.5 0 0
9230 0.0541278 0.5 27 0.227451 0.5 0 0
9240 0.0531455 0.5 27.5 0.231373 0.5 0 0
9250 0.0531455 0.5 27.5 0.231373 0.5 0 0
9260 0.052725 0.5 28 0.231373 0.5 0 0
9270 0.052725 0.5 28 0.231373 0.5 0 0
9280 0.052166 0.5 28.5 0.231373 0.5 0 0
9290 0.052166 0.5 28.5 0.227451 0.5 0 0
9300 0.0517566 0.5 29 0.227451 0.5 0 0
9310 0.0517566 0.5 29 0.231373 0.5 0 0
9320 0.0512084 0.5 29.5 0.231373 0.5 0 0
9330 0.0512084 0.5 29.5 0.231373 0.5 0 0
9340 0.0506017 0.5 30 0.231373 0.5 0 0
9350 0.0506017 0.5 30 0.227451 0.5 0 0
9360 0.0505348 0.5 30.5 0.227451 0.5 0 0
9370 0.0505348 0.5 30.5 0.231373 0.5 0 0
9380 0.0506214 0.5 31 0.231373 0.5 0 0
9390 0.0506214 0.5 31 0.235294 0.5 0 0
9400 0.0507093 0.5 31.5 0.235294 0.5 0 0
9410 0.0507093 0.5 31.5 0.235294 0.5 0 0
9420 0.0507927 0.5 32 0.231373 0.5 0 0
9430 0.0507927 0.5 32 0.235294 0.5 0 0
9440 0.0508758 0.5 32.5 0.235294 0.5 0 0
9450 0.0508758 0.5 32.5 0.235294 0.5 0 0
9460 0.0509654 0.5 33 0.239216 0.5 0 0
9470 0.0509654 0.5 33 0.239216 0.5 0 0
9480 0.0510285 0.5 33.5 0.239216 0.5 0 0
9490 0.0510285 0.5 33.5 0.243137 0.5 0 0
9500 0.0510583 0.5 34 0.239216 0.5 0 0
9510 0.0510583 0.5 34 0.239216 0.5 0 0
9520 0.0510884 0.5 34.5 0.235294 0.5 0 0
9530 0.0510884 0.5 34.5 0.239216 0.5 0 0
9540 0.0511598 0.5 35 0.239216 0.5 0 0
9550 0.0511598 0.5 35 0.239216 0.5 0 0
9560 0.0512912 0.5 35.5 0.247059 0.5 0 0
9570 0.0512912 0.5 35.5 0.243137 0.5 0 0
9580 0.0514152 0.5 36 0.243137 0.5 0 0
9590 0.0514152 0.5 36 0.247059 0.5 0 0
9600 0.0515199 0.5 36.5 0.243137 0.5 0 0
9610 0.0515199 0.5 36.5 0.247059 0.5 0 0
9620 0.0516088 0.5 37 0.247059 0.5 0 0
9630 0.0516088 0.5 37 0.25098 0.5 0 0
9640 0.0517052 0.5 37.5 0.25098 0.5 0 0
9650 0.0517052 0.5 37.5 0.25098 0.5 0 0
9660 0.0517931 0.5 38 0.25098 0.5 0 0
9670 0.0517931 0.5 38 0.254902 0.5 0 0
9680 0.0518759 0.5 38.5 0.25098 0.5 0 0
9690 0.0518759 0.5 38.5 0.254902 0.5 0 0
9700 0.0519642 0.5 39 0.258824 0.5 0 0
9710 0.0519642 0.5 39 0.258824 0.5 0 0
9720 0.0520347 0.5 39.5 0.262745 0.5 0 0
9730 0.0520347 0.5 39.5 0.266667 0.5 0 0
9740 0.0520878 0.5 40 0.270588 0.5 0 0
9750 0.0520878 0.5 40 0.258824 0.5 0 0
9760 0.0521275 0.5 40.5 0.270588 0.5 0 0
9770 0.0521275 0.5 40.5 0.270588 0.5 0 0
9780 0.0521917 0.5 41 0.266667 0.5 0 0
9790 0.0521917 0.5 41 0.270588 0.5 0 0
9800 0.0522297 0.5 41.5 0.27451 0.5 0 0
9810 0.0522297 0.5 41.5 0.266667 0.5 0 0
9820 0.0522405 0.5 42 0.27451 0.5 0 0
9830 0.0522405 0.5 42 0.270588 0.5 0 0
9840 0.0522598 0.5 42.5 0.270588 0.5 0 0
9850 0.0522598 0.5 42.5 0.270588 0.5 0 0
9860 0.052269 0.5 43 0.270588 0.5 0 0
9870 0.052269 0.5 43 0.266667 0.5 0 0
9880 0.052269 0.5 43.5 0.27451 0.5 0 0
9890 0.052269 0.5 43.5 0.270588 0.5 0 0
9900 0.0522695 0.5 44 0.266667 0.5 0 0
9910 0.0522695 0.5 44 0.270588 0.5 0 0
9920 0.052273 0.5 44.5 0.270588 0.5 0 0
9930 0.052273 0.5 44.5 0.27451 0.5 0 0
9940 0.0522753 0.5 45 0.27451 0.5 0 0
9950 0.0522753 0.5 45 0.266667 0.5 0 0
9960 0.0522819 0.5 45.5 0.270588 0.5 0 0
9970 0.0522819 0.5 45.5 0.27451 0.5 0 0
9980 0.0523047 0.5 46 0.27451 0.5 0 0
9990 0.0523047 0.5 46 0.27451 0.5 0 0
10000 0.052328 0.5 46.5 0.27451 0.5 0 0
10010 0.052328 0.5 46.5 0.270588 0.5 0 0
10020 0.0523459 0.5 47 0.27451 0.5 0 0
10030 0.0523459 0.5 47 0.282353 0.5 0 0
10040 0.0523521 0.5 47.5 0.270588 0.5 0 0
10050 0.0523521 0.5 47.5 0.27451 0.5 0 0
10060 0.0523625 0.5 48 0.278431 0.5 0 0
10070 0.0523625 0.5 48 0.27451 0.5 0 0
10080 0.0523748 0.5 48.5 0.270588 0.5 0 0
10090 0.0523748 0.5 48.5 0.278431 0.5 0 0
10100 0.0523889 0.5 49 0.282353 0.5 0 0
10110 0.0523889 0.5 49 0.278431 0.5 0 0
10120 0.0523898 0.5 49.5 0.278431 0.5 0 0
10130 0.0523898 0.5 49.5 0.27451 0.5 0 0
10140 0.0523903 0.25 49.75 0.282353 0.5 0 0
10150 0.0523903 0.25 49.75 0.282353 0.5 0 0
10160 0.0523907 0.25 50 0.282353 0.5 0 0
10170 0.0523907 0.25 50 0.282353 0.5 0 0
10180 0.0523909 0.25 50.25 0.27451 0.5 0 0
10190 0.0523909 0.25 50.25 0.27451 0.5 0 0
10200 0.052391 0.25 50.5 0.282353 0.5 0 0
10210 0.052391 0.25 50.5 0.278431 0.5 0 0
10220 0.0523913 0.5 51 0.27451 0.5 0 0
10230 0.0523913 0.5 51 0.278431 0.5 0 0
10240 0.0523913 0.5 51.5 0.278431 0.5 0 0
10250 0.0523913 0.5 51.5 0.27451 0.5 0 0
10260 0.0523914 0.5 52 0.270588 0.5 0 0
10270 0.0523914 0.5 52 0.278431 0.5 0 0
10280 0.0523914 0.5 52.5 0.27451 0.5 0 0
10290 0.0523914 0.5 52.5 0.282353 0.5 0 0
10300 0.0523914 0.5 53 0.278431 0.5 0 0
10310 0.0523914 0.5 53 0.27451 0.5 0 0
10320 0.0523914 0.5 53.5 0.278431 0.5 0 0
10330 0.0523914 0.5 53.5 0.282353 0.5 0 0
10340 0.0523914 0.5 54 0.278431 0.5 0 0
10350 0.0523914 0.5 54 0.278431 0.5 0 0
10360 0.0523914 0.25 54.25 0.282353 0.5 0 0
10370 0.0523914 0.25 54.25 0.282353 0.5 0 0
10380 0.0523914 0.375 54.625 0.27451 0.5 0 0
10390 0.0523914 0.375 54.625 0.282353 0.5 0 0
10400 0.0523914 0.625 55.25 0.278431 0.5 0 0
10410 0.0523914 0.625 55.25 0.27451 0.5 0 0
10420 0.0523914 0.625 55.875 0.27451 0.5 0 0
10430 0.0523914 0.625 55.875 0.282353 0.5 0 0
10440 0.0523914 0.625 56.5 0.282353 0.5 0 0
10450 0.0523914 0.625 56.5 0.27451 0.5 0 0
10460 0.0523914 0.625 57.125 0.282353 0.5 0 0
10470 0.0523914 0.625 57.125 0.270588 0.5 0 0
10480 0.0523914 0.5 57.625 0.278431 0.5 0 0
10490 0.0523914 0.5 57.625 0.282353 0.5 0 0
10500 0.0523914 0.625 58.25 0.282353 0.5 0 0
10510 0.0523914 0.625 58.25 0.282353 0.5 0 0
10520 0.0523914 0.625 58.875 0.27451 0.5 0 0
10530 0.0523914 0.625 58.875 0.27451 0.5 0 0
10540 0.0523914 0.5 59.375 0.278431 0.5 0 0
10550 0.0523914 0.5 59.375 0.27451 0.5 0 0
10560 0.0523914 0.5 59.875 0.278431 0.5 0 0
10570 0.0523914 0.5 59.875 0.27451 0.5 0 0
10580 0.0523914 0.5 60.375 0.282353 0.5 0 0
10590 0.0523914 0.5 60.375 0.278431 0.5 0 0
10600 0.0523914 0.5 60.875 0.278431 0.5 0 0
10610 0.0523914 0.5 60.875 0.27451 0.5 0 0
10620 0.0523914 0.5 61.375 0.27451 0.5 0 0
10630 0.0523914 0.5 61.375 0.278431 0.5 0 0
10640 0.0523914 0.5 61.875 0.282353 0.5 0 0
10650 0.0523914 0.5 61.875 0.282353 0.5 0 0
10660 0.0523914 0.625 62.5 0.282353 0.5 0 0
10670 0.0523914 0.625 62.5 0.282353 0.5 0 0
10680 0.0523914 0.625 63.125 0.282353 0.5 0 0
10690 0.0523914 0.625 63.125 0.278431 0.5 0 0
10700 0.0523914 0.625 63.75 0.27451 0.5 0 0
10710 0.0523914 0.625 63.75 0.27451 0.5 0 0
10720 0.0523914 0.625 64.375 0.27451 0.5 0 0
10730 0.0523914 0.625 64.375 0.282353 0.5 0 0
10740 0.0523914 0.625 65 0.282353 0.5 0 0
10750 0.0523914 0.625 65 0.278431 0.5 0 0
10760 0.0523914 0.625 65.625 0.27451 0.5 0 0
10770 0.0523914 0.625 65.625 0.282353 0.5 0 0
10780 0.0523914 0.5 66.125 0.27451 0.5 0 0
10790 0.0523914 0.5 66.125 0.278431 0.5 0 0
10800 0.0523914 0.625 66.75 0.278431 0.5 0 0
10810 0.0523914 0.625 66.75 0.278431 0.5 0 0
10820 0.0523914 0.625 67.375 0.282353 0.5 0 0
10830 0.0523914 0.625 67.375 0.278431 0.5 0 0
10840 0.0523914 0.5 67.875 0.27451 0.5 0 0
10850 0.0523914 0.5 67.875 0.282353 0.5 0 0
10860 0.0523787 0.25 68.125 0.27451 0.5 0 0
10870 0.0523787 0.25 68.125 0.270588 0.5 0 0
10880 0.0517233 0.25 68.375 0.247059 0.5 0 0
10890 0.0517233 0.25 68.375 0.227451 0.5 0 0
10900 0.0508138 0.375 68.75 0.235294 0.5 0 0
10910 0.0508138 0.375 68.75 0.235294 0.5 0 0
10920 0.0503232 0.375 69.125 0.235294 0.5 0 0
10930 0.0503232 0.375 69.125 0.235294 0.5 0 0
10940 0.0503307 0.375 69.5 0.235294 0.5 0 0
10950 0.0503307 0.375 69.5 0.235294 0.5 0 0
10960 0.0503157 0.5 70 0.235294 0.5 0 0
10970 0.0503157 0.5 70 0.235294 0.5 0 0
10980 0.0501108 0.5 70.5 0.235294 0.5 0 0
10990 0.0501108 0.5 70.5 0.231373 0.5 0 0
11000 0.0497495 0.5 71 0.231373 0.5 0 0
11010 0.0497495 0.5 71 0.231373 0.5 0 0
11020 0.0497089 0.5 71.5 0.231373 0.5 0 0
11030 0.0497089 0.5 71.5 0.231373 0.5 0 0
11040 0.0497005 0.5 72 0.231373 0.5 0 0
11050 0.0497005 0.5 72 0.231373 0.5 0 0
11060 0.0497013 0.5 72.5 0.231373 0.5 0 0
11070 0.0497013 0.5 72.5 0.227451 0.5 0 0
11080 0.0497008 0.5 73 0.231373 0.5 0 0
11090 0.0497008 0.5 73 0.231373 0.5 0 0
11100 0.0496992 0.5 73.5 0.231373 0.5 0 0
11110 0.0496992 0.5 73.5 0.231373 0.5 0 0
11120 0.0496951 0.25 73.75 0.231373 0.5 0 0
11130 0.0496951 0.25 73.75 0.227451 0.5 0 0
11140 0.0496862 0.375 74.125 0.227451 0.5 0 0
11150 0.0496862 0.375 74.125 0.227451 0.5 0 0
11160 0.0496835 0.5 74.625 0.227451 0.5 0 0
11170 0.0496835 0.5 74.625 0.231373 0.5 0 0
11180 0.0496835 0.5 75.125 0.227451 0.5 0 0
11190 0.0496835 0.5 75.125 0.227451 0.5 0 0
11200 0.0496835 0.5 75.625 0.231373 0.5 0 0
11210 0.0496835 0.5 75.625 0.231373 0.5 0 0
11220 0.0496835 0.5 76.125 0.231373 0.5 0 0
11230 0.0496835 0.5 76.125 0.231373 0.5 0 0
11240 0.0496835 0.5 76.625 0.227451 0.5 0 0
11250 0.0496835 0.5 76.625 0.227451 0.5 0 0
11260 0.0496835 0.5 77.125 0.227451 0.5 0 0
11270 0.0496835 0.5 77.125 0.227451 0.5 0 0
11280 0.0496835 0.5 77.625 0.231373 0.5 0 0
11290 0.0496835 0.5 77.625 0.231373 0.5 0 0
11300 0.0496835 0.5 78.125 0.231373 0.5 0 0
11310 0.0496835 0.5 78.125 0.231373 0.5 0 0
11320 0.0496835 0.5 78.625 0.231373 0.5 0 0
11330 0.0496835 0.5 78.625 0.227451 0.5 0 0
11340 0.0496835 0.5 79.125 0.227451 0.5 0 0
11350 0.0496835 0.5 79.125 0.227451 0.5 0 0
11360 0.0496835 0.5 79.625 0.227451 0.5 0 0
11370 0.0496835 0.5 79.625 0.227451 0.5 0 0
11380 0.0496835 0.5 80.125 0.231373 0.5 0 0
11390 0.0496835 0.5 80.125 0.231373 0.5 0 0
11400 0.0496835 0.5 80.625 0.227451 0.5 0 0
11410 0.0496835 0.5 80.625 0.227451 0.5 0 0
11420 0.0496835 0.5 81.125 0.231373 0.5 0 0
11430 0.0496835 0.5 81.125 0.227451 0.5 0 0
11440 0.0496835 0.5 81.625 0.227451 0.5 0 0
11450 0.0496835 0.5 81.625 0.227451 0.5 0 0
11460 0.0496835 0.5 82.125 0.227451 0.5 0 0
11470 0.0496835 0.5 82.125 0.227451 0.5 0 0
11480 0.0496835 0.5 82.625 0.231373 0.5 0 0
11490 0.0496835 0.5 82.625 0.227451 0.5 0 0
11500 0.0496835 0.5 83.125 0.231373 0.5 0 0
11510 0.0496835 0.5 83.125 0.227451 0.5 0 0
11520 0.0496835 0.5 83.625 0.231373 0.5 0 0
11530 0.0496835 0.5 83.625 0.231373 0.5 0 0
11540 0.0496835 0.5 84.125 0.231373 0.5 0 0
11550 0.0496835 0.5 84.125 0.231373 0.5 0 0
11560 0.0496835 0.625 84.75 0.231373 0.5 0 0
11570 0.0496835 0.625 84.75 0.227451 0.5 0 0
11580 0.0496835 0.625 85.375 0.227451 0.5 0 0
11590 0.0496835 0.625 85.375 0.227451 0.5 0 0
11600 0.0496835 0.625 86 0.231373 0.5 0 0
11610 0.0496835 0.625 86 0.231373 0.5 0 0
11620 0.0496835 0.625 86.625 0.227451 0.5 0 0
11630 0.0496835 0.625 86.625 0.227451 0.5 0 0
11640 0.0496835 0.625 87.25 0.231373 0.5 0 0
11650 0.0496835 0.625 87.25 0.231373 0.5 0 0
11660 0.0496835 0.625 87.875 0.227451 0.5 0 0
11670 0.0496835 0.625 87.875 0.227451 0.5 0 0
11680 0.0496835 0.625 88.5 0.231373 0.5 0 0
11690 0.0496835 0.625 88.5 0.227451 0.5 0 0
11700 0.0496835 0.5 89 0.227451 0.5 0 0
11710 0.0496835 0.5 89 0.227451 0.5 0 0
11720 0.0496835 0.5 89.5 0.227451 0.5 0 0
11730 0.0496835 0.5 89.5 0.231373 0.5 0 0
11740 0.0496835 0.5 90 0.227451 0.5 0 0
11750 0.0496835 0.5 90 0.231373 0.5 0 0
11760 0.0496854 0.5 90.5 0.227451 0.5 0 0
11770 0.0496854 0.5 90.5 0.231373 0.5 0 0
11780 0.0496861 0.5 91 0.231373 0.5 0 0
11790 0.0496861 0.5 91 0.227451 0.5 0 0
11800 0.0496862 0.5 91.5 0.227451 0.5 0 0
11810 0.0496862 0.5 91.5 0.227451 0.5 0 0
11820 0.0496866 0.5 92 0.231373 0.5 0 0
11830 0.0496866 0.5 92 0.227451 0.5 0 0
11840 0.0497 0.625 92.625 0.231373 0.5 0 0
11850 0.0497 0.625 92.625 0.231373 0.5 0 0
11860 0.0497103 0.625 93.25 0.231373 0.5 0 0
11870 0.0497103 0.625 93.25 0.231373 0.5 0 0
11880 0.0497184 0.625 93.875 0.227451 0.5 0 0
11890 0.0497184 0.625 93.875 0.231373 0.5 0 0
11900 0.0497226 0.625 94.5 0.227451 0.5 0 0
11910 0.0497226 0.625 94.5 0.231373 0.5 0 0
11920 0.0497381 0.625 95.125 0.227451 0.5 0 0
11930 0.0497381 0.625 95.125 0.227451 0.5 0 0
11940 0.049758 0.5 95.625 0.227451 0.5 0 0
11950 0.049758 0.5 95.625 0.231373 0.5 0 0
11960 0.0497761 0.5 96.125 0.227451 0.5 0 0
11970 0.0497761 0.5 96.125 0.227451 0.5 0 0
11980 0.0497945 0.5 96.625 0.231373 0.5 0 0
11990 0.0497945 0.5 96.625 0.227451 0.5 0 0
12000 0.0498143 0.5 97.125 0.231373 0.5 0 0
12010 0.0498143 0.5 97.125 0.227451 0.5 0 0
12020 0.0498318 0.5 97.625 0.231373 0.5 0 0
12030 0.0498318 0.5 97.625 0.227451 0.5 0 0
12040 0.0498512 0.5 98.125 0.231373 0.5 0 0
12050 0.0498512 0.5 98.125 0.227451 0.5 0 0
12060 0.0498729 0.5 98.625 0.227451 0.5 0 0
12070 0.0498729 0.5 98.625 0.231373 0.5 0 0
12080 0.0498987 0.5 99.125 0.227451 0.5 0 0
12090 0.0498987 0.5 99.125 0.227451 0.5 0 0
12100 0.0499247 0.5 99.625 0.231373 0.5 0 0
12110 0.0499247 0.5 99.625 0.231373 0.5 0 0
12120 0.0499491 0.625 100.25 0.227451 0.5 0 0
12130 0.0499491 0.625 100.25 0.227451 0.5 0 0
12140 0.0499737 0.625 100.875 0.231373 0.5 0 0
12150 0.0499737 0.625 100.875 0.231373 0.5 0 0
12160 0.0499981 0.625 101.5 0.231373 0.5 0 0
12170 0.0499981 0.625 101.5 0.231373 0.5 0 0
12180 0.0500222 0.625 102.125 0.231373 0.5 0 0
12190 0.0500222 0.625 102.125 0.231373 0.5 0 0
12200 0.0500451 0.625 102.75 0.231373 0.5 0 0
12210 0.0500451 0.625 102.75 0.231373 0.5 0 0
12220 0.0500675 0.625 103.375 0.231373 0.5 0 0
12230 0.0500675 0.625 103.375 0.231373 0.5 0 0
12240 0.0500872 0.625 104 0.231373 0.5 0 0
12250 0.0500872 0.625 104 0.231373 0.5 0 0
12260 0.0500973 0.625 104.625 0.231373 0.5 0 0
12270 0.0500973 0.625 104.625 0.231373 0.5 0 0
12280 0.0501114 0.5 105.125 0.231373 0.5 0 0
12290 0.0501114 0.5 105.125 0.231373 0.5 0 0
12300 0.050152 0.625 105.75 0.227451 0.5 0 0
12310 0.050152 0.625 105.75 0.231373 0.5 0 0
12320 0.0501524 0.625 106.375 0.231373 0.5 0 0
12330 0.0501524 0.625 106.375 0.231373 0.5 0 0
12340 0.0501524 0.625 107 0.231373 0.5 0 0
12350 0.0501524 0.625 107 0.231373 0.5 0 0
12360 0.0501524 0.625 107.625 0.231373 0.5 0 0
12370 0.0501524 0.625 107.625 0.231373 0.5 0 0
12380 0.0501524 0.625 108.25 0.231373 0.5 0 0
12390 0.0501524 0.625 108.25 0.231373 0.5 0 0
12400 0.0501524 0.75 109 0.231373 0.5 0 0
12410 0.0501524 0.75 109 0.231373 0.5 0 0
12420 0.0501524 0.75 109.75 0.231373 0.5 0 0
12430 0.0501524 0.75 109.75 0.231373 0.5 0 0
12440 0.0502185 0.75 110.5 0.231373 0.5 0 0
12450 0.0502185 0.75 110.5 0.231373 0.5 0 0
12460 0.050315 0.875 111.375 0.231373 0.5 0 0
12470 0.050315 0.875 111.375 0.235294 0.5 0 0
12480 0.0503555 0.875 112.25 0.235294 0.5 0 0
12490 0.0503555 0.875 112.25 0.235294 0.5 0 0
12500 0.0504165 0.875 113.125 0.235294 0.5 0 0
12510 0.0504165 0.875 113.125 0.239216 0.5 0 0
12520 0.0504309 0.625 113.75 0.239216 0.5 0 0
12530 0.0504309 0.625 113.75 0.239216 0.5 0 0
12540 0.0504385 0.625 114.375 0.239216 0.5 0 0
12550 0.0504385 0.625 114.375 0.235294 0.5 0 0
12560 0.0504425 0.875 115.25 0.239216 0.5 0 0
12570 0.0504425 0.875 115.25 0.239216 0.5 0 0
12580 0.0504425 0.875 116.125 0.239216 0.5 0 0
12590 0.0504425 0.875 116.125 0.239216 0.5 0 0
12600 0.0504441 0.625 116.75 0.239216 0.5 0 0
12610 0.0504441 0.625 116.75 0.239216 0.5 0 0
12620 0.0504573 0.625 117.375 0.239216 0.5 0 0
12630 0.0504573 0.625 117.375 0.239216 0.5 0 0
12640 0.0505024 0.625 118 0.239216 0.5 0 0
12650 0.0505024 0.625 118 0.243137 0.5 0 0
12660 0.0505371 0.375 118.375 0.243137 0.5 0 0
12670 0.0505371 0.375 118.375 0.243137 0.5 0 0
12680 0.0505498 0.625 119 0.243137 0.5 0 0
12690 0.0505498 0.625 119 0.239216 0.5 0 0
12700 0.050558 0.75 119.75 0.243137 0.5 0 0
12710 0.050558 0.75 119.75 0.243137 0.5 0 0
12720 0.0505768 0.875 120.625 0.243137 0.5 0 0
12730 0.0505768 0.875 120.625 0.243137 0.5 0 0
12740 0.0505921 0.875 121.5 0.247059 0.5 0 0
12750 0.0505921 0.875 121.5 0.247059 0.5 0 0
12760 0.0505961 1 122.5 0.243137 0.5 0 0
12770 0.0505961 1 122.5 0.247059 0.5 0 0
12780 0.0505992 1 123.5 0.243137 0.5 0 0
12790 0.0505992 1 123.5 0.243137 0.5 0 0
12800 0.0506004 0.75 124.25 0.243137 0.5 0 0
12810 0.0506004 0.75 124.25 0.247059 0.5 0 0
12820 0.0506004 0.75 125 0.247059 0.5 0 0
12830 0.0506004 0.75 125 0.247059 0.5 0 0
12840 0.0506004 0.75 125.75 0.247059 0.5 0 0
12850 0.0506004 0.75 125.75 0.247059 0.5 0 0
12860 0.0506004 0.75 126.5 0.243137 0.5 0 0
12870 0.0506004 0.75 126.5 0.243137 0.5 0 0
12880 0.0506004 0.75 127.25 0.247059 0.5 0 0
12890 0.0506004 0.75 127.25 0.247059 0.5 0 0
12900 0.0506004 0.75 128 0.247059 0.5 0 0
12910 0.0506004 0.75 128 0.247059 0.5 0 0
12920 0.0506004 0.75 128.75 0.247059 0.5 0 0
12930 0.0506004 0.75 128.75 0.247059 0.5 0 0
12940 0.0506004 0.625 129.375 0.247059 0.5 0 0
12950 0.0506004 0.625 129.375 0.243137 0.5 0 0
12960 0.0506004 0.75 130.125 0.243137 0.5 0 0
12970 0.0506004 0.75 130.125 0.243137 0.5 0 0
12980 0.0506004 0.75 130.875 0.247059 0.5 0 0
12990 0.0506004 0.75 130.875 0.243137 0.5 0 0
13000 0.0506004 0.625 131.5 0.247059 0.5 0 0
13010 0.0506004 0.625 131.5 0.243137 0.5 0 0
13020 0.0506004 0.5 132 0.243137 0.5 0 0
13030 0.0506004 0.5 132 0.247059 0.5 0 0
13040 0.0506004 0.75 132.75 0.247059 0.5 0 0
13050 0.0506004 0.75 132.75 0.243137 0.5 0 0
13060 0.0506004 0.75 133.5 0.247059 0.5 0 0
13070 0.0506004 0.75 133.5 0.247059 0.5 0 0
13080 0.0505451 0.75 134.25 0.243137 0.5 0 0
13090 0.0505451 0.75 134.25 0.243137 0.5 0 0
13100 0.0505366 0.875 135.125 0.243137 0.5 0 0
13110 0.0505366 0.875 135.125 0.243137 0.5 0 0
13120 0.0505366 1 136.125 0.243137 0.5 0 0
13130 0.0505366 1 136.125 0.243137 0.5 0 0
13140 0.0505366 1 137.125 0.243137 0.5 0 0
13150 0.0505366 1 137.125 0.243137 0.5 0 0
13160 0.0505366 1 138.125 0.243137 0.5 0 0
13170 0.0505366 1 138.125 0.243137 0.5 0 0
13180 0.0505366 1 139.125 0.243137 0.5 0 0
13190 0.0505366 1 139.125 0.243137 0.5 0 0
13200 0.0505366 1 140.125 0.243137 0.5 0 0
13210 0.0505366 1 140.125 0.243137 0.5 0 0
13220 0.0505366 0.75 140.875 0.243137 0.5 0 0
13230 0.0505366 0.75 140.875 0.243137 0.5 0 0
13240 0.0505053 0.5 141.375 0.243137 0.5 0 0
13250 0.0505053 0.5 141.375 0.243137 0.5 0 0
13260 0.0504631 0.75 142.125 0.239216 0.5 0 0
13270 0.0504631 0.75 142.125 0.243137 0.5 0 0
13280 0.0504618 0.75 142.875 0.243137 0.5 0 0
13290 0.0504618 0.75 142.875 0.239216 0.5 0 0
13300 0.0504618 0.5 143.375 0.243137 0.5 0 0
13310 0.0504618 0.5 143.375 0.239216 0.5 0 0
13320 0.0504774 0.5 143.875 0.243137 0.5 0 0
13330 0.0504774 0.5 143.875 0.243137 0.5 0 0
13340 0.0505263 0.75 144.625 0.243137 0.5 0 0
13350 0.0505263 0.75 144.625 0.243137 0.5 0 0
13360 0.0505309 0.5 145.125 0.247059 0.5 0 0
13370 0.0505309 0.5 145.125 0.247059 0.5 0 0
13380 0.0505601 0.625 145.75 0.247059 0.5 0 0
13390 0.0505601 0.625 145.75 0.243137 0.5 0 0
13400 0.0508679 0.875 146.625 0.247059 0.5 0 0
13410 0.0508679 0.875 146.625 0.247059 0.5 0 0
13420 0.0509017 0.875 147.5 0.243137 0.5 0 0
13430 0.0509017 0.875 147.5 0.243137 0.5 0 0
13440 0.050942 0.875 148.375 0.247059 0.5 0 0
13450 0.050942 0.875 148.375 0.247059 0.5 0 0
13460 0.0509598 0.875 149.25 0.247059 0.5 0 0
13470 0.0509598 0.875 149.25 0.247059 0.5 0 0
13480 0.0509598 0.875 150.125 0.247059 0.5 0 0
13490 0.0509598 0.875 150.125 0.247059 0.5 0 0
13500 0.0509598 0.75 150.875 0.243137 0.5 0 0
13510 0.0509598 0.75 150.875 0.247059 0.5 0 0
13520 0.0509958 0.75 151.625 0.243137 0.5 0 0
13530 0.0509958 0.75 151.625 0.247059 0.5 0 0
13540 0.0509958 0.875 152.5 0.247059 0.5 0 0
13550 0.0509958 0.875 152.5 0.247059 0.5 0 0
13560 0.0510458 0.875 153.375 0.247059 0.5 0 0
13570 0.0510458 0.875 153.375 0.247059 0.5 0 0
13580 0.0510528 0.875 154.25 0.247059 0.5 0 0
13590 0.0510528 0.875 154.25 0.25098 0.5 0 0
13600 0.0510581 0.875 155.125 0.25098 0.5 0 0
13610 0.0510581 0.875 155.125 0.247059 0.5 0 0
13620 0.0510591 0.875 156 0.247059 0.5 0 0
13630 0.0510591 0.875 156 0.247059 0.5 0 0
13640 0.0510169 0.875 156.875 0.243137 0.5 0 0
13650 0.0510169 0.875 156.875 0.247059 0.5 0 0
13660 0.0509563 0.75 157.625 0.247059 0.5 0 0
13670 0.0509563 0.75 157.625 0.243137 0.5 0 0
13680 0.0509064 0.75 158.375 0.243137 0.5 0 0
13690 0.0509064 0.75 158.375 0.239216 0.5 0 0
13700 0.0508883 0.75 159.125 0.239216 0.5 0 0
13710 0.0508883 0.75 159.125 0.239216 0.5 0 0
13720 0.0508621 0.875 160 0.239216 0.5 0 0
13730 0.0508621 0.875 160 0.239216 0.5 0 0
13740 0.0508621 0.875 160.875 0.239216 0.5 0 0
13750 0.0508621 0.875 160.875 0.239216 0.5 0 0
13760 0.0508621 0.875 161.75 0.239216 0.5 0 0
13770 0.0508621 0.875 161.75 0.239216 0.5 0 0
13780 0.0508325 0.875 162.625 0.239216 0.5 0 0
13790 0.0508325 0.875 162.625 0.239216 0.5 0 0
13800 0.0508068 0.875 163.5 0.239216 0.5 0 0
13810 0.0508068 0.875 163.5 0.235294 0.5 0 0
13820 0.0507781 0.75 164.25 0.235294 0.5 0 0
13830 0.0507781 0.75 164.25 0.235294 0.5 0 0
13840 0.0505513 0.625 164.875 0.235294 0.5 0 0
13850 0.0505513 0.625 164.875 0.227451 0.5 0 0
13860 0.0500952 0.75 165.625 0.227451 0.5 0 0
13870 0.0500952 0.75 165.625 0.223529 0.5 0 0
13880 0.0496416 0.75 166.375 0.227451 0.5 0 0
13890 0.0496416 0.75 166.375 0.227451 0.5 0 0
13900 0.0494787 0.75 167.125 0.227451 0.5 0 0
13910 0.0494787 0.75 167.125 0.223529 0.5 0 0
13920 0.0494079 0.75 167.875 0.223529 0.5 0 0
13930 0.0494079 0.75 167.875 0.223529 0.5 0 0
13940 0.049371 0.875 168.75 0.219608 0.5 0 0
13950 0.049371 0.875 168.75 0.223529 0.5 0 0
13960 0.0493434 0.875 169.625 0.219608 0.5 0 0
13970 0.0493434 0.875 169.625 0.223529 0.5 0 0
13980 0.0493362 0.875 170.5 0.219608 0.5 0 0
13990 0.0493362 0.875 170.5 0.215686 0.5 0 0
14000 0.0493219 0.875 171.375 0.219608 0.5 0 0
14010 0.0493219 0.875 171.375 0.219608 0.5 0 0
14020 0.0493 0.875 172.25 0.215686 0.5 0 0
14030 0.0493 0.875 172.25 0.219608 0.5 0 0
14040 0.0492758 0.75 173 0.215686 0.5 0 0
14050 0.0492758 0.75 173 0.219608 0.5 0 0
14060 0.0492547 0.5 173.5 0.215686 0.5 0 0
14070 0.0492547 0.5 173.5 0.215686 0.5 0 0
14080 0.0491926 0.875 174.375 0.215686 0.5 0 0
14090 0.0491926 0.875 174.375 0.215686 0.5 0 0
14100 0.0489211 0.75 175.125 0.215686 0.5 0 0
14110 0.0489211 0.75 175.125 0.219608 0.5 0 0
14120 0.0482781 0.75 175.875 0.215686 0.5 0 0
14130 0.0482781 0.75 175.875 0.215686 0.5 0 0
14140 0.0481509 0.75 176.625 0.215686 0.5 0 0
14150 0.0481509 0.75 176.625 0.215686 0.5 0 0
14160 0.0481546 0.75 177.375 0.219608 0.5 0 0
14170 0.0481546 0.75 177.375 0.215686 0.5 0 0
14180 0.0480914 0.625 178 0.219608 0.5 0 0
14190 0.0480914 0.625 178 0.219608 0.5 0 0
14200 0.0480547 0.625 178.625 0.219608 0.5 0 0
14210 0.0480547 0.625 178.625 0.219608 0.5 0 0
14220 0.0479816 0.625 179.25 0.219608 0.5 0 0
14230 0.0479816 0.625 179.25 0.219608 0.5 0 0
14240 0.0479824 0.625 179.875 0.215686 0.5 0 0
14250 0.0479824 0.625 179.875 0.215686 0.5 0 0
14260 0.0479808 0.625 180.5 0.215686 0.5 0 0
14270 0.0479808 0.625 180.5 0.215686 0.5 0 0
14280 0.0479679 0.625 181.125 0.215686 0.5 0 0
14290 0.0479679 0.625 181.125 0.215686 0.5 0 0
14300 0.0479588 0.375 181.5 0.215686 0.5 0 0
14310 0.0479588 0.375 181.5 0.211765 0.5 0 0
14320 0.0479347 0.375 181.875 0.211765 0.5 0 0
14330 0.0479347 0.375 181.875 0.215686 0.5 0 0
14340 0.0479252 0.625 182.5 0.211765 0.5 0 0
14350 0.0479252 0.625 182.5 0.211765 0.5 0 0
14360 0.0479089 0.625 183.125 0.211765 0.5 0 0
14370 0.0479089 0.625 183.125 0.211765 0.5 0 0
14380 0.0479016 0.625 183.75 0.211765 0.5 0 0
14390 0.0479016 0.625 183.75 0.207843 0.5 0 0
14400 0.0478756 0.625 184.375 0.211765 0.5 0 0
14410 0.0478756 0.625 184.375 0.207843 0.5 0 0
14420 0.0478629 0.625 185 0.207843 0.5 0 0
14430 0.0478629 0.625 185 0.207843 0.5 0 0
14440 0.0478585 0.625 185.625 0.207843 0.5 0 0
14450 0.0478585 0.625 185.625 0.207843 0.5 0 0
14460 0.0478441 0.625 186.25 0.207843 0.5 0 0
14470 0.0478441 0.625 186.25 0.207843 0.5 0 0
14480 0.0477965 0.625 186.875 0.203922 0.5 0 0
14490 0.0477965 0.625 186.875 0.203922 0.5 0 0
14500 0.0477684 0.75 187.625 0.203922 0.5 0 0
14510 0.0477684 0.75 187.625 0.2 0.5 0 0
14520 0.0477352 0.75 188.375 0.203922 0.5 0 0
14530 0.0477352 0.75 188.375 0.203922 0.5 0 0
14540 0.0476997 0.75 189.125 0.203922 0.5 0 0
14550 0.0476997 0.75 189.125 0.2 0.5 0 0
14560 0.04768 0.625 189.75 0.203922 0.5 0 0
14570 0.04768 0.625 189.75 0.2 0.5 0 0
14580 0.0476847 0.625 190.375 0.203922 0.5 0 0
14590 0.0476847 0.625 190.375 0.203922 0.5 0 0
14600 0.0476481 0.625 191 0.203922 0.5 0 0
14610 0.0476481 0.625 191 0.2 0.5 0 0
14620 0.0476423 0.75 191.75 0.2 0.5 0 0
14630 0.0476423 0.75 191.75 0.2 0.5 0 0
14640 0.0475815 0.75 192.5 0.196078 0.5 0 0
14650 0.0475815 0.75 192.5 0.196078 0.5 0 0
14660 0.0475406 0.75 193.25 0.192157 0.5 0 0
14670 0.0475406 0.75 193.25 0.196078 0.5 0 0
14680 0.0474407 0.75 194 0.196078 0.5 0 0
14690 0.0474407 0.75 194 0.196078 0.5 0 0
14700 0.0472946 0.75 194.75 0.196078 0.5 0 0
14710 0.0472946 0.75 194.75 0.196078 0.5 0 0
14720 0.0472519 0.875 195.625 0.2 0.5 0 0
14730 0.0472519 0.875 195.625 0.196078 0.5 0 0
14740 0.0472019 0.875 196.5 0.196078 0.5 0 0
14750 0.0472019 0.875 196.5 0.196078 0.5 0 0
14760 0.0472241 0.875 197.375 0.203922 0.5 0 0
14770 0.0472241 0.875 197.375 0.207843 0.5 0 0
14780 0.0472592 0.875 198.25 0.2 0.5 0 0
14790 0.0472592 0.875 198.25 0.203922 0.5 0 0
14800 0.0472316 0.875 199.125 0.203922 0.5 0 0
14810 0.0472316 0.875 199.125 0.2 0.5 0 0
14820 0.0472095 0.75 199.875 0.2 0.5 0 0
14830 0.0472095 0.75 199.875 0.203922 0.5 0 0
14840 0.0469906 0.75 200.625 0.203922 0.5 0 0
14850 0.0469906 0.75 200.625 0.2 0.5 0 0
14860 0.0467578 0.75 201.375 0.2 0.5 0 0
14870 0.0467578 0.75 201.375 0.2 0.5 0 0
14880 0.0465672 0.625 202 0.203922 0.5 0 0
14890 0.0465672 0.625 202 0.203922 0.5 0 0
14900 0.0461789 0.625 202.625 0.203922 0.5 0 0
14910 0.0461789 0.625 202.625 0.203922 0.5 0 0
14920 0.0456645 0.625 203.25 0.2 0.5 0 0
14930 0.0456645 0.625 203.25 0.188235 0.5 0 0
14940 0.0450531 0.625 203.875 0.196078 0.5 0 0
14950 0.0450531 0.625 203.875 0.2 0.5 0 0
14960 0.0447791 0.75 204.625 0.203922 0.5 0 0
14970 0.0447791 0.75 204.625 0.196078 0.5 0 0
14980 0.0445137 0.75 205.375 0.203922 0.5 0 0
14990 0.0445137 0.75 205.375 0.2 0.5 0 0
15000 0.0440069 0.75 206.125 0.184314 0.5 0 0
15010 0.0440069 0.75 206.125 0.180392 0.5 0 0
15020 0.0435353 0.625 206.75 0.180392 0.5 0 0
15030 0.0435353 0.625 206.75 0.180392 0.5 0 0
15040 0.043262 0.625 207.375 0.180392 0.5 0 0
15050 0.043262 0.625 207.375 0.180392 0.5 0 0
15060 0.0430318 0.625 208 0.180392 0.5 0 0
15070 0.0430318 0.625 208 0.180392 0.5 0 0
15080 0.0430268 0.625 208.625 0.180392 0.5 0 0
15090 0.0430268 0.625 208.625 0.180392 0.5 0 0
15100 0.0430333 0.75 209.375 0.180392 0.5 0 0
15110 0.0430333 0.75 209.375 0.180392 0.5 0 0
15120 0.0430005 0.75 210.125 0.180392 0.5 0 0
15130 0.0430005 0.75 210.125 0.180392 0.5 0 0
15140 0.0427745 0.75 210.875 0.180392 0.5 0 0
15150 0.0427745 0.75 210.875 0.180392 0.5 0 0
15160 0.0427755 0.75 211.625 0.180392 0.5 0 0
15170 0.0427755 0.75 211.625 0.180392 0.5 0 0
15180 0.0426868 0.875 212.5 0.180392 0.5 0 0
15190 0.0426868 0.875 212.5 0.180392 0.5 0 0
15200 0.0426907 0.75 213.25 0.180392 0.5 0 0
15210 0.0426907 0.75 213.25 0.180392 0.5 0 0
15220 0.0426963 0.75 214 0.180392 0.5 0 0
15230 0.0426963 0.75 214 0.180392 0.5 0 0
15240 0.0426834 0.75 214.75 0.180392 0.5 0 0
15250 0.0426834 0.75 214.75 0.180392 0.5 0 0
15260 0.0426621 0.75 215.5 0.180392 0.5 0 0
15270 0.0426621 0.75 215.5 0.180392 0.5 0 0
15280 0.0426188 0.75 216.25 0.180392 0.5 0 0
15290 0.0426188 0.75 216.25 0.180392 0.5 0 0
15300 0.0425554 0.75 217 0.176471 0.5 0 0
15310 0.0425554 0.75 217 0.180392 0.5 0 0
15320 0.0424986 0.75 217.75 0.176471 0.5 0 0
15330 0.0424986 0.75 217.75 0.176471 0.5 0 0
15340 0.0424342 0.75 218.5 0.172549 0.5 0 0
15350 0.0424342 0.75 218.5 0.172549 0.5 0 0
15360 0.0423384 0.875 219.375 0.172549 0.5 0 0
15370 0.0423384 0.875 219.375 0.168627 0.5 0 0
15380 0.0418152 0.875 220.25 0.164706 0.5 0 0
15390 0.0418152 0.875 220.25 0.164706 0.5 0 0
15400 0.0413655 0.875 221.125 0.164706 0.5 0 0
15410 0.0413655 0.875 221.125 0.160784 0.5 0 0
15420 0.0412045 0.875 222 0.164706 0.5 0 0
15430 0.0412045 0.875 222 0.160784 0.5 0 0
15440 0.0410288 0.875 222.875 0.160784 0.5 0 0
15450 0.0410288 0.875 222.875 0.160784 0.5 0 0
15460 0.0409088 0.875 223.75 0.160784 0.5 0 0
15470 0.0409088 0.875 223.75 0.160784 0.5 0 0
15480 0.0408246 0.625 224.375 0.160784 0.5 0 0
15490 0.0408246 0.625 224.375 0.160784 0.5 0 0
15500 0.0407329 0.5 224.875 0.160784 0.5 0 0
15510 0.0407329 0.5 224.875 0.160784 0.5 0 0
15520 0.0405853 0.5 225.375 0.164706 0.5 0 0
15530 0.0405853 0.5 225.375 0.160784 0.5 0 0
15540 0.0403878 0.875 226.25 0.160784 0.5 0 0
15550 0.0403878 0.875 226.25 0.160784 0.5 0 0
15560 0.0403003 0.875 227.125 0.160784 0.5 0 0
15570 0.0403003 0.875 227.125 0.160784 0.5 0 0
15580 0.0402257 0.875 228 0.164706 0.5 0 0
15590 0.0402257 0.875 228 0.160784 0.5 0 0
15600 0.0401764 0.875 228.875 0.164706 0.5 0 0
15610 0.0401764 0.875 228.875 0.160784 0.5 0 0
15620 0.0401293 0.75 229.625 0.160784 0.5 0 0
15630 0.0401293 0.75 229.625 0.160784 0.5 0 0
15640 0.0399237 0.5 230.125 0.160784 0.5 0 0
15650 0.0399237 0.5 230.125 0.156863 0.5 0 0
15660 0.0394484 0.75 230.875 0.152941 0.5 0 0
15670 0.0394484 0.75 230.875 0.14902 0.5 0 0
15680 0.0386135 0.75 231.625 0.152941 0.5 0 0
15690 0.0386135 0.75 231.625 0.14902 0.5 0 0
15700 0.0379579 0.75 232.375 0.152941 0.5 0 0
15710 0.0379579 0.75 232.375 0.152941 0.5 0 0
15720 0.0375235 0.75 233.125 0.156863 0.5 0 0
15730 0.0375235 0.75 233.125 0.152941 0.5 0 0
15740 0.0374446 0.75 233.875 0.152941 0.5 0 0
15750 0.0374446 0.75 233.875 0.152941 0.5 0 0
15760 0.0371299 0.75 234.625 0.152941 0.5 0 0
15770 0.0371299 0.75 234.625 0.14902 0.5 0 0
15780 0.0368084 0.75 235.375 0.14902 0.5 0 0
15790 0.0368084 0.75 235.375 0.14902 0.5 0 0
15800 0.0367002 0.625 236 0.152941 0.5 0 0
15810 0.0367002 0.625 236 0.14902 0.5 0 0
15820 0.0364014 0.625 236.625 0.14902 0.5 0 0
15830 0.0364014 0.625 236.625 0.152941 0.5 0 0
15840 0.0363414 0.5 237.125 0.152941 0.5 0 0
15850 0.0363414 0.5 237.125 0.14902 0.5 0 0
15860 0.0363018 0.625 237.75 0.14902 0.5 0 0
15870 0.0363018 0.625 237.75 0.152941 0.5 0 0
15880 0.036287 0.625 238.375 0.14902 0.5 0 0
15890 0.036287 0.625 238.375 0.14902 0.5 0 0
15900 0.0362983 0.625 239 0.152941 0.5 0 0
15910 0.0362983 0.625 239 0.152941 0.5 0 0
15920 0.0363107 0.625 239.625 0.14902 0.5 0 0
15930 0.0363107 0.625 239.625 0.14902 0.5 0 0
15940 0.036324 0.625 240.25 0.14902 0.5 0 0
15950 0.036324 0.625 240.25 0.14902 0.5 0 0
15960 0.0363387 0.375 240.625 0.14902 0.5 0 0
15970 0.0363387 0.375 240.625 0.14902 0.5 0 0
15980 0.0363555 0.625 241.25 0.14902 0.5 0 0
15990 0.0363555 0.625 241.25 0.145098 0.5 0 0
16000 0.0363728 0.625 241.875 0.14902 0.5 0 0
16010 0.0363728 0.625 241.875 0.14902 0.5 0 0
16020 0.0363885 0.625 242.5 0.14902 0.5 0 0
16030 0.0363885 0.625 242.5 0.145098 0.5 0 0
16040 0.0364014 0.625 243.125 0.14902 0.5 0 0
16050 0.0364014 0.625 243.125 0.14902 0.5 0 0
16060 0.0364149 0.625 243.75 0.145098 0.5 0 0
16070 0.0364149 0.625 243.75 0.14902 0.5 0 0
16080 0.0364253 0.625 244.375 0.14902 0.5 0 0
16090 0.0364253 0.625 244.375 0.14902 0.5 0 0
16100 0.0364351 0.625 245 0.14902 0.5 0 0
16110 0.0364351 0.625 245 0.152941 0.5 0 0
16120 0.0364441 0.625 245.625 0.14902 0.5 0 0
16130 0.0364441 0.625 245.625 0.14902 0.5 0 0
16140 0.0364361 0.5 246.125 0.14902 0.5 0 0
16150 0.0364361 0.5 246.125 0.152941 0.5 0 0
16160 0.0363811 0.5 246.625 0.14902 0.5 0 0
16170 0.0363811 0.5 246.625 0.14902 0.5 0 0
16180 0.0363063 0.5 247.125 0.14902 0.5 0 0
16190 0.0363063 0.5 247.125 0.14902 0.5 0 0
16200 0.0362397 0.375 247.5 0.145098 0.5 0 0
16210 0.0362397 0.375 247.5 0.145098 0.5 0 0
16220 0.0361216 0.375 247.875 0.145098 0.5 0 0
16230 0.0361216 0.375 247.875 0.145098 0.5 0 0
16240 0.0357076 0.375 248.25 0.141176 0.5 0 0
16250 0.0357076 0.375 248.25 0.137255 0.5 0 0
16260 0.0350737 0.375 248.625 0.133333 0.5 0 0
16270 0.0350737 0.375 248.625 0.137255 0.5 0 0
16280 0.0344045 0.375 249 0.141176 0.5 0 0
16290 0.0344045 0.375 249 0.141176 0.5 0 0
16300 0.0341268 0.5 249.5 0.141176 0.5 0 0
16310 0.0341268 0.5 249.5 0.141176 0.5 0 0
16320 0.0337868 0.5 250 0.141176 0.5 0 0
16330 0.0337868 0.5 250 0.133333 0.5 0 0
16340 0.0324986 0.5 250.5 0.12549 0.5 0 0
16350 0.0324986 0.5 250.5 0.12549 0.5 0 0
16360 0.0310811 0.5 251 0.133333 0.5 0 0
16370 0.0310811 0.5 251 0.137255 0.5 0 0
16380 0.0306764 0.5 251.5 0.137255 0.5 0 0
16390 0.0306764 0.5 251.5 0.133333 0.5 0 0
16400 0.030644 0.5 252 0.141176 0.5 0 0
16410 0.030644 0.5 252 0.137255 0.5 0 0
16420 0.0305554 0.5 252.5 0.137255 0.5 0 0
16430 0.0305554 0.5 252.5 0.137255 0.5 0 0
16440 0.0301441 0.5 253 0.129412 0.5 0 0
16450 0.0301441 0.5 253 0.117647 0.5 0 0
16460 0.0293348 0.5 253.5 0.117647 0.5 0 0
16470 0.0293348 0.5 253.5 0.117647 0.5 0 0
16480 0.028466 0.625 254.125 0.117647 0.5 0 0
16490 0.028466 0.625 254.125 0.117647 0.5 0 0
16500 0.0281827 0.625 254.75 0.117647 0.5 0 0
16510 0.0281827 0.625 254.75 0.117647 0.5 0 0
16520 0.0279481 0.625 255.375 0.117647 0.5 0 0
16530 0.0279481 0.625 255.375 0.117647 0.5 0 0
16540 0.0279253 0.625 256 0.117647 0.5 0 0
16550 0.0279253 0.625 256 0.117647 0.5 0 0
16560 0.0279253 0.625 256.625 0.117647 0.5 0 0
16570 0.0279253 0.625 256.625 0.117647 0.5 0 0
16580 0.0278786 0.625 257.25 0.117647 0.5 0 0
16590 0.0278786 0.625 257.25 0.117647 0.5 0 0
16600 0.0278309 0.625 257.875 0.117647 0.5 0 0
16610 0.0278309 0.625 257.875 0.117647 0.5 0 0
16620 0.0278291 0.625 258.5 0.117647 0.5 0 0
16630 0.0278291 0.625 258.5 0.117647 0.5 0 0
16640 0.0278291 0.625 259.125 0.117647 0.5 0 0
16650 0.0278291 0.625 259.125 0.117647 0.5 0 0
16660 0.0278269 0.375 259.5 0.117647 0.5 0 0
16670 0.0278269 0.375 259.5 0.117647 0.5 0 0
16680 0.0278223 0.375 259.875 0.117647 0.5 0 0
16690 0.0278223 0.375 259.875 0.117647 0.5 0 0
16700 0.0279212 0.25 260.125 0.117647 0.5 0 0
16710 0.0279212 0.25 260.125 0.117647 0.5 0 0
16720 0.0282852 0 260.125 0.121569 0.5 0 0
16730 0.0282852 0 260.125 0.12549 0.5 0 0
16740 0.0286765 0 260.125 0.12549 0.5 0 0
16750 0.0286765 0 260.125 0.12549 0.5 0 0
16760 0.0287471 0 260.125 0.129412 0.5 0 0
16770 0.0287471 0 260.125 0.129412 0.5 0 0
16780 0.0287018 0 260.125 0.129412 0.5 0 0
16790 0.0287018 0 260.125 0.117647 0.5 0 0
16800 0.0282713 0 260.125 0.117647 0.5 0 0
16810 0.0282713 0 260.125 0.109804 0.5 0 0
16820 0.0275485 0 260.125 0.113725 0.5 0 0
16830 0.0275485 0 260.125 0.117647 0.5 0 0
16840 0.0272579 0 260.125 0.117647 0.5 0 0
16850 0.0272579 0 260.125 0.117647 0.5 0 0
16860 0.0271861 0 260.125 0.117647 0.5 0 0
16870 0.0271861 0 260.125 0.117647 0.5 0 0
16880 0.026986 0 260.125 0.117647 0.5 0 0
16890 0.026986 0 260.125 0.117647 0.5 0 0
16900 0.0267722 0 260.125 0.117647 0.5 0 0
16910 0.0267722 0 260.125 0.117647 0.5 0 0
16920 0.0264974 0 260.125 0.117647 0.5 0 0
16930 0.0264974 0 260.125 0.117647 0.5 0 0
16940 0.0262322 0 260.125 0.117647 0.5 0 0
16950 0.0262322 0 260.125 0.117647 0.5 0 0
16960 0.0258591 0 260.125 0.109804 0.5 0 0
16970 0.0258591 0 260.125 0.105882 0.5 0 0
16980 0.0251734 0 260.125 0.105882 0.5 0 0
16990 0.0251734 0 260.125 0.105882 0.5 0 0
17000 0.0246638 0.25 260.375 0.105882 0.5 0 0
17010 0.0246638 0.25 260.375 0.105882 0.5 0 0
17020 0.0240322 0.375 260.75 0.101961 0.5 0 0
17030 0.0240322 0.375 260.75 0.101961 0.5 0 0
17040 0.0235787 0.5 261.25 0.101961 0.5 0 0
17050 0.0235787 0.5 261.25 0.101961 0.5 0 0
17060 0.023221 0.5 261.75 0.101961 0.5 0 0
17070 0.023221 0.5 261.75 0.101961 0.5 0 0
17080 0.0230745 0.5 262.25 0.101961 0.5 0 0
17090 0.0230745 0.5 262.25 0.101961 0.5 0 0
17100 0.0229584 0.5 262.75 0.101961 0.5 0 0
17110 0.0229584 0.5 262.75 0.101961 0.5 0 0
17120 0.0228891 0.5 263.25 0.101961 0.5 0 0
17130 0.0228891 0.5 263.25 0.101961 0.5 0 0
17140 0.0228254 0.375 263.625 0.101961 0.5 0 0
17150 0.0228254 0.375 263.625 0.101961 0.5 0 0
17160 0.022765 0.375 264 0.101961 0.5 0 0
17170 0.022765 0.375 264 0.101961 0.5 0 0
17180 0.0226726 0.375 264.375 0.101961 0.5 0 0
17190 0.0226726 0.375 264.375 0.101961 0.5 0 0
17200 0.0225685 0.375 264.75 0.0980392 0.5 0 0
17210 0.0225685 0.375 264.75 0.101961 0.5 0 0
17220 0.0224621 0.375 265.125 0.0980392 0.5 0 0
17230 0.0224621 0.375 265.125 0.0980392 0.5 0 0
17240 0.0222009 0.25 265.375 0.0980392 0.5 0 0
17250 0.0222009 0.25 265.375 0.0980392 0.5 0 0
17260 0.0217163 0.25 265.625 0.0980392 0.5 0 0
17270 0.0217163 0.25 265.625 0.0980392 0.5 0 0
17280 0.021466 0.25 265.875 0.0980392 0.5 0 0
17290 0.021466 0.25 265.875 0.0941176 0.5 0 0
17300 0.0212069 0.25 266.125 0.0941176 0.5 0 0
17310 0.0212069 0.25 266.125 0.0941176 0.5 0 0
17320 0.0204608 0.25 266.375 0.0941176 0.5 0 0
17330 0.0204608 0.25 266.375 0.0941176 0.5 0 0
17340 0.0200284 0.25 266.625 0.0941176 0.5 0 0
17350 0.0200284 0.25 266.625 0.0941176 0.5 0 0
17360 0.0197903 0.25 266.875 0.0941176 0.5 0 0
17370 0.0197903 0.25 266.875 0.0941176 0.5 0 0
17380 0.019579 0.25 267.125 0.0941176 0.5 0 0
17390 0.019579 0.25 267.125 0.0941176 0.5 0 0
17400 0.0194874 0.25 267.375 0.0941176 0.5 0 0
17410 0.0194874 0.25 267.375 0.0941176 0.5 0 0
17420 0.0193883 0.25 267.625 0.0941176 0.5 0 0
17430 0.0193883 0.25 267.625 0.0980392 0.5 0 0
17440 0.019066 0.25 267.875 0.0941176 0.5 0 0
17450 0.019066 0.25 267.875 0.0941176 0.5 0 0
17460 0.0190072 0.25 268.125 0.0901961 0.5 0 0
17470 0.0190072 0.25 268.125 0.0941176 0.5 0 0
17480 0.0188347 0 268.125 0.0901961 0.5 0 0
17490 0.0188347 0 268.125 0.0862745 0.5 0 0
17500 0.0188999 0 268.125 0.0941176 0.5 0 0
17510 0.0188999 0 268.125 0.0941176 0.5 0 0
17520 0.0188533 0 268.125 0.0941176 0.5 0 0
17530 0.0188533 0 268.125 0.0941176 0.5 0 0
17540 0.0187274 0 268.125 0.0941176 0.5 0 0
17550 0.0187274 0 268.125 0.0941176 0.5 0 0
17560 0.0185364 0 268.125 0.0901961 0.5 0 0
17570 0.0185364 0 268.125 0.0901961 0.5 0 0
17580 0.0182503 0 268.125 0.0901961 0.5 0 0
17590 0.0182503 0 268.125 0.0901961 0.5 0 0
17600 0.017779 0 268.125 0.0901961 0.5 0 0
17610 0.017779 0 268.125 0.0862745 0.5 0 0
17620 0.0172347 0 268.125 0.0862745 0.5 0 0
17630 0.0172347 0 268.125 0.0901961 0.5 0 0
17640 0.0170409 0 268.125 0.0901961 0.5 0 0
17650 0.0170409 0 268.125 0.0862745 0.5 0 0
17660 0.0168309 0 268.125 0.0901961 0.5 0 0
17670 0.0168309 0 268.125 0.0901961 0.5 0 0
17680 0.0165524 0 268.125 0.0901961 0.5 0 0
17690 0.0165524 0 268.125 0.0862745 0.5 0 0
17700 0.0161247 0 268.125 0.0901961 0.5 0 0
17710 0.0161247 0 268.125 0.0941176 0.5 0 0
17720 0.0159443 0 268.125 0.0941176 0.5 0 0
17730 0.0159443 0 268.125 0.0941176 0.5 0 0
17740 0.0158721 0 268.125 0.0941176 0.5 0 0
17750 0.0158721 0 268.125 0.0901961 0.5 0 0
17760 0.015613 0 268.125 0.0901961 0.5 0 0
17770 0.015613 0 268.125 0.0862745 0.5 0 0
17780 0.0153372 0 268.125 0.0862745 0.5 0 0
17790 0.0153372 0 268.125 0.0823529 0.5 0 0
17800 0.0149694 0 268.125 0.0784314 0.5 0 0
17810 0.0149694 0 268.125 0.0784314 0.5 0 0
17820 0.0140019 0 268.125 0.0784314 0.5 0 0
17830 0.0140019 0 268.125 0.0784314 0.5 0 0
17840 0.0134355 0.25 268.375 0.0784314 0.5 0 0
17850 0.0134355 0.25 268.375 0.0784314 0.5 0 0
17860 0.0130079 0.25 268.625 0.0784314 0.5 0 0
17870 0.0130079 0.25 268.625 0.0784314 0.5 0 0
17880 0.0128097 0.25 268.875 0.0784314 0.5 0 0
17890 0.0128097 0.25 268.875 0.0784314 0.5 0 0
17900 0.0127302 0.25 269.125 0.0784314 0.5 0 0
17910 0.0127302 0.25 269.125 0.0784314 0.5 0 0
17920 0.0125766 0.25 269.375 0.0784314 0.5 0 0
17930 0.0125766 0.25 269.375 0.0784314 0.5 0 0
17940 0.0124991 0.25 269.625 0.0784314 0.5 0 0
17950 0.0124991 0.25 269.625 0.0784314 0.5 0 0
17960 0.0124324 0.25 269.875 0.0745098 0.5 0 0
17970 0.0124324 0.25 269.875 0.0784314 0.5 0 0
17980 0.0122802 0 269.875 0.0745098 0.5 0 0
17990 0.0122802 0 269.875 0.0745098 0.5 0 0
18000 0.0124263 0 269.875 0.0745098 0.5 0 0
18010 0.0124263 0 269.875 0.0784314 0.5 0 0
18020 0.0123999 0 269.875 0.0784314 0.5 0 0
18030 0.0123999 0 269.875 0.0823529 0.5 0 0
18040 0.0123302 0 269.875 0.0823529 0.5 0 0
18050 0.0123302 0 269.875 0.0784314 0.5 0 0
18060 0.0120934 0 269.875 0.0784314 0.5 0 0
18070 0.0120934 0 269.875 0.0784314 0.5 0 0
18080 0.011884 0 269.875 0.0784314 0.5 0 0
18090 0.011884 0 269.875 0.0784314 0.5 0 0
18100 0.0114244 0 269.875 0.0745098 0.5 0 0
18110 0.0114244 0 269.875 0.0705882 0.5 0 0
18120 0.0109724 0 269.875 0.0666667 0.5 0 0
18130 0.0109724 0 269.875 0.0666667 0.5 0 0
18140 0.0105713 0 269.875 0.0666667 0.5 0 0
18150 0.0105713 0 269.875 0.0666667 0.5 0 0
18160 0.00980355 0.25 270.125 0.0666667 0.5 0 0
18170 0.00980355 0.25 270.125 0.0666667 0.5 0 0
18180 0.00943811 0.25 270.375 0.0666667 0.5 0 0
18190 0.00943811 0.25 270.375 0.0666667 0.5 0 0
18200 0.00904376 0.375 270.75 0.0666667 0.5 0 0
18210 0.00904376 0.375 270.75 0.0666667 0.5 0 0
18220 0.00877674 0.375 271.125 0.0666667 0.5 0 0
18230 0.00877674 0.375 271.125 0.0666667 0.5 0 0
18240 0.00860274 0.375 271.5 0.0666667 0.5 0 0
18250 0.00860274 0.375 271.5 0.0666667 0.5 0 0
18260 0.00846799 0.375 271.875 0.0666667 0.5 0 0
18270 0.00846799 0.375 271.875 0.0666667 0.5 0 0
18280 0.00824985 0.25 272.125 0.0666667 0.5 0 0
18290 0.00824985 0.25 272.125 0.0666667 0.5 0 0
18300 0.00806176 0.25 272.375 0.0666667 0.5 0 0
18310 0.00806176 0.25 272.375 0.0627451 0.5 0 0
18320 0.00799113 0.375 272.75 0.0627451 0.5 0 0
18330 0.00799113 0.375 272.75 0.0627451 0.5 0 0
18340 0.00787588 0.375 273.125 0.0627451 0.5 0 0
18350 0.00787588 0.375 273.125 0.0627451 0.5 0 0
18360 0.00778613 0.375 273.5 0.0627451 0.5 0 0
18370 0.00778613 0.375 273.5 0.0627451 0.5 0 0
18380 0.00760126 0.375 273.875 0.0588235 0.5 0 0
18390 0.00760126 0.375 273.875 0.0588235 0.5 0 0
18400 0.00722827 0.375 274.25 0.0588235 0.5 0 0
18410 0.00722827 0.375 274.25 0.0627451 0.5 0 0
18420 0.00702822 0.5 274.75 0.0627451 0.5 0 0
18430 0.00702822 0.5 274.75 0.0627451 0.5 0 0
18440 0.00693728 0.75 275.5 0.0627451 0.5 0 0
18450 0.00693728 0.75 275.5 0.0588235 0.5 0 0
18460 0.00681472 0.75 276.25 0.0588235 0.5 0 0
18470 0.00681472 0.75 276.25 0.0588235 0.5 0 0
18480 0.00660899 0.75 277 0.0588235 0.5 0 0
18490 0.00660899 0.75 277 0.0627451 0.5 0 0
18500 0.00652222 0.75 277.75 0.0627451 0.5 0 0
18510 0.00652222 0.75 277.75 0.0666667 0.5 0 0
18520 0.00648165 0.75 278.5 0.0666667 0.5 0 0
18530 0.00648165 0.75 278.5 0.0666667 0.5 0 0
18540 0.00638954 0.25 278.75 0.0666667 0.5 0 0
18550 0.00638954 0.25 278.75 0.0627451 0.5 0 0
18560 0.00614475 0.75 279.5 0.0588235 0.5 0 0
18570 0.00614475 0.75 279.5 0.0588235 0.5 0 0
18580 0.00592585 0.75 280.25 0.0588235 0.5 0 0
18590 0.00592585 0.75 280.25 0.0588235 0.5 0 0
18600 0.00586967 0.75 281 0.0588235 0.5 0 0
18610 0.00586967 0.75 281 0.0588235 0.5 0 0
18620 0.0058119 0.75 281.75 0.0588235 0.5 0 0
18630 0.0058119 0.75 281.75 0.0588235 0.5 0 0
18640 0.00578388 0.75 282.5 0.0588235 0.5 0 0
18650 0.00578388 0.75 282.5 0.0588235 0.5 0 0
18660 0.00576835 0.75 283.25 0.0588235 0.5 0 0
18670 0.00576835 0.75 283.25 0.054902 0.5 0 0
18680 0.00572659 0.75 284 0.054902 0.5 0 0
18690 0.00572659 0.75 284 0.054902 0.5 0 0
18700 0.00557295 0.625 284.625 0.054902 0.5 0 0
18710 0.00557295 0.625 284.625 0.054902 0.5 0 0
18720 0.00546065 0.625 285.25 0.054902 0.5 0 0
18730 0.00546065 0.625 285.25 0.054902 0.5 0 0
18740 0.0055746 0.625 285.875 0.054902 0.5 0 0
18750 0.0055746 0.625 285.875 0.054902 0.5 0 0
18760 0.00560046 0.625 286.5 0.0588235 0.5 0 0
18770 0.00560046 0.625 286.5 0.0588235 0.5 0 0
18780 0.00557357 0.625 287.125 0.0588235 0.5 0 0
18790 0.00557357 0.625 287.125 0.0588235 0.5 0 0
18800 0.00547003 0.625 287.75 0.0588235 0.5 0 0
18810 0.00547003 0.625 287.75 0.0588235 0.5 0 0
18820 0.00538548 0.625 288.375 0.0627451 0.5 0 0
18830 0.00538548 0.625 288.375 0.0627451 0.5 0 0
18840 0.0052811 0.5 288.875 0.0627451 0.5 0 0
18850 0.0052811 0.5 288.875 0.0627451 0.5 0 0
18860 0.00519516 0.25 289.125 0.0588235 0.5 0 0
18870 0.00519516 0.25 289.125 0.054902 0.5 0 0
18880 0.00498871 0.25 289.375 0.054902 0.5 0 0
18890 0.00498871 0.25 289.375 0.0509804 0.5 0 0
18900 0.00483168 0.25 289.625 0.0509804 0.5 0 0
18910 0.00483168 0.25 289.625 0.0509804 0.5 0 0
18920 0.00490604 0.25 289.875 0.054902 0.5 0 0
18930 0.00490604 0.25 289.875 0.054902 0.5 0 0
18940 0.00496233 0.25 290.125 0.0588235 0.5 0 0
18950 0.00496233 0.25 290.125 0.0588235 0.5 0 0
18960 0.00491577 0 290.125 0.054902 0.5 0 0
18970 0.00491577 0 290.125 0.054902 0.5 0 0
18980 0.00479148 0 290.125 0.054902 0.5 0 0
18990 0.00479148 0 290.125 0.054902 0.5 0 0
19000 0.00466595 0.25 290.375 0.054902 0.5 0 0
19010 0.00466595 0.25 290.375 0.054902 0.5 0 0
19020 0.00458849 0.25 290.625 0.0509804 0.5 0 0
19030 0.00458849 0.25 290.625 0.0509804 0.5 0 0
19040 0.00451552 0.25 290.875 0.0509804 0.5 0 0
19050 0.00451552 0.25 290.875 0.0509804 0.5 0 0
19060 0.00447548 0.25 291.125 0.0509804 0.5 0 0
19070 0.00447548 0.25 291.125 0.0509804 0.5 0 0
19080 0.00443144 0.5 291.625 0.0509804 0.5 0 0
19090 0.00443144 0.5 291.625 0.0509804 0.5 0 0
19100 0.00444155 0.5 292.125 0.0509804 0.5 0 0
19110 0.00444155 0.5 292.125 0.0509804 0.5 0 0
19120 0.00449878 0.5 292.625 0.0509804 0.5 0 0
19130 0.00449878 0.5 292.625 0.0509804 0.5 0 0
19140 0.00448309 0.625 293.25 0.0509804 0.5 0 0
19150 0.00448309 0.625 293.25 0.0509804 0.5 0 0
19160 0.00446499 0.625 293.875 0.0509804 0.5 0 0
19170 0.00446499 0.625 293.875 0.0509804 0.5 0 0
19180 0.00445626 0.75 294.625 0.0509804 0.5 0 0
19190 0.00445626 0.75 294.625 0.0509804 0.5 0 0
19200 0.00447397 0.625 295.25 0.0509804 0.5 0 0
19210 0.00447397 0.625 295.25 0.0509804 0.5 0 0
19220 0.0045292 0.625 295.875 0.0509804 0.5 0 0
19230 0.0045292 0.625 295.875 0.0509804 0.5 0 0
19240 0.00448719 0.5 296.375 0.0509804 0.5 0 0
19250 0.00448719 0.5 296.375 0.054902 0.5 0 0
19260 0.00449304 0.5 296.875 0.0588235 0.5 0 0
19270 0.00449304 0.5 296.875 0.0588235 0.5 0 0
19280 0.00451462 0.5 297.375 0.0627451 0.5 0 0
19290 0.00451462 0.5 297.375 0.0588235 0.5 0 0
19300 0.00451891 0.5 297.875 0.0627451 0.5 0 0
19310 0.00451891 0.5 297.875 0.0627451 0.5 0 0
19320 0.00454768 0.25 298.125 0.0627451 0.5 0 0
19330 0.00454768 0.25 298.125 0.0627451 0.5 0 0
19340 0.00446167 0.25 298.375 0.0627451 0.5 0 0
19350 0.00446167 0.25 298.375 0.0627451 0.5 0 0
19360 0.00434308 0 298.375 0.0627451 0.5 0 0
19370 0.00434308 0 298.375 0.0666667 0.5 0 0
19380 0.00433719 0 298.375 0.0666667 0.5 0 0
19390 0.00433719 0 298.375 0.0666667 0.5 0 0
19400 0.00431067 0 298.375 0.0666667 0.5 0 0
19410 0.00431067 0 298.375 0.0666667 0.5 0 0
19420 0.00425197 0 298.375 0.0666667 0.5 0 0
19430 0.00425197 0 298.375 0.0627451 0.5 0 0
19440 0.00429537 0 298.375 0.0588235 0.5 0 0
19450 0.00429537 0 298.375 0.054902 0.5 0 0
19460 0.00427058 0 298.375 0.0509804 0.5 0 0
19470 0.00427058 0 298.375 0.0509804 0.5 0 0
19480 0.00432632 0 298.375 0.0509804 0.5 0 0
19490 0.00432632 0 298.375 0.0470588 0.5 0 0
19500 0.00422838 0.25 298.625 0.0509804 0.5 0 0
19510 0.00422838 0.25 298.625 0.0509804 0.5 0 0
19520 0.00422167 0.5 299.125 0.0509804 0.5 0 0
19530 0.00422167 0.5 299.125 0.0509804 0.5 0 0
19540 0.0042692 0.625 299.75 0.0509804 0.5 0 0
19550 0.0042692 0.625 299.75 0.0509804 0.5 0 0
19560 0.00424122 0.625 300.375 0.0509804 0.5 0 0
19570 0.00424122 0.625 300.375 0.0470588 0.5 0 0
19580 0.00422027 0.625 301 0.0509804 0.5 0 0
19590 0.00422027 0.625 301 0.0509804 0.5 0 0
19600 0.00427361 0.375 301.375 0.054902 0.5 0 0
19610 0.00427361 0.375 301.375 0.0509804 0.5 0 0
19620 0.00428912 0.375 301.75 0.054902 0.5 0 0
19630 0.00428912 0.375 301.75 0.0509804 0.5 0 0
19640 0.00426716 0.25 302 0.0509804 0.5 0 0
19650 0.00426716 0.25 302 0.0509804 0.5 0 0
19660 0.00424022 0.375 302.375 0.0509804 0.5 0 0
19670 0.00424022 0.375 302.375 0.0509804 0.5 0 0
19680 0.00422534 0.375 302.75 0.0509804 0.5 0 0
19690 0.00422534 0.375 302.75 0.0509804 0.5 0 0
19700 0.00421117 0.375 303.125 0.0509804 0.5 0 0
19710 0.00421117 0.375 303.125 0.0509804 0.5 0 0
19720 0.00415484 0.375 303.5 0.0509804 0.5 0 0
19730 0.00415484 0.375 303.5 0.0509804 0.5 0 0
19740 0.00415413 0.375 303.875 0.0509804 0.5 0 0
19750 0.00415413 0.375 303.875 0.0509804 0.5 0 0
19760 0.00408114 0.25 304.125 0.0509804 0.5 0 0
19770 0.00408114 0.25 304.125 0.0509804 0.5 0 0
19780 0.00396933 0.25 304.375 0.0509804 0.5 0 0
19790 0.00396933 0.25 304.375 0.0509804 0.5 0 0
19800 0.00394087 0 304.375 0.0509804 0.5 0 0
19810 0.00394087 0 304.375 0.0509804 0.5 0 0
19820 0.00408249 0 304.375 0.0509804 0.5 0 0
19830 0.00408249 0 304.375 0.0509804 0.5 0 0
19840 0.004124 0 304.375 0.0509804 0.5 0 0
19850 0.004124 0 304.375 0.0509804 0.5 0 0
19860 0.00403681 0 304.375 0.0509804 0.5 0 0
19870 0.00403681 0 304.375 0.0509804 0.5 0 0
19880 0.00396419 0 304.375 0.0470588 0.5 0 0
19890 0.00396419 0 304.375 0.0509804 0.5 0 0
19900 0.00399477 0 304.375 0.0509804 0.5 0 0
19910 0.00399477 0 304.375 0.054902 0.5 0 0
19920 0.00408307 0 304.375 0.054902 0.5 0 0
19930 0.00408307 0 304.375 0.054902 0.5 0 0
19940 0.0040902 0 304.375 0.0509804 0.5 0 0
19950 0.0040902 0 304.375 0.0470588 0.5 0 0
19960 0.00402419 0 304.375 0.0509804 0.5 0 0
19970 0.00402419 0 304.375 0.054902 0.5 0 0
19980 0.00390207 0 304.375 0.054902 0.5 0 0
19990 0.00390207 0 304.375 0.0588235 0.5 0 0
20000 0.00396868 0 304.375 0.0588235 0.5 0 0
20010 0.00396868 0 304.375 0.0588235 0.5 0 0
