0 0.129736 0 0 0.5 0.5 0 0
10 0.129736 0 0 0.662745 0.5 0 0
20 0.128218 0.125 0.125 0.737255 0.5 0 0
30 0.128218 0.125 0.125 0.835294 0.5 0 0
40 0.128218 0.25 0.375 0.72549 0.5 0 0
50 0.128218 0.25 0.375 0.717647 0.5 0 0
60 0.128218 0.25 0.625 0.717647 0.5 0 0
70 0.128218 0.25 0.625 0.737255 0.5 0 0
80 0.128164 0.25 0.875 0.8 0.5 0 0
90 0.128164 0.25 0.875 0.72549 0.5 0 0
100 0.12795 0.25 1.125 0.647059 0.5 0 0
110 0.12795 0.25 1.125 0.831373 0.5 0 0
120 0.127612 0.125 1.25 0.682353 0.5 0 0
130 0.127612 0.125 1.25 0.647059 0.5 0 0
140 0.127398 0.125 1.375 0.737255 0.5 0 0
150 0.127398 0.125 1.375 0.776471 0.5 0 0
160 0.127398 0.125 1.5 0.713725 0.5 0 0
170 0.127398 0.125 1.5 0.635294 0.5 0 0
180 0.125847 0.125 1.625 0.792157 0.5 0 0
190 0.125847 0.125 1.625 0.647059 0.5 0 0
200 0.124908 0.125 1.75 0.835294 0.5 0 0
210 0.124908 0.125 1.75 0.835294 0.5 0 0
220 0.12435 0 1.75 0.647059 0.5 0 0
230 0.12435 0 1.75 0.662745 0.5 0 0
240 0.124062 0.125 1.875 0.717647 0.5 0 0
250 0.124062 0.125 1.875 0.831373 0.5 0 0
260 0.124001 0.125 2 0.792157 0.5 0 0
270 0.124001 0.125 2 0.835294 0.5 0 0
280 0.123942 0.125 2.125 0.682353 0.5 0 0
290 0.123942 0.125 2.125 0.792157 0.5 0 0
300 0.123896 0.125 2.25 0.682353 0.5 0 0
310 0.123896 0.125 2.25 0.792157 0.5 0 0
320 0.123862 0.125 2.375 0.713725 0.5 0 0
330 0.123862 0.125 2.375 0.701961 0.5 0 0
340 0.123824 0 2.375 0.792157 0.5 0 0
350 0.123824 0 2.375 0.666667 0.5 0 0
360 0.123816 0 2.375 0.792157 0.5 0 0
370 0.123816 0 2.375 0.686275 0.5 0 0
380 0.12401 0 2.375 0.776471 0.5 0 0
390 0.12401 0 2.375 0.643137 0.5 0 0
400 0.124538 0 2.375 0.690196 0.5 0 0
410 0.124538 0 2.375 0.643137 0.5 0 0
420 0.124765 0.125 2.5 0.776471 0.5 0 0
430 0.124765 0.125 2.5 0.772549 0.5 0 0
440 0.1247 0.125 2.625 0.67451 0.5 0 0
450 0.1247 0.125 2.625 0.647059 0.5 0 0
460 0.124721 0.125 2.75 0.792157 0.5 0 0
470 0.124721 0.125 2.75 0.8 0.5 0 0
480 0.124734 0.125 2.875 0.682353 0.5 0 0
490 0.124734 0.125 2.875 0.717647 0.5 0 0
500 0.124742 0.125 3 0.694118 0.5 0 0
510 0.124742 0.125 3 0.666667 0.5 0 0
520 0.124746 0.125 3.125 0.65098 0.5 0 0
530 0.124746 0.125 3.125 0.792157 0.5 0 0
540 0.124748 0.125 3.25 0.682353 0.5 0 0
550 0.124748 0.125 3.25 0.670588 0.5 0 0
560 0.124748 0.25 3.5 0.717647 0.5 0 0
570 0.124748 0.25 3.5 0.792157 0.5 0 0
580 0.12475 0.125 3.625 0.654902 0.5 0 0
590 0.12475 0.125 3.625 0.686275 0.5 0 0
600 0.124818 0.125 3.75 0.686275 0.5 0 0
610 0.124818 0.125 3.75 0.701961 0.5 0 0
620 0.124823 0.125 3.875 0.737255 0.5 0 0
630 0.124823 0.125 3.875 0.792157 0.5 0 0
640 0.124879 0.125 4 0.831373 0.5 0 0
650 0.124879 0.125 4 0.682353 0.5 0 0
660 0.124833 0 4 0.713725 0.5 0 0
670 0.124833 0 4 0.788235 0.5 0 0
680 0.124833 0 4 0.792157 0.5 0 0
690 0.124833 0 4 0.643137 0.5 0 0
700 0.124853 0 4 0.701961 0.5 0 0
710 0.124853 0 4 0.682353 0.5 0 0
720 0.125262 0 4 0.772549 0.5 0 0
730 0.125262 0 4 0.772549 0.5 0 0
740 0.125851 0 4 0.709804 0.5 0 0
750 0.125851 0 4 0.654902 0.5 0 0
760 0.126673 0.125 4.125 0.635294 0.5 0 0
770 0.126673 0.125 4.125 0.584314 0.5 0 0
780 0.126919 0.125 4.25 0.560784 0.5 0 0
790 0.126919 0.125 4.25 0.545098 0.5 0 0
800 0.126645 0.125 4.375 0.537255 0.5 0 0
810 0.126645 0.125 4.375 0.541176 0.5 0 0
820 0.126534 0.25 4.625 0.541176 0.5 0 0
830 0.126534 0.25 4.625 0.537255 0.5 0 0
840 0.126526 0.25 4.875 0.541176 0.5 0 0
850 0.126526 0.25 4.875 0.541176 0.5 0 0
860 0.126557 0.25 5.125 0.537255 0.5 0 0
870 0.126557 0.25 5.125 0.533333 0.5 0 0
880 0.126645 0.125 5.25 0.537255 0.5 0 0
890 0.126645 0.125 5.25 0.533333 0.5 0 0
900 0.127044 0.125 5.375 0.537255 0.5 0 0
910 0.127044 0.125 5.375 0.529412 0.5 0 0
920 0.127477 0 5.375 0.537255 0.5 0 0
930 0.127477 0 5.375 0.533333 0.5 0 0
940 0.127615 0 5.375 0.529412 0.5 0 0
950 0.127615 0 5.375 0.521569 0.5 0 0
960 0.127851 0 5.375 0.505882 0.5 0 0
970 0.127851 0 5.375 0.501961 0.5 0 0
980 0.127918 0 5.375 0.501961 0.5 0 0
990 0.127918 0 5.375 0.501961 0.5 0 0
1000 0.127931 0 5.375 0.498039 0.5 0 0
1010 0.127931 0 5.375 0.501961 0.5 0 0
1020 0.128475 0 5.375 0.505882 0.5 0 0
1030 0.128475 0 5.375 0.505882 0.5 0 0
1040 0.129054 0 5.375 0.505882 0.5 0 0
1050 0.129054 0 5.375 0.498039 0.5 0 0
1060 0.129466 0 5.375 0.498039 0.5 0 0
1070 0.129466 0 5.375 0.490196 0.5 0 0
1080 0.130144 0 5.375 0.478431 0.5 0 0
1090 0.130144 0 5.375 0.47451 0.5 0 0
1100 0.129641 0.25 5.625 0.470588 0.5 0 0
1110 0.129641 0.25 5.625 0.466667 0.5 0 0
1120 0.129191 0.25 5.875 0.466667 0.5 0 0
1130 0.129191 0.25 5.875 0.466667 0.5 0 0
1140 0.129061 0.25 6.125 0.462745 0.5 0 0
1150 0.129061 0.25 6.125 0.462745 0.5 0 0
1160 0.128972 0.25 6.375 0.458824 0.5 0 0
1170 0.128972 0.25 6.375 0.458824 0.5 0 0
1180 0.128491 0.25 6.625 0.458824 0.5 0 0
1190 0.128491 0.25 6.625 0.458824 0.5 0 0
1200 0.128397 0.25 6.875 0.458824 0.5 0 0
1210 0.128397 0.25 6.875 0.458824 0.5 0 0
1220 0.128341 0.25 7.125 0.454902 0.5 0 0
1230 0.128341 0.25 7.125 0.454902 0.5 0 0
1240 0.128267 0.25 7.375 0.454902 0.5 0 0
1250 0.128267 0.25 7.375 0.458824 0.5 0 0
1260 0.128239 0.25 7.625 0.454902 0.5 0 0
1270 0.128239 0.25 7.625 0.454902 0.5 0 0
1280 0.128228 0.25 7.875 0.458824 0.5 0 0
1290 0.128228 0.25 7.875 0.454902 0.5 0 0
1300 0.128217 0.25 8.125 0.454902 0.5 0 0
1310 0.128217 0.25 8.125 0.458824 0.5 0 0
1320 0.128207 0.25 8.375 0.458824 0.5 0 0
1330 0.128207 0.25 8.375 0.454902 0.5 0 0
1340 0.127874 0.25 8.625 0.458824 0.5 0 0
1350 0.127874 0.25 8.625 0.458824 0.5 0 0
1360 0.127839 0 8.625 0.458824 0.5 0 0
1370 0.127839 0 8.625 0.458824 0.5 0 0
1380 0.127572 0 8.625 0.458824 0.5 0 0
1390 0.127572 0 8.625 0.454902 0.5 0 0
1400 0.128204 0 8.625 0.45098 0.5 0 0
1410 0.128204 0 8.625 0.45098 0.5 0 0
1420 0.129029 0 8.625 0.447059 0.5 0 0
1430 0.129029 0 8.625 0.443137 0.5 0 0
1440 0.129461 0 8.625 0.443137 0.5 0 0
1450 0.129461 0 8.625 0.443137 0.5 0 0
1460 0.130091 0 8.625 0.435294 0.5 0 0
1470 0.130091 0 8.625 0.431373 0.5 0 0
1480 0.130849 0 8.625 0.427451 0.5 0 0
1490 0.130849 0 8.625 0.427451 0.5 0 0
1500 0.130719 0 8.625 0.427451 0.5 0 0
1510 0.130719 0 8.625 0.423529 0.5 0 0
1520 0.13175 0 8.625 0.423529 0.5 0 0
1530 0.13175 0 8.625 0.423529 0.5 0 0
1540 0.132913 0 8.625 0.427451 0.5 0 0
1550 0.132913 0 8.625 0.427451 0.5 0 0
1560 0.133307 0 8.625 0.427451 0.5 0 0
1570 0.133307 0 8.625 0.427451 0.5 0 0
1580 0.133732 0 8.625 0.423529 0.5 0 0
1590 0.133732 0 8.625 0.423529 0.5 0 0
1600 0.134262 0 8.625 0.423529 0.5 0 0
1610 0.134262 0 8.625 0.427451 0.5 0 0
1620 0.134372 0 8.625 0.423529 0.5 0 0
1630 0.134372 0 8.625 0.419608 0.5 0 0
1640 0.134336 0 8.625 0.415686 0.5 0 0
1650 0.134336 0 8.625 0.415686 0.5 0 0
1660 0.13373 0 8.625 0.415686 0.5 0 0
1670 0.13373 0 8.625 0.415686 0.5 0 0
1680 0.133006 0 8.625 0.411765 0.5 0 0
1690 0.133006 0 8.625 0.411765 0.5 0 0
1700 0.132462 0 8.625 0.411765 0.5 0 0
1710 0.132462 0 8.625 0.411765 0.5 0 0
1720 0.131784 0 8.625 0.411765 0.5 0 0
1730 0.131784 0 8.625 0.411765 0.5 0 0
1740 0.132016 0 8.625 0.415686 0.5 0 0
1750 0.132016 0 8.625 0.411765 0.5 0 0
1760 0.131855 0 8.625 0.407843 0.5 0 0
1770 0.131855 0 8.625 0.407843 0.5 0 0
1780 0.130954 0 8.625 0.407843 0.5 0 0
1790 0.130954 0 8.625 0.407843 0.5 0 0
1800 0.130293 0 8.625 0.403922 0.5 0 0
1810 0.130293 0 8.625 0.403922 0.5 0 0
1820 0.129367 0 8.625 0.403922 0.5 0 0
1830 0.129367 0 8.625 0.403922 0.5 0 0
1840 0.129068 0 8.625 0.4 0.5 0 0
1850 0.129068 0 8.625 0.4 0.5 0 0
1860 0.128903 0 8.625 0.4 0.5 0 0
1870 0.128903 0 8.625 0.4 0.5 0 0
1880 0.12854 0 8.625 0.396078 0.5 0 0
1890 0.12854 0 8.625 0.396078 0.5 0 0
1900 0.128382 0 8.625 0.396078 0.5 0 0
1910 0.128382 0 8.625 0.396078 0.5 0 0
1920 0.127942 0 8.625 0.396078 0.5 0 0
1930 0.127942 0 8.625 0.396078 0.5 0 0
1940 0.127593 0 8.625 0.396078 0.5 0 0
1950 0.127593 0 8.625 0.396078 0.5 0 0
1960 0.127467 0 8.625 0.396078 0.5 0 0
1970 0.127467 0 8.625 0.396078 0.5 0 0
1980 0.127325 0 8.625 0.396078 0.5 0 0
1990 0.127325 0 8.625 0.396078 0.5 0 0
2000 0.127317 0 8.625 0.396078 0.5 0 0
2010 0.127317 0 8.625 0.396078 0.5 0 0
2020 0.127206 0 8.625 0.396078 0.5 0 0
2030 0.127206 0 8.625 0.396078 0.5 0 0
2040 0.127174 0 8.625 0.396078 0.5 0 0
2050 0.127174 0 8.625 0.396078 0.5 0 0
2060 0.127174 0 8.625 0.396078 0.5 0 0
2070 0.127174 0 8.625 0.396078 0.5 0 0
2080 0.127166 0 8.625 0.396078 0.5 0 0
2090 0.127166 0 8.625 0.396078 0.5 0 0
2100 0.12713 0 8.625 0.396078 0.5 0 0
2110 0.12713 0 8.625 0.396078 0.5 0 0
2120 0.12713 0 8.625 0.396078 0.5 0 0
2130 0.12713 0 8.625 0.396078 0.5 0 0
2140 0.12713 0 8.625 0.396078 0.5 0 0
2150 0.12713 0 8.625 0.396078 0.5 0 0
2160 0.127113 0 8.625 0.396078 0.5 0 0
2170 0.127113 0 8.625 0.396078 0.5 0 0
2180 0.127113 0 8.625 0.396078 0.5 0 0
2190 0.127113 0 8.625 0.396078 0.5 0 0
2200 0.127113 0 8.625 0.396078 0.5 0 0
2210 0.127113 0 8.625 0.396078 0.5 0 0
2220 0.127113 0 8.625 0.396078 0.5 0 0
2230 0.127113 0 8.625 0.396078 0.5 0 0
2240 0.127113 0 8.625 0.396078 0.5 0 0
2250 0.127113 0 8.625 0.396078 0.5 0 0
2260 0.127113 0 8.625 0.396078 0.5 0 0
2270 0.127113 0 8.625 0.396078 0.5 0 0
2280 0.127113 0 8.625 0.396078 0.5 0 0
2290 0.127113 0 8.625 0.396078 0.5 0 0
2300 0.127113 0 8.625 0.396078 0.5 0 0
2310 0.127113 0 8.625 0.396078 0.5 0 0
2320 0.127113 0 8.625 0.396078 0.5 0 0
2330 0.127113 0 8.625 0.396078 0.5 0 0
2340 0.127113 0 8.625 0.396078 0.5 0 0
2350 0.127113 0 8.625 0.396078 0.5 0 0
2360 0.127113 0 8.625 0.396078 0.5 0 0
2370 0.127113 0 8.625 0.396078 0.5 0 0
2380 0.127113 0 8.625 0.396078 0.5 0 0
2390 0.127113 0 8.625 0.396078 0.5 0 0
2400 0.127113 0 8.625 0.396078 0.5 0 0
2410 0.127113 0 8.625 0.396078 0.5 0 0
2420 0.127113 0 8.625 0.396078 0.5 0 0
2430 0.127113 0 8.625 0.396078 0.5 0 0
2440 0.127523 0 8.625 0.396078 0.5 0 0
2450 0.127523 0 8.625 0.396078 0.5 0 0
2460 0.127664 0 8.625 0.396078 0.5 0 0
2470 0.127664 0 8.625 0.396078 0.5 0 0
2480 0.127678 0 8.625 0.396078 0.5 0 0
2490 0.127678 0 8.625 0.396078 0.5 0 0
2500 0.128294 0 8.625 0.4 0.5 0 0
2510 0.128294 0 8.625 0.4 0.5 0 0
2520 0.128627 0 8.625 0.4 0.5 0 0
2530 0.128627 0 8.625 0.396078 0.5 0 0
2540 0.128956 0 8.625 0.396078 0.5 0 0
2550 0.128956 0 8.625 0.396078 0.5 0 0
2560 0.128845 0 8.625 0.388235 0.5 0 0
2570 0.128845 0 8.625 0.388235 0.5 0 0
2580 0.128141 0 8.625 0.388235 0.5 0 0
2590 0.128141 0 8.625 0.388235 0.5 0 0
2600 0.128118 0 8.625 0.388235 0.5 0 0
2610 0.128118 0 8.625 0.388235 0.5 0 0
2620 0.128104 0 8.625 0.388235 0.5 0 0
2630 0.128104 0 8.625 0.388235 0.5 0 0
2640 0.127828 0 8.625 0.388235 0.5 0 0
2650 0.127828 0 8.625 0.388235 0.5 0 0
2660 0.12752 0 8.625 0.388235 0.5 0 0
2670 0.12752 0 8.625 0.388235 0.5 0 0
2680 0.127354 0 8.625 0.388235 0.5 0 0
2690 0.127354 0 8.625 0.388235 0.5 0 0
2700 0.128015 0 8.625 0.392157 0.5 0 0
2710 0.128015 0 8.625 0.392157 0.5 0 0
2720 0.12852 0 8.625 0.388235 0.5 0 0
2730 0.12852 0 8.625 0.388235 0.5 0 0
2740 0.129057 0 8.625 0.388235 0.5 0 0
2750 0.129057 0 8.625 0.388235 0.5 0 0
2760 0.129901 0 8.625 0.388235 0.5 0 0
2770 0.129901 0 8.625 0.388235 0.5 0 0
2780 0.130503 0 8.625 0.388235 0.5 0 0
2790 0.130503 0 8.625 0.388235 0.5 0 0
2800 0.130842 0 8.625 0.384314 0.5 0 0
2810 0.130842 0 8.625 0.384314 0.5 0 0
2820 0.13055 0 8.625 0.384314 0.5 0 0
2830 0.13055 0 8.625 0.384314 0.5 0 0
2840 0.129843 0 8.625 0.384314 0.5 0 0
2850 0.129843 0 8.625 0.384314 0.5 0 0
2860 0.129885 0 8.625 0.384314 0.5 0 0
2870 0.129885 0 8.625 0.384314 0.5 0 0
2880 0.129844 0 8.625 0.384314 0.5 0 0
2890 0.129844 0 8.625 0.384314 0.5 0 0
2900 0.129393 0 8.625 0.384314 0.5 0 0
2910 0.129393 0 8.625 0.384314 0.5 0 0
2920 0.128562 0 8.625 0.384314 0.5 0 0
2930 0.128562 0 8.625 0.384314 0.5 0 0
2940 0.128211 0 8.625 0.384314 0.5 0 0
2950 0.128211 0 8.625 0.384314 0.5 0 0
2960 0.127629 0 8.625 0.384314 0.5 0 0
2970 0.127629 0 8.625 0.380392 0.5 0 0
2980 0.12747 0 8.625 0.384314 0.5 0 0
2990 0.12747 0 8.625 0.384314 0.5 0 0
3000 0.12712 0 8.625 0.384314 0.5 0 0
3010 0.12712 0 8.625 0.384314 0.5 0 0
3020 0.127142 0 8.625 0.384314 0.5 0 0
3030 0.127142 0 8.625 0.380392 0.5 0 0
3040 0.127638 0 8.625 0.380392 0.5 0 0
3050 0.127638 0 8.625 0.380392 0.5 0 0
3060 0.12791 0 8.625 0.376471 0.5 0 0
3070 0.12791 0 8.625 0.380392 0.5 0 0
3080 0.127744 0 8.625 0.380392 0.5 0 0
3090 0.127744 0 8.625 0.380392 0.5 0 0
3100 0.127741 0 8.625 0.376471 0.5 0 0
3110 0.127741 0 8.625 0.376471 0.5 0 0
3120 0.127741 0 8.625 0.376471 0.5 0 0
3130 0.127741 0 8.625 0.376471 0.5 0 0
3140 0.128733 0 8.625 0.376471 0.5 0 0
3150 0.128733 0 8.625 0.380392 0.5 0 0
3160 0.129312 0 8.625 0.380392 0.5 0 0
3170 0.129312 0 8.625 0.380392 0.5 0 0
3180 0.129696 0 8.625 0.384314 0.5 0 0
3190 0.129696 0 8.625 0.384314 0.5 0 0
3200 0.130087 0 8.625 0.384314 0.5 0 0
3210 0.130087 0 8.625 0.384314 0.5 0 0
3220 0.130241 0 8.625 0.384314 0.5 0 0
3230 0.130241 0 8.625 0.384314 0.5 0 0
3240 0.129936 0 8.625 0.380392 0.5 0 0
3250 0.129936 0 8.625 0.376471 0.5 0 0
3260 0.128919 0 8.625 0.372549 0.5 0 0
3270 0.128919 0 8.625 0.372549 0.5 0 0
3280 0.127293 0 8.625 0.372549 0.5 0 0
3290 0.127293 0 8.625 0.372549 0.5 0 0
3300 0.125899 0 8.625 0.372549 0.5 0 0
3310 0.125899 0 8.625 0.372549 0.5 0 0
3320 0.125433 0 8.625 0.368627 0.5 0 0
3330 0.125433 0 8.625 0.368627 0.5 0 0
3340 0.124094 0 8.625 0.368627 0.5 0 0
3350 0.124094 0 8.625 0.368627 0.5 0 0
3360 0.122653 0 8.625 0.368627 0.5 0 0
3370 0.122653 0 8.625 0.368627 0.5 0 0
3380 0.12107 0 8.625 0.368627 0.5 0 0
3390 0.12107 0 8.625 0.368627 0.5 0 0
3400 0.121779 0 8.625 0.368627 0.5 0 0
3410 0.121779 0 8.625 0.368627 0.5 0 0
3420 0.122457 0 8.625 0.368627 0.5 0 0
3430 0.122457 0 8.625 0.364706 0.5 0 0
3440 0.122232 0 8.625 0.364706 0.5 0 0
3450 0.122232 0 8.625 0.364706 0.5 0 0
3460 0.120647 0 8.625 0.364706 0.5 0 0
3470 0.120647 0 8.625 0.364706 0.5 0 0
3480 0.11915 0 8.625 0.364706 0.5 0 0
3490 0.11915 0 8.625 0.364706 0.5 0 0
3500 0.119285 0 8.625 0.364706 0.5 0 0
3510 0.119285 0 8.625 0.364706 0.5 0 0
3520 0.119043 0 8.625 0.360784 0.5 0 0
3530 0.119043 0 8.625 0.360784 0.5 0 0
3540 0.116874 0 8.625 0.360784 0.5 0 0
3550 0.116874 0 8.625 0.360784 0.5 0 0
3560 0.115593 0 8.625 0.360784 0.5 0 0
3570 0.115593 0 8.625 0.356863 0.5 0 0
3580 0.115088 0 8.625 0.360784 0.5 0 0
3590 0.115088 0 8.625 0.356863 0.5 0 0
3600 0.11413 0 8.625 0.356863 0.5 0 0
3610 0.11413 0 8.625 0.356863 0.5 0 0
3620 0.112829 0 8.625 0.356863 0.5 0 0
3630 0.112829 0 8.625 0.356863 0.5 0 0
3640 0.112354 0 8.625 0.356863 0.5 0 0
3650 0.112354 0 8.625 0.356863 0.5 0 0
3660 0.111996 0 8.625 0.356863 0.5 0 0
3670 0.111996 0 8.625 0.356863 0.5 0 0
3680 0.111742 0 8.625 0.356863 0.5 0 0
3690 0.111742 0 8.625 0.356863 0.5 0 0
3700 0.111459 0 8.625 0.356863 0.5 0 0
3710 0.111459 0 8.625 0.356863 0.5 0 0
3720 0.111439 0 8.625 0.356863 0.5 0 0
3730 0.111439 0 8.625 0.356863 0.5 0 0
3740 0.111432 0 8.625 0.356863 0.5 0 0
3750 0.111432 0 8.625 0.356863 0.5 0 0
3760 0.111365 0 8.625 0.352941 0.5 0 0
3770 0.111365 0 8.625 0.356863 0.5 0 0
3780 0.111323 0 8.625 0.356863 0.5 0 0
3790 0.111323 0 8.625 0.352941 0.5 0 0
3800 0.111323 0 8.625 0.356863 0.5 0 0
3810 0.111323 0 8.625 0.356863 0.5 0 0
3820 0.111323 0 8.625 0.356863 0.5 0 0
3830 0.111323 0 8.625 0.356863 0.5 0 0
3840 0.111323 0 8.625 0.356863 0.5 0 0
3850 0.111323 0 8.625 0.356863 0.5 0 0
3860 0.111323 0 8.625 0.356863 0.5 0 0
3870 0.111323 0 8.625 0.356863 0.5 0 0
3880 0.111323 0 8.625 0.352941 0.5 0 0
3890 0.111323 0 8.625 0.356863 0.5 0 0
3900 0.111323 0 8.625 0.356863 0.5 0 0
3910 0.111323 0 8.625 0.356863 0.5 0 0
3920 0.111323 0 8.625 0.356863 0.5 0 0
3930 0.111323 0 8.625 0.356863 0.5 0 0
3940 0.111323 0 8.625 0.356863 0.5 0 0
3950 0.111323 0 8.625 0.356863 0.5 0 0
3960 0.111323 0 8.625 0.356863 0.5 0 0
3970 0.111323 0 8.625 0.356863 0.5 0 0
3980 0.111323 0 8.625 0.356863 0.5 0 0
3990 0.111323 0 8.625 0.356863 0.5 0 0
4000 0.112016 0 8.625 0.352941 0.5 0 0
4010 0.112016 0 8.625 0.352941 0.5 0 0
4020 0.1134 0 8.625 0.356863 0.5 0 0
4030 0.1134 0 8.625 0.356863 0.5 0 0
4040 0.114387 0 8.625 0.356863 0.5 0 0
4050 0.114387 0 8.625 0.356863 0.5 0 0
4060 0.114717 0 8.625 0.356863 0.5 0 0
4070 0.114717 0 8.625 0.356863 0.5 0 0
4080 0.115066 0 8.625 0.356863 0.5 0 0
4090 0.115066 0 8.625 0.360784 0.5 0 0
4100 0.115593 0 8.625 0.360784 0.5 0 0
4110 0.115593 0 8.625 0.356863 0.5 0 0
4120 0.115732 0 8.625 0.356863 0.5 0 0
4130 0.115732 0 8.625 0.356863 0.5 0 0
4140 0.115377 0 8.625 0.360784 0.5 0 0
4150 0.115377 0 8.625 0.360784 0.5 0 0
4160 0.114906 0 8.625 0.356863 0.5 0 0
4170 0.114906 0 8.625 0.360784 0.5 0 0
4180 0.114502 0 8.625 0.360784 0.5 0 0
4190 0.114502 0 8.625 0.360784 0.5 0 0
4200 0.114264 0 8.625 0.360784 0.5 0 0
4210 0.114264 0 8.625 0.360784 0.5 0 0
4220 0.113252 0 8.625 0.356863 0.5 0 0
4230 0.113252 0 8.625 0.34902 0.5 0 0
4240 0.111936 0 8.625 0.34902 0.5 0 0
4250 0.111936 0 8.625 0.356863 0.5 0 0
4260 0.111716 0 8.625 0.360784 0.5 0 0
4270 0.111716 0 8.625 0.360784 0.5 0 0
4280 0.111736 0 8.625 0.356863 0.5 0 0
4290 0.111736 0 8.625 0.356863 0.5 0 0
4300 0.11131 0 8.625 0.352941 0.5 0 0
4310 0.11131 0 8.625 0.356863 0.5 0 0
4320 0.110436 0 8.625 0.356863 0.5 0 0
4330 0.110436 0 8.625 0.356863 0.5 0 0
4340 0.109516 0 8.625 0.356863 0.5 0 0
4350 0.109516 0 8.625 0.356863 0.5 0 0
4360 0.1089 0 8.625 0.356863 0.5 0 0
4370 0.1089 0 8.625 0.352941 0.5 0 0
4380 0.108495 0 8.625 0.34902 0.5 0 0
4390 0.108495 0 8.625 0.34902 0.5 0 0
4400 0.108018 0 8.625 0.34902 0.5 0 0
4410 0.108018 0 8.625 0.352941 0.5 0 0
4420 0.107331 0 8.625 0.356863 0.5 0 0
4430 0.107331 0 8.625 0.352941 0.5 0 0
4440 0.106874 0 8.625 0.34902 0.5 0 0
4450 0.106874 0 8.625 0.345098 0.5 0 0
4460 0.105433 0 8.625 0.345098 0.5 0 0
4470 0.105433 0 8.625 0.345098 0.5 0 0
4480 0.104376 0 8.625 0.345098 0.5 0 0
4490 0.104376 0 8.625 0.345098 0.5 0 0
4500 0.104595 0 8.625 0.345098 0.5 0 0
4510 0.104595 0 8.625 0.345098 0.5 0 0
4520 0.105103 0 8.625 0.34902 0.5 0 0
4530 0.105103 0 8.625 0.34902 0.5 0 0
4540 0.106411 0 8.625 0.34902 0.5 0 0
4550 0.106411 0 8.625 0.352941 0.5 0 0
4560 0.107441 0 8.625 0.352941 0.5 0 0
4570 0.107441 0 8.625 0.356863 0.5 0 0
4580 0.107305 0 8.625 0.352941 0.5 0 0
4590 0.107305 0 8.625 0.352941 0.5 0 0
4600 0.107303 0 8.625 0.356863 0.5 0 0
4610 0.107303 0 8.625 0.356863 0.5 0 0
4620 0.107303 0 8.625 0.356863 0.5 0 0
4630 0.107303 0 8.625 0.352941 0.5 0 0
4640 0.107144 0 8.625 0.34902 0.5 0 0
4650 0.107144 0 8.625 0.345098 0.5 0 0
4660 0.106452 0 8.625 0.345098 0.5 0 0
4670 0.106452 0 8.625 0.352941 0.5 0 0
4680 0.106698 0 8.625 0.352941 0.5 0 0
4690 0.106698 0 8.625 0.352941 0.5 0 0
4700 0.106715 0 8.625 0.352941 0.5 0 0
4710 0.106715 0 8.625 0.352941 0.5 0 0
4720 0.10655 0 8.625 0.352941 0.5 0 0
4730 0.10655 0 8.625 0.345098 0.5 0 0
4740 0.105507 0 8.625 0.341176 0.5 0 0
4750 0.105507 0 8.625 0.341176 0.5 0 0
4760 0.104257 0 8.625 0.341176 0.5 0 0
4770 0.104257 0 8.625 0.341176 0.5 0 0
4780 0.104484 0 8.625 0.341176 0.5 0 0
4790 0.104484 0 8.625 0.337255 0.5 0 0
4800 0.103036 0 8.625 0.333333 0.5 0 0
4810 0.103036 0 8.625 0.333333 0.5 0 0
4820 0.10105 0 8.625 0.333333 0.5 0 0
4830 0.10105 0 8.625 0.333333 0.5 0 0
4840 0.0995966 0 8.625 0.329412 0.5 0 0
4850 0.0995966 0 8.625 0.329412 0.5 0 0
4860 0.0981743 0 8.625 0.32549 0.5 0 0
4870 0.0981743 0 8.625 0.32549 0.5 0 0
4880 0.0957036 0 8.625 0.32549 0.5 0 0
4890 0.0957036 0 8.625 0.32549 0.5 0 0
4900 0.0941556 0 8.625 0.32549 0.5 0 0
4910 0.0941556 0 8.625 0.32549 0.5 0 0
4920 0.0934643 0 8.625 0.32549 0.5 0 0
4930 0.0934643 0 8.625 0.321569 0.5 0 0
4940 0.0931581 0 8.625 0.321569 0.5 0 0
4950 0.0931581 0 8.625 0.32549 0.5 0 0
4960 0.0935953 0 8.625 0.32549 0.5 0 0
4970 0.0935953 0 8.625 0.32549 0.5 0 0
4980 0.0936287 0 8.625 0.32549 0.5 0 0
4990 0.0936287 0 8.625 0.32549 0.5 0 0
5000 0.0931392 0 8.625 0.32549 0.5 0 0
5010 0.0931392 0 8.625 0.321569 0.5 0 0
5020 0.0924602 0 8.625 0.321569 0.5 0 0
5030 0.0924602 0 8.625 0.321569 0.5 0 0
5040 0.0916371 0 8.625 0.321569 0.5 0 0
5050 0.0916371 0 8.625 0.317647 0.5 0 0
5060 0.0908311 0 8.625 0.313725 0.5 0 0
5070 0.0908311 0 8.625 0.313725 0.5 0 0
5080 0.0887249 0 8.625 0.313725 0.5 0 0
5090 0.0887249 0 8.625 0.313725 0.5 0 0
5100 0.0864799 0 8.625 0.313725 0.5 0 0
5110 0.0864799 0 8.625 0.317647 0.5 0 0
5120 0.0854605 0 8.625 0.317647 0.5 0 0
5130 0.0854605 0 8.625 0.321569 0.5 0 0
5140 0.0849119 0 8.625 0.321569 0.5 0 0
5150 0.0849119 0 8.625 0.321569 0.5 0 0
5160 0.0847532 0 8.625 0.321569 0.5 0 0
5170 0.0847532 0 8.625 0.317647 0.5 0 0
5180 0.0835307 0 8.625 0.317647 0.5 0 0
5190 0.0835307 0 8.625 0.317647 0.5 0 0
5200 0.082105 0 8.625 0.32549 0.5 0 0
5210 0.082105 0 8.625 0.321569 0.5 0 0
5220 0.0817336 0 8.625 0.32549 0.5 0 0
5230 0.0817336 0 8.625 0.32549 0.5 0 0
5240 0.0815292 0 8.625 0.32549 0.5 0 0
5250 0.0815292 0 8.625 0.321569 0.5 0 0
5260 0.0812303 0 8.625 0.32549 0.5 0 0
5270 0.0812303 0 8.625 0.32549 0.5 0 0
5280 0.0812172 0 8.625 0.32549 0.5 0 0
5290 0.0812172 0 8.625 0.32549 0.5 0 0
5300 0.0812172 0 8.625 0.32549 0.5 0 0
5310 0.0812172 0 8.625 0.321569 0.5 0 0
5320 0.0813475 0 8.625 0.32549 0.5 0 0
5330 0.0813475 0 8.625 0.32549 0.5 0 0
5340 0.08225 0 8.625 0.32549 0.5 0 0
5350 0.08225 0 8.625 0.329412 0.5 0 0
5360 0.0834607 0 8.625 0.333333 0.5 0 0
5370 0.0834607 0 8.625 0.333333 0.5 0 0
5380 0.0838493 0 8.625 0.337255 0.5 0 0
5390 0.0838493 0 8.625 0.329412 0.5 0 0
5400 0.0849761 0 8.625 0.329412 0.5 0 0
5410 0.0849761 0 8.625 0.32549 0.5 0 0
5420 0.0859488 0 8.625 0.329412 0.5 0 0
5430 0.0859488 0 8.625 0.329412 0.5 0 0
5440 0.0865398 0 8.625 0.329412 0.5 0 0
5450 0.0865398 0 8.625 0.329412 0.5 0 0
5460 0.0872511 0 8.625 0.329412 0.5 0 0
5470 0.0872511 0 8.625 0.329412 0.5 0 0
5480 0.0877725 0 8.625 0.329412 0.5 0 0
5490 0.0877725 0 8.625 0.329412 0.5 0 0
5500 0.0880453 0 8.625 0.329412 0.5 0 0
5510 0.0880453 0 8.625 0.329412 0.5 0 0
5520 0.088109 0 8.625 0.329412 0.5 0 0
5530 0.088109 0 8.625 0.329412 0.5 0 0
5540 0.0879886 0 8.625 0.32549 0.5 0 0
5550 0.0879886 0 8.625 0.321569 0.5 0 0
5560 0.0875237 0 8.625 0.317647 0.5 0 0
5570 0.0875237 0 8.625 0.313725 0.5 0 0
5580 0.0868583 0 8.625 0.309804 0.5 0 0
5590 0.0868583 0 8.625 0.309804 0.5 0 0
5600 0.086951 0 8.625 0.309804 0.5 0 0
5610 0.086951 0 8.625 0.309804 0.5 0 0
5620 0.0869898 0 8.625 0.313725 0.5 0 0
5630 0.0869898 0 8.625 0.313725 0.5 0 0
5640 0.0871608 0 8.625 0.313725 0.5 0 0
5650 0.0871608 0 8.625 0.313725 0.5 0 0
5660 0.0869026 0 8.625 0.313725 0.5 0 0
5670 0.0869026 0 8.625 0.317647 0.5 0 0
5680 0.0860445 0 8.625 0.317647 0.5 0 0
5690 0.0860445 0 8.625 0.317647 0.5 0 0
5700 0.0852337 0 8.625 0.317647 0.5 0 0
5710 0.0852337 0 8.625 0.317647 0.5 0 0
5720 0.0843785 0 8.625 0.313725 0.5 0 0
5730 0.0843785 0 8.625 0.309804 0.5 0 0
5740 0.0829567 0 8.625 0.301961 0.5 0 0
5750 0.0829567 0 8.625 0.301961 0.5 0 0
5760 0.081426 0 8.625 0.305882 0.5 0 0
5770 0.081426 0 8.625 0.305882 0.5 0 0
5780 0.0810968 0 8.625 0.305882 0.5 0 0
5790 0.0810968 0 8.625 0.309804 0.5 0 0
5800 0.0810965 0 8.625 0.309804 0.5 0 0
5810 0.0810965 0 8.625 0.309804 0.5 0 0
5820 0.0810965 0 8.625 0.309804 0.5 0 0
5830 0.0810965 0 8.625 0.305882 0.5 0 0
5840 0.0804762 0 8.625 0.309804 0.5 0 0
5850 0.0804762 0 8.625 0.309804 0.5 0 0
5860 0.080378 0 8.625 0.305882 0.5 0 0
5870 0.080378 0 8.625 0.309804 0.5 0 0
5880 0.081396 0 8.625 0.309804 0.5 0 0
5890 0.081396 0 8.625 0.309804 0.5 0 0
5900 0.0826341 0 8.625 0.309804 0.5 0 0
5910 0.0826341 0 8.625 0.337255 0.5 0 0
5920 0.0830808 0 8.625 0.329412 0.5 0 0
5930 0.0830808 0 8.625 0.333333 0.5 0 0
5940 0.0831439 0 8.625 0.341176 0.5 0 0
5950 0.0831439 0 8.625 0.321569 0.5 0 0
5960 0.0831439 0 8.625 0.333333 0.5 0 0
5970 0.0831439 0 8.625 0.341176 0.5 0 0
5980 0.0832034 0 8.625 0.329412 0.5 0 0
5990 0.0832034 0 8.625 0.337255 0.5 0 0
6000 0.0832977 0 8.625 0.337255 0.5 0 0
6010 0.0832977 0 8.625 0.345098 0.5 0 0
6020 0.0832989 0 8.625 0.345098 0.5 0 0
6030 0.0832989 0 8.625 0.341176 0.5 0 0
6040 0.0832989 0 8.625 0.352941 0.5 0 0
6050 0.0832989 0 8.625 0.337255 0.5 0 0
6060 0.083314 0 8.625 0.333333 0.5 0 0
6070 0.083314 0 8.625 0.34902 0.5 0 0
6080 0.0833152 0 8.625 0.345098 0.5 0 0
6090 0.0833152 0 8.625 0.337255 0.5 0 0
6100 0.0833152 0 8.625 0.341176 0.5 0 0
6110 0.0833152 0 8.625 0.352941 0.5 0 0
6120 0.0833152 0 8.625 0.341176 0.5 0 0
6130 0.0833152 0 8.625 0.341176 0.5 0 0
6140 0.0833152 0 8.625 0.345098 0.5 0 0
6150 0.0833152 0 8.625 0.337255 0.5 0 0
6160 0.0833211 0 8.625 0.333333 0.5 0 0
6170 0.0833211 0 8.625 0.345098 0.5 0 0
6180 0.0833211 0 8.625 0.352941 0.5 0 0
6190 0.0833211 0 8.625 0.337255 0.5 0 0
6200 0.0833211 0 8.625 0.341176 0.5 0 0
6210 0.0833211 0 8.625 0.345098 0.5 0 0
6220 0.0833211 0 8.625 0.341176 0.5 0 0
6230 0.0833211 0 8.625 0.341176 0.5 0 0
6240 0.0833386 0 8.625 0.329412 0.5 0 0
6250 0.0833386 0 8.625 0.341176 0.5 0 0
6260 0.0833389 0 8.625 0.337255 0.5 0 0
6270 0.0833389 0 8.625 0.345098 0.5 0 0
6280 0.0829917 0 8.625 0.321569 0.5 0 0
6290 0.0829917 0 8.625 0.309804 0.5 0 0
6300 0.0816388 0 8.625 0.309804 0.5 0 0
6310 0.0816388 0 8.625 0.305882 0.5 0 0
6320 0.0815388 0 8.625 0.305882 0.5 0 0
6330 0.0815388 0 8.625 0.305882 0.5 0 0
6340 0.0816302 0 8.625 0.301961 0.5 0 0
6350 0.0816302 0 8.625 0.298039 0.5 0 0
6360 0.0808939 0 8.625 0.294118 0.5 0 0
6370 0.0808939 0 8.625 0.301961 0.5 0 0
6380 0.0800976 0.25 8.875 0.305882 0.5 0 0
6390 0.0800976 0.25 8.875 0.301961 0.5 0 0
6400 0.0801332 0.25 9.125 0.294118 0.5 0 0
6410 0.0801332 0.25 9.125 0.294118 0.5 0 0
6420 0.079548 0.25 9.375 0.294118 0.5 0 0
6430 0.079548 0.25 9.375 0.294118 0.5 0 0
6440 0.0792904 0.25 9.625 0.294118 0.5 0 0
6450 0.0792904 0.25 9.625 0.294118 0.5 0 0
6460 0.0791118 0.375 10 0.294118 0.5 0 0
6470 0.0791118 0.375 10 0.294118 0.5 0 0
6480 0.0786051 0.375 10.375 0.294118 0.5 0 0
6490 0.0786051 0.375 10.375 0.294118 0.5 0 0
6500 0.0782542 0.375 10.75 0.294118 0.5 0 0
6510 0.0782542 0.375 10.75 0.294118 0.5 0 0
6520 0.0778659 0.375 11.125 0.294118 0.5 0 0
6530 0.0778659 0.375 11.125 0.294118 0.5 0 0
6540 0.0776504 0.375 11.5 0.294118 0.5 0 0
6550 0.0776504 0.375 11.5 0.294118 0.5 0 0
6560 0.0776853 0.375 11.875 0.294118 0.5 0 0
6570 0.0776853 0.375 11.875 0.294118 0.5 0 0
6580 0.0777123 0.375 12.25 0.294118 0.5 0 0
6590 0.0777123 0.375 12.25 0.294118 0.5 0 0
6600 0.0777417 0.375 12.625 0.294118 0.5 0 0
6610 0.0777417 0.375 12.625 0.294118 0.5 0 0
6620 0.0777692 0.375 13 0.294118 0.5 0 0
6630 0.0777692 0.375 13 0.294118 0.5 0 0
6640 0.0777978 0.375 13.375 0.294118 0.5 0 0
6650 0.0777978 0.375 13.375 0.294118 0.5 0 0
6660 0.0779479 0.375 13.75 0.294118 0.5 0 0
6670 0.0779479 0.375 13.75 0.294118 0.5 0 0
6680 0.0779529 0.375 14.125 0.294118 0.5 0 0
6690 0.0779529 0.375 14.125 0.294118 0.5 0 0
6700 0.0780415 0.375 14.5 0.294118 0.5 0 0
6710 0.0780415 0.375 14.5 0.294118 0.5 0 0
6720 0.0783181 0.5 15 0.294118 0.5 0 0
6730 0.0783181 0.5 15 0.294118 0.5 0 0
6740 0.07835 0.5 15.5 0.294118 0.5 0 0
6750 0.07835 0.5 15.5 0.294118 0.5 0 0
6760 0.0783836 0.5 16 0.294118 0.5 0 0
6770 0.0783836 0.5 16 0.294118 0.5 0 0
6780 0.0784276 0.5 16.5 0.294118 0.5 0 0
6790 0.0784276 0.5 16.5 0.294118 0.5 0 0
6800 0.0784663 0.5 17 0.294118 0.5 0 0
6810 0.0784663 0.5 17 0.294118 0.5 0 0
6820 0.0785265 0.625 17.625 0.294118 0.5 0 0
6830 0.0785265 0.625 17.625 0.294118 0.5 0 0
6840 0.0786057 0.625 18.25 0.294118 0.5 0 0
6850 0.0786057 0.625 18.25 0.294118 0.5 0 0
6860 0.0787078 0.625 18.875 0.294118 0.5 0 0
6870 0.0787078 0.625 18.875 0.294118 0.5 0 0
6880 0.0788028 0.625 19.5 0.294118 0.5 0 0
6890 0.0788028 0.625 19.5 0.294118 0.5 0 0
6900 0.0788992 0.625 20.125 0.294118 0.5 0 0
6910 0.0788992 0.625 20.125 0.294118 0.5 0 0
6920 0.0789845 0.625 20.75 0.294118 0.5 0 0
6930 0.0789845 0.625 20.75 0.294118 0.5 0 0
6940 0.0790551 0.625 21.375 0.294118 0.5 0 0
6950 0.0790551 0.625 21.375 0.294118 0.5 0 0
6960 0.0791312 0.625 22 0.294118 0.5 0 0
6970 0.0791312 0.625 22 0.294118 0.5 0 0
6980 0.0792053 0.625 22.625 0.294118 0.5 0 0
6990 0.0792053 0.625 22.625 0.294118 0.5 0 0
7000 0.0792812 0.625 23.25 0.294118 0.5 0 0
7010 0.0792812 0.625 23.25 0.294118 0.5 0 0
7020 0.0793593 0.625 23.875 0.294118 0.5 0 0
7030 0.0793593 0.625 23.875 0.294118 0.5 0 0
7040 0.0794336 0.625 24.5 0.294118 0.5 0 0
7050 0.0794336 0.625 24.5 0.298039 0.5 0 0
7060 0.079492 0.625 25.125 0.294118 0.5 0 0
7070 0.079492 0.625 25.125 0.294118 0.5 0 0
7080 0.0795561 0.625 25.75 0.294118 0.5 0 0
7090 0.0795561 0.625 25.75 0.294118 0.5 0 0
7100 0.0796166 0.625 26.375 0.294118 0.5 0 0
7110 0.0796166 0.625 26.375 0.294118 0.5 0 0
7120 0.0796722 0.625 27 0.294118 0.5 0 0
7130 0.0796722 0.625 27 0.294118 0.5 0 0
7140 0.0797129 0.625 27.625 0.298039 0.5 0 0
7150 0.0797129 0.625 27.625 0.294118 0.5 0 0
7160 0.0797532 0.625 28.25 0.294118 0.5 0 0
7170 0.0797532 0.625 28.25 0.294118 0.5 0 0
7180 0.0797809 0.625 28.875 0.294118 0.5 0 0
7190 0.0797809 0.625 28.875 0.298039 0.5 0 0
7200 0.079807 0.625 29.5 0.298039 0.5 0 0
7210 0.079807 0.625 29.5 0.298039 0.5 0 0
7220 0.0798298 0.625 30.125 0.298039 0.5 0 0
7230 0.0798298 0.625 30.125 0.294118 0.5 0 0
7240 0.0798515 0.625 30.75 0.294118 0.5 0 0
7250 0.0798515 0.625 30.75 0.294118 0.5 0 0
7260 0.079865 0.625 31.375 0.294118 0.5 0 0
7270 0.079865 0.625 31.375 0.294118 0.5 0 0
7280 0.0798802 0.625 32 0.294118 0.5 0 0
7290 0.0798802 0.625 32 0.298039 0.5 0 0
7300 0.07989 0.625 32.625 0.294118 0.5 0 0
7310 0.07989 0.625 32.625 0.298039 0.5 0 0
7320 0.0799011 0.625 33.25 0.294118 0.5 0 0
7330 0.0799011 0.625 33.25 0.298039 0.5 0 0
7340 0.0799089 0.625 33.875 0.298039 0.5 0 0
7350 0.0799089 0.625 33.875 0.298039 0.5 0 0
7360 0.0798569 0.375 34.25 0.298039 0.5 0 0
7370 0.0798569 0.375 34.25 0.294118 0.5 0 0
7380 0.0795178 0.625 34.875 0.290196 0.5 0 0
7390 0.0795178 0.625 34.875 0.290196 0.5 0 0
7400 0.0792857 0.625 35.5 0.290196 0.5 0 0
7410 0.0792857 0.625 35.5 0.286275 0.5 0 0
7420 0.0790997 0.625 36.125 0.286275 0.5 0 0
7430 0.0790997 0.625 36.125 0.286275 0.5 0 0
7440 0.0791025 0.625 36.75 0.286275 0.5 0 0
7450 0.0791025 0.625 36.75 0.286275 0.5 0 0
7460 0.0791085 0.625 37.375 0.286275 0.5 0 0
7470 0.0791085 0.625 37.375 0.286275 0.5 0 0
7480 0.0791221 0.625 38 0.286275 0.5 0 0
7490 0.0791221 0.625 38 0.286275 0.5 0 0
7500 0.079137 0.625 38.625 0.286275 0.5 0 0
7510 0.079137 0.625 38.625 0.286275 0.5 0 0
7520 0.0791507 0.625 39.25 0.286275 0.5 0 0
7530 0.0791507 0.625 39.25 0.286275 0.5 0 0
7540 0.0790984 0.625 39.875 0.286275 0.5 0 0
7550 0.0790984 0.625 39.875 0.286275 0.5 0 0
7560 0.0790207 0.625 40.5 0.282353 0.5 0 0
7570 0.0790207 0.625 40.5 0.286275 0.5 0 0
7580 0.0789525 0.625 41.125 0.282353 0.5 0 0
7590 0.0789525 0.625 41.125 0.286275 0.5 0 0
7600 0.0789144 0.625 41.75 0.282353 0.5 0 0
7610 0.0789144 0.625 41.75 0.286275 0.5 0 0
7620 0.0788865 0.625 42.375 0.286275 0.5 0 0
7630 0.0788865 0.625 42.375 0.286275 0.5 0 0
7640 0.078873 0.625 43 0.286275 0.5 0 0
7650 0.078873 0.625 43 0.286275 0.5 0 0
7660 0.0788252 0.625 43.625 0.286275 0.5 0 0
7670 0.0788252 0.625 43.625 0.286275 0.5 0 0
7680 0.0787291 0.625 44.25 0.286275 0.5 0 0
7690 0.0787291 0.625 44.25 0.286275 0.5 0 0
7700 0.0784223 0.5 44.75 0.286275 0.5 0 0
7710 0.0784223 0.5 44.75 0.286275 0.5 0 0
7720 0.0780331 0.5 45.25 0.290196 0.5 0 0
7730 0.0780331 0.5 45.25 0.286275 0.5 0 0
7740 0.0776394 0.5 45.75 0.286275 0.5 0 0
7750 0.0776394 0.5 45.75 0.286275 0.5 0 0
7760 0.0765738 0.5 46.25 0.286275 0.5 0 0
7770 0.0765738 0.5 46.25 0.282353 0.5 0 0
7780 0.075381 0.5 46.75 0.282353 0.5 0 0
7790 0.075381 0.5 46.75 0.282353 0.5 0 0
7800 0.0747026 0.25 47 0.286275 0.5 0 0
7810 0.0747026 0.25 47 0.282353 0.5 0 0
7820 0.0735992 0.25 47.25 0.282353 0.5 0 0
7830 0.0735992 0.25 47.25 0.290196 0.5 0 0
7840 0.0730183 0.25 47.5 0.294118 0.5 0 0
7850 0.0730183 0.25 47.5 0.290196 0.5 0 0
7860 0.0730675 0.25 47.75 0.290196 0.5 0 0
7870 0.0730675 0.25 47.75 0.282353 0.5 0 0
7880 0.0731061 0.25 48 0.282353 0.5 0 0
7890 0.0731061 0.25 48 0.286275 0.5 0 0
7900 0.0729864 0.25 48.25 0.282353 0.5 0 0
7910 0.0729864 0.25 48.25 0.282353 0.5 0 0
7920 0.0723083 0.25 48.5 0.286275 0.5 0 0
7930 0.0723083 0.25 48.5 0.278431 0.5 0 0
7940 0.0721275 0.25 48.75 0.278431 0.5 0 0
7950 0.0721275 0.25 48.75 0.278431 0.5 0 0
7960 0.0724989 0 48.75 0.278431 0.5 0 0
7970 0.0724989 0 48.75 0.278431 0.5 0 0
7980 0.0731988 0 48.75 0.27451 0.5 0 0
7990 0.0731988 0 48.75 0.282353 0.5 0 0
8000 0.073819 0.25 49 0.286275 0.5 0 0
8010 0.073819 0.25 49 0.290196 0.5 0 0
8020 0.0734309 0.25 49.25 0.286275 0.5 0 0
8030 0.0734309 0.25 49.25 0.286275 0.5 0 0
8040 0.0732226 0.25 49.5 0.286275 0.5 0 0
8050 0.0732226 0.25 49.5 0.286275 0.5 0 0
8060 0.0731902 0.25 49.75 0.286275 0.5 0 0
8070 0.0731902 0.25 49.75 0.282353 0.5 0 0
8080 0.072632 0.25 50 0.278431 0.5 0 0
8090 0.072632 0.25 50 0.270588 0.5 0 0
8100 0.0716624 0.25 50.25 0.282353 0.5 0 0
8110 0.0716624 0.25 50.25 0.286275 0.5 0 0
8120 0.0715818 0.25 50.5 0.286275 0.5 0 0
8130 0.0715818 0.25 50.5 0.286275 0.5 0 0
8140 0.0715742 0.25 50.75 0.282353 0.5 0 0
8150 0.0715742 0.25 50.75 0.286275 0.5 0 0
8160 0.07118 0.25 51 0.290196 0.5 0 0
8170 0.07118 0.25 51 0.290196 0.5 0 0
8180 0.0709195 0.25 51.25 0.290196 0.5 0 0
8190 0.0709195 0.25 51.25 0.282353 0.5 0 0
8200 0.0706223 0.25 51.5 0.290196 0.5 0 0
8210 0.0706223 0.25 51.5 0.286275 0.5 0 0
8220 0.0703576 0.25 51.75 0.290196 0.5 0 0
8230 0.0703576 0.25 51.75 0.286275 0.5 0 0
8240 0.0711134 0 51.75 0.278431 0.5 0 0
8250 0.0711134 0 51.75 0.278431 0.5 0 0
8260 0.072029 0 51.75 0.27451 0.5 0 0
8270 0.072029 0 51.75 0.278431 0.5 0 0
8280 0.0727858 0 51.75 0.282353 0.5 0 0
8290 0.0727858 0 51.75 0.286275 0.5 0 0
8300 0.0731023 0 51.75 0.290196 0.5 0 0
8310 0.0731023 0 51.75 0.286275 0.5 0 0
8320 0.0731791 0 51.75 0.290196 0.5 0 0
8330 0.0731791 0 51.75 0.286275 0.5 0 0
8340 0.073294 0 51.75 0.286275 0.5 0 0
8350 0.073294 0 51.75 0.286275 0.5 0 0
8360 0.073099 0 51.75 0.286275 0.5 0 0
8370 0.073099 0 51.75 0.27451 0.5 0 0
8380 0.0718558 0 51.75 0.266667 0.5 0 0
8390 0.0718558 0 51.75 0.282353 0.5 0 0
8400 0.0716483 0 51.75 0.282353 0.5 0 0
8410 0.0716483 0 51.75 0.282353 0.5 0 0
8420 0.0718202 0 51.75 0.294118 0.5 0 0
8430 0.0718202 0 51.75 0.282353 0.5 0 0
8440 0.0719061 0 51.75 0.294118 0.5 0 0
8450 0.0719061 0 51.75 0.286275 0.5 0 0
8460 0.071524 0 51.75 0.290196 0.5 0 0
8470 0.071524 0 51.75 0.290196 0.5 0 0
8480 0.0705285 0 51.75 0.278431 0.5 0 0
8490 0.0705285 0 51.75 0.278431 0.5 0 0
8500 0.0698416 0 51.75 0.270588 0.5 0 0
8510 0.0698416 0 51.75 0.258824 0.5 0 0
8520 0.0688924 0 51.75 0.254902 0.5 0 0
8530 0.0688924 0 51.75 0.254902 0.5 0 0
8540 0.0677657 0.25 52 0.25098 0.5 0 0
8550 0.0677657 0.25 52 0.254902 0.5 0 0
8560 0.0665315 0.25 52.25 0.254902 0.5 0 0
8570 0.0665315 0.25 52.25 0.254902 0.5 0 0
8580 0.0663116 0.25 52.5 0.25098 0.5 0 0
8590 0.0663116 0.25 52.5 0.254902 0.5 0 0
8600 0.0662242 0.25 52.75 0.254902 0.5 0 0
8610 0.0662242 0.25 52.75 0.254902 0.5 0 0
8620 0.0661385 0.25 53 0.254902 0.5 0 0
8630 0.0661385 0.25 53 0.254902 0.5 0 0
8640 0.0660467 0.25 53.25 0.254902 0.5 0 0
8650 0.0660467 0.25 53.25 0.254902 0.5 0 0
8660 0.0660557 0.25 53.5 0.254902 0.5 0 0
8670 0.0660557 0.25 53.5 0.25098 0.5 0 0
8680 0.0660401 0.25 53.75 0.254902 0.5 0 0
8690 0.0660401 0.25 53.75 0.254902 0.5 0 0
8700 0.0660392 0.25 54 0.254902 0.5 0 0
8710 0.0660392 0.25 54 0.254902 0.5 0 0
8720 0.0660501 0.25 54.25 0.254902 0.5 0 0
8730 0.0660501 0.25 54.25 0.254902 0.5 0 0
8740 0.0661137 0.25 54.5 0.254902 0.5 0 0
8750 0.0661137 0.25 54.5 0.254902 0.5 0 0
8760 0.0661269 0.25 54.75 0.254902 0.5 0 0
8770 0.0661269 0.25 54.75 0.254902 0.5 0 0
8780 0.0662239 0.25 55 0.254902 0.5 0 0
8790 0.0662239 0.25 55 0.258824 0.5 0 0
8800 0.0663865 0.25 55.25 0.254902 0.5 0 0
8810 0.0663865 0.25 55.25 0.254902 0.5 0 0
8820 0.0665096 0.25 55.5 0.254902 0.5 0 0
8830 0.0665096 0.25 55.5 0.254902 0.5 0 0
8840 0.0664921 0.375 55.875 0.25098 0.5 0 0
8850 0.0664921 0.375 55.875 0.25098 0.5 0 0
8860 0.0664012 0.375 56.25 0.25098 0.5 0 0
8870 0.0664012 0.375 56.25 0.247059 0.5 0 0
8880 0.066311 0.375 56.625 0.247059 0.5 0 0
8890 0.066311 0.375 56.625 0.247059 0.5 0 0
8900 0.0660182 0.5 57.125 0.243137 0.5 0 0
8910 0.0660182 0.5 57.125 0.247059 0.5 0 0
8920 0.0657346 0.5 57.625 0.247059 0.5 0 0
8930 0.0657346 0.5 57.625 0.247059 0.5 0 0
8940 0.0655826 0.5 58.125 0.25098 0.5 0 0
8950 0.0655826 0.5 58.125 0.247059 0.5 0 0
8960 0.0655899 0.5 58.625 0.25098 0.5 0 0
8970 0.0655899 0.5 58.625 0.25098 0.5 0 0
8980 0.0655624 0.5 59.125 0.247059 0.5 0 0
8990 0.0655624 0.5 59.125 0.25098 0.5 0 0
9000 0.065554 0.5 59.625 0.25098 0.5 0 0
9010 0.065554 0.5 59.625 0.25098 0.5 0 0
9020 0.0655526 0.5 60.125 0.25098 0.5 0 0
9030 0.0655526 0.5 60.125 0.25098 0.5 0 0
9040 0.0655621 0.5 60.625 0.25098 0.5 0 0
9050 0.0655621 0.5 60.625 0.25098 0.5 0 0
9060 0.065574 0.5 61.125 0.25098 0.5 0 0
9070 0.065574 0.5 61.125 0.25098 0.5 0 0
9080 0.0651155 0.375 61.5 0.25098 0.5 0 0
9090 0.0651155 0.375 61.5 0.254902 0.5 0 0
9100 0.0646624 0.375 61.875 0.25098 0.5 0 0
9110 0.0646624 0.375 61.875 0.25098 0.5 0 0
9120 0.0639705 0.375 62.25 0.25098 0.5 0 0
9130 0.0639705 0.375 62.25 0.25098 0.5 0 0
9140 0.0634801 0.375 62.625 0.25098 0.5 0 0
9150 0.0634801 0.375 62.625 0.247059 0.5 0 0
9160 0.062848 0.375 63 0.243137 0.5 0 0
9170 0.062848 0.375 63 0.243137 0.5 0 0
9180 0.0626306 0.25 63.25 0.243137 0.5 0 0
9190 0.0626306 0.25 63.25 0.239216 0.5 0 0
9200 0.0621803 0.25 63.5 0.235294 0.5 0 0
9210 0.0621803 0.25 63.5 0.235294 0.5 0 0
9220 0.0618979 0.25 63.75 0.231373 0.5 0 0
9230 0.0618979 0.25 63.75 0.235294 0.5 0 0
9240 0.0617258 0.25 64 0.231373 0.5 0 0
9250 0.0617258 0.25 64 0.239216 0.5 0 0
9260 0.0611397 0.25 64.25 0.235294 0.5 0 0
9270 0.0611397 0.25 64.25 0.231373 0.5 0 0
9280 0.0611109 0.25 64.5 0.231373 0.5 0 0
9290 0.0611109 0.25 64.5 0.235294 0.5 0 0
9300 0.061073 0 64.5 0.227451 0.5 0 0
9310 0.061073 0 64.5 0.235294 0.5 0 0
9320 0.0614426 0 64.5 0.227451 0.5 0 0
9330 0.0614426 0 64.5 0.231373 0.5 0 0
9340 0.0626409 0 64.5 0.235294 0.5 0 0
9350 0.0626409 0 64.5 0.235294 0.5 0 0
9360 0.0628334 0 64.5 0.239216 0.5 0 0
9370 0.0628334 0 64.5 0.243137 0.5 0 0
9380 0.0624967 0 64.5 0.239216 0.5 0 0
9390 0.0624967 0 64.5 0.243137 0.5 0 0
9400 0.0617023 0 64.5 0.254902 0.5 0 0
9410 0.0617023 0 64.5 0.254902 0.5 0 0
9420 0.0615319 0 64.5 0.262745 0.5 0 0
9430 0.0615319 0 64.5 0.258824 0.5 0 0
9440 0.0615745 0 64.5 0.262745 0.5 0 0
9450 0.0615745 0 64.5 0.258824 0.5 0 0
9460 0.0612967 0 64.5 0.258824 0.5 0 0
9470 0.0612967 0 64.5 0.270588 0.5 0 0
9480 0.0608015 0 64.5 0.247059 0.5 0 0
9490 0.0608015 0 64.5 0.219608 0.5 0 0
9500 0.0599951 0 64.5 0.215686 0.5 0 0
9510 0.0599951 0 64.5 0.215686 0.5 0 0
9520 0.0596314 0 64.5 0.219608 0.5 0 0
9530 0.0596314 0 64.5 0.219608 0.5 0 0
9540 0.0590069 0 64.5 0.219608 0.5 0 0
9550 0.0590069 0 64.5 0.215686 0.5 0 0
9560 0.0585597 0 64.5 0.223529 0.5 0 0
9570 0.0585597 0 64.5 0.223529 0.5 0 0
9580 0.0579312 0 64.5 0.223529 0.5 0 0
9590 0.0579312 0 64.5 0.211765 0.5 0 0
9600 0.0572306 0 64.5 0.2 0.5 0 0
9610 0.0572306 0 64.5 0.196078 0.5 0 0
9620 0.0561158 0.25 64.75 0.196078 0.5 0 0
9630 0.0561158 0.25 64.75 0.196078 0.5 0 0
9640 0.0557653 0.25 65 0.196078 0.5 0 0
9650 0.0557653 0.25 65 0.192157 0.5 0 0
9660 0.0554695 0.375 65.375 0.192157 0.5 0 0
9670 0.0554695 0.375 65.375 0.196078 0.5 0 0
9680 0.0553479 0.375 65.75 0.196078 0.5 0 0
9690 0.0553479 0.375 65.75 0.192157 0.5 0 0
9700 0.0547891 0.375 66.125 0.192157 0.5 0 0
9710 0.0547891 0.375 66.125 0.192157 0.5 0 0
9720 0.0546813 0.375 66.5 0.192157 0.5 0 0
9730 0.0546813 0.375 66.5 0.192157 0.5 0 0
9740 0.0545391 0.375 66.875 0.196078 0.5 0 0
9750 0.0545391 0.375 66.875 0.192157 0.5 0 0
9760 0.054487 0.375 67.25 0.192157 0.5 0 0
9770 0.054487 0.375 67.25 0.192157 0.5 0 0
9780 0.0543792 0.375 67.625 0.192157 0.5 0 0
9790 0.0543792 0.375 67.625 0.192157 0.5 0 0
9800 0.0542839 0.375 68 0.192157 0.5 0 0
9810 0.0542839 0.375 68 0.196078 0.5 0 0
9820 0.0542058 0.375 68.375 0.192157 0.5 0 0
9830 0.0542058 0.375 68.375 0.196078 0.5 0 0
9840 0.0541298 0.375 68.75 0.196078 0.5 0 0
9850 0.0541298 0.375 68.75 0.192157 0.5 0 0
9860 0.0540166 0.375 69.125 0.192157 0.5 0 0
9870 0.0540166 0.375 69.125 0.192157 0.5 0 0
9880 0.0532888 0.25 69.375 0.196078 0.5 0 0
9890 0.0532888 0.25 69.375 0.192157 0.5 0 0
9900 0.0527676 0.25 69.625 0.188235 0.5 0 0
9910 0.0527676 0.25 69.625 0.192157 0.5 0 0
9920 0.052713 0.25 69.875 0.192157 0.5 0 0
9930 0.052713 0.25 69.875 0.192157 0.5 0 0
9940 0.0525831 0.25 70.125 0.192157 0.5 0 0
9950 0.0525831 0.25 70.125 0.188235 0.5 0 0
9960 0.0523308 0.25 70.375 0.192157 0.5 0 0
9970 0.0523308 0.25 70.375 0.192157 0.5 0 0
9980 0.0521499 0 70.375 0.188235 0.5 0 0
9990 0.0521499 0 70.375 0.184314 0.5 0 0
10000 0.0521211 0.25 70.625 0.180392 0.5 0 0
10010 0.0521211 0.25 70.625 0.176471 0.5 0 0
10020 0.0514362 0.25 70.875 0.176471 0.5 0 0
10030 0.0514362 0.25 70.875 0.180392 0.5 0 0
10040 0.050806 0.25 71.125 0.184314 0.5 0 0
10050 0.050806 0.25 71.125 0.188235 0.5 0 0
10060 0.0506883 0.25 71.375 0.184314 0.5 0 0
10070 0.0506883 0.25 71.375 0.184314 0.5 0 0
10080 0.0503056 0.25 71.625 0.176471 0.5 0 0
10090 0.0503056 0.25 71.625 0.172549 0.5 0 0
10100 0.0498698 0 71.625 0.168627 0.5 0 0
10110 0.0498698 0 71.625 0.180392 0.5 0 0
10120 0.0494999 0 71.625 0.184314 0.5 0 0
10130 0.0494999 0 71.625 0.188235 0.5 0 0
10140 0.0493033 0 71.625 0.188235 0.5 0 0
10150 0.0493033 0 71.625 0.184314 0.5 0 0
10160 0.0490708 0 71.625 0.164706 0.5 0 0
10170 0.0490708 0 71.625 0.164706 0.5 0 0
10180 0.0483564 0 71.625 0.164706 0.5 0 0
10190 0.0483564 0 71.625 0.164706 0.5 0 0
10200 0.0472839 0 71.625 0.160784 0.5 0 0
10210 0.0472839 0 71.625 0.160784 0.5 0 0
10220 0.0463922 0 71.625 0.152941 0.5 0 0
10230 0.0463922 0 71.625 0.152941 0.5 0 0
10240 0.0451454 0 71.625 0.14902 0.5 0 0
10250 0.0451454 0 71.625 0.152941 0.5 0 0
10260 0.0446323 0 71.625 0.152941 0.5 0 0
10270 0.0446323 0 71.625 0.156863 0.5 0 0
10280 0.0443397 0 71.625 0.156863 0.5 0 0
10290 0.0443397 0 71.625 0.152941 0.5 0 0
10300 0.0440728 0 71.625 0.152941 0.5 0 0
10310 0.0440728 0 71.625 0.156863 0.5 0 0
10320 0.0435111 0 71.625 0.164706 0.5 0 0
10330 0.0435111 0 71.625 0.168627 0.5 0 0
10340 0.042736 0 71.625 0.164706 0.5 0 0
10350 0.042736 0 71.625 0.164706 0.5 0 0
10360 0.0421242 0 71.625 0.156863 0.5 0 0
10370 0.0421242 0 71.625 0.152941 0.5 0 0
10380 0.0414482 0 71.625 0.145098 0.5 0 0
10390 0.0414482 0 71.625 0.137255 0.5 0 0
10400 0.0404973 0 71.625 0.137255 0.5 0 0
10410 0.0404973 0 71.625 0.141176 0.5 0 0
10420 0.0389258 0 71.625 0.141176 0.5 0 0
10430 0.0389258 0 71.625 0.145098 0.5 0 0
10440 0.0380707 0 71.625 0.141176 0.5 0 0
10450 0.0380707 0 71.625 0.145098 0.5 0 0
10460 0.0377633 0 71.625 0.141176 0.5 0 0
10470 0.0377633 0 71.625 0.133333 0.5 0 0
10480 0.036731 0 71.625 0.12549 0.5 0 0
10490 0.036731 0 71.625 0.12549 0.5 0 0
10500 0.0353925 0 71.625 0.12549 0.5 0 0
10510 0.0353925 0 71.625 0.121569 0.5 0 0
10520 0.0336895 0 71.625 0.12549 0.5 0 0
10530 0.0336895 0 71.625 0.129412 0.5 0 0
10540 0.0326686 0 71.625 0.129412 0.5 0 0
10550 0.0326686 0 71.625 0.12549 0.5 0 0
10560 0.0329039 0 71.625 0.12549 0.5 0 0
10570 0.0329039 0 71.625 0.12549 0.5 0 0
10580 0.0330696 0 71.625 0.129412 0.5 0 0
10590 0.0330696 0 71.625 0.129412 0.5 0 0
10600 0.0330592 0 71.625 0.133333 0.5 0 0
10610 0.0330592 0 71.625 0.133333 0.5 0 0
10620 0.0330373 0 71.625 0.133333 0.5 0 0
10630 0.0330373 0 71.625 0.129412 0.5 0 0
10640 0.0328777 0 71.625 0.129412 0.5 0 0
10650 0.0328777 0 71.625 0.133333 0.5 0 0
10660 0.0328693 0 71.625 0.137255 0.5 0 0
10670 0.0328693 0 71.625 0.137255 0.5 0 0
10680 0.0327839 0 71.625 0.137255 0.5 0 0
10690 0.0327839 0 71.625 0.137255 0.5 0 0
10700 0.0326249 0 71.625 0.133333 0.5 0 0
10710 0.0326249 0 71.625 0.137255 0.5 0 0
10720 0.0320072 0 71.625 0.129412 0.5 0 0
10730 0.0320072 0 71.625 0.12549 0.5 0 0
10740 0.0315389 0 71.625 0.121569 0.5 0 0
10750 0.0315389 0 71.625 0.121569 0.5 0 0
10760 0.0312712 0 71.625 0.129412 0.5 0 0
10770 0.0312712 0 71.625 0.133333 0.5 0 0
10780 0.031041 0 71.625 0.129412 0.5 0 0
10790 0.031041 0 71.625 0.129412 0.5 0 0
10800 0.0307466 0 71.625 0.129412 0.5 0 0
10810 0.0307466 0 71.625 0.121569 0.5 0 0
10820 0.0299617 0 71.625 0.117647 0.5 0 0
10830 0.0299617 0 71.625 0.109804 0.5 0 0
10840 0.0291355 0 71.625 0.105882 0.5 0 0
10850 0.0291355 0 71.625 0.109804 0.5 0 0
10860 0.0279516 0 71.625 0.109804 0.5 0 0
10870 0.0279516 0 71.625 0.109804 0.5 0 0
10880 0.0270859 0 71.625 0.109804 0.5 0 0
10890 0.0270859 0 71.625 0.109804 0.5 0 0
10900 0.0268338 0 71.625 0.109804 0.5 0 0
10910 0.0268338 0 71.625 0.109804 0.5 0 0
10920 0.0262384 0 71.625 0.105882 0.5 0 0
10930 0.0262384 0 71.625 0.109804 0.5 0 0
10940 0.0258123 0 71.625 0.113725 0.5 0 0
10950 0.0258123 0 71.625 0.113725 0.5 0 0
10960 0.0256369 0 71.625 0.109804 0.5 0 0
10970 0.0256369 0 71.625 0.109804 0.5 0 0
10980 0.0257772 0 71.625 0.105882 0.5 0 0
10990 0.0257772 0 71.625 0.105882 0.5 0 0
11000 0.0258204 0 71.625 0.101961 0.5 0 0
11010 0.0258204 0 71.625 0.101961 0.5 0 0
11020 0.0254152 0 71.625 0.105882 0.5 0 0
11030 0.0254152 0 71.625 0.109804 0.5 0 0
11040 0.0252345 0 71.625 0.109804 0.5 0 0
11050 0.0252345 0 71.625 0.109804 0.5 0 0
11060 0.025186 0 71.625 0.109804 0.5 0 0
11070 0.025186 0 71.625 0.105882 0.5 0 0
11080 0.0247436 0 71.625 0.101961 0.5 0 0
11090 0.0247436 0 71.625 0.0980392 0.5 0 0
11100 0.0238805 0 71.625 0.0980392 0.5 0 0
11110 0.0238805 0 71.625 0.101961 0.5 0 0
11120 0.0234701 0 71.625 0.101961 0.5 0 0
11130 0.0234701 0 71.625 0.101961 0.5 0 0
11140 0.0235623 0 71.625 0.101961 0.5 0 0
11150 0.0235623 0 71.625 0.101961 0.5 0 0
11160 0.023392 0 71.625 0.101961 0.5 0 0
11170 0.023392 0 71.625 0.0980392 0.5 0 0
11180 0.0228409 0 71.625 0.0980392 0.5 0 0
11190 0.0228409 0 71.625 0.0980392 0.5 0 0
11200 0.0223231 0 71.625 0.101961 0.5 0 0
11210 0.0223231 0 71.625 0.101961 0.5 0 0
11220 0.02203 0 71.625 0.101961 0.5 0 0
11230 0.02203 0 71.625 0.0980392 0.5 0 0
11240 0.0218525 0 71.625 0.101961 0.5 0 0
11250 0.0218525 0 71.625 0.101961 0.5 0 0
11260 0.0216688 0 71.625 0.105882 0.5 0 0
11270 0.0216688 0 71.625 0.101961 0.5 0 0
11280 0.0212499 0 71.625 0.0980392 0.5 0 0
11290 0.0212499 0 71.625 0.0901961 0.5 0 0
11300 0.0205675 0 71.625 0.0901961 0.5 0 0
11310 0.0205675 0 71.625 0.0901961 0.5 0 0
11320 0.0195301 0 71.625 0.0901961 0.5 0 0
11330 0.0195301 0 71.625 0.0862745 0.5 0 0
11340 0.0185565 0 71.625 0.0862745 0.5 0 0
11350 0.0185565 0 71.625 0.0862745 0.5 0 0
11360 0.0178975 0 71.625 0.0862745 0.5 0 0
11370 0.0178975 0 71.625 0.0862745 0.5 0 0
11380 0.0171819 0 71.625 0.0862745 0.5 0 0
11390 0.0171819 0 71.625 0.0862745 0.5 0 0
11400 0.0166282 0 71.625 0.0862745 0.5 0 0
11410 0.0166282 0 71.625 0.0862745 0.5 0 0
11420 0.016804 0 71.625 0.0901961 0.5 0 0
11430 0.016804 0 71.625 0.0901961 0.5 0 0
11440 0.0169786 0 71.625 0.0941176 0.5 0 0
11450 0.0169786 0 71.625 0.0941176 0.5 0 0
11460 0.0170085 0 71.625 0.0941176 0.5 0 0
11470 0.0170085 0 71.625 0.0941176 0.5 0 0
11480 0.0169667 0 71.625 0.0941176 0.5 0 0
11490 0.0169667 0 71.625 0.0941176 0.5 0 0
11500 0.0167652 0 71.625 0.0941176 0.5 0 0
11510 0.0167652 0 71.625 0.0901961 0.5 0 0
11520 0.0165725 0 71.625 0.0901961 0.5 0 0
11530 0.0165725 0 71.625 0.0901961 0.5 0 0
11540 0.0164605 0 71.625 0.0901961 0.5 0 0
11550 0.0164605 0 71.625 0.0901961 0.5 0 0
11560 0.0161998 0 71.625 0.0901961 0.5 0 0
11570 0.0161998 0 71.625 0.0862745 0.5 0 0
11580 0.015914 0 71.625 0.0901961 0.5 0 0
11590 0.015914 0 71.625 0.0901961 0.5 0 0
11600 0.0156985 0 71.625 0.0941176 0.5 0 0
11610 0.0156985 0 71.625 0.0901961 0.5 0 0
11620 0.0156124 0 71.625 0.0901961 0.5 0 0
11630 0.0156124 0 71.625 0.0941176 0.5 0 0
11640 0.0154506 0 71.625 0.0941176 0.5 0 0
11650 0.0154506 0 71.625 0.0901961 0.5 0 0
11660 0.0151157 0 71.625 0.0901961 0.5 0 0
11670 0.0151157 0 71.625 0.0823529 0.5 0 0
11680 0.0147883 0 71.625 0.0784314 0.5 0 0
11690 0.0147883 0 71.625 0.0823529 0.5 0 0
11700 0.0145122 0.375 72 0.0823529 0.5 0 0
11710 0.0145122 0.375 72 0.0823529 0.5 0 0
11720 0.0143604 0.375 72.375 0.0823529 0.5 0 0
11730 0.0143604 0.375 72.375 0.0823529 0.5 0 0
11740 0.0142221 0.375 72.75 0.0823529 0.5 0 0
11750 0.0142221 0.375 72.75 0.0745098 0.5 0 0
11760 0.0138617 0.375 73.125 0.0745098 0.5 0 0
11770 0.0138617 0.375 73.125 0.0745098 0.5 0 0
11780 0.0134276 0.375 73.5 0.0745098 0.5 0 0
11790 0.0134276 0.375 73.5 0.0745098 0.5 0 0
11800 0.0132727 0.375 73.875 0.0784314 0.5 0 0
11810 0.0132727 0.375 73.875 0.0784314 0.5 0 0
11820 0.0131543 0.25 74.125 0.0784314 0.5 0 0
11830 0.0131543 0.25 74.125 0.0784314 0.5 0 0
11840 0.0129606 0.25 74.375 0.0784314 0.5 0 0
11850 0.0129606 0.25 74.375 0.0784314 0.5 0 0
11860 0.0127988 0 74.375 0.0784314 0.5 0 0
11870 0.0127988 0 74.375 0.0784314 0.5 0 0
11880 0.0124918 0 74.375 0.0745098 0.5 0 0
11890 0.0124918 0 74.375 0.0705882 0.5 0 0
11900 0.0116173 0.25 74.625 0.0705882 0.5 0 0
11910 0.0116173 0.25 74.625 0.0705882 0.5 0 0
11920 0.0109198 0.375 75 0.0705882 0.5 0 0
11930 0.0109198 0.375 75 0.0705882 0.5 0 0
11940 0.0103559 0.375 75.375 0.0705882 0.5 0 0
11950 0.0103559 0.375 75.375 0.0705882 0.5 0 0
11960 0.00999585 0.375 75.75 0.0705882 0.5 0 0
11970 0.00999585 0.375 75.75 0.0705882 0.5 0 0
11980 0.00993161 0.375 76.125 0.0705882 0.5 0 0
11990 0.00993161 0.375 76.125 0.0705882 0.5 0 0
12000 0.00983544 0.375 76.5 0.0705882 0.5 0 0
12010 0.00983544 0.375 76.5 0.0705882 0.5 0 0
12020 0.00983226 0.375 76.875 0.0705882 0.5 0 0
12030 0.00983226 0.375 76.875 0.0705882 0.5 0 0
12040 0.00983162 0.25 77.125 0.0705882 0.5 0 0
12050 0.00983162 0.25 77.125 0.0705882 0.5 0 0
12060 0.00981119 0.25 77.375 0.0705882 0.5 0 0
12070 0.00981119 0.25 77.375 0.0705882 0.5 0 0
12080 0.00980231 0.25 77.625 0.0705882 0.5 0 0
12090 0.00980231 0.25 77.625 0.0705882 0.5 0 0
12100 0.00978191 0.25 77.875 0.0705882 0.5 0 0
12110 0.00978191 0.25 77.875 0.0705882 0.5 0 0
12120 0.0098108 0 77.875 0.0705882 0.5 0 0
12130 0.0098108 0 77.875 0.0705882 0.5 0 0
12140 0.0102553 0 77.875 0.0705882 0.5 0 0
12150 0.0102553 0 77.875 0.0745098 0.5 0 0
12160 0.0104513 0 77.875 0.0745098 0.5 0 0
12170 0.0104513 0 77.875 0.0745098 0.5 0 0
12180 0.0104491 0 77.875 0.0745098 0.5 0 0
12190 0.0104491 0 77.875 0.0745098 0.5 0 0
12200 0.0103878 0 77.875 0.0745098 0.5 0 0
12210 0.0103878 0 77.875 0.0745098 0.5 0 0
12220 0.010225 0 77.875 0.0745098 0.5 0 0
12230 0.010225 0 77.875 0.0745098 0.5 0 0
12240 0.0100922 0 77.875 0.0745098 0.5 0 0
12250 0.0100922 0 77.875 0.0745098 0.5 0 0
12260 0.00991622 0 77.875 0.0784314 0.5 0 0
12270 0.00991622 0 77.875 0.0784314 0.5 0 0
12280 0.0098908 0 77.875 0.0784314 0.5 0 0
12290 0.0098908 0 77.875 0.0784314 0.5 0 0
12300 0.00980819 0 77.875 0.0784314 0.5 0 0
12310 0.00980819 0 77.875 0.0745098 0.5 0 0
12320 0.0095775 0 77.875 0.0745098 0.5 0 0
12330 0.0095775 0 77.875 0.0705882 0.5 0 0
12340 0.00926985 0.25 78.125 0.0705882 0.5 0 0
12350 0.00926985 0.25 78.125 0.0705882 0.5 0 0
12360 0.00899079 0.375 78.5 0.0745098 0.5 0 0
12370 0.00899079 0.375 78.5 0.0745098 0.5 0 0
12380 0.00891181 0.375 78.875 0.0745098 0.5 0 0
12390 0.00891181 0.375 78.875 0.0745098 0.5 0 0
12400 0.00883708 0.375 79.25 0.0745098 0.5 0 0
12410 0.00883708 0.375 79.25 0.0745098 0.5 0 0
12420 0.00873189 0.375 79.625 0.0745098 0.5 0 0
12430 0.00873189 0.375 79.625 0.0745098 0.5 0 0
12440 0.00861325 0.375 80 0.0745098 0.5 0 0
12450 0.00861325 0.375 80 0.0705882 0.5 0 0
12460 0.00836084 0.25 80.25 0.0627451 0.5 0 0
12470 0.00836084 0.25 80.25 0.0627451 0.5 0 0
12480 0.00810632 0.625 80.875 0.0627451 0.5 0 0
12490 0.00810632 0.625 80.875 0.0627451 0.5 0 0
12500 0.00791809 0.75 81.625 0.0588235 0.5 0 0
12510 0.00791809 0.75 81.625 0.0627451 0.5 0 0
12520 0.00778172 0.75 82.375 0.0627451 0.5 0 0
12530 0.00778172 0.75 82.375 0.0627451 0.5 0 0
12540 0.00766298 0.75 83.125 0.0627451 0.5 0 0
12550 0.00766298 0.75 83.125 0.0627451 0.5 0 0
12560 0.00761671 0.75 83.875 0.0627451 0.5 0 0
12570 0.00761671 0.75 83.875 0.0627451 0.5 0 0
12580 0.00764238 0.75 84.625 0.0627451 0.5 0 0
12590 0.00764238 0.75 84.625 0.0627451 0.5 0 0
12600 0.00760989 0.625 85.25 0.0627451 0.5 0 0
12610 0.00760989 0.625 85.25 0.0627451 0.5 0 0
12620 0.00756521 0.75 86 0.0627451 0.5 0 0
12630 0.00756521 0.75 86 0.0627451 0.5 0 0
12640 0.00756594 0.75 86.75 0.0627451 0.5 0 0
12650 0.00756594 0.75 86.75 0.0627451 0.5 0 0
12660 0.00753332 0.75 87.5 0.0627451 0.5 0 0
12670 0.00753332 0.75 87.5 0.0627451 0.5 0 0
12680 0.00751669 0.75 88.25 0.0627451 0.5 0 0
12690 0.00751669 0.75 88.25 0.0627451 0.5 0 0
12700 0.00751256 0.75 89 0.0627451 0.5 0 0
12710 0.00751256 0.75 89 0.0627451 0.5 0 0
12720 0.00751562 0.75 89.75 0.0627451 0.5 0 0
12730 0.00751562 0.75 89.75 0.0627451 0.5 0 0
12740 0.00751939 0.75 90.5 0.0627451 0.5 0 0
12750 0.00751939 0.75 90.5 0.0627451 0.5 0 0
12760 0.00752172 0.75 91.25 0.0627451 0.5 0 0
12770 0.00752172 0.75 91.25 0.0627451 0.5 0 0
12780 0.00752799 0.5 91.75 0.0627451 0.5 0 0
12790 0.00752799 0.5 91.75 0.0627451 0.5 0 0
12800 0.00712197 0.5 92.25 0.0627451 0.5 0 0
12810 0.00712197 0.5 92.25 0.0627451 0.5 0 0
12820 0.00699182 0.375 92.625 0.0627451 0.5 0 0
12830 0.00699182 0.375 92.625 0.0627451 0.5 0 0
12840 0.0069342 0.375 93 0.0627451 0.5 0 0
12850 0.0069342 0.375 93 0.0627451 0.5 0 0
12860 0.00688871 0.375 93.375 0.0627451 0.5 0 0
12870 0.00688871 0.375 93.375 0.0627451 0.5 0 0
12880 0.00679265 0.375 93.75 0.0627451 0.5 0 0
12890 0.00679265 0.375 93.75 0.0627451 0.5 0 0
12900 0.00674551 0.375 94.125 0.0627451 0.5 0 0
12910 0.00674551 0.375 94.125 0.0627451 0.5 0 0
12920 0.00668705 0 94.125 0.0588235 0.5 0 0
12930 0.00668705 0 94.125 0.0588235 0.5 0 0
12940 0.00661746 0.25 94.375 0.0588235 0.5 0 0
12950 0.00661746 0.25 94.375 0.0588235 0.5 0 0
12960 0.00648522 0.25 94.625 0.0588235 0.5 0 0
12970 0.00648522 0.25 94.625 0.0588235 0.5 0 0
12980 0.00643638 0.25 94.875 0.0588235 0.5 0 0
12990 0.00643638 0.25 94.875 0.0588235 0.5 0 0
13000 0.00625267 0.25 95.125 0.0588235 0.5 0 0
13010 0.00625267 0.25 95.125 0.0627451 0.5 0 0
13020 0.00613725 0.25 95.375 0.0627451 0.5 0 0
13030 0.00613725 0.25 95.375 0.0627451 0.5 0 0
13040 0.00610396 0 95.375 0.0627451 0.5 0 0
13050 0.00610396 0 95.375 0.0666667 0.5 0 0
13060 0.00611785 0 95.375 0.0666667 0.5 0 0
13070 0.00611785 0 95.375 0.0705882 0.5 0 0
13080 0.00610322 0 95.375 0.0745098 0.5 0 0
13090 0.00610322 0 95.375 0.0705882 0.5 0 0
13100 0.00603812 0 95.375 0.0705882 0.5 0 0
13110 0.00603812 0 95.375 0.0705882 0.5 0 0
13120 0.00590165 0 95.375 0.0666667 0.5 0 0
13130 0.00590165 0 95.375 0.0627451 0.5 0 0
13140 0.0058567 0 95.375 0.0666667 0.5 0 0
13150 0.0058567 0 95.375 0.0666667 0.5 0 0
13160 0.00581921 0 95.375 0.0666667 0.5 0 0
13170 0.00581921 0 95.375 0.0705882 0.5 0 0
13180 0.00578689 0 95.375 0.0745098 0.5 0 0
13190 0.00578689 0 95.375 0.0745098 0.5 0 0
13200 0.00573982 0 95.375 0.0745098 0.5 0 0
13210 0.00573982 0 95.375 0.0705882 0.5 0 0
13220 0.00560606 0 95.375 0.0627451 0.5 0 0
13230 0.00560606 0 95.375 0.0588235 0.5 0 0
13240 0.00556803 0.25 95.625 0.054902 0.5 0 0
13250 0.00556803 0.25 95.625 0.054902 0.5 0 0
13260 0.00545014 0.25 95.875 0.0588235 0.5 0 0
13270 0.00545014 0.25 95.875 0.0588235 0.5 0 0
13280 0.00530129 0.25 96.125 0.054902 0.5 0 0
13290 0.00530129 0.25 96.125 0.0509804 0.5 0 0
13300 0.00487349 0.375 96.5 0.0509804 0.5 0 0
13310 0.00487349 0.375 96.5 0.054902 0.5 0 0
13320 0.00464981 0.375 96.875 0.054902 0.5 0 0
13330 0.00464981 0.375 96.875 0.0509804 0.5 0 0
13340 0.00461071 0.375 97.25 0.0509804 0.5 0 0
13350 0.00461071 0.375 97.25 0.0509804 0.5 0 0
13360 0.00452035 0.375 97.625 0.0509804 0.5 0 0
13370 0.00452035 0.375 97.625 0.0509804 0.5 0 0
13380 0.00434011 0.375 98 0.054902 0.5 0 0
13390 0.00434011 0.375 98 0.0588235 0.5 0 0
13400 0.00436326 0.375 98.375 0.0588235 0.5 0 0
13410 0.00436326 0.375 98.375 0.054902 0.5 0 0
13420 0.00433222 0.375 98.75 0.054902 0.5 0 0
13430 0.00433222 0.375 98.75 0.054902 0.5 0 0
13440 0.0042903 0.5 99.25 0.054902 0.5 0 0
13450 0.0042903 0.5 99.25 0.054902 0.5 0 0
13460 0.00423917 0.5 99.75 0.054902 0.5 0 0
13470 0.00423917 0.5 99.75 0.054902 0.5 0 0
13480 0.00423271 0.5 100.25 0.054902 0.5 0 0
13490 0.00423271 0.5 100.25 0.054902 0.5 0 0
13500 0.00423349 0.5 100.75 0.054902 0.5 0 0
13510 0.00423349 0.5 100.75 0.054902 0.5 0 0
13520 0.0042331 0.5 101.25 0.054902 0.5 0 0
13530 0.0042331 0.5 101.25 0.054902 0.5 0 0
13540 0.00423319 0.5 101.75 0.054902 0.5 0 0
13550 0.00423319 0.5 101.75 0.054902 0.5 0 0
13560 0.00422636 0.375 102.125 0.054902 0.5 0 0
13570 0.00422636 0.375 102.125 0.054902 0.5 0 0
13580 0.00425009 0.375 102.5 0.054902 0.5 0 0
13590 0.00425009 0.375 102.5 0.054902 0.5 0 0
13600 0.00425303 0.375 102.875 0.054902 0.5 0 0
13610 0.00425303 0.375 102.875 0.054902 0.5 0 0
13620 0.00425115 0.625 103.5 0.054902 0.5 0 0
13630 0.00425115 0.625 103.5 0.0509804 0.5 0 0
13640 0.00424744 0.625 104.125 0.0509804 0.5 0 0
13650 0.00424744 0.625 104.125 0.054902 0.5 0 0
13660 0.00439691 0.625 104.75 0.0509804 0.5 0 0
13670 0.00439691 0.625 104.75 0.0509804 0.5 0 0
13680 0.00445658 0.5 105.25 0.054902 0.5 0 0
13690 0.00445658 0.5 105.25 0.054902 0.5 0 0
13700 0.00444836 0.5 105.75 0.0509804 0.5 0 0
13710 0.00444836 0.5 105.75 0.0509804 0.5 0 0
13720 0.00437852 0.625 106.375 0.0509804 0.5 0 0
13730 0.00437852 0.625 106.375 0.0509804 0.5 0 0
13740 0.00439839 0.625 107 0.0509804 0.5 0 0
13750 0.00439839 0.625 107 0.0509804 0.5 0 0
13760 0.00440396 0.625 107.625 0.0509804 0.5 0 0
13770 0.00440396 0.625 107.625 0.0470588 0.5 0 0
13780 0.00433784 0.5 108.125 0.0470588 0.5 0 0
13790 0.00433784 0.5 108.125 0.0470588 0.5 0 0
13800 0.00434628 0.625 108.75 0.0470588 0.5 0 0
13810 0.00434628 0.625 108.75 0.0470588 0.5 0 0
13820 0.00433324 0.625 109.375 0.0470588 0.5 0 0
13830 0.00433324 0.625 109.375 0.054902 0.5 0 0
13840 0.00433436 0.625 110 0.054902 0.5 0 0
13850 0.00433436 0.625 110 0.054902 0.5 0 0
13860 0.00436233 0.625 110.625 0.0509804 0.5 0 0
13870 0.00436233 0.625 110.625 0.0470588 0.5 0 0
13880 0.00442521 0.75 111.375 0.0509804 0.5 0 0
13890 0.00442521 0.75 111.375 0.0509804 0.5 0 0
13900 0.0044484 0.75 112.125 0.054902 0.5 0 0
13910 0.0044484 0.75 112.125 0.054902 0.5 0 0
13920 0.00442555 0.75 112.875 0.054902 0.5 0 0
13930 0.00442555 0.75 112.875 0.054902 0.5 0 0
13940 0.00446417 0.625 113.5 0.054902 0.5 0 0
13950 0.00446417 0.625 113.5 0.0509804 0.5 0 0
13960 0.00447299 0.625 114.125 0.0509804 0.5 0 0
13970 0.00447299 0.625 114.125 0.0470588 0.5 0 0
13980 0.00449475 0.625 114.75 0.0470588 0.5 0 0
13990 0.00449475 0.625 114.75 0.0509804 0.5 0 0
14000 0.00451542 0.375 115.125 0.0509804 0.5 0 0
14010 0.00451542 0.375 115.125 0.0509804 0.5 0 0
14020 0.00456423 0.375 115.5 0.0509804 0.5 0 0
14030 0.00456423 0.375 115.5 0.0509804 0.5 0 0
14040 0.00457027 0.375 115.875 0.0509804 0.5 0 0
14050 0.00457027 0.375 115.875 0.054902 0.5 0 0
14060 0.00448304 0.5 116.375 0.0509804 0.5 0 0
14070 0.00448304 0.5 116.375 0.054902 0.5 0 0
14080 0.00443399 0.5 116.875 0.054902 0.5 0 0
14090 0.00443399 0.5 116.875 0.054902 0.5 0 0
14100 0.00440861 0.5 117.375 0.0509804 0.5 0 0
14110 0.00440861 0.5 117.375 0.0509804 0.5 0 0
14120 0.0043673 0.625 118 0.0509804 0.5 0 0
14130 0.0043673 0.625 118 0.0470588 0.5 0 0
14140 0.00433462 0.625 118.625 0.0470588 0.5 0 0
14150 0.00433462 0.625 118.625 0.0470588 0.5 0 0
14160 0.00438151 0.75 119.375 0.0509804 0.5 0 0
14170 0.00438151 0.75 119.375 0.0509804 0.5 0 0
14180 0.00438694 0.625 120 0.0509804 0.5 0 0
14190 0.00438694 0.625 120 0.0509804 0.5 0 0
14200 0.00435946 0.625 120.625 0.054902 0.5 0 0
14210 0.00435946 0.625 120.625 0.054902 0.5 0 0
14220 0.00433851 0.625 121.25 0.054902 0.5 0 0
14230 0.00433851 0.625 121.25 0.054902 0.5 0 0
14240 0.00434021 0.625 121.875 0.054902 0.5 0 0
14250 0.00434021 0.625 121.875 0.054902 0.5 0 0
14260 0.00433269 0.625 122.5 0.0509804 0.5 0 0
14270 0.00433269 0.625 122.5 0.0470588 0.5 0 0
14280 0.00427358 0.375 122.875 0.0509804 0.5 0 0
14290 0.00427358 0.375 122.875 0.0509804 0.5 0 0
14300 0.00429415 0.375 123.25 0.0509804 0.5 0 0
14310 0.00429415 0.375 123.25 0.0509804 0.5 0 0
14320 0.00431591 0.625 123.875 0.0509804 0.5 0 0
14330 0.00431591 0.625 123.875 0.0509804 0.5 0 0
14340 0.00429628 0.625 124.5 0.0509804 0.5 0 0
14350 0.00429628 0.625 124.5 0.0509804 0.5 0 0
14360 0.00425091 0.75 125.25 0.0509804 0.5 0 0
14370 0.00425091 0.75 125.25 0.0509804 0.5 0 0
14380 0.00430331 0.75 126 0.0509804 0.5 0 0
14390 0.00430331 0.75 126 0.0509804 0.5 0 0
14400 0.00440311 0.75 126.75 0.0509804 0.5 0 0
14410 0.00440311 0.75 126.75 0.0509804 0.5 0 0
14420 0.00441731 0.75 127.5 0.0509804 0.5 0 0
14430 0.00441731 0.75 127.5 0.0509804 0.5 0 0
14440 0.00443021 0.75 128.25 0.0509804 0.5 0 0
14450 0.00443021 0.75 128.25 0.0509804 0.5 0 0
14460 0.00444028 0.75 129 0.0509804 0.5 0 0
14470 0.00444028 0.75 129 0.0509804 0.5 0 0
14480 0.00444098 0.75 129.75 0.0509804 0.5 0 0
14490 0.00444098 0.75 129.75 0.0509804 0.5 0 0
14500 0.004455 0.75 130.5 0.0509804 0.5 0 0
14510 0.004455 0.75 130.5 0.0509804 0.5 0 0
14520 0.00445749 0.75 131.25 0.0509804 0.5 0 0
14530 0.00445749 0.75 131.25 0.0509804 0.5 0 0
14540 0.00444892 0.75 132 0.0509804 0.5 0 0
14550 0.00444892 0.75 132 0.0509804 0.5 0 0
14560 0.00443549 1 133 0.0509804 0.5 0 0
14570 0.00443549 1 133 0.0509804 0.5 0 0
14580 0.00441975 1 134 0.0509804 0.5 0 0
14590 0.00441975 1 134 0.0509804 0.5 0 0
14600 0.00440625 1 135 0.0509804 0.5 0 0
14610 0.00440625 1 135 0.0509804 0.5 0 0
14620 0.00439493 0.875 135.875 0.0509804 0.5 0 0
14630 0.00439493 0.875 135.875 0.0509804 0.5 0 0
14640 0.00435867 0.875 136.75 0.0509804 0.5 0 0
14650 0.00435867 0.875 136.75 0.0470588 0.5 0 0
14660 0.00422617 0.75 137.5 0.0470588 0.5 0 0
14670 0.00422617 0.75 137.5 0.0470588 0.5 0 0
14680 0.00416763 0.875 138.375 0.0509804 0.5 0 0
14690 0.00416763 0.875 138.375 0.0470588 0.5 0 0
14700 0.00418441 0.875 139.25 0.0470588 0.5 0 0
14710 0.00418441 0.875 139.25 0.0509804 0.5 0 0
14720 0.00422456 0.875 140.125 0.0470588 0.5 0 0
14730 0.00422456 0.875 140.125 0.0470588 0.5 0 0
14740 0.00423306 0.875 141 0.0509804 0.5 0 0
14750 0.00423306 0.875 141 0.0509804 0.5 0 0
14760 0.00417668 0.875 141.875 0.0509804 0.5 0 0
14770 0.00417668 0.875 141.875 0.0509804 0.5 0 0
14780 0.00417107 0.75 142.625 0.0509804 0.5 0 0
14790 0.00417107 0.75 142.625 0.0470588 0.5 0 0
14800 0.00416808 0.75 143.375 0.0470588 0.5 0 0
14810 0.00416808 0.75 143.375 0.0470588 0.5 0 0
14820 0.00402063 0.875 144.25 0.0470588 0.5 0 0
14830 0.00402063 0.875 144.25 0.0509804 0.5 0 0
14840 0.00393012 0.875 145.125 0.0470588 0.5 0 0
14850 0.00393012 0.875 145.125 0.0509804 0.5 0 0
14860 0.00392383 0.625 145.75 0.0509804 0.5 0 0
14870 0.00392383 0.625 145.75 0.0470588 0.5 0 0
14880 0.0039553 0.625 146.375 0.0470588 0.5 0 0
14890 0.0039553 0.625 146.375 0.0470588 0.5 0 0
14900 0.00400301 0.625 147 0.0509804 0.5 0 0
14910 0.00400301 0.625 147 0.0509804 0.5 0 0
14920 0.00408651 0.625 147.625 0.054902 0.5 0 0
14930 0.00408651 0.625 147.625 0.054902 0.5 0 0
14940 0.00411944 0.625 148.25 0.054902 0.5 0 0
14950 0.00411944 0.625 148.25 0.054902 0.5 0 0
14960 0.00409298 0.5 148.75 0.0588235 0.5 0 0
14970 0.00409298 0.5 148.75 0.0588235 0.5 0 0
14980 0.0040052 0.5 149.25 0.0588235 0.5 0 0
14990 0.0040052 0.5 149.25 0.054902 0.5 0 0
15000 0.0039083 0.5 149.75 0.0588235 0.5 0 0
15010 0.0039083 0.5 149.75 0.0588235 0.5 0 0
15020 0.00390637 0 149.75 0.054902 0.5 0 0
15030 0.00390637 0 149.75 0.054902 0.5 0 0
15040 0.00391473 0 149.75 0.0588235 0.5 0 0
15050 0.00391473 0 149.75 0.0588235 0.5 0 0
15060 0.00404408 0 149.75 0.0588235 0.5 0 0
15070 0.00404408 0 149.75 0.0588235 0.5 0 0
15080 0.00399691 0 149.75 0.0588235 0.5 0 0
15090 0.00399691 0 149.75 0.0588235 0.5 0 0
15100 0.00398119 0 149.75 0.0627451 0.5 0 0
15110 0.00398119 0 149.75 0.0627451 0.5 0 0
15120 0.00397769 0 149.75 0.0627451 0.5 0 0
15130 0.00397769 0 149.75 0.0666667 0.5 0 0
15140 0.00395697 0 149.75 0.0666667 0.5 0 0
15150 0.00395697 0 149.75 0.0666667 0.5 0 0
15160 0.00393702 0 149.75 0.0627451 0.5 0 0
15170 0.00393702 0 149.75 0.0627451 0.5 0 0
15180 0.00392854 0 149.75 0.0588235 0.5 0 0
15190 0.00392854 0 149.75 0.0588235 0.5 0 0
15200 0.00399752 0 149.75 0.0588235 0.5 0 0
15210 0.00399752 0 149.75 0.0627451 0.5 0 0
15220 0.00403558 0 149.75 0.0588235 0.5 0 0
15230 0.00403558 0 149.75 0.0588235 0.5 0 0
15240 0.00406133 0 149.75 0.0588235 0.5 0 0
15250 0.00406133 0 149.75 0.0588235 0.5 0 0
15260 0.00405602 0 149.75 0.054902 0.5 0 0
15270 0.00405602 0 149.75 0.054902 0.5 0 0
15280 0.00412032 0 149.75 0.0509804 0.5 0 0
15290 0.00412032 0 149.75 0.0509804 0.5 0 0
15300 0.00403342 0.625 150.375 0.0509804 0.5 0 0
15310 0.00403342 0.625 150.375 0.0509804 0.5 0 0
15320 0.00403349 0.625 151 0.0509804 0.5 0 0
15330 0.00403349 0.625 151 0.0509804 0.5 0 0
15340 0.00407588 0.625 151.625 0.0509804 0.5 0 0
15350 0.00407588 0.625 151.625 0.0509804 0.5 0 0
15360 0.0040935 0.75 152.375 0.0509804 0.5 0 0
15370 0.0040935 0.75 152.375 0.0509804 0.5 0 0
15380 0.00411621 0.75 153.125 0.0509804 0.5 0 0
15390 0.00411621 0.75 153.125 0.0509804 0.5 0 0
15400 0.00415267 0.75 153.875 0.0509804 0.5 0 0
15410 0.00415267 0.75 153.875 0.0509804 0.5 0 0
15420 0.0041662 0.375 154.25 0.0509804 0.5 0 0
15430 0.0041662 0.375 154.25 0.0509804 0.5 0 0
15440 0.00413895 0.375 154.625 0.0509804 0.5 0 0
15450 0.00413895 0.375 154.625 0.0509804 0.5 0 0
15460 0.00420792 0.5 155.125 0.0509804 0.5 0 0
15470 0.00420792 0.5 155.125 0.0509804 0.5 0 0
15480 0.00415325 0.625 155.75 0.0509804 0.5 0 0
15490 0.00415325 0.625 155.75 0.054902 0.5 0 0
15500 0.00412339 0.625 156.375 0.054902 0.5 0 0
15510 0.00412339 0.625 156.375 0.054902 0.5 0 0
15520 0.00409954 0.625 157 0.054902 0.5 0 0
15530 0.00409954 0.625 157 0.054902 0.5 0 0
15540 0.00402188 0.5 157.5 0.0509804 0.5 0 0
15550 0.00402188 0.5 157.5 0.0509804 0.5 0 0
15560 0.00383588 0.5 158 0.0509804 0.5 0 0
15570 0.00383588 0.5 158 0.0509804 0.5 0 0
15580 0.00389933 0.5 158.5 0.0470588 0.5 0 0
15590 0.00389933 0.5 158.5 0.0470588 0.5 0 0
15600 0.00394603 0.625 159.125 0.0509804 0.5 0 0
15610 0.00394603 0.625 159.125 0.0470588 0.5 0 0
15620 0.00404725 0.625 159.75 0.0509804 0.5 0 0
15630 0.00404725 0.625 159.75 0.0509804 0.5 0 0
15640 0.0040304 0.625 160.375 0.0509804 0.5 0 0
15650 0.0040304 0.625 160.375 0.0509804 0.5 0 0
15660 0.00397882 0.625 161 0.0509804 0.5 0 0
15670 0.00397882 0.625 161 0.0509804 0.5 0 0
15680 0.00394008 0.625 161.625 0.0509804 0.5 0 0
15690 0.00394008 0.625 161.625 0.0509804 0.5 0 0
15700 0.00394424 0.625 162.25 0.0509804 0.5 0 0
15710 0.00394424 0.625 162.25 0.0509804 0.5 0 0
15720 0.00390827 0.625 162.875 0.0509804 0.5 0 0
15730 0.00390827 0.625 162.875 0.0509804 0.5 0 0
15740 0.00393581 0.75 163.625 0.0470588 0.5 0 0
15750 0.00393581 0.75 163.625 0.0470588 0.5 0 0
15760 0.00404094 0.75 164.375 0.0470588 0.5 0 0
15770 0.00404094 0.75 164.375 0.0470588 0.5 0 0
15780 0.00406301 0.75 165.125 0.0509804 0.5 0 0
15790 0.00406301 0.75 165.125 0.0509804 0.5 0 0
15800 0.00412271 0.75 165.875 0.0509804 0.5 0 0
15810 0.00412271 0.75 165.875 0.0509804 0.5 0 0
15820 0.00413957 0.75 166.625 0.0509804 0.5 0 0
15830 0.00413957 0.75 166.625 0.0509804 0.5 0 0
15840 0.00411449 0.75 167.375 0.0509804 0.5 0 0
15850 0.00411449 0.75 167.375 0.0470588 0.5 0 0
15860 0.00402993 0.5 167.875 0.0470588 0.5 0 0
15870 0.00402993 0.5 167.875 0.0470588 0.5 0 0
15880 0.00412267 0.25 168.125 0.0470588 0.5 0 0
15890 0.00412267 0.25 168.125 0.0509804 0.5 0 0
15900 0.00423775 0.25 168.375 0.0509804 0.5 0 0
15910 0.00423775 0.25 168.375 0.0509804 0.5 0 0
15920 0.00443281 0.25 168.625 0.0509804 0.5 0 0
15930 0.00443281 0.25 168.625 0.0509804 0.5 0 0
15940 0.00455477 0 168.625 0.0509804 0.5 0 0
15950 0.00455477 0 168.625 0.0509804 0.5 0 0
15960 0.00457154 0 168.625 0.0509804 0.5 0 0
15970 0.00457154 0 168.625 0.054902 0.5 0 0
15980 0.00452751 0 168.625 0.054902 0.5 0 0
15990 0.00452751 0 168.625 0.054902 0.5 0 0
16000 0.00452682 0 168.625 0.054902 0.5 0 0
16010 0.00452682 0 168.625 0.054902 0.5 0 0
16020 0.0044457 0 168.625 0.054902 0.5 0 0
16030 0.0044457 0 168.625 0.054902 0.5 0 0
16040 0.00441107 0 168.625 0.054902 0.5 0 0
16050 0.00441107 0 168.625 0.054902 0.5 0 0
16060 0.00447668 0 168.625 0.054902 0.5 0 0
16070 0.00447668 0 168.625 0.0509804 0.5 0 0
16080 0.00440989 0 168.625 0.0509804 0.5 0 0
16090 0.00440989 0 168.625 0.054902 0.5 0 0
16100 0.0043417 0 168.625 0.054902 0.5 0 0
16110 0.0043417 0 168.625 0.054902 0.5 0 0
16120 0.00438884 0 168.625 0.054902 0.5 0 0
16130 0.00438884 0 168.625 0.054902 0.5 0 0
16140 0.00438406 0 168.625 0.0509804 0.5 0 0
16150 0.00438406 0 168.625 0.0509804 0.5 0 0
16160 0.00431007 0 168.625 0.0509804 0.5 0 0
16170 0.00431007 0 168.625 0.0509804 0.5 0 0
16180 0.00429271 0 168.625 0.0509804 0.5 0 0
16190 0.00429271 0 168.625 0.0509804 0.5 0 0
16200 0.0042962 0 168.625 0.0509804 0.5 0 0
16210 0.0042962 0 168.625 0.0509804 0.5 0 0
16220 0.00435116 0 168.625 0.0509804 0.5 0 0
16230 0.00435116 0 168.625 0.0509804 0.5 0 0
16240 0.00428812 0 168.625 0.0470588 0.5 0 0
16250 0.00428812 0 168.625 0.0509804 0.5 0 0
16260 0.00424472 0 168.625 0.0509804 0.5 0 0
16270 0.00424472 0 168.625 0.054902 0.5 0 0
16280 0.00433102 0 168.625 0.054902 0.5 0 0
16290 0.00433102 0 168.625 0.054902 0.5 0 0
16300 0.00442546 0 168.625 0.054902 0.5 0 0
16310 0.00442546 0 168.625 0.0509804 0.5 0 0
16320 0.00448792 0 168.625 0.0509804 0.5 0 0
16330 0.00448792 0 168.625 0.0509804 0.5 0 0
16340 0.00456346 0 168.625 0.0509804 0.5 0 0
16350 0.00456346 0 168.625 0.054902 0.5 0 0
16360 0.00447084 0 168.625 0.054902 0.5 0 0
16370 0.00447084 0 168.625 0.054902 0.5 0 0
16380 0.00455956 0 168.625 0.0588235 0.5 0 0
16390 0.00455956 0 168.625 0.0588235 0.5 0 0
16400 0.00467553 0 168.625 0.0588235 0.5 0 0
16410 0.00467553 0 168.625 0.0588235 0.5 0 0
16420 0.00471608 0 168.625 0.0588235 0.5 0 0
16430 0.00471608 0 168.625 0.054902 0.5 0 0
16440 0.00473046 0 168.625 0.054902 0.5 0 0
16450 0.00473046 0 168.625 0.054902 0.5 0 0
16460 0.00461528 0 168.625 0.0509804 0.5 0 0
16470 0.00461528 0 168.625 0.0509804 0.5 0 0
16480 0.00448426 0 168.625 0.054902 0.5 0 0
16490 0.00448426 0 168.625 0.054902 0.5 0 0
16500 0.0043795 0 168.625 0.054902 0.5 0 0
16510 0.0043795 0 168.625 0.0509804 0.5 0 0
16520 0.00425869 0 168.625 0.0509804 0.5 0 0
16530 0.00425869 0 168.625 0.054902 0.5 0 0
16540 0.00426805 0 168.625 0.054902 0.5 0 0
16550 0.00426805 0 168.625 0.054902 0.5 0 0
16560 0.00431883 0 168.625 0.054902 0.5 0 0
16570 0.00431883 0 168.625 0.054902 0.5 0 0
16580 0.00429106 0 168.625 0.054902 0.5 0 0
16590 0.00429106 0 168.625 0.0509804 0.5 0 0
16600 0.0041967 0 168.625 0.0509804 0.5 0 0
16610 0.0041967 0 168.625 0.0509804 0.5 0 0
16620 0.00420978 0 168.625 0.0470588 0.5 0 0
16630 0.00420978 0 168.625 0.0509804 0.5 0 0
16640 0.00418866 0 168.625 0.054902 0.5 0 0
16650 0.00418866 0 168.625 0.054902 0.5 0 0
16660 0.00420767 0 168.625 0.054902 0.5 0 0
16670 0.00420767 0 168.625 0.0509804 0.5 0 0
16680 0.00416645 0 168.625 0.054902 0.5 0 0
16690 0.00416645 0 168.625 0.0588235 0.5 0 0
16700 0.0042251 0 168.625 0.0588235 0.5 0 0
16710 0.0042251 0 168.625 0.0588235 0.5 0 0
16720 0.00425383 0 168.625 0.0627451 0.5 0 0
16730 0.00425383 0 168.625 0.0588235 0.5 0 0
16740 0.00425734 0 168.625 0.0588235 0.5 0 0
16750 0.00425734 0 168.625 0.0588235 0.5 0 0
16760 0.0042245 0 168.625 0.054902 0.5 0 0
16770 0.0042245 0 168.625 0.0509804 0.5 0 0
16780 0.00418852 0 168.625 0.054902 0.5 0 0
16790 0.00418852 0 168.625 0.0627451 0.5 0 0
16800 0.00430163 0 168.625 0.0666667 0.5 0 0
16810 0.00430163 0 168.625 0.0705882 0.5 0 0
16820 0.00429893 0 168.625 0.0666667 0.5 0 0
16830 0.00429893 0 168.625 0.0705882 0.5 0 0
16840 0.00428636 0 168.625 0.0705882 0.5 0 0
16850 0.00428636 0 168.625 0.0666667 0.5 0 0
16860 0.00429692 0 168.625 0.0627451 0.5 0 0
16870 0.00429692 0 168.625 0.0666667 0.5 0 0
16880 0.00440021 0 168.625 0.0666667 0.5 0 0
16890 0.00440021 0 168.625 0.0705882 0.5 0 0
16900 0.00448214 0 168.625 0.0666667 0.5 0 0
16910 0.00448214 0 168.625 0.0705882 0.5 0 0
16920 0.00454219 0 168.625 0.0705882 0.5 0 0
16930 0.00454219 0 168.625 0.0666667 0.5 0 0
16940 0.00451977 0 168.625 0.0627451 0.5 0 0
16950 0.00451977 0 168.625 0.0588235 0.5 0 0
16960 0.00450757 0 168.625 0.054902 0.5 0 0
16970 0.00450757 0 168.625 0.054902 0.5 0 0
16980 0.00477166 0 168.625 0.054902 0.5 0 0
16990 0.00477166 0 168.625 0.0588235 0.5 0 0
17000 0.00486492 0 168.625 0.0588235 0.5 0 0
17010 0.00486492 0 168.625 0.0588235 0.5 0 0
17020 0.00476185 0 168.625 0.054902 0.5 0 0
17030 0.00476185 0 168.625 0.054902 0.5 0 0
17040 0.00469684 0 168.625 0.054902 0.5 0 0
17050 0.00469684 0 168.625 0.0509804 0.5 0 0
17060 0.00456603 0 168.625 0.0509804 0.5 0 0
17070 0.00456603 0 168.625 0.0509804 0.5 0 0
17080 0.00437584 0 168.625 0.0509804 0.5 0 0
17090 0.00437584 0 168.625 0.0509804 0.5 0 0
17100 0.00421916 0 168.625 0.0470588 0.5 0 0
17110 0.00421916 0 168.625 0.0470588 0.5 0 0
17120 0.00416968 0 168.625 0.0509804 0.5 0 0
17130 0.00416968 0 168.625 0.0509804 0.5 0 0
17140 0.00434473 0 168.625 0.054902 0.5 0 0
17150 0.00434473 0 168.625 0.0588235 0.5 0 0
17160 0.00451974 0 168.625 0.0588235 0.5 0 0
17170 0.00451974 0 168.625 0.0588235 0.5 0 0
17180 0.00452678 0 168.625 0.0588235 0.5 0 0
17190 0.00452678 0 168.625 0.054902 0.5 0 0
17200 0.00449594 0 168.625 0.054902 0.5 0 0
17210 0.00449594 0 168.625 0.054902 0.5 0 0
17220 0.0045439 0 168.625 0.0509804 0.5 0 0
17230 0.0045439 0 168.625 0.0509804 0.5 0 0
17240 0.00455552 0 168.625 0.0509804 0.5 0 0
17250 0.00455552 0 168.625 0.054902 0.5 0 0
17260 0.0045917 0 168.625 0.0588235 0.5 0 0
17270 0.0045917 0 168.625 0.0627451 0.5 0 0
17280 0.00454408 0 168.625 0.0627451 0.5 0 0
17290 0.00454408 0 168.625 0.0588235 0.5 0 0
17300 0.00452961 0 168.625 0.0627451 0.5 0 0
17310 0.00452961 0 168.625 0.0588235 0.5 0 0
17320 0.00452062 0 168.625 0.0588235 0.5 0 0
17330 0.00452062 0 168.625 0.054902 0.5 0 0
17340 0.00453734 0 168.625 0.0588235 0.5 0 0
17350 0.00453734 0 168.625 0.0627451 0.5 0 0
17360 0.00459891 0 168.625 0.0705882 0.5 0 0
17370 0.00459891 0 168.625 0.0666667 0.5 0 0
17380 0.00460245 0 168.625 0.0705882 0.5 0 0
17390 0.00460245 0 168.625 0.0705882 0.5 0 0
17400 0.00460595 0 168.625 0.0705882 0.5 0 0
17410 0.00460595 0 168.625 0.0705882 0.5 0 0
17420 0.00458515 0 168.625 0.0705882 0.5 0 0
17430 0.00458515 0 168.625 0.0627451 0.5 0 0
17440 0.00452888 0 168.625 0.0588235 0.5 0 0
17450 0.00452888 0 168.625 0.0588235 0.5 0 0
17460 0.00469608 0 168.625 0.0627451 0.5 0 0
17470 0.00469608 0 168.625 0.0627451 0.5 0 0
17480 0.00472486 0 168.625 0.0588235 0.5 0 0
17490 0.00472486 0 168.625 0.0588235 0.5 0 0
17500 0.00473493 0 168.625 0.054902 0.5 0 0
17510 0.00473493 0 168.625 0.054902 0.5 0 0
17520 0.0046722 0 168.625 0.0509804 0.5 0 0
17530 0.0046722 0 168.625 0.0509804 0.5 0 0
17540 0.00458795 0.25 168.875 0.0509804 0.5 0 0
17550 0.00458795 0.25 168.875 0.0509804 0.5 0 0
17560 0.00464402 0.25 169.125 0.054902 0.5 0 0
17570 0.00464402 0.25 169.125 0.054902 0.5 0 0
17580 0.0046656 0.375 169.5 0.054902 0.5 0 0
17590 0.0046656 0.375 169.5 0.054902 0.5 0 0
17600 0.00463888 0.375 169.875 0.054902 0.5 0 0
17610 0.00463888 0.375 169.875 0.054902 0.5 0 0
17620 0.00463303 0.375 170.25 0.054902 0.5 0 0
17630 0.00463303 0.375 170.25 0.054902 0.5 0 0
17640 0.00463484 0.375 170.625 0.054902 0.5 0 0
17650 0.00463484 0.375 170.625 0.054902 0.5 0 0
17660 0.00451295 0.25 170.875 0.054902 0.5 0 0
17670 0.00451295 0.25 170.875 0.0509804 0.5 0 0
17680 0.00441007 0.25 171.125 0.0509804 0.5 0 0
17690 0.00441007 0.25 171.125 0.054902 0.5 0 0
17700 0.00434584 0.25 171.375 0.054902 0.5 0 0
17710 0.00434584 0.25 171.375 0.054902 0.5 0 0
17720 0.00434073 0.25 171.625 0.054902 0.5 0 0
17730 0.00434073 0.25 171.625 0.0588235 0.5 0 0
17740 0.00437374 0.25 171.875 0.0627451 0.5 0 0
17750 0.00437374 0.25 171.875 0.0627451 0.5 0 0
17760 0.00434418 0.25 172.125 0.0627451 0.5 0 0
17770 0.00434418 0.25 172.125 0.0627451 0.5 0 0
17780 0.00437707 0.5 172.625 0.0666667 0.5 0 0
17790 0.00437707 0.5 172.625 0.0666667 0.5 0 0
17800 0.004422 0.5 173.125 0.0666667 0.5 0 0
17810 0.004422 0.5 173.125 0.0705882 0.5 0 0
17820 0.00449715 0.375 173.5 0.0745098 0.5 0 0
17830 0.00449715 0.375 173.5 0.0745098 0.5 0 0
17840 0.00448855 0.375 173.875 0.0705882 0.5 0 0
17850 0.00448855 0.375 173.875 0.0666667 0.5 0 0
17860 0.00445574 0.625 174.5 0.0666667 0.5 0 0
17870 0.00445574 0.625 174.5 0.0627451 0.5 0 0
17880 0.00447106 0.625 175.125 0.0588235 0.5 0 0
17890 0.00447106 0.625 175.125 0.054902 0.5 0 0
17900 0.00442742 0.5 175.625 0.0509804 0.5 0 0
17910 0.00442742 0.5 175.625 0.0509804 0.5 0 0
17920 0.00442502 0.25 175.875 0.0509804 0.5 0 0
17930 0.00442502 0.25 175.875 0.0509804 0.5 0 0
17940 0.00431595 0.625 176.5 0.0509804 0.5 0 0
17950 0.00431595 0.625 176.5 0.0509804 0.5 0 0
17960 0.0042992 0.625 177.125 0.0509804 0.5 0 0
17970 0.0042992 0.625 177.125 0.0509804 0.5 0 0
17980 0.0043072 0.5 177.625 0.0509804 0.5 0 0
17990 0.0043072 0.5 177.625 0.0509804 0.5 0 0
18000 0.00427553 0.5 178.125 0.054902 0.5 0 0
18010 0.00427553 0.5 178.125 0.054902 0.5 0 0
18020 0.00418517 0.5 178.625 0.0509804 0.5 0 0
18030 0.00418517 0.5 178.625 0.0509804 0.5 0 0
18040 0.00409487 0.5 179.125 0.0509804 0.5 0 0
18050 0.00409487 0.5 179.125 0.0509804 0.5 0 0
18060 0.00414649 0.75 179.875 0.0509804 0.5 0 0
18070 0.00414649 0.75 179.875 0.0509804 0.5 0 0
18080 0.00415523 0.75 180.625 0.0509804 0.5 0 0
18090 0.00415523 0.75 180.625 0.0509804 0.5 0 0
18100 0.00416195 0.75 181.375 0.0509804 0.5 0 0
18110 0.00416195 0.75 181.375 0.0509804 0.5 0 0
18120 0.00416228 0.75 182.125 0.0509804 0.5 0 0
18130 0.00416228 0.75 182.125 0.0509804 0.5 0 0
18140 0.00416636 0.75 182.875 0.0509804 0.5 0 0
18150 0.00416636 0.75 182.875 0.0509804 0.5 0 0
18160 0.00417161 0.75 183.625 0.0509804 0.5 0 0
18170 0.00417161 0.75 183.625 0.0509804 0.5 0 0
18180 0.00418307 0.75 184.375 0.0509804 0.5 0 0
18190 0.00418307 0.75 184.375 0.0509804 0.5 0 0
18200 0.00418577 0.75 185.125 0.0509804 0.5 0 0
18210 0.00418577 0.75 185.125 0.0509804 0.5 0 0
18220 0.00419049 0.75 185.875 0.0509804 0.5 0 0
18230 0.00419049 0.75 185.875 0.0509804 0.5 0 0
18240 0.00419449 0.75 186.625 0.0509804 0.5 0 0
18250 0.00419449 0.75 186.625 0.0509804 0.5 0 0
18260 0.00419972 0.75 187.375 0.0509804 0.5 0 0
18270 0.00419972 0.75 187.375 0.0509804 0.5 0 0
18280 0.00420211 0.75 188.125 0.0509804 0.5 0 0
18290 0.00420211 0.75 188.125 0.0509804 0.5 0 0
18300 0.00420556 0.75 188.875 0.0509804 0.5 0 0
18310 0.00420556 0.75 188.875 0.0509804 0.5 0 0
18320 0.00420871 0.75 189.625 0.054902 0.5 0 0
18330 0.00420871 0.75 189.625 0.0509804 0.5 0 0
18340 0.00421336 0.75 190.375 0.0509804 0.5 0 0
18350 0.00421336 0.75 190.375 0.0509804 0.5 0 0
18360 0.00421725 0.75 191.125 0.054902 0.5 0 0
18370 0.00421725 0.75 191.125 0.0509804 0.5 0 0
18380 0.00422323 0.75 191.875 0.0509804 0.5 0 0
18390 0.00422323 0.75 191.875 0.0509804 0.5 0 0
18400 0.00423309 0.75 192.625 0.0509804 0.5 0 0
18410 0.00423309 0.75 192.625 0.0509804 0.5 0 0
18420 0.00423272 0.625 193.25 0.0509804 0.5 0 0
18430 0.00423272 0.625 193.25 0.054902 0.5 0 0
18440 0.00423942 0.75 194 0.054902 0.5 0 0
18450 0.00423942 0.75 194 0.0509804 0.5 0 0
18460 0.00423994 0.75 194.75 0.054902 0.5 0 0
18470 0.00423994 0.75 194.75 0.054902 0.5 0 0
18480 0.00424305 0.75 195.5 0.054902 0.5 0 0
18490 0.00424305 0.75 195.5 0.054902 0.5 0 0
18500 0.00424605 0.75 196.25 0.0509804 0.5 0 0
18510 0.00424605 0.75 196.25 0.0509804 0.5 0 0
18520 0.00424547 0.75 197 0.054902 0.5 0 0
18530 0.00424547 0.75 197 0.054902 0.5 0 0
18540 0.00425081 0.75 197.75 0.0509804 0.5 0 0
18550 0.00425081 0.75 197.75 0.054902 0.5 0 0
18560 0.00425433 0.75 198.5 0.054902 0.5 0 0
18570 0.00425433 0.75 198.5 0.054902 0.5 0 0
18580 0.00424453 0.75 199.25 0.054902 0.5 0 0
18590 0.00424453 0.75 199.25 0.054902 0.5 0 0
18600 0.0042189 0.75 200 0.054902 0.5 0 0
18610 0.0042189 0.75 200 0.054902 0.5 0 0
18620 0.00421174 0.75 200.75 0.0509804 0.5 0 0
18630 0.00421174 0.75 200.75 0.0509804 0.5 0 0
18640 0.00421344 0.75 201.5 0.0509804 0.5 0 0
18650 0.00421344 0.75 201.5 0.0509804 0.5 0 0
18660 0.00421105 0.75 202.25 0.0509804 0.5 0 0
18670 0.00421105 0.75 202.25 0.0509804 0.5 0 0
18680 0.0042116 0.75 203 0.0509804 0.5 0 0
18690 0.0042116 0.75 203 0.0509804 0.5 0 0
18700 0.0042105 0.75 203.75 0.0509804 0.5 0 0
18710 0.0042105 0.75 203.75 0.0509804 0.5 0 0
18720 0.00421104 0.75 204.5 0.0509804 0.5 0 0
18730 0.00421104 0.75 204.5 0.0509804 0.5 0 0
18740 0.00420269 0.625 205.125 0.0509804 0.5 0 0
18750 0.00420269 0.625 205.125 0.0509804 0.5 0 0
18760 0.00424495 0.875 206 0.0509804 0.5 0 0
18770 0.00424495 0.875 206 0.0509804 0.5 0 0
18780 0.00430217 0.875 206.875 0.0509804 0.5 0 0
18790 0.00430217 0.875 206.875 0.054902 0.5 0 0
18800 0.00429859 0.875 207.75 0.054902 0.5 0 0
18810 0.00429859 0.875 207.75 0.054902 0.5 0 0
18820 0.0042971 0.875 208.625 0.0509804 0.5 0 0
18830 0.0042971 0.875 208.625 0.054902 0.5 0 0
18840 0.00428804 0.75 209.375 0.054902 0.5 0 0
18850 0.00428804 0.75 209.375 0.054902 0.5 0 0
18860 0.00419639 0.5 209.875 0.054902 0.5 0 0
18870 0.00419639 0.5 209.875 0.054902 0.5 0 0
18880 0.00418725 0.5 210.375 0.054902 0.5 0 0
18890 0.00418725 0.5 210.375 0.054902 0.5 0 0
18900 0.00420956 0.25 210.625 0.054902 0.5 0 0
18910 0.00420956 0.25 210.625 0.054902 0.5 0 0
18920 0.00416866 0 210.625 0.054902 0.5 0 0
18930 0.00416866 0 210.625 0.0509804 0.5 0 0
18940 0.00417858 0 210.625 0.0509804 0.5 0 0
18950 0.00417858 0 210.625 0.0509804 0.5 0 0
18960 0.0042872 0 210.625 0.0470588 0.5 0 0
18970 0.0042872 0 210.625 0.0509804 0.5 0 0
18980 0.00437862 0 210.625 0.0509804 0.5 0 0
18990 0.00437862 0 210.625 0.054902 0.5 0 0
19000 0.00446098 0 210.625 0.0588235 0.5 0 0
19010 0.00446098 0 210.625 0.0588235 0.5 0 0
19020 0.00447068 0 210.625 0.0588235 0.5 0 0
19030 0.00447068 0 210.625 0.0588235 0.5 0 0
19040 0.00440499 0 210.625 0.0588235 0.5 0 0
19050 0.00440499 0 210.625 0.0588235 0.5 0 0
19060 0.00431845 0 210.625 0.0588235 0.5 0 0
19070 0.00431845 0 210.625 0.0588235 0.5 0 0
19080 0.00427913 0 210.625 0.0588235 0.5 0 0
19090 0.00427913 0 210.625 0.0588235 0.5 0 0
19100 0.00424099 0 210.625 0.0588235 0.5 0 0
19110 0.00424099 0 210.625 0.0588235 0.5 0 0
19120 0.00417453 0 210.625 0.054902 0.5 0 0
19130 0.00417453 0 210.625 0.0588235 0.5 0 0
19140 0.00408351 0 210.625 0.0588235 0.5 0 0
19150 0.00408351 0 210.625 0.0588235 0.5 0 0
19160 0.00407111 0 210.625 0.0588235 0.5 0 0
19170 0.00407111 0 210.625 0.0588235 0.5 0 0
19180 0.00403157 0 210.625 0.0588235 0.5 0 0
19190 0.00403157 0 210.625 0.054902 0.5 0 0
19200 0.00406137 0 210.625 0.0588235 0.5 0 0
19210 0.00406137 0 210.625 0.0588235 0.5 0 0
19220 0.0041367 0 210.625 0.0627451 0.5 0 0
19230 0.0041367 0 210.625 0.0627451 0.5 0 0
19240 0.00430723 0 210.625 0.0588235 0.5 0 0
19250 0.00430723 0 210.625 0.0588235 0.5 0 0
19260 0.00433063 0 210.625 0.0588235 0.5 0 0
19270 0.00433063 0 210.625 0.0588235 0.5 0 0
19280 0.00427133 0 210.625 0.0627451 0.5 0 0
19290 0.00427133 0 210.625 0.0588235 0.5 0 0
19300 0.00429471 0 210.625 0.0666667 0.5 0 0
19310 0.00429471 0 210.625 0.0705882 0.5 0 0
19320 0.00429707 0 210.625 0.0745098 0.5 0 0
19330 0.00429707 0 210.625 0.0705882 0.5 0 0
19340 0.00428697 0 210.625 0.0705882 0.5 0 0
19350 0.00428697 0 210.625 0.0705882 0.5 0 0
19360 0.00419268 0 210.625 0.0666667 0.5 0 0
19370 0.00419268 0 210.625 0.0627451 0.5 0 0
19380 0.00427622 0 210.625 0.0588235 0.5 0 0
19390 0.00427622 0 210.625 0.0588235 0.5 0 0
19400 0.00441821 0 210.625 0.054902 0.5 0 0
19410 0.00441821 0 210.625 0.054902 0.5 0 0
19420 0.00448663 0 210.625 0.054902 0.5 0 0
19430 0.00448663 0 210.625 0.0627451 0.5 0 0
19440 0.00447717 0 210.625 0.0627451 0.5 0 0
19450 0.00447717 0 210.625 0.0588235 0.5 0 0
19460 0.00464628 0 210.625 0.0588235 0.5 0 0
19470 0.00464628 0 210.625 0.054902 0.5 0 0
19480 0.00470363 0 210.625 0.054902 0.5 0 0
19490 0.00470363 0 210.625 0.054902 0.5 0 0
19500 0.00461726 0 210.625 0.054902 0.5 0 0
19510 0.00461726 0 210.625 0.0509804 0.5 0 0
19520 0.00451756 0 210.625 0.0509804 0.5 0 0
19530 0.00451756 0 210.625 0.0509804 0.5 0 0
19540 0.00441839 0 210.625 0.0509804 0.5 0 0
19550 0.00441839 0 210.625 0.0509804 0.5 0 0
19560 0.00445634 0 210.625 0.054902 0.5 0 0
19570 0.00445634 0 210.625 0.054902 0.5 0 0
19580 0.00458408 0 210.625 0.054902 0.5 0 0
19590 0.00458408 0 210.625 0.0588235 0.5 0 0
19600 0.00460337 0 210.625 0.0588235 0.5 0 0
19610 0.00460337 0 210.625 0.054902 0.5 0 0
19620 0.00459547 0 210.625 0.054902 0.5 0 0
19630 0.00459547 0 210.625 0.054902 0.5 0 0
19640 0.00457807 0 210.625 0.054902 0.5 0 0
19650 0.00457807 0 210.625 0.054902 0.5 0 0
19660 0.00457411 0 210.625 0.054902 0.5 0 0
19670 0.00457411 0 210.625 0.054902 0.5 0 0
19680 0.00450857 0 210.625 0.0509804 0.5 0 0
19690 0.00450857 0 210.625 0.0509804 0.5 0 0
19700 0.00440078 0 210.625 0.0509804 0.5 0 0
19710 0.00440078 0 210.625 0.0509804 0.5 0 0
19720 0.00423417 0 210.625 0.0470588 0.5 0 0
19730 0.00423417 0 210.625 0.0470588 0.5 0 0
19740 0.00412373 0.25 210.875 0.0470588 0.5 0 0
19750 0.00412373 0.25 210.875 0.0470588 0.5 0 0
19760 0.00409923 0.375 211.25 0.0470588 0.5 0 0
19770 0.00409923 0.375 211.25 0.0509804 0.5 0 0
19780 0.00405513 0.375 211.625 0.0509804 0.5 0 0
19790 0.00405513 0.375 211.625 0.0470588 0.5 0 0
19800 0.00404795 0.375 212 0.0509804 0.5 0 0
19810 0.00404795 0.375 212 0.0470588 0.5 0 0
19820 0.00399116 0.375 212.375 0.0509804 0.5 0 0
19830 0.00399116 0.375 212.375 0.0509804 0.5 0 0
19840 0.00405356 0.375 212.75 0.0588235 0.5 0 0
19850 0.00405356 0.375 212.75 0.0588235 0.5 0 0
19860 0.00409111 0.25 213 0.0588235 0.5 0 0
19870 0.00409111 0.25 213 0.0627451 0.5 0 0
19880 0.00411184 0 213 0.0627451 0.5 0 0
19890 0.00411184 0 213 0.0627451 0.5 0 0
19900 0.0041805 0 213 0.0627451 0.5 0 0
19910 0.0041805 0 213 0.0627451 0.5 0 0
19920 0.00422764 0 213 0.0588235 0.5 0 0
19930 0.00422764 0 213 0.0588235 0.5 0 0
19940 0.00424935 0 213 0.0588235 0.5 0 0
19950 0.00424935 0 213 0.054902 0.5 0 0
19960 0.0042536 0 213 0.054902 0.5 0 0
19970 0.0042536 0 213 0.054902 0.5 0 0
19980 0.00419397 0 213 0.0509804 0.5 0 0
19990 0.00419397 0 213 0.054902 0.5 0 0
20000 0.00413339 0 213 0.054902 0.5 0 0
20010 0.00413339 0 213 0.0509804 0.5 0 0
