0 0.109975 0 0 0.5 0.5 0 0
10 0.109975 0 0 0.627451 0.5 0 0
20 0.109665 0.625 0.625 0.592157 0.5 0 0
30 0.109665 0.625 0.625 0.572549 0.5 0 0
40 0.109692 0.625 1.25 0.643137 0.5 0 0
50 0.109692 0.625 1.25 0.611765 0.5 0 0
60 0.109692 0.625 1.875 0.643137 0.5 0 0
70 0.109692 0.625 1.875 0.607843 0.5 0 0
80 0.109695 0.625 2.5 0.6 0.5 0 0
90 0.109695 0.625 2.5 0.580392 0.5 0 0
100 0.109702 0.625 3.125 0.592157 0.5 0 0
110 0.109702 0.625 3.125 0.584314 0.5 0 0
120 0.109708 0.5 3.625 0.572549 0.5 0 0
130 0.109708 0.5 3.625 0.721569 0.5 0 0
140 0.109611 0.5 4.125 0.65098 0.5 0 0
150 0.109611 0.5 4.125 0.780392 0.5 0 0
160 0.10949 0.5 4.625 0.580392 0.5 0 0
170 0.10949 0.5 4.625 0.568627 0.5 0 0
180 0.109612 0.5 5.125 0.588235 0.5 0 0
190 0.109612 0.5 5.125 0.721569 0.5 0 0
200 0.109443 0.25 5.375 0.588235 0.5 0 0
210 0.109443 0.25 5.375 0.619608 0.5 0 0
220 0.109285 0.25 5.625 0.607843 0.5 0 0
230 0.109285 0.25 5.625 0.741176 0.5 0 0
240 0.109446 0.375 6 0.741176 0.5 0 0
250 0.109446 0.375 6 0.65098 0.5 0 0
260 0.110215 0.375 6.375 0.580392 0.5 0 0
270 0.110215 0.375 6.375 0.576471 0.5 0 0
280 0.111367 0.5 6.875 0.686275 0.5 0 0
290 0.111367 0.5 6.875 0.619608 0.5 0 0
300 0.112146 0.5 7.375 0.686275 0.5 0 0
310 0.112146 0.5 7.375 0.776471 0.5 0 0
320 0.1124 0.5 7.875 0.72549 0.5 0 0
330 0.1124 0.5 7.875 0.568627 0.5 0 0
340 0.112399 0.375 8.25 0.686275 0.5 0 0
350 0.112399 0.375 8.25 0.580392 0.5 0 0
360 0.112277 0.375 8.625 0.780392 0.5 0 0
370 0.112277 0.375 8.625 0.588235 0.5 0 0
380 0.11211 0.375 9 0.627451 0.5 0 0
390 0.11211 0.375 9 0.572549 0.5 0 0
400 0.111985 0.25 9.25 0.658824 0.5 0 0
410 0.111985 0.25 9.25 0.584314 0.5 0 0
420 0.11185 0.25 9.5 0.603922 0.5 0 0
430 0.11185 0.25 9.5 0.556863 0.5 0 0
440 0.111164 0.25 9.75 0.784314 0.5 0 0
450 0.111164 0.25 9.75 0.592157 0.5 0 0
460 0.110676 0.25 10 0.619608 0.5 0 0
470 0.110676 0.25 10 0.67451 0.5 0 0
480 0.11046 0.25 10.25 0.74902 0.5 0 0
490 0.11046 0.25 10.25 0.768627 0.5 0 0
500 0.109888 0.5 10.75 0.615686 0.5 0 0
510 0.109888 0.5 10.75 0.627451 0.5 0 0
520 0.10927 0.5 11.25 0.576471 0.5 0 0
530 0.10927 0.5 11.25 0.596078 0.5 0 0
540 0.108559 0.75 12 0.533333 0.5 0 0
550 0.108559 0.75 12 0.533333 0.5 0 0
560 0.107969 0.75 12.75 0.529412 0.5 0 0
570 0.107969 0.75 12.75 0.529412 0.5 0 0
580 0.10752 0.75 13.5 0.533333 0.5 0 0
590 0.10752 0.75 13.5 0.533333 0.5 0 0
600 0.107529 0.75 14.25 0.533333 0.5 0 0
610 0.107529 0.75 14.25 0.533333 0.5 0 0
620 0.107658 0.75 15 0.533333 0.5 0 0
630 0.107658 0.75 15 0.533333 0.5 0 0
640 0.107694 0.625 15.625 0.537255 0.5 0 0
650 0.107694 0.625 15.625 0.533333 0.5 0 0
660 0.107698 0.5 16.125 0.529412 0.5 0 0
670 0.107698 0.5 16.125 0.533333 0.5 0 0
680 0.107698 0.625 16.75 0.533333 0.5 0 0
690 0.107698 0.625 16.75 0.533333 0.5 0 0
700 0.107648 0.625 17.375 0.533333 0.5 0 0
710 0.107648 0.625 17.375 0.537255 0.5 0 0
720 0.107647 0.625 18 0.533333 0.5 0 0
730 0.107647 0.625 18 0.529412 0.5 0 0
740 0.107604 0.625 18.625 0.533333 0.5 0 0
750 0.107604 0.625 18.625 0.537255 0.5 0 0
760 0.107604 0.625 19.25 0.533333 0.5 0 0
770 0.107604 0.625 19.25 0.533333 0.5 0 0
780 0.107604 0.5 19.75 0.533333 0.5 0 0
790 0.107604 0.5 19.75 0.533333 0.5 0 0
800 0.107597 0.625 20.375 0.533333 0.5 0 0
810 0.107597 0.625 20.375 0.533333 0.5 0 0
820 0.107596 0.625 21 0.537255 0.5 0 0
830 0.107596 0.625 21 0.533333 0.5 0 0
840 0.107605 0.625 21.625 0.533333 0.5 0 0
850 0.107605 0.625 21.625 0.533333 0.5 0 0
860 0.10777 0.625 22.25 0.529412 0.5 0 0
870 0.10777 0.625 22.25 0.533333 0.5 0 0
880 0.107804 0.625 22.875 0.533333 0.5 0 0
890 0.107804 0.625 22.875 0.533333 0.5 0 0
900 0.107796 0.625 23.5 0.533333 0.5 0 0
910 0.107796 0.625 23.5 0.533333 0.5 0 0
920 0.107796 0.625 24.125 0.533333 0.5 0 0
930 0.107796 0.625 24.125 0.533333 0.5 0 0
940 0.107796 0.625 24.75 0.533333 0.5 0 0
950 0.107796 0.625 24.75 0.537255 0.5 0 0
960 0.107796 0.625 25.375 0.533333 0.5 0 0
970 0.107796 0.625 25.375 0.533333 0.5 0 0
980 0.107793 0.5 25.875 0.533333 0.5 0 0
990 0.107793 0.5 25.875 0.533333 0.5 0 0
1000 0.107789 0.625 26.5 0.533333 0.5 0 0
1010 0.107789 0.625 26.5 0.533333 0.5 0 0
1020 0.107789 0.625 27.125 0.533333 0.5 0 0
1030 0.107789 0.625 27.125 0.533333 0.5 0 0
1040 0.107789 0.625 27.75 0.533333 0.5 0 0
1050 0.107789 0.625 27.75 0.533333 0.5 0 0
1060 0.107789 0.625 28.375 0.533333 0.5 0 0
1070 0.107789 0.625 28.375 0.533333 0.5 0 0
1080 0.107789 0.625 29 0.533333 0.5 0 0
1090 0.107789 0.625 29 0.533333 0.5 0 0
1100 0.10817 0.625 29.625 0.533333 0.5 0 0
1110 0.10817 0.625 29.625 0.529412 0.5 0 0
1120 0.108325 0.625 30.25 0.533333 0.5 0 0
1130 0.108325 0.625 30.25 0.537255 0.5 0 0
1140 0.108325 0.625 30.875 0.529412 0.5 0 0
1150 0.108325 0.625 30.875 0.533333 0.5 0 0
1160 0.108325 0.625 31.5 0.533333 0.5 0 0
1170 0.108325 0.625 31.5 0.533333 0.5 0 0
1180 0.108461 0.625 32.125 0.537255 0.5 0 0
1190 0.108461 0.625 32.125 0.541176 0.5 0 0
1200 0.108808 0.625 32.75 0.541176 0.5 0 0
1210 0.108808 0.625 32.75 0.545098 0.5 0 0
1220 0.108989 0.625 33.375 0.545098 0.5 0 0
1230 0.108989 0.625 33.375 0.533333 0.5 0 0
1240 0.109336 0.5 33.875 0.513725 0.5 0 0
1250 0.109336 0.5 33.875 0.509804 0.5 0 0
1260 0.109594 0.625 34.5 0.509804 0.5 0 0
1270 0.109594 0.625 34.5 0.505882 0.5 0 0
1280 0.109672 0.625 35.125 0.505882 0.5 0 0
1290 0.109672 0.625 35.125 0.505882 0.5 0 0
1300 0.109947 0.625 35.75 0.509804 0.5 0 0
1310 0.109947 0.625 35.75 0.501961 0.5 0 0
1320 0.109948 0.75 36.5 0.509804 0.5 0 0
1330 0.109948 0.75 36.5 0.505882 0.5 0 0
1340 0.109961 0.75 37.25 0.505882 0.5 0 0
1350 0.109961 0.75 37.25 0.513725 0.5 0 0
1360 0.110002 0.75 38 0.509804 0.5 0 0
1370 0.110002 0.75 38 0.513725 0.5 0 0
1380 0.110002 0.75 38.75 0.505882 0.5 0 0
1390 0.110002 0.75 38.75 0.505882 0.5 0 0
1400 0.110002 0.75 39.5 0.513725 0.5 0 0
1410 0.110002 0.75 39.5 0.509804 0.5 0 0
1420 0.110002 0.75 40.25 0.509804 0.5 0 0
1430 0.110002 0.75 40.25 0.513725 0.5 0 0
1440 0.109997 0.75 41 0.513725 0.5 0 0
1450 0.109997 0.75 41 0.513725 0.5 0 0
1460 0.109997 0.625 41.625 0.513725 0.5 0 0
1470 0.109997 0.625 41.625 0.509804 0.5 0 0
1480 0.109997 0.875 42.5 0.513725 0.5 0 0
1490 0.109997 0.875 42.5 0.509804 0.5 0 0
1500 0.109997 0.875 43.375 0.505882 0.5 0 0
1510 0.109997 0.875 43.375 0.509804 0.5 0 0
1520 0.109997 0.875 44.25 0.513725 0.5 0 0
1530 0.109997 0.875 44.25 0.509804 0.5 0 0
1540 0.109997 0.875 45.125 0.517647 0.5 0 0
1550 0.109997 0.875 45.125 0.505882 0.5 0 0
1560 0.109997 0.875 46 0.509804 0.5 0 0
1570 0.109997 0.875 46 0.505882 0.5 0 0
1580 0.109997 0.875 46.875 0.517647 0.5 0 0
1590 0.109997 0.875 46.875 0.505882 0.5 0 0
1600 0.109997 0.625 47.5 0.505882 0.5 0 0
1610 0.109997 0.625 47.5 0.505882 0.5 0 0
1620 0.109997 0.625 48.125 0.505882 0.5 0 0
1630 0.109997 0.625 48.125 0.509804 0.5 0 0
1640 0.109997 0.625 48.75 0.513725 0.5 0 0
1650 0.109997 0.625 48.75 0.513725 0.5 0 0
1660 0.109997 0.75 49.5 0.509804 0.5 0 0
1670 0.109997 0.75 49.5 0.517647 0.5 0 0
1680 0.10999 0.75 50.25 0.517647 0.5 0 0
1690 0.10999 0.75 50.25 0.505882 0.5 0 0
1700 0.10999 0.75 51 0.513725 0.5 0 0
1710 0.10999 0.75 51 0.509804 0.5 0 0
1720 0.10999 0.75 51.75 0.509804 0.5 0 0
1730 0.10999 0.75 51.75 0.513725 0.5 0 0
1740 0.10999 0.375 52.125 0.509804 0.5 0 0
1750 0.10999 0.375 52.125 0.513725 0.5 0 0
1760 0.10999 0.625 52.75 0.509804 0.5 0 0
1770 0.10999 0.625 52.75 0.509804 0.5 0 0
1780 0.10999 0.75 53.5 0.509804 0.5 0 0
1790 0.10999 0.75 53.5 0.513725 0.5 0 0
1800 0.10999 0.75 54.25 0.505882 0.5 0 0
1810 0.10999 0.75 54.25 0.509804 0.5 0 0
1820 0.10999 0.75 55 0.513725 0.5 0 0
1830 0.10999 0.75 55 0.513725 0.5 0 0
1840 0.10999 0.75 55.75 0.513725 0.5 0 0
1850 0.10999 0.75 55.75 0.513725 0.5 0 0
1860 0.10999 0.75 56.5 0.509804 0.5 0 0
1870 0.10999 0.75 56.5 0.505882 0.5 0 0
1880 0.10999 0.75 57.25 0.505882 0.5 0 0
1890 0.10999 0.75 57.25 0.513725 0.5 0 0
1900 0.110089 0.75 58 0.505882 0.5 0 0
1910 0.110089 0.75 58 0.509804 0.5 0 0
1920 0.110101 0.5 58.5 0.513725 0.5 0 0
1930 0.110101 0.5 58.5 0.509804 0.5 0 0
1940 0.110103 0.5 59 0.509804 0.5 0 0
1950 0.110103 0.5 59 0.509804 0.5 0 0
1960 0.110117 0.625 59.625 0.509804 0.5 0 0
1970 0.110117 0.625 59.625 0.509804 0.5 0 0
1980 0.11021 0.625 60.25 0.513725 0.5 0 0
1990 0.11021 0.625 60.25 0.513725 0.5 0 0
2000 0.110241 0.625 60.875 0.513725 0.5 0 0
2010 0.110241 0.625 60.875 0.509804 0.5 0 0
2020 0.110272 0.875 61.75 0.521569 0.5 0 0
2030 0.110272 0.875 61.75 0.517647 0.5 0 0
2040 0.110302 0.875 62.625 0.509804 0.5 0 0
2050 0.110302 0.875 62.625 0.521569 0.5 0 0
2060 0.110324 0.875 63.5 0.517647 0.5 0 0
2070 0.110324 0.875 63.5 0.521569 0.5 0 0
2080 0.110355 0.875 64.375 0.513725 0.5 0 0
2090 0.110355 0.875 64.375 0.521569 0.5 0 0
2100 0.110387 0.875 65.25 0.52549 0.5 0 0
2110 0.110387 0.875 65.25 0.52549 0.5 0 0
2120 0.110418 0.875 66.125 0.517647 0.5 0 0
2130 0.110418 0.875 66.125 0.529412 0.5 0 0
2140 0.11044 0.625 66.75 0.529412 0.5 0 0
2150 0.11044 0.625 66.75 0.529412 0.5 0 0
2160 0.110387 0.625 67.375 0.52549 0.5 0 0
2170 0.110387 0.625 67.375 0.501961 0.5 0 0
2180 0.110251 0.625 68 0.501961 0.5 0 0
2190 0.110251 0.625 68 0.505882 0.5 0 0
2200 0.110088 1 69 0.498039 0.5 0 0
2210 0.110088 1 69 0.490196 0.5 0 0
2220 0.109927 1 70 0.494118 0.5 0 0
2230 0.109927 1 70 0.486275 0.5 0 0
2240 0.109756 0.875 70.875 0.482353 0.5 0 0
2250 0.109756 0.875 70.875 0.482353 0.5 0 0
2260 0.109594 0.875 71.75 0.482353 0.5 0 0
2270 0.109594 0.875 71.75 0.482353 0.5 0 0
2280 0.109482 1 72.75 0.482353 0.5 0 0
2290 0.109482 1 72.75 0.482353 0.5 0 0
2300 0.109329 1 73.75 0.482353 0.5 0 0
2310 0.109329 1 73.75 0.482353 0.5 0 0
2320 0.109131 0.875 74.625 0.482353 0.5 0 0
2330 0.109131 0.875 74.625 0.486275 0.5 0 0
2340 0.108996 0.875 75.5 0.482353 0.5 0 0
2350 0.108996 0.875 75.5 0.482353 0.5 0 0
2360 0.108841 0.875 76.375 0.482353 0.5 0 0
2370 0.108841 0.875 76.375 0.482353 0.5 0 0
2380 0.108735 0.875 77.25 0.482353 0.5 0 0
2390 0.108735 0.875 77.25 0.482353 0.5 0 0
2400 0.108424 0.5 77.75 0.482353 0.5 0 0
2410 0.108424 0.5 77.75 0.482353 0.5 0 0
2420 0.107988 0.625 78.375 0.482353 0.5 0 0
2430 0.107988 0.625 78.375 0.482353 0.5 0 0
2440 0.10771 0.625 79 0.482353 0.5 0 0
2450 0.10771 0.625 79 0.482353 0.5 0 0
2460 0.107527 0.625 79.625 0.482353 0.5 0 0
2470 0.107527 0.625 79.625 0.482353 0.5 0 0
2480 0.107512 0.625 80.25 0.482353 0.5 0 0
2490 0.107512 0.625 80.25 0.482353 0.5 0 0
2500 0.107379 0.625 80.875 0.478431 0.5 0 0
2510 0.107379 0.625 80.875 0.482353 0.5 0 0
2520 0.106854 0.625 81.5 0.482353 0.5 0 0
2530 0.106854 0.625 81.5 0.482353 0.5 0 0
2540 0.10671 0.625 82.125 0.482353 0.5 0 0
2550 0.10671 0.625 82.125 0.482353 0.5 0 0
2560 0.106701 0.875 83 0.482353 0.5 0 0
2570 0.106701 0.875 83 0.482353 0.5 0 0
2580 0.106695 0.875 83.875 0.482353 0.5 0 0
2590 0.106695 0.875 83.875 0.482353 0.5 0 0
2600 0.106467 0.875 84.75 0.478431 0.5 0 0
2610 0.106467 0.875 84.75 0.482353 0.5 0 0
2620 0.10642 0.875 85.625 0.482353 0.5 0 0
2630 0.10642 0.875 85.625 0.482353 0.5 0 0
2640 0.106414 0.875 86.5 0.482353 0.5 0 0
2650 0.106414 0.875 86.5 0.482353 0.5 0 0
2660 0.106412 0.75 87.25 0.482353 0.5 0 0
2670 0.106412 0.75 87.25 0.478431 0.5 0 0
2680 0.10641 0.875 88.125 0.482353 0.5 0 0
2690 0.10641 0.875 88.125 0.482353 0.5 0 0
2700 0.106408 0.875 89 0.482353 0.5 0 0
2710 0.106408 0.875 89 0.482353 0.5 0 0
2720 0.106405 0.875 89.875 0.482353 0.5 0 0
2730 0.106405 0.875 89.875 0.482353 0.5 0 0
2740 0.106403 0.875 90.75 0.478431 0.5 0 0
2750 0.106403 0.875 90.75 0.478431 0.5 0 0
2760 0.106401 0.875 91.625 0.482353 0.5 0 0
2770 0.106401 0.875 91.625 0.482353 0.5 0 0
2780 0.106398 0.875 92.5 0.482353 0.5 0 0
2790 0.106398 0.875 92.5 0.478431 0.5 0 0
2800 0.106396 0.875 93.375 0.482353 0.5 0 0
2810 0.106396 0.875 93.375 0.482353 0.5 0 0
2820 0.106394 0.875 94.25 0.478431 0.5 0 0
2830 0.106394 0.875 94.25 0.482353 0.5 0 0
2840 0.106388 0.875 95.125 0.482353 0.5 0 0
2850 0.106388 0.875 95.125 0.482353 0.5 0 0
2860 0.106392 0.875 96 0.478431 0.5 0 0
2870 0.106392 0.875 96 0.482353 0.5 0 0
2880 0.10639 0.875 96.875 0.478431 0.5 0 0
2890 0.10639 0.875 96.875 0.482353 0.5 0 0
2900 0.106388 0.875 97.75 0.478431 0.5 0 0
2910 0.106388 0.875 97.75 0.482353 0.5 0 0
2920 0.106386 0.875 98.625 0.482353 0.5 0 0
2930 0.106386 0.875 98.625 0.478431 0.5 0 0
2940 0.106375 0.625 99.25 0.478431 0.5 0 0
2950 0.106375 0.625 99.25 0.482353 0.5 0 0
2960 0.106373 0.625 99.875 0.478431 0.5 0 0
2970 0.106373 0.625 99.875 0.478431 0.5 0 0
2980 0.106373 0.625 100.5 0.482353 0.5 0 0
2990 0.106373 0.625 100.5 0.482353 0.5 0 0
3000 0.106373 0.625 101.125 0.478431 0.5 0 0
3010 0.106373 0.625 101.125 0.478431 0.5 0 0
3020 0.106373 0.75 101.875 0.482353 0.5 0 0
3030 0.106373 0.75 101.875 0.478431 0.5 0 0
3040 0.106444 0.75 102.625 0.478431 0.5 0 0
3050 0.106444 0.75 102.625 0.482353 0.5 0 0
3060 0.10648 0.75 103.375 0.478431 0.5 0 0
3070 0.10648 0.75 103.375 0.482353 0.5 0 0
3080 0.106495 0.625 104 0.482353 0.5 0 0
3090 0.106495 0.625 104 0.482353 0.5 0 0
3100 0.106502 0.625 104.625 0.478431 0.5 0 0
3110 0.106502 0.625 104.625 0.482353 0.5 0 0
3120 0.106507 0.625 105.25 0.482353 0.5 0 0
3130 0.106507 0.625 105.25 0.478431 0.5 0 0
3140 0.106511 0.75 106 0.478431 0.5 0 0
3150 0.106511 0.75 106 0.482353 0.5 0 0
3160 0.106511 0.75 106.75 0.482353 0.5 0 0
3170 0.106511 0.75 106.75 0.482353 0.5 0 0
3180 0.106511 0.75 107.5 0.482353 0.5 0 0
3190 0.106511 0.75 107.5 0.478431 0.5 0 0
3200 0.106511 0.75 108.25 0.478431 0.5 0 0
3210 0.106511 0.75 108.25 0.482353 0.5 0 0
3220 0.106511 0.75 109 0.478431 0.5 0 0
3230 0.106511 0.75 109 0.482353 0.5 0 0
3240 0.106585 0.875 109.875 0.482353 0.5 0 0
3250 0.106585 0.875 109.875 0.478431 0.5 0 0
3260 0.106632 0.875 110.75 0.482353 0.5 0 0
3270 0.106632 0.875 110.75 0.482353 0.5 0 0
3280 0.106633 0.875 111.625 0.478431 0.5 0 0
3290 0.106633 0.875 111.625 0.482353 0.5 0 0
3300 0.106633 0.875 112.5 0.478431 0.5 0 0
3310 0.106633 0.875 112.5 0.478431 0.5 0 0
3320 0.106633 0.875 113.375 0.482353 0.5 0 0
3330 0.106633 0.875 113.375 0.478431 0.5 0 0
3340 0.106636 0.75 114.125 0.478431 0.5 0 0
3350 0.106636 0.75 114.125 0.478431 0.5 0 0
3360 0.106646 0.625 114.75 0.478431 0.5 0 0
3370 0.106646 0.625 114.75 0.482353 0.5 0 0
3380 0.106644 0.625 115.375 0.478431 0.5 0 0
3390 0.106644 0.625 115.375 0.482353 0.5 0 0
3400 0.106644 0.625 116 0.478431 0.5 0 0
3410 0.106644 0.625 116 0.478431 0.5 0 0
3420 0.106645 0.625 116.625 0.478431 0.5 0 0
3430 0.106645 0.625 116.625 0.478431 0.5 0 0
3440 0.106645 0.625 117.25 0.478431 0.5 0 0
3450 0.106645 0.625 117.25 0.478431 0.5 0 0
3460 0.106645 0.625 117.875 0.482353 0.5 0 0
3470 0.106645 0.625 117.875 0.482353 0.5 0 0
3480 0.106645 0.75 118.625 0.482353 0.5 0 0
3490 0.106645 0.75 118.625 0.482353 0.5 0 0
3500 0.106646 0.75 119.375 0.482353 0.5 0 0
3510 0.106646 0.75 119.375 0.478431 0.5 0 0
3520 0.106647 0.75 120.125 0.482353 0.5 0 0
3530 0.106647 0.75 120.125 0.478431 0.5 0 0
3540 0.106647 0.75 120.875 0.478431 0.5 0 0
3550 0.106647 0.75 120.875 0.478431 0.5 0 0
3560 0.106645 0.75 121.625 0.482353 0.5 0 0
3570 0.106645 0.75 121.625 0.478431 0.5 0 0
3580 0.106647 0.75 122.375 0.482353 0.5 0 0
3590 0.106647 0.75 122.375 0.482353 0.5 0 0
3600 0.106647 0.75 123.125 0.482353 0.5 0 0
3610 0.106647 0.75 123.125 0.482353 0.5 0 0
3620 0.106647 0.625 123.75 0.478431 0.5 0 0
3630 0.106647 0.625 123.75 0.478431 0.5 0 0
3640 0.106647 0.5 124.25 0.482353 0.5 0 0
3650 0.106647 0.5 124.25 0.478431 0.5 0 0
3660 0.106647 0.5 124.75 0.478431 0.5 0 0
3670 0.106647 0.5 124.75 0.478431 0.5 0 0
3680 0.106647 0.75 125.5 0.478431 0.5 0 0
3690 0.106647 0.75 125.5 0.478431 0.5 0 0
3700 0.106648 0.75 126.25 0.482353 0.5 0 0
3710 0.106648 0.75 126.25 0.482353 0.5 0 0
3720 0.106642 0.75 127 0.478431 0.5 0 0
3730 0.106642 0.75 127 0.478431 0.5 0 0
3740 0.106642 0.875 127.875 0.478431 0.5 0 0
3750 0.106642 0.875 127.875 0.478431 0.5 0 0
3760 0.106642 0.875 128.75 0.478431 0.5 0 0
3770 0.106642 0.875 128.75 0.478431 0.5 0 0
3780 0.106642 0.875 129.625 0.482353 0.5 0 0
3790 0.106642 0.875 129.625 0.478431 0.5 0 0
3800 0.106643 0.875 130.5 0.482353 0.5 0 0
3810 0.106643 0.875 130.5 0.482353 0.5 0 0
3820 0.106644 0.75 131.25 0.478431 0.5 0 0
3830 0.106644 0.75 131.25 0.478431 0.5 0 0
3840 0.106644 0.625 131.875 0.478431 0.5 0 0
3850 0.106644 0.625 131.875 0.482353 0.5 0 0
3860 0.106644 0.625 132.5 0.482353 0.5 0 0
3870 0.106644 0.625 132.5 0.482353 0.5 0 0
3880 0.106644 0.625 133.125 0.478431 0.5 0 0
3890 0.106644 0.625 133.125 0.482353 0.5 0 0
3900 0.106644 0.625 133.75 0.478431 0.5 0 0
3910 0.106644 0.625 133.75 0.482353 0.5 0 0
3920 0.106795 0.875 134.625 0.478431 0.5 0 0
3930 0.106795 0.875 134.625 0.478431 0.5 0 0
3940 0.107049 0.875 135.5 0.482353 0.5 0 0
3950 0.107049 0.875 135.5 0.482353 0.5 0 0
3960 0.10704 0.875 136.375 0.482353 0.5 0 0
3970 0.10704 0.875 136.375 0.482353 0.5 0 0
3980 0.107297 0.75 137.125 0.478431 0.5 0 0
3990 0.107297 0.75 137.125 0.478431 0.5 0 0
4000 0.107913 0.75 137.875 0.482353 0.5 0 0
4010 0.107913 0.75 137.875 0.478431 0.5 0 0
4020 0.108364 0.75 138.625 0.478431 0.5 0 0
4030 0.108364 0.75 138.625 0.47451 0.5 0 0
4040 0.108967 0.875 139.5 0.470588 0.5 0 0
4050 0.108967 0.875 139.5 0.470588 0.5 0 0
4060 0.109153 0.875 140.375 0.470588 0.5 0 0
4070 0.109153 0.875 140.375 0.470588 0.5 0 0
4080 0.108944 0.875 141.25 0.470588 0.5 0 0
4090 0.108944 0.875 141.25 0.466667 0.5 0 0
4100 0.108454 0.875 142.125 0.466667 0.5 0 0
4110 0.108454 0.875 142.125 0.466667 0.5 0 0
4120 0.107898 0.875 143 0.466667 0.5 0 0
4130 0.107898 0.875 143 0.466667 0.5 0 0
4140 0.107685 0.875 143.875 0.466667 0.5 0 0
4150 0.107685 0.875 143.875 0.466667 0.5 0 0
4160 0.10763 0.875 144.75 0.466667 0.5 0 0
4170 0.10763 0.875 144.75 0.462745 0.5 0 0
4180 0.107489 0.875 145.625 0.462745 0.5 0 0
4190 0.107489 0.875 145.625 0.462745 0.5 0 0
4200 0.10722 0.75 146.375 0.458824 0.5 0 0
4210 0.10722 0.75 146.375 0.458824 0.5 0 0
4220 0.107146 0.75 147.125 0.454902 0.5 0 0
4230 0.107146 0.75 147.125 0.454902 0.5 0 0
4240 0.107116 0.875 148 0.454902 0.5 0 0
4250 0.107116 0.875 148 0.454902 0.5 0 0
4260 0.106742 0.875 148.875 0.454902 0.5 0 0
4270 0.106742 0.875 148.875 0.454902 0.5 0 0
4280 0.106731 0.875 149.75 0.454902 0.5 0 0
4290 0.106731 0.875 149.75 0.454902 0.5 0 0
4300 0.106732 0.875 150.625 0.454902 0.5 0 0
4310 0.106732 0.875 150.625 0.458824 0.5 0 0
4320 0.106733 0.875 151.5 0.454902 0.5 0 0
4330 0.106733 0.875 151.5 0.454902 0.5 0 0
4340 0.106733 0.875 152.375 0.454902 0.5 0 0
4350 0.106733 0.875 152.375 0.454902 0.5 0 0
4360 0.106733 0.875 153.25 0.458824 0.5 0 0
4370 0.106733 0.875 153.25 0.454902 0.5 0 0
4380 0.106733 0.875 154.125 0.454902 0.5 0 0
4390 0.106733 0.875 154.125 0.454902 0.5 0 0
4400 0.106748 0.875 155 0.454902 0.5 0 0
4410 0.106748 0.875 155 0.454902 0.5 0 0
4420 0.106749 0.875 155.875 0.454902 0.5 0 0
4430 0.106749 0.875 155.875 0.454902 0.5 0 0
4440 0.106752 0.875 156.75 0.454902 0.5 0 0
4450 0.106752 0.875 156.75 0.454902 0.5 0 0
4460 0.106757 0.75 157.5 0.454902 0.5 0 0
4470 0.106757 0.75 157.5 0.454902 0.5 0 0
4480 0.106762 0.75 158.25 0.454902 0.5 0 0
4490 0.106762 0.75 158.25 0.454902 0.5 0 0
4500 0.106787 0.75 159 0.454902 0.5 0 0
4510 0.106787 0.75 159 0.454902 0.5 0 0
4520 0.106787 0.75 159.75 0.458824 0.5 0 0
4530 0.106787 0.75 159.75 0.454902 0.5 0 0
4540 0.106621 0.75 160.5 0.454902 0.5 0 0
4550 0.106621 0.75 160.5 0.454902 0.5 0 0
4560 0.106592 0.75 161.25 0.454902 0.5 0 0
4570 0.106592 0.75 161.25 0.454902 0.5 0 0
4580 0.106551 0.75 162 0.454902 0.5 0 0
4590 0.106551 0.75 162 0.454902 0.5 0 0
4600 0.106532 0.75 162.75 0.454902 0.5 0 0
4610 0.106532 0.75 162.75 0.454902 0.5 0 0
4620 0.106383 0.625 163.375 0.454902 0.5 0 0
4630 0.106383 0.625 163.375 0.454902 0.5 0 0
4640 0.106371 0.75 164.125 0.454902 0.5 0 0
4650 0.106371 0.75 164.125 0.458824 0.5 0 0
4660 0.106371 0.75 164.875 0.454902 0.5 0 0
4670 0.106371 0.75 164.875 0.454902 0.5 0 0
4680 0.106371 0.75 165.625 0.454902 0.5 0 0
4690 0.106371 0.75 165.625 0.454902 0.5 0 0
4700 0.106371 0.75 166.375 0.454902 0.5 0 0
4710 0.106371 0.75 166.375 0.454902 0.5 0 0
4720 0.106371 0.75 167.125 0.454902 0.5 0 0
4730 0.106371 0.75 167.125 0.454902 0.5 0 0
4740 0.106371 0.75 167.875 0.454902 0.5 0 0
4750 0.106371 0.75 167.875 0.454902 0.5 0 0
4760 0.106371 0.75 168.625 0.454902 0.5 0 0
4770 0.106371 0.75 168.625 0.458824 0.5 0 0
4780 0.106371 0.75 169.375 0.454902 0.5 0 0
4790 0.106371 0.75 169.375 0.454902 0.5 0 0
4800 0.106371 0.75 170.125 0.454902 0.5 0 0
4810 0.106371 0.75 170.125 0.454902 0.5 0 0
4820 0.106371 0.625 170.75 0.458824 0.5 0 0
4830 0.106371 0.625 170.75 0.454902 0.5 0 0
4840 0.106371 0.5 171.25 0.454902 0.5 0 0
4850 0.106371 0.5 171.25 0.458824 0.5 0 0
4860 0.106371 0.625 171.875 0.454902 0.5 0 0
4870 0.106371 0.625 171.875 0.454902 0.5 0 0
4880 0.106371 0.625 172.5 0.454902 0.5 0 0
4890 0.106371 0.625 172.5 0.454902 0.5 0 0
4900 0.106371 0.625 173.125 0.454902 0.5 0 0
4910 0.106371 0.625 173.125 0.454902 0.5 0 0
4920 0.106371 0.625 173.75 0.454902 0.5 0 0
4930 0.106371 0.625 173.75 0.454902 0.5 0 0
4940 0.106371 0.625 174.375 0.454902 0.5 0 0
4950 0.106371 0.625 174.375 0.454902 0.5 0 0
4960 0.106371 0.625 175 0.454902 0.5 0 0
4970 0.106371 0.625 175 0.454902 0.5 0 0
4980 0.106371 0.625 175.625 0.454902 0.5 0 0
4990 0.106371 0.625 175.625 0.454902 0.5 0 0
5000 0.106371 0.625 176.25 0.454902 0.5 0 0
5010 0.106371 0.625 176.25 0.454902 0.5 0 0
5020 0.106371 0.625 176.875 0.454902 0.5 0 0
5030 0.106371 0.625 176.875 0.454902 0.5 0 0
5040 0.106359 0.625 177.5 0.454902 0.5 0 0
5050 0.106359 0.625 177.5 0.454902 0.5 0 0
5060 0.106359 0.5 178 0.454902 0.5 0 0
5070 0.106359 0.5 178 0.454902 0.5 0 0
5080 0.106359 0.5 178.5 0.454902 0.5 0 0
5090 0.106359 0.5 178.5 0.454902 0.5 0 0
5100 0.106359 0.625 179.125 0.454902 0.5 0 0
5110 0.106359 0.625 179.125 0.454902 0.5 0 0
5120 0.106351 0.375 179.5 0.458824 0.5 0 0
5130 0.106351 0.375 179.5 0.454902 0.5 0 0
5140 0.106351 0.625 180.125 0.454902 0.5 0 0
5150 0.106351 0.625 180.125 0.458824 0.5 0 0
5160 0.106351 0.625 180.75 0.458824 0.5 0 0
5170 0.106351 0.625 180.75 0.454902 0.5 0 0
5180 0.106351 0.625 181.375 0.458824 0.5 0 0
5190 0.106351 0.625 181.375 0.454902 0.5 0 0
5200 0.106351 0.5 181.875 0.458824 0.5 0 0
5210 0.106351 0.5 181.875 0.454902 0.5 0 0
5220 0.106351 0.625 182.5 0.454902 0.5 0 0
5230 0.106351 0.625 182.5 0.454902 0.5 0 0
5240 0.106351 0.625 183.125 0.454902 0.5 0 0
5250 0.106351 0.625 183.125 0.454902 0.5 0 0
5260 0.106351 0.5 183.625 0.458824 0.5 0 0
5270 0.106351 0.5 183.625 0.454902 0.5 0 0
5280 0.106347 0.25 183.875 0.454902 0.5 0 0
5290 0.106347 0.25 183.875 0.454902 0.5 0 0
5300 0.106346 0.375 184.25 0.454902 0.5 0 0
5310 0.106346 0.375 184.25 0.454902 0.5 0 0
5320 0.106346 0.375 184.625 0.454902 0.5 0 0
5330 0.106346 0.375 184.625 0.454902 0.5 0 0
5340 0.106346 0.375 185 0.454902 0.5 0 0
5350 0.106346 0.375 185 0.454902 0.5 0 0
5360 0.106346 0.375 185.375 0.454902 0.5 0 0
5370 0.106346 0.375 185.375 0.454902 0.5 0 0
5380 0.106298 0.375 185.75 0.454902 0.5 0 0
5390 0.106298 0.375 185.75 0.454902 0.5 0 0
5400 0.106297 0.25 186 0.454902 0.5 0 0
5410 0.106297 0.25 186 0.454902 0.5 0 0
5420 0.105612 0.25 186.25 0.466667 0.5 0 0
5430 0.105612 0.25 186.25 0.466667 0.5 0 0
5440 0.105612 0.375 186.625 0.466667 0.5 0 0
5450 0.105612 0.375 186.625 0.466667 0.5 0 0
5460 0.105612 0.5 187.125 0.466667 0.5 0 0
5470 0.105612 0.5 187.125 0.466667 0.5 0 0
5480 0.105612 0.5 187.625 0.466667 0.5 0 0
5490 0.105612 0.5 187.625 0.466667 0.5 0 0
5500 0.105612 0.5 188.125 0.466667 0.5 0 0
5510 0.105612 0.5 188.125 0.462745 0.5 0 0
5520 0.105612 0.5 188.625 0.462745 0.5 0 0
5530 0.105612 0.5 188.625 0.462745 0.5 0 0
5540 0.105612 0.5 189.125 0.466667 0.5 0 0
5550 0.105612 0.5 189.125 0.466667 0.5 0 0
5560 0.105608 0.5 189.625 0.466667 0.5 0 0
5570 0.105608 0.5 189.625 0.466667 0.5 0 0
5580 0.105777 0.5 190.125 0.466667 0.5 0 0
5590 0.105777 0.5 190.125 0.462745 0.5 0 0
5600 0.106008 0.5 190.625 0.462745 0.5 0 0
5610 0.106008 0.5 190.625 0.462745 0.5 0 0
5620 0.106471 0.5 191.125 0.454902 0.5 0 0
5630 0.106471 0.5 191.125 0.454902 0.5 0 0
5640 0.106803 0.5 191.625 0.45098 0.5 0 0
5650 0.106803 0.5 191.625 0.45098 0.5 0 0
5660 0.107125 0.5 192.125 0.447059 0.5 0 0
5670 0.107125 0.5 192.125 0.447059 0.5 0 0
5680 0.107396 0.5 192.625 0.447059 0.5 0 0
5690 0.107396 0.5 192.625 0.447059 0.5 0 0
5700 0.107568 0.625 193.25 0.447059 0.5 0 0
5710 0.107568 0.625 193.25 0.447059 0.5 0 0
5720 0.107568 0.625 193.875 0.447059 0.5 0 0
5730 0.107568 0.625 193.875 0.443137 0.5 0 0
5740 0.107568 0.5 194.375 0.443137 0.5 0 0
5750 0.107568 0.5 194.375 0.447059 0.5 0 0
5760 0.107568 0.5 194.875 0.447059 0.5 0 0
5770 0.107568 0.5 194.875 0.447059 0.5 0 0
5780 0.107579 0.5 195.375 0.443137 0.5 0 0
5790 0.107579 0.5 195.375 0.443137 0.5 0 0
5800 0.107585 0.5 195.875 0.447059 0.5 0 0
5810 0.107585 0.5 195.875 0.447059 0.5 0 0
5820 0.107593 0.5 196.375 0.447059 0.5 0 0
5830 0.107593 0.5 196.375 0.443137 0.5 0 0
5840 0.107607 0.5 196.875 0.447059 0.5 0 0
5850 0.107607 0.5 196.875 0.447059 0.5 0 0
5860 0.107618 0.5 197.375 0.443137 0.5 0 0
5870 0.107618 0.5 197.375 0.447059 0.5 0 0
5880 0.10763 0.5 197.875 0.443137 0.5 0 0
5890 0.10763 0.5 197.875 0.447059 0.5 0 0
5900 0.107641 0.5 198.375 0.443137 0.5 0 0
5910 0.107641 0.5 198.375 0.443137 0.5 0 0
5920 0.107652 0.5 198.875 0.447059 0.5 0 0
5930 0.107652 0.5 198.875 0.447059 0.5 0 0
5940 0.107664 0.625 199.5 0.447059 0.5 0 0
5950 0.107664 0.625 199.5 0.447059 0.5 0 0
5960 0.107673 0.625 200.125 0.447059 0.5 0 0
5970 0.107673 0.625 200.125 0.447059 0.5 0 0
5980 0.107685 0.625 200.75 0.447059 0.5 0 0
5990 0.107685 0.625 200.75 0.447059 0.5 0 0
6000 0.107693 0.625 201.375 0.447059 0.5 0 0
6010 0.107693 0.625 201.375 0.443137 0.5 0 0
6020 0.107896 0.625 202 0.439216 0.5 0 0
6030 0.107896 0.625 202 0.439216 0.5 0 0
6040 0.108259 0.625 202.625 0.439216 0.5 0 0
6050 0.108259 0.625 202.625 0.435294 0.5 0 0
6060 0.108644 0.75 203.375 0.435294 0.5 0 0
6070 0.108644 0.75 203.375 0.435294 0.5 0 0
6080 0.108702 0.75 204.125 0.435294 0.5 0 0
6090 0.108702 0.75 204.125 0.435294 0.5 0 0
6100 0.108762 0.75 204.875 0.435294 0.5 0 0
6110 0.108762 0.75 204.875 0.435294 0.5 0 0
6120 0.108826 0.75 205.625 0.435294 0.5 0 0
6130 0.108826 0.75 205.625 0.435294 0.5 0 0
6140 0.108892 0.75 206.375 0.435294 0.5 0 0
6150 0.108892 0.75 206.375 0.435294 0.5 0 0
6160 0.108957 0.75 207.125 0.435294 0.5 0 0
6170 0.108957 0.75 207.125 0.435294 0.5 0 0
6180 0.109021 0.75 207.875 0.435294 0.5 0 0
6190 0.109021 0.75 207.875 0.435294 0.5 0 0
6200 0.109087 0.75 208.625 0.435294 0.5 0 0
6210 0.109087 0.75 208.625 0.435294 0.5 0 0
6220 0.109141 0.625 209.25 0.435294 0.5 0 0
6230 0.109141 0.625 209.25 0.435294 0.5 0 0
6240 0.109183 0.625 209.875 0.435294 0.5 0 0
6250 0.109183 0.625 209.875 0.435294 0.5 0 0
6260 0.109236 0.625 210.5 0.431373 0.5 0 0
6270 0.109236 0.625 210.5 0.431373 0.5 0 0
6280 0.109277 0.625 211.125 0.431373 0.5 0 0
6290 0.109277 0.625 211.125 0.431373 0.5 0 0
6300 0.108989 0.625 211.75 0.431373 0.5 0 0
6310 0.108989 0.625 211.75 0.435294 0.5 0 0
6320 0.108743 0.625 212.375 0.431373 0.5 0 0
6330 0.108743 0.625 212.375 0.431373 0.5 0 0
6340 0.108313 0.625 213 0.431373 0.5 0 0
6350 0.108313 0.625 213 0.431373 0.5 0 0
6360 0.108151 0.625 213.625 0.431373 0.5 0 0
6370 0.108151 0.625 213.625 0.431373 0.5 0 0
6380 0.107704 0.625 214.25 0.435294 0.5 0 0
6390 0.107704 0.625 214.25 0.431373 0.5 0 0
6400 0.10766 0.625 214.875 0.435294 0.5 0 0
6410 0.10766 0.625 214.875 0.431373 0.5 0 0
6420 0.107686 0.625 215.5 0.431373 0.5 0 0
6430 0.107686 0.625 215.5 0.431373 0.5 0 0
6440 0.107499 0.75 216.25 0.431373 0.5 0 0
6450 0.107499 0.75 216.25 0.431373 0.5 0 0
6460 0.107392 0.75 217 0.431373 0.5 0 0
6470 0.107392 0.75 217 0.431373 0.5 0 0
6480 0.107413 0.75 217.75 0.431373 0.5 0 0
6490 0.107413 0.75 217.75 0.431373 0.5 0 0
6500 0.107434 0.75 218.5 0.431373 0.5 0 0
6510 0.107434 0.75 218.5 0.431373 0.5 0 0
6520 0.107457 0.75 219.25 0.431373 0.5 0 0
6530 0.107457 0.75 219.25 0.431373 0.5 0 0
6540 0.107484 0.75 220 0.431373 0.5 0 0
6550 0.107484 0.75 220 0.431373 0.5 0 0
6560 0.107504 0.75 220.75 0.431373 0.5 0 0
6570 0.107504 0.75 220.75 0.431373 0.5 0 0
6580 0.107525 0.75 221.5 0.431373 0.5 0 0
6590 0.107525 0.75 221.5 0.431373 0.5 0 0
6600 0.107543 0.75 222.25 0.431373 0.5 0 0
6610 0.107543 0.75 222.25 0.431373 0.5 0 0
6620 0.107563 0.75 223 0.431373 0.5 0 0
6630 0.107563 0.75 223 0.431373 0.5 0 0
6640 0.107584 0.75 223.75 0.431373 0.5 0 0
6650 0.107584 0.75 223.75 0.431373 0.5 0 0
6660 0.107602 0.75 224.5 0.431373 0.5 0 0
6670 0.107602 0.75 224.5 0.431373 0.5 0 0
6680 0.107619 0.75 225.25 0.431373 0.5 0 0
6690 0.107619 0.75 225.25 0.431373 0.5 0 0
6700 0.107636 0.75 226 0.431373 0.5 0 0
6710 0.107636 0.75 226 0.431373 0.5 0 0
6720 0.107653 0.75 226.75 0.431373 0.5 0 0
6730 0.107653 0.75 226.75 0.431373 0.5 0 0
6740 0.107668 0.625 227.375 0.431373 0.5 0 0
6750 0.107668 0.625 227.375 0.431373 0.5 0 0
6760 0.107682 0.5 227.875 0.431373 0.5 0 0
6770 0.107682 0.5 227.875 0.431373 0.5 0 0
6780 0.107697 0.5 228.375 0.431373 0.5 0 0
6790 0.107697 0.5 228.375 0.431373 0.5 0 0
6800 0.107709 0.5 228.875 0.431373 0.5 0 0
6810 0.107709 0.5 228.875 0.431373 0.5 0 0
6820 0.107725 0.5 229.375 0.431373 0.5 0 0
6830 0.107725 0.5 229.375 0.431373 0.5 0 0
6840 0.10774 0.5 229.875 0.431373 0.5 0 0
6850 0.10774 0.5 229.875 0.431373 0.5 0 0
6860 0.107752 0.5 230.375 0.431373 0.5 0 0
6870 0.107752 0.5 230.375 0.431373 0.5 0 0
6880 0.107764 0.5 230.875 0.431373 0.5 0 0
6890 0.107764 0.5 230.875 0.431373 0.5 0 0
6900 0.107775 0.5 231.375 0.431373 0.5 0 0
6910 0.107775 0.5 231.375 0.431373 0.5 0 0
6920 0.107785 0.5 231.875 0.431373 0.5 0 0
6930 0.107785 0.5 231.875 0.431373 0.5 0 0
6940 0.10779 0.5 232.375 0.431373 0.5 0 0
6950 0.10779 0.5 232.375 0.431373 0.5 0 0
6960 0.107793 0.5 232.875 0.431373 0.5 0 0
6970 0.107793 0.5 232.875 0.431373 0.5 0 0
6980 0.107796 0.625 233.5 0.431373 0.5 0 0
6990 0.107796 0.625 233.5 0.427451 0.5 0 0
7000 0.10782 0.625 234.125 0.431373 0.5 0 0
7010 0.10782 0.625 234.125 0.431373 0.5 0 0
7020 0.107825 0.625 234.75 0.431373 0.5 0 0
7030 0.107825 0.625 234.75 0.431373 0.5 0 0
7040 0.107828 0.625 235.375 0.427451 0.5 0 0
7050 0.107828 0.625 235.375 0.431373 0.5 0 0
7060 0.107831 0.625 236 0.431373 0.5 0 0
7070 0.107831 0.625 236 0.431373 0.5 0 0
7080 0.107832 0.625 236.625 0.427451 0.5 0 0
7090 0.107832 0.625 236.625 0.431373 0.5 0 0
7100 0.107848 0.5 237.125 0.427451 0.5 0 0
7110 0.107848 0.5 237.125 0.427451 0.5 0 0
7120 0.107953 0.625 237.75 0.423529 0.5 0 0
7130 0.107953 0.625 237.75 0.423529 0.5 0 0
7140 0.108264 0.625 238.375 0.423529 0.5 0 0
7150 0.108264 0.625 238.375 0.423529 0.5 0 0
7160 0.108367 0.75 239.125 0.423529 0.5 0 0
7170 0.108367 0.75 239.125 0.423529 0.5 0 0
7180 0.108387 0.75 239.875 0.423529 0.5 0 0
7190 0.108387 0.75 239.875 0.423529 0.5 0 0
7200 0.108401 0.75 240.625 0.423529 0.5 0 0
7210 0.108401 0.75 240.625 0.423529 0.5 0 0
7220 0.108058 0.75 241.375 0.423529 0.5 0 0
7230 0.108058 0.75 241.375 0.423529 0.5 0 0
7240 0.107796 0.625 242 0.423529 0.5 0 0
7250 0.107796 0.625 242 0.419608 0.5 0 0
7260 0.107525 0.625 242.625 0.423529 0.5 0 0
7270 0.107525 0.625 242.625 0.423529 0.5 0 0
7280 0.107343 0.5 243.125 0.419608 0.5 0 0
7290 0.107343 0.5 243.125 0.423529 0.5 0 0
7300 0.107183 0.5 243.625 0.419608 0.5 0 0
7310 0.107183 0.5 243.625 0.419608 0.5 0 0
7320 0.107183 0.5 244.125 0.419608 0.5 0 0
7330 0.107183 0.5 244.125 0.423529 0.5 0 0
7340 0.107001 0.625 244.75 0.423529 0.5 0 0
7350 0.107001 0.625 244.75 0.423529 0.5 0 0
7360 0.106947 0.625 245.375 0.419608 0.5 0 0
7370 0.106947 0.625 245.375 0.419608 0.5 0 0
7380 0.106961 0.625 246 0.423529 0.5 0 0
7390 0.106961 0.625 246 0.423529 0.5 0 0
7400 0.106975 0.625 246.625 0.419608 0.5 0 0
7410 0.106975 0.625 246.625 0.419608 0.5 0 0
7420 0.106989 0.625 247.25 0.423529 0.5 0 0
7430 0.106989 0.625 247.25 0.423529 0.5 0 0
7440 0.107004 0.5 247.75 0.423529 0.5 0 0
7450 0.107004 0.5 247.75 0.423529 0.5 0 0
7460 0.10684 0.5 248.25 0.423529 0.5 0 0
7470 0.10684 0.5 248.25 0.423529 0.5 0 0
7480 0.106687 0.5 248.75 0.423529 0.5 0 0
7490 0.106687 0.5 248.75 0.423529 0.5 0 0
7500 0.106497 0.625 249.375 0.423529 0.5 0 0
7510 0.106497 0.625 249.375 0.423529 0.5 0 0
7520 0.106253 0.625 250 0.423529 0.5 0 0
7530 0.106253 0.625 250 0.423529 0.5 0 0
7540 0.106176 0.625 250.625 0.423529 0.5 0 0
7550 0.106176 0.625 250.625 0.423529 0.5 0 0
7560 0.106187 0.625 251.25 0.423529 0.5 0 0
7570 0.106187 0.625 251.25 0.423529 0.5 0 0
7580 0.106196 0.625 251.875 0.423529 0.5 0 0
7590 0.106196 0.625 251.875 0.423529 0.5 0 0
7600 0.106205 0.625 252.5 0.423529 0.5 0 0
7610 0.106205 0.625 252.5 0.423529 0.5 0 0
7620 0.106215 0.25 252.75 0.423529 0.5 0 0
7630 0.106215 0.25 252.75 0.423529 0.5 0 0
7640 0.106228 0.375 253.125 0.423529 0.5 0 0
7650 0.106228 0.375 253.125 0.423529 0.5 0 0
7660 0.106235 0.375 253.5 0.423529 0.5 0 0
7670 0.106235 0.375 253.5 0.423529 0.5 0 0
7680 0.106254 0.25 253.75 0.423529 0.5 0 0
7690 0.106254 0.25 253.75 0.423529 0.5 0 0
7700 0.106198 0.5 254.25 0.423529 0.5 0 0
7710 0.106198 0.5 254.25 0.423529 0.5 0 0
7720 0.106203 0.5 254.75 0.423529 0.5 0 0
7730 0.106203 0.5 254.75 0.423529 0.5 0 0
7740 0.106237 0.25 255 0.423529 0.5 0 0
7750 0.106237 0.25 255 0.423529 0.5 0 0
7760 0.106865 0.25 255.25 0.419608 0.5 0 0
7770 0.106865 0.25 255.25 0.419608 0.5 0 0
7780 0.107411 0.25 255.5 0.419608 0.5 0 0
7790 0.107411 0.25 255.5 0.419608 0.5 0 0
7800 0.10753 0.25 255.75 0.419608 0.5 0 0
7810 0.10753 0.25 255.75 0.419608 0.5 0 0
7820 0.107625 0.375 256.125 0.419608 0.5 0 0
7830 0.107625 0.375 256.125 0.419608 0.5 0 0
7840 0.107651 0.375 256.5 0.419608 0.5 0 0
7850 0.107651 0.375 256.5 0.419608 0.5 0 0
7860 0.107679 0.375 256.875 0.419608 0.5 0 0
7870 0.107679 0.375 256.875 0.419608 0.5 0 0
7880 0.107746 0.375 257.25 0.415686 0.5 0 0
7890 0.107746 0.375 257.25 0.415686 0.5 0 0
7900 0.107721 0.375 257.625 0.415686 0.5 0 0
7910 0.107721 0.375 257.625 0.415686 0.5 0 0
7920 0.10777 0.375 258 0.415686 0.5 0 0
7930 0.10777 0.375 258 0.415686 0.5 0 0
7940 0.108044 0.625 258.625 0.419608 0.5 0 0
7950 0.108044 0.625 258.625 0.419608 0.5 0 0
7960 0.108178 0.625 259.25 0.419608 0.5 0 0
7970 0.108178 0.625 259.25 0.419608 0.5 0 0
7980 0.108241 0.625 259.875 0.419608 0.5 0 0
7990 0.108241 0.625 259.875 0.419608 0.5 0 0
8000 0.108273 0.625 260.5 0.419608 0.5 0 0
8010 0.108273 0.625 260.5 0.419608 0.5 0 0
8020 0.108286 0.625 261.125 0.419608 0.5 0 0
8030 0.108286 0.625 261.125 0.419608 0.5 0 0
8040 0.108286 0.625 261.75 0.419608 0.5 0 0
8050 0.108286 0.625 261.75 0.419608 0.5 0 0
8060 0.108293 0.5 262.25 0.419608 0.5 0 0
8070 0.108293 0.5 262.25 0.419608 0.5 0 0
8080 0.108562 0.625 262.875 0.419608 0.5 0 0
8090 0.108562 0.625 262.875 0.419608 0.5 0 0
8100 0.108594 0.625 263.5 0.419608 0.5 0 0
8110 0.108594 0.625 263.5 0.419608 0.5 0 0
8120 0.108594 0.625 264.125 0.419608 0.5 0 0
8130 0.108594 0.625 264.125 0.419608 0.5 0 0
8140 0.108594 0.625 264.75 0.419608 0.5 0 0
8150 0.108594 0.625 264.75 0.419608 0.5 0 0
8160 0.108594 0.625 265.375 0.419608 0.5 0 0
8170 0.108594 0.625 265.375 0.419608 0.5 0 0
8180 0.108594 0.625 266 0.419608 0.5 0 0
8190 0.108594 0.625 266 0.419608 0.5 0 0
8200 0.108753 0.625 266.625 0.419608 0.5 0 0
8210 0.108753 0.625 266.625 0.419608 0.5 0 0
8220 0.108753 0.625 267.25 0.419608 0.5 0 0
8230 0.108753 0.625 267.25 0.419608 0.5 0 0
8240 0.108753 0.375 267.625 0.419608 0.5 0 0
8250 0.108753 0.375 267.625 0.419608 0.5 0 0
8260 0.108753 0.375 268 0.419608 0.5 0 0
8270 0.108753 0.375 268 0.419608 0.5 0 0
8280 0.108753 0.375 268.375 0.419608 0.5 0 0
8290 0.108753 0.375 268.375 0.419608 0.5 0 0
8300 0.108753 0.375 268.75 0.419608 0.5 0 0
8310 0.108753 0.375 268.75 0.419608 0.5 0 0
8320 0.108753 0.375 269.125 0.419608 0.5 0 0
8330 0.108753 0.375 269.125 0.419608 0.5 0 0
8340 0.108753 0.375 269.5 0.419608 0.5 0 0
8350 0.108753 0.375 269.5 0.419608 0.5 0 0
8360 0.108753 0.375 269.875 0.419608 0.5 0 0
8370 0.108753 0.375 269.875 0.419608 0.5 0 0
8380 0.108753 0.625 270.5 0.419608 0.5 0 0
8390 0.108753 0.625 270.5 0.419608 0.5 0 0
8400 0.108753 0.625 271.125 0.419608 0.5 0 0
8410 0.108753 0.625 271.125 0.419608 0.5 0 0
8420 0.108753 0.625 271.75 0.419608 0.5 0 0
8430 0.108753 0.625 271.75 0.419608 0.5 0 0
8440 0.108753 0.625 272.375 0.419608 0.5 0 0
8450 0.108753 0.625 272.375 0.419608 0.5 0 0
8460 0.108753 0.625 273 0.419608 0.5 0 0
8470 0.108753 0.625 273 0.419608 0.5 0 0
8480 0.108755 0.375 273.375 0.419608 0.5 0 0
8490 0.108755 0.375 273.375 0.419608 0.5 0 0
8500 0.108756 0.375 273.75 0.419608 0.5 0 0
8510 0.108756 0.375 273.75 0.419608 0.5 0 0
8520 0.1088 0.375 274.125 0.419608 0.5 0 0
8530 0.1088 0.375 274.125 0.419608 0.5 0 0
8540 0.108863 0.375 274.5 0.419608 0.5 0 0
8550 0.108863 0.375 274.5 0.419608 0.5 0 0
8560 0.108932 0.25 274.75 0.423529 0.5 0 0
8570 0.108932 0.25 274.75 0.423529 0.5 0 0
8580 0.109002 0.25 275 0.419608 0.5 0 0
8590 0.109002 0.25 275 0.419608 0.5 0 0
8600 0.109072 0.25 275.25 0.419608 0.5 0 0
8610 0.109072 0.25 275.25 0.423529 0.5 0 0
8620 0.109144 0.25 275.5 0.423529 0.5 0 0
8630 0.109144 0.25 275.5 0.419608 0.5 0 0
8640 0.109146 0.5 276 0.419608 0.5 0 0
8650 0.109146 0.5 276 0.423529 0.5 0 0
8660 0.109146 0.5 276.5 0.423529 0.5 0 0
8670 0.109146 0.5 276.5 0.423529 0.5 0 0
8680 0.109146 0.5 277 0.423529 0.5 0 0
8690 0.109146 0.5 277 0.423529 0.5 0 0
8700 0.10937 0.5 277.5 0.423529 0.5 0 0
8710 0.10937 0.5 277.5 0.423529 0.5 0 0
8720 0.109384 0.5 278 0.423529 0.5 0 0
8730 0.109384 0.5 278 0.423529 0.5 0 0
8740 0.109398 0.25 278.25 0.423529 0.5 0 0
8750 0.109398 0.25 278.25 0.423529 0.5 0 0
8760 0.109406 0.5 278.75 0.423529 0.5 0 0
8770 0.109406 0.5 278.75 0.423529 0.5 0 0
8780 0.109415 0.5 279.25 0.423529 0.5 0 0
8790 0.109415 0.5 279.25 0.423529 0.5 0 0
8800 0.109427 0.25 279.5 0.423529 0.5 0 0
8810 0.109427 0.25 279.5 0.423529 0.5 0 0
8820 0.109469 0.25 279.75 0.423529 0.5 0 0
8830 0.109469 0.25 279.75 0.423529 0.5 0 0
8840 0.10964 0.5 280.25 0.419608 0.5 0 0
8850 0.10964 0.5 280.25 0.419608 0.5 0 0
8860 0.109651 0.375 280.625 0.419608 0.5 0 0
8870 0.109651 0.375 280.625 0.419608 0.5 0 0
8880 0.109668 0.5 281.125 0.419608 0.5 0 0
8890 0.109668 0.5 281.125 0.419608 0.5 0 0
8900 0.109688 0.5 281.625 0.419608 0.5 0 0
8910 0.109688 0.5 281.625 0.419608 0.5 0 0
8920 0.109706 0.5 282.125 0.419608 0.5 0 0
8930 0.109706 0.5 282.125 0.419608 0.5 0 0
8940 0.109721 0.5 282.625 0.419608 0.5 0 0
8950 0.109721 0.5 282.625 0.419608 0.5 0 0
8960 0.109771 0.375 283 0.415686 0.5 0 0
8970 0.109771 0.375 283 0.407843 0.5 0 0
8980 0.109381 0.625 283.625 0.411765 0.5 0 0
8990 0.109381 0.625 283.625 0.407843 0.5 0 0
9000 0.109097 0.625 284.25 0.407843 0.5 0 0
9010 0.109097 0.625 284.25 0.407843 0.5 0 0
9020 0.109072 0.625 284.875 0.407843 0.5 0 0
9030 0.109072 0.625 284.875 0.407843 0.5 0 0
9040 0.109093 0.625 285.5 0.407843 0.5 0 0
9050 0.109093 0.625 285.5 0.407843 0.5 0 0
9060 0.108967 0.5 286 0.407843 0.5 0 0
9070 0.108967 0.5 286 0.407843 0.5 0 0
9080 0.108668 0.5 286.5 0.407843 0.5 0 0
9090 0.108668 0.5 286.5 0.407843 0.5 0 0
9100 0.10841 0.5 287 0.407843 0.5 0 0
9110 0.10841 0.5 287 0.407843 0.5 0 0
9120 0.108203 0.875 287.875 0.407843 0.5 0 0
9130 0.108203 0.875 287.875 0.407843 0.5 0 0
9140 0.10774 0.875 288.75 0.407843 0.5 0 0
9150 0.10774 0.875 288.75 0.407843 0.5 0 0
9160 0.107615 0.875 289.625 0.407843 0.5 0 0
9170 0.107615 0.875 289.625 0.407843 0.5 0 0
9180 0.107621 0.875 290.5 0.407843 0.5 0 0
9190 0.107621 0.875 290.5 0.407843 0.5 0 0
9200 0.107476 0.875 291.375 0.407843 0.5 0 0
9210 0.107476 0.875 291.375 0.407843 0.5 0 0
9220 0.107486 0.875 292.25 0.407843 0.5 0 0
9230 0.107486 0.875 292.25 0.407843 0.5 0 0
9240 0.1075 0.875 293.125 0.407843 0.5 0 0
9250 0.1075 0.875 293.125 0.407843 0.5 0 0
9260 0.107522 0.75 293.875 0.407843 0.5 0 0
9270 0.107522 0.75 293.875 0.407843 0.5 0 0
9280 0.107537 0.75 294.625 0.407843 0.5 0 0
9290 0.107537 0.75 294.625 0.407843 0.5 0 0
9300 0.10757 0.75 295.375 0.407843 0.5 0 0
9310 0.10757 0.75 295.375 0.407843 0.5 0 0
9320 0.107586 0.75 296.125 0.407843 0.5 0 0
9330 0.107586 0.75 296.125 0.407843 0.5 0 0
9340 0.107603 0.75 296.875 0.407843 0.5 0 0
9350 0.107603 0.75 296.875 0.407843 0.5 0 0
9360 0.107595 0.75 297.625 0.407843 0.5 0 0
9370 0.107595 0.75 297.625 0.407843 0.5 0 0
9380 0.107536 0.75 298.375 0.407843 0.5 0 0
9390 0.107536 0.75 298.375 0.407843 0.5 0 0
9400 0.107562 0.5 298.875 0.407843 0.5 0 0
9410 0.107562 0.5 298.875 0.407843 0.5 0 0
9420 0.107573 0.75 299.625 0.407843 0.5 0 0
9430 0.107573 0.75 299.625 0.407843 0.5 0 0
9440 0.107586 0.75 300.375 0.407843 0.5 0 0
9450 0.107586 0.75 300.375 0.407843 0.5 0 0
9460 0.107558 0.75 301.125 0.407843 0.5 0 0
9470 0.107558 0.75 301.125 0.407843 0.5 0 0
9480 0.10757 0.75 301.875 0.407843 0.5 0 0
9490 0.10757 0.75 301.875 0.407843 0.5 0 0
9500 0.10759 0.625 302.5 0.407843 0.5 0 0
9510 0.10759 0.625 302.5 0.407843 0.5 0 0
9520 0.107604 0.5 303 0.407843 0.5 0 0
9530 0.107604 0.5 303 0.407843 0.5 0 0
9540 0.107564 0.375 303.375 0.407843 0.5 0 0
9550 0.107564 0.375 303.375 0.407843 0.5 0 0
9560 0.107259 0.375 303.75 0.407843 0.5 0 0
9570 0.107259 0.375 303.75 0.407843 0.5 0 0
9580 0.107265 0.375 304.125 0.407843 0.5 0 0
9590 0.107265 0.375 304.125 0.407843 0.5 0 0
9600 0.107274 0.375 304.5 0.407843 0.5 0 0
9610 0.107274 0.375 304.5 0.407843 0.5 0 0
9620 0.10733 0 304.5 0.407843 0.5 0 0
9630 0.10733 0 304.5 0.407843 0.5 0 0
9640 0.108516 0 304.5 0.407843 0.5 0 0
9650 0.108516 0 304.5 0.411765 0.5 0 0
9660 0.109067 0 304.5 0.411765 0.5 0 0
9670 0.109067 0 304.5 0.411765 0.5 0 0
9680 0.109437 0 304.5 0.411765 0.5 0 0
9690 0.109437 0 304.5 0.411765 0.5 0 0
9700 0.110134 0 304.5 0.411765 0.5 0 0
9710 0.110134 0 304.5 0.411765 0.5 0 0
9720 0.11067 0 304.5 0.411765 0.5 0 0
9730 0.11067 0 304.5 0.407843 0.5 0 0
9740 0.110716 0 304.5 0.407843 0.5 0 0
9750 0.110716 0 304.5 0.403922 0.5 0 0
9760 0.110386 0.25 304.75 0.4 0.5 0 0
9770 0.110386 0.25 304.75 0.396078 0.5 0 0
9780 0.109284 0.25 305 0.4 0.5 0 0
9790 0.109284 0.25 305 0.4 0.5 0 0
9800 0.108843 0.25 305.25 0.396078 0.5 0 0
9810 0.108843 0.25 305.25 0.396078 0.5 0 0
9820 0.108461 0.25 305.5 0.4 0.5 0 0
9830 0.108461 0.25 305.5 0.4 0.5 0 0
9840 0.108393 0.25 305.75 0.4 0.5 0 0
9850 0.108393 0.25 305.75 0.4 0.5 0 0
9860 0.108477 0.25 306 0.396078 0.5 0 0
9870 0.108477 0.25 306 0.396078 0.5 0 0
9880 0.10838 0.25 306.25 0.396078 0.5 0 0
9890 0.10838 0.25 306.25 0.396078 0.5 0 0
9900 0.107978 0.25 306.5 0.396078 0.5 0 0
9910 0.107978 0.25 306.5 0.396078 0.5 0 0
9920 0.107453 0.25 306.75 0.396078 0.5 0 0
9930 0.107453 0.25 306.75 0.392157 0.5 0 0
9940 0.107462 0 306.75 0.392157 0.5 0 0
9950 0.107462 0 306.75 0.392157 0.5 0 0
9960 0.107368 0 306.75 0.392157 0.5 0 0
9970 0.107368 0 306.75 0.392157 0.5 0 0
9980 0.107439 0 306.75 0.388235 0.5 0 0
9990 0.107439 0 306.75 0.388235 0.5 0 0
10000 0.108646 0 306.75 0.388235 0.5 0 0
10010 0.108646 0 306.75 0.388235 0.5 0 0
10020 0.109692 0 306.75 0.388235 0.5 0 0
10030 0.109692 0 306.75 0.388235 0.5 0 0
10040 0.110358 0 306.75 0.388235 0.5 0 0
10050 0.110358 0 306.75 0.388235 0.5 0 0
10060 0.111387 0 306.75 0.388235 0.5 0 0
10070 0.111387 0 306.75 0.392157 0.5 0 0
10080 0.111961 0 306.75 0.392157 0.5 0 0
10090 0.111961 0 306.75 0.388235 0.5 0 0
10100 0.111629 0 306.75 0.388235 0.5 0 0
10110 0.111629 0 306.75 0.392157 0.5 0 0
10120 0.111044 0 306.75 0.392157 0.5 0 0
10130 0.111044 0 306.75 0.392157 0.5 0 0
10140 0.110284 0 306.75 0.392157 0.5 0 0
10150 0.110284 0 306.75 0.396078 0.5 0 0
10160 0.109953 0 306.75 0.392157 0.5 0 0
10170 0.109953 0 306.75 0.388235 0.5 0 0
10180 0.108959 0 306.75 0.384314 0.5 0 0
10190 0.108959 0 306.75 0.380392 0.5 0 0
10200 0.107607 0 306.75 0.380392 0.5 0 0
10210 0.107607 0 306.75 0.380392 0.5 0 0
10220 0.106445 0 306.75 0.380392 0.5 0 0
10230 0.106445 0 306.75 0.380392 0.5 0 0
10240 0.105854 0 306.75 0.380392 0.5 0 0
10250 0.105854 0 306.75 0.380392 0.5 0 0
10260 0.105746 0 306.75 0.380392 0.5 0 0
10270 0.105746 0 306.75 0.380392 0.5 0 0
10280 0.1057 0 306.75 0.380392 0.5 0 0
10290 0.1057 0 306.75 0.380392 0.5 0 0
10300 0.1057 0 306.75 0.380392 0.5 0 0
10310 0.1057 0 306.75 0.380392 0.5 0 0
10320 0.1057 0 306.75 0.380392 0.5 0 0
10330 0.1057 0 306.75 0.380392 0.5 0 0
10340 0.105689 0 306.75 0.380392 0.5 0 0
10350 0.105689 0 306.75 0.380392 0.5 0 0
10360 0.105689 0 306.75 0.380392 0.5 0 0
10370 0.105689 0 306.75 0.380392 0.5 0 0
10380 0.105689 0 306.75 0.380392 0.5 0 0
10390 0.105689 0 306.75 0.380392 0.5 0 0
10400 0.10584 0 306.75 0.380392 0.5 0 0
10410 0.10584 0 306.75 0.380392 0.5 0 0
10420 0.106219 0 306.75 0.380392 0.5 0 0
10430 0.106219 0 306.75 0.380392 0.5 0 0
10440 0.106277 0 306.75 0.380392 0.5 0 0
10450 0.106277 0 306.75 0.380392 0.5 0 0
10460 0.106265 0 306.75 0.380392 0.5 0 0
10470 0.106265 0 306.75 0.380392 0.5 0 0
10480 0.106264 0 306.75 0.380392 0.5 0 0
10490 0.106264 0 306.75 0.380392 0.5 0 0
10500 0.106391 0 306.75 0.380392 0.5 0 0
10510 0.106391 0 306.75 0.380392 0.5 0 0
10520 0.106596 0 306.75 0.380392 0.5 0 0
10530 0.106596 0 306.75 0.380392 0.5 0 0
10540 0.106956 0 306.75 0.380392 0.5 0 0
10550 0.106956 0 306.75 0.380392 0.5 0 0
10560 0.107325 0 306.75 0.380392 0.5 0 0
10570 0.107325 0 306.75 0.384314 0.5 0 0
10580 0.10729 0 306.75 0.384314 0.5 0 0
10590 0.10729 0 306.75 0.384314 0.5 0 0
10600 0.107243 0 306.75 0.380392 0.5 0 0
10610 0.107243 0 306.75 0.380392 0.5 0 0
10620 0.106874 0 306.75 0.376471 0.5 0 0
10630 0.106874 0 306.75 0.376471 0.5 0 0
10640 0.106072 0 306.75 0.376471 0.5 0 0
10650 0.106072 0 306.75 0.376471 0.5 0 0
10660 0.105611 0 306.75 0.376471 0.5 0 0
10670 0.105611 0 306.75 0.376471 0.5 0 0
10680 0.105257 0 306.75 0.376471 0.5 0 0
10690 0.105257 0 306.75 0.376471 0.5 0 0
10700 0.105358 0 306.75 0.376471 0.5 0 0
10710 0.105358 0 306.75 0.376471 0.5 0 0
10720 0.105033 0 306.75 0.376471 0.5 0 0
10730 0.105033 0 306.75 0.376471 0.5 0 0
10740 0.104902 0 306.75 0.376471 0.5 0 0
10750 0.104902 0 306.75 0.372549 0.5 0 0
10760 0.105605 0 306.75 0.376471 0.5 0 0
10770 0.105605 0 306.75 0.376471 0.5 0 0
10780 0.106713 0 306.75 0.380392 0.5 0 0
10790 0.106713 0 306.75 0.380392 0.5 0 0
10800 0.106832 0 306.75 0.380392 0.5 0 0
10810 0.106832 0 306.75 0.380392 0.5 0 0
10820 0.106832 0 306.75 0.380392 0.5 0 0
10830 0.106832 0 306.75 0.380392 0.5 0 0
10840 0.106832 0 306.75 0.380392 0.5 0 0
10850 0.106832 0 306.75 0.376471 0.5 0 0
10860 0.106396 0 306.75 0.372549 0.5 0 0
10870 0.106396 0 306.75 0.372549 0.5 0 0
10880 0.105732 0 306.75 0.372549 0.5 0 0
10890 0.105732 0 306.75 0.372549 0.5 0 0
10900 0.1053 0 306.75 0.372549 0.5 0 0
10910 0.1053 0 306.75 0.372549 0.5 0 0
10920 0.105296 0 306.75 0.372549 0.5 0 0
10930 0.105296 0 306.75 0.372549 0.5 0 0
10940 0.105216 0 306.75 0.372549 0.5 0 0
10950 0.105216 0 306.75 0.372549 0.5 0 0
10960 0.10434 0 306.75 0.372549 0.5 0 0
10970 0.10434 0 306.75 0.372549 0.5 0 0
10980 0.104032 0 306.75 0.372549 0.5 0 0
10990 0.104032 0 306.75 0.372549 0.5 0 0
11000 0.104187 0 306.75 0.372549 0.5 0 0
11010 0.104187 0 306.75 0.372549 0.5 0 0
11020 0.104194 0 306.75 0.372549 0.5 0 0
11030 0.104194 0 306.75 0.372549 0.5 0 0
11040 0.104107 0 306.75 0.372549 0.5 0 0
11050 0.104107 0 306.75 0.372549 0.5 0 0
11060 0.104107 0 306.75 0.372549 0.5 0 0
11070 0.104107 0 306.75 0.372549 0.5 0 0
11080 0.104254 0 306.75 0.372549 0.5 0 0
11090 0.104254 0 306.75 0.372549 0.5 0 0
11100 0.104653 0 306.75 0.372549 0.5 0 0
11110 0.104653 0 306.75 0.376471 0.5 0 0
11120 0.105187 0 306.75 0.372549 0.5 0 0
11130 0.105187 0 306.75 0.376471 0.5 0 0
11140 0.105457 0 306.75 0.376471 0.5 0 0
11150 0.105457 0 306.75 0.372549 0.5 0 0
11160 0.105378 0 306.75 0.372549 0.5 0 0
11170 0.105378 0 306.75 0.368627 0.5 0 0
11180 0.105 0 306.75 0.368627 0.5 0 0
11190 0.105 0 306.75 0.368627 0.5 0 0
11200 0.10362 0 306.75 0.368627 0.5 0 0
11210 0.10362 0 306.75 0.368627 0.5 0 0
11220 0.103093 0 306.75 0.368627 0.5 0 0
11230 0.103093 0 306.75 0.368627 0.5 0 0
11240 0.103726 0 306.75 0.368627 0.5 0 0
11250 0.103726 0 306.75 0.368627 0.5 0 0
11260 0.104016 0 306.75 0.368627 0.5 0 0
11270 0.104016 0 306.75 0.368627 0.5 0 0
11280 0.103135 0 306.75 0.368627 0.5 0 0
11290 0.103135 0 306.75 0.368627 0.5 0 0
11300 0.102352 0 306.75 0.368627 0.5 0 0
11310 0.102352 0 306.75 0.368627 0.5 0 0
11320 0.102115 0 306.75 0.368627 0.5 0 0
11330 0.102115 0 306.75 0.368627 0.5 0 0
11340 0.101326 0 306.75 0.368627 0.5 0 0
11350 0.101326 0 306.75 0.368627 0.5 0 0
11360 0.100966 0 306.75 0.368627 0.5 0 0
11370 0.100966 0 306.75 0.364706 0.5 0 0
11380 0.100214 0 306.75 0.364706 0.5 0 0
11390 0.100214 0 306.75 0.356863 0.5 0 0
11400 0.0987959 0 306.75 0.360784 0.5 0 0
11410 0.0987959 0 306.75 0.360784 0.5 0 0
11420 0.0981595 0 306.75 0.360784 0.5 0 0
11430 0.0981595 0 306.75 0.356863 0.5 0 0
11440 0.0972986 0 306.75 0.356863 0.5 0 0
11450 0.0972986 0 306.75 0.356863 0.5 0 0
11460 0.0968308 0 306.75 0.356863 0.5 0 0
11470 0.0968308 0 306.75 0.356863 0.5 0 0
11480 0.097418 0 306.75 0.356863 0.5 0 0
11490 0.097418 0 306.75 0.356863 0.5 0 0
11500 0.0974155 0 306.75 0.360784 0.5 0 0
11510 0.0974155 0 306.75 0.360784 0.5 0 0
11520 0.097271 0 306.75 0.364706 0.5 0 0
11530 0.097271 0 306.75 0.360784 0.5 0 0
11540 0.0970527 0 306.75 0.364706 0.5 0 0
11550 0.0970527 0 306.75 0.364706 0.5 0 0
11560 0.0970515 0 306.75 0.360784 0.5 0 0
11570 0.0970515 0 306.75 0.364706 0.5 0 0
11580 0.0970751 0 306.75 0.360784 0.5 0 0
11590 0.0970751 0 306.75 0.360784 0.5 0 0
11600 0.0967352 0 306.75 0.360784 0.5 0 0
11610 0.0967352 0 306.75 0.360784 0.5 0 0
11620 0.0961914 0 306.75 0.356863 0.5 0 0
11630 0.0961914 0 306.75 0.352941 0.5 0 0
11640 0.0952533 0 306.75 0.356863 0.5 0 0
11650 0.0952533 0 306.75 0.356863 0.5 0 0
11660 0.0949295 0 306.75 0.356863 0.5 0 0
11670 0.0949295 0 306.75 0.356863 0.5 0 0
11680 0.0949293 0 306.75 0.356863 0.5 0 0
11690 0.0949293 0 306.75 0.356863 0.5 0 0
11700 0.0947184 0 306.75 0.356863 0.5 0 0
11710 0.0947184 0 306.75 0.356863 0.5 0 0
11720 0.0942886 0 306.75 0.356863 0.5 0 0
11730 0.0942886 0 306.75 0.356863 0.5 0 0
11740 0.0939743 0 306.75 0.360784 0.5 0 0
11750 0.0939743 0 306.75 0.360784 0.5 0 0
11760 0.0939468 0 306.75 0.356863 0.5 0 0
11770 0.0939468 0 306.75 0.356863 0.5 0 0
11780 0.0939295 0 306.75 0.356863 0.5 0 0
11790 0.0939295 0 306.75 0.356863 0.5 0 0
11800 0.093831 0 306.75 0.360784 0.5 0 0
11810 0.093831 0 306.75 0.356863 0.5 0 0
11820 0.09383 0 306.75 0.360784 0.5 0 0
11830 0.09383 0 306.75 0.356863 0.5 0 0
11840 0.093826 0 306.75 0.356863 0.5 0 0
11850 0.093826 0 306.75 0.356863 0.5 0 0
11860 0.093826 0 306.75 0.356863 0.5 0 0
11870 0.093826 0 306.75 0.356863 0.5 0 0
11880 0.093826 0 306.75 0.356863 0.5 0 0
11890 0.093826 0 306.75 0.360784 0.5 0 0
11900 0.093826 0 306.75 0.356863 0.5 0 0
11910 0.093826 0 306.75 0.360784 0.5 0 0
11920 0.093826 0 306.75 0.356863 0.5 0 0
11930 0.093826 0 306.75 0.360784 0.5 0 0
11940 0.093826 0 306.75 0.356863 0.5 0 0
11950 0.093826 0 306.75 0.356863 0.5 0 0
11960 0.093826 0 306.75 0.356863 0.5 0 0
11970 0.093826 0 306.75 0.356863 0.5 0 0
11980 0.0945792 0 306.75 0.356863 0.5 0 0
11990 0.0945792 0 306.75 0.356863 0.5 0 0
12000 0.0955832 0 306.75 0.360784 0.5 0 0
12010 0.0955832 0 306.75 0.360784 0.5 0 0
12020 0.096257 0 306.75 0.364706 0.5 0 0
12030 0.096257 0 306.75 0.360784 0.5 0 0
12040 0.0963421 0 306.75 0.364706 0.5 0 0
12050 0.0963421 0 306.75 0.364706 0.5 0 0
12060 0.0963369 0 306.75 0.364706 0.5 0 0
12070 0.0963369 0 306.75 0.360784 0.5 0 0
12080 0.0961363 0 306.75 0.360784 0.5 0 0
12090 0.0961363 0 306.75 0.360784 0.5 0 0
12100 0.0956633 0 306.75 0.356863 0.5 0 0
12110 0.0956633 0 306.75 0.356863 0.5 0 0
12120 0.095352 0 306.75 0.356863 0.5 0 0
12130 0.095352 0 306.75 0.356863 0.5 0 0
12140 0.0952062 0 306.75 0.356863 0.5 0 0
12150 0.0952062 0 306.75 0.356863 0.5 0 0
12160 0.0952062 0 306.75 0.356863 0.5 0 0
12170 0.0952062 0 306.75 0.356863 0.5 0 0
12180 0.0952062 0 306.75 0.356863 0.5 0 0
12190 0.0952062 0 306.75 0.356863 0.5 0 0
12200 0.0952062 0 306.75 0.356863 0.5 0 0
12210 0.0952062 0 306.75 0.356863 0.5 0 0
12220 0.0952062 0 306.75 0.356863 0.5 0 0
12230 0.0952062 0 306.75 0.356863 0.5 0 0
12240 0.0951418 0 306.75 0.356863 0.5 0 0
12250 0.0951418 0 306.75 0.356863 0.5 0 0
12260 0.0950803 0 306.75 0.356863 0.5 0 0
12270 0.0950803 0 306.75 0.356863 0.5 0 0
12280 0.0954708 0 306.75 0.356863 0.5 0 0
12290 0.0954708 0 306.75 0.356863 0.5 0 0
12300 0.0957288 0 306.75 0.356863 0.5 0 0
12310 0.0957288 0 306.75 0.356863 0.5 0 0
12320 0.0958263 0 306.75 0.356863 0.5 0 0
12330 0.0958263 0 306.75 0.356863 0.5 0 0
12340 0.0956931 0 306.75 0.356863 0.5 0 0
12350 0.0956931 0 306.75 0.352941 0.5 0 0
12360 0.0949466 0 306.75 0.34902 0.5 0 0
12370 0.0949466 0 306.75 0.34902 0.5 0 0
12380 0.0936376 0 306.75 0.352941 0.5 0 0
12390 0.0936376 0 306.75 0.352941 0.5 0 0
12400 0.0929208 0 306.75 0.352941 0.5 0 0
12410 0.0929208 0 306.75 0.352941 0.5 0 0
12420 0.092609 0 306.75 0.356863 0.5 0 0
12430 0.092609 0 306.75 0.356863 0.5 0 0
12440 0.091759 0 306.75 0.356863 0.5 0 0
12450 0.091759 0 306.75 0.356863 0.5 0 0
12460 0.090588 0 306.75 0.356863 0.5 0 0
12470 0.090588 0 306.75 0.352941 0.5 0 0
12480 0.0896903 0 306.75 0.352941 0.5 0 0
12490 0.0896903 0 306.75 0.352941 0.5 0 0
12500 0.0891078 0 306.75 0.352941 0.5 0 0
12510 0.0891078 0 306.75 0.352941 0.5 0 0
12520 0.088703 0 306.75 0.352941 0.5 0 0
12530 0.088703 0 306.75 0.352941 0.5 0 0
12540 0.0888826 0 306.75 0.352941 0.5 0 0
12550 0.0888826 0 306.75 0.34902 0.5 0 0
12560 0.0891307 0 306.75 0.34902 0.5 0 0
12570 0.0891307 0 306.75 0.34902 0.5 0 0
12580 0.0896736 0 306.75 0.345098 0.5 0 0
12590 0.0896736 0 306.75 0.34902 0.5 0 0
12600 0.0903825 0 306.75 0.34902 0.5 0 0
12610 0.0903825 0 306.75 0.34902 0.5 0 0
12620 0.0903986 0 306.75 0.34902 0.5 0 0
12630 0.0903986 0 306.75 0.345098 0.5 0 0
12640 0.0899374 0 306.75 0.341176 0.5 0 0
12650 0.0899374 0 306.75 0.337255 0.5 0 0
12660 0.0893379 0 306.75 0.341176 0.5 0 0
12670 0.0893379 0 306.75 0.341176 0.5 0 0
12680 0.0893623 0 306.75 0.341176 0.5 0 0
12690 0.0893623 0 306.75 0.345098 0.5 0 0
12700 0.0895663 0 306.75 0.34902 0.5 0 0
12710 0.0895663 0 306.75 0.34902 0.5 0 0
12720 0.0891176 0 306.75 0.352941 0.5 0 0
12730 0.0891176 0 306.75 0.352941 0.5 0 0
12740 0.0884713 0 306.75 0.352941 0.5 0 0
12750 0.0884713 0 306.75 0.345098 0.5 0 0
12760 0.0873589 0 306.75 0.341176 0.5 0 0
12770 0.0873589 0 306.75 0.337255 0.5 0 0
12780 0.0864901 0 306.75 0.333333 0.5 0 0
12790 0.0864901 0 306.75 0.337255 0.5 0 0
12800 0.0862131 0 306.75 0.341176 0.5 0 0
12810 0.0862131 0 306.75 0.341176 0.5 0 0
12820 0.0859284 0 306.75 0.341176 0.5 0 0
12830 0.0859284 0 306.75 0.341176 0.5 0 0
12840 0.0852673 0 306.75 0.337255 0.5 0 0
12850 0.0852673 0 306.75 0.337255 0.5 0 0
12860 0.0845277 0 306.75 0.333333 0.5 0 0
12870 0.0845277 0 306.75 0.333333 0.5 0 0
12880 0.0848465 0 306.75 0.333333 0.5 0 0
12890 0.0848465 0 306.75 0.337255 0.5 0 0
12900 0.0847372 0 306.75 0.337255 0.5 0 0
12910 0.0847372 0 306.75 0.341176 0.5 0 0
12920 0.0851368 0 306.75 0.341176 0.5 0 0
12930 0.0851368 0 306.75 0.341176 0.5 0 0
12940 0.0861152 0 306.75 0.341176 0.5 0 0
12950 0.0861152 0 306.75 0.341176 0.5 0 0
12960 0.0866785 0 306.75 0.345098 0.5 0 0
12970 0.0866785 0 306.75 0.345098 0.5 0 0
12980 0.0871319 0 306.75 0.345098 0.5 0 0
12990 0.0871319 0 306.75 0.34902 0.5 0 0
13000 0.086958 0 306.75 0.345098 0.5 0 0
13010 0.086958 0 306.75 0.345098 0.5 0 0
13020 0.0870931 0 306.75 0.345098 0.5 0 0
13030 0.0870931 0 306.75 0.34902 0.5 0 0
13040 0.0871465 0 306.75 0.34902 0.5 0 0
13050 0.0871465 0 306.75 0.345098 0.5 0 0
13060 0.0866038 0 306.75 0.341176 0.5 0 0
13070 0.0866038 0 306.75 0.345098 0.5 0 0
13080 0.0861218 0 306.75 0.345098 0.5 0 0
13090 0.0861218 0 306.75 0.345098 0.5 0 0
13100 0.0856812 0 306.75 0.352941 0.5 0 0
13110 0.0856812 0 306.75 0.364706 0.5 0 0
13120 0.0853717 0 306.75 0.364706 0.5 0 0
13130 0.0853717 0 306.75 0.360784 0.5 0 0
13140 0.0849464 0 306.75 0.352941 0.5 0 0
13150 0.0849464 0 306.75 0.341176 0.5 0 0
13160 0.0839303 0 306.75 0.337255 0.5 0 0
13170 0.0839303 0 306.75 0.329412 0.5 0 0
13180 0.0823575 0 306.75 0.329412 0.5 0 0
13190 0.0823575 0 306.75 0.329412 0.5 0 0
13200 0.0806128 0 306.75 0.329412 0.5 0 0
13210 0.0806128 0 306.75 0.329412 0.5 0 0
13220 0.0801923 0 306.75 0.329412 0.5 0 0
13230 0.0801923 0 306.75 0.329412 0.5 0 0
13240 0.0798848 0 306.75 0.329412 0.5 0 0
13250 0.0798848 0 306.75 0.329412 0.5 0 0
13260 0.0796056 0 306.75 0.329412 0.5 0 0
13270 0.0796056 0 306.75 0.329412 0.5 0 0
13280 0.0796033 0 306.75 0.329412 0.5 0 0
13290 0.0796033 0 306.75 0.329412 0.5 0 0
13300 0.0796356 0 306.75 0.329412 0.5 0 0
13310 0.0796356 0 306.75 0.329412 0.5 0 0
13320 0.0796776 0 306.75 0.329412 0.5 0 0
13330 0.0796776 0 306.75 0.329412 0.5 0 0
13340 0.081242 0 306.75 0.329412 0.5 0 0
13350 0.081242 0 306.75 0.329412 0.5 0 0
13360 0.0816725 0 306.75 0.329412 0.5 0 0
13370 0.0816725 0 306.75 0.329412 0.5 0 0
13380 0.0819558 0 306.75 0.329412 0.5 0 0
13390 0.0819558 0 306.75 0.333333 0.5 0 0
13400 0.0828234 0 306.75 0.333333 0.5 0 0
13410 0.0828234 0 306.75 0.333333 0.5 0 0
13420 0.0829995 0 306.75 0.333333 0.5 0 0
13430 0.0829995 0 306.75 0.333333 0.5 0 0
13440 0.0831417 0 306.75 0.333333 0.5 0 0
13450 0.0831417 0 306.75 0.333333 0.5 0 0
13460 0.0832783 0 306.75 0.333333 0.5 0 0
13470 0.0832783 0 306.75 0.337255 0.5 0 0
13480 0.0833003 0 306.75 0.337255 0.5 0 0
13490 0.0833003 0 306.75 0.341176 0.5 0 0
13500 0.0832106 0 306.75 0.345098 0.5 0 0
13510 0.0832106 0 306.75 0.345098 0.5 0 0
13520 0.0830867 0 306.75 0.34902 0.5 0 0
13530 0.0830867 0 306.75 0.345098 0.5 0 0
13540 0.0827319 0 306.75 0.341176 0.5 0 0
13550 0.0827319 0 306.75 0.341176 0.5 0 0
13560 0.0816166 0 306.75 0.337255 0.5 0 0
13570 0.0816166 0 306.75 0.329412 0.5 0 0
13580 0.0803878 0 306.75 0.321569 0.5 0 0
13590 0.0803878 0 306.75 0.32549 0.5 0 0
13600 0.0810203 0 306.75 0.32549 0.5 0 0
13610 0.0810203 0 306.75 0.32549 0.5 0 0
13620 0.0804528 0 306.75 0.32549 0.5 0 0
13630 0.0804528 0 306.75 0.32549 0.5 0 0
13640 0.0798373 0 306.75 0.32549 0.5 0 0
13650 0.0798373 0 306.75 0.32549 0.5 0 0
13660 0.0796618 0 306.75 0.32549 0.5 0 0
13670 0.0796618 0 306.75 0.32549 0.5 0 0
13680 0.0796651 0 306.75 0.32549 0.5 0 0
13690 0.0796651 0 306.75 0.329412 0.5 0 0
13700 0.0793633 0 306.75 0.329412 0.5 0 0
13710 0.0793633 0 306.75 0.333333 0.5 0 0
13720 0.0793796 0 306.75 0.333333 0.5 0 0
13730 0.0793796 0 306.75 0.329412 0.5 0 0
13740 0.0790622 0 306.75 0.32549 0.5 0 0
13750 0.0790622 0 306.75 0.32549 0.5 0 0
13760 0.0782233 0 306.75 0.329412 0.5 0 0
13770 0.0782233 0 306.75 0.329412 0.5 0 0
13780 0.0777661 0 306.75 0.333333 0.5 0 0
13790 0.0777661 0 306.75 0.337255 0.5 0 0
13800 0.0775645 0 306.75 0.333333 0.5 0 0
13810 0.0775645 0 306.75 0.337255 0.5 0 0
13820 0.076973 0 306.75 0.32549 0.5 0 0
13830 0.076973 0 306.75 0.321569 0.5 0 0
13840 0.0758913 0 306.75 0.317647 0.5 0 0
13850 0.0758913 0 306.75 0.317647 0.5 0 0
13860 0.0753184 0 306.75 0.317647 0.5 0 0
13870 0.0753184 0 306.75 0.317647 0.5 0 0
13880 0.0752621 0 306.75 0.317647 0.5 0 0
13890 0.0752621 0 306.75 0.321569 0.5 0 0
13900 0.0758208 0 306.75 0.321569 0.5 0 0
13910 0.0758208 0 306.75 0.321569 0.5 0 0
13920 0.0760223 0 306.75 0.321569 0.5 0 0
13930 0.0760223 0 306.75 0.321569 0.5 0 0
13940 0.0763448 0 306.75 0.321569 0.5 0 0
13950 0.0763448 0 306.75 0.321569 0.5 0 0
13960 0.0768769 0 306.75 0.321569 0.5 0 0
13970 0.0768769 0 306.75 0.32549 0.5 0 0
13980 0.0772682 0 306.75 0.329412 0.5 0 0
13990 0.0772682 0 306.75 0.329412 0.5 0 0
14000 0.077289 0 306.75 0.329412 0.5 0 0
14010 0.077289 0 306.75 0.329412 0.5 0 0
14020 0.0773284 0 306.75 0.329412 0.5 0 0
14030 0.0773284 0 306.75 0.32549 0.5 0 0
14040 0.0769505 0 306.75 0.321569 0.5 0 0
14050 0.0769505 0 306.75 0.317647 0.5 0 0
14060 0.0752264 0 306.75 0.317647 0.5 0 0
14070 0.0752264 0 306.75 0.317647 0.5 0 0
14080 0.0742591 0 306.75 0.313725 0.5 0 0
14090 0.0742591 0 306.75 0.313725 0.5 0 0
14100 0.0744891 0 306.75 0.313725 0.5 0 0
14110 0.0744891 0 306.75 0.313725 0.5 0 0
14120 0.0742357 0 306.75 0.309804 0.5 0 0
14130 0.0742357 0 306.75 0.309804 0.5 0 0
14140 0.073924 0 306.75 0.309804 0.5 0 0
14150 0.073924 0 306.75 0.305882 0.5 0 0
14160 0.0742538 0 306.75 0.309804 0.5 0 0
14170 0.0742538 0 306.75 0.301961 0.5 0 0
14180 0.0724626 0 306.75 0.301961 0.5 0 0
14190 0.0724626 0 306.75 0.301961 0.5 0 0
14200 0.0719623 0 306.75 0.305882 0.5 0 0
14210 0.0719623 0 306.75 0.309804 0.5 0 0
14220 0.0722543 0 306.75 0.309804 0.5 0 0
14230 0.0722543 0 306.75 0.317647 0.5 0 0
14240 0.0725967 0 306.75 0.321569 0.5 0 0
14250 0.0725967 0 306.75 0.321569 0.5 0 0
14260 0.0724497 0 306.75 0.317647 0.5 0 0
14270 0.0724497 0 306.75 0.313725 0.5 0 0
14280 0.0711167 0 306.75 0.301961 0.5 0 0
14290 0.0711167 0 306.75 0.298039 0.5 0 0
14300 0.0691469 0 306.75 0.298039 0.5 0 0
14310 0.0691469 0 306.75 0.301961 0.5 0 0
14320 0.0700556 0 306.75 0.301961 0.5 0 0
14330 0.0700556 0 306.75 0.301961 0.5 0 0
14340 0.0692871 0 306.75 0.298039 0.5 0 0
14350 0.0692871 0 306.75 0.301961 0.5 0 0
14360 0.0687431 0 306.75 0.301961 0.5 0 0
14370 0.0687431 0 306.75 0.298039 0.5 0 0
14380 0.0687095 0 306.75 0.298039 0.5 0 0
14390 0.0687095 0 306.75 0.294118 0.5 0 0
14400 0.0686843 0 306.75 0.294118 0.5 0 0
14410 0.0686843 0 306.75 0.294118 0.5 0 0
14420 0.0671911 0.25 307 0.290196 0.5 0 0
14430 0.0671911 0.25 307 0.290196 0.5 0 0
14440 0.0660377 0.25 307.25 0.290196 0.5 0 0
14450 0.0660377 0.25 307.25 0.298039 0.5 0 0
14460 0.065794 0.25 307.5 0.301961 0.5 0 0
14470 0.065794 0.25 307.5 0.305882 0.5 0 0
14480 0.0653661 0.25 307.75 0.301961 0.5 0 0
14490 0.0653661 0.25 307.75 0.301961 0.5 0 0
14500 0.065348 0.25 308 0.305882 0.5 0 0
14510 0.065348 0.25 308 0.305882 0.5 0 0
14520 0.0652961 0.25 308.25 0.298039 0.5 0 0
14530 0.0652961 0.25 308.25 0.305882 0.5 0 0
14540 0.0652676 0.25 308.5 0.305882 0.5 0 0
14550 0.0652676 0.25 308.5 0.294118 0.5 0 0
14560 0.0651315 0 308.5 0.301961 0.5 0 0
14570 0.0651315 0 308.5 0.298039 0.5 0 0
14580 0.0651062 0 308.5 0.290196 0.5 0 0
14590 0.0651062 0 308.5 0.309804 0.5 0 0
14600 0.0651062 0 308.5 0.294118 0.5 0 0
14610 0.0651062 0 308.5 0.313725 0.5 0 0
14620 0.0649773 0 308.5 0.298039 0.5 0 0
14630 0.0649773 0 308.5 0.290196 0.5 0 0
14640 0.064777 0 308.5 0.298039 0.5 0 0
14650 0.064777 0 308.5 0.313725 0.5 0 0
14660 0.0657974 0 308.5 0.286275 0.5 0 0
14670 0.0657974 0 308.5 0.282353 0.5 0 0
14680 0.0668596 0 308.5 0.286275 0.5 0 0
14690 0.0668596 0 308.5 0.290196 0.5 0 0
14700 0.0659132 0 308.5 0.290196 0.5 0 0
14710 0.0659132 0 308.5 0.290196 0.5 0 0
14720 0.0658998 0 308.5 0.294118 0.5 0 0
14730 0.0658998 0 308.5 0.294118 0.5 0 0
14740 0.0662449 0 308.5 0.294118 0.5 0 0
14750 0.0662449 0 308.5 0.298039 0.5 0 0
14760 0.0662289 0 308.5 0.301961 0.5 0 0
14770 0.0662289 0 308.5 0.298039 0.5 0 0
14780 0.0660277 0 308.5 0.298039 0.5 0 0
14790 0.0660277 0 308.5 0.298039 0.5 0 0
14800 0.0658872 0 308.5 0.298039 0.5 0 0
14810 0.0658872 0 308.5 0.294118 0.5 0 0
14820 0.065232 0 308.5 0.290196 0.5 0 0
14830 0.065232 0 308.5 0.282353 0.5 0 0
14840 0.0641655 0 308.5 0.282353 0.5 0 0
14850 0.0641655 0 308.5 0.294118 0.5 0 0
14860 0.0634265 0 308.5 0.298039 0.5 0 0
14870 0.0634265 0 308.5 0.298039 0.5 0 0
14880 0.0636396 0 308.5 0.298039 0.5 0 0
14890 0.0636396 0 308.5 0.298039 0.5 0 0
14900 0.06384 0 308.5 0.301961 0.5 0 0
14910 0.06384 0 308.5 0.301961 0.5 0 0
14920 0.0637492 0 308.5 0.301961 0.5 0 0
14930 0.0637492 0 308.5 0.298039 0.5 0 0
14940 0.0640778 0 308.5 0.294118 0.5 0 0
14950 0.0640778 0 308.5 0.294118 0.5 0 0
14960 0.0642421 0 308.5 0.290196 0.5 0 0
14970 0.0642421 0 308.5 0.290196 0.5 0 0
14980 0.0647411 0 308.5 0.290196 0.5 0 0
14990 0.0647411 0 308.5 0.294118 0.5 0 0
15000 0.0649932 0 308.5 0.298039 0.5 0 0
15010 0.0649932 0 308.5 0.298039 0.5 0 0
15020 0.0649906 0 308.5 0.298039 0.5 0 0
15030 0.0649906 0 308.5 0.294118 0.5 0 0
15040 0.0647371 0 308.5 0.294118 0.5 0 0
15050 0.0647371 0 308.5 0.294118 0.5 0 0
15060 0.0643835 0 308.5 0.294118 0.5 0 0
15070 0.0643835 0 308.5 0.298039 0.5 0 0
15080 0.0641055 0 308.5 0.313725 0.5 0 0
15090 0.0641055 0 308.5 0.317647 0.5 0 0
15100 0.0639573 0 308.5 0.32549 0.5 0 0
15110 0.0639573 0 308.5 0.321569 0.5 0 0
15120 0.0634403 0 308.5 0.309804 0.5 0 0
15130 0.0634403 0 308.5 0.298039 0.5 0 0
15140 0.0626143 0 308.5 0.286275 0.5 0 0
15150 0.0626143 0 308.5 0.270588 0.5 0 0
15160 0.0619375 0 308.5 0.258824 0.5 0 0
15170 0.0619375 0 308.5 0.266667 0.5 0 0
15180 0.0616839 0 308.5 0.266667 0.5 0 0
15190 0.0616839 0 308.5 0.266667 0.5 0 0
15200 0.0621266 0 308.5 0.27451 0.5 0 0
15210 0.0621266 0 308.5 0.282353 0.5 0 0
15220 0.0619148 0 308.5 0.282353 0.5 0 0
15230 0.0619148 0 308.5 0.282353 0.5 0 0
15240 0.0614925 0 308.5 0.282353 0.5 0 0
15250 0.0614925 0 308.5 0.278431 0.5 0 0
15260 0.0607934 0 308.5 0.282353 0.5 0 0
15270 0.0607934 0 308.5 0.278431 0.5 0 0
15280 0.0601583 0 308.5 0.282353 0.5 0 0
15290 0.0601583 0 308.5 0.282353 0.5 0 0
15300 0.0600106 0 308.5 0.286275 0.5 0 0
15310 0.0600106 0 308.5 0.282353 0.5 0 0
15320 0.0596396 0 308.5 0.278431 0.5 0 0
15330 0.0596396 0 308.5 0.27451 0.5 0 0
15340 0.0588507 0 308.5 0.254902 0.5 0 0
15350 0.0588507 0 308.5 0.258824 0.5 0 0
15360 0.0577485 0 308.5 0.254902 0.5 0 0
15370 0.0577485 0 308.5 0.258824 0.5 0 0
15380 0.0571408 0 308.5 0.258824 0.5 0 0
15390 0.0571408 0 308.5 0.254902 0.5 0 0
15400 0.0566674 0 308.5 0.25098 0.5 0 0
15410 0.0566674 0 308.5 0.243137 0.5 0 0
15420 0.0559695 0 308.5 0.239216 0.5 0 0
15430 0.0559695 0 308.5 0.235294 0.5 0 0
15440 0.0549722 0 308.5 0.231373 0.5 0 0
15450 0.0549722 0 308.5 0.239216 0.5 0 0
15460 0.0545108 0.25 308.75 0.239216 0.5 0 0
15470 0.0545108 0.25 308.75 0.243137 0.5 0 0
15480 0.0543408 0.25 309 0.239216 0.5 0 0
15490 0.0543408 0.25 309 0.243137 0.5 0 0
15500 0.0539789 0.25 309.25 0.243137 0.5 0 0
15510 0.0539789 0.25 309.25 0.243137 0.5 0 0
15520 0.0538055 0.25 309.5 0.243137 0.5 0 0
15530 0.0538055 0.25 309.5 0.243137 0.5 0 0
15540 0.0537686 0.375 309.875 0.25098 0.5 0 0
15550 0.0537686 0.375 309.875 0.247059 0.5 0 0
15560 0.0537284 0.375 310.25 0.247059 0.5 0 0
15570 0.0537284 0.375 310.25 0.247059 0.5 0 0
15580 0.0534226 0.25 310.5 0.243137 0.5 0 0
15590 0.0534226 0.25 310.5 0.254902 0.5 0 0
15600 0.0530042 0.25 310.75 0.243137 0.5 0 0
15610 0.0530042 0.25 310.75 0.25098 0.5 0 0
15620 0.0522079 0.25 311 0.247059 0.5 0 0
15630 0.0522079 0.25 311 0.247059 0.5 0 0
15640 0.0519927 0.25 311.25 0.243137 0.5 0 0
15650 0.0519927 0.25 311.25 0.243137 0.5 0 0
15660 0.0518724 0.25 311.5 0.243137 0.5 0 0
15670 0.0518724 0.25 311.5 0.239216 0.5 0 0
15680 0.0519334 0 311.5 0.235294 0.5 0 0
15690 0.0519334 0 311.5 0.227451 0.5 0 0
15700 0.0524941 0 311.5 0.231373 0.5 0 0
15710 0.0524941 0 311.5 0.235294 0.5 0 0
15720 0.0524295 0 311.5 0.239216 0.5 0 0
15730 0.0524295 0 311.5 0.235294 0.5 0 0
15740 0.0518563 0 311.5 0.231373 0.5 0 0
15750 0.0518563 0 311.5 0.215686 0.5 0 0
15760 0.0514935 0 311.5 0.211765 0.5 0 0
15770 0.0514935 0 311.5 0.211765 0.5 0 0
15780 0.0503069 0 311.5 0.207843 0.5 0 0
15790 0.0503069 0 311.5 0.207843 0.5 0 0
15800 0.0495386 0 311.5 0.207843 0.5 0 0
15810 0.0495386 0 311.5 0.203922 0.5 0 0
15820 0.0488766 0 311.5 0.203922 0.5 0 0
15830 0.0488766 0 311.5 0.203922 0.5 0 0
15840 0.0479628 0 311.5 0.2 0.5 0 0
15850 0.0479628 0 311.5 0.196078 0.5 0 0
15860 0.0476713 0 311.5 0.203922 0.5 0 0
15870 0.0476713 0 311.5 0.211765 0.5 0 0
15880 0.0471267 0 311.5 0.2 0.5 0 0
15890 0.0471267 0 311.5 0.196078 0.5 0 0
15900 0.0470435 0 311.5 0.192157 0.5 0 0
15910 0.0470435 0 311.5 0.192157 0.5 0 0
15920 0.0463282 0 311.5 0.184314 0.5 0 0
15930 0.0463282 0 311.5 0.176471 0.5 0 0
15940 0.0440528 0 311.5 0.172549 0.5 0 0
15950 0.0440528 0 311.5 0.168627 0.5 0 0
15960 0.0428464 0.25 311.75 0.168627 0.5 0 0
15970 0.0428464 0.25 311.75 0.172549 0.5 0 0
15980 0.0420226 0.375 312.125 0.168627 0.5 0 0
15990 0.0420226 0.375 312.125 0.168627 0.5 0 0
16000 0.0418864 0.375 312.5 0.172549 0.5 0 0
16010 0.0418864 0.375 312.5 0.168627 0.5 0 0
16020 0.0418266 0.375 312.875 0.168627 0.5 0 0
16030 0.0418266 0.375 312.875 0.168627 0.5 0 0
16040 0.0417842 0.375 313.25 0.168627 0.5 0 0
16050 0.0417842 0.375 313.25 0.168627 0.5 0 0
16060 0.0417346 0.375 313.625 0.168627 0.5 0 0
16070 0.0417346 0.375 313.625 0.168627 0.5 0 0
16080 0.0416347 0.375 314 0.168627 0.5 0 0
16090 0.0416347 0.375 314 0.168627 0.5 0 0
16100 0.0415891 0.375 314.375 0.168627 0.5 0 0
16110 0.0415891 0.375 314.375 0.168627 0.5 0 0
16120 0.0414807 0.375 314.75 0.164706 0.5 0 0
16130 0.0414807 0.375 314.75 0.160784 0.5 0 0
16140 0.0412569 0.375 315.125 0.160784 0.5 0 0
16150 0.0412569 0.375 315.125 0.160784 0.5 0 0
16160 0.0407994 0.25 315.375 0.160784 0.5 0 0
16170 0.0407994 0.25 315.375 0.156863 0.5 0 0
16180 0.040213 0.25 315.625 0.156863 0.5 0 0
16190 0.040213 0.25 315.625 0.160784 0.5 0 0
16200 0.039757 0.25 315.875 0.156863 0.5 0 0
16210 0.039757 0.25 315.875 0.156863 0.5 0 0
16220 0.0392601 0.25 316.125 0.156863 0.5 0 0
16230 0.0392601 0.25 316.125 0.156863 0.5 0 0
16240 0.0389214 0.25 316.375 0.152941 0.5 0 0
16250 0.0389214 0.25 316.375 0.152941 0.5 0 0
16260 0.0384086 0.375 316.75 0.152941 0.5 0 0
16270 0.0384086 0.375 316.75 0.14902 0.5 0 0
16280 0.0382132 0.25 317 0.152941 0.5 0 0
16290 0.0382132 0.25 317 0.14902 0.5 0 0
16300 0.0383209 0.25 317.25 0.14902 0.5 0 0
16310 0.0383209 0.25 317.25 0.152941 0.5 0 0
16320 0.0384039 0.25 317.5 0.152941 0.5 0 0
16330 0.0384039 0.25 317.5 0.156863 0.5 0 0
16340 0.0382729 0.25 317.75 0.160784 0.5 0 0
16350 0.0382729 0.25 317.75 0.156863 0.5 0 0
16360 0.0379686 0 317.75 0.156863 0.5 0 0
16370 0.0379686 0 317.75 0.156863 0.5 0 0
16380 0.0374979 0 317.75 0.14902 0.5 0 0
16390 0.0374979 0 317.75 0.14902 0.5 0 0
16400 0.0367105 0 317.75 0.145098 0.5 0 0
16410 0.0367105 0 317.75 0.145098 0.5 0 0
16420 0.0365448 0 317.75 0.145098 0.5 0 0
16430 0.0365448 0 317.75 0.14902 0.5 0 0
16440 0.0363191 0 317.75 0.14902 0.5 0 0
16450 0.0363191 0 317.75 0.145098 0.5 0 0
16460 0.0357396 0 317.75 0.14902 0.5 0 0
16470 0.0357396 0 317.75 0.14902 0.5 0 0
16480 0.0352333 0 317.75 0.14902 0.5 0 0
16490 0.0352333 0 317.75 0.14902 0.5 0 0
16500 0.0351046 0 317.75 0.14902 0.5 0 0
16510 0.0351046 0 317.75 0.156863 0.5 0 0
16520 0.0350479 0 317.75 0.164706 0.5 0 0
16530 0.0350479 0 317.75 0.160784 0.5 0 0
16540 0.0349076 0 317.75 0.160784 0.5 0 0
16550 0.0349076 0 317.75 0.160784 0.5 0 0
16560 0.0344535 0 317.75 0.152941 0.5 0 0
16570 0.0344535 0 317.75 0.145098 0.5 0 0
16580 0.0338891 0 317.75 0.141176 0.5 0 0
16590 0.0338891 0 317.75 0.133333 0.5 0 0
16600 0.0334131 0 317.75 0.129412 0.5 0 0
16610 0.0334131 0 317.75 0.12549 0.5 0 0
16620 0.0324478 0 317.75 0.12549 0.5 0 0
16630 0.0324478 0 317.75 0.12549 0.5 0 0
16640 0.0311575 0 317.75 0.121569 0.5 0 0
16650 0.0311575 0 317.75 0.117647 0.5 0 0
16660 0.0296797 0 317.75 0.117647 0.5 0 0
16670 0.0296797 0 317.75 0.113725 0.5 0 0
16680 0.0282126 0 317.75 0.109804 0.5 0 0
16690 0.0282126 0 317.75 0.109804 0.5 0 0
16700 0.0269491 0 317.75 0.105882 0.5 0 0
16710 0.0269491 0 317.75 0.109804 0.5 0 0
16720 0.0255725 0 317.75 0.105882 0.5 0 0
16730 0.0255725 0 317.75 0.105882 0.5 0 0
16740 0.0246398 0 317.75 0.109804 0.5 0 0
16750 0.0246398 0 317.75 0.109804 0.5 0 0
16760 0.0244175 0 317.75 0.113725 0.5 0 0
16770 0.0244175 0 317.75 0.117647 0.5 0 0
16780 0.0242879 0 317.75 0.113725 0.5 0 0
16790 0.0242879 0 317.75 0.109804 0.5 0 0
16800 0.0239687 0 317.75 0.0980392 0.5 0 0
16810 0.0239687 0 317.75 0.0980392 0.5 0 0
16820 0.0230494 0 317.75 0.0941176 0.5 0 0
16830 0.0230494 0 317.75 0.0941176 0.5 0 0
16840 0.0210121 0.25 318 0.0901961 0.5 0 0
16850 0.0210121 0.25 318 0.0941176 0.5 0 0
16860 0.0197671 0.25 318.25 0.0941176 0.5 0 0
16870 0.0197671 0.25 318.25 0.0901961 0.5 0 0
16880 0.0191431 0.25 318.5 0.0901961 0.5 0 0
16890 0.0191431 0.25 318.5 0.0901961 0.5 0 0
16900 0.0187493 0.25 318.75 0.0901961 0.5 0 0
16910 0.0187493 0.25 318.75 0.0901961 0.5 0 0
16920 0.0182022 0.25 319 0.0901961 0.5 0 0
16930 0.0182022 0.25 319 0.0862745 0.5 0 0
16940 0.0178158 0.25 319.25 0.0862745 0.5 0 0
16950 0.0178158 0.25 319.25 0.0862745 0.5 0 0
16960 0.0174154 0.25 319.5 0.0862745 0.5 0 0
16970 0.0174154 0.25 319.5 0.0862745 0.5 0 0
16980 0.0169213 0 319.5 0.0862745 0.5 0 0
16990 0.0169213 0 319.5 0.0823529 0.5 0 0
17000 0.0165292 0 319.5 0.0862745 0.5 0 0
17010 0.0165292 0 319.5 0.0862745 0.5 0 0
17020 0.0164148 0 319.5 0.0862745 0.5 0 0
17030 0.0164148 0 319.5 0.0862745 0.5 0 0
17040 0.016391 0 319.5 0.0862745 0.5 0 0
17050 0.016391 0 319.5 0.0901961 0.5 0 0
17060 0.0161362 0 319.5 0.0862745 0.5 0 0
17070 0.0161362 0 319.5 0.0823529 0.5 0 0
17080 0.015822 0 319.5 0.0823529 0.5 0 0
17090 0.015822 0 319.5 0.0862745 0.5 0 0
17100 0.015566 0 319.5 0.0901961 0.5 0 0
17110 0.015566 0 319.5 0.0901961 0.5 0 0
17120 0.0153923 0 319.5 0.0941176 0.5 0 0
17130 0.0153923 0 319.5 0.0941176 0.5 0 0
17140 0.0152157 0 319.5 0.0941176 0.5 0 0
17150 0.0152157 0 319.5 0.0862745 0.5 0 0
17160 0.0148239 0 319.5 0.0862745 0.5 0 0
17170 0.0148239 0 319.5 0.0823529 0.5 0 0
17180 0.0142649 0 319.5 0.0784314 0.5 0 0
17190 0.0142649 0 319.5 0.0784314 0.5 0 0
17200 0.0133996 0 319.5 0.0784314 0.5 0 0
17210 0.0133996 0 319.5 0.0784314 0.5 0 0
17220 0.0123447 0 319.5 0.0784314 0.5 0 0
17230 0.0123447 0 319.5 0.0745098 0.5 0 0
17240 0.011738 0 319.5 0.0745098 0.5 0 0
17250 0.011738 0 319.5 0.0745098 0.5 0 0
17260 0.0112278 0 319.5 0.0705882 0.5 0 0
17270 0.0112278 0 319.5 0.0705882 0.5 0 0
17280 0.01065 0 319.5 0.0705882 0.5 0 0
17290 0.01065 0 319.5 0.0666667 0.5 0 0
17300 0.00976823 0 319.5 0.0705882 0.5 0 0
17310 0.00976823 0 319.5 0.0666667 0.5 0 0
17320 0.00940366 0 319.5 0.0666667 0.5 0 0
17330 0.00940366 0 319.5 0.0705882 0.5 0 0
17340 0.00921384 0 319.5 0.0745098 0.5 0 0
17350 0.00921384 0 319.5 0.0745098 0.5 0 0
17360 0.00902085 0 319.5 0.0745098 0.5 0 0
17370 0.00902085 0 319.5 0.0745098 0.5 0 0
17380 0.00888081 0 319.5 0.0705882 0.5 0 0
17390 0.00888081 0 319.5 0.0705882 0.5 0 0
17400 0.00865215 0 319.5 0.0666667 0.5 0 0
17410 0.00865215 0 319.5 0.0627451 0.5 0 0
17420 0.00809941 0 319.5 0.0627451 0.5 0 0
17430 0.00809941 0 319.5 0.0627451 0.5 0 0
17440 0.00766509 0 319.5 0.0627451 0.5 0 0
17450 0.00766509 0 319.5 0.0627451 0.5 0 0
17460 0.00739358 0 319.5 0.0627451 0.5 0 0
17470 0.00739358 0 319.5 0.0588235 0.5 0 0
17480 0.00699651 0 319.5 0.0588235 0.5 0 0
17490 0.00699651 0 319.5 0.0588235 0.5 0 0
17500 0.00668897 0 319.5 0.0588235 0.5 0 0
17510 0.00668897 0 319.5 0.0588235 0.5 0 0
17520 0.00626306 0 319.5 0.0588235 0.5 0 0
17530 0.00626306 0 319.5 0.0627451 0.5 0 0
17540 0.00609673 0 319.5 0.0627451 0.5 0 0
17550 0.00609673 0 319.5 0.0627451 0.5 0 0
17560 0.00593472 0 319.5 0.0588235 0.5 0 0
17570 0.00593472 0 319.5 0.0588235 0.5 0 0
17580 0.00563052 0 319.5 0.0588235 0.5 0 0
17590 0.00563052 0 319.5 0.054902 0.5 0 0
17600 0.0054542 0 319.5 0.0588235 0.5 0 0
17610 0.0054542 0 319.5 0.0588235 0.5 0 0
17620 0.00525077 0 319.5 0.054902 0.5 0 0
17630 0.00525077 0 319.5 0.054902 0.5 0 0
17640 0.00522289 0 319.5 0.054902 0.5 0 0
17650 0.00522289 0 319.5 0.054902 0.5 0 0
17660 0.00497521 0 319.5 0.054902 0.5 0 0
17670 0.00497521 0 319.5 0.054902 0.5 0 0
17680 0.00473032 0 319.5 0.0588235 0.5 0 0
17690 0.00473032 0 319.5 0.0588235 0.5 0 0
17700 0.0046394 0 319.5 0.054902 0.5 0 0
17710 0.0046394 0 319.5 0.0509804 0.5 0 0
17720 0.00462126 0 319.5 0.0509804 0.5 0 0
17730 0.00462126 0 319.5 0.0509804 0.5 0 0
17740 0.00456901 0 319.5 0.054902 0.5 0 0
17750 0.00456901 0 319.5 0.0588235 0.5 0 0
17760 0.00448851 0 319.5 0.0627451 0.5 0 0
17770 0.00448851 0 319.5 0.0666667 0.5 0 0
17780 0.0045091 0 319.5 0.0666667 0.5 0 0
17790 0.0045091 0 319.5 0.0705882 0.5 0 0
17800 0.00448538 0 319.5 0.0666667 0.5 0 0
17810 0.00448538 0 319.5 0.0627451 0.5 0 0
17820 0.00441396 0 319.5 0.054902 0.5 0 0
17830 0.00441396 0 319.5 0.0509804 0.5 0 0
17840 0.00440876 0.25 319.75 0.0509804 0.5 0 0
17850 0.00440876 0.25 319.75 0.0509804 0.5 0 0
17860 0.00459491 0.25 320 0.0509804 0.5 0 0
17870 0.00459491 0.25 320 0.054902 0.5 0 0
17880 0.00461043 0.375 320.375 0.0588235 0.5 0 0
17890 0.00461043 0.375 320.375 0.054902 0.5 0 0
17900 0.00458085 0.375 320.75 0.054902 0.5 0 0
17910 0.00458085 0.375 320.75 0.054902 0.5 0 0
17920 0.00453935 0.5 321.25 0.054902 0.5 0 0
17930 0.00453935 0.5 321.25 0.054902 0.5 0 0
17940 0.00451979 0.375 321.625 0.054902 0.5 0 0
17950 0.00451979 0.375 321.625 0.0509804 0.5 0 0
17960 0.00464115 0.375 322 0.054902 0.5 0 0
17970 0.00464115 0.375 322 0.054902 0.5 0 0
17980 0.0046436 0.25 322.25 0.054902 0.5 0 0
17990 0.0046436 0.25 322.25 0.054902 0.5 0 0
18000 0.00471268 0.25 322.5 0.054902 0.5 0 0
18010 0.00471268 0.25 322.5 0.054902 0.5 0 0
18020 0.00464965 0 322.5 0.054902 0.5 0 0
18030 0.00464965 0 322.5 0.0509804 0.5 0 0
18040 0.00456465 0 322.5 0.0509804 0.5 0 0
18050 0.00456465 0 322.5 0.054902 0.5 0 0
18060 0.00465067 0 322.5 0.054902 0.5 0 0
18070 0.00465067 0 322.5 0.054902 0.5 0 0
18080 0.00470529 0 322.5 0.054902 0.5 0 0
18090 0.00470529 0 322.5 0.054902 0.5 0 0
18100 0.00475356 0 322.5 0.054902 0.5 0 0
18110 0.00475356 0 322.5 0.0509804 0.5 0 0
18120 0.00475072 0 322.5 0.054902 0.5 0 0
18130 0.00475072 0 322.5 0.054902 0.5 0 0
18140 0.00466598 0 322.5 0.0588235 0.5 0 0
18150 0.00466598 0 322.5 0.0588235 0.5 0 0
18160 0.00458197 0 322.5 0.0627451 0.5 0 0
18170 0.00458197 0 322.5 0.0627451 0.5 0 0
18180 0.00460374 0 322.5 0.0627451 0.5 0 0
18190 0.00460374 0 322.5 0.0666667 0.5 0 0
18200 0.00455334 0 322.5 0.0666667 0.5 0 0
18210 0.00455334 0 322.5 0.0627451 0.5 0 0
18220 0.0044824 0 322.5 0.0627451 0.5 0 0
18230 0.0044824 0 322.5 0.054902 0.5 0 0
18240 0.00441538 0 322.5 0.0509804 0.5 0 0
18250 0.00441538 0 322.5 0.0509804 0.5 0 0
18260 0.00430899 0.25 322.75 0.0470588 0.5 0 0
18270 0.00430899 0.25 322.75 0.0509804 0.5 0 0
18280 0.00434695 0.25 323 0.0509804 0.5 0 0
18290 0.00434695 0.25 323 0.0509804 0.5 0 0
18300 0.00435086 0.25 323.25 0.0509804 0.5 0 0
18310 0.00435086 0.25 323.25 0.0509804 0.5 0 0
18320 0.00434791 0.25 323.5 0.0509804 0.5 0 0
18330 0.00434791 0.25 323.5 0.0509804 0.5 0 0
18340 0.00410972 0.375 323.875 0.0470588 0.5 0 0
18350 0.00410972 0.375 323.875 0.0509804 0.5 0 0
18360 0.00393436 0.75 324.625 0.0509804 0.5 0 0
18370 0.00393436 0.75 324.625 0.0470588 0.5 0 0
18380 0.00384464 0.625 325.25 0.0470588 0.5 0 0
18390 0.00384464 0.625 325.25 0.0509804 0.5 0 0
18400 0.00390851 0.625 325.875 0.0470588 0.5 0 0
18410 0.00390851 0.625 325.875 0.0509804 0.5 0 0
18420 0.00394949 0.625 326.5 0.0509804 0.5 0 0
18430 0.00394949 0.625 326.5 0.0509804 0.5 0 0
18440 0.003994 0.625 327.125 0.0470588 0.5 0 0
18450 0.003994 0.625 327.125 0.0509804 0.5 0 0
18460 0.00413008 0.875 328 0.0509804 0.5 0 0
18470 0.00413008 0.875 328 0.0509804 0.5 0 0
18480 0.00419137 0.5 328.5 0.0509804 0.5 0 0
18490 0.00419137 0.5 328.5 0.0509804 0.5 0 0
18500 0.00417412 0.25 328.75 0.0470588 0.5 0 0
18510 0.00417412 0.25 328.75 0.0470588 0.5 0 0
18520 0.00404401 0.25 329 0.0470588 0.5 0 0
18530 0.00404401 0.25 329 0.0470588 0.5 0 0
18540 0.00410628 0.375 329.375 0.0509804 0.5 0 0
18550 0.00410628 0.375 329.375 0.0509804 0.5 0 0
18560 0.00411647 0.25 329.625 0.0509804 0.5 0 0
18570 0.00411647 0.25 329.625 0.0509804 0.5 0 0
18580 0.00407612 0.25 329.875 0.0509804 0.5 0 0
18590 0.00407612 0.25 329.875 0.0509804 0.5 0 0
18600 0.00407136 0.25 330.125 0.0509804 0.5 0 0
18610 0.00407136 0.25 330.125 0.0509804 0.5 0 0
18620 0.00413275 0.25 330.375 0.0509804 0.5 0 0
18630 0.00413275 0.25 330.375 0.0509804 0.5 0 0
18640 0.00415137 0 330.375 0.0509804 0.5 0 0
18650 0.00415137 0 330.375 0.0470588 0.5 0 0
18660 0.00412249 0 330.375 0.0470588 0.5 0 0
18670 0.00412249 0 330.375 0.0470588 0.5 0 0
18680 0.00417645 0 330.375 0.0509804 0.5 0 0
18690 0.00417645 0 330.375 0.054902 0.5 0 0
18700 0.00415608 0 330.375 0.0509804 0.5 0 0
18710 0.00415608 0 330.375 0.0509804 0.5 0 0
18720 0.00413345 0 330.375 0.0588235 0.5 0 0
18730 0.00413345 0 330.375 0.0588235 0.5 0 0
18740 0.00424846 0 330.375 0.0627451 0.5 0 0
18750 0.00424846 0 330.375 0.0627451 0.5 0 0
18760 0.00427071 0 330.375 0.0627451 0.5 0 0
18770 0.00427071 0 330.375 0.0666667 0.5 0 0
18780 0.00429024 0 330.375 0.0627451 0.5 0 0
18790 0.00429024 0 330.375 0.0627451 0.5 0 0
18800 0.00427912 0 330.375 0.0588235 0.5 0 0
18810 0.00427912 0 330.375 0.054902 0.5 0 0
18820 0.00424996 0 330.375 0.0509804 0.5 0 0
18830 0.00424996 0 330.375 0.0509804 0.5 0 0
18840 0.00426038 0.25 330.625 0.054902 0.5 0 0
18850 0.00426038 0.25 330.625 0.0588235 0.5 0 0
18860 0.00427192 0.25 330.875 0.0588235 0.5 0 0
18870 0.00427192 0.25 330.875 0.0588235 0.5 0 0
18880 0.0042783 0.25 331.125 0.0588235 0.5 0 0
18890 0.0042783 0.25 331.125 0.0588235 0.5 0 0
18900 0.00431915 0.25 331.375 0.054902 0.5 0 0
18910 0.00431915 0.25 331.375 0.0509804 0.5 0 0
18920 0.00428437 0.25 331.625 0.0509804 0.5 0 0
18930 0.00428437 0.25 331.625 0.0509804 0.5 0 0
18940 0.00432472 0.5 332.125 0.0509804 0.5 0 0
18950 0.00432472 0.5 332.125 0.0509804 0.5 0 0
18960 0.00431344 0.5 332.625 0.0509804 0.5 0 0
18970 0.00431344 0.5 332.625 0.0509804 0.5 0 0
18980 0.00434885 0.375 333 0.054902 0.5 0 0
18990 0.00434885 0.375 333 0.054902 0.5 0 0
19000 0.00443361 0.375 333.375 0.054902 0.5 0 0
19010 0.00443361 0.375 333.375 0.054902 0.5 0 0
19020 0.00442926 0.375 333.75 0.054902 0.5 0 0
19030 0.00442926 0.375 333.75 0.0509804 0.5 0 0
19040 0.00430218 0.25 334 0.0509804 0.5 0 0
19050 0.00430218 0.25 334 0.0509804 0.5 0 0
19060 0.0041318 0.25 334.25 0.0509804 0.5 0 0
19070 0.0041318 0.25 334.25 0.0509804 0.5 0 0
19080 0.00419255 0.25 334.5 0.054902 0.5 0 0
19090 0.00419255 0.25 334.5 0.0509804 0.5 0 0
19100 0.00426059 0.25 334.75 0.0509804 0.5 0 0
19110 0.00426059 0.25 334.75 0.0509804 0.5 0 0
19120 0.00431914 0.25 335 0.0509804 0.5 0 0
19130 0.00431914 0.25 335 0.054902 0.5 0 0
19140 0.00425623 0.25 335.25 0.054902 0.5 0 0
19150 0.00425623 0.25 335.25 0.054902 0.5 0 0
19160 0.00424891 0.25 335.5 0.054902 0.5 0 0
19170 0.00424891 0.25 335.5 0.054902 0.5 0 0
19180 0.00420074 0.25 335.75 0.054902 0.5 0 0
19190 0.00420074 0.25 335.75 0.0509804 0.5 0 0
19200 0.00412032 0.375 336.125 0.0509804 0.5 0 0
19210 0.00412032 0.375 336.125 0.0470588 0.5 0 0
19220 0.00411148 0.375 336.5 0.0509804 0.5 0 0
19230 0.00411148 0.375 336.5 0.0509804 0.5 0 0
19240 0.00415753 0.375 336.875 0.0509804 0.5 0 0
19250 0.00415753 0.375 336.875 0.0509804 0.5 0 0
19260 0.00414845 0.375 337.25 0.0509804 0.5 0 0
19270 0.00414845 0.375 337.25 0.0509804 0.5 0 0
19280 0.00413654 0.625 337.875 0.0509804 0.5 0 0
19290 0.00413654 0.625 337.875 0.0509804 0.5 0 0
19300 0.00413376 0.625 338.5 0.0509804 0.5 0 0
19310 0.00413376 0.625 338.5 0.0470588 0.5 0 0
19320 0.00422853 0.625 339.125 0.0470588 0.5 0 0
19330 0.00422853 0.625 339.125 0.0509804 0.5 0 0
19340 0.00430913 0.75 339.875 0.0509804 0.5 0 0
19350 0.00430913 0.75 339.875 0.054902 0.5 0 0
19360 0.00429722 0.75 340.625 0.054902 0.5 0 0
19370 0.00429722 0.75 340.625 0.0588235 0.5 0 0
19380 0.00429046 0.75 341.375 0.054902 0.5 0 0
19390 0.00429046 0.75 341.375 0.0509804 0.5 0 0
19400 0.00429069 0.75 342.125 0.0509804 0.5 0 0
19410 0.00429069 0.75 342.125 0.054902 0.5 0 0
19420 0.00430464 0.875 343 0.054902 0.5 0 0
19430 0.00430464 0.875 343 0.0509804 0.5 0 0
19440 0.00434054 0.75 343.75 0.0509804 0.5 0 0
19450 0.00434054 0.75 343.75 0.054902 0.5 0 0
19460 0.00439954 0.625 344.375 0.0509804 0.5 0 0
19470 0.00439954 0.625 344.375 0.0509804 0.5 0 0
19480 0.0045205 0.625 345 0.0470588 0.5 0 0
19490 0.0045205 0.625 345 0.0470588 0.5 0 0
19500 0.00461086 0.625 345.625 0.0509804 0.5 0 0
19510 0.00461086 0.625 345.625 0.0509804 0.5 0 0
19520 0.00471956 0.75 346.375 0.0509804 0.5 0 0
19530 0.00471956 0.75 346.375 0.0509804 0.5 0 0
19540 0.00470454 0.75 347.125 0.0509804 0.5 0 0
19550 0.00470454 0.75 347.125 0.0509804 0.5 0 0
19560 0.00470945 0.875 348 0.0509804 0.5 0 0
19570 0.00470945 0.875 348 0.0509804 0.5 0 0
19580 0.00467725 0.875 348.875 0.0509804 0.5 0 0
19590 0.00467725 0.875 348.875 0.0509804 0.5 0 0
19600 0.00465213 0.875 349.75 0.0509804 0.5 0 0
19610 0.00465213 0.875 349.75 0.0509804 0.5 0 0
19620 0.0046406 0.75 350.5 0.0509804 0.5 0 0
19630 0.0046406 0.75 350.5 0.0509804 0.5 0 0
19640 0.00463849 0.75 351.25 0.0509804 0.5 0 0
19650 0.00463849 0.75 351.25 0.0509804 0.5 0 0
19660 0.00461797 0.625 351.875 0.0509804 0.5 0 0
19670 0.00461797 0.625 351.875 0.0470588 0.5 0 0
19680 0.00459666 0.75 352.625 0.0470588 0.5 0 0
19690 0.00459666 0.75 352.625 0.0509804 0.5 0 0
19700 0.00453185 0.75 353.375 0.0509804 0.5 0 0
19710 0.00453185 0.75 353.375 0.0509804 0.5 0 0
19720 0.0044954 0.625 354 0.0509804 0.5 0 0
19730 0.0044954 0.625 354 0.0470588 0.5 0 0
19740 0.00445953 0.75 354.75 0.0509804 0.5 0 0
19750 0.00445953 0.75 354.75 0.0470588 0.5 0 0
19760 0.00449407 0.75 355.5 0.0470588 0.5 0 0
19770 0.00449407 0.75 355.5 0.0509804 0.5 0 0
19780 0.00449931 0.75 356.25 0.0470588 0.5 0 0
19790 0.00449931 0.75 356.25 0.0470588 0.5 0 0
19800 0.00452868 0.75 357 0.0470588 0.5 0 0
19810 0.00452868 0.75 357 0.0509804 0.5 0 0
19820 0.00453914 0.75 357.75 0.0509804 0.5 0 0
19830 0.00453914 0.75 357.75 0.0509804 0.5 0 0
19840 0.00450406 0.75 358.5 0.0509804 0.5 0 0
19850 0.00450406 0.75 358.5 0.0509804 0.5 0 0
19860 0.00442843 0.5 359 0.0509804 0.5 0 0
19870 0.00442843 0.5 359 0.0509804 0.5 0 0
19880 0.0042587 0.5 359.5 0.0509804 0.5 0 0
19890 0.0042587 0.5 359.5 0.0509804 0.5 0 0
19900 0.00421593 0.5 360 0.0509804 0.5 0 0
19910 0.00421593 0.5 360 0.054902 0.5 0 0
19920 0.00418913 0.5 360.5 0.0509804 0.5 0 0
19930 0.00418913 0.5 360.5 0.0509804 0.5 0 0
19940 0.00415295 0.375 360.875 0.0509804 0.5 0 0
19950 0.00415295 0.375 360.875 0.054902 0.5 0 0
19960 0.00415844 0.5 361.375 0.054902 0.5 0 0
19970 0.00415844 0.5 361.375 0.054902 0.5 0 0
19980 0.00418903 0.375 361.75 0.0509804 0.5 0 0
19990 0.00418903 0.375 361.75 0.054902 0.5 0 0
20000 0.00423155 0.375 362.125 0.054902 0.5 0 0
20010 0.00423155 0.375 362.125 0.054902 0.5 0 0
