0 0.0748468 0 0 0.5 0.5 0 0
10 0.0748468 0 0 0.635294 0.5 0 0
20 0.0720693 0 0 0.635294 0.5 0 0
30 0.0720693 0 0 0.654902 0.5 0 0
40 0.0720234 0 0 0.619608 0.5 0 0
50 0.0720234 0 0 0.619608 0.5 0 0
60 0.0713354 0.125 0.125 0.639216 0.5 0 0
70 0.0713354 0.125 0.125 0.615686 0.5 0 0
80 0.0705963 0.125 0.25 0.619608 0.5 0 0
90 0.0705963 0.125 0.25 0.639216 0.5 0 0
100 0.0704537 0.125 0.375 0.611765 0.5 0 0
110 0.0704537 0.125 0.375 0.654902 0.5 0 0
120 0.0704048 0.125 0.5 0.619608 0.5 0 0
130 0.0704048 0.125 0.5 0.615686 0.5 0 0
140 0.0703602 0.125 0.625 0.643137 0.5 0 0
150 0.0703602 0.125 0.625 0.635294 0.5 0 0
160 0.0701754 0 0.625 0.596078 0.5 0 0
170 0.0701754 0 0.625 0.654902 0.5 0 0
180 0.0697666 0 0.625 0.643137 0.5 0 0
190 0.0697666 0 0.625 0.588235 0.5 0 0
200 0.0695879 0 0.625 0.603922 0.5 0 0
210 0.0695879 0 0.625 0.619608 0.5 0 0
220 0.0695834 0 0.625 0.603922 0.5 0 0
230 0.0695834 0 0.625 0.654902 0.5 0 0
240 0.0695834 0 0.625 0.635294 0.5 0 0
250 0.0695834 0 0.625 0.615686 0.5 0 0
260 0.0695834 0 0.625 0.596078 0.5 0 0
270 0.0695834 0 0.625 0.611765 0.5 0 0
280 0.0695834 0 0.625 0.619608 0.5 0 0
290 0.0695834 0 0.625 0.639216 0.5 0 0
300 0.0695834 0 0.625 0.603922 0.5 0 0
310 0.0695834 0 0.625 0.580392 0.5 0 0
320 0.0695716 0 0.625 0.596078 0.5 0 0
330 0.0695716 0 0.625 0.611765 0.5 0 0
340 0.0695715 0 0.625 0.643137 0.5 0 0
350 0.0695715 0 0.625 0.603922 0.5 0 0
360 0.0695715 0 0.625 0.643137 0.5 0 0
370 0.0695715 0 0.625 0.607843 0.5 0 0
380 0.0695129 0 0.625 0.639216 0.5 0 0
390 0.0695129 0 0.625 0.654902 0.5 0 0
400 0.0695093 0 0.625 0.619608 0.5 0 0
410 0.0695093 0 0.625 0.603922 0.5 0 0
420 0.0695093 0 0.625 0.619608 0.5 0 0
430 0.0695093 0 0.625 0.635294 0.5 0 0
440 0.0695093 0 0.625 0.611765 0.5 0 0
450 0.0695093 0 0.625 0.745098 0.5 0 0
460 0.0695093 0 0.625 0.607843 0.5 0 0
470 0.0695093 0 0.625 0.654902 0.5 0 0
480 0.0695093 0 0.625 0.639216 0.5 0 0
490 0.0695093 0 0.625 0.615686 0.5 0 0
500 0.0695078 0 0.625 0.654902 0.5 0 0
510 0.0695078 0 0.625 0.635294 0.5 0 0
520 0.0694777 0 0.625 0.635294 0.5 0 0
530 0.0694777 0 0.625 0.619608 0.5 0 0
540 0.0694777 0 0.625 0.6 0.5 0 0
550 0.0694777 0 0.625 0.588235 0.5 0 0
560 0.0694592 0 0.625 0.615686 0.5 0 0
570 0.0694592 0 0.625 0.607843 0.5 0 0
580 0.0694569 0 0.625 0.635294 0.5 0 0
590 0.0694569 0 0.625 0.596078 0.5 0 0
600 0.0694569 0 0.625 0.576471 0.5 0 0
610 0.0694569 0 0.625 0.635294 0.5 0 0
620 0.0694535 0 0.625 0.643137 0.5 0 0
630 0.0694535 0 0.625 0.654902 0.5 0 0
640 0.0694535 0 0.625 0.654902 0.5 0 0
650 0.0694535 0 0.625 0.654902 0.5 0 0
660 0.0694535 0 0.625 0.619608 0.5 0 0
670 0.0694535 0 0.625 0.576471 0.5 0 0
680 0.0694535 0 0.625 0.6 0.5 0 0
690 0.0694535 0 0.625 0.745098 0.5 0 0
700 0.0694345 0 0.625 0.619608 0.5 0 0
710 0.0694345 0 0.625 0.596078 0.5 0 0
720 0.0694345 0 0.625 0.639216 0.5 0 0
730 0.0694345 0 0.625 0.654902 0.5 0 0
740 0.0694025 0 0.625 0.654902 0.5 0 0
750 0.0694025 0 0.625 0.596078 0.5 0 0
760 0.0694025 0 0.625 0.603922 0.5 0 0
770 0.0694025 0 0.625 0.603922 0.5 0 0
780 0.0694025 0 0.625 0.619608 0.5 0 0
790 0.0694025 0 0.625 0.639216 0.5 0 0
800 0.0692782 0 0.625 0.619608 0.5 0 0
810 0.0692782 0 0.625 0.643137 0.5 0 0
820 0.0691758 0 0.625 0.588235 0.5 0 0
830 0.0691758 0 0.625 0.588235 0.5 0 0
840 0.0690591 0 0.625 0.6 0.5 0 0
850 0.0690591 0 0.625 0.654902 0.5 0 0
860 0.069046 0 0.625 0.619608 0.5 0 0
870 0.069046 0 0.625 0.588235 0.5 0 0
880 0.069046 0 0.625 0.615686 0.5 0 0
890 0.069046 0 0.625 0.654902 0.5 0 0
900 0.069046 0 0.625 0.639216 0.5 0 0
910 0.069046 0 0.625 0.635294 0.5 0 0
920 0.069046 0 0.625 0.588235 0.5 0 0
930 0.069046 0 0.625 0.639216 0.5 0 0
940 0.069046 0 0.625 0.615686 0.5 0 0
950 0.069046 0 0.625 0.584314 0.5 0 0
960 0.069046 0 0.625 0.615686 0.5 0 0
970 0.069046 0 0.625 0.607843 0.5 0 0
980 0.06904 0 0.625 0.631373 0.5 0 0
990 0.06904 0 0.625 0.639216 0.5 0 0
1000 0.0690305 0 0.625 0.635294 0.5 0 0
1010 0.0690305 0 0.625 0.619608 0.5 0 0
1020 0.0690305 0 0.625 0.596078 0.5 0 0
1030 0.0690305 0 0.625 0.584314 0.5 0 0
1040 0.0690305 0 0.625 0.611765 0.5 0 0
1050 0.0690305 0 0.625 0.615686 0.5 0 0
1060 0.0690709 0 0.625 0.639216 0.5 0 0
1070 0.0690709 0 0.625 0.721569 0.5 0 0
1080 0.0689679 0 0.625 0.647059 0.5 0 0
1090 0.0689679 0 0.625 0.6 0.5 0 0
1100 0.0689836 0.125 0.75 0.639216 0.5 0 0
1110 0.0689836 0.125 0.75 0.639216 0.5 0 0
1120 0.0690289 0.125 0.875 0.603922 0.5 0 0
1130 0.0690289 0.125 0.875 0.603922 0.5 0 0
1140 0.0690763 0.125 1 0.615686 0.5 0 0
1150 0.0690763 0.125 1 0.639216 0.5 0 0
1160 0.0691065 0.125 1.125 0.615686 0.5 0 0
1170 0.0691065 0.125 1.125 0.639216 0.5 0 0
1180 0.0691331 0.125 1.25 0.654902 0.5 0 0
1190 0.0691331 0.125 1.25 0.603922 0.5 0 0
1200 0.0691554 0.125 1.375 0.603922 0.5 0 0
1210 0.0691554 0.125 1.375 0.6 0.5 0 0
1220 0.069466 0 1.375 0.745098 0.5 0 0
1230 0.069466 0 1.375 0.686275 0.5 0 0
1240 0.0698295 0 1.375 0.611765 0.5 0 0
1250 0.0698295 0 1.375 0.572549 0.5 0 0
1260 0.0701242 0 1.375 0.541176 0.5 0 0
1270 0.0701242 0 1.375 0.521569 0.5 0 0
1280 0.0705542 0 1.375 0.505882 0.5 0 0
1290 0.0705542 0 1.375 0.490196 0.5 0 0
1300 0.071338 0 1.375 0.482353 0.5 0 0
1310 0.071338 0 1.375 0.47451 0.5 0 0
1320 0.0726534 0 1.375 0.470588 0.5 0 0
1330 0.0726534 0 1.375 0.470588 0.5 0 0
1340 0.0733117 0 1.375 0.470588 0.5 0 0
1350 0.0733117 0 1.375 0.47451 0.5 0 0
1360 0.0737569 0 1.375 0.47451 0.5 0 0
1370 0.0737569 0 1.375 0.47451 0.5 0 0
1380 0.0739791 0 1.375 0.470588 0.5 0 0
1390 0.0739791 0 1.375 0.466667 0.5 0 0
1400 0.0744334 0 1.375 0.458824 0.5 0 0
1410 0.0744334 0 1.375 0.45098 0.5 0 0
1420 0.0749868 0 1.375 0.447059 0.5 0 0
1430 0.0749868 0 1.375 0.443137 0.5 0 0
1440 0.0754719 0 1.375 0.443137 0.5 0 0
1450 0.0754719 0 1.375 0.435294 0.5 0 0
1460 0.0759082 0 1.375 0.431373 0.5 0 0
1470 0.0759082 0 1.375 0.427451 0.5 0 0
1480 0.0761889 0 1.375 0.423529 0.5 0 0
1490 0.0761889 0 1.375 0.423529 0.5 0 0
1500 0.0762715 0.25 1.625 0.423529 0.5 0 0
1510 0.0762715 0.25 1.625 0.423529 0.5 0 0
1520 0.0767747 0.25 1.875 0.423529 0.5 0 0
1530 0.0767747 0.25 1.875 0.419608 0.5 0 0
1540 0.0769828 0.25 2.125 0.423529 0.5 0 0
1550 0.0769828 0.25 2.125 0.423529 0.5 0 0
1560 0.0770749 0.25 2.375 0.419608 0.5 0 0
1570 0.0770749 0.25 2.375 0.419608 0.5 0 0
1580 0.0770693 0.25 2.625 0.419608 0.5 0 0
1590 0.0770693 0.25 2.625 0.419608 0.5 0 0
1600 0.0771031 0.25 2.875 0.423529 0.5 0 0
1610 0.0771031 0.25 2.875 0.419608 0.5 0 0
1620 0.0772273 0 2.875 0.419608 0.5 0 0
1630 0.0772273 0 2.875 0.419608 0.5 0 0
1640 0.0776836 0 2.875 0.415686 0.5 0 0
1650 0.0776836 0 2.875 0.415686 0.5 0 0
1660 0.0785033 0 2.875 0.411765 0.5 0 0
1670 0.0785033 0 2.875 0.411765 0.5 0 0
1680 0.0794287 0 2.875 0.411765 0.5 0 0
1690 0.0794287 0 2.875 0.411765 0.5 0 0
1700 0.0796952 0 2.875 0.415686 0.5 0 0
1710 0.0796952 0 2.875 0.411765 0.5 0 0
1720 0.0800132 0 2.875 0.411765 0.5 0 0
1730 0.0800132 0 2.875 0.411765 0.5 0 0
1740 0.0803097 0 2.875 0.407843 0.5 0 0
1750 0.0803097 0 2.875 0.403922 0.5 0 0
1760 0.0803015 0 2.875 0.403922 0.5 0 0
1770 0.0803015 0 2.875 0.4 0.5 0 0
1780 0.0804231 0 2.875 0.4 0.5 0 0
1790 0.0804231 0 2.875 0.4 0.5 0 0
1800 0.0806386 0 2.875 0.392157 0.5 0 0
1810 0.0806386 0 2.875 0.392157 0.5 0 0
1820 0.0808096 0.25 3.125 0.388235 0.5 0 0
1830 0.0808096 0.25 3.125 0.388235 0.5 0 0
1840 0.0808447 0.25 3.375 0.388235 0.5 0 0
1850 0.0808447 0.25 3.375 0.388235 0.5 0 0
1860 0.0809677 0.25 3.625 0.388235 0.5 0 0
1870 0.0809677 0.25 3.625 0.388235 0.5 0 0
1880 0.0809609 0.25 3.875 0.388235 0.5 0 0
1890 0.0809609 0.25 3.875 0.388235 0.5 0 0
1900 0.0809817 0.25 4.125 0.388235 0.5 0 0
1910 0.0809817 0.25 4.125 0.388235 0.5 0 0
1920 0.081018 0.25 4.375 0.388235 0.5 0 0
1930 0.081018 0.25 4.375 0.388235 0.5 0 0
1940 0.0810487 0.25 4.625 0.388235 0.5 0 0
1950 0.0810487 0.25 4.625 0.388235 0.5 0 0
1960 0.0810706 0.5 5.125 0.388235 0.5 0 0
1970 0.0810706 0.5 5.125 0.388235 0.5 0 0
1980 0.0812355 0.25 5.375 0.384314 0.5 0 0
1990 0.0812355 0.25 5.375 0.380392 0.5 0 0
2000 0.0823863 0.25 5.625 0.380392 0.5 0 0
2010 0.0823863 0.25 5.625 0.384314 0.5 0 0
2020 0.083216 0.25 5.875 0.384314 0.5 0 0
2030 0.083216 0.25 5.875 0.384314 0.5 0 0
2040 0.0832864 0.25 6.125 0.384314 0.5 0 0
2050 0.0832864 0.25 6.125 0.384314 0.5 0 0
2060 0.0832608 0 6.125 0.384314 0.5 0 0
2070 0.0832608 0 6.125 0.380392 0.5 0 0
2080 0.0832073 0 6.125 0.380392 0.5 0 0
2090 0.0832073 0 6.125 0.376471 0.5 0 0
2100 0.0824903 0 6.125 0.376471 0.5 0 0
2110 0.0824903 0 6.125 0.372549 0.5 0 0
2120 0.0824904 0 6.125 0.372549 0.5 0 0
2130 0.0824904 0 6.125 0.372549 0.5 0 0
2140 0.0831491 0 6.125 0.368627 0.5 0 0
2150 0.0831491 0 6.125 0.368627 0.5 0 0
2160 0.0840189 0 6.125 0.368627 0.5 0 0
2170 0.0840189 0 6.125 0.368627 0.5 0 0
2180 0.0843262 0 6.125 0.364706 0.5 0 0
2190 0.0843262 0 6.125 0.364706 0.5 0 0
2200 0.0839061 0 6.125 0.364706 0.5 0 0
2210 0.0839061 0 6.125 0.360784 0.5 0 0
2220 0.0829489 0 6.125 0.364706 0.5 0 0
2230 0.0829489 0 6.125 0.360784 0.5 0 0
2240 0.0828704 0 6.125 0.360784 0.5 0 0
2250 0.0828704 0 6.125 0.360784 0.5 0 0
2260 0.0824309 0 6.125 0.356863 0.5 0 0
2270 0.0824309 0 6.125 0.356863 0.5 0 0
2280 0.081286 0.25 6.375 0.356863 0.5 0 0
2290 0.081286 0.25 6.375 0.356863 0.5 0 0
2300 0.0811863 0.25 6.625 0.356863 0.5 0 0
2310 0.0811863 0.25 6.625 0.356863 0.5 0 0
2320 0.0810014 0.25 6.875 0.356863 0.5 0 0
2330 0.0810014 0.25 6.875 0.356863 0.5 0 0
2340 0.0809345 0.25 7.125 0.356863 0.5 0 0
2350 0.0809345 0.25 7.125 0.356863 0.5 0 0
2360 0.0807955 0.25 7.375 0.352941 0.5 0 0
2370 0.0807955 0.25 7.375 0.356863 0.5 0 0
2380 0.0807252 0.25 7.625 0.352941 0.5 0 0
2390 0.0807252 0.25 7.625 0.352941 0.5 0 0
2400 0.0805214 0 7.625 0.352941 0.5 0 0
2410 0.0805214 0 7.625 0.352941 0.5 0 0
2420 0.080216 0 7.625 0.352941 0.5 0 0
2430 0.080216 0 7.625 0.34902 0.5 0 0
2440 0.0795796 0 7.625 0.34902 0.5 0 0
2450 0.0795796 0 7.625 0.34902 0.5 0 0
2460 0.0788557 0 7.625 0.34902 0.5 0 0
2470 0.0788557 0 7.625 0.34902 0.5 0 0
2480 0.0786609 0 7.625 0.34902 0.5 0 0
2490 0.0786609 0 7.625 0.34902 0.5 0 0
2500 0.0786286 0 7.625 0.34902 0.5 0 0
2510 0.0786286 0 7.625 0.34902 0.5 0 0
2520 0.0785223 0 7.625 0.34902 0.5 0 0
2530 0.0785223 0 7.625 0.34902 0.5 0 0
2540 0.0785181 0 7.625 0.34902 0.5 0 0
2550 0.0785181 0 7.625 0.34902 0.5 0 0
2560 0.0785181 0 7.625 0.34902 0.5 0 0
2570 0.0785181 0 7.625 0.34902 0.5 0 0
2580 0.0785181 0 7.625 0.34902 0.5 0 0
2590 0.0785181 0 7.625 0.34902 0.5 0 0
2600 0.0785181 0 7.625 0.34902 0.5 0 0
2610 0.0785181 0 7.625 0.34902 0.5 0 0
2620 0.0785181 0 7.625 0.34902 0.5 0 0
2630 0.0785181 0 7.625 0.34902 0.5 0 0
2640 0.0785181 0 7.625 0.34902 0.5 0 0
2650 0.0785181 0 7.625 0.34902 0.5 0 0
2660 0.0785181 0 7.625 0.34902 0.5 0 0
2670 0.0785181 0 7.625 0.34902 0.5 0 0
2680 0.0785181 0 7.625 0.34902 0.5 0 0
2690 0.0785181 0 7.625 0.34902 0.5 0 0
2700 0.0785181 0 7.625 0.34902 0.5 0 0
2710 0.0785181 0 7.625 0.34902 0.5 0 0
2720 0.0785181 0 7.625 0.34902 0.5 0 0
2730 0.0785181 0 7.625 0.34902 0.5 0 0
2740 0.0785181 0 7.625 0.34902 0.5 0 0
2750 0.0785181 0 7.625 0.34902 0.5 0 0
2760 0.0785181 0 7.625 0.34902 0.5 0 0
2770 0.0785181 0 7.625 0.34902 0.5 0 0
2780 0.0785181 0 7.625 0.34902 0.5 0 0
2790 0.0785181 0 7.625 0.34902 0.5 0 0
2800 0.0785181 0 7.625 0.34902 0.5 0 0
2810 0.0785181 0 7.625 0.34902 0.5 0 0
2820 0.0785181 0 7.625 0.34902 0.5 0 0
2830 0.0785181 0 7.625 0.34902 0.5 0 0
2840 0.0785181 0 7.625 0.34902 0.5 0 0
2850 0.0785181 0 7.625 0.34902 0.5 0 0
2860 0.0785181 0 7.625 0.34902 0.5 0 0
2870 0.0785181 0 7.625 0.34902 0.5 0 0
2880 0.0785181 0 7.625 0.34902 0.5 0 0
2890 0.0785181 0 7.625 0.34902 0.5 0 0
2900 0.0785181 0 7.625 0.34902 0.5 0 0
2910 0.0785181 0 7.625 0.34902 0.5 0 0
2920 0.0785181 0 7.625 0.34902 0.5 0 0
2930 0.0785181 0 7.625 0.34902 0.5 0 0
2940 0.0785181 0 7.625 0.34902 0.5 0 0
2950 0.0785181 0 7.625 0.34902 0.5 0 0
2960 0.0785181 0 7.625 0.34902 0.5 0 0
2970 0.0785181 0 7.625 0.34902 0.5 0 0
2980 0.078711 0 7.625 0.34902 0.5 0 0
2990 0.078711 0 7.625 0.34902 0.5 0 0
3000 0.0793779 0 7.625 0.34902 0.5 0 0
3010 0.0793779 0 7.625 0.34902 0.5 0 0
3020 0.0797409 0 7.625 0.34902 0.5 0 0
3030 0.0797409 0 7.625 0.34902 0.5 0 0
3040 0.0804617 0 7.625 0.34902 0.5 0 0
3050 0.0804617 0 7.625 0.352941 0.5 0 0
3060 0.0810451 0 7.625 0.352941 0.5 0 0
3070 0.0810451 0 7.625 0.352941 0.5 0 0
3080 0.0812345 0 7.625 0.352941 0.5 0 0
3090 0.0812345 0 7.625 0.352941 0.5 0 0
3100 0.0814254 0 7.625 0.352941 0.5 0 0
3110 0.0814254 0 7.625 0.356863 0.5 0 0
3120 0.0815163 0 7.625 0.356863 0.5 0 0
3130 0.0815163 0 7.625 0.356863 0.5 0 0
3140 0.0812033 0 7.625 0.356863 0.5 0 0
3150 0.0812033 0 7.625 0.356863 0.5 0 0
3160 0.0801889 0 7.625 0.352941 0.5 0 0
3170 0.0801889 0 7.625 0.34902 0.5 0 0
3180 0.0793612 0 7.625 0.34902 0.5 0 0
3190 0.0793612 0 7.625 0.345098 0.5 0 0
3200 0.0782186 0 7.625 0.341176 0.5 0 0
3210 0.0782186 0 7.625 0.337255 0.5 0 0
3220 0.0784506 0 7.625 0.341176 0.5 0 0
3230 0.0784506 0 7.625 0.341176 0.5 0 0
3240 0.0767396 0 7.625 0.337255 0.5 0 0
3250 0.0767396 0 7.625 0.337255 0.5 0 0
3260 0.0752356 0 7.625 0.333333 0.5 0 0
3270 0.0752356 0 7.625 0.329412 0.5 0 0
3280 0.0738524 0 7.625 0.329412 0.5 0 0
3290 0.0738524 0 7.625 0.32549 0.5 0 0
3300 0.07311 0 7.625 0.32549 0.5 0 0
3310 0.07311 0 7.625 0.321569 0.5 0 0
3320 0.0717544 0 7.625 0.321569 0.5 0 0
3330 0.0717544 0 7.625 0.321569 0.5 0 0
3340 0.0703888 0 7.625 0.317647 0.5 0 0
3350 0.0703888 0 7.625 0.317647 0.5 0 0
3360 0.0697469 0 7.625 0.32549 0.5 0 0
3370 0.0697469 0 7.625 0.321569 0.5 0 0
3380 0.0698839 0 7.625 0.321569 0.5 0 0
3390 0.0698839 0 7.625 0.321569 0.5 0 0
3400 0.0699808 0 7.625 0.321569 0.5 0 0
3410 0.0699808 0 7.625 0.317647 0.5 0 0
3420 0.0707159 0 7.625 0.317647 0.5 0 0
3430 0.0707159 0 7.625 0.321569 0.5 0 0
3440 0.0705646 0 7.625 0.32549 0.5 0 0
3450 0.0705646 0 7.625 0.329412 0.5 0 0
3460 0.0702918 0 7.625 0.333333 0.5 0 0
3470 0.0702918 0 7.625 0.333333 0.5 0 0
3480 0.0701128 0 7.625 0.329412 0.5 0 0
3490 0.0701128 0 7.625 0.32549 0.5 0 0
3500 0.0693257 0 7.625 0.321569 0.5 0 0
3510 0.0693257 0 7.625 0.313725 0.5 0 0
3520 0.0681786 0 7.625 0.309804 0.5 0 0
3530 0.0681786 0 7.625 0.309804 0.5 0 0
3540 0.0669555 0 7.625 0.305882 0.5 0 0
3550 0.0669555 0 7.625 0.305882 0.5 0 0
3560 0.0661959 0.25 7.875 0.313725 0.5 0 0
3570 0.0661959 0.25 7.875 0.317647 0.5 0 0
3580 0.06558 0.25 8.125 0.309804 0.5 0 0
3590 0.06558 0.25 8.125 0.305882 0.5 0 0
3600 0.0661757 0.25 8.375 0.309804 0.5 0 0
3610 0.0661757 0.25 8.375 0.309804 0.5 0 0
3620 0.0659275 0.25 8.625 0.305882 0.5 0 0
3630 0.0659275 0.25 8.625 0.305882 0.5 0 0
3640 0.0657436 0.25 8.875 0.305882 0.5 0 0
3650 0.0657436 0.25 8.875 0.305882 0.5 0 0
3660 0.0653495 0 8.875 0.301961 0.5 0 0
3670 0.0653495 0 8.875 0.305882 0.5 0 0
3680 0.064835 0 8.875 0.301961 0.5 0 0
3690 0.064835 0 8.875 0.301961 0.5 0 0
3700 0.0647415 0.375 9.25 0.301961 0.5 0 0
3710 0.0647415 0.375 9.25 0.298039 0.5 0 0
3720 0.0643089 0.375 9.625 0.298039 0.5 0 0
3730 0.0643089 0.375 9.625 0.298039 0.5 0 0
3740 0.0643001 0.375 10 0.294118 0.5 0 0
3750 0.0643001 0.375 10 0.294118 0.5 0 0
3760 0.0638431 0.375 10.375 0.294118 0.5 0 0
3770 0.0638431 0.375 10.375 0.294118 0.5 0 0
3780 0.0635733 0.375 10.75 0.294118 0.5 0 0
3790 0.0635733 0.375 10.75 0.294118 0.5 0 0
3800 0.0634204 0.375 11.125 0.290196 0.5 0 0
3810 0.0634204 0.375 11.125 0.290196 0.5 0 0
3820 0.0633549 0.375 11.5 0.290196 0.5 0 0
3830 0.0633549 0.375 11.5 0.290196 0.5 0 0
3840 0.0633602 0.375 11.875 0.290196 0.5 0 0
3850 0.0633602 0.375 11.875 0.286275 0.5 0 0
3860 0.0633782 0.375 12.25 0.290196 0.5 0 0
3870 0.0633782 0.375 12.25 0.290196 0.5 0 0
3880 0.0633776 0.375 12.625 0.286275 0.5 0 0
3890 0.0633776 0.375 12.625 0.290196 0.5 0 0
3900 0.0633268 0.375 13 0.286275 0.5 0 0
3910 0.0633268 0.375 13 0.286275 0.5 0 0
3920 0.0632966 0.375 13.375 0.286275 0.5 0 0
3930 0.0632966 0.375 13.375 0.286275 0.5 0 0
3940 0.0632391 0.375 13.75 0.286275 0.5 0 0
3950 0.0632391 0.375 13.75 0.286275 0.5 0 0
3960 0.0631628 0.375 14.125 0.282353 0.5 0 0
3970 0.0631628 0.375 14.125 0.282353 0.5 0 0
3980 0.0631294 0.375 14.5 0.282353 0.5 0 0
3990 0.0631294 0.375 14.5 0.282353 0.5 0 0
4000 0.0630425 0.375 14.875 0.286275 0.5 0 0
4010 0.0630425 0.375 14.875 0.282353 0.5 0 0
4020 0.0629292 0.375 15.25 0.286275 0.5 0 0
4030 0.0629292 0.375 15.25 0.290196 0.5 0 0
4040 0.062705 0.25 15.5 0.290196 0.5 0 0
4050 0.062705 0.25 15.5 0.294118 0.5 0 0
4060 0.0626475 0.25 15.75 0.301961 0.5 0 0
4070 0.0626475 0.25 15.75 0.298039 0.5 0 0
4080 0.0624881 0.25 16 0.290196 0.5 0 0
4090 0.0624881 0.25 16 0.286275 0.5 0 0
4100 0.0616073 0.25 16.25 0.301961 0.5 0 0
4110 0.0616073 0.25 16.25 0.298039 0.5 0 0
4120 0.061063 0 16.25 0.317647 0.5 0 0
4130 0.061063 0 16.25 0.301961 0.5 0 0
4140 0.0609501 0 16.25 0.309804 0.5 0 0
4150 0.0609501 0 16.25 0.301961 0.5 0 0
4160 0.0597959 0 16.25 0.278431 0.5 0 0
4170 0.0597959 0 16.25 0.27451 0.5 0 0
4180 0.0595691 0 16.25 0.282353 0.5 0 0
4190 0.0595691 0 16.25 0.290196 0.5 0 0
4200 0.0598119 0 16.25 0.286275 0.5 0 0
4210 0.0598119 0 16.25 0.286275 0.5 0 0
4220 0.0598191 0 16.25 0.290196 0.5 0 0
4230 0.0598191 0 16.25 0.290196 0.5 0 0
4240 0.059717 0.25 16.5 0.290196 0.5 0 0
4250 0.059717 0.25 16.5 0.290196 0.5 0 0
4260 0.0596014 0.25 16.75 0.290196 0.5 0 0
4270 0.0596014 0.25 16.75 0.290196 0.5 0 0
4280 0.0596014 0.25 17 0.290196 0.5 0 0
4290 0.0596014 0.25 17 0.290196 0.5 0 0
4300 0.0598869 0.25 17.25 0.290196 0.5 0 0
4310 0.0598869 0.25 17.25 0.290196 0.5 0 0
4320 0.0599013 0.25 17.5 0.290196 0.5 0 0
4330 0.0599013 0.25 17.5 0.290196 0.5 0 0
4340 0.0597977 0.25 17.75 0.286275 0.5 0 0
4350 0.0597977 0.25 17.75 0.290196 0.5 0 0
4360 0.0596863 0.25 18 0.286275 0.5 0 0
4370 0.0596863 0.25 18 0.286275 0.5 0 0
4380 0.0595825 0.25 18.25 0.286275 0.5 0 0
4390 0.0595825 0.25 18.25 0.286275 0.5 0 0
4400 0.0594822 0.25 18.5 0.286275 0.5 0 0
4410 0.0594822 0.25 18.5 0.282353 0.5 0 0
4420 0.059384 0.25 18.75 0.282353 0.5 0 0
4430 0.059384 0.25 18.75 0.282353 0.5 0 0
4440 0.0592201 0.25 19 0.282353 0.5 0 0
4450 0.0592201 0.25 19 0.278431 0.5 0 0
4460 0.0590208 0.25 19.25 0.278431 0.5 0 0
4470 0.0590208 0.25 19.25 0.270588 0.5 0 0
4480 0.0586419 0.375 19.625 0.27451 0.5 0 0
4490 0.0586419 0.375 19.625 0.282353 0.5 0 0
4500 0.0580118 0.375 20 0.286275 0.5 0 0
4510 0.0580118 0.375 20 0.294118 0.5 0 0
4520 0.0574683 0.375 20.375 0.290196 0.5 0 0
4530 0.0574683 0.375 20.375 0.286275 0.5 0 0
4540 0.0570516 0.375 20.75 0.282353 0.5 0 0
4550 0.0570516 0.375 20.75 0.266667 0.5 0 0
4560 0.055872 0.375 21.125 0.266667 0.5 0 0
4570 0.055872 0.375 21.125 0.266667 0.5 0 0
4580 0.0551001 0.375 21.5 0.266667 0.5 0 0
4590 0.0551001 0.375 21.5 0.270588 0.5 0 0
4600 0.0549751 0.375 21.875 0.266667 0.5 0 0
4610 0.0549751 0.375 21.875 0.266667 0.5 0 0
4620 0.0547747 0.375 22.25 0.266667 0.5 0 0
4630 0.0547747 0.375 22.25 0.266667 0.5 0 0
4640 0.0547766 0.375 22.625 0.266667 0.5 0 0
4650 0.0547766 0.375 22.625 0.266667 0.5 0 0
4660 0.0547963 0.375 23 0.266667 0.5 0 0
4670 0.0547963 0.375 23 0.266667 0.5 0 0
4680 0.0548184 0.375 23.375 0.262745 0.5 0 0
4690 0.0548184 0.375 23.375 0.262745 0.5 0 0
4700 0.0548367 0.375 23.75 0.266667 0.5 0 0
4710 0.0548367 0.375 23.75 0.262745 0.5 0 0
4720 0.0548546 0.375 24.125 0.262745 0.5 0 0
4730 0.0548546 0.375 24.125 0.262745 0.5 0 0
4740 0.0548748 0.375 24.5 0.262745 0.5 0 0
4750 0.0548748 0.375 24.5 0.262745 0.5 0 0
4760 0.0548937 0.25 24.75 0.262745 0.5 0 0
4770 0.0548937 0.25 24.75 0.262745 0.5 0 0
4780 0.054861 0.25 25 0.262745 0.5 0 0
4790 0.054861 0.25 25 0.258824 0.5 0 0
4800 0.0545412 0.25 25.25 0.254902 0.5 0 0
4810 0.0545412 0.25 25.25 0.25098 0.5 0 0
4820 0.0538707 0.25 25.5 0.254902 0.5 0 0
4830 0.0538707 0.25 25.5 0.254902 0.5 0 0
4840 0.0534964 0.25 25.75 0.25098 0.5 0 0
4850 0.0534964 0.25 25.75 0.25098 0.5 0 0
4860 0.0529169 0.375 26.125 0.25098 0.5 0 0
4870 0.0529169 0.375 26.125 0.25098 0.5 0 0
4880 0.0527457 0.375 26.5 0.25098 0.5 0 0
4890 0.0527457 0.375 26.5 0.254902 0.5 0 0
4900 0.0524842 0.25 26.75 0.25098 0.5 0 0
4910 0.0524842 0.25 26.75 0.247059 0.5 0 0
4920 0.0525299 0.25 27 0.25098 0.5 0 0
4930 0.0525299 0.25 27 0.25098 0.5 0 0
4940 0.052604 0.5 27.5 0.25098 0.5 0 0
4950 0.052604 0.5 27.5 0.254902 0.5 0 0
4960 0.0523195 0.5 28 0.25098 0.5 0 0
4970 0.0523195 0.5 28 0.258824 0.5 0 0
4980 0.0521618 0.5 28.5 0.262745 0.5 0 0
4990 0.0521618 0.5 28.5 0.262745 0.5 0 0
5000 0.0520814 0.5 29 0.254902 0.5 0 0
5010 0.0520814 0.5 29 0.262745 0.5 0 0
5020 0.0516929 0.5 29.5 0.258824 0.5 0 0
5030 0.0516929 0.5 29.5 0.262745 0.5 0 0
5040 0.0514668 0.5 30 0.254902 0.5 0 0
5050 0.0514668 0.5 30 0.266667 0.5 0 0
5060 0.0512648 0.5 30.5 0.262745 0.5 0 0
5070 0.0512648 0.5 30.5 0.258824 0.5 0 0
5080 0.0513375 0.5 31 0.262745 0.5 0 0
5090 0.0513375 0.5 31 0.266667 0.5 0 0
5100 0.0513952 0.5 31.5 0.262745 0.5 0 0
5110 0.0513952 0.5 31.5 0.270588 0.5 0 0
5120 0.0514447 0.5 32 0.270588 0.5 0 0
5130 0.0514447 0.5 32 0.262745 0.5 0 0
5140 0.0515623 0.5 32.5 0.262745 0.5 0 0
5150 0.0515623 0.5 32.5 0.258824 0.5 0 0
5160 0.0516978 0.5 33 0.258824 0.5 0 0
5170 0.0516978 0.5 33 0.258824 0.5 0 0
5180 0.0518453 0.5 33.5 0.254902 0.5 0 0
5190 0.0518453 0.5 33.5 0.243137 0.5 0 0
5200 0.0528831 0.375 33.875 0.239216 0.5 0 0
5210 0.0528831 0.375 33.875 0.243137 0.5 0 0
5220 0.0536357 0.375 34.25 0.247059 0.5 0 0
5230 0.0536357 0.375 34.25 0.25098 0.5 0 0
5240 0.0538115 0.375 34.625 0.25098 0.5 0 0
5250 0.0538115 0.375 34.625 0.247059 0.5 0 0
5260 0.0538116 0.375 35 0.254902 0.5 0 0
5270 0.0538116 0.375 35 0.25098 0.5 0 0
5280 0.0536974 0.25 35.25 0.258824 0.5 0 0
5290 0.0536974 0.25 35.25 0.266667 0.5 0 0
5300 0.053386 0.375 35.625 0.262745 0.5 0 0
5310 0.053386 0.375 35.625 0.266667 0.5 0 0
5320 0.0533496 0.5 36.125 0.266667 0.5 0 0
5330 0.0533496 0.5 36.125 0.262745 0.5 0 0
5340 0.0525399 0.5 36.625 0.258824 0.5 0 0
5350 0.0525399 0.5 36.625 0.247059 0.5 0 0
5360 0.0515626 0.5 37.125 0.231373 0.5 0 0
5370 0.0515626 0.5 37.125 0.231373 0.5 0 0
5380 0.0508135 0.5 37.625 0.231373 0.5 0 0
5390 0.0508135 0.5 37.625 0.231373 0.5 0 0
5400 0.0506786 0.5 38.125 0.231373 0.5 0 0
5410 0.0506786 0.5 38.125 0.231373 0.5 0 0
5420 0.0504823 0.5 38.625 0.231373 0.5 0 0
5430 0.0504823 0.5 38.625 0.231373 0.5 0 0
5440 0.049819 0.5 39.125 0.231373 0.5 0 0
5450 0.049819 0.5 39.125 0.231373 0.5 0 0
5460 0.0495159 0.25 39.375 0.231373 0.5 0 0
5470 0.0495159 0.25 39.375 0.231373 0.5 0 0
5480 0.0495253 0 39.375 0.231373 0.5 0 0
5490 0.0495253 0 39.375 0.231373 0.5 0 0
5500 0.050378 0 39.375 0.235294 0.5 0 0
5510 0.050378 0 39.375 0.235294 0.5 0 0
5520 0.0506148 0 39.375 0.239216 0.5 0 0
5530 0.0506148 0 39.375 0.239216 0.5 0 0
5540 0.0506375 0 39.375 0.239216 0.5 0 0
5550 0.0506375 0 39.375 0.239216 0.5 0 0
5560 0.0506376 0 39.375 0.239216 0.5 0 0
5570 0.0506376 0 39.375 0.239216 0.5 0 0
5580 0.0503411 0 39.375 0.235294 0.5 0 0
5590 0.0503411 0 39.375 0.223529 0.5 0 0
5600 0.0493722 0 39.375 0.223529 0.5 0 0
5610 0.0493722 0 39.375 0.239216 0.5 0 0
5620 0.0490398 0 39.375 0.235294 0.5 0 0
5630 0.0490398 0 39.375 0.235294 0.5 0 0
5640 0.0490094 0 39.375 0.231373 0.5 0 0
5650 0.0490094 0 39.375 0.231373 0.5 0 0
5660 0.0488464 0 39.375 0.223529 0.5 0 0
5670 0.0488464 0 39.375 0.223529 0.5 0 0
5680 0.0482506 0 39.375 0.211765 0.5 0 0
5690 0.0482506 0 39.375 0.2 0.5 0 0
5700 0.0471406 0.25 39.625 0.2 0.5 0 0
5710 0.0471406 0.25 39.625 0.2 0.5 0 0
5720 0.0464021 0.25 39.875 0.2 0.5 0 0
5730 0.0464021 0.25 39.875 0.2 0.5 0 0
5740 0.0459317 0.25 40.125 0.196078 0.5 0 0
5750 0.0459317 0.25 40.125 0.196078 0.5 0 0
5760 0.0458671 0.25 40.375 0.2 0.5 0 0
5770 0.0458671 0.25 40.375 0.2 0.5 0 0
5780 0.0458744 0.25 40.625 0.2 0.5 0 0
5790 0.0458744 0.25 40.625 0.2 0.5 0 0
5800 0.0458107 0.375 41 0.2 0.5 0 0
5810 0.0458107 0.375 41 0.196078 0.5 0 0
5820 0.045588 0.375 41.375 0.196078 0.5 0 0
5830 0.045588 0.375 41.375 0.196078 0.5 0 0
5840 0.0453645 0.375 41.75 0.196078 0.5 0 0
5850 0.0453645 0.375 41.75 0.196078 0.5 0 0
5860 0.0452081 0.375 42.125 0.196078 0.5 0 0
5870 0.0452081 0.375 42.125 0.192157 0.5 0 0
5880 0.0444281 0.25 42.375 0.196078 0.5 0 0
5890 0.0444281 0.25 42.375 0.196078 0.5 0 0
5900 0.0441482 0.25 42.625 0.192157 0.5 0 0
5910 0.0441482 0.25 42.625 0.192157 0.5 0 0
5920 0.0440349 0.25 42.875 0.188235 0.5 0 0
5930 0.0440349 0.25 42.875 0.188235 0.5 0 0
5940 0.0439066 0.25 43.125 0.188235 0.5 0 0
5950 0.0439066 0.25 43.125 0.188235 0.5 0 0
5960 0.0434811 0.375 43.5 0.188235 0.5 0 0
5970 0.0434811 0.375 43.5 0.184314 0.5 0 0
5980 0.0433143 0.375 43.875 0.180392 0.5 0 0
5990 0.0433143 0.375 43.875 0.184314 0.5 0 0
6000 0.0431827 0.375 44.25 0.180392 0.5 0 0
6010 0.0431827 0.375 44.25 0.184314 0.5 0 0
6020 0.0430178 0.25 44.5 0.176471 0.5 0 0
6030 0.0430178 0.25 44.5 0.172549 0.5 0 0
6040 0.0422861 0.25 44.75 0.176471 0.5 0 0
6050 0.0422861 0.25 44.75 0.188235 0.5 0 0
6060 0.0419404 0.25 45 0.188235 0.5 0 0
6070 0.0419404 0.25 45 0.188235 0.5 0 0
6080 0.0419451 0.25 45.25 0.188235 0.5 0 0
6090 0.0419451 0.25 45.25 0.188235 0.5 0 0
6100 0.0419596 0.25 45.5 0.192157 0.5 0 0
6110 0.0419596 0.25 45.5 0.192157 0.5 0 0
6120 0.0414883 0.25 45.75 0.188235 0.5 0 0
6130 0.0414883 0.25 45.75 0.184314 0.5 0 0
6140 0.0412783 0.25 46 0.184314 0.5 0 0
6150 0.0412783 0.25 46 0.168627 0.5 0 0
6160 0.0407264 0.25 46.25 0.164706 0.5 0 0
6170 0.0407264 0.25 46.25 0.160784 0.5 0 0
6180 0.0399473 0.25 46.5 0.160784 0.5 0 0
6190 0.0399473 0.25 46.5 0.156863 0.5 0 0
6200 0.0393741 0.5 47 0.156863 0.5 0 0
6210 0.0393741 0.5 47 0.156863 0.5 0 0
6220 0.039007 0.5 47.5 0.156863 0.5 0 0
6230 0.039007 0.5 47.5 0.156863 0.5 0 0
6240 0.0386791 0.5 48 0.160784 0.5 0 0
6250 0.0386791 0.5 48 0.160784 0.5 0 0
6260 0.0386686 0.5 48.5 0.160784 0.5 0 0
6270 0.0386686 0.5 48.5 0.160784 0.5 0 0
6280 0.0386625 0.5 49 0.156863 0.5 0 0
6290 0.0386625 0.5 49 0.156863 0.5 0 0
6300 0.0386313 0.5 49.5 0.160784 0.5 0 0
6310 0.0386313 0.5 49.5 0.160784 0.5 0 0
6320 0.0385047 0.375 49.875 0.156863 0.5 0 0
6330 0.0385047 0.375 49.875 0.168627 0.5 0 0
6340 0.0386985 0 49.875 0.172549 0.5 0 0
6350 0.0386985 0 49.875 0.168627 0.5 0 0
6360 0.0387765 0 49.875 0.168627 0.5 0 0
6370 0.0387765 0 49.875 0.172549 0.5 0 0
6380 0.0388861 0 49.875 0.172549 0.5 0 0
6390 0.0388861 0 49.875 0.168627 0.5 0 0
6400 0.038957 0 49.875 0.168627 0.5 0 0
6410 0.038957 0 49.875 0.168627 0.5 0 0
6420 0.0384572 0.25 50.125 0.168627 0.5 0 0
6430 0.0384572 0.25 50.125 0.172549 0.5 0 0
6440 0.0384085 0.25 50.375 0.168627 0.5 0 0
6450 0.0384085 0.25 50.375 0.168627 0.5 0 0
6460 0.0383699 0.25 50.625 0.168627 0.5 0 0
6470 0.0383699 0.25 50.625 0.168627 0.5 0 0
6480 0.0383409 0.25 50.875 0.172549 0.5 0 0
6490 0.0383409 0.25 50.875 0.172549 0.5 0 0
6500 0.038268 0.25 51.125 0.164706 0.5 0 0
6510 0.038268 0.25 51.125 0.168627 0.5 0 0
6520 0.03809 0 51.125 0.160784 0.5 0 0
6530 0.03809 0 51.125 0.152941 0.5 0 0
6540 0.0373282 0.25 51.375 0.14902 0.5 0 0
6550 0.0373282 0.25 51.375 0.14902 0.5 0 0
6560 0.0364099 0.375 51.75 0.14902 0.5 0 0
6570 0.0364099 0.375 51.75 0.14902 0.5 0 0
6580 0.0360228 0.375 52.125 0.14902 0.5 0 0
6590 0.0360228 0.375 52.125 0.14902 0.5 0 0
6600 0.0359906 0.375 52.5 0.14902 0.5 0 0
6610 0.0359906 0.375 52.5 0.14902 0.5 0 0
6620 0.0357292 0.375 52.875 0.14902 0.5 0 0
6630 0.0357292 0.375 52.875 0.14902 0.5 0 0
6640 0.0354093 0.375 53.25 0.14902 0.5 0 0
6650 0.0354093 0.375 53.25 0.14902 0.5 0 0
6660 0.0351896 0.375 53.625 0.14902 0.5 0 0
6670 0.0351896 0.375 53.625 0.14902 0.5 0 0
6680 0.0350174 0.375 54 0.14902 0.5 0 0
6690 0.0350174 0.375 54 0.145098 0.5 0 0
6700 0.0349395 0.375 54.375 0.145098 0.5 0 0
6710 0.0349395 0.375 54.375 0.145098 0.5 0 0
6720 0.0349291 0.375 54.75 0.145098 0.5 0 0
6730 0.0349291 0.375 54.75 0.145098 0.5 0 0
6740 0.0348997 0.375 55.125 0.145098 0.5 0 0
6750 0.0348997 0.375 55.125 0.145098 0.5 0 0
6760 0.0348775 0.375 55.5 0.145098 0.5 0 0
6770 0.0348775 0.375 55.5 0.145098 0.5 0 0
6780 0.0348574 0.375 55.875 0.145098 0.5 0 0
6790 0.0348574 0.375 55.875 0.145098 0.5 0 0
6800 0.03482 0.375 56.25 0.145098 0.5 0 0
6810 0.03482 0.375 56.25 0.145098 0.5 0 0
6820 0.0347549 0.375 56.625 0.145098 0.5 0 0
6830 0.0347549 0.375 56.625 0.141176 0.5 0 0
6840 0.0346064 0.375 57 0.141176 0.5 0 0
6850 0.0346064 0.375 57 0.145098 0.5 0 0
6860 0.0345002 0.375 57.375 0.141176 0.5 0 0
6870 0.0345002 0.375 57.375 0.141176 0.5 0 0
6880 0.0342987 0.5 57.875 0.141176 0.5 0 0
6890 0.0342987 0.5 57.875 0.141176 0.5 0 0
6900 0.0341898 0.5 58.375 0.141176 0.5 0 0
6910 0.0341898 0.5 58.375 0.137255 0.5 0 0
6920 0.0340883 0.5 58.875 0.137255 0.5 0 0
6930 0.0340883 0.5 58.875 0.137255 0.5 0 0
6940 0.0339865 0.5 59.375 0.137255 0.5 0 0
6950 0.0339865 0.5 59.375 0.133333 0.5 0 0
6960 0.0338868 0.5 59.875 0.137255 0.5 0 0
6970 0.0338868 0.5 59.875 0.137255 0.5 0 0
6980 0.0337922 0.5 60.375 0.133333 0.5 0 0
6990 0.0337922 0.5 60.375 0.133333 0.5 0 0
7000 0.0337283 0.5 60.875 0.133333 0.5 0 0
7010 0.0337283 0.5 60.875 0.133333 0.5 0 0
7020 0.0336773 0.5 61.375 0.133333 0.5 0 0
7030 0.0336773 0.5 61.375 0.133333 0.5 0 0
7040 0.0336138 0.5 61.875 0.133333 0.5 0 0
7050 0.0336138 0.5 61.875 0.133333 0.5 0 0
7060 0.033567 0.5 62.375 0.133333 0.5 0 0
7070 0.033567 0.5 62.375 0.133333 0.5 0 0
7080 0.0335183 0.5 62.875 0.133333 0.5 0 0
7090 0.0335183 0.5 62.875 0.133333 0.5 0 0
7100 0.0334771 0.5 63.375 0.133333 0.5 0 0
7110 0.0334771 0.5 63.375 0.133333 0.5 0 0
7120 0.0334401 0.5 63.875 0.133333 0.5 0 0
7130 0.0334401 0.5 63.875 0.137255 0.5 0 0
7140 0.0333825 0.375 64.25 0.133333 0.5 0 0
7150 0.0333825 0.375 64.25 0.133333 0.5 0 0
7160 0.0328185 0.375 64.625 0.133333 0.5 0 0
7170 0.0328185 0.375 64.625 0.133333 0.5 0 0
7180 0.0324892 0.375 65 0.133333 0.5 0 0
7190 0.0324892 0.375 65 0.137255 0.5 0 0
7200 0.032187 0.375 65.375 0.137255 0.5 0 0
7210 0.032187 0.375 65.375 0.133333 0.5 0 0
7220 0.0317764 0.375 65.75 0.133333 0.5 0 0
7230 0.0317764 0.375 65.75 0.133333 0.5 0 0
7240 0.0314234 0.375 66.125 0.137255 0.5 0 0
7250 0.0314234 0.375 66.125 0.133333 0.5 0 0
7260 0.0312763 0.25 66.375 0.137255 0.5 0 0
7270 0.0312763 0.25 66.375 0.137255 0.5 0 0
7280 0.0310778 0.25 66.625 0.133333 0.5 0 0
7290 0.0310778 0.25 66.625 0.129412 0.5 0 0
7300 0.0311975 0 66.625 0.121569 0.5 0 0
7310 0.0311975 0 66.625 0.121569 0.5 0 0
7320 0.030563 0 66.625 0.121569 0.5 0 0
7330 0.030563 0 66.625 0.117647 0.5 0 0
7340 0.0299334 0 66.625 0.117647 0.5 0 0
7350 0.0299334 0 66.625 0.121569 0.5 0 0
7360 0.0297777 0 66.625 0.117647 0.5 0 0
7370 0.0297777 0 66.625 0.117647 0.5 0 0
7380 0.0292816 0 66.625 0.117647 0.5 0 0
7390 0.0292816 0 66.625 0.117647 0.5 0 0
7400 0.0284965 0 66.625 0.121569 0.5 0 0
7410 0.0284965 0 66.625 0.117647 0.5 0 0
7420 0.0274673 0 66.625 0.113725 0.5 0 0
7430 0.0274673 0 66.625 0.113725 0.5 0 0
7440 0.0266969 0 66.625 0.113725 0.5 0 0
7450 0.0266969 0 66.625 0.117647 0.5 0 0
7460 0.0258204 0 66.625 0.117647 0.5 0 0
7470 0.0258204 0 66.625 0.109804 0.5 0 0
7480 0.0253314 0 66.625 0.105882 0.5 0 0
7490 0.0253314 0 66.625 0.101961 0.5 0 0
7500 0.0247464 0 66.625 0.0980392 0.5 0 0
7510 0.0247464 0 66.625 0.101961 0.5 0 0
7520 0.024088 0.5 67.125 0.101961 0.5 0 0
7530 0.024088 0.5 67.125 0.0980392 0.5 0 0
7540 0.0236318 0.5 67.625 0.0980392 0.5 0 0
7550 0.0236318 0.5 67.625 0.0980392 0.5 0 0
7560 0.0234456 0.5 68.125 0.0980392 0.5 0 0
7570 0.0234456 0.5 68.125 0.0980392 0.5 0 0
7580 0.0231886 0.5 68.625 0.0980392 0.5 0 0
7590 0.0231886 0.5 68.625 0.0980392 0.5 0 0
7600 0.0228401 0.5 69.125 0.0980392 0.5 0 0
7610 0.0228401 0.5 69.125 0.0980392 0.5 0 0
7620 0.0225901 0.5 69.625 0.0980392 0.5 0 0
7630 0.0225901 0.5 69.625 0.0980392 0.5 0 0
7640 0.0218795 0.25 69.875 0.0980392 0.5 0 0
7650 0.0218795 0.25 69.875 0.0980392 0.5 0 0
7660 0.0211949 0.25 70.125 0.0941176 0.5 0 0
7670 0.0211949 0.25 70.125 0.0941176 0.5 0 0
7680 0.0205501 0.25 70.375 0.0941176 0.5 0 0
7690 0.0205501 0.25 70.375 0.0941176 0.5 0 0
7700 0.0199517 0.25 70.625 0.0941176 0.5 0 0
7710 0.0199517 0.25 70.625 0.0941176 0.5 0 0
7720 0.0199261 0.25 70.875 0.0941176 0.5 0 0
7730 0.0199261 0.25 70.875 0.0941176 0.5 0 0
7740 0.019863 0.25 71.125 0.0941176 0.5 0 0
7750 0.019863 0.25 71.125 0.0941176 0.5 0 0
7760 0.0197118 0 71.125 0.0941176 0.5 0 0
7770 0.0197118 0 71.125 0.0901961 0.5 0 0
7780 0.0199387 0 71.125 0.0901961 0.5 0 0
7790 0.0199387 0 71.125 0.0901961 0.5 0 0
7800 0.0200188 0 71.125 0.0941176 0.5 0 0
7810 0.0200188 0 71.125 0.0980392 0.5 0 0
7820 0.0200018 0 71.125 0.0980392 0.5 0 0
7830 0.0200018 0 71.125 0.0980392 0.5 0 0
7840 0.0199806 0 71.125 0.0980392 0.5 0 0
7850 0.0199806 0 71.125 0.0980392 0.5 0 0
7860 0.0198165 0 71.125 0.0980392 0.5 0 0
7870 0.0198165 0 71.125 0.0941176 0.5 0 0
7880 0.0192551 0 71.125 0.0941176 0.5 0 0
7890 0.0192551 0 71.125 0.0941176 0.5 0 0
7900 0.0189139 0 71.125 0.0980392 0.5 0 0
7910 0.0189139 0 71.125 0.0980392 0.5 0 0
7920 0.0188738 0 71.125 0.0980392 0.5 0 0
7930 0.0188738 0 71.125 0.0941176 0.5 0 0
7940 0.0186139 0 71.125 0.0941176 0.5 0 0
7950 0.0186139 0 71.125 0.0980392 0.5 0 0
7960 0.0182884 0 71.125 0.0941176 0.5 0 0
7970 0.0182884 0 71.125 0.0941176 0.5 0 0
7980 0.0180211 0 71.125 0.0941176 0.5 0 0
7990 0.0180211 0 71.125 0.0941176 0.5 0 0
8000 0.0177888 0 71.125 0.0941176 0.5 0 0
8010 0.0177888 0 71.125 0.0901961 0.5 0 0
8020 0.0175443 0 71.125 0.0901961 0.5 0 0
8030 0.0175443 0 71.125 0.0901961 0.5 0 0
8040 0.0171545 0.25 71.375 0.0901961 0.5 0 0
8050 0.0171545 0.25 71.375 0.0901961 0.5 0 0
8060 0.0169597 0.25 71.625 0.0980392 0.5 0 0
8070 0.0169597 0.25 71.625 0.0941176 0.5 0 0
8080 0.016892 0.25 71.875 0.0941176 0.5 0 0
8090 0.016892 0.25 71.875 0.0941176 0.5 0 0
8100 0.0166678 0.25 72.125 0.0941176 0.5 0 0
8110 0.0166678 0.25 72.125 0.0862745 0.5 0 0
8120 0.0161363 0.625 72.75 0.0823529 0.5 0 0
8130 0.0161363 0.625 72.75 0.0823529 0.5 0 0
8140 0.0157388 0.625 73.375 0.0823529 0.5 0 0
8150 0.0157388 0.625 73.375 0.0823529 0.5 0 0
8160 0.0154143 0.625 74 0.0784314 0.5 0 0
8170 0.0154143 0.625 74 0.0823529 0.5 0 0
8180 0.0151353 0.625 74.625 0.0784314 0.5 0 0
8190 0.0151353 0.625 74.625 0.0784314 0.5 0 0
8200 0.014914 0.625 75.25 0.0784314 0.5 0 0
8210 0.014914 0.625 75.25 0.0784314 0.5 0 0
8220 0.0147308 0.625 75.875 0.0784314 0.5 0 0
8230 0.0147308 0.625 75.875 0.0784314 0.5 0 0
8240 0.0145745 0.625 76.5 0.0784314 0.5 0 0
8250 0.0145745 0.625 76.5 0.0784314 0.5 0 0
8260 0.0145113 0.75 77.25 0.0784314 0.5 0 0
8270 0.0145113 0.75 77.25 0.0784314 0.5 0 0
8280 0.0144655 0.75 78 0.0784314 0.5 0 0
8290 0.0144655 0.75 78 0.0784314 0.5 0 0
8300 0.0144211 0.75 78.75 0.0784314 0.5 0 0
8310 0.0144211 0.75 78.75 0.0784314 0.5 0 0
8320 0.0143086 0.75 79.5 0.0784314 0.5 0 0
8330 0.0143086 0.75 79.5 0.0784314 0.5 0 0
8340 0.0142289 0.625 80.125 0.0784314 0.5 0 0
8350 0.0142289 0.625 80.125 0.0784314 0.5 0 0
8360 0.0139062 0.375 80.5 0.0745098 0.5 0 0
8370 0.0139062 0.375 80.5 0.0745098 0.5 0 0
8380 0.0136295 0.5 81 0.0784314 0.5 0 0
8390 0.0136295 0.5 81 0.0784314 0.5 0 0
8400 0.0135767 0.5 81.5 0.0784314 0.5 0 0
8410 0.0135767 0.5 81.5 0.0784314 0.5 0 0
8420 0.0134736 0.5 82 0.0784314 0.5 0 0
8430 0.0134736 0.5 82 0.0784314 0.5 0 0
8440 0.0133321 0.5 82.5 0.0745098 0.5 0 0
8450 0.0133321 0.5 82.5 0.0745098 0.5 0 0
8460 0.0132736 0.5 83 0.0745098 0.5 0 0
8470 0.0132736 0.5 83 0.0745098 0.5 0 0
8480 0.0131408 0.375 83.375 0.0745098 0.5 0 0
8490 0.0131408 0.375 83.375 0.0745098 0.5 0 0
8500 0.0129574 0.625 84 0.0745098 0.5 0 0
8510 0.0129574 0.625 84 0.0745098 0.5 0 0
8520 0.0128908 0.625 84.625 0.0745098 0.5 0 0
8530 0.0128908 0.625 84.625 0.0745098 0.5 0 0
8540 0.0128054 0.625 85.25 0.0745098 0.5 0 0
8550 0.0128054 0.625 85.25 0.0745098 0.5 0 0
8560 0.012712 0.625 85.875 0.0745098 0.5 0 0
8570 0.012712 0.625 85.875 0.0784314 0.5 0 0
8580 0.0126856 0.625 86.5 0.0745098 0.5 0 0
8590 0.0126856 0.625 86.5 0.0784314 0.5 0 0
8600 0.0125784 0.5 87 0.0784314 0.5 0 0
8610 0.0125784 0.5 87 0.0784314 0.5 0 0
8620 0.0124815 0.25 87.25 0.0784314 0.5 0 0
8630 0.0124815 0.25 87.25 0.0784314 0.5 0 0
8640 0.0124745 0.25 87.5 0.0784314 0.5 0 0
8650 0.0124745 0.25 87.5 0.0784314 0.5 0 0
8660 0.0124724 0.25 87.75 0.0784314 0.5 0 0
8670 0.0124724 0.25 87.75 0.0784314 0.5 0 0
8680 0.0124263 0.625 88.375 0.0784314 0.5 0 0
8690 0.0124263 0.625 88.375 0.0784314 0.5 0 0
8700 0.0124077 0.625 89 0.0784314 0.5 0 0
8710 0.0124077 0.625 89 0.0784314 0.5 0 0
8720 0.0122568 0.375 89.375 0.0784314 0.5 0 0
8730 0.0122568 0.375 89.375 0.0745098 0.5 0 0
8740 0.0121025 0.375 89.75 0.0705882 0.5 0 0
8750 0.0121025 0.375 89.75 0.0705882 0.5 0 0
8760 0.0117638 0.375 90.125 0.0745098 0.5 0 0
8770 0.0117638 0.375 90.125 0.0745098 0.5 0 0
8780 0.0112755 0.375 90.5 0.0745098 0.5 0 0
8790 0.0112755 0.375 90.5 0.0745098 0.5 0 0
8800 0.0112116 0 90.5 0.0745098 0.5 0 0
8810 0.0112116 0 90.5 0.0745098 0.5 0 0
8820 0.0109404 0 90.5 0.0745098 0.5 0 0
8830 0.0109404 0 90.5 0.0745098 0.5 0 0
8840 0.0107509 0 90.5 0.0705882 0.5 0 0
8850 0.0107509 0 90.5 0.0705882 0.5 0 0
8860 0.0101274 0 90.5 0.0705882 0.5 0 0
8870 0.0101274 0 90.5 0.0705882 0.5 0 0
8880 0.00959991 0 90.5 0.0705882 0.5 0 0
8890 0.00959991 0 90.5 0.0705882 0.5 0 0
8900 0.00929631 0 90.5 0.0666667 0.5 0 0
8910 0.00929631 0 90.5 0.0666667 0.5 0 0
8920 0.00894946 0 90.5 0.0627451 0.5 0 0
8930 0.00894946 0 90.5 0.0627451 0.5 0 0
8940 0.00844732 0 90.5 0.0627451 0.5 0 0
8950 0.00844732 0 90.5 0.0666667 0.5 0 0
8960 0.00814244 0 90.5 0.0666667 0.5 0 0
8970 0.00814244 0 90.5 0.0666667 0.5 0 0
8980 0.00796733 0 90.5 0.0705882 0.5 0 0
8990 0.00796733 0 90.5 0.0666667 0.5 0 0
9000 0.0079054 0 90.5 0.0666667 0.5 0 0
9010 0.0079054 0 90.5 0.0666667 0.5 0 0
9020 0.00778964 0 90.5 0.0666667 0.5 0 0
9030 0.00778964 0 90.5 0.0666667 0.5 0 0
9040 0.00765524 0 90.5 0.0627451 0.5 0 0
9050 0.00765524 0 90.5 0.0666667 0.5 0 0
9060 0.0073914 0 90.5 0.0666667 0.5 0 0
9070 0.0073914 0 90.5 0.0666667 0.5 0 0
9080 0.0073275 0 90.5 0.0627451 0.5 0 0
9090 0.0073275 0 90.5 0.0627451 0.5 0 0
9100 0.00723506 0 90.5 0.0588235 0.5 0 0
9110 0.00723506 0 90.5 0.0588235 0.5 0 0
9120 0.0069882 0 90.5 0.0588235 0.5 0 0
9130 0.0069882 0 90.5 0.054902 0.5 0 0
9140 0.00654589 0 90.5 0.0588235 0.5 0 0
9150 0.00654589 0 90.5 0.0627451 0.5 0 0
9160 0.00625308 0 90.5 0.0627451 0.5 0 0
9170 0.00625308 0 90.5 0.0588235 0.5 0 0
9180 0.00617407 0 90.5 0.0627451 0.5 0 0
9190 0.00617407 0 90.5 0.0588235 0.5 0 0
9200 0.00607384 0 90.5 0.054902 0.5 0 0
9210 0.00607384 0 90.5 0.054902 0.5 0 0
9220 0.00583062 0.25 90.75 0.054902 0.5 0 0
9230 0.00583062 0.25 90.75 0.054902 0.5 0 0
9240 0.00549322 0.375 91.125 0.054902 0.5 0 0
9250 0.00549322 0.375 91.125 0.054902 0.5 0 0
9260 0.00547516 0.375 91.5 0.054902 0.5 0 0
9270 0.00547516 0.375 91.5 0.054902 0.5 0 0
9280 0.0054099 0.375 91.875 0.054902 0.5 0 0
9290 0.0054099 0.375 91.875 0.054902 0.5 0 0
9300 0.00533123 0.375 92.25 0.054902 0.5 0 0
9310 0.00533123 0.375 92.25 0.054902 0.5 0 0
9320 0.00524845 0.375 92.625 0.054902 0.5 0 0
9330 0.00524845 0.375 92.625 0.054902 0.5 0 0
9340 0.00515013 0.375 93 0.054902 0.5 0 0
9350 0.00515013 0.375 93 0.054902 0.5 0 0
9360 0.00503949 0.375 93.375 0.054902 0.5 0 0
9370 0.00503949 0.375 93.375 0.054902 0.5 0 0
9380 0.00495109 0.375 93.75 0.054902 0.5 0 0
9390 0.00495109 0.375 93.75 0.054902 0.5 0 0
9400 0.00489295 0.375 94.125 0.054902 0.5 0 0
9410 0.00489295 0.375 94.125 0.0509804 0.5 0 0
9420 0.00484148 0.375 94.5 0.0509804 0.5 0 0
9430 0.00484148 0.375 94.5 0.0509804 0.5 0 0
9440 0.00469502 0.375 94.875 0.0509804 0.5 0 0
9450 0.00469502 0.375 94.875 0.0509804 0.5 0 0
9460 0.00467794 0.75 95.625 0.0509804 0.5 0 0
9470 0.00467794 0.75 95.625 0.0509804 0.5 0 0
9480 0.00456874 0.5 96.125 0.0509804 0.5 0 0
9490 0.00456874 0.5 96.125 0.054902 0.5 0 0
9500 0.0044151 0.5 96.625 0.054902 0.5 0 0
9510 0.0044151 0.5 96.625 0.054902 0.5 0 0
9520 0.00438373 0.5 97.125 0.054902 0.5 0 0
9530 0.00438373 0.5 97.125 0.0588235 0.5 0 0
9540 0.00441272 0.5 97.625 0.0588235 0.5 0 0
9550 0.00441272 0.5 97.625 0.054902 0.5 0 0
9560 0.00440367 0.25 97.875 0.054902 0.5 0 0
9570 0.00440367 0.25 97.875 0.054902 0.5 0 0
9580 0.00437717 0.25 98.125 0.0588235 0.5 0 0
9590 0.00437717 0.25 98.125 0.0588235 0.5 0 0
9600 0.00434971 0.375 98.5 0.054902 0.5 0 0
9610 0.00434971 0.375 98.5 0.054902 0.5 0 0
9620 0.00431158 0.375 98.875 0.054902 0.5 0 0
9630 0.00431158 0.375 98.875 0.054902 0.5 0 0
9640 0.00416679 0.5 99.375 0.054902 0.5 0 0
9650 0.00416679 0.5 99.375 0.0588235 0.5 0 0
9660 0.00419055 0.5 99.875 0.0588235 0.5 0 0
9670 0.00419055 0.5 99.875 0.054902 0.5 0 0
9680 0.00417935 0.5 100.375 0.054902 0.5 0 0
9690 0.00417935 0.5 100.375 0.0588235 0.5 0 0
9700 0.00416629 0.5 100.875 0.054902 0.5 0 0
9710 0.00416629 0.5 100.875 0.0509804 0.5 0 0
9720 0.00411586 0.5 101.375 0.0509804 0.5 0 0
9730 0.00411586 0.5 101.375 0.054902 0.5 0 0
9740 0.00414077 0.5 101.875 0.054902 0.5 0 0
9750 0.00414077 0.5 101.875 0.0509804 0.5 0 0
9760 0.00418645 0.5 102.375 0.054902 0.5 0 0
9770 0.00418645 0.5 102.375 0.0509804 0.5 0 0
9780 0.00431383 0.5 102.875 0.054902 0.5 0 0
9790 0.00431383 0.5 102.875 0.054902 0.5 0 0
9800 0.0043259 0.5 103.375 0.054902 0.5 0 0
9810 0.0043259 0.5 103.375 0.054902 0.5 0 0
9820 0.00432105 0.5 103.875 0.054902 0.5 0 0
9830 0.00432105 0.5 103.875 0.054902 0.5 0 0
9840 0.00430837 0.5 104.375 0.054902 0.5 0 0
9850 0.00430837 0.5 104.375 0.0509804 0.5 0 0
9860 0.00426667 0.5 104.875 0.0509804 0.5 0 0
9870 0.00426667 0.5 104.875 0.0509804 0.5 0 0
9880 0.00418809 0.5 105.375 0.0509804 0.5 0 0
9890 0.00418809 0.5 105.375 0.0509804 0.5 0 0
9900 0.00411468 0.5 105.875 0.0509804 0.5 0 0
9910 0.00411468 0.5 105.875 0.0470588 0.5 0 0
9920 0.00405764 1 106.875 0.0470588 0.5 0 0
9930 0.00405764 1 106.875 0.0470588 0.5 0 0
9940 0.00405918 1 107.875 0.0509804 0.5 0 0
9950 0.00405918 1 107.875 0.0470588 0.5 0 0
9960 0.00407614 1 108.875 0.0509804 0.5 0 0
9970 0.00407614 1 108.875 0.0509804 0.5 0 0
9980 0.0040896 1 109.875 0.0509804 0.5 0 0
9990 0.0040896 1 109.875 0.0509804 0.5 0 0
10000 0.00409419 1 110.875 0.0509804 0.5 0 0
10010 0.00409419 1 110.875 0.0509804 0.5 0 0
10020 0.00409165 1 111.875 0.0509804 0.5 0 0
10030 0.00409165 1 111.875 0.0509804 0.5 0 0
10040 0.00408899 1 112.875 0.0509804 0.5 0 0
10050 0.00408899 1 112.875 0.054902 0.5 0 0
10060 0.00409358 0.75 113.625 0.0509804 0.5 0 0
10070 0.00409358 0.75 113.625 0.054902 0.5 0 0
10080 0.00409656 0.625 114.25 0.0509804 0.5 0 0
10090 0.00409656 0.625 114.25 0.0509804 0.5 0 0
10100 0.0040904 0.375 114.625 0.0509804 0.5 0 0
10110 0.0040904 0.375 114.625 0.0509804 0.5 0 0
10120 0.00409115 0.375 115 0.0509804 0.5 0 0
10130 0.00409115 0.375 115 0.054902 0.5 0 0
10140 0.00411435 0.25 115.25 0.0509804 0.5 0 0
10150 0.00411435 0.25 115.25 0.0509804 0.5 0 0
10160 0.0041791 0.25 115.5 0.0509804 0.5 0 0
10170 0.0041791 0.25 115.5 0.0509804 0.5 0 0
10180 0.00439532 0 115.5 0.0509804 0.5 0 0
10190 0.00439532 0 115.5 0.054902 0.5 0 0
10200 0.00445825 0 115.5 0.054902 0.5 0 0
10210 0.00445825 0 115.5 0.0509804 0.5 0 0
10220 0.00456925 0 115.5 0.054902 0.5 0 0
10230 0.00456925 0 115.5 0.054902 0.5 0 0
10240 0.0046391 0 115.5 0.054902 0.5 0 0
10250 0.0046391 0 115.5 0.054902 0.5 0 0
10260 0.00464977 0 115.5 0.054902 0.5 0 0
10270 0.00464977 0 115.5 0.054902 0.5 0 0
10280 0.00465383 0 115.5 0.0588235 0.5 0 0
10290 0.00465383 0 115.5 0.054902 0.5 0 0
10300 0.00469468 0 115.5 0.0588235 0.5 0 0
10310 0.00469468 0 115.5 0.054902 0.5 0 0
10320 0.00455455 0 115.5 0.0509804 0.5 0 0
10330 0.00455455 0 115.5 0.0509804 0.5 0 0
10340 0.00428151 0 115.5 0.0509804 0.5 0 0
10350 0.00428151 0 115.5 0.0509804 0.5 0 0
10360 0.00428735 0 115.5 0.0509804 0.5 0 0
10370 0.00428735 0 115.5 0.054902 0.5 0 0
10380 0.00432479 0 115.5 0.054902 0.5 0 0
10390 0.00432479 0 115.5 0.054902 0.5 0 0
10400 0.00433064 0 115.5 0.054902 0.5 0 0
10410 0.00433064 0 115.5 0.0509804 0.5 0 0
10420 0.00425059 0 115.5 0.0509804 0.5 0 0
10430 0.00425059 0 115.5 0.0509804 0.5 0 0
10440 0.00422644 0 115.5 0.0509804 0.5 0 0
10450 0.00422644 0 115.5 0.0509804 0.5 0 0
10460 0.00423049 0 115.5 0.054902 0.5 0 0
10470 0.00423049 0 115.5 0.0588235 0.5 0 0
10480 0.00421033 0 115.5 0.0588235 0.5 0 0
10490 0.00421033 0 115.5 0.0588235 0.5 0 0
10500 0.00420039 0 115.5 0.0588235 0.5 0 0
10510 0.00420039 0 115.5 0.0588235 0.5 0 0
10520 0.00425036 0 115.5 0.0627451 0.5 0 0
10530 0.00425036 0 115.5 0.0627451 0.5 0 0
10540 0.00424835 0 115.5 0.0627451 0.5 0 0
10550 0.00424835 0 115.5 0.0627451 0.5 0 0
10560 0.00430622 0 115.5 0.0666667 0.5 0 0
10570 0.00430622 0 115.5 0.0627451 0.5 0 0
10580 0.00428367 0 115.5 0.0627451 0.5 0 0
10590 0.00428367 0 115.5 0.0588235 0.5 0 0
10600 0.0042536 0 115.5 0.054902 0.5 0 0
10610 0.0042536 0 115.5 0.054902 0.5 0 0
10620 0.00439376 0 115.5 0.054902 0.5 0 0
10630 0.00439376 0 115.5 0.054902 0.5 0 0
10640 0.00450005 0 115.5 0.0666667 0.5 0 0
10650 0.00450005 0 115.5 0.0705882 0.5 0 0
10660 0.00448812 0 115.5 0.0705882 0.5 0 0
10670 0.00448812 0 115.5 0.0705882 0.5 0 0
10680 0.00448768 0 115.5 0.0705882 0.5 0 0
10690 0.00448768 0 115.5 0.0705882 0.5 0 0
10700 0.00443551 0 115.5 0.0705882 0.5 0 0
10710 0.00443551 0 115.5 0.0627451 0.5 0 0
10720 0.00420721 0 115.5 0.0509804 0.5 0 0
10730 0.00420721 0 115.5 0.0509804 0.5 0 0
10740 0.00431782 0 115.5 0.0509804 0.5 0 0
10750 0.00431782 0 115.5 0.0509804 0.5 0 0
10760 0.00419595 0 115.5 0.0509804 0.5 0 0
10770 0.00419595 0 115.5 0.054902 0.5 0 0
10780 0.00417112 0 115.5 0.0509804 0.5 0 0
10790 0.00417112 0 115.5 0.0509804 0.5 0 0
10800 0.00400463 0 115.5 0.0470588 0.5 0 0
10810 0.00400463 0 115.5 0.0470588 0.5 0 0
10820 0.0038922 0 115.5 0.0509804 0.5 0 0
10830 0.0038922 0 115.5 0.0509804 0.5 0 0
10840 0.00397928 0 115.5 0.054902 0.5 0 0
10850 0.00397928 0 115.5 0.054902 0.5 0 0
10860 0.00408338 0 115.5 0.054902 0.5 0 0
10870 0.00408338 0 115.5 0.054902 0.5 0 0
10880 0.00426506 0 115.5 0.0588235 0.5 0 0
10890 0.00426506 0 115.5 0.0588235 0.5 0 0
10900 0.00431927 0 115.5 0.0588235 0.5 0 0
10910 0.00431927 0 115.5 0.0588235 0.5 0 0
10920 0.00430154 0 115.5 0.054902 0.5 0 0
10930 0.00430154 0 115.5 0.0509804 0.5 0 0
10940 0.00423247 0 115.5 0.0509804 0.5 0 0
10950 0.00423247 0 115.5 0.0509804 0.5 0 0
10960 0.0042726 0 115.5 0.0509804 0.5 0 0
10970 0.0042726 0 115.5 0.054902 0.5 0 0
10980 0.0043426 0 115.5 0.0509804 0.5 0 0
10990 0.0043426 0 115.5 0.0509804 0.5 0 0
11000 0.00436943 0 115.5 0.0509804 0.5 0 0
11010 0.00436943 0 115.5 0.0509804 0.5 0 0
11020 0.00441246 0 115.5 0.0509804 0.5 0 0
11030 0.00441246 0 115.5 0.0509804 0.5 0 0
11040 0.00441605 0 115.5 0.0509804 0.5 0 0
11050 0.00441605 0 115.5 0.0509804 0.5 0 0
11060 0.00431788 0 115.5 0.0509804 0.5 0 0
11070 0.00431788 0 115.5 0.0509804 0.5 0 0
11080 0.00420724 0 115.5 0.0470588 0.5 0 0
11090 0.00420724 0 115.5 0.0509804 0.5 0 0
11100 0.00421831 0 115.5 0.0588235 0.5 0 0
11110 0.00421831 0 115.5 0.0588235 0.5 0 0
11120 0.00424306 0 115.5 0.0588235 0.5 0 0
11130 0.00424306 0 115.5 0.0588235 0.5 0 0
11140 0.00425391 0 115.5 0.0588235 0.5 0 0
11150 0.00425391 0 115.5 0.0588235 0.5 0 0
11160 0.00419345 0 115.5 0.0588235 0.5 0 0
11170 0.00419345 0 115.5 0.0588235 0.5 0 0
11180 0.00423018 0 115.5 0.0588235 0.5 0 0
11190 0.00423018 0 115.5 0.0666667 0.5 0 0
11200 0.00437972 0 115.5 0.0666667 0.5 0 0
11210 0.00437972 0 115.5 0.0666667 0.5 0 0
11220 0.00438654 0 115.5 0.0666667 0.5 0 0
11230 0.00438654 0 115.5 0.0627451 0.5 0 0
11240 0.00433175 0 115.5 0.0588235 0.5 0 0
11250 0.00433175 0 115.5 0.054902 0.5 0 0
11260 0.00428147 0 115.5 0.054902 0.5 0 0
11270 0.00428147 0 115.5 0.0588235 0.5 0 0
11280 0.00424246 0 115.5 0.0588235 0.5 0 0
11290 0.00424246 0 115.5 0.0588235 0.5 0 0
11300 0.00425808 0 115.5 0.0588235 0.5 0 0
11310 0.00425808 0 115.5 0.0588235 0.5 0 0
11320 0.00427283 0 115.5 0.054902 0.5 0 0
11330 0.00427283 0 115.5 0.054902 0.5 0 0
11340 0.00436504 0.375 115.875 0.0509804 0.5 0 0
11350 0.00436504 0.375 115.875 0.0509804 0.5 0 0
11360 0.00430209 0.375 116.25 0.0509804 0.5 0 0
11370 0.00430209 0.375 116.25 0.054902 0.5 0 0
11380 0.00430128 0.375 116.625 0.054902 0.5 0 0
11390 0.00430128 0.375 116.625 0.0509804 0.5 0 0
11400 0.0042991 0.375 117 0.054902 0.5 0 0
11410 0.0042991 0.375 117 0.054902 0.5 0 0
11420 0.0043275 0.375 117.375 0.0509804 0.5 0 0
11430 0.0043275 0.375 117.375 0.054902 0.5 0 0
11440 0.00431852 0.375 117.75 0.054902 0.5 0 0
11450 0.00431852 0.375 117.75 0.0509804 0.5 0 0
11460 0.00431445 0.25 118 0.054902 0.5 0 0
11470 0.00431445 0.25 118 0.054902 0.5 0 0
11480 0.00427095 0.25 118.25 0.054902 0.5 0 0
11490 0.00427095 0.25 118.25 0.0509804 0.5 0 0
11500 0.00426474 0.25 118.5 0.054902 0.5 0 0
11510 0.00426474 0.25 118.5 0.054902 0.5 0 0
11520 0.00424468 0.25 118.75 0.0509804 0.5 0 0
11530 0.00424468 0.25 118.75 0.054902 0.5 0 0
11540 0.00423484 0.25 119 0.0509804 0.5 0 0
11550 0.00423484 0.25 119 0.0509804 0.5 0 0
11560 0.00424644 0.25 119.25 0.0509804 0.5 0 0
11570 0.00424644 0.25 119.25 0.0509804 0.5 0 0
11580 0.00419682 0.25 119.5 0.0509804 0.5 0 0
11590 0.00419682 0.25 119.5 0.0509804 0.5 0 0
11600 0.00419479 0 119.5 0.0509804 0.5 0 0
11610 0.00419479 0 119.5 0.0509804 0.5 0 0
11620 0.00424594 0 119.5 0.0509804 0.5 0 0
11630 0.00424594 0 119.5 0.0509804 0.5 0 0
11640 0.00435147 0 119.5 0.0509804 0.5 0 0
11650 0.00435147 0 119.5 0.0509804 0.5 0 0
11660 0.0045808 0 119.5 0.054902 0.5 0 0
11670 0.0045808 0 119.5 0.054902 0.5 0 0
11680 0.00468858 0 119.5 0.054902 0.5 0 0
11690 0.00468858 0 119.5 0.054902 0.5 0 0
11700 0.00469902 0 119.5 0.054902 0.5 0 0
11710 0.00469902 0 119.5 0.054902 0.5 0 0
11720 0.00456747 0 119.5 0.0588235 0.5 0 0
11730 0.00456747 0 119.5 0.0588235 0.5 0 0
11740 0.00449423 0 119.5 0.0588235 0.5 0 0
11750 0.00449423 0 119.5 0.054902 0.5 0 0
11760 0.00438967 0 119.5 0.054902 0.5 0 0
11770 0.00438967 0 119.5 0.0509804 0.5 0 0
11780 0.00425507 0 119.5 0.0470588 0.5 0 0
11790 0.00425507 0 119.5 0.0509804 0.5 0 0
11800 0.00414742 0.5 120 0.0470588 0.5 0 0
11810 0.00414742 0.5 120 0.0470588 0.5 0 0
11820 0.00408826 0.5 120.5 0.0470588 0.5 0 0
11830 0.00408826 0.5 120.5 0.0509804 0.5 0 0
11840 0.00409293 0.5 121 0.0509804 0.5 0 0
11850 0.00409293 0.5 121 0.054902 0.5 0 0
11860 0.00416337 0.5 121.5 0.0588235 0.5 0 0
11870 0.00416337 0.5 121.5 0.0588235 0.5 0 0
11880 0.00422359 0.5 122 0.0588235 0.5 0 0
11890 0.00422359 0.5 122 0.0588235 0.5 0 0
11900 0.00418595 0.5 122.5 0.0588235 0.5 0 0
11910 0.00418595 0.5 122.5 0.054902 0.5 0 0
11920 0.00409903 0.625 123.125 0.0588235 0.5 0 0
11930 0.00409903 0.625 123.125 0.0588235 0.5 0 0
11940 0.00412853 0.625 123.75 0.0627451 0.5 0 0
11950 0.00412853 0.625 123.75 0.0666667 0.5 0 0
11960 0.00416731 0.375 124.125 0.0666667 0.5 0 0
11970 0.00416731 0.375 124.125 0.0666667 0.5 0 0
11980 0.0041625 0.375 124.5 0.0627451 0.5 0 0
11990 0.0041625 0.375 124.5 0.0588235 0.5 0 0
12000 0.00408624 0.375 124.875 0.054902 0.5 0 0
12010 0.00408624 0.375 124.875 0.054902 0.5 0 0
12020 0.0040443 0.5 125.375 0.0509804 0.5 0 0
12030 0.0040443 0.5 125.375 0.0509804 0.5 0 0
12040 0.00404651 0.25 125.625 0.0509804 0.5 0 0
12050 0.00404651 0.25 125.625 0.0509804 0.5 0 0
12060 0.0040957 0.25 125.875 0.0509804 0.5 0 0
12070 0.0040957 0.25 125.875 0.0509804 0.5 0 0
12080 0.00417205 0.25 126.125 0.054902 0.5 0 0
12090 0.00417205 0.25 126.125 0.054902 0.5 0 0
12100 0.00429655 0.25 126.375 0.054902 0.5 0 0
12110 0.00429655 0.25 126.375 0.054902 0.5 0 0
12120 0.00434122 0.25 126.625 0.054902 0.5 0 0
12130 0.00434122 0.25 126.625 0.054902 0.5 0 0
12140 0.00434273 0.25 126.875 0.054902 0.5 0 0
12150 0.00434273 0.25 126.875 0.054902 0.5 0 0
12160 0.00434593 0.25 127.125 0.054902 0.5 0 0
12170 0.00434593 0.25 127.125 0.054902 0.5 0 0
12180 0.00429092 0 127.125 0.054902 0.5 0 0
12190 0.00429092 0 127.125 0.0509804 0.5 0 0
12200 0.00432254 0 127.125 0.0509804 0.5 0 0
12210 0.00432254 0 127.125 0.054902 0.5 0 0
12220 0.0044536 0.25 127.375 0.0588235 0.5 0 0
12230 0.0044536 0.25 127.375 0.0588235 0.5 0 0
12240 0.00451302 0.25 127.625 0.0627451 0.5 0 0
12250 0.00451302 0.25 127.625 0.0627451 0.5 0 0
12260 0.00453249 0.25 127.875 0.0666667 0.5 0 0
12270 0.00453249 0.25 127.875 0.0627451 0.5 0 0
12280 0.00452044 0.375 128.25 0.0666667 0.5 0 0
12290 0.00452044 0.375 128.25 0.0666667 0.5 0 0
12300 0.00460299 0.375 128.625 0.0627451 0.5 0 0
12310 0.00460299 0.375 128.625 0.0627451 0.5 0 0
12320 0.00470682 0.5 129.125 0.0627451 0.5 0 0
12330 0.00470682 0.5 129.125 0.0588235 0.5 0 0
12340 0.00477113 0.5 129.625 0.054902 0.5 0 0
12350 0.00477113 0.5 129.625 0.0509804 0.5 0 0
12360 0.00485643 0.5 130.125 0.054902 0.5 0 0
12370 0.00485643 0.5 130.125 0.054902 0.5 0 0
12380 0.00477292 0.5 130.625 0.054902 0.5 0 0
12390 0.00477292 0.5 130.625 0.054902 0.5 0 0
12400 0.00473943 0.5 131.125 0.054902 0.5 0 0
12410 0.00473943 0.5 131.125 0.054902 0.5 0 0
12420 0.00469835 0.625 131.75 0.0509804 0.5 0 0
12430 0.00469835 0.625 131.75 0.0509804 0.5 0 0
12440 0.00462578 0.625 132.375 0.0509804 0.5 0 0
12450 0.00462578 0.625 132.375 0.0509804 0.5 0 0
12460 0.00457744 0.75 133.125 0.0509804 0.5 0 0
12470 0.00457744 0.75 133.125 0.0509804 0.5 0 0
12480 0.00455477 0.5 133.625 0.0509804 0.5 0 0
12490 0.00455477 0.5 133.625 0.0509804 0.5 0 0
12500 0.00454193 0.5 134.125 0.0509804 0.5 0 0
12510 0.00454193 0.5 134.125 0.0509804 0.5 0 0
12520 0.00453496 0.5 134.625 0.0509804 0.5 0 0
12530 0.00453496 0.5 134.625 0.0509804 0.5 0 0
12540 0.00449137 0.625 135.25 0.0509804 0.5 0 0
12550 0.00449137 0.625 135.25 0.0509804 0.5 0 0
12560 0.0044748 0.625 135.875 0.0509804 0.5 0 0
12570 0.0044748 0.625 135.875 0.0509804 0.5 0 0
12580 0.00448573 0.625 136.5 0.0509804 0.5 0 0
12590 0.00448573 0.625 136.5 0.0509804 0.5 0 0
12600 0.00447633 0.625 137.125 0.0509804 0.5 0 0
12610 0.00447633 0.625 137.125 0.0509804 0.5 0 0
12620 0.00447284 0.625 137.75 0.0509804 0.5 0 0
12630 0.00447284 0.625 137.75 0.0509804 0.5 0 0
12640 0.00448636 0.625 138.375 0.0509804 0.5 0 0
12650 0.00448636 0.625 138.375 0.0509804 0.5 0 0
12660 0.00452008 0.625 139 0.0509804 0.5 0 0
12670 0.00452008 0.625 139 0.054902 0.5 0 0
12680 0.00452252 0.625 139.625 0.0509804 0.5 0 0
12690 0.00452252 0.625 139.625 0.0509804 0.5 0 0
12700 0.00452468 0.625 140.25 0.054902 0.5 0 0
12710 0.00452468 0.625 140.25 0.0509804 0.5 0 0
12720 0.00452053 0.625 140.875 0.054902 0.5 0 0
12730 0.00452053 0.625 140.875 0.054902 0.5 0 0
12740 0.00451852 0.625 141.5 0.0509804 0.5 0 0
12750 0.00451852 0.625 141.5 0.054902 0.5 0 0
12760 0.00450712 0.375 141.875 0.0509804 0.5 0 0
12770 0.00450712 0.375 141.875 0.0509804 0.5 0 0
12780 0.00449139 0.5 142.375 0.054902 0.5 0 0
12790 0.00449139 0.5 142.375 0.0509804 0.5 0 0
12800 0.00448551 0.625 143 0.0509804 0.5 0 0
12810 0.00448551 0.625 143 0.0509804 0.5 0 0
12820 0.00447701 0.625 143.625 0.0509804 0.5 0 0
12830 0.00447701 0.625 143.625 0.0509804 0.5 0 0
12840 0.00447043 0.625 144.25 0.054902 0.5 0 0
12850 0.00447043 0.625 144.25 0.0509804 0.5 0 0
12860 0.00446622 0.625 144.875 0.0509804 0.5 0 0
12870 0.00446622 0.625 144.875 0.0509804 0.5 0 0
12880 0.00445813 0.5 145.375 0.054902 0.5 0 0
12890 0.00445813 0.5 145.375 0.0509804 0.5 0 0
12900 0.00443631 0.375 145.75 0.054902 0.5 0 0
12910 0.00443631 0.375 145.75 0.0509804 0.5 0 0
12920 0.00444978 0.375 146.125 0.0509804 0.5 0 0
12930 0.00444978 0.375 146.125 0.054902 0.5 0 0
12940 0.00445269 0.375 146.5 0.054902 0.5 0 0
12950 0.00445269 0.375 146.5 0.0509804 0.5 0 0
12960 0.00444924 0.375 146.875 0.0509804 0.5 0 0
12970 0.00444924 0.375 146.875 0.0509804 0.5 0 0
12980 0.00444694 0.375 147.25 0.0509804 0.5 0 0
12990 0.00444694 0.375 147.25 0.054902 0.5 0 0
13000 0.00444289 0.375 147.625 0.0509804 0.5 0 0
13010 0.00444289 0.375 147.625 0.054902 0.5 0 0
13020 0.00444235 0.375 148 0.054902 0.5 0 0
13030 0.00444235 0.375 148 0.054902 0.5 0 0
13040 0.00443959 0.375 148.375 0.0509804 0.5 0 0
13050 0.00443959 0.375 148.375 0.0509804 0.5 0 0
13060 0.00443679 0.375 148.75 0.0509804 0.5 0 0
13070 0.00443679 0.375 148.75 0.0509804 0.5 0 0
13080 0.00443221 0.375 149.125 0.0509804 0.5 0 0
13090 0.00443221 0.375 149.125 0.0509804 0.5 0 0
13100 0.00442671 0.375 149.5 0.0509804 0.5 0 0
13110 0.00442671 0.375 149.5 0.0509804 0.5 0 0
13120 0.00442423 0 149.5 0.0509804 0.5 0 0
13130 0.00442423 0 149.5 0.0509804 0.5 0 0
13140 0.00433239 0 149.5 0.0509804 0.5 0 0
13150 0.00433239 0 149.5 0.054902 0.5 0 0
13160 0.00423215 0 149.5 0.054902 0.5 0 0
13170 0.00423215 0 149.5 0.054902 0.5 0 0
13180 0.00423151 0 149.5 0.054902 0.5 0 0
13190 0.00423151 0 149.5 0.0588235 0.5 0 0
13200 0.00427522 0 149.5 0.0588235 0.5 0 0
13210 0.00427522 0 149.5 0.0588235 0.5 0 0
13220 0.00429272 0 149.5 0.0588235 0.5 0 0
13230 0.00429272 0 149.5 0.054902 0.5 0 0
13240 0.00431025 0 149.5 0.054902 0.5 0 0
13250 0.00431025 0 149.5 0.0509804 0.5 0 0
13260 0.0042818 0 149.5 0.0509804 0.5 0 0
13270 0.0042818 0 149.5 0.054902 0.5 0 0
13280 0.00421873 0.25 149.75 0.054902 0.5 0 0
13290 0.00421873 0.25 149.75 0.054902 0.5 0 0
13300 0.00425122 0.25 150 0.054902 0.5 0 0
13310 0.00425122 0.25 150 0.0588235 0.5 0 0
13320 0.00425772 0.25 150.25 0.054902 0.5 0 0
13330 0.00425772 0.25 150.25 0.0588235 0.5 0 0
13340 0.00417896 0.25 150.5 0.0627451 0.5 0 0
13350 0.00417896 0.25 150.5 0.0627451 0.5 0 0
13360 0.00420572 0.25 150.75 0.0627451 0.5 0 0
13370 0.00420572 0.25 150.75 0.0666667 0.5 0 0
13380 0.0042428 0.25 151 0.0627451 0.5 0 0
13390 0.0042428 0.25 151 0.0627451 0.5 0 0
13400 0.00422011 0.25 151.25 0.0588235 0.5 0 0
13410 0.00422011 0.25 151.25 0.054902 0.5 0 0
13420 0.0042735 0.375 151.625 0.054902 0.5 0 0
13430 0.0042735 0.375 151.625 0.0509804 0.5 0 0
13440 0.00430818 0.375 152 0.0509804 0.5 0 0
13450 0.00430818 0.375 152 0.0509804 0.5 0 0
13460 0.00434794 0.375 152.375 0.0509804 0.5 0 0
13470 0.00434794 0.375 152.375 0.0509804 0.5 0 0
13480 0.00442343 0.5 152.875 0.0509804 0.5 0 0
13490 0.00442343 0.5 152.875 0.0509804 0.5 0 0
13500 0.00448037 0.5 153.375 0.0509804 0.5 0 0
13510 0.00448037 0.5 153.375 0.0509804 0.5 0 0
13520 0.0045572 0.5 153.875 0.0509804 0.5 0 0
13530 0.0045572 0.5 153.875 0.0509804 0.5 0 0
13540 0.00463995 0.5 154.375 0.0509804 0.5 0 0
13550 0.00463995 0.5 154.375 0.0509804 0.5 0 0
13560 0.00459951 0.5 154.875 0.0509804 0.5 0 0
13570 0.00459951 0.5 154.875 0.0509804 0.5 0 0
13580 0.00458793 0.375 155.25 0.0509804 0.5 0 0
13590 0.00458793 0.375 155.25 0.0509804 0.5 0 0
13600 0.00450683 0.375 155.625 0.0509804 0.5 0 0
13610 0.00450683 0.375 155.625 0.0509804 0.5 0 0
13620 0.00447812 0.5 156.125 0.0509804 0.5 0 0
13630 0.00447812 0.5 156.125 0.0509804 0.5 0 0
13640 0.0044494 0.625 156.75 0.0509804 0.5 0 0
13650 0.0044494 0.625 156.75 0.0509804 0.5 0 0
13660 0.00446833 0.375 157.125 0.054902 0.5 0 0
13670 0.00446833 0.375 157.125 0.054902 0.5 0 0
13680 0.00449138 0.375 157.5 0.054902 0.5 0 0
13690 0.00449138 0.375 157.5 0.054902 0.5 0 0
13700 0.00453779 0.375 157.875 0.054902 0.5 0 0
13710 0.00453779 0.375 157.875 0.054902 0.5 0 0
13720 0.0045129 0.375 158.25 0.054902 0.5 0 0
13730 0.0045129 0.375 158.25 0.0588235 0.5 0 0
13740 0.00456446 0.5 158.75 0.0588235 0.5 0 0
13750 0.00456446 0.5 158.75 0.0627451 0.5 0 0
13760 0.00464552 0.5 159.25 0.0627451 0.5 0 0
13770 0.00464552 0.5 159.25 0.0627451 0.5 0 0
13780 0.00460823 0.5 159.75 0.0627451 0.5 0 0
13790 0.00460823 0.5 159.75 0.0627451 0.5 0 0
13800 0.00443426 0.5 160.25 0.0588235 0.5 0 0
13810 0.00443426 0.5 160.25 0.054902 0.5 0 0
13820 0.0042546 0.5 160.75 0.0509804 0.5 0 0
13830 0.0042546 0.5 160.75 0.0470588 0.5 0 0
13840 0.00411108 0.75 161.5 0.0470588 0.5 0 0
13850 0.00411108 0.75 161.5 0.0509804 0.5 0 0
13860 0.00414402 0.5 162 0.0509804 0.5 0 0
13870 0.00414402 0.5 162 0.0509804 0.5 0 0
13880 0.0042459 0.5 162.5 0.0509804 0.5 0 0
13890 0.0042459 0.5 162.5 0.0509804 0.5 0 0
13900 0.00444712 0.5 163 0.0509804 0.5 0 0
13910 0.00444712 0.5 163 0.0509804 0.5 0 0
13920 0.00452757 0.625 163.625 0.0509804 0.5 0 0
13930 0.00452757 0.625 163.625 0.0509804 0.5 0 0
13940 0.00456296 0.625 164.25 0.0509804 0.5 0 0
13950 0.00456296 0.625 164.25 0.0509804 0.5 0 0
13960 0.0045834 0.625 164.875 0.0509804 0.5 0 0
13970 0.0045834 0.625 164.875 0.0509804 0.5 0 0
13980 0.00450309 0.5 165.375 0.0509804 0.5 0 0
13990 0.00450309 0.5 165.375 0.0509804 0.5 0 0
14000 0.00447517 0.5 165.875 0.0509804 0.5 0 0
14010 0.00447517 0.5 165.875 0.0509804 0.5 0 0
14020 0.00448731 0.625 166.5 0.0509804 0.5 0 0
14030 0.00448731 0.625 166.5 0.0509804 0.5 0 0
14040 0.00454401 0.625 167.125 0.0509804 0.5 0 0
14050 0.00454401 0.625 167.125 0.0509804 0.5 0 0
14060 0.00456456 0.625 167.75 0.0509804 0.5 0 0
14070 0.00456456 0.625 167.75 0.0509804 0.5 0 0
14080 0.00452788 0.5 168.25 0.0509804 0.5 0 0
14090 0.00452788 0.5 168.25 0.0509804 0.5 0 0
14100 0.00450595 0.5 168.75 0.0509804 0.5 0 0
14110 0.00450595 0.5 168.75 0.0509804 0.5 0 0
14120 0.00447993 0.5 169.25 0.0509804 0.5 0 0
14130 0.00447993 0.5 169.25 0.0509804 0.5 0 0
14140 0.00449235 0.5 169.75 0.0509804 0.5 0 0
14150 0.00449235 0.5 169.75 0.0509804 0.5 0 0
14160 0.00448759 0.5 170.25 0.0509804 0.5 0 0
14170 0.00448759 0.5 170.25 0.0509804 0.5 0 0
14180 0.00449936 0.5 170.75 0.0509804 0.5 0 0
14190 0.00449936 0.5 170.75 0.0509804 0.5 0 0
14200 0.00445888 0.375 171.125 0.0509804 0.5 0 0
14210 0.00445888 0.375 171.125 0.054902 0.5 0 0
14220 0.00440531 0.25 171.375 0.0509804 0.5 0 0
14230 0.00440531 0.25 171.375 0.0509804 0.5 0 0
14240 0.0044445 0.25 171.625 0.054902 0.5 0 0
14250 0.0044445 0.25 171.625 0.0509804 0.5 0 0
14260 0.00444531 0.25 171.875 0.0509804 0.5 0 0
14270 0.00444531 0.25 171.875 0.054902 0.5 0 0
14280 0.004429 0.25 172.125 0.0509804 0.5 0 0
14290 0.004429 0.25 172.125 0.0509804 0.5 0 0
14300 0.00436525 0 172.125 0.0509804 0.5 0 0
14310 0.00436525 0 172.125 0.0509804 0.5 0 0
14320 0.00419573 0.25 172.375 0.0470588 0.5 0 0
14330 0.00419573 0.25 172.375 0.0470588 0.5 0 0
14340 0.00415408 0.75 173.125 0.0470588 0.5 0 0
14350 0.00415408 0.75 173.125 0.0509804 0.5 0 0
14360 0.00409342 0.75 173.875 0.0509804 0.5 0 0
14370 0.00409342 0.75 173.875 0.054902 0.5 0 0
14380 0.00410295 0.75 174.625 0.054902 0.5 0 0
14390 0.00410295 0.75 174.625 0.054902 0.5 0 0
14400 0.00412153 0.75 175.375 0.054902 0.5 0 0
14410 0.00412153 0.75 175.375 0.0509804 0.5 0 0
14420 0.00413912 0.75 176.125 0.054902 0.5 0 0
14430 0.00413912 0.75 176.125 0.0509804 0.5 0 0
14440 0.00420986 0.875 177 0.0509804 0.5 0 0
14450 0.00420986 0.875 177 0.0509804 0.5 0 0
14460 0.00422895 0.5 177.5 0.0509804 0.5 0 0
14470 0.00422895 0.5 177.5 0.0509804 0.5 0 0
14480 0.00415222 0.25 177.75 0.0509804 0.5 0 0
14490 0.00415222 0.25 177.75 0.0509804 0.5 0 0
14500 0.00414121 0.25 178 0.054902 0.5 0 0
14510 0.00414121 0.25 178 0.054902 0.5 0 0
14520 0.00413796 0.375 178.375 0.0509804 0.5 0 0
14530 0.00413796 0.375 178.375 0.0470588 0.5 0 0
14540 0.00413326 0.375 178.75 0.0470588 0.5 0 0
14550 0.00413326 0.375 178.75 0.0470588 0.5 0 0
14560 0.00401855 0.375 179.125 0.0509804 0.5 0 0
14570 0.00401855 0.375 179.125 0.0509804 0.5 0 0
14580 0.00402779 0.375 179.5 0.0509804 0.5 0 0
14590 0.00402779 0.375 179.5 0.0509804 0.5 0 0
14600 0.00403435 0.375 179.875 0.054902 0.5 0 0
14610 0.00403435 0.375 179.875 0.0509804 0.5 0 0
14620 0.00401923 0.375 180.25 0.0509804 0.5 0 0
14630 0.00401923 0.375 180.25 0.0509804 0.5 0 0
14640 0.00398007 0.5 180.75 0.0509804 0.5 0 0
14650 0.00398007 0.5 180.75 0.0509804 0.5 0 0
14660 0.00397416 0.375 181.125 0.0509804 0.5 0 0
14670 0.00397416 0.375 181.125 0.0509804 0.5 0 0
14680 0.00394687 0.375 181.5 0.0509804 0.5 0 0
14690 0.00394687 0.375 181.5 0.0509804 0.5 0 0
14700 0.00399475 0.375 181.875 0.054902 0.5 0 0
14710 0.00399475 0.375 181.875 0.0509804 0.5 0 0
14720 0.00404799 0.375 182.25 0.0509804 0.5 0 0
14730 0.00404799 0.375 182.25 0.0509804 0.5 0 0
14740 0.00405768 0.375 182.625 0.0509804 0.5 0 0
14750 0.00405768 0.375 182.625 0.0509804 0.5 0 0
14760 0.00404899 0.375 183 0.0509804 0.5 0 0
14770 0.00404899 0.375 183 0.054902 0.5 0 0
14780 0.0040781 0.25 183.25 0.054902 0.5 0 0
14790 0.0040781 0.25 183.25 0.0509804 0.5 0 0
14800 0.00407647 0.25 183.5 0.054902 0.5 0 0
14810 0.00407647 0.25 183.5 0.054902 0.5 0 0
14820 0.00403838 0 183.5 0.0470588 0.5 0 0
14830 0.00403838 0 183.5 0.0470588 0.5 0 0
14840 0.00417181 0.75 184.25 0.0470588 0.5 0 0
14850 0.00417181 0.75 184.25 0.0470588 0.5 0 0
14860 0.00438273 0.75 185 0.0509804 0.5 0 0
14870 0.00438273 0.75 185 0.0509804 0.5 0 0
14880 0.00447761 0.75 185.75 0.0470588 0.5 0 0
14890 0.00447761 0.75 185.75 0.0509804 0.5 0 0
14900 0.0046234 0.75 186.5 0.0509804 0.5 0 0
14910 0.0046234 0.75 186.5 0.0509804 0.5 0 0
14920 0.00465809 0.75 187.25 0.054902 0.5 0 0
14930 0.00465809 0.75 187.25 0.0509804 0.5 0 0
14940 0.00473397 0.75 188 0.0509804 0.5 0 0
14950 0.00473397 0.75 188 0.054902 0.5 0 0
14960 0.00476337 0.5 188.5 0.054902 0.5 0 0
14970 0.00476337 0.5 188.5 0.0509804 0.5 0 0
14980 0.0047683 0.625 189.125 0.0509804 0.5 0 0
14990 0.0047683 0.625 189.125 0.054902 0.5 0 0
15000 0.00477767 0.5 189.625 0.054902 0.5 0 0
15010 0.00477767 0.5 189.625 0.054902 0.5 0 0
15020 0.00479126 0.5 190.125 0.054902 0.5 0 0
15030 0.00479126 0.5 190.125 0.054902 0.5 0 0
15040 0.00480047 0.5 190.625 0.054902 0.5 0 0
15050 0.00480047 0.5 190.625 0.054902 0.5 0 0
15060 0.00479622 0.5 191.125 0.054902 0.5 0 0
15070 0.00479622 0.5 191.125 0.054902 0.5 0 0
15080 0.00483354 0.5 191.625 0.054902 0.5 0 0
15090 0.00483354 0.5 191.625 0.054902 0.5 0 0
15100 0.00478287 0.25 191.875 0.054902 0.5 0 0
15110 0.00478287 0.25 191.875 0.054902 0.5 0 0
15120 0.00468375 0.375 192.25 0.054902 0.5 0 0
15130 0.00468375 0.375 192.25 0.0509804 0.5 0 0
15140 0.00473854 0.375 192.625 0.0509804 0.5 0 0
15150 0.00473854 0.375 192.625 0.0509804 0.5 0 0
15160 0.00474404 0.625 193.25 0.0509804 0.5 0 0
15170 0.00474404 0.625 193.25 0.054902 0.5 0 0
15180 0.00473615 0.625 193.875 0.0509804 0.5 0 0
15190 0.00473615 0.625 193.875 0.0509804 0.5 0 0
15200 0.00472471 0.625 194.5 0.054902 0.5 0 0
15210 0.00472471 0.625 194.5 0.0509804 0.5 0 0
15220 0.00470514 0.625 195.125 0.0509804 0.5 0 0
15230 0.00470514 0.625 195.125 0.0509804 0.5 0 0
15240 0.00471028 0.5 195.625 0.054902 0.5 0 0
15250 0.00471028 0.5 195.625 0.0509804 0.5 0 0
15260 0.00473686 0.5 196.125 0.0509804 0.5 0 0
15270 0.00473686 0.5 196.125 0.0509804 0.5 0 0
15280 0.00476693 0.5 196.625 0.0509804 0.5 0 0
15290 0.00476693 0.5 196.625 0.0509804 0.5 0 0
15300 0.00466586 0.5 197.125 0.0509804 0.5 0 0
15310 0.00466586 0.5 197.125 0.0509804 0.5 0 0
15320 0.00465118 0.5 197.625 0.0509804 0.5 0 0
15330 0.00465118 0.5 197.625 0.0509804 0.5 0 0
15340 0.00463656 0.5 198.125 0.0509804 0.5 0 0
15350 0.00463656 0.5 198.125 0.0509804 0.5 0 0
15360 0.00463908 0.5 198.625 0.0509804 0.5 0 0
15370 0.00463908 0.5 198.625 0.0509804 0.5 0 0
15380 0.00465037 0.5 199.125 0.0509804 0.5 0 0
15390 0.00465037 0.5 199.125 0.0509804 0.5 0 0
15400 0.00462538 0.25 199.375 0.0509804 0.5 0 0
15410 0.00462538 0.25 199.375 0.0509804 0.5 0 0
15420 0.00450855 0.25 199.625 0.0509804 0.5 0 0
15430 0.00450855 0.25 199.625 0.0509804 0.5 0 0
15440 0.00437095 0.5 200.125 0.0509804 0.5 0 0
15450 0.00437095 0.5 200.125 0.0509804 0.5 0 0
15460 0.00431317 0.75 200.875 0.0509804 0.5 0 0
15470 0.00431317 0.75 200.875 0.0509804 0.5 0 0
15480 0.00427944 0.5 201.375 0.0509804 0.5 0 0
15490 0.00427944 0.5 201.375 0.0509804 0.5 0 0
15500 0.00429532 0.5 201.875 0.0509804 0.5 0 0
15510 0.00429532 0.5 201.875 0.0509804 0.5 0 0
15520 0.00423836 0.5 202.375 0.0470588 0.5 0 0
15530 0.00423836 0.5 202.375 0.0470588 0.5 0 0
15540 0.00407098 0.5 202.875 0.0509804 0.5 0 0
15550 0.00407098 0.5 202.875 0.0509804 0.5 0 0
15560 0.0039784 0.5 203.375 0.0509804 0.5 0 0
15570 0.0039784 0.5 203.375 0.0509804 0.5 0 0
15580 0.00397992 0.5 203.875 0.0509804 0.5 0 0
15590 0.00397992 0.5 203.875 0.0509804 0.5 0 0
15600 0.0039771 0.5 204.375 0.0509804 0.5 0 0
15610 0.0039771 0.5 204.375 0.0509804 0.5 0 0
15620 0.00399784 0.5 204.875 0.0509804 0.5 0 0
15630 0.00399784 0.5 204.875 0.054902 0.5 0 0
15640 0.00401982 0.5 205.375 0.0509804 0.5 0 0
15650 0.00401982 0.5 205.375 0.054902 0.5 0 0
15660 0.00400432 0.375 205.75 0.054902 0.5 0 0
15670 0.00400432 0.375 205.75 0.054902 0.5 0 0
15680 0.00406137 0.375 206.125 0.054902 0.5 0 0
15690 0.00406137 0.375 206.125 0.054902 0.5 0 0
15700 0.00405842 0.375 206.5 0.054902 0.5 0 0
15710 0.00405842 0.375 206.5 0.054902 0.5 0 0
15720 0.00405222 0.375 206.875 0.054902 0.5 0 0
15730 0.00405222 0.375 206.875 0.054902 0.5 0 0
15740 0.00404951 0.375 207.25 0.054902 0.5 0 0
15750 0.00404951 0.375 207.25 0.054902 0.5 0 0
15760 0.00404885 0.375 207.625 0.054902 0.5 0 0
15770 0.00404885 0.375 207.625 0.054902 0.5 0 0
15780 0.00404612 0.25 207.875 0.054902 0.5 0 0
15790 0.00404612 0.25 207.875 0.054902 0.5 0 0
15800 0.00407735 0.75 208.625 0.054902 0.5 0 0
15810 0.00407735 0.75 208.625 0.054902 0.5 0 0
15820 0.00409275 0.75 209.375 0.054902 0.5 0 0
15830 0.00409275 0.75 209.375 0.054902 0.5 0 0
15840 0.00409347 0.75 210.125 0.054902 0.5 0 0
15850 0.00409347 0.75 210.125 0.0588235 0.5 0 0
15860 0.00409103 0.75 210.875 0.054902 0.5 0 0
15870 0.00409103 0.75 210.875 0.054902 0.5 0 0
15880 0.00409267 0.75 211.625 0.054902 0.5 0 0
15890 0.00409267 0.75 211.625 0.054902 0.5 0 0
15900 0.00409476 0.75 212.375 0.054902 0.5 0 0
15910 0.00409476 0.75 212.375 0.0509804 0.5 0 0
15920 0.00409758 0.25 212.625 0.0509804 0.5 0 0
15930 0.00409758 0.25 212.625 0.0470588 0.5 0 0
15940 0.00425367 0.5 213.125 0.0470588 0.5 0 0
15950 0.00425367 0.5 213.125 0.0509804 0.5 0 0
15960 0.00443773 0.625 213.75 0.0509804 0.5 0 0
15970 0.00443773 0.625 213.75 0.0509804 0.5 0 0
15980 0.00451372 0.625 214.375 0.0509804 0.5 0 0
15990 0.00451372 0.625 214.375 0.0509804 0.5 0 0
16000 0.00458133 0.625 215 0.0509804 0.5 0 0
16010 0.00458133 0.625 215 0.0509804 0.5 0 0
16020 0.00464478 0.625 215.625 0.0509804 0.5 0 0
16030 0.00464478 0.625 215.625 0.054902 0.5 0 0
16040 0.00464513 0.375 216 0.054902 0.5 0 0
16050 0.00464513 0.375 216 0.054902 0.5 0 0
16060 0.00462239 0.375 216.375 0.054902 0.5 0 0
16070 0.00462239 0.375 216.375 0.054902 0.5 0 0
16080 0.00455747 0.25 216.625 0.054902 0.5 0 0
16090 0.00455747 0.25 216.625 0.054902 0.5 0 0
16100 0.00445237 0.25 216.875 0.054902 0.5 0 0
16110 0.00445237 0.25 216.875 0.0509804 0.5 0 0
16120 0.00438199 0.25 217.125 0.0509804 0.5 0 0
16130 0.00438199 0.25 217.125 0.0509804 0.5 0 0
16140 0.00435089 0.25 217.375 0.0509804 0.5 0 0
16150 0.00435089 0.25 217.375 0.0509804 0.5 0 0
16160 0.00432484 0.25 217.625 0.0470588 0.5 0 0
16170 0.00432484 0.25 217.625 0.0470588 0.5 0 0
16180 0.00445186 0.25 217.875 0.0509804 0.5 0 0
16190 0.00445186 0.25 217.875 0.0509804 0.5 0 0
16200 0.00447841 0.25 218.125 0.0509804 0.5 0 0
16210 0.00447841 0.25 218.125 0.0509804 0.5 0 0
16220 0.00448995 0.25 218.375 0.0509804 0.5 0 0
16230 0.00448995 0.25 218.375 0.0509804 0.5 0 0
16240 0.00444652 0.25 218.625 0.0509804 0.5 0 0
16250 0.00444652 0.25 218.625 0.0509804 0.5 0 0
16260 0.00444618 0.25 218.875 0.0509804 0.5 0 0
16270 0.00444618 0.25 218.875 0.0509804 0.5 0 0
16280 0.00451293 0.25 219.125 0.0509804 0.5 0 0
16290 0.00451293 0.25 219.125 0.0509804 0.5 0 0
16300 0.00456245 0.25 219.375 0.0509804 0.5 0 0
16310 0.00456245 0.25 219.375 0.0509804 0.5 0 0
16320 0.0045153 0.25 219.625 0.0509804 0.5 0 0
16330 0.0045153 0.25 219.625 0.0509804 0.5 0 0
16340 0.00448493 0.25 219.875 0.0509804 0.5 0 0
16350 0.00448493 0.25 219.875 0.0509804 0.5 0 0
16360 0.00446576 0 219.875 0.0470588 0.5 0 0
16370 0.00446576 0 219.875 0.0470588 0.5 0 0
16380 0.00432729 0.25 220.125 0.0470588 0.5 0 0
16390 0.00432729 0.25 220.125 0.0470588 0.5 0 0
16400 0.00408375 0.625 220.75 0.0470588 0.5 0 0
16410 0.00408375 0.625 220.75 0.0509804 0.5 0 0
16420 0.00402307 0.625 221.375 0.0509804 0.5 0 0
16430 0.00402307 0.625 221.375 0.0509804 0.5 0 0
16440 0.00399622 0.625 222 0.0509804 0.5 0 0
16450 0.00399622 0.625 222 0.0509804 0.5 0 0
16460 0.00397752 0.625 222.625 0.0509804 0.5 0 0
16470 0.00397752 0.625 222.625 0.0509804 0.5 0 0
16480 0.00405703 0.625 223.25 0.054902 0.5 0 0
16490 0.00405703 0.625 223.25 0.054902 0.5 0 0
16500 0.00405228 0.625 223.875 0.054902 0.5 0 0
16510 0.00405228 0.625 223.875 0.054902 0.5 0 0
16520 0.004082 0.25 224.125 0.054902 0.5 0 0
16530 0.004082 0.25 224.125 0.054902 0.5 0 0
16540 0.00408499 0.375 224.5 0.0470588 0.5 0 0
16550 0.00408499 0.375 224.5 0.0470588 0.5 0 0
16560 0.00411193 0.375 224.875 0.0470588 0.5 0 0
16570 0.00411193 0.375 224.875 0.0470588 0.5 0 0
16580 0.00415484 0.375 225.25 0.0470588 0.5 0 0
16590 0.00415484 0.375 225.25 0.0470588 0.5 0 0
16600 0.0041717 0.375 225.625 0.0509804 0.5 0 0
16610 0.0041717 0.375 225.625 0.0509804 0.5 0 0
16620 0.00426069 0.5 226.125 0.054902 0.5 0 0
16630 0.00426069 0.5 226.125 0.054902 0.5 0 0
16640 0.0043346 0.5 226.625 0.0588235 0.5 0 0
16650 0.0043346 0.5 226.625 0.0627451 0.5 0 0
16660 0.0043406 0.5 227.125 0.0666667 0.5 0 0
16670 0.0043406 0.5 227.125 0.0666667 0.5 0 0
16680 0.00429275 0.5 227.625 0.0666667 0.5 0 0
16690 0.00429275 0.5 227.625 0.0627451 0.5 0 0
16700 0.0042038 0.5 228.125 0.0588235 0.5 0 0
16710 0.0042038 0.5 228.125 0.054902 0.5 0 0
16720 0.00417283 0.25 228.375 0.054902 0.5 0 0
16730 0.00417283 0.25 228.375 0.054902 0.5 0 0
16740 0.00416164 0.25 228.625 0.054902 0.5 0 0
16750 0.00416164 0.25 228.625 0.054902 0.5 0 0
16760 0.004176 0.25 228.875 0.054902 0.5 0 0
16770 0.004176 0.25 228.875 0.054902 0.5 0 0
16780 0.00420873 0.25 229.125 0.0509804 0.5 0 0
16790 0.00420873 0.25 229.125 0.0509804 0.5 0 0
16800 0.00415044 0.5 229.625 0.054902 0.5 0 0
16810 0.00415044 0.5 229.625 0.0509804 0.5 0 0
16820 0.00415148 0.5 230.125 0.0509804 0.5 0 0
16830 0.00415148 0.5 230.125 0.0509804 0.5 0 0
16840 0.0042059 0.5 230.625 0.0509804 0.5 0 0
16850 0.0042059 0.5 230.625 0.0509804 0.5 0 0
16860 0.00436738 0.5 231.125 0.0509804 0.5 0 0
16870 0.00436738 0.5 231.125 0.054902 0.5 0 0
16880 0.00440325 0.5 231.625 0.0509804 0.5 0 0
16890 0.00440325 0.5 231.625 0.0509804 0.5 0 0
16900 0.00452625 0.5 232.125 0.0588235 0.5 0 0
16910 0.00452625 0.5 232.125 0.0588235 0.5 0 0
16920 0.00456697 0.5 232.625 0.0627451 0.5 0 0
16930 0.00456697 0.5 232.625 0.0627451 0.5 0 0
16940 0.00456378 0.75 233.375 0.0627451 0.5 0 0
16950 0.00456378 0.75 233.375 0.0627451 0.5 0 0
16960 0.00452375 0.5 233.875 0.0627451 0.5 0 0
16970 0.00452375 0.5 233.875 0.0627451 0.5 0 0
16980 0.00447891 0.375 234.25 0.0588235 0.5 0 0
16990 0.00447891 0.375 234.25 0.0509804 0.5 0 0
17000 0.00445477 0.5 234.75 0.0509804 0.5 0 0
17010 0.00445477 0.5 234.75 0.0509804 0.5 0 0
17020 0.00447653 0.5 235.25 0.0509804 0.5 0 0
17030 0.00447653 0.5 235.25 0.0509804 0.5 0 0
17040 0.00453046 0.5 235.75 0.0509804 0.5 0 0
17050 0.00453046 0.5 235.75 0.0509804 0.5 0 0
17060 0.00456192 0.5 236.25 0.0509804 0.5 0 0
17070 0.00456192 0.5 236.25 0.0509804 0.5 0 0
17080 0.00449558 0.5 236.75 0.0509804 0.5 0 0
17090 0.00449558 0.5 236.75 0.0509804 0.5 0 0
17100 0.00455106 0.5 237.25 0.0509804 0.5 0 0
17110 0.00455106 0.5 237.25 0.0509804 0.5 0 0
17120 0.00460049 0.375 237.625 0.0509804 0.5 0 0
17130 0.00460049 0.375 237.625 0.0509804 0.5 0 0
17140 0.00454639 0.25 237.875 0.0509804 0.5 0 0
17150 0.00454639 0.25 237.875 0.054902 0.5 0 0
17160 0.00455762 0.375 238.25 0.054902 0.5 0 0
17170 0.00455762 0.375 238.25 0.0509804 0.5 0 0
17180 0.00450728 0.375 238.625 0.054902 0.5 0 0
17190 0.00450728 0.375 238.625 0.054902 0.5 0 0
17200 0.00446239 0.375 239 0.054902 0.5 0 0
17210 0.00446239 0.375 239 0.054902 0.5 0 0
17220 0.00445883 0.375 239.375 0.054902 0.5 0 0
17230 0.00445883 0.375 239.375 0.0509804 0.5 0 0
17240 0.00449991 0.625 240 0.054902 0.5 0 0
17250 0.00449991 0.625 240 0.054902 0.5 0 0
17260 0.00452063 0.5 240.5 0.054902 0.5 0 0
17270 0.00452063 0.5 240.5 0.0509804 0.5 0 0
17280 0.00443155 0.25 240.75 0.0509804 0.5 0 0
17290 0.00443155 0.25 240.75 0.0509804 0.5 0 0
17300 0.00447022 0.25 241 0.0509804 0.5 0 0
17310 0.00447022 0.25 241 0.0509804 0.5 0 0
17320 0.00448851 0.25 241.25 0.0509804 0.5 0 0
17330 0.00448851 0.25 241.25 0.0509804 0.5 0 0
17340 0.00447235 0.375 241.625 0.0509804 0.5 0 0
17350 0.00447235 0.375 241.625 0.0509804 0.5 0 0
17360 0.00448521 0.375 242 0.054902 0.5 0 0
17370 0.00448521 0.375 242 0.054902 0.5 0 0
17380 0.00441094 0.375 242.375 0.054902 0.5 0 0
17390 0.00441094 0.375 242.375 0.0509804 0.5 0 0
17400 0.00427399 0.375 242.75 0.054902 0.5 0 0
17410 0.00427399 0.375 242.75 0.054902 0.5 0 0
17420 0.00424432 0.25 243 0.054902 0.5 0 0
17430 0.00424432 0.25 243 0.0588235 0.5 0 0
17440 0.00423246 0 243 0.0588235 0.5 0 0
17450 0.00423246 0 243 0.0627451 0.5 0 0
17460 0.00422783 0 243 0.0588235 0.5 0 0
17470 0.00422783 0 243 0.0509804 0.5 0 0
17480 0.00418074 0.625 243.625 0.0470588 0.5 0 0
17490 0.00418074 0.625 243.625 0.0470588 0.5 0 0
17500 0.00430277 0.625 244.25 0.0509804 0.5 0 0
17510 0.00430277 0.625 244.25 0.0470588 0.5 0 0
17520 0.00451826 0.625 244.875 0.0509804 0.5 0 0
17530 0.00451826 0.625 244.875 0.0509804 0.5 0 0
17540 0.0044187 0.625 245.5 0.0509804 0.5 0 0
17550 0.0044187 0.625 245.5 0.0509804 0.5 0 0
17560 0.0043807 0.625 246.125 0.0509804 0.5 0 0
17570 0.0043807 0.625 246.125 0.0470588 0.5 0 0
17580 0.00423911 0.625 246.75 0.0470588 0.5 0 0
17590 0.00423911 0.625 246.75 0.0470588 0.5 0 0
17600 0.00416013 0.75 247.5 0.0470588 0.5 0 0
17610 0.00416013 0.75 247.5 0.0470588 0.5 0 0
17620 0.00410184 0.875 248.375 0.0470588 0.5 0 0
17630 0.00410184 0.875 248.375 0.0470588 0.5 0 0
17640 0.00411678 0.875 249.25 0.0470588 0.5 0 0
17650 0.00411678 0.875 249.25 0.0470588 0.5 0 0
17660 0.00409089 1 250.25 0.0470588 0.5 0 0
17670 0.00409089 1 250.25 0.0470588 0.5 0 0
17680 0.00405053 1 251.25 0.0470588 0.5 0 0
17690 0.00405053 1 251.25 0.0470588 0.5 0 0
17700 0.00403197 1 252.25 0.0470588 0.5 0 0
17710 0.00403197 1 252.25 0.0470588 0.5 0 0
17720 0.00402458 1 253.25 0.0509804 0.5 0 0
17730 0.00402458 1 253.25 0.0470588 0.5 0 0
17740 0.00401453 1 254.25 0.0470588 0.5 0 0
17750 0.00401453 1 254.25 0.0509804 0.5 0 0
17760 0.00399151 1 255.25 0.0509804 0.5 0 0
17770 0.00399151 1 255.25 0.0509804 0.5 0 0
17780 0.00396872 1 256.25 0.0509804 0.5 0 0
17790 0.00396872 1 256.25 0.0509804 0.5 0 0
17800 0.00396609 0.375 256.625 0.0509804 0.5 0 0
17810 0.00396609 0.375 256.625 0.0509804 0.5 0 0
17820 0.00393264 0.5 257.125 0.0509804 0.5 0 0
17830 0.00393264 0.5 257.125 0.0509804 0.5 0 0
17840 0.00392669 0.5 257.625 0.0509804 0.5 0 0
17850 0.00392669 0.5 257.625 0.0509804 0.5 0 0
17860 0.00400264 0.75 258.375 0.0509804 0.5 0 0
17870 0.00400264 0.75 258.375 0.054902 0.5 0 0
17880 0.0041472 0.75 259.125 0.0509804 0.5 0 0
17890 0.0041472 0.75 259.125 0.0509804 0.5 0 0
17900 0.00430117 0.75 259.875 0.054902 0.5 0 0
17910 0.00430117 0.75 259.875 0.0588235 0.5 0 0
17920 0.00441913 0.5 260.375 0.0588235 0.5 0 0
17930 0.00441913 0.5 260.375 0.0588235 0.5 0 0
17940 0.00456793 0.5 260.875 0.0627451 0.5 0 0
17950 0.00456793 0.5 260.875 0.0588235 0.5 0 0
17960 0.00460521 0.25 261.125 0.0588235 0.5 0 0
17970 0.00460521 0.25 261.125 0.0588235 0.5 0 0
17980 0.00460157 0.25 261.375 0.054902 0.5 0 0
17990 0.00460157 0.25 261.375 0.054902 0.5 0 0
18000 0.00476181 0.5 261.875 0.054902 0.5 0 0
18010 0.00476181 0.5 261.875 0.054902 0.5 0 0
18020 0.00486841 0.5 262.375 0.054902 0.5 0 0
18030 0.00486841 0.5 262.375 0.054902 0.5 0 0
18040 0.00488593 0.5 262.875 0.054902 0.5 0 0
18050 0.00488593 0.5 262.875 0.054902 0.5 0 0
18060 0.00489157 0.625 263.5 0.054902 0.5 0 0
18070 0.00489157 0.625 263.5 0.054902 0.5 0 0
18080 0.00491065 0.5 264 0.054902 0.5 0 0
18090 0.00491065 0.5 264 0.054902 0.5 0 0
18100 0.00495347 0.5 264.5 0.054902 0.5 0 0
18110 0.00495347 0.5 264.5 0.054902 0.5 0 0
18120 0.00496052 0.5 265 0.054902 0.5 0 0
18130 0.00496052 0.5 265 0.054902 0.5 0 0
18140 0.00494201 0.5 265.5 0.054902 0.5 0 0
18150 0.00494201 0.5 265.5 0.054902 0.5 0 0
18160 0.00488246 0.25 265.75 0.054902 0.5 0 0
18170 0.00488246 0.25 265.75 0.054902 0.5 0 0
18180 0.0048515 0 265.75 0.054902 0.5 0 0
18190 0.0048515 0 265.75 0.0588235 0.5 0 0
18200 0.00486947 0.25 266 0.054902 0.5 0 0
18210 0.00486947 0.25 266 0.054902 0.5 0 0
18220 0.00490875 0.5 266.5 0.054902 0.5 0 0
18230 0.00490875 0.5 266.5 0.0588235 0.5 0 0
18240 0.00489467 0.5 267 0.0588235 0.5 0 0
18250 0.00489467 0.5 267 0.054902 0.5 0 0
18260 0.00486907 0.5 267.5 0.0588235 0.5 0 0
18270 0.00486907 0.5 267.5 0.0588235 0.5 0 0
18280 0.00489268 0.5 268 0.0588235 0.5 0 0
18290 0.00489268 0.5 268 0.0588235 0.5 0 0
18300 0.00486188 0.25 268.25 0.0588235 0.5 0 0
18310 0.00486188 0.25 268.25 0.054902 0.5 0 0
18320 0.00477328 0.25 268.5 0.054902 0.5 0 0
18330 0.00477328 0.25 268.5 0.054902 0.5 0 0
18340 0.00468277 0.25 268.75 0.054902 0.5 0 0
18350 0.00468277 0.25 268.75 0.054902 0.5 0 0
18360 0.00455015 0.375 269.125 0.054902 0.5 0 0
18370 0.00455015 0.375 269.125 0.054902 0.5 0 0
18380 0.00439405 0.375 269.5 0.054902 0.5 0 0
18390 0.00439405 0.375 269.5 0.0509804 0.5 0 0
18400 0.00429942 0.375 269.875 0.0509804 0.5 0 0
18410 0.00429942 0.375 269.875 0.0509804 0.5 0 0
18420 0.00415457 0.625 270.5 0.0470588 0.5 0 0
18430 0.00415457 0.625 270.5 0.0509804 0.5 0 0
18440 0.00413486 0.625 271.125 0.054902 0.5 0 0
18450 0.00413486 0.625 271.125 0.054902 0.5 0 0
18460 0.004103 0.625 271.75 0.054902 0.5 0 0
18470 0.004103 0.625 271.75 0.054902 0.5 0 0
18480 0.00407886 0.5 272.25 0.0509804 0.5 0 0
18490 0.00407886 0.5 272.25 0.0509804 0.5 0 0
18500 0.00399269 0.5 272.75 0.0509804 0.5 0 0
18510 0.00399269 0.5 272.75 0.0509804 0.5 0 0
18520 0.00396514 0.5 273.25 0.0509804 0.5 0 0
18530 0.00396514 0.5 273.25 0.0509804 0.5 0 0
18540 0.00396254 0.25 273.5 0.0509804 0.5 0 0
18550 0.00396254 0.25 273.5 0.0509804 0.5 0 0
18560 0.00396207 0.25 273.75 0.0509804 0.5 0 0
18570 0.00396207 0.25 273.75 0.0509804 0.5 0 0
18580 0.00395476 0.5 274.25 0.0470588 0.5 0 0
18590 0.00395476 0.5 274.25 0.0470588 0.5 0 0
18600 0.00402052 0.375 274.625 0.0509804 0.5 0 0
18610 0.00402052 0.375 274.625 0.0509804 0.5 0 0
18620 0.00409943 0.375 275 0.0509804 0.5 0 0
18630 0.00409943 0.375 275 0.0509804 0.5 0 0
18640 0.00414503 0.375 275.375 0.0509804 0.5 0 0
18650 0.00414503 0.375 275.375 0.0509804 0.5 0 0
18660 0.00417552 0.375 275.75 0.0509804 0.5 0 0
18670 0.00417552 0.375 275.75 0.0509804 0.5 0 0
18680 0.00416923 0.375 276.125 0.0509804 0.5 0 0
18690 0.00416923 0.375 276.125 0.054902 0.5 0 0
18700 0.0041254 0.375 276.5 0.0509804 0.5 0 0
18710 0.0041254 0.375 276.5 0.0509804 0.5 0 0
18720 0.00402948 0.375 276.875 0.054902 0.5 0 0
18730 0.00402948 0.375 276.875 0.0509804 0.5 0 0
18740 0.00393131 0.375 277.25 0.0509804 0.5 0 0
18750 0.00393131 0.375 277.25 0.0509804 0.5 0 0
18760 0.00393441 0.25 277.5 0.0509804 0.5 0 0
18770 0.00393441 0.25 277.5 0.0509804 0.5 0 0
18780 0.00397151 0.25 277.75 0.0509804 0.5 0 0
18790 0.00397151 0.25 277.75 0.0509804 0.5 0 0
18800 0.00398948 0.25 278 0.0470588 0.5 0 0
18810 0.00398948 0.25 278 0.0509804 0.5 0 0
18820 0.00402264 0.5 278.5 0.0509804 0.5 0 0
18830 0.00402264 0.5 278.5 0.0509804 0.5 0 0
18840 0.00409601 0.5 279 0.0509804 0.5 0 0
18850 0.00409601 0.5 279 0.0509804 0.5 0 0
18860 0.00428329 0.5 279.5 0.0509804 0.5 0 0
18870 0.00428329 0.5 279.5 0.054902 0.5 0 0
18880 0.00443615 0.5 280 0.054902 0.5 0 0
18890 0.00443615 0.5 280 0.0509804 0.5 0 0
18900 0.00440129 0.5 280.5 0.0509804 0.5 0 0
18910 0.00440129 0.5 280.5 0.0509804 0.5 0 0
18920 0.00426363 0.5 281 0.0470588 0.5 0 0
18930 0.00426363 0.5 281 0.0470588 0.5 0 0
18940 0.00420779 0.375 281.375 0.0470588 0.5 0 0
18950 0.00420779 0.375 281.375 0.0509804 0.5 0 0
18960 0.00438518 0.375 281.75 0.0509804 0.5 0 0
18970 0.00438518 0.375 281.75 0.0509804 0.5 0 0
18980 0.00432998 0.375 282.125 0.0509804 0.5 0 0
18990 0.00432998 0.375 282.125 0.0509804 0.5 0 0
19000 0.0042352 0.375 282.5 0.0509804 0.5 0 0
19010 0.0042352 0.375 282.5 0.0509804 0.5 0 0
19020 0.00415949 0.375 282.875 0.0509804 0.5 0 0
19030 0.00415949 0.375 282.875 0.0509804 0.5 0 0
19040 0.00411424 0.5 283.375 0.0470588 0.5 0 0
19050 0.00411424 0.5 283.375 0.0509804 0.5 0 0
19060 0.00417307 0.375 283.75 0.0470588 0.5 0 0
19070 0.00417307 0.375 283.75 0.0470588 0.5 0 0
19080 0.00417529 0.375 284.125 0.0509804 0.5 0 0
19090 0.00417529 0.375 284.125 0.0470588 0.5 0 0
19100 0.00412799 0.5 284.625 0.0470588 0.5 0 0
19110 0.00412799 0.5 284.625 0.0470588 0.5 0 0
19120 0.00422177 0.5 285.125 0.0509804 0.5 0 0
19130 0.00422177 0.5 285.125 0.0509804 0.5 0 0
19140 0.00422627 0.5 285.625 0.0509804 0.5 0 0
19150 0.00422627 0.5 285.625 0.0509804 0.5 0 0
19160 0.00419307 0.5 286.125 0.0509804 0.5 0 0
19170 0.00419307 0.5 286.125 0.0470588 0.5 0 0
19180 0.00415228 0.5 286.625 0.0470588 0.5 0 0
19190 0.00415228 0.5 286.625 0.0509804 0.5 0 0
19200 0.00425375 0.5 287.125 0.054902 0.5 0 0
19210 0.00425375 0.5 287.125 0.0588235 0.5 0 0
19220 0.00429722 0.25 287.375 0.0588235 0.5 0 0
19230 0.00429722 0.25 287.375 0.0627451 0.5 0 0
19240 0.00421891 0.375 287.75 0.0588235 0.5 0 0
19250 0.00421891 0.375 287.75 0.0588235 0.5 0 0
19260 0.00419995 0.5 288.25 0.0588235 0.5 0 0
19270 0.00419995 0.5 288.25 0.0588235 0.5 0 0
19280 0.00421667 0.5 288.75 0.054902 0.5 0 0
19290 0.00421667 0.5 288.75 0.054902 0.5 0 0
19300 0.00428598 0.5 289.25 0.0509804 0.5 0 0
19310 0.00428598 0.5 289.25 0.0509804 0.5 0 0
19320 0.00435968 0.5 289.75 0.0509804 0.5 0 0
19330 0.00435968 0.5 289.75 0.0509804 0.5 0 0
19340 0.00440938 0.5 290.25 0.0509804 0.5 0 0
19350 0.00440938 0.5 290.25 0.0509804 0.5 0 0
19360 0.00446491 0.625 290.875 0.0509804 0.5 0 0
19370 0.00446491 0.625 290.875 0.0509804 0.5 0 0
19380 0.00443176 0.5 291.375 0.0509804 0.5 0 0
19390 0.00443176 0.5 291.375 0.0509804 0.5 0 0
19400 0.00441022 0.5 291.875 0.0509804 0.5 0 0
19410 0.00441022 0.5 291.875 0.0509804 0.5 0 0
19420 0.00435831 0.5 292.375 0.0509804 0.5 0 0
19430 0.00435831 0.5 292.375 0.0509804 0.5 0 0
19440 0.00436725 0.5 292.875 0.0509804 0.5 0 0
19450 0.00436725 0.5 292.875 0.0509804 0.5 0 0
19460 0.00438448 0.5 293.375 0.0509804 0.5 0 0
19470 0.00438448 0.5 293.375 0.0509804 0.5 0 0
19480 0.0043964 0.25 293.625 0.0509804 0.5 0 0
19490 0.0043964 0.25 293.625 0.0509804 0.5 0 0
19500 0.00442933 0.375 294 0.0509804 0.5 0 0
19510 0.00442933 0.375 294 0.0509804 0.5 0 0
19520 0.00437437 0.375 294.375 0.0509804 0.5 0 0
19530 0.00437437 0.375 294.375 0.0509804 0.5 0 0
19540 0.00433571 0.375 294.75 0.0509804 0.5 0 0
19550 0.00433571 0.375 294.75 0.0509804 0.5 0 0
19560 0.00437738 0.375 295.125 0.0509804 0.5 0 0
19570 0.00437738 0.375 295.125 0.0509804 0.5 0 0
19580 0.00437464 0.25 295.375 0.0509804 0.5 0 0
19590 0.00437464 0.25 295.375 0.0509804 0.5 0 0
19600 0.00438868 0 295.375 0.0509804 0.5 0 0
19610 0.00438868 0 295.375 0.0509804 0.5 0 0
19620 0.00442031 0 295.375 0.0509804 0.5 0 0
19630 0.00442031 0 295.375 0.0509804 0.5 0 0
19640 0.00449533 0 295.375 0.0509804 0.5 0 0
19650 0.00449533 0 295.375 0.0470588 0.5 0 0
19660 0.00442076 0 295.375 0.0509804 0.5 0 0
19670 0.00442076 0 295.375 0.0509804 0.5 0 0
19680 0.00421704 0 295.375 0.0509804 0.5 0 0
19690 0.00421704 0 295.375 0.0509804 0.5 0 0
19700 0.00419463 0 295.375 0.0509804 0.5 0 0
19710 0.00419463 0 295.375 0.0470588 0.5 0 0
19720 0.00412711 0 295.375 0.0509804 0.5 0 0
19730 0.00412711 0 295.375 0.054902 0.5 0 0
19740 0.00404426 0 295.375 0.0588235 0.5 0 0
19750 0.00404426 0 295.375 0.0588235 0.5 0 0
19760 0.00408962 0 295.375 0.0588235 0.5 0 0
19770 0.00408962 0 295.375 0.0588235 0.5 0 0
19780 0.0040891 0 295.375 0.0588235 0.5 0 0
19790 0.0040891 0 295.375 0.054902 0.5 0 0
19800 0.004091 0 295.375 0.0470588 0.5 0 0
19810 0.004091 0 295.375 0.0470588 0.5 0 0
19820 0.00411542 0.25 295.625 0.0509804 0.5 0 0
19830 0.00411542 0.25 295.625 0.054902 0.5 0 0
19840 0.0041389 0.25 295.875 0.054902 0.5 0 0
19850 0.0041389 0.25 295.875 0.054902 0.5 0 0
19860 0.0041636 0.25 296.125 0.0588235 0.5 0 0
19870 0.0041636 0.25 296.125 0.0588235 0.5 0 0
19880 0.00416129 0.25 296.375 0.0588235 0.5 0 0
19890 0.00416129 0.25 296.375 0.054902 0.5 0 0
19900 0.00415469 0.25 296.625 0.0509804 0.5 0 0
19910 0.00415469 0.25 296.625 0.0509804 0.5 0 0
19920 0.00412915 0.375 297 0.0509804 0.5 0 0
19930 0.00412915 0.375 297 0.0509804 0.5 0 0
19940 0.00406053 0.25 297.25 0.0509804 0.5 0 0
19950 0.00406053 0.25 297.25 0.0470588 0.5 0 0
19960 0.00400145 0.25 297.5 0.0470588 0.5 0 0
19970 0.00400145 0.25 297.5 0.0509804 0.5 0 0
19980 0.00405627 0.375 297.875 0.0509804 0.5 0 0
19990 0.00405627 0.375 297.875 0.0509804 0.5 0 0
20000 0.00408456 0.375 298.25 0.0509804 0.5 0 0
20010 0.00408456 0.375 298.25 0.0509804 0.5 0 0
