0 0.111432 0 0 0.5 0.5 0 0
10 0.111432 0 0 0.639216 0.5 0 0
20 0.111225 0.625 0.625 0.639216 0.5 0 0
30 0.111225 0.625 0.625 0.729412 0.5 0 0
40 0.111214 0.625 1.25 0.6 0.5 0 0
50 0.111214 0.625 1.25 0.623529 0.5 0 0
60 0.111208 0.625 1.875 0.662745 0.5 0 0
70 0.111208 0.625 1.875 0.729412 0.5 0 0
80 0.111203 0.625 2.5 0.67451 0.5 0 0
90 0.111203 0.625 2.5 0.67451 0.5 0 0
100 0.111194 0.625 3.125 0.607843 0.5 0 0
110 0.111194 0.625 3.125 0.611765 0.5 0 0
120 0.111165 0.375 3.5 0.619608 0.5 0 0
130 0.111165 0.375 3.5 0.639216 0.5 0 0
140 0.111132 0.375 3.875 0.592157 0.5 0 0
150 0.111132 0.375 3.875 0.623529 0.5 0 0
160 0.111768 0.375 4.25 0.607843 0.5 0 0
170 0.111768 0.375 4.25 0.639216 0.5 0 0
180 0.112159 0.375 4.625 0.631373 0.5 0 0
190 0.112159 0.375 4.625 0.67451 0.5 0 0
200 0.112565 0.125 4.75 0.607843 0.5 0 0
210 0.112565 0.125 4.75 0.690196 0.5 0 0
220 0.112742 0.125 4.875 0.690196 0.5 0 0
230 0.112742 0.125 4.875 0.662745 0.5 0 0
240 0.112721 0.125 5 0.65098 0.5 0 0
250 0.112721 0.125 5 0.603922 0.5 0 0
260 0.112682 0.125 5.125 0.6 0.5 0 0
270 0.112682 0.125 5.125 0.67451 0.5 0 0
280 0.112453 0.375 5.5 0.784314 0.5 0 0
290 0.112453 0.375 5.5 0.619608 0.5 0 0
300 0.11227 0.375 5.875 0.65098 0.5 0 0
310 0.11227 0.375 5.875 0.67451 0.5 0 0
320 0.112196 0.375 6.25 0.619608 0.5 0 0
330 0.112196 0.375 6.25 0.639216 0.5 0 0
340 0.112119 0.375 6.625 0.67451 0.5 0 0
350 0.112119 0.375 6.625 0.662745 0.5 0 0
360 0.112071 0.375 7 0.6 0.5 0 0
370 0.112071 0.375 7 0.607843 0.5 0 0
380 0.111957 0.375 7.375 0.596078 0.5 0 0
390 0.111957 0.375 7.375 0.639216 0.5 0 0
400 0.111849 0.125 7.5 0.603922 0.5 0 0
410 0.111849 0.125 7.5 0.607843 0.5 0 0
420 0.111743 0.5 8 0.603922 0.5 0 0
430 0.111743 0.5 8 0.611765 0.5 0 0
440 0.111642 0.375 8.375 0.729412 0.5 0 0
450 0.111642 0.375 8.375 0.611765 0.5 0 0
460 0.111308 0.5 8.875 0.690196 0.5 0 0
470 0.111308 0.5 8.875 0.596078 0.5 0 0
480 0.111229 0.5 9.375 0.619608 0.5 0 0
490 0.111229 0.5 9.375 0.654902 0.5 0 0
500 0.111178 0.625 10 0.580392 0.5 0 0
510 0.111178 0.625 10 0.619608 0.5 0 0
520 0.111135 0.625 10.625 0.639216 0.5 0 0
530 0.111135 0.625 10.625 0.611765 0.5 0 0
540 0.111093 0.5 11.125 0.639216 0.5 0 0
550 0.111093 0.5 11.125 0.745098 0.5 0 0
560 0.11102 0.125 11.25 0.619608 0.5 0 0
570 0.11102 0.125 11.25 0.65098 0.5 0 0
580 0.110745 0.125 11.375 0.67451 0.5 0 0
590 0.110745 0.125 11.375 0.788235 0.5 0 0
600 0.110687 0 11.375 0.607843 0.5 0 0
610 0.110687 0 11.375 0.6 0.5 0 0
620 0.110449 0 11.375 0.639216 0.5 0 0
630 0.110449 0 11.375 0.584314 0.5 0 0
640 0.11016 0 11.375 0.607843 0.5 0 0
650 0.11016 0 11.375 0.631373 0.5 0 0
660 0.110145 0 11.375 0.729412 0.5 0 0
670 0.110145 0 11.375 0.607843 0.5 0 0
680 0.110145 0 11.375 0.6 0.5 0 0
690 0.110145 0 11.375 0.639216 0.5 0 0
700 0.11013 0 11.375 0.588235 0.5 0 0
710 0.11013 0 11.375 0.639216 0.5 0 0
720 0.11013 0 11.375 0.6 0.5 0 0
730 0.11013 0 11.375 0.623529 0.5 0 0
740 0.110103 0 11.375 0.662745 0.5 0 0
750 0.110103 0 11.375 0.745098 0.5 0 0
760 0.11008 0 11.375 0.788235 0.5 0 0
770 0.11008 0 11.375 0.631373 0.5 0 0
780 0.11008 0 11.375 0.619608 0.5 0 0
790 0.11008 0 11.375 0.607843 0.5 0 0
800 0.110065 0 11.375 0.788235 0.5 0 0
810 0.110065 0 11.375 0.654902 0.5 0 0
820 0.110033 0 11.375 0.745098 0.5 0 0
830 0.110033 0 11.375 0.611765 0.5 0 0
840 0.110033 0 11.375 0.623529 0.5 0 0
850 0.110033 0 11.375 0.588235 0.5 0 0
860 0.110033 0 11.375 0.631373 0.5 0 0
870 0.110033 0 11.375 0.631373 0.5 0 0
880 0.110033 0 11.375 0.623529 0.5 0 0
890 0.110033 0 11.375 0.596078 0.5 0 0
900 0.110033 0 11.375 0.745098 0.5 0 0
910 0.110033 0 11.375 0.6 0.5 0 0
920 0.110033 0 11.375 0.639216 0.5 0 0
930 0.110033 0 11.375 0.639216 0.5 0 0
940 0.110033 0 11.375 0.596078 0.5 0 0
950 0.110033 0 11.375 0.623529 0.5 0 0
960 0.110033 0 11.375 0.6 0.5 0 0
970 0.110033 0 11.375 0.580392 0.5 0 0
980 0.110033 0 11.375 0.615686 0.5 0 0
990 0.110033 0 11.375 0.596078 0.5 0 0
1000 0.110033 0 11.375 0.67451 0.5 0 0
1010 0.110033 0 11.375 0.584314 0.5 0 0
1020 0.110033 0 11.375 0.592157 0.5 0 0
1030 0.110033 0 11.375 0.690196 0.5 0 0
1040 0.109861 0 11.375 0.631373 0.5 0 0
1050 0.109861 0 11.375 0.611765 0.5 0 0
1060 0.109469 0 11.375 0.745098 0.5 0 0
1070 0.109469 0 11.375 0.788235 0.5 0 0
1080 0.10932 0 11.375 0.690196 0.5 0 0
1090 0.10932 0 11.375 0.72549 0.5 0 0
1100 0.108826 0 11.375 0.745098 0.5 0 0
1110 0.108826 0 11.375 0.619608 0.5 0 0
1120 0.108743 0 11.375 0.658824 0.5 0 0
1130 0.108743 0 11.375 0.682353 0.5 0 0
1140 0.10807 0 11.375 0.545098 0.5 0 0
1150 0.10807 0 11.375 0.513725 0.5 0 0
1160 0.107104 0 11.375 0.486275 0.5 0 0
1170 0.107104 0 11.375 0.482353 0.5 0 0
1180 0.105739 0 11.375 0.47451 0.5 0 0
1190 0.105739 0 11.375 0.47451 0.5 0 0
1200 0.105466 0 11.375 0.47451 0.5 0 0
1210 0.105466 0 11.375 0.462745 0.5 0 0
1220 0.105129 0 11.375 0.462745 0.5 0 0
1230 0.105129 0 11.375 0.458824 0.5 0 0
1240 0.10368 0 11.375 0.454902 0.5 0 0
1250 0.10368 0 11.375 0.454902 0.5 0 0
1260 0.102808 0 11.375 0.454902 0.5 0 0
1270 0.102808 0 11.375 0.454902 0.5 0 0
1280 0.102568 0 11.375 0.458824 0.5 0 0
1290 0.102568 0 11.375 0.454902 0.5 0 0
1300 0.102568 0 11.375 0.458824 0.5 0 0
1310 0.102568 0 11.375 0.454902 0.5 0 0
1320 0.102568 0 11.375 0.454902 0.5 0 0
1330 0.102568 0 11.375 0.458824 0.5 0 0
1340 0.102568 0 11.375 0.458824 0.5 0 0
1350 0.102568 0 11.375 0.454902 0.5 0 0
1360 0.102511 0 11.375 0.454902 0.5 0 0
1370 0.102511 0 11.375 0.458824 0.5 0 0
1380 0.102511 0 11.375 0.458824 0.5 0 0
1390 0.102511 0 11.375 0.454902 0.5 0 0
1400 0.102511 0 11.375 0.458824 0.5 0 0
1410 0.102511 0 11.375 0.458824 0.5 0 0
1420 0.102511 0 11.375 0.458824 0.5 0 0
1430 0.102511 0 11.375 0.454902 0.5 0 0
1440 0.102511 0 11.375 0.458824 0.5 0 0
1450 0.102511 0 11.375 0.454902 0.5 0 0
1460 0.102511 0 11.375 0.458824 0.5 0 0
1470 0.102511 0 11.375 0.454902 0.5 0 0
1480 0.102511 0 11.375 0.454902 0.5 0 0
1490 0.102511 0 11.375 0.454902 0.5 0 0
1500 0.102683 0 11.375 0.45098 0.5 0 0
1510 0.102683 0 11.375 0.45098 0.5 0 0
1520 0.103162 0 11.375 0.443137 0.5 0 0
1530 0.103162 0 11.375 0.447059 0.5 0 0
1540 0.103723 0 11.375 0.443137 0.5 0 0
1550 0.103723 0 11.375 0.443137 0.5 0 0
1560 0.103924 0 11.375 0.443137 0.5 0 0
1570 0.103924 0 11.375 0.443137 0.5 0 0
1580 0.103936 0 11.375 0.443137 0.5 0 0
1590 0.103936 0 11.375 0.443137 0.5 0 0
1600 0.104307 0 11.375 0.443137 0.5 0 0
1610 0.104307 0 11.375 0.443137 0.5 0 0
1620 0.104698 0 11.375 0.439216 0.5 0 0
1630 0.104698 0 11.375 0.435294 0.5 0 0
1640 0.104991 0 11.375 0.431373 0.5 0 0
1650 0.104991 0 11.375 0.427451 0.5 0 0
1660 0.105451 0 11.375 0.423529 0.5 0 0
1670 0.105451 0 11.375 0.423529 0.5 0 0
1680 0.105632 0 11.375 0.423529 0.5 0 0
1690 0.105632 0 11.375 0.423529 0.5 0 0
1700 0.105754 0 11.375 0.423529 0.5 0 0
1710 0.105754 0 11.375 0.423529 0.5 0 0
1720 0.105726 0 11.375 0.423529 0.5 0 0
1730 0.105726 0 11.375 0.427451 0.5 0 0
1740 0.105916 0 11.375 0.423529 0.5 0 0
1750 0.105916 0 11.375 0.423529 0.5 0 0
1760 0.105917 0 11.375 0.423529 0.5 0 0
1770 0.105917 0 11.375 0.423529 0.5 0 0
1780 0.105917 0 11.375 0.423529 0.5 0 0
1790 0.105917 0 11.375 0.423529 0.5 0 0
1800 0.10586 0 11.375 0.423529 0.5 0 0
1810 0.10586 0 11.375 0.423529 0.5 0 0
1820 0.10579 0 11.375 0.419608 0.5 0 0
1830 0.10579 0 11.375 0.411765 0.5 0 0
1840 0.105451 0 11.375 0.411765 0.5 0 0
1850 0.105451 0 11.375 0.415686 0.5 0 0
1860 0.104933 0 11.375 0.415686 0.5 0 0
1870 0.104933 0 11.375 0.415686 0.5 0 0
1880 0.104868 0 11.375 0.415686 0.5 0 0
1890 0.104868 0 11.375 0.415686 0.5 0 0
1900 0.104828 0 11.375 0.411765 0.5 0 0
1910 0.104828 0 11.375 0.407843 0.5 0 0
1920 0.104227 0 11.375 0.407843 0.5 0 0
1930 0.104227 0 11.375 0.407843 0.5 0 0
1940 0.103451 0 11.375 0.407843 0.5 0 0
1950 0.103451 0 11.375 0.407843 0.5 0 0
1960 0.102523 0 11.375 0.403922 0.5 0 0
1970 0.102523 0 11.375 0.403922 0.5 0 0
1980 0.101795 0 11.375 0.403922 0.5 0 0
1990 0.101795 0 11.375 0.403922 0.5 0 0
2000 0.10158 0 11.375 0.403922 0.5 0 0
2010 0.10158 0 11.375 0.403922 0.5 0 0
2020 0.101333 0 11.375 0.403922 0.5 0 0
2030 0.101333 0 11.375 0.403922 0.5 0 0
2040 0.101333 0 11.375 0.403922 0.5 0 0
2050 0.101333 0 11.375 0.403922 0.5 0 0
2060 0.101333 0 11.375 0.403922 0.5 0 0
2070 0.101333 0 11.375 0.403922 0.5 0 0
2080 0.10124 0 11.375 0.403922 0.5 0 0
2090 0.10124 0 11.375 0.403922 0.5 0 0
2100 0.101236 0 11.375 0.403922 0.5 0 0
2110 0.101236 0 11.375 0.403922 0.5 0 0
2120 0.101236 0 11.375 0.403922 0.5 0 0
2130 0.101236 0 11.375 0.403922 0.5 0 0
2140 0.101173 0 11.375 0.403922 0.5 0 0
2150 0.101173 0 11.375 0.403922 0.5 0 0
2160 0.101173 0 11.375 0.403922 0.5 0 0
2170 0.101173 0 11.375 0.403922 0.5 0 0
2180 0.101173 0 11.375 0.403922 0.5 0 0
2190 0.101173 0 11.375 0.403922 0.5 0 0
2200 0.101173 0 11.375 0.403922 0.5 0 0
2210 0.101173 0 11.375 0.403922 0.5 0 0
2220 0.101173 0 11.375 0.403922 0.5 0 0
2230 0.101173 0 11.375 0.403922 0.5 0 0
2240 0.101173 0 11.375 0.403922 0.5 0 0
2250 0.101173 0 11.375 0.403922 0.5 0 0
2260 0.101173 0 11.375 0.403922 0.5 0 0
2270 0.101173 0 11.375 0.403922 0.5 0 0
2280 0.101173 0 11.375 0.403922 0.5 0 0
2290 0.101173 0 11.375 0.403922 0.5 0 0
2300 0.101173 0 11.375 0.403922 0.5 0 0
2310 0.101173 0 11.375 0.403922 0.5 0 0
2320 0.101173 0 11.375 0.403922 0.5 0 0
2330 0.101173 0 11.375 0.403922 0.5 0 0
2340 0.101173 0 11.375 0.403922 0.5 0 0
2350 0.101173 0 11.375 0.403922 0.5 0 0
2360 0.101161 0 11.375 0.403922 0.5 0 0
2370 0.101161 0 11.375 0.403922 0.5 0 0
2380 0.101161 0 11.375 0.403922 0.5 0 0
2390 0.101161 0 11.375 0.403922 0.5 0 0
2400 0.101154 0 11.375 0.403922 0.5 0 0
2410 0.101154 0 11.375 0.403922 0.5 0 0
2420 0.101146 0 11.375 0.403922 0.5 0 0
2430 0.101146 0 11.375 0.403922 0.5 0 0
2440 0.101146 0 11.375 0.403922 0.5 0 0
2450 0.101146 0 11.375 0.403922 0.5 0 0
2460 0.101146 0 11.375 0.403922 0.5 0 0
2470 0.101146 0 11.375 0.403922 0.5 0 0
2480 0.101146 0 11.375 0.403922 0.5 0 0
2490 0.101146 0 11.375 0.403922 0.5 0 0
2500 0.101146 0 11.375 0.403922 0.5 0 0
2510 0.101146 0 11.375 0.403922 0.5 0 0
2520 0.101146 0 11.375 0.403922 0.5 0 0
2530 0.101146 0 11.375 0.403922 0.5 0 0
2540 0.101146 0 11.375 0.403922 0.5 0 0
2550 0.101146 0 11.375 0.403922 0.5 0 0
2560 0.101139 0 11.375 0.403922 0.5 0 0
2570 0.101139 0 11.375 0.403922 0.5 0 0
2580 0.101679 0 11.375 0.403922 0.5 0 0
2590 0.101679 0 11.375 0.403922 0.5 0 0
2600 0.102034 0 11.375 0.403922 0.5 0 0
2610 0.102034 0 11.375 0.403922 0.5 0 0
2620 0.102447 0 11.375 0.403922 0.5 0 0
2630 0.102447 0 11.375 0.403922 0.5 0 0
2640 0.102948 0 11.375 0.403922 0.5 0 0
2650 0.102948 0 11.375 0.403922 0.5 0 0
2660 0.103455 0 11.375 0.403922 0.5 0 0
2670 0.103455 0 11.375 0.403922 0.5 0 0
2680 0.103787 0 11.375 0.4 0.5 0 0
2690 0.103787 0 11.375 0.4 0.5 0 0
2700 0.103746 0 11.375 0.396078 0.5 0 0
2710 0.103746 0 11.375 0.396078 0.5 0 0
2720 0.103295 0 11.375 0.392157 0.5 0 0
2730 0.103295 0 11.375 0.392157 0.5 0 0
2740 0.103123 0 11.375 0.392157 0.5 0 0
2750 0.103123 0 11.375 0.392157 0.5 0 0
2760 0.103094 0 11.375 0.392157 0.5 0 0
2770 0.103094 0 11.375 0.392157 0.5 0 0
2780 0.103109 0 11.375 0.392157 0.5 0 0
2790 0.103109 0 11.375 0.392157 0.5 0 0
2800 0.103289 0 11.375 0.392157 0.5 0 0
2810 0.103289 0 11.375 0.392157 0.5 0 0
2820 0.103277 0 11.375 0.388235 0.5 0 0
2830 0.103277 0 11.375 0.388235 0.5 0 0
2840 0.103264 0 11.375 0.388235 0.5 0 0
2850 0.103264 0 11.375 0.388235 0.5 0 0
2860 0.102693 0 11.375 0.388235 0.5 0 0
2870 0.102693 0 11.375 0.384314 0.5 0 0
2880 0.102445 0 11.375 0.388235 0.5 0 0
2890 0.102445 0 11.375 0.384314 0.5 0 0
2900 0.10197 0 11.375 0.388235 0.5 0 0
2910 0.10197 0 11.375 0.388235 0.5 0 0
2920 0.1024 0 11.375 0.388235 0.5 0 0
2930 0.1024 0 11.375 0.388235 0.5 0 0
2940 0.102688 0 11.375 0.388235 0.5 0 0
2950 0.102688 0 11.375 0.384314 0.5 0 0
2960 0.10261 0 11.375 0.384314 0.5 0 0
2970 0.10261 0 11.375 0.380392 0.5 0 0
2980 0.10185 0 11.375 0.380392 0.5 0 0
2990 0.10185 0 11.375 0.380392 0.5 0 0
3000 0.101137 0 11.375 0.380392 0.5 0 0
3010 0.101137 0 11.375 0.380392 0.5 0 0
3020 0.100042 0 11.375 0.376471 0.5 0 0
3030 0.100042 0 11.375 0.376471 0.5 0 0
3040 0.0994992 0 11.375 0.380392 0.5 0 0
3050 0.0994992 0 11.375 0.380392 0.5 0 0
3060 0.0993118 0 11.375 0.380392 0.5 0 0
3070 0.0993118 0 11.375 0.380392 0.5 0 0
3080 0.0992905 0 11.375 0.380392 0.5 0 0
3090 0.0992905 0 11.375 0.380392 0.5 0 0
3100 0.0992905 0 11.375 0.380392 0.5 0 0
3110 0.0992905 0 11.375 0.380392 0.5 0 0
3120 0.0990762 0 11.375 0.380392 0.5 0 0
3130 0.0990762 0 11.375 0.380392 0.5 0 0
3140 0.099076 0 11.375 0.380392 0.5 0 0
3150 0.099076 0 11.375 0.380392 0.5 0 0
3160 0.099076 0 11.375 0.376471 0.5 0 0
3170 0.099076 0 11.375 0.376471 0.5 0 0
3180 0.099076 0 11.375 0.380392 0.5 0 0
3190 0.099076 0 11.375 0.380392 0.5 0 0
3200 0.0993253 0 11.375 0.380392 0.5 0 0
3210 0.0993253 0 11.375 0.380392 0.5 0 0
3220 0.0993643 0 11.375 0.380392 0.5 0 0
3230 0.0993643 0 11.375 0.380392 0.5 0 0
3240 0.0993643 0 11.375 0.380392 0.5 0 0
3250 0.0993643 0 11.375 0.380392 0.5 0 0
3260 0.0993643 0 11.375 0.380392 0.5 0 0
3270 0.0993643 0 11.375 0.376471 0.5 0 0
3280 0.0997209 0 11.375 0.380392 0.5 0 0
3290 0.0997209 0 11.375 0.380392 0.5 0 0
3300 0.100698 0 11.375 0.380392 0.5 0 0
3310 0.100698 0 11.375 0.380392 0.5 0 0
3320 0.100804 0 11.375 0.380392 0.5 0 0
3330 0.100804 0 11.375 0.380392 0.5 0 0
3340 0.100804 0 11.375 0.384314 0.5 0 0
3350 0.100804 0 11.375 0.380392 0.5 0 0
3360 0.100978 0 11.375 0.380392 0.5 0 0
3370 0.100978 0 11.375 0.380392 0.5 0 0
3380 0.100908 0 11.375 0.376471 0.5 0 0
3390 0.100908 0 11.375 0.376471 0.5 0 0
3400 0.100929 0 11.375 0.372549 0.5 0 0
3410 0.100929 0 11.375 0.372549 0.5 0 0
3420 0.100284 0 11.375 0.372549 0.5 0 0
3430 0.100284 0 11.375 0.372549 0.5 0 0
3440 0.0996279 0 11.375 0.372549 0.5 0 0
3450 0.0996279 0 11.375 0.368627 0.5 0 0
3460 0.0991576 0 11.375 0.368627 0.5 0 0
3470 0.0991576 0 11.375 0.368627 0.5 0 0
3480 0.0990284 0 11.375 0.368627 0.5 0 0
3490 0.0990284 0 11.375 0.368627 0.5 0 0
3500 0.0980277 0 11.375 0.364706 0.5 0 0
3510 0.0980277 0 11.375 0.364706 0.5 0 0
3520 0.0972039 0 11.375 0.364706 0.5 0 0
3530 0.0972039 0 11.375 0.364706 0.5 0 0
3540 0.0965415 0 11.375 0.364706 0.5 0 0
3550 0.0965415 0 11.375 0.364706 0.5 0 0
3560 0.0964437 0 11.375 0.364706 0.5 0 0
3570 0.0964437 0 11.375 0.364706 0.5 0 0
3580 0.0965948 0 11.375 0.360784 0.5 0 0
3590 0.0965948 0 11.375 0.360784 0.5 0 0
3600 0.0961721 0 11.375 0.360784 0.5 0 0
3610 0.0961721 0 11.375 0.360784 0.5 0 0
3620 0.0955037 0 11.375 0.360784 0.5 0 0
3630 0.0955037 0 11.375 0.356863 0.5 0 0
3640 0.0950595 0 11.375 0.360784 0.5 0 0
3650 0.0950595 0 11.375 0.360784 0.5 0 0
3660 0.0945012 0 11.375 0.360784 0.5 0 0
3670 0.0945012 0 11.375 0.356863 0.5 0 0
3680 0.094196 0 11.375 0.356863 0.5 0 0
3690 0.094196 0 11.375 0.356863 0.5 0 0
3700 0.094196 0 11.375 0.360784 0.5 0 0
3710 0.094196 0 11.375 0.360784 0.5 0 0
3720 0.0941699 0 11.375 0.356863 0.5 0 0
3730 0.0941699 0 11.375 0.356863 0.5 0 0
3740 0.0941698 0 11.375 0.360784 0.5 0 0
3750 0.0941698 0 11.375 0.360784 0.5 0 0
3760 0.0941185 0 11.375 0.360784 0.5 0 0
3770 0.0941185 0 11.375 0.356863 0.5 0 0
3780 0.0940632 0 11.375 0.360784 0.5 0 0
3790 0.0940632 0 11.375 0.360784 0.5 0 0
3800 0.0940632 0 11.375 0.360784 0.5 0 0
3810 0.0940632 0 11.375 0.360784 0.5 0 0
3820 0.0940632 0 11.375 0.360784 0.5 0 0
3830 0.0940632 0 11.375 0.356863 0.5 0 0
3840 0.0940632 0 11.375 0.360784 0.5 0 0
3850 0.0940632 0 11.375 0.360784 0.5 0 0
3860 0.0940396 0 11.375 0.360784 0.5 0 0
3870 0.0940396 0 11.375 0.360784 0.5 0 0
3880 0.0940388 0 11.375 0.360784 0.5 0 0
3890 0.0940388 0 11.375 0.360784 0.5 0 0
3900 0.0940388 0 11.375 0.356863 0.5 0 0
3910 0.0940388 0 11.375 0.356863 0.5 0 0
3920 0.0940388 0 11.375 0.356863 0.5 0 0
3930 0.0940388 0 11.375 0.356863 0.5 0 0
3940 0.0940388 0 11.375 0.360784 0.5 0 0
3950 0.0940388 0 11.375 0.356863 0.5 0 0
3960 0.0940362 0 11.375 0.360784 0.5 0 0
3970 0.0940362 0 11.375 0.356863 0.5 0 0
3980 0.0940362 0 11.375 0.360784 0.5 0 0
3990 0.0940362 0 11.375 0.356863 0.5 0 0
4000 0.0940256 0 11.375 0.360784 0.5 0 0
4010 0.0940256 0 11.375 0.356863 0.5 0 0
4020 0.0940245 0 11.375 0.356863 0.5 0 0
4030 0.0940245 0 11.375 0.356863 0.5 0 0
4040 0.0940245 0 11.375 0.356863 0.5 0 0
4050 0.0940245 0 11.375 0.360784 0.5 0 0
4060 0.0940245 0 11.375 0.356863 0.5 0 0
4070 0.0940245 0 11.375 0.356863 0.5 0 0
4080 0.0940245 0 11.375 0.360784 0.5 0 0
4090 0.0940245 0 11.375 0.360784 0.5 0 0
4100 0.0940245 0 11.375 0.356863 0.5 0 0
4110 0.0940245 0 11.375 0.356863 0.5 0 0
4120 0.0941736 0 11.375 0.360784 0.5 0 0
4130 0.0941736 0 11.375 0.360784 0.5 0 0
4140 0.0944939 0 11.375 0.360784 0.5 0 0
4150 0.0944939 0 11.375 0.360784 0.5 0 0
4160 0.0945406 0 11.375 0.356863 0.5 0 0
4170 0.0945406 0 11.375 0.360784 0.5 0 0
4180 0.0950805 0 11.375 0.360784 0.5 0 0
4190 0.0950805 0 11.375 0.360784 0.5 0 0
4200 0.0950834 0 11.375 0.360784 0.5 0 0
4210 0.0950834 0 11.375 0.360784 0.5 0 0
4220 0.0952649 0 11.375 0.360784 0.5 0 0
4230 0.0952649 0 11.375 0.360784 0.5 0 0
4240 0.0955212 0 11.375 0.360784 0.5 0 0
4250 0.0955212 0 11.375 0.360784 0.5 0 0
4260 0.0955852 0 11.375 0.360784 0.5 0 0
4270 0.0955852 0 11.375 0.360784 0.5 0 0
4280 0.0954234 0 11.375 0.360784 0.5 0 0
4290 0.0954234 0 11.375 0.356863 0.5 0 0
4300 0.0952224 0 11.375 0.356863 0.5 0 0
4310 0.0952224 0 11.375 0.352941 0.5 0 0
4320 0.0948778 0 11.375 0.352941 0.5 0 0
4330 0.0948778 0 11.375 0.356863 0.5 0 0
4340 0.0953111 0 11.375 0.356863 0.5 0 0
4350 0.0953111 0 11.375 0.356863 0.5 0 0
4360 0.0957881 0 11.375 0.356863 0.5 0 0
4370 0.0957881 0 11.375 0.360784 0.5 0 0
4380 0.0957957 0 11.375 0.360784 0.5 0 0
4390 0.0957957 0 11.375 0.356863 0.5 0 0
4400 0.0947642 0 11.375 0.356863 0.5 0 0
4410 0.0947642 0 11.375 0.356863 0.5 0 0
4420 0.0941437 0 11.375 0.356863 0.5 0 0
4430 0.0941437 0 11.375 0.356863 0.5 0 0
4440 0.0939759 0 11.375 0.356863 0.5 0 0
4450 0.0939759 0 11.375 0.360784 0.5 0 0
4460 0.0937252 0 11.375 0.360784 0.5 0 0
4470 0.0937252 0 11.375 0.356863 0.5 0 0
4480 0.0933563 0 11.375 0.356863 0.5 0 0
4490 0.0933563 0 11.375 0.352941 0.5 0 0
4500 0.0922543 0 11.375 0.34902 0.5 0 0
4510 0.0922543 0 11.375 0.345098 0.5 0 0
4520 0.0906089 0 11.375 0.34902 0.5 0 0
4530 0.0906089 0 11.375 0.34902 0.5 0 0
4540 0.0901326 0 11.375 0.34902 0.5 0 0
4550 0.0901326 0 11.375 0.34902 0.5 0 0
4560 0.0901321 0 11.375 0.34902 0.5 0 0
4570 0.0901321 0 11.375 0.34902 0.5 0 0
4580 0.0896676 0 11.375 0.352941 0.5 0 0
4590 0.0896676 0 11.375 0.34902 0.5 0 0
4600 0.088866 0 11.375 0.34902 0.5 0 0
4610 0.088866 0 11.375 0.34902 0.5 0 0
4620 0.0887663 0 11.375 0.34902 0.5 0 0
4630 0.0887663 0 11.375 0.34902 0.5 0 0
4640 0.0887663 0 11.375 0.34902 0.5 0 0
4650 0.0887663 0 11.375 0.352941 0.5 0 0
4660 0.0887663 0 11.375 0.352941 0.5 0 0
4670 0.0887663 0 11.375 0.34902 0.5 0 0
4680 0.08881 0 11.375 0.34902 0.5 0 0
4690 0.08881 0 11.375 0.34902 0.5 0 0
4700 0.0888966 0 11.375 0.34902 0.5 0 0
4710 0.0888966 0 11.375 0.352941 0.5 0 0
4720 0.0888966 0 11.375 0.34902 0.5 0 0
4730 0.0888966 0 11.375 0.34902 0.5 0 0
4740 0.0892742 0 11.375 0.34902 0.5 0 0
4750 0.0892742 0 11.375 0.34902 0.5 0 0
4760 0.0904314 0 11.375 0.34902 0.5 0 0
4770 0.0904314 0 11.375 0.34902 0.5 0 0
4780 0.0914009 0 11.375 0.34902 0.5 0 0
4790 0.0914009 0 11.375 0.34902 0.5 0 0
4800 0.0915751 0 11.375 0.34902 0.5 0 0
4810 0.0915751 0 11.375 0.34902 0.5 0 0
4820 0.0915753 0 11.375 0.34902 0.5 0 0
4830 0.0915753 0 11.375 0.34902 0.5 0 0
4840 0.0915753 0 11.375 0.34902 0.5 0 0
4850 0.0915753 0 11.375 0.34902 0.5 0 0
4860 0.0913007 0 11.375 0.34902 0.5 0 0
4870 0.0913007 0 11.375 0.34902 0.5 0 0
4880 0.0911515 0 11.375 0.34902 0.5 0 0
4890 0.0911515 0 11.375 0.345098 0.5 0 0
4900 0.0908159 0 11.375 0.345098 0.5 0 0
4910 0.0908159 0 11.375 0.345098 0.5 0 0
4920 0.0904442 0 11.375 0.345098 0.5 0 0
4930 0.0904442 0 11.375 0.345098 0.5 0 0
4940 0.0893336 0 11.375 0.341176 0.5 0 0
4950 0.0893336 0 11.375 0.341176 0.5 0 0
4960 0.0879734 0 11.375 0.337255 0.5 0 0
4970 0.0879734 0 11.375 0.337255 0.5 0 0
4980 0.0872666 0 11.375 0.341176 0.5 0 0
4990 0.0872666 0 11.375 0.345098 0.5 0 0
5000 0.086977 0 11.375 0.345098 0.5 0 0
5010 0.086977 0 11.375 0.345098 0.5 0 0
5020 0.0864543 0 11.375 0.34902 0.5 0 0
5030 0.0864543 0 11.375 0.345098 0.5 0 0
5040 0.0859807 0 11.375 0.34902 0.5 0 0
5050 0.0859807 0 11.375 0.341176 0.5 0 0
5060 0.0851234 0 11.375 0.337255 0.5 0 0
5070 0.0851234 0 11.375 0.337255 0.5 0 0
5080 0.0835254 0 11.375 0.337255 0.5 0 0
5090 0.0835254 0 11.375 0.337255 0.5 0 0
5100 0.082734 0 11.375 0.337255 0.5 0 0
5110 0.082734 0 11.375 0.337255 0.5 0 0
5120 0.08273 0 11.375 0.337255 0.5 0 0
5130 0.08273 0 11.375 0.337255 0.5 0 0
5140 0.08273 0 11.375 0.337255 0.5 0 0
5150 0.08273 0 11.375 0.337255 0.5 0 0
5160 0.08273 0 11.375 0.337255 0.5 0 0
5170 0.08273 0 11.375 0.337255 0.5 0 0
5180 0.08273 0 11.375 0.337255 0.5 0 0
5190 0.08273 0 11.375 0.337255 0.5 0 0
5200 0.08273 0 11.375 0.337255 0.5 0 0
5210 0.08273 0 11.375 0.337255 0.5 0 0
5220 0.08273 0 11.375 0.337255 0.5 0 0
5230 0.08273 0 11.375 0.337255 0.5 0 0
5240 0.08273 0 11.375 0.337255 0.5 0 0
5250 0.08273 0 11.375 0.337255 0.5 0 0
5260 0.08273 0 11.375 0.337255 0.5 0 0
5270 0.08273 0 11.375 0.337255 0.5 0 0
5280 0.08273 0 11.375 0.337255 0.5 0 0
5290 0.08273 0 11.375 0.337255 0.5 0 0
5300 0.08273 0 11.375 0.337255 0.5 0 0
5310 0.08273 0 11.375 0.337255 0.5 0 0
5320 0.08273 0 11.375 0.337255 0.5 0 0
5330 0.08273 0 11.375 0.337255 0.5 0 0
5340 0.08273 0 11.375 0.337255 0.5 0 0
5350 0.08273 0 11.375 0.337255 0.5 0 0
5360 0.08273 0 11.375 0.337255 0.5 0 0
5370 0.08273 0 11.375 0.337255 0.5 0 0
5380 0.08273 0 11.375 0.337255 0.5 0 0
5390 0.08273 0 11.375 0.337255 0.5 0 0
5400 0.08273 0 11.375 0.337255 0.5 0 0
5410 0.08273 0 11.375 0.337255 0.5 0 0
5420 0.08273 0 11.375 0.337255 0.5 0 0
5430 0.08273 0 11.375 0.337255 0.5 0 0
5440 0.08273 0 11.375 0.337255 0.5 0 0
5450 0.08273 0 11.375 0.337255 0.5 0 0
5460 0.08273 0 11.375 0.337255 0.5 0 0
5470 0.08273 0 11.375 0.337255 0.5 0 0
5480 0.08273 0 11.375 0.337255 0.5 0 0
5490 0.08273 0 11.375 0.337255 0.5 0 0
5500 0.08273 0 11.375 0.337255 0.5 0 0
5510 0.08273 0 11.375 0.337255 0.5 0 0
5520 0.08273 0 11.375 0.337255 0.5 0 0
5530 0.08273 0 11.375 0.337255 0.5 0 0
5540 0.0834855 0 11.375 0.337255 0.5 0 0
5550 0.0834855 0 11.375 0.337255 0.5 0 0
5560 0.08437 0 11.375 0.337255 0.5 0 0
5570 0.08437 0 11.375 0.337255 0.5 0 0
5580 0.0846379 0 11.375 0.337255 0.5 0 0
5590 0.0846379 0 11.375 0.337255 0.5 0 0
5600 0.0849385 0 11.375 0.337255 0.5 0 0
5610 0.0849385 0 11.375 0.337255 0.5 0 0
5620 0.0854948 0 11.375 0.333333 0.5 0 0
5630 0.0854948 0 11.375 0.333333 0.5 0 0
5640 0.086364 0 11.375 0.337255 0.5 0 0
5650 0.086364 0 11.375 0.337255 0.5 0 0
5660 0.0866235 0 11.375 0.337255 0.5 0 0
5670 0.0866235 0 11.375 0.337255 0.5 0 0
5680 0.0868395 0 11.375 0.341176 0.5 0 0
5690 0.0868395 0 11.375 0.341176 0.5 0 0
5700 0.0867396 0 11.375 0.341176 0.5 0 0
5710 0.0867396 0 11.375 0.341176 0.5 0 0
5720 0.0863165 0 11.375 0.341176 0.5 0 0
5730 0.0863165 0 11.375 0.337255 0.5 0 0
5740 0.0856114 0 11.375 0.341176 0.5 0 0
5750 0.0856114 0 11.375 0.345098 0.5 0 0
5760 0.0852718 0 11.375 0.34902 0.5 0 0
5770 0.0852718 0 11.375 0.352941 0.5 0 0
5780 0.0851289 0 11.375 0.34902 0.5 0 0
5790 0.0851289 0 11.375 0.34902 0.5 0 0
5800 0.0846043 0 11.375 0.345098 0.5 0 0
5810 0.0846043 0 11.375 0.333333 0.5 0 0
5820 0.0828628 0 11.375 0.329412 0.5 0 0
5830 0.0828628 0 11.375 0.333333 0.5 0 0
5840 0.0819842 0 11.375 0.329412 0.5 0 0
5850 0.0819842 0 11.375 0.329412 0.5 0 0
5860 0.0825842 0 11.375 0.329412 0.5 0 0
5870 0.0825842 0 11.375 0.329412 0.5 0 0
5880 0.0823063 0 11.375 0.329412 0.5 0 0
5890 0.0823063 0 11.375 0.329412 0.5 0 0
5900 0.0819987 0 11.375 0.329412 0.5 0 0
5910 0.0819987 0 11.375 0.329412 0.5 0 0
5920 0.0810446 0 11.375 0.329412 0.5 0 0
5930 0.0810446 0 11.375 0.32549 0.5 0 0
5940 0.0804808 0 11.375 0.32549 0.5 0 0
5950 0.0804808 0 11.375 0.32549 0.5 0 0
5960 0.0802722 0 11.375 0.32549 0.5 0 0
5970 0.0802722 0 11.375 0.329412 0.5 0 0
5980 0.0802407 0 11.375 0.32549 0.5 0 0
5990 0.0802407 0 11.375 0.32549 0.5 0 0
6000 0.0797516 0 11.375 0.329412 0.5 0 0
6010 0.0797516 0 11.375 0.329412 0.5 0 0
6020 0.0796307 0 11.375 0.329412 0.5 0 0
6030 0.0796307 0 11.375 0.329412 0.5 0 0
6040 0.0796226 0 11.375 0.329412 0.5 0 0
6050 0.0796226 0 11.375 0.329412 0.5 0 0
6060 0.0796226 0 11.375 0.329412 0.5 0 0
6070 0.0796226 0 11.375 0.329412 0.5 0 0
6080 0.0807612 0 11.375 0.329412 0.5 0 0
6090 0.0807612 0 11.375 0.321569 0.5 0 0
6100 0.0815975 0 11.375 0.32549 0.5 0 0
6110 0.0815975 0 11.375 0.32549 0.5 0 0
6120 0.0826215 0 11.375 0.32549 0.5 0 0
6130 0.0826215 0 11.375 0.32549 0.5 0 0
6140 0.0833811 0 11.375 0.329412 0.5 0 0
6150 0.0833811 0 11.375 0.329412 0.5 0 0
6160 0.0836569 0 11.375 0.329412 0.5 0 0
6170 0.0836569 0 11.375 0.329412 0.5 0 0
6180 0.0841457 0 11.375 0.329412 0.5 0 0
6190 0.0841457 0 11.375 0.333333 0.5 0 0
6200 0.0843455 0 11.375 0.333333 0.5 0 0
6210 0.0843455 0 11.375 0.333333 0.5 0 0
6220 0.0842715 0 11.375 0.333333 0.5 0 0
6230 0.0842715 0 11.375 0.329412 0.5 0 0
6240 0.0838344 0 11.375 0.329412 0.5 0 0
6250 0.0838344 0 11.375 0.329412 0.5 0 0
6260 0.0832797 0 11.375 0.337255 0.5 0 0
6270 0.0832797 0 11.375 0.333333 0.5 0 0
6280 0.082922 0 11.375 0.341176 0.5 0 0
6290 0.082922 0 11.375 0.341176 0.5 0 0
6300 0.0827241 0 11.375 0.341176 0.5 0 0
6310 0.0827241 0 11.375 0.341176 0.5 0 0
6320 0.0820024 0 11.375 0.337255 0.5 0 0
6330 0.0820024 0 11.375 0.352941 0.5 0 0
6340 0.0811558 0 11.375 0.364706 0.5 0 0
6350 0.0811558 0 11.375 0.372549 0.5 0 0
6360 0.0806132 0 11.375 0.341176 0.5 0 0
6370 0.0806132 0 11.375 0.341176 0.5 0 0
6380 0.0797325 0 11.375 0.333333 0.5 0 0
6390 0.0797325 0 11.375 0.329412 0.5 0 0
6400 0.0791616 0 11.375 0.317647 0.5 0 0
6410 0.0791616 0 11.375 0.32549 0.5 0 0
6420 0.0782271 0 11.375 0.329412 0.5 0 0
6430 0.0782271 0 11.375 0.333333 0.5 0 0
6440 0.0782226 0 11.375 0.333333 0.5 0 0
6450 0.0782226 0 11.375 0.333333 0.5 0 0
6460 0.0782226 0 11.375 0.333333 0.5 0 0
6470 0.0782226 0 11.375 0.329412 0.5 0 0
6480 0.0777988 0 11.375 0.32549 0.5 0 0
6490 0.0777988 0 11.375 0.321569 0.5 0 0
6500 0.0769709 0 11.375 0.321569 0.5 0 0
6510 0.0769709 0 11.375 0.321569 0.5 0 0
6520 0.0762681 0 11.375 0.317647 0.5 0 0
6530 0.0762681 0 11.375 0.317647 0.5 0 0
6540 0.0756149 0 11.375 0.317647 0.5 0 0
6550 0.0756149 0 11.375 0.317647 0.5 0 0
6560 0.0749622 0 11.375 0.321569 0.5 0 0
6570 0.0749622 0 11.375 0.321569 0.5 0 0
6580 0.0749432 0 11.375 0.321569 0.5 0 0
6590 0.0749432 0 11.375 0.321569 0.5 0 0
6600 0.0749432 0 11.375 0.321569 0.5 0 0
6610 0.0749432 0 11.375 0.321569 0.5 0 0
6620 0.0748053 0 11.375 0.317647 0.5 0 0
6630 0.0748053 0 11.375 0.32549 0.5 0 0
6640 0.0746914 0 11.375 0.32549 0.5 0 0
6650 0.0746914 0 11.375 0.321569 0.5 0 0
6660 0.0746914 0 11.375 0.321569 0.5 0 0
6670 0.0746914 0 11.375 0.321569 0.5 0 0
6680 0.0746914 0 11.375 0.32549 0.5 0 0
6690 0.0746914 0 11.375 0.321569 0.5 0 0
6700 0.0746914 0 11.375 0.32549 0.5 0 0
6710 0.0746914 0 11.375 0.321569 0.5 0 0
6720 0.0746914 0 11.375 0.32549 0.5 0 0
6730 0.0746914 0 11.375 0.32549 0.5 0 0
6740 0.0746764 0 11.375 0.321569 0.5 0 0
6750 0.0746764 0 11.375 0.321569 0.5 0 0
6760 0.0746764 0 11.375 0.321569 0.5 0 0
6770 0.0746764 0 11.375 0.32549 0.5 0 0
6780 0.0746764 0 11.375 0.32549 0.5 0 0
6790 0.0746764 0 11.375 0.32549 0.5 0 0
6800 0.0746764 0 11.375 0.32549 0.5 0 0
6810 0.0746764 0 11.375 0.321569 0.5 0 0
6820 0.0746764 0 11.375 0.321569 0.5 0 0
6830 0.0746764 0 11.375 0.32549 0.5 0 0
6840 0.0746764 0 11.375 0.321569 0.5 0 0
6850 0.0746764 0 11.375 0.321569 0.5 0 0
6860 0.0746764 0 11.375 0.321569 0.5 0 0
6870 0.0746764 0 11.375 0.321569 0.5 0 0
6880 0.0746764 0 11.375 0.321569 0.5 0 0
6890 0.0746764 0 11.375 0.32549 0.5 0 0
6900 0.0749257 0 11.375 0.321569 0.5 0 0
6910 0.0749257 0 11.375 0.32549 0.5 0 0
6920 0.075977 0 11.375 0.32549 0.5 0 0
6930 0.075977 0 11.375 0.32549 0.5 0 0
6940 0.0769642 0 11.375 0.321569 0.5 0 0
6950 0.0769642 0 11.375 0.321569 0.5 0 0
6960 0.077806 0 11.375 0.317647 0.5 0 0
6970 0.077806 0 11.375 0.32549 0.5 0 0
6980 0.0788222 0 11.375 0.329412 0.5 0 0
6990 0.0788222 0 11.375 0.329412 0.5 0 0
7000 0.0790048 0 11.375 0.329412 0.5 0 0
7010 0.0790048 0 11.375 0.329412 0.5 0 0
7020 0.0790521 0 11.375 0.329412 0.5 0 0
7030 0.0790521 0 11.375 0.329412 0.5 0 0
7040 0.0790523 0 11.375 0.329412 0.5 0 0
7050 0.0790523 0 11.375 0.329412 0.5 0 0
7060 0.0790523 0 11.375 0.329412 0.5 0 0
7070 0.0790523 0 11.375 0.329412 0.5 0 0
7080 0.0788912 0 11.375 0.32549 0.5 0 0
7090 0.0788912 0 11.375 0.321569 0.5 0 0
7100 0.078392 0 11.375 0.321569 0.5 0 0
7110 0.078392 0 11.375 0.317647 0.5 0 0
7120 0.0772245 0 11.375 0.313725 0.5 0 0
7130 0.0772245 0 11.375 0.309804 0.5 0 0
7140 0.076249 0.25 11.625 0.313725 0.5 0 0
7150 0.076249 0.25 11.625 0.309804 0.5 0 0
7160 0.0762806 0.25 11.875 0.309804 0.5 0 0
7170 0.0762806 0.25 11.875 0.309804 0.5 0 0
7180 0.0763275 0.25 12.125 0.313725 0.5 0 0
7190 0.0763275 0.25 12.125 0.313725 0.5 0 0
7200 0.0766712 0.25 12.375 0.317647 0.5 0 0
7210 0.0766712 0.25 12.375 0.32549 0.5 0 0
7220 0.0771547 0.375 12.75 0.329412 0.5 0 0
7230 0.0771547 0.375 12.75 0.341176 0.5 0 0
7240 0.0771471 0.375 13.125 0.341176 0.5 0 0
7250 0.0771471 0.375 13.125 0.345098 0.5 0 0
7260 0.0770008 0.375 13.5 0.345098 0.5 0 0
7270 0.0770008 0.375 13.5 0.34902 0.5 0 0
7280 0.0769953 0.375 13.875 0.341176 0.5 0 0
7290 0.0769953 0.375 13.875 0.352941 0.5 0 0
7300 0.0762848 0.375 14.25 0.317647 0.5 0 0
7310 0.0762848 0.375 14.25 0.305882 0.5 0 0
7320 0.074355 0.375 14.625 0.305882 0.5 0 0
7330 0.074355 0.375 14.625 0.305882 0.5 0 0
7340 0.0738265 0.375 15 0.305882 0.5 0 0
7350 0.0738265 0.375 15 0.305882 0.5 0 0
7360 0.0737988 0.25 15.25 0.305882 0.5 0 0
7370 0.0737988 0.25 15.25 0.305882 0.5 0 0
7380 0.0738372 0.375 15.625 0.305882 0.5 0 0
7390 0.0738372 0.375 15.625 0.305882 0.5 0 0
7400 0.073978 0.375 16 0.305882 0.5 0 0
7410 0.073978 0.375 16 0.305882 0.5 0 0
7420 0.0740255 0.375 16.375 0.305882 0.5 0 0
7430 0.0740255 0.375 16.375 0.305882 0.5 0 0
7440 0.0740288 0.375 16.75 0.305882 0.5 0 0
7450 0.0740288 0.375 16.75 0.305882 0.5 0 0
7460 0.0740288 0.5 17.25 0.305882 0.5 0 0
7470 0.0740288 0.5 17.25 0.305882 0.5 0 0
7480 0.0740288 0.5 17.75 0.305882 0.5 0 0
7490 0.0740288 0.5 17.75 0.305882 0.5 0 0
7500 0.0739461 0.25 18 0.305882 0.5 0 0
7510 0.0739461 0.25 18 0.305882 0.5 0 0
7520 0.0735315 0.25 18.25 0.305882 0.5 0 0
7530 0.0735315 0.25 18.25 0.305882 0.5 0 0
7540 0.072892 0.25 18.5 0.305882 0.5 0 0
7550 0.072892 0.25 18.5 0.305882 0.5 0 0
7560 0.0725109 0.375 18.875 0.305882 0.5 0 0
7570 0.0725109 0.375 18.875 0.305882 0.5 0 0
7580 0.072366 0.375 19.25 0.305882 0.5 0 0
7590 0.072366 0.375 19.25 0.305882 0.5 0 0
7600 0.0724467 0.375 19.625 0.305882 0.5 0 0
7610 0.0724467 0.375 19.625 0.305882 0.5 0 0
7620 0.072569 0.375 20 0.301961 0.5 0 0
7630 0.072569 0.375 20 0.301961 0.5 0 0
7640 0.0718634 0.375 20.375 0.301961 0.5 0 0
7650 0.0718634 0.375 20.375 0.298039 0.5 0 0
7660 0.0719262 0.375 20.75 0.298039 0.5 0 0
7670 0.0719262 0.375 20.75 0.294118 0.5 0 0
7680 0.0727758 0 20.75 0.298039 0.5 0 0
7690 0.0727758 0 20.75 0.298039 0.5 0 0
7700 0.0734851 0 20.75 0.305882 0.5 0 0
7710 0.0734851 0 20.75 0.309804 0.5 0 0
7720 0.0738782 0 20.75 0.309804 0.5 0 0
7730 0.0738782 0 20.75 0.305882 0.5 0 0
7740 0.0738826 0.25 21 0.309804 0.5 0 0
7750 0.0738826 0.25 21 0.309804 0.5 0 0
7760 0.0738826 0.25 21.25 0.305882 0.5 0 0
7770 0.0738826 0.25 21.25 0.309804 0.5 0 0
7780 0.073123 0.25 21.5 0.313725 0.5 0 0
7790 0.073123 0.25 21.5 0.317647 0.5 0 0
7800 0.0725828 0.25 21.75 0.317647 0.5 0 0
7810 0.0725828 0.25 21.75 0.329412 0.5 0 0
7820 0.0722131 0.25 22 0.333333 0.5 0 0
7830 0.0722131 0.25 22 0.329412 0.5 0 0
7840 0.0716015 0.25 22.25 0.333333 0.5 0 0
7850 0.0716015 0.25 22.25 0.305882 0.5 0 0
7860 0.0708068 0.25 22.5 0.294118 0.5 0 0
7870 0.0708068 0.25 22.5 0.290196 0.5 0 0
7880 0.0699958 0.25 22.75 0.290196 0.5 0 0
7890 0.0699958 0.25 22.75 0.294118 0.5 0 0
7900 0.0681966 0.25 23 0.301961 0.5 0 0
7910 0.0681966 0.25 23 0.305882 0.5 0 0
7920 0.067757 0.25 23.25 0.305882 0.5 0 0
7930 0.067757 0.25 23.25 0.305882 0.5 0 0
7940 0.0678163 0.25 23.5 0.309804 0.5 0 0
7950 0.0678163 0.25 23.5 0.305882 0.5 0 0
7960 0.0677831 0.25 23.75 0.305882 0.5 0 0
7970 0.0677831 0.25 23.75 0.305882 0.5 0 0
7980 0.067682 0.25 24 0.305882 0.5 0 0
7990 0.067682 0.25 24 0.309804 0.5 0 0
8000 0.0685197 0 24 0.298039 0.5 0 0
8010 0.0685197 0 24 0.298039 0.5 0 0
8020 0.0698304 0 24 0.301961 0.5 0 0
8030 0.0698304 0 24 0.305882 0.5 0 0
8040 0.0700155 0 24 0.305882 0.5 0 0
8050 0.0700155 0 24 0.305882 0.5 0 0
8060 0.0702153 0 24 0.305882 0.5 0 0
8070 0.0702153 0 24 0.305882 0.5 0 0
8080 0.0703079 0 24 0.305882 0.5 0 0
8090 0.0703079 0 24 0.305882 0.5 0 0
8100 0.070355 0 24 0.301961 0.5 0 0
8110 0.070355 0 24 0.305882 0.5 0 0
8120 0.0701169 0 24 0.301961 0.5 0 0
8130 0.0701169 0 24 0.294118 0.5 0 0
8140 0.0693991 0 24 0.286275 0.5 0 0
8150 0.0693991 0 24 0.286275 0.5 0 0
8160 0.0688581 0 24 0.286275 0.5 0 0
8170 0.0688581 0 24 0.282353 0.5 0 0
8180 0.068465 0 24 0.282353 0.5 0 0
8190 0.068465 0 24 0.282353 0.5 0 0
8200 0.0682805 0 24 0.282353 0.5 0 0
8210 0.0682805 0 24 0.27451 0.5 0 0
8220 0.0674426 0 24 0.27451 0.5 0 0
8230 0.0674426 0 24 0.27451 0.5 0 0
8240 0.0665926 0 24 0.298039 0.5 0 0
8250 0.0665926 0 24 0.309804 0.5 0 0
8260 0.0659408 0 24 0.290196 0.5 0 0
8270 0.0659408 0 24 0.266667 0.5 0 0
8280 0.0652909 0 24 0.270588 0.5 0 0
8290 0.0652909 0 24 0.266667 0.5 0 0
8300 0.063658 0 24 0.266667 0.5 0 0
8310 0.063658 0 24 0.278431 0.5 0 0
8320 0.0640523 0 24 0.278431 0.5 0 0
8330 0.0640523 0 24 0.278431 0.5 0 0
8340 0.0640722 0 24 0.270588 0.5 0 0
8350 0.0640722 0 24 0.278431 0.5 0 0
8360 0.0643925 0 24 0.278431 0.5 0 0
8370 0.0643925 0 24 0.27451 0.5 0 0
8380 0.0647949 0 24 0.27451 0.5 0 0
8390 0.0647949 0 24 0.278431 0.5 0 0
8400 0.0644693 0 24 0.282353 0.5 0 0
8410 0.0644693 0 24 0.286275 0.5 0 0
8420 0.0643116 0 24 0.286275 0.5 0 0
8430 0.0643116 0 24 0.282353 0.5 0 0
8440 0.0640878 0 24 0.282353 0.5 0 0
8450 0.0640878 0 24 0.282353 0.5 0 0
8460 0.0638556 0 24 0.27451 0.5 0 0
8470 0.0638556 0 24 0.270588 0.5 0 0
8480 0.0624948 0 24 0.258824 0.5 0 0
8490 0.0624948 0 24 0.270588 0.5 0 0
8500 0.061634 0 24 0.282353 0.5 0 0
8510 0.061634 0 24 0.286275 0.5 0 0
8520 0.0615974 0 24 0.282353 0.5 0 0
8530 0.0615974 0 24 0.282353 0.5 0 0
8540 0.0615974 0 24 0.278431 0.5 0 0
8550 0.0615974 0 24 0.278431 0.5 0 0
8560 0.0616625 0 24 0.278431 0.5 0 0
8570 0.0616625 0 24 0.282353 0.5 0 0
8580 0.061964 0 24 0.270588 0.5 0 0
8590 0.061964 0 24 0.270588 0.5 0 0
8600 0.0626094 0 24 0.270588 0.5 0 0
8610 0.0626094 0 24 0.270588 0.5 0 0
8620 0.0633184 0 24 0.27451 0.5 0 0
8630 0.0633184 0 24 0.282353 0.5 0 0
8640 0.063668 0 24 0.282353 0.5 0 0
8650 0.063668 0 24 0.282353 0.5 0 0
8660 0.0638485 0 24 0.282353 0.5 0 0
8670 0.0638485 0 24 0.282353 0.5 0 0
8680 0.0638937 0 24 0.282353 0.5 0 0
8690 0.0638937 0 24 0.282353 0.5 0 0
8700 0.0636702 0 24 0.282353 0.5 0 0
8710 0.0636702 0 24 0.286275 0.5 0 0
8720 0.0635152 0 24 0.286275 0.5 0 0
8730 0.0635152 0 24 0.290196 0.5 0 0
8740 0.0632157 0 24 0.278431 0.5 0 0
8750 0.0632157 0 24 0.290196 0.5 0 0
8760 0.0623702 0 24 0.278431 0.5 0 0
8770 0.0623702 0 24 0.262745 0.5 0 0
8780 0.0613738 0 24 0.254902 0.5 0 0
8790 0.0613738 0 24 0.254902 0.5 0 0
8800 0.0597928 0 24 0.27451 0.5 0 0
8810 0.0597928 0 24 0.278431 0.5 0 0
8820 0.0594244 0 24 0.286275 0.5 0 0
8830 0.0594244 0 24 0.278431 0.5 0 0
8840 0.0594238 0 24 0.282353 0.5 0 0
8850 0.0594238 0 24 0.278431 0.5 0 0
8860 0.0594734 0 24 0.286275 0.5 0 0
8870 0.0594734 0 24 0.27451 0.5 0 0
8880 0.0597729 0 24 0.262745 0.5 0 0
8890 0.0597729 0 24 0.25098 0.5 0 0
8900 0.0605867 0 24 0.258824 0.5 0 0
8910 0.0605867 0 24 0.262745 0.5 0 0
8920 0.0605663 0 24 0.262745 0.5 0 0
8930 0.0605663 0 24 0.258824 0.5 0 0
8940 0.0603912 0 24 0.262745 0.5 0 0
8950 0.0603912 0 24 0.258824 0.5 0 0
8960 0.0605124 0 24 0.262745 0.5 0 0
8970 0.0605124 0 24 0.262745 0.5 0 0
8980 0.0605737 0 24 0.262745 0.5 0 0
8990 0.0605737 0 24 0.262745 0.5 0 0
9000 0.0603668 0 24 0.262745 0.5 0 0
9010 0.0603668 0 24 0.258824 0.5 0 0
9020 0.0599161 0 24 0.25098 0.5 0 0
9030 0.0599161 0 24 0.231373 0.5 0 0
9040 0.0587511 0 24 0.239216 0.5 0 0
9050 0.0587511 0 24 0.243137 0.5 0 0
9060 0.0581048 0 24 0.25098 0.5 0 0
9070 0.0581048 0 24 0.247059 0.5 0 0
9080 0.0580993 0 24 0.247059 0.5 0 0
9090 0.0580993 0 24 0.247059 0.5 0 0
9100 0.057879 0 24 0.247059 0.5 0 0
9110 0.057879 0 24 0.247059 0.5 0 0
9120 0.0574458 0 24 0.247059 0.5 0 0
9130 0.0574458 0 24 0.25098 0.5 0 0
9140 0.0570582 0 24 0.247059 0.5 0 0
9150 0.0570582 0 24 0.25098 0.5 0 0
9160 0.0569761 0 24 0.247059 0.5 0 0
9170 0.0569761 0 24 0.25098 0.5 0 0
9180 0.0569136 0 24 0.247059 0.5 0 0
9190 0.0569136 0 24 0.25098 0.5 0 0
9200 0.0567225 0 24 0.247059 0.5 0 0
9210 0.0567225 0 24 0.247059 0.5 0 0
9220 0.057148 0 24 0.247059 0.5 0 0
9230 0.057148 0 24 0.247059 0.5 0 0
9240 0.0577696 0 24 0.243137 0.5 0 0
9250 0.0577696 0 24 0.243137 0.5 0 0
9260 0.0585455 0 24 0.25098 0.5 0 0
9270 0.0585455 0 24 0.254902 0.5 0 0
9280 0.0587879 0 24 0.258824 0.5 0 0
9290 0.0587879 0 24 0.258824 0.5 0 0
9300 0.0587824 0 24 0.258824 0.5 0 0
9310 0.0587824 0 24 0.258824 0.5 0 0
9320 0.0587826 0 24 0.258824 0.5 0 0
9330 0.0587826 0 24 0.254902 0.5 0 0
9340 0.058379 0 24 0.25098 0.5 0 0
9350 0.058379 0 24 0.243137 0.5 0 0
9360 0.0572977 0 24 0.227451 0.5 0 0
9370 0.0572977 0 24 0.231373 0.5 0 0
9380 0.0568487 0 24 0.231373 0.5 0 0
9390 0.0568487 0 24 0.231373 0.5 0 0
9400 0.0564719 0 24 0.227451 0.5 0 0
9410 0.0564719 0 24 0.227451 0.5 0 0
9420 0.0563261 0 24 0.227451 0.5 0 0
9430 0.0563261 0 24 0.223529 0.5 0 0
9440 0.055748 0 24 0.219608 0.5 0 0
9450 0.055748 0 24 0.211765 0.5 0 0
9460 0.0557608 0 24 0.211765 0.5 0 0
9470 0.0557608 0 24 0.211765 0.5 0 0
9480 0.0543489 0 24 0.207843 0.5 0 0
9490 0.0543489 0 24 0.203922 0.5 0 0
9500 0.0528516 0 24 0.203922 0.5 0 0
9510 0.0528516 0 24 0.207843 0.5 0 0
9520 0.0523471 0 24 0.207843 0.5 0 0
9530 0.0523471 0 24 0.203922 0.5 0 0
9540 0.0521716 0 24 0.203922 0.5 0 0
9550 0.0521716 0 24 0.2 0.5 0 0
9560 0.0523517 0 24 0.196078 0.5 0 0
9570 0.0523517 0 24 0.2 0.5 0 0
9580 0.0525783 0 24 0.203922 0.5 0 0
9590 0.0525783 0 24 0.196078 0.5 0 0
9600 0.0512602 0 24 0.192157 0.5 0 0
9610 0.0512602 0 24 0.192157 0.5 0 0
9620 0.0505485 0 24 0.192157 0.5 0 0
9630 0.0505485 0 24 0.184314 0.5 0 0
9640 0.0501183 0 24 0.192157 0.5 0 0
9650 0.0501183 0 24 0.188235 0.5 0 0
9660 0.0491595 0 24 0.192157 0.5 0 0
9670 0.0491595 0 24 0.192157 0.5 0 0
9680 0.0488465 0 24 0.188235 0.5 0 0
9690 0.0488465 0 24 0.192157 0.5 0 0
9700 0.0486831 0 24 0.192157 0.5 0 0
9710 0.0486831 0 24 0.188235 0.5 0 0
9720 0.0486537 0 24 0.192157 0.5 0 0
9730 0.0486537 0 24 0.192157 0.5 0 0
9740 0.0485765 0 24 0.192157 0.5 0 0
9750 0.0485765 0 24 0.184314 0.5 0 0
9760 0.0491826 0 24 0.184314 0.5 0 0
9770 0.0491826 0 24 0.192157 0.5 0 0
9780 0.0495485 0 24 0.2 0.5 0 0
9790 0.0495485 0 24 0.2 0.5 0 0
9800 0.0495837 0 24 0.2 0.5 0 0
9810 0.0495837 0 24 0.203922 0.5 0 0
9820 0.0495837 0 24 0.203922 0.5 0 0
9830 0.0495837 0 24 0.2 0.5 0 0
9840 0.0495384 0 24 0.2 0.5 0 0
9850 0.0495384 0 24 0.188235 0.5 0 0
9860 0.0482616 0 24 0.176471 0.5 0 0
9870 0.0482616 0 24 0.172549 0.5 0 0
9880 0.0475702 0.25 24.25 0.172549 0.5 0 0
9890 0.0475702 0.25 24.25 0.176471 0.5 0 0
9900 0.0473176 0.25 24.5 0.180392 0.5 0 0
9910 0.0473176 0.25 24.5 0.180392 0.5 0 0
9920 0.0472361 0.25 24.75 0.180392 0.5 0 0
9930 0.0472361 0.25 24.75 0.176471 0.5 0 0
9940 0.0472142 0.25 25 0.176471 0.5 0 0
9950 0.0472142 0.25 25 0.176471 0.5 0 0
9960 0.047196 0.25 25.25 0.184314 0.5 0 0
9970 0.047196 0.25 25.25 0.184314 0.5 0 0
9980 0.0471953 0.25 25.5 0.180392 0.5 0 0
9990 0.0471953 0.25 25.5 0.184314 0.5 0 0
10000 0.0471934 0 25.5 0.180392 0.5 0 0
10010 0.0471934 0 25.5 0.180392 0.5 0 0
10020 0.0469055 0 25.5 0.188235 0.5 0 0
10030 0.0469055 0 25.5 0.192157 0.5 0 0
10040 0.0467653 0 25.5 0.192157 0.5 0 0
10050 0.0467653 0 25.5 0.184314 0.5 0 0
10060 0.0461741 0 25.5 0.180392 0.5 0 0
10070 0.0461741 0 25.5 0.164706 0.5 0 0
10080 0.045221 0 25.5 0.160784 0.5 0 0
10090 0.045221 0 25.5 0.156863 0.5 0 0
10100 0.0438689 0.25 25.75 0.164706 0.5 0 0
10110 0.0438689 0.25 25.75 0.160784 0.5 0 0
10120 0.0431218 0.25 26 0.160784 0.5 0 0
10130 0.0431218 0.25 26 0.160784 0.5 0 0
10140 0.0426139 0.375 26.375 0.156863 0.5 0 0
10150 0.0426139 0.375 26.375 0.160784 0.5 0 0
10160 0.0421206 0.375 26.75 0.156863 0.5 0 0
10170 0.0421206 0.375 26.75 0.156863 0.5 0 0
10180 0.0417723 0.375 27.125 0.156863 0.5 0 0
10190 0.0417723 0.375 27.125 0.156863 0.5 0 0
10200 0.0414874 0.375 27.5 0.156863 0.5 0 0
10210 0.0414874 0.375 27.5 0.152941 0.5 0 0
10220 0.0412424 0.25 27.75 0.152941 0.5 0 0
10230 0.0412424 0.25 27.75 0.152941 0.5 0 0
10240 0.0410016 0.25 28 0.152941 0.5 0 0
10250 0.0410016 0.25 28 0.152941 0.5 0 0
10260 0.0406559 0.25 28.25 0.14902 0.5 0 0
10270 0.0406559 0.25 28.25 0.152941 0.5 0 0
10280 0.0404466 0.25 28.5 0.14902 0.5 0 0
10290 0.0404466 0.25 28.5 0.14902 0.5 0 0
10300 0.0403059 0.25 28.75 0.145098 0.5 0 0
10310 0.0403059 0.25 28.75 0.14902 0.5 0 0
10320 0.040187 0.375 29.125 0.14902 0.5 0 0
10330 0.040187 0.375 29.125 0.145098 0.5 0 0
10340 0.0399388 0.25 29.375 0.141176 0.5 0 0
10350 0.0399388 0.25 29.375 0.137255 0.5 0 0
10360 0.0395593 0.25 29.625 0.137255 0.5 0 0
10370 0.0395593 0.25 29.625 0.133333 0.5 0 0
10380 0.0389009 0.25 29.875 0.133333 0.5 0 0
10390 0.0389009 0.25 29.875 0.133333 0.5 0 0
10400 0.0380284 0.375 30.25 0.133333 0.5 0 0
10410 0.0380284 0.375 30.25 0.133333 0.5 0 0
10420 0.037553 0.375 30.625 0.133333 0.5 0 0
10430 0.037553 0.375 30.625 0.133333 0.5 0 0
10440 0.03715 0.375 31 0.133333 0.5 0 0
10450 0.03715 0.375 31 0.141176 0.5 0 0
10460 0.0365057 0.375 31.375 0.133333 0.5 0 0
10470 0.0365057 0.375 31.375 0.133333 0.5 0 0
10480 0.0359736 0.375 31.75 0.133333 0.5 0 0
10490 0.0359736 0.375 31.75 0.133333 0.5 0 0
10500 0.0356398 0.25 32 0.133333 0.5 0 0
10510 0.0356398 0.25 32 0.129412 0.5 0 0
10520 0.0355149 0.25 32.25 0.121569 0.5 0 0
10530 0.0355149 0.25 32.25 0.12549 0.5 0 0
10540 0.0349668 0 32.25 0.129412 0.5 0 0
10550 0.0349668 0 32.25 0.129412 0.5 0 0
10560 0.0347598 0 32.25 0.129412 0.5 0 0
10570 0.0347598 0 32.25 0.129412 0.5 0 0
10580 0.0348323 0 32.25 0.129412 0.5 0 0
10590 0.0348323 0 32.25 0.12549 0.5 0 0
10600 0.034397 0 32.25 0.12549 0.5 0 0
10610 0.034397 0 32.25 0.129412 0.5 0 0
10620 0.0337459 0 32.25 0.137255 0.5 0 0
10630 0.0337459 0 32.25 0.133333 0.5 0 0
10640 0.0334458 0 32.25 0.141176 0.5 0 0
10650 0.0334458 0 32.25 0.137255 0.5 0 0
10660 0.0331851 0 32.25 0.141176 0.5 0 0
10670 0.0331851 0 32.25 0.141176 0.5 0 0
10680 0.0327555 0 32.25 0.141176 0.5 0 0
10690 0.0327555 0 32.25 0.145098 0.5 0 0
10700 0.0325519 0 32.25 0.141176 0.5 0 0
10710 0.0325519 0 32.25 0.141176 0.5 0 0
10720 0.0321757 0 32.25 0.137255 0.5 0 0
10730 0.0321757 0 32.25 0.133333 0.5 0 0
10740 0.0319522 0 32.25 0.12549 0.5 0 0
10750 0.0319522 0 32.25 0.121569 0.5 0 0
10760 0.0312003 0 32.25 0.113725 0.5 0 0
10770 0.0312003 0 32.25 0.113725 0.5 0 0
10780 0.030006 0.25 32.5 0.113725 0.5 0 0
10790 0.030006 0.25 32.5 0.113725 0.5 0 0
10800 0.0294562 0.25 32.75 0.113725 0.5 0 0
10810 0.0294562 0.25 32.75 0.113725 0.5 0 0
10820 0.0289223 0.375 33.125 0.109804 0.5 0 0
10830 0.0289223 0.375 33.125 0.113725 0.5 0 0
10840 0.028616 0.375 33.5 0.109804 0.5 0 0
10850 0.028616 0.375 33.5 0.109804 0.5 0 0
10860 0.0280811 0.375 33.875 0.109804 0.5 0 0
10870 0.0280811 0.375 33.875 0.109804 0.5 0 0
10880 0.0279079 0.375 34.25 0.109804 0.5 0 0
10890 0.0279079 0.375 34.25 0.109804 0.5 0 0
10900 0.0278615 0.375 34.625 0.109804 0.5 0 0
10910 0.0278615 0.375 34.625 0.109804 0.5 0 0
10920 0.0278035 0.375 35 0.109804 0.5 0 0
10930 0.0278035 0.375 35 0.109804 0.5 0 0
10940 0.027779 0.375 35.375 0.109804 0.5 0 0
10950 0.027779 0.375 35.375 0.109804 0.5 0 0
10960 0.0277527 0.375 35.75 0.109804 0.5 0 0
10970 0.0277527 0.375 35.75 0.109804 0.5 0 0
10980 0.0277232 0.375 36.125 0.109804 0.5 0 0
10990 0.0277232 0.375 36.125 0.109804 0.5 0 0
11000 0.0276935 0.375 36.5 0.109804 0.5 0 0
11010 0.0276935 0.375 36.5 0.109804 0.5 0 0
11020 0.0276683 0.375 36.875 0.109804 0.5 0 0
11030 0.0276683 0.375 36.875 0.109804 0.5 0 0
11040 0.0276475 0.375 37.25 0.105882 0.5 0 0
11050 0.0276475 0.375 37.25 0.109804 0.5 0 0
11060 0.0276306 0.375 37.625 0.109804 0.5 0 0
11070 0.0276306 0.375 37.625 0.109804 0.5 0 0
11080 0.0275541 0.25 37.875 0.109804 0.5 0 0
11090 0.0275541 0.25 37.875 0.109804 0.5 0 0
11100 0.0272689 0.25 38.125 0.109804 0.5 0 0
11110 0.0272689 0.25 38.125 0.109804 0.5 0 0
11120 0.0269598 0.25 38.375 0.109804 0.5 0 0
11130 0.0269598 0.25 38.375 0.105882 0.5 0 0
11140 0.0267117 0.25 38.625 0.105882 0.5 0 0
11150 0.0267117 0.25 38.625 0.109804 0.5 0 0
11160 0.0263716 0.25 38.875 0.105882 0.5 0 0
11170 0.0263716 0.25 38.875 0.105882 0.5 0 0
11180 0.0261148 0.25 39.125 0.105882 0.5 0 0
11190 0.0261148 0.25 39.125 0.109804 0.5 0 0
11200 0.0259176 0 39.125 0.105882 0.5 0 0
11210 0.0259176 0 39.125 0.109804 0.5 0 0
11220 0.0257007 0 39.125 0.105882 0.5 0 0
11230 0.0257007 0 39.125 0.105882 0.5 0 0
11240 0.0258633 0 39.125 0.101961 0.5 0 0
11250 0.0258633 0 39.125 0.105882 0.5 0 0
11260 0.0254525 0.25 39.375 0.105882 0.5 0 0
11270 0.0254525 0.25 39.375 0.105882 0.5 0 0
11280 0.0250622 0.25 39.625 0.105882 0.5 0 0
11290 0.0250622 0.25 39.625 0.101961 0.5 0 0
11300 0.0247148 0.25 39.875 0.101961 0.5 0 0
11310 0.0247148 0.25 39.875 0.101961 0.5 0 0
11320 0.0243256 0.25 40.125 0.105882 0.5 0 0
11330 0.0243256 0.25 40.125 0.109804 0.5 0 0
11340 0.0240719 0.25 40.375 0.113725 0.5 0 0
11350 0.0240719 0.25 40.375 0.109804 0.5 0 0
11360 0.023856 0.25 40.625 0.109804 0.5 0 0
11370 0.023856 0.25 40.625 0.109804 0.5 0 0
11380 0.0234648 0 40.625 0.113725 0.5 0 0
11390 0.0234648 0 40.625 0.105882 0.5 0 0
11400 0.0228519 0 40.625 0.101961 0.5 0 0
11410 0.0228519 0 40.625 0.0980392 0.5 0 0
11420 0.0219993 0 40.625 0.0901961 0.5 0 0
11430 0.0219993 0 40.625 0.0901961 0.5 0 0
11440 0.0209399 0.25 40.875 0.0901961 0.5 0 0
11450 0.0209399 0.25 40.875 0.0901961 0.5 0 0
11460 0.0202333 0.25 41.125 0.0901961 0.5 0 0
11470 0.0202333 0.25 41.125 0.0901961 0.5 0 0
11480 0.0199515 0.375 41.5 0.0941176 0.5 0 0
11490 0.0199515 0.375 41.5 0.0941176 0.5 0 0
11500 0.0198126 0.375 41.875 0.0941176 0.5 0 0
11510 0.0198126 0.375 41.875 0.0901961 0.5 0 0
11520 0.0196477 0.375 42.25 0.0941176 0.5 0 0
11530 0.0196477 0.375 42.25 0.0901961 0.5 0 0
11540 0.0192704 0.25 42.5 0.0901961 0.5 0 0
11550 0.0192704 0.25 42.5 0.0901961 0.5 0 0
11560 0.0187966 0.25 42.75 0.0901961 0.5 0 0
11570 0.0187966 0.25 42.75 0.0901961 0.5 0 0
11580 0.0185722 0.25 43 0.0901961 0.5 0 0
11590 0.0185722 0.25 43 0.0901961 0.5 0 0
11600 0.0185137 0.25 43.25 0.0901961 0.5 0 0
11610 0.0185137 0.25 43.25 0.0901961 0.5 0 0
11620 0.0183053 0.25 43.5 0.0901961 0.5 0 0
11630 0.0183053 0.25 43.5 0.0941176 0.5 0 0
11640 0.0181199 0.25 43.75 0.0901961 0.5 0 0
11650 0.0181199 0.25 43.75 0.0941176 0.5 0 0
11660 0.0179909 0 43.75 0.0941176 0.5 0 0
11670 0.0179909 0 43.75 0.0862745 0.5 0 0
11680 0.0177802 0 43.75 0.0862745 0.5 0 0
11690 0.0177802 0 43.75 0.0862745 0.5 0 0
11700 0.0177057 0 43.75 0.0901961 0.5 0 0
11710 0.0177057 0 43.75 0.0901961 0.5 0 0
11720 0.0175073 0 43.75 0.0862745 0.5 0 0
11730 0.0175073 0 43.75 0.0901961 0.5 0 0
11740 0.0172532 0 43.75 0.0901961 0.5 0 0
11750 0.0172532 0 43.75 0.0901961 0.5 0 0
11760 0.0169731 0 43.75 0.0941176 0.5 0 0
11770 0.0169731 0 43.75 0.0941176 0.5 0 0
11780 0.0167645 0 43.75 0.0941176 0.5 0 0
11790 0.0167645 0 43.75 0.0941176 0.5 0 0
11800 0.0164943 0 43.75 0.0941176 0.5 0 0
11810 0.0164943 0 43.75 0.0901961 0.5 0 0
11820 0.0162478 0 43.75 0.0901961 0.5 0 0
11830 0.0162478 0 43.75 0.0941176 0.5 0 0
11840 0.0159968 0 43.75 0.0901961 0.5 0 0
11850 0.0159968 0 43.75 0.0901961 0.5 0 0
11860 0.0155583 0 43.75 0.0862745 0.5 0 0
11870 0.0155583 0 43.75 0.0823529 0.5 0 0
11880 0.0153461 0 43.75 0.0784314 0.5 0 0
11890 0.0153461 0 43.75 0.0784314 0.5 0 0
11900 0.014836 0 43.75 0.0784314 0.5 0 0
11910 0.014836 0 43.75 0.0784314 0.5 0 0
11920 0.0139922 0.25 44 0.0784314 0.5 0 0
11930 0.0139922 0.25 44 0.0745098 0.5 0 0
11940 0.0133375 0.25 44.25 0.0745098 0.5 0 0
11950 0.0133375 0.25 44.25 0.0745098 0.5 0 0
11960 0.0131288 0.375 44.625 0.0745098 0.5 0 0
11970 0.0131288 0.375 44.625 0.0745098 0.5 0 0
11980 0.0129759 0.375 45 0.0745098 0.5 0 0
11990 0.0129759 0.375 45 0.0745098 0.5 0 0
12000 0.012782 0.375 45.375 0.0745098 0.5 0 0
12010 0.012782 0.375 45.375 0.0745098 0.5 0 0
12020 0.0126978 0.375 45.75 0.0745098 0.5 0 0
12030 0.0126978 0.375 45.75 0.0745098 0.5 0 0
12040 0.0126321 0.375 46.125 0.0745098 0.5 0 0
12050 0.0126321 0.375 46.125 0.0745098 0.5 0 0
12060 0.0124283 0.25 46.375 0.0745098 0.5 0 0
12070 0.0124283 0.25 46.375 0.0745098 0.5 0 0
12080 0.0120716 0.25 46.625 0.0705882 0.5 0 0
12090 0.0120716 0.25 46.625 0.0705882 0.5 0 0
12100 0.0118132 0.375 47 0.0705882 0.5 0 0
12110 0.0118132 0.375 47 0.0705882 0.5 0 0
12120 0.0115839 0.375 47.375 0.0705882 0.5 0 0
12130 0.0115839 0.375 47.375 0.0705882 0.5 0 0
12140 0.0115202 0.375 47.75 0.0705882 0.5 0 0
12150 0.0115202 0.375 47.75 0.0705882 0.5 0 0
12160 0.0114243 0.375 48.125 0.0705882 0.5 0 0
12170 0.0114243 0.375 48.125 0.0705882 0.5 0 0
12180 0.0113393 0.375 48.5 0.0705882 0.5 0 0
12190 0.0113393 0.375 48.5 0.0705882 0.5 0 0
12200 0.0112798 0.375 48.875 0.0705882 0.5 0 0
12210 0.0112798 0.375 48.875 0.0705882 0.5 0 0
12220 0.0112415 0.375 49.25 0.0705882 0.5 0 0
12230 0.0112415 0.375 49.25 0.0705882 0.5 0 0
12240 0.0111763 0.375 49.625 0.0705882 0.5 0 0
12250 0.0111763 0.375 49.625 0.0705882 0.5 0 0
12260 0.0111362 0.25 49.875 0.0705882 0.5 0 0
12270 0.0111362 0.25 49.875 0.0705882 0.5 0 0
12280 0.0108163 0.25 50.125 0.0705882 0.5 0 0
12290 0.0108163 0.25 50.125 0.0705882 0.5 0 0
12300 0.0106278 0.375 50.5 0.0666667 0.5 0 0
12310 0.0106278 0.375 50.5 0.0666667 0.5 0 0
12320 0.0104251 0.375 50.875 0.0666667 0.5 0 0
12330 0.0104251 0.375 50.875 0.0666667 0.5 0 0
12340 0.0101814 0.375 51.25 0.0705882 0.5 0 0
12350 0.0101814 0.375 51.25 0.0705882 0.5 0 0
12360 0.0100142 0.375 51.625 0.0705882 0.5 0 0
12370 0.0100142 0.375 51.625 0.0705882 0.5 0 0
12380 0.00989564 0.375 52 0.0705882 0.5 0 0
12390 0.00989564 0.375 52 0.0666667 0.5 0 0
12400 0.00970034 0.625 52.625 0.0666667 0.5 0 0
12410 0.00970034 0.625 52.625 0.0666667 0.5 0 0
12420 0.00952364 0.625 53.25 0.0666667 0.5 0 0
12430 0.00952364 0.625 53.25 0.0666667 0.5 0 0
12440 0.00935053 0.5 53.75 0.0666667 0.5 0 0
12450 0.00935053 0.5 53.75 0.0666667 0.5 0 0
12460 0.00912682 0.5 54.25 0.0666667 0.5 0 0
12470 0.00912682 0.5 54.25 0.0666667 0.5 0 0
12480 0.00898384 0.5 54.75 0.0666667 0.5 0 0
12490 0.00898384 0.5 54.75 0.0666667 0.5 0 0
12500 0.00884463 0.625 55.375 0.0666667 0.5 0 0
12510 0.00884463 0.625 55.375 0.0666667 0.5 0 0
12520 0.00865137 0.625 56 0.0666667 0.5 0 0
12530 0.00865137 0.625 56 0.0666667 0.5 0 0
12540 0.00850725 0.625 56.625 0.0666667 0.5 0 0
12550 0.00850725 0.625 56.625 0.0627451 0.5 0 0
12560 0.00824777 0.375 57 0.0627451 0.5 0 0
12570 0.00824777 0.375 57 0.0627451 0.5 0 0
12580 0.00816268 0.375 57.375 0.0627451 0.5 0 0
12590 0.00816268 0.375 57.375 0.0627451 0.5 0 0
12600 0.0082239 0.375 57.75 0.0666667 0.5 0 0
12610 0.0082239 0.375 57.75 0.0705882 0.5 0 0
12620 0.00825108 0.375 58.125 0.0666667 0.5 0 0
12630 0.00825108 0.375 58.125 0.0666667 0.5 0 0
12640 0.00819289 0.375 58.5 0.0705882 0.5 0 0
12650 0.00819289 0.375 58.5 0.0705882 0.5 0 0
12660 0.0081701 0.25 58.75 0.0705882 0.5 0 0
12670 0.0081701 0.25 58.75 0.0666667 0.5 0 0
12680 0.00789858 0.25 59 0.0627451 0.5 0 0
12690 0.00789858 0.25 59 0.0588235 0.5 0 0
12700 0.00757477 0 59 0.0588235 0.5 0 0
12710 0.00757477 0 59 0.0588235 0.5 0 0
12720 0.00716543 0.625 59.625 0.0588235 0.5 0 0
12730 0.00716543 0.625 59.625 0.0627451 0.5 0 0
12740 0.0070879 0.625 60.25 0.0666667 0.5 0 0
12750 0.0070879 0.625 60.25 0.0666667 0.5 0 0
12760 0.00699114 0.625 60.875 0.0666667 0.5 0 0
12770 0.00699114 0.625 60.875 0.0666667 0.5 0 0
12780 0.00678116 0.625 61.5 0.0627451 0.5 0 0
12790 0.00678116 0.625 61.5 0.0627451 0.5 0 0
12800 0.0065251 0.875 62.375 0.0666667 0.5 0 0
12810 0.0065251 0.875 62.375 0.0627451 0.5 0 0
12820 0.00645941 0.75 63.125 0.0666667 0.5 0 0
12830 0.00645941 0.75 63.125 0.0627451 0.5 0 0
12840 0.00641988 0.375 63.5 0.0666667 0.5 0 0
12850 0.00641988 0.375 63.5 0.0666667 0.5 0 0
12860 0.00616915 0.375 63.875 0.0588235 0.5 0 0
12870 0.00616915 0.375 63.875 0.0588235 0.5 0 0
12880 0.00599237 0.375 64.25 0.054902 0.5 0 0
12890 0.00599237 0.375 64.25 0.0588235 0.5 0 0
12900 0.00583372 0.375 64.625 0.0588235 0.5 0 0
12910 0.00583372 0.375 64.625 0.054902 0.5 0 0
12920 0.00573819 0.25 64.875 0.054902 0.5 0 0
12930 0.00573819 0.25 64.875 0.054902 0.5 0 0
12940 0.00555167 0.25 65.125 0.0588235 0.5 0 0
12950 0.00555167 0.25 65.125 0.0627451 0.5 0 0
12960 0.00549816 0.25 65.375 0.0627451 0.5 0 0
12970 0.00549816 0.25 65.375 0.0627451 0.5 0 0
12980 0.0054594 0.5 65.875 0.0627451 0.5 0 0
12990 0.0054594 0.5 65.875 0.0588235 0.5 0 0
13000 0.00525979 0.5 66.375 0.054902 0.5 0 0
13010 0.00525979 0.5 66.375 0.0509804 0.5 0 0
13020 0.00506351 0.75 67.125 0.054902 0.5 0 0
13030 0.00506351 0.75 67.125 0.0588235 0.5 0 0
13040 0.00496296 0.625 67.75 0.0588235 0.5 0 0
13050 0.00496296 0.625 67.75 0.0588235 0.5 0 0
13060 0.00497382 0.625 68.375 0.0588235 0.5 0 0
13070 0.00497382 0.625 68.375 0.0588235 0.5 0 0
13080 0.00496079 0.625 69 0.054902 0.5 0 0
13090 0.00496079 0.625 69 0.0509804 0.5 0 0
13100 0.00488777 0.625 69.625 0.0509804 0.5 0 0
13110 0.00488777 0.625 69.625 0.0509804 0.5 0 0
13120 0.0047885 0.625 70.25 0.054902 0.5 0 0
13130 0.0047885 0.625 70.25 0.0509804 0.5 0 0
13140 0.00478108 0.75 71 0.0509804 0.5 0 0
13150 0.00478108 0.75 71 0.054902 0.5 0 0
13160 0.00475441 0.625 71.625 0.054902 0.5 0 0
13170 0.00475441 0.625 71.625 0.054902 0.5 0 0
13180 0.0047004 0.625 72.25 0.054902 0.5 0 0
13190 0.0047004 0.625 72.25 0.054902 0.5 0 0
13200 0.00470779 0.625 72.875 0.054902 0.5 0 0
13210 0.00470779 0.625 72.875 0.0509804 0.5 0 0
13220 0.00472153 0.625 73.5 0.054902 0.5 0 0
13230 0.00472153 0.625 73.5 0.054902 0.5 0 0
13240 0.00474467 0.5 74 0.054902 0.5 0 0
13250 0.00474467 0.5 74 0.054902 0.5 0 0
13260 0.00479002 0.375 74.375 0.054902 0.5 0 0
13270 0.00479002 0.375 74.375 0.054902 0.5 0 0
13280 0.00479665 0.375 74.75 0.0588235 0.5 0 0
13290 0.00479665 0.375 74.75 0.054902 0.5 0 0
13300 0.00465188 0.375 75.125 0.054902 0.5 0 0
13310 0.00465188 0.375 75.125 0.0509804 0.5 0 0
13320 0.00446119 0.25 75.375 0.0509804 0.5 0 0
13330 0.00446119 0.25 75.375 0.054902 0.5 0 0
13340 0.00441758 0.5 75.875 0.054902 0.5 0 0
13350 0.00441758 0.5 75.875 0.054902 0.5 0 0
13360 0.00443623 0.5 76.375 0.054902 0.5 0 0
13370 0.00443623 0.5 76.375 0.054902 0.5 0 0
13380 0.00437995 0.625 77 0.0509804 0.5 0 0
13390 0.00437995 0.625 77 0.0509804 0.5 0 0
13400 0.00431321 0.75 77.75 0.0509804 0.5 0 0
13410 0.00431321 0.75 77.75 0.0509804 0.5 0 0
13420 0.00431709 0.75 78.5 0.0470588 0.5 0 0
13430 0.00431709 0.75 78.5 0.0509804 0.5 0 0
13440 0.00441722 0.75 79.25 0.0470588 0.5 0 0
13450 0.00441722 0.75 79.25 0.0509804 0.5 0 0
13460 0.00441537 0.75 80 0.0509804 0.5 0 0
13470 0.00441537 0.75 80 0.0509804 0.5 0 0
13480 0.0042633 0.875 80.875 0.0470588 0.5 0 0
13490 0.0042633 0.875 80.875 0.0509804 0.5 0 0
13500 0.00423842 0.75 81.625 0.0470588 0.5 0 0
13510 0.00423842 0.75 81.625 0.0509804 0.5 0 0
13520 0.00421756 0.75 82.375 0.0509804 0.5 0 0
13530 0.00421756 0.75 82.375 0.0509804 0.5 0 0
13540 0.00421878 0.75 83.125 0.0509804 0.5 0 0
13550 0.00421878 0.75 83.125 0.0509804 0.5 0 0
13560 0.0042275 0.75 83.875 0.0509804 0.5 0 0
13570 0.0042275 0.75 83.875 0.0509804 0.5 0 0
13580 0.00426095 0.75 84.625 0.0509804 0.5 0 0
13590 0.00426095 0.75 84.625 0.0470588 0.5 0 0
13600 0.0043891 0.75 85.375 0.0509804 0.5 0 0
13610 0.0043891 0.75 85.375 0.0509804 0.5 0 0
13620 0.00448289 0.625 86 0.0509804 0.5 0 0
13630 0.00448289 0.625 86 0.0509804 0.5 0 0
13640 0.00450498 0.625 86.625 0.054902 0.5 0 0
13650 0.00450498 0.625 86.625 0.054902 0.5 0 0
13660 0.00450833 0.375 87 0.054902 0.5 0 0
13670 0.00450833 0.375 87 0.054902 0.5 0 0
13680 0.00454444 0.375 87.375 0.0509804 0.5 0 0
13690 0.00454444 0.375 87.375 0.0509804 0.5 0 0
13700 0.0044687 0.375 87.75 0.0509804 0.5 0 0
13710 0.0044687 0.375 87.75 0.0509804 0.5 0 0
13720 0.0044281 0.25 88 0.0509804 0.5 0 0
13730 0.0044281 0.25 88 0.0509804 0.5 0 0
13740 0.00439696 0.25 88.25 0.0509804 0.5 0 0
13750 0.00439696 0.25 88.25 0.054902 0.5 0 0
13760 0.00437098 0.5 88.75 0.054902 0.5 0 0
13770 0.00437098 0.5 88.75 0.054902 0.5 0 0
13780 0.00435109 0.25 89 0.0509804 0.5 0 0
13790 0.00435109 0.25 89 0.0509804 0.5 0 0
13800 0.00430224 0.375 89.375 0.0509804 0.5 0 0
13810 0.00430224 0.375 89.375 0.0509804 0.5 0 0
13820 0.00436284 0.625 90 0.0509804 0.5 0 0
13830 0.00436284 0.625 90 0.0470588 0.5 0 0
13840 0.00449283 0.625 90.625 0.0509804 0.5 0 0
13850 0.00449283 0.625 90.625 0.0509804 0.5 0 0
13860 0.00463744 0.625 91.25 0.0509804 0.5 0 0
13870 0.00463744 0.625 91.25 0.0509804 0.5 0 0
13880 0.00460148 0.625 91.875 0.0509804 0.5 0 0
13890 0.00460148 0.625 91.875 0.0509804 0.5 0 0
13900 0.00465856 0.625 92.5 0.0509804 0.5 0 0
13910 0.00465856 0.625 92.5 0.0509804 0.5 0 0
13920 0.0047773 0.625 93.125 0.054902 0.5 0 0
13930 0.0047773 0.625 93.125 0.054902 0.5 0 0
13940 0.00476506 0.25 93.375 0.0588235 0.5 0 0
13950 0.00476506 0.25 93.375 0.0588235 0.5 0 0
13960 0.00468338 0.25 93.625 0.0588235 0.5 0 0
13970 0.00468338 0.25 93.625 0.0588235 0.5 0 0
13980 0.00460219 0 93.625 0.054902 0.5 0 0
13990 0.00460219 0 93.625 0.054902 0.5 0 0
14000 0.00463116 0.25 93.875 0.054902 0.5 0 0
14010 0.00463116 0.25 93.875 0.054902 0.5 0 0
14020 0.0046596 0.375 94.25 0.054902 0.5 0 0
14030 0.0046596 0.375 94.25 0.054902 0.5 0 0
14040 0.00458067 0.375 94.625 0.0509804 0.5 0 0
14050 0.00458067 0.375 94.625 0.0509804 0.5 0 0
14060 0.00451351 0.375 95 0.0509804 0.5 0 0
14070 0.00451351 0.375 95 0.0509804 0.5 0 0
14080 0.00459277 0.375 95.375 0.0509804 0.5 0 0
14090 0.00459277 0.375 95.375 0.0509804 0.5 0 0
14100 0.00464304 0.5 95.875 0.0509804 0.5 0 0
14110 0.00464304 0.5 95.875 0.054902 0.5 0 0
14120 0.00463521 0.5 96.375 0.054902 0.5 0 0
14130 0.00463521 0.5 96.375 0.0509804 0.5 0 0
14140 0.00463648 0.375 96.75 0.0509804 0.5 0 0
14150 0.00463648 0.375 96.75 0.054902 0.5 0 0
14160 0.0045937 0.375 97.125 0.054902 0.5 0 0
14170 0.0045937 0.375 97.125 0.054902 0.5 0 0
14180 0.00460453 0.375 97.5 0.054902 0.5 0 0
14190 0.00460453 0.375 97.5 0.0588235 0.5 0 0
14200 0.00456709 0.625 98.125 0.0588235 0.5 0 0
14210 0.00456709 0.625 98.125 0.054902 0.5 0 0
14220 0.00448328 0.625 98.75 0.054902 0.5 0 0
14230 0.00448328 0.625 98.75 0.054902 0.5 0 0
14240 0.00442299 0.625 99.375 0.054902 0.5 0 0
14250 0.00442299 0.625 99.375 0.054902 0.5 0 0
14260 0.0042883 0.25 99.625 0.0509804 0.5 0 0
14270 0.0042883 0.25 99.625 0.0509804 0.5 0 0
14280 0.00425452 0.25 99.875 0.0509804 0.5 0 0
14290 0.00425452 0.25 99.875 0.054902 0.5 0 0
14300 0.0044436 0.25 100.125 0.0588235 0.5 0 0
14310 0.0044436 0.25 100.125 0.0588235 0.5 0 0
14320 0.00454347 0.25 100.375 0.0588235 0.5 0 0
14330 0.00454347 0.25 100.375 0.0588235 0.5 0 0
14340 0.00448154 0.25 100.625 0.0588235 0.5 0 0
14350 0.00448154 0.25 100.625 0.0588235 0.5 0 0
14360 0.00442126 0.25 100.875 0.0509804 0.5 0 0
14370 0.00442126 0.25 100.875 0.0509804 0.5 0 0
14380 0.0043946 0.5 101.375 0.0509804 0.5 0 0
14390 0.0043946 0.5 101.375 0.0509804 0.5 0 0
14400 0.00448325 0.5 101.875 0.0509804 0.5 0 0
14410 0.00448325 0.5 101.875 0.0509804 0.5 0 0
14420 0.0046077 0.375 102.25 0.0509804 0.5 0 0
14430 0.0046077 0.375 102.25 0.054902 0.5 0 0
14440 0.00466593 0.375 102.625 0.054902 0.5 0 0
14450 0.00466593 0.375 102.625 0.054902 0.5 0 0
14460 0.00452574 0.375 103 0.0509804 0.5 0 0
14470 0.00452574 0.375 103 0.0509804 0.5 0 0
14480 0.00436732 0.375 103.375 0.0509804 0.5 0 0
14490 0.00436732 0.375 103.375 0.0509804 0.5 0 0
14500 0.00421657 0.375 103.75 0.0509804 0.5 0 0
14510 0.00421657 0.375 103.75 0.0509804 0.5 0 0
14520 0.00421935 0.5 104.25 0.0509804 0.5 0 0
14530 0.00421935 0.5 104.25 0.0509804 0.5 0 0
14540 0.00419137 0.625 104.875 0.0509804 0.5 0 0
14550 0.00419137 0.625 104.875 0.0509804 0.5 0 0
14560 0.00420011 0.625 105.5 0.0509804 0.5 0 0
14570 0.00420011 0.625 105.5 0.0509804 0.5 0 0
14580 0.00416838 0.625 106.125 0.0470588 0.5 0 0
14590 0.00416838 0.625 106.125 0.0509804 0.5 0 0
14600 0.00413314 0.625 106.75 0.0509804 0.5 0 0
14610 0.00413314 0.625 106.75 0.0509804 0.5 0 0
14620 0.00426572 0.625 107.375 0.0509804 0.5 0 0
14630 0.00426572 0.625 107.375 0.0509804 0.5 0 0
14640 0.00430093 0.75 108.125 0.0509804 0.5 0 0
14650 0.00430093 0.75 108.125 0.054902 0.5 0 0
14660 0.00436437 0.75 108.875 0.0509804 0.5 0 0
14670 0.00436437 0.75 108.875 0.054902 0.5 0 0
14680 0.00436777 0.75 109.625 0.054902 0.5 0 0
14690 0.00436777 0.75 109.625 0.0509804 0.5 0 0
14700 0.00437293 0.75 110.375 0.054902 0.5 0 0
14710 0.00437293 0.75 110.375 0.054902 0.5 0 0
14720 0.00437335 0.625 111 0.054902 0.5 0 0
14730 0.00437335 0.625 111 0.054902 0.5 0 0
14740 0.00437597 0.625 111.625 0.054902 0.5 0 0
14750 0.00437597 0.625 111.625 0.054902 0.5 0 0
14760 0.00438375 0.5 112.125 0.054902 0.5 0 0
14770 0.00438375 0.5 112.125 0.054902 0.5 0 0
14780 0.0043757 0.25 112.375 0.054902 0.5 0 0
14790 0.0043757 0.25 112.375 0.054902 0.5 0 0
14800 0.00437162 0.5 112.875 0.054902 0.5 0 0
14810 0.00437162 0.5 112.875 0.054902 0.5 0 0
14820 0.00437285 0.25 113.125 0.0509804 0.5 0 0
14830 0.00437285 0.25 113.125 0.0509804 0.5 0 0
14840 0.0042708 0.25 113.375 0.0509804 0.5 0 0
14850 0.0042708 0.25 113.375 0.0509804 0.5 0 0
14860 0.00438477 0.5 113.875 0.0509804 0.5 0 0
14870 0.00438477 0.5 113.875 0.0509804 0.5 0 0
14880 0.00443305 0.5 114.375 0.0509804 0.5 0 0
14890 0.00443305 0.5 114.375 0.0509804 0.5 0 0
14900 0.00436224 0.25 114.625 0.0509804 0.5 0 0
14910 0.00436224 0.25 114.625 0.0509804 0.5 0 0
14920 0.00428251 0.25 114.875 0.0509804 0.5 0 0
14930 0.00428251 0.25 114.875 0.0509804 0.5 0 0
14940 0.00430041 0.25 115.125 0.0509804 0.5 0 0
14950 0.00430041 0.25 115.125 0.0509804 0.5 0 0
14960 0.00418956 0.5 115.625 0.0509804 0.5 0 0
14970 0.00418956 0.5 115.625 0.0509804 0.5 0 0
14980 0.00414721 0.375 116 0.0509804 0.5 0 0
14990 0.00414721 0.375 116 0.0509804 0.5 0 0
15000 0.00410149 0.5 116.5 0.0509804 0.5 0 0
15010 0.00410149 0.5 116.5 0.0509804 0.5 0 0
15020 0.00406607 0.5 117 0.0509804 0.5 0 0
15030 0.00406607 0.5 117 0.0509804 0.5 0 0
15040 0.00400954 0.5 117.5 0.0509804 0.5 0 0
15050 0.00400954 0.5 117.5 0.0509804 0.5 0 0
15060 0.00402822 0.625 118.125 0.0509804 0.5 0 0
15070 0.00402822 0.625 118.125 0.0470588 0.5 0 0
15080 0.00406896 0.75 118.875 0.0509804 0.5 0 0
15090 0.00406896 0.75 118.875 0.0509804 0.5 0 0
15100 0.00417254 0.625 119.5 0.0509804 0.5 0 0
15110 0.00417254 0.625 119.5 0.054902 0.5 0 0
15120 0.00424477 0.625 120.125 0.0588235 0.5 0 0
15130 0.00424477 0.625 120.125 0.0588235 0.5 0 0
15140 0.00421103 0.625 120.75 0.0588235 0.5 0 0
15150 0.00421103 0.625 120.75 0.054902 0.5 0 0
15160 0.00416911 0.625 121.375 0.0509804 0.5 0 0
15170 0.00416911 0.625 121.375 0.0509804 0.5 0 0
15180 0.00424108 0.875 122.25 0.0509804 0.5 0 0
15190 0.00424108 0.875 122.25 0.0509804 0.5 0 0
15200 0.00416908 0.625 122.875 0.0470588 0.5 0 0
15210 0.00416908 0.625 122.875 0.0509804 0.5 0 0
15220 0.00393452 0.625 123.5 0.0509804 0.5 0 0
15230 0.00393452 0.625 123.5 0.0509804 0.5 0 0
15240 0.00392303 0.625 124.125 0.0509804 0.5 0 0
15250 0.00392303 0.625 124.125 0.0470588 0.5 0 0
15260 0.00391276 0.625 124.75 0.0470588 0.5 0 0
15270 0.00391276 0.625 124.75 0.0509804 0.5 0 0
15280 0.0039152 0.75 125.5 0.0509804 0.5 0 0
15290 0.0039152 0.75 125.5 0.0509804 0.5 0 0
15300 0.00392922 0.75 126.25 0.0509804 0.5 0 0
15310 0.00392922 0.75 126.25 0.0509804 0.5 0 0
15320 0.00393038 0.75 127 0.0509804 0.5 0 0
15330 0.00393038 0.75 127 0.0509804 0.5 0 0
15340 0.00392377 0.625 127.625 0.0509804 0.5 0 0
15350 0.00392377 0.625 127.625 0.0509804 0.5 0 0
15360 0.00388076 0.625 128.25 0.054902 0.5 0 0
15370 0.00388076 0.625 128.25 0.0509804 0.5 0 0
15380 0.00388775 0.625 128.875 0.0509804 0.5 0 0
15390 0.00388775 0.625 128.875 0.0509804 0.5 0 0
15400 0.00387671 0.625 129.5 0.0509804 0.5 0 0
15410 0.00387671 0.625 129.5 0.0509804 0.5 0 0
15420 0.00389618 0.625 130.125 0.0509804 0.5 0 0
15430 0.00389618 0.625 130.125 0.0509804 0.5 0 0
15440 0.0039101 0.625 130.75 0.0509804 0.5 0 0
15450 0.0039101 0.625 130.75 0.0509804 0.5 0 0
15460 0.00391955 0.375 131.125 0.0509804 0.5 0 0
15470 0.00391955 0.375 131.125 0.0509804 0.5 0 0
15480 0.00392366 0.375 131.5 0.0509804 0.5 0 0
15490 0.00392366 0.375 131.5 0.0509804 0.5 0 0
15500 0.00393938 0.375 131.875 0.0509804 0.5 0 0
15510 0.00393938 0.375 131.875 0.0509804 0.5 0 0
15520 0.00394216 0.375 132.25 0.0509804 0.5 0 0
15530 0.00394216 0.375 132.25 0.0509804 0.5 0 0
15540 0.00392874 0.75 133 0.0509804 0.5 0 0
15550 0.00392874 0.75 133 0.0509804 0.5 0 0
15560 0.00396593 0.75 133.75 0.0509804 0.5 0 0
15570 0.00396593 0.75 133.75 0.0509804 0.5 0 0
15580 0.0040443 0.75 134.5 0.0509804 0.5 0 0
15590 0.0040443 0.75 134.5 0.0509804 0.5 0 0
15600 0.00409414 0.5 135 0.0509804 0.5 0 0
15610 0.00409414 0.5 135 0.0470588 0.5 0 0
15620 0.00415387 0.5 135.5 0.0470588 0.5 0 0
15630 0.00415387 0.5 135.5 0.0509804 0.5 0 0
15640 0.00426893 0.625 136.125 0.0509804 0.5 0 0
15650 0.00426893 0.625 136.125 0.0509804 0.5 0 0
15660 0.00428468 0.625 136.75 0.054902 0.5 0 0
15670 0.00428468 0.625 136.75 0.054902 0.5 0 0
15680 0.00424157 0.625 137.375 0.054902 0.5 0 0
15690 0.00424157 0.625 137.375 0.0509804 0.5 0 0
15700 0.00412179 0.625 138 0.0509804 0.5 0 0
15710 0.00412179 0.625 138 0.0509804 0.5 0 0
15720 0.00408896 0.75 138.75 0.0509804 0.5 0 0
15730 0.00408896 0.75 138.75 0.0509804 0.5 0 0
15740 0.00406863 0.625 139.375 0.0470588 0.5 0 0
15750 0.00406863 0.625 139.375 0.0470588 0.5 0 0
15760 0.00404467 0.625 140 0.0470588 0.5 0 0
15770 0.00404467 0.625 140 0.0470588 0.5 0 0
15780 0.00395192 0.75 140.75 0.0470588 0.5 0 0
15790 0.00395192 0.75 140.75 0.0509804 0.5 0 0
15800 0.00392858 0.75 141.5 0.0509804 0.5 0 0
15810 0.00392858 0.75 141.5 0.0470588 0.5 0 0
15820 0.00397945 0.75 142.25 0.0470588 0.5 0 0
15830 0.00397945 0.75 142.25 0.0470588 0.5 0 0
15840 0.00406201 0.875 143.125 0.0470588 0.5 0 0
15850 0.00406201 0.875 143.125 0.0470588 0.5 0 0
15860 0.00415961 0.875 144 0.0470588 0.5 0 0
15870 0.00415961 0.875 144 0.0470588 0.5 0 0
15880 0.00425139 0.875 144.875 0.0470588 0.5 0 0
15890 0.00425139 0.875 144.875 0.0470588 0.5 0 0
15900 0.00427668 0.875 145.75 0.0470588 0.5 0 0
15910 0.00427668 0.875 145.75 0.0470588 0.5 0 0
15920 0.00427305 0.875 146.625 0.0470588 0.5 0 0
15930 0.00427305 0.875 146.625 0.0470588 0.5 0 0
15940 0.00426322 0.875 147.5 0.0470588 0.5 0 0
15950 0.00426322 0.875 147.5 0.0470588 0.5 0 0
15960 0.00429471 0.875 148.375 0.0470588 0.5 0 0
15970 0.00429471 0.875 148.375 0.0470588 0.5 0 0
15980 0.00431197 0.75 149.125 0.0509804 0.5 0 0
15990 0.00431197 0.75 149.125 0.0470588 0.5 0 0
16000 0.00431592 0.75 149.875 0.0509804 0.5 0 0
16010 0.00431592 0.75 149.875 0.0509804 0.5 0 0
16020 0.00432012 0.75 150.625 0.0509804 0.5 0 0
16030 0.00432012 0.75 150.625 0.0509804 0.5 0 0
16040 0.00438344 0.75 151.375 0.054902 0.5 0 0
16050 0.00438344 0.75 151.375 0.0627451 0.5 0 0
16060 0.00443874 0.625 152 0.0666667 0.5 0 0
16070 0.00443874 0.625 152 0.0666667 0.5 0 0
16080 0.00445244 0.625 152.625 0.0666667 0.5 0 0
16090 0.00445244 0.625 152.625 0.0745098 0.5 0 0
16100 0.0045121 0.625 153.25 0.0745098 0.5 0 0
16110 0.0045121 0.625 153.25 0.0784314 0.5 0 0
16120 0.00453444 0.625 153.875 0.0705882 0.5 0 0
16130 0.00453444 0.625 153.875 0.0666667 0.5 0 0
16140 0.00447989 0.75 154.625 0.0588235 0.5 0 0
16150 0.00447989 0.75 154.625 0.0588235 0.5 0 0
16160 0.00451409 0.5 155.125 0.0588235 0.5 0 0
16170 0.00451409 0.5 155.125 0.054902 0.5 0 0
16180 0.00456242 0.25 155.375 0.054902 0.5 0 0
16190 0.00456242 0.25 155.375 0.0509804 0.5 0 0
16200 0.00459952 0.25 155.625 0.0509804 0.5 0 0
16210 0.00459952 0.25 155.625 0.0509804 0.5 0 0
16220 0.00467322 0.375 156 0.0509804 0.5 0 0
16230 0.00467322 0.375 156 0.0509804 0.5 0 0
16240 0.00474842 0.5 156.5 0.0509804 0.5 0 0
16250 0.00474842 0.5 156.5 0.0509804 0.5 0 0
16260 0.00480135 0.5 157 0.0509804 0.5 0 0
16270 0.00480135 0.5 157 0.0509804 0.5 0 0
16280 0.00481343 0.5 157.5 0.054902 0.5 0 0
16290 0.00481343 0.5 157.5 0.054902 0.5 0 0
16300 0.00476106 0.5 158 0.054902 0.5 0 0
16310 0.00476106 0.5 158 0.054902 0.5 0 0
16320 0.00474361 0.5 158.5 0.054902 0.5 0 0
16330 0.00474361 0.5 158.5 0.054902 0.5 0 0
16340 0.00474339 0.25 158.75 0.054902 0.5 0 0
16350 0.00474339 0.25 158.75 0.054902 0.5 0 0
16360 0.00466994 0.25 159 0.054902 0.5 0 0
16370 0.00466994 0.25 159 0.054902 0.5 0 0
16380 0.00466857 0.25 159.25 0.054902 0.5 0 0
16390 0.00466857 0.25 159.25 0.054902 0.5 0 0
16400 0.00462936 0 159.25 0.054902 0.5 0 0
16410 0.00462936 0 159.25 0.054902 0.5 0 0
16420 0.00444049 0 159.25 0.054902 0.5 0 0
16430 0.00444049 0 159.25 0.054902 0.5 0 0
16440 0.00447421 0 159.25 0.054902 0.5 0 0
16450 0.00447421 0 159.25 0.0588235 0.5 0 0
16460 0.0044367 0 159.25 0.0588235 0.5 0 0
16470 0.0044367 0 159.25 0.0588235 0.5 0 0
16480 0.00438777 0 159.25 0.0588235 0.5 0 0
16490 0.00438777 0 159.25 0.054902 0.5 0 0
16500 0.00425145 0 159.25 0.0509804 0.5 0 0
16510 0.00425145 0 159.25 0.0509804 0.5 0 0
16520 0.00421411 0.25 159.5 0.0509804 0.5 0 0
16530 0.00421411 0.25 159.5 0.0509804 0.5 0 0
16540 0.00425455 0.375 159.875 0.0509804 0.5 0 0
16550 0.00425455 0.375 159.875 0.0509804 0.5 0 0
16560 0.00420247 0.5 160.375 0.0509804 0.5 0 0
16570 0.00420247 0.5 160.375 0.0509804 0.5 0 0
16580 0.00416881 0.5 160.875 0.0470588 0.5 0 0
16590 0.00416881 0.5 160.875 0.0470588 0.5 0 0
16600 0.00416939 0.625 161.5 0.0470588 0.5 0 0
16610 0.00416939 0.625 161.5 0.0509804 0.5 0 0
16620 0.00418293 0.625 162.125 0.0509804 0.5 0 0
16630 0.00418293 0.625 162.125 0.0509804 0.5 0 0
16640 0.00419485 0.625 162.75 0.054902 0.5 0 0
16650 0.00419485 0.625 162.75 0.0509804 0.5 0 0
16660 0.00417226 0.75 163.5 0.054902 0.5 0 0
16670 0.00417226 0.75 163.5 0.0509804 0.5 0 0
16680 0.00415364 0.75 164.25 0.054902 0.5 0 0
16690 0.00415364 0.75 164.25 0.054902 0.5 0 0
16700 0.00414437 0.75 165 0.054902 0.5 0 0
16710 0.00414437 0.75 165 0.054902 0.5 0 0
16720 0.00412961 0.625 165.625 0.054902 0.5 0 0
16730 0.00412961 0.625 165.625 0.054902 0.5 0 0
16740 0.00409427 0.625 166.25 0.054902 0.5 0 0
16750 0.00409427 0.625 166.25 0.054902 0.5 0 0
16760 0.00408343 0.625 166.875 0.0588235 0.5 0 0
16770 0.00408343 0.625 166.875 0.054902 0.5 0 0
16780 0.0040828 0.875 167.75 0.054902 0.5 0 0
16790 0.0040828 0.875 167.75 0.054902 0.5 0 0
16800 0.00408985 0.75 168.5 0.054902 0.5 0 0
16810 0.00408985 0.75 168.5 0.054902 0.5 0 0
16820 0.00409418 0.625 169.125 0.054902 0.5 0 0
16830 0.00409418 0.625 169.125 0.054902 0.5 0 0
16840 0.00410528 0.75 169.875 0.054902 0.5 0 0
16850 0.00410528 0.75 169.875 0.054902 0.5 0 0
16860 0.00412189 0.75 170.625 0.054902 0.5 0 0
16870 0.00412189 0.75 170.625 0.0509804 0.5 0 0
16880 0.00413969 0.75 171.375 0.054902 0.5 0 0
16890 0.00413969 0.75 171.375 0.0509804 0.5 0 0
16900 0.0041371 0.5 171.875 0.0509804 0.5 0 0
16910 0.0041371 0.5 171.875 0.0509804 0.5 0 0
16920 0.00410798 0.625 172.5 0.0509804 0.5 0 0
16930 0.00410798 0.625 172.5 0.0509804 0.5 0 0
16940 0.00410879 0.625 173.125 0.0509804 0.5 0 0
16950 0.00410879 0.625 173.125 0.0509804 0.5 0 0
16960 0.00410371 0.625 173.75 0.054902 0.5 0 0
16970 0.00410371 0.625 173.75 0.054902 0.5 0 0
16980 0.00413237 0.625 174.375 0.0509804 0.5 0 0
16990 0.00413237 0.625 174.375 0.0509804 0.5 0 0
17000 0.004155 0.625 175 0.0509804 0.5 0 0
17010 0.004155 0.625 175 0.0509804 0.5 0 0
17020 0.00415114 0.625 175.625 0.0470588 0.5 0 0
17030 0.00415114 0.625 175.625 0.0470588 0.5 0 0
17040 0.00417616 0.625 176.25 0.0470588 0.5 0 0
17050 0.00417616 0.625 176.25 0.0470588 0.5 0 0
17060 0.00426148 0.625 176.875 0.0509804 0.5 0 0
17070 0.00426148 0.625 176.875 0.0509804 0.5 0 0
17080 0.00425944 0.625 177.5 0.0509804 0.5 0 0
17090 0.00425944 0.625 177.5 0.0470588 0.5 0 0
17100 0.00417495 0.625 178.125 0.0509804 0.5 0 0
17110 0.00417495 0.625 178.125 0.0509804 0.5 0 0
17120 0.00412469 0.625 178.75 0.0509804 0.5 0 0
17130 0.00412469 0.625 178.75 0.0470588 0.5 0 0
17140 0.00417074 0.625 179.375 0.0509804 0.5 0 0
17150 0.00417074 0.625 179.375 0.0509804 0.5 0 0
17160 0.00418345 0.625 180 0.0509804 0.5 0 0
17170 0.00418345 0.625 180 0.0509804 0.5 0 0
17180 0.00422852 0.75 180.75 0.0509804 0.5 0 0
17190 0.00422852 0.75 180.75 0.0509804 0.5 0 0
17200 0.00416377 0.75 181.5 0.0509804 0.5 0 0
17210 0.00416377 0.75 181.5 0.0509804 0.5 0 0
17220 0.00409355 0.625 182.125 0.0509804 0.5 0 0
17230 0.00409355 0.625 182.125 0.0509804 0.5 0 0
17240 0.00413178 0.5 182.625 0.0509804 0.5 0 0
17250 0.00413178 0.5 182.625 0.0509804 0.5 0 0
17260 0.00424791 0.625 183.25 0.0509804 0.5 0 0
17270 0.00424791 0.625 183.25 0.0509804 0.5 0 0
17280 0.00426922 0.625 183.875 0.0509804 0.5 0 0
17290 0.00426922 0.625 183.875 0.0470588 0.5 0 0
17300 0.00422406 0.625 184.5 0.0470588 0.5 0 0
17310 0.00422406 0.625 184.5 0.0509804 0.5 0 0
17320 0.00427481 0.625 185.125 0.0470588 0.5 0 0
17330 0.00427481 0.625 185.125 0.0470588 0.5 0 0
17340 0.00433443 0.75 185.875 0.0509804 0.5 0 0
17350 0.00433443 0.75 185.875 0.0509804 0.5 0 0
17360 0.00425445 0.5 186.375 0.0509804 0.5 0 0
17370 0.00425445 0.5 186.375 0.0509804 0.5 0 0
17380 0.00429679 0.5 186.875 0.0509804 0.5 0 0
17390 0.00429679 0.5 186.875 0.0509804 0.5 0 0
17400 0.00431491 0.5 187.375 0.0509804 0.5 0 0
17410 0.00431491 0.5 187.375 0.0509804 0.5 0 0
17420 0.00430761 0.5 187.875 0.054902 0.5 0 0
17430 0.00430761 0.5 187.875 0.054902 0.5 0 0
17440 0.00433263 0.5 188.375 0.054902 0.5 0 0
17450 0.00433263 0.5 188.375 0.0509804 0.5 0 0
17460 0.00443574 0.5 188.875 0.054902 0.5 0 0
17470 0.00443574 0.5 188.875 0.054902 0.5 0 0
17480 0.00443689 0.375 189.25 0.0588235 0.5 0 0
17490 0.00443689 0.375 189.25 0.0588235 0.5 0 0
17500 0.00444497 0.25 189.5 0.054902 0.5 0 0
17510 0.00444497 0.25 189.5 0.0588235 0.5 0 0
17520 0.00448675 0.25 189.75 0.054902 0.5 0 0
17530 0.00448675 0.25 189.75 0.054902 0.5 0 0
17540 0.00460955 0.25 190 0.054902 0.5 0 0
17550 0.00460955 0.25 190 0.054902 0.5 0 0
17560 0.00455886 0.25 190.25 0.0509804 0.5 0 0
17570 0.00455886 0.25 190.25 0.0509804 0.5 0 0
17580 0.00452314 0.375 190.625 0.0509804 0.5 0 0
17590 0.00452314 0.375 190.625 0.0509804 0.5 0 0
17600 0.00450804 0.5 191.125 0.0509804 0.5 0 0
17610 0.00450804 0.5 191.125 0.0509804 0.5 0 0
17620 0.00452523 0.5 191.625 0.0509804 0.5 0 0
17630 0.00452523 0.5 191.625 0.0509804 0.5 0 0
17640 0.00452306 0.5 192.125 0.0509804 0.5 0 0
17650 0.00452306 0.5 192.125 0.0509804 0.5 0 0
17660 0.00450882 0.5 192.625 0.0509804 0.5 0 0
17670 0.00450882 0.5 192.625 0.0509804 0.5 0 0
17680 0.0045347 0.5 193.125 0.0509804 0.5 0 0
17690 0.0045347 0.5 193.125 0.0509804 0.5 0 0
17700 0.00453977 0.5 193.625 0.0509804 0.5 0 0
17710 0.00453977 0.5 193.625 0.0509804 0.5 0 0
17720 0.00450559 0.375 194 0.0509804 0.5 0 0
17730 0.00450559 0.375 194 0.0509804 0.5 0 0
17740 0.00451306 0.375 194.375 0.0509804 0.5 0 0
17750 0.00451306 0.375 194.375 0.054902 0.5 0 0
17760 0.00453151 0.75 195.125 0.054902 0.5 0 0
17770 0.00453151 0.75 195.125 0.0627451 0.5 0 0
17780 0.00454253 0.75 195.875 0.0627451 0.5 0 0
17790 0.00454253 0.75 195.875 0.0588235 0.5 0 0
17800 0.00455454 0.875 196.75 0.0627451 0.5 0 0
17810 0.00455454 0.875 196.75 0.0627451 0.5 0 0
17820 0.00454228 0.75 197.5 0.0588235 0.5 0 0
17830 0.00454228 0.75 197.5 0.054902 0.5 0 0
17840 0.00443339 0.75 198.25 0.0509804 0.5 0 0
17850 0.00443339 0.75 198.25 0.0509804 0.5 0 0
17860 0.00441399 0.25 198.5 0.0509804 0.5 0 0
17870 0.00441399 0.25 198.5 0.0509804 0.5 0 0
17880 0.00447683 0.25 198.75 0.0509804 0.5 0 0
17890 0.00447683 0.25 198.75 0.0509804 0.5 0 0
17900 0.00439466 0 198.75 0.0509804 0.5 0 0
17910 0.00439466 0 198.75 0.0509804 0.5 0 0
17920 0.00426999 0 198.75 0.054902 0.5 0 0
17930 0.00426999 0 198.75 0.0627451 0.5 0 0
17940 0.00436425 0 198.75 0.0666667 0.5 0 0
17950 0.00436425 0 198.75 0.0666667 0.5 0 0
17960 0.00437918 0 198.75 0.0666667 0.5 0 0
17970 0.00437918 0 198.75 0.0666667 0.5 0 0
17980 0.00438746 0 198.75 0.0666667 0.5 0 0
17990 0.00438746 0 198.75 0.0666667 0.5 0 0
18000 0.00439969 0 198.75 0.0627451 0.5 0 0
18010 0.00439969 0 198.75 0.0627451 0.5 0 0
18020 0.00436741 0 198.75 0.0588235 0.5 0 0
18030 0.00436741 0 198.75 0.0588235 0.5 0 0
18040 0.00435125 0 198.75 0.0627451 0.5 0 0
18050 0.00435125 0 198.75 0.0666667 0.5 0 0
18060 0.00436497 0 198.75 0.0666667 0.5 0 0
18070 0.00436497 0 198.75 0.0666667 0.5 0 0
18080 0.00435004 0 198.75 0.0705882 0.5 0 0
18090 0.00435004 0 198.75 0.0705882 0.5 0 0
18100 0.00432656 0 198.75 0.0666667 0.5 0 0
18110 0.00432656 0 198.75 0.0627451 0.5 0 0
18120 0.00445063 0 198.75 0.054902 0.5 0 0
18130 0.00445063 0 198.75 0.054902 0.5 0 0
18140 0.00440345 0 198.75 0.0509804 0.5 0 0
18150 0.00440345 0 198.75 0.0509804 0.5 0 0
18160 0.00424827 0 198.75 0.0509804 0.5 0 0
18170 0.00424827 0 198.75 0.0509804 0.5 0 0
18180 0.00427232 0.25 199 0.054902 0.5 0 0
18190 0.00427232 0.25 199 0.054902 0.5 0 0
18200 0.0042595 0.25 199.25 0.054902 0.5 0 0
18210 0.0042595 0.25 199.25 0.0509804 0.5 0 0
18220 0.00438219 0.25 199.5 0.0509804 0.5 0 0
18230 0.00438219 0.25 199.5 0.0509804 0.5 0 0
18240 0.00437339 0.375 199.875 0.0509804 0.5 0 0
18250 0.00437339 0.375 199.875 0.0509804 0.5 0 0
18260 0.00438619 0.375 200.25 0.0509804 0.5 0 0
18270 0.00438619 0.375 200.25 0.0509804 0.5 0 0
18280 0.00442344 0.25 200.5 0.0509804 0.5 0 0
18290 0.00442344 0.25 200.5 0.0509804 0.5 0 0
18300 0.00426827 0.25 200.75 0.0509804 0.5 0 0
18310 0.00426827 0.25 200.75 0.0509804 0.5 0 0
18320 0.00409274 0.375 201.125 0.0509804 0.5 0 0
18330 0.00409274 0.375 201.125 0.0509804 0.5 0 0
18340 0.00405472 0.375 201.5 0.0509804 0.5 0 0
18350 0.00405472 0.375 201.5 0.0509804 0.5 0 0
18360 0.00409593 0.375 201.875 0.0509804 0.5 0 0
18370 0.00409593 0.375 201.875 0.0509804 0.5 0 0
18380 0.00411744 0.375 202.25 0.0509804 0.5 0 0
18390 0.00411744 0.375 202.25 0.0509804 0.5 0 0
18400 0.0040655 0.25 202.5 0.0509804 0.5 0 0
18410 0.0040655 0.25 202.5 0.0509804 0.5 0 0
18420 0.00406228 0.25 202.75 0.0509804 0.5 0 0
18430 0.00406228 0.25 202.75 0.0470588 0.5 0 0
18440 0.00400854 0.25 203 0.0509804 0.5 0 0
18450 0.00400854 0.25 203 0.0509804 0.5 0 0
18460 0.00399225 0.5 203.5 0.0470588 0.5 0 0
18470 0.00399225 0.5 203.5 0.0470588 0.5 0 0
18480 0.00403471 0.5 204 0.0509804 0.5 0 0
18490 0.00403471 0.5 204 0.0509804 0.5 0 0
18500 0.00414004 0.5 204.5 0.0509804 0.5 0 0
18510 0.00414004 0.5 204.5 0.054902 0.5 0 0
18520 0.00431364 0.5 205 0.054902 0.5 0 0
18530 0.00431364 0.5 205 0.054902 0.5 0 0
18540 0.00427065 0.5 205.5 0.054902 0.5 0 0
18550 0.00427065 0.5 205.5 0.0509804 0.5 0 0
18560 0.0041605 0.5 206 0.0509804 0.5 0 0
18570 0.0041605 0.5 206 0.0470588 0.5 0 0
18580 0.00410987 0.5 206.5 0.0470588 0.5 0 0
18590 0.00410987 0.5 206.5 0.0509804 0.5 0 0
18600 0.00399764 0.625 207.125 0.0509804 0.5 0 0
18610 0.00399764 0.625 207.125 0.0509804 0.5 0 0
18620 0.00393451 0.625 207.75 0.0509804 0.5 0 0
18630 0.00393451 0.625 207.75 0.0509804 0.5 0 0
18640 0.00392957 0.625 208.375 0.0509804 0.5 0 0
18650 0.00392957 0.625 208.375 0.054902 0.5 0 0
18660 0.00391286 0.625 209 0.054902 0.5 0 0
18670 0.00391286 0.625 209 0.054902 0.5 0 0
18680 0.00388649 0.75 209.75 0.0509804 0.5 0 0
18690 0.00388649 0.75 209.75 0.0509804 0.5 0 0
18700 0.00393196 0.625 210.375 0.0509804 0.5 0 0
18710 0.00393196 0.625 210.375 0.0509804 0.5 0 0
18720 0.00398929 0.75 211.125 0.0509804 0.5 0 0
18730 0.00398929 0.75 211.125 0.0509804 0.5 0 0
18740 0.00403207 0.75 211.875 0.0509804 0.5 0 0
18750 0.00403207 0.75 211.875 0.0509804 0.5 0 0
18760 0.00418211 0.75 212.625 0.0509804 0.5 0 0
18770 0.00418211 0.75 212.625 0.0509804 0.5 0 0
18780 0.00424767 0.75 213.375 0.0509804 0.5 0 0
18790 0.00424767 0.75 213.375 0.0509804 0.5 0 0
18800 0.00426675 0.875 214.25 0.0470588 0.5 0 0
18810 0.00426675 0.875 214.25 0.0470588 0.5 0 0
18820 0.00425298 0.875 215.125 0.0509804 0.5 0 0
18830 0.00425298 0.875 215.125 0.0509804 0.5 0 0
18840 0.00423285 0.875 216 0.0509804 0.5 0 0
18850 0.00423285 0.875 216 0.0509804 0.5 0 0
18860 0.0042286 0.75 216.75 0.0509804 0.5 0 0
18870 0.0042286 0.75 216.75 0.054902 0.5 0 0
18880 0.00424205 0.75 217.5 0.054902 0.5 0 0
18890 0.00424205 0.75 217.5 0.0509804 0.5 0 0
18900 0.00420284 0.5 218 0.054902 0.5 0 0
18910 0.00420284 0.5 218 0.054902 0.5 0 0
18920 0.00415416 0.5 218.5 0.054902 0.5 0 0
18930 0.00415416 0.5 218.5 0.054902 0.5 0 0
18940 0.00413246 0.625 219.125 0.054902 0.5 0 0
18950 0.00413246 0.625 219.125 0.054902 0.5 0 0
18960 0.00415234 0.25 219.375 0.054902 0.5 0 0
18970 0.00415234 0.25 219.375 0.054902 0.5 0 0
18980 0.00416591 0.375 219.75 0.0470588 0.5 0 0
18990 0.00416591 0.375 219.75 0.0470588 0.5 0 0
19000 0.00410634 0.5 220.25 0.0470588 0.5 0 0
19010 0.00410634 0.5 220.25 0.0509804 0.5 0 0
19020 0.00425733 0.5 220.75 0.0509804 0.5 0 0
19030 0.00425733 0.5 220.75 0.0509804 0.5 0 0
19040 0.00427264 0.5 221.25 0.054902 0.5 0 0
19050 0.00427264 0.5 221.25 0.054902 0.5 0 0
19060 0.00427161 0.5 221.75 0.054902 0.5 0 0
19070 0.00427161 0.5 221.75 0.0588235 0.5 0 0
19080 0.00431401 0.5 222.25 0.0588235 0.5 0 0
19090 0.00431401 0.5 222.25 0.054902 0.5 0 0
19100 0.00439961 0.625 222.875 0.0509804 0.5 0 0
19110 0.00439961 0.625 222.875 0.054902 0.5 0 0
19120 0.00447242 0.5 223.375 0.054902 0.5 0 0
19130 0.00447242 0.5 223.375 0.054902 0.5 0 0
19140 0.00443344 0.25 223.625 0.054902 0.5 0 0
19150 0.00443344 0.25 223.625 0.054902 0.5 0 0
19160 0.0044276 0.25 223.875 0.054902 0.5 0 0
19170 0.0044276 0.25 223.875 0.0509804 0.5 0 0
19180 0.00439788 0.375 224.25 0.0509804 0.5 0 0
19190 0.00439788 0.375 224.25 0.0509804 0.5 0 0
19200 0.00429932 0.5 224.75 0.0470588 0.5 0 0
19210 0.00429932 0.5 224.75 0.0470588 0.5 0 0
19220 0.00426546 0.5 225.25 0.0509804 0.5 0 0
19230 0.00426546 0.5 225.25 0.0509804 0.5 0 0
19240 0.00434025 0.5 225.75 0.054902 0.5 0 0
19250 0.00434025 0.5 225.75 0.054902 0.5 0 0
19260 0.00431005 0.5 226.25 0.0588235 0.5 0 0
19270 0.00431005 0.5 226.25 0.054902 0.5 0 0
19280 0.00430973 0.5 226.75 0.054902 0.5 0 0
19290 0.00430973 0.5 226.75 0.054902 0.5 0 0
19300 0.004285 0.5 227.25 0.0509804 0.5 0 0
19310 0.004285 0.5 227.25 0.0509804 0.5 0 0
19320 0.0042162 0.625 227.875 0.0509804 0.5 0 0
19330 0.0042162 0.625 227.875 0.0509804 0.5 0 0
19340 0.00410251 0.5 228.375 0.0509804 0.5 0 0
19350 0.00410251 0.5 228.375 0.0509804 0.5 0 0
19360 0.00408467 0.625 229 0.0509804 0.5 0 0
19370 0.00408467 0.625 229 0.054902 0.5 0 0
19380 0.00405002 0.625 229.625 0.054902 0.5 0 0
19390 0.00405002 0.625 229.625 0.054902 0.5 0 0
19400 0.00401067 0.625 230.25 0.054902 0.5 0 0
19410 0.00401067 0.625 230.25 0.0509804 0.5 0 0
19420 0.00399081 0.625 230.875 0.0509804 0.5 0 0
19430 0.00399081 0.625 230.875 0.0509804 0.5 0 0
19440 0.00402724 0.625 231.5 0.0509804 0.5 0 0
19450 0.00402724 0.625 231.5 0.054902 0.5 0 0
19460 0.00413382 0.625 232.125 0.0588235 0.5 0 0
19470 0.00413382 0.625 232.125 0.0588235 0.5 0 0
19480 0.00412039 0 232.125 0.054902 0.5 0 0
19490 0.00412039 0 232.125 0.0588235 0.5 0 0
19500 0.00418101 0 232.125 0.0588235 0.5 0 0
19510 0.00418101 0 232.125 0.0588235 0.5 0 0
19520 0.0042586 0 232.125 0.0588235 0.5 0 0
19530 0.0042586 0 232.125 0.0588235 0.5 0 0
19540 0.00435881 0 232.125 0.0627451 0.5 0 0
19550 0.00435881 0 232.125 0.0666667 0.5 0 0
19560 0.00440671 0 232.125 0.0666667 0.5 0 0
19570 0.00440671 0 232.125 0.0666667 0.5 0 0
19580 0.00440209 0 232.125 0.0627451 0.5 0 0
19590 0.00440209 0 232.125 0.0588235 0.5 0 0
19600 0.00439556 0 232.125 0.0588235 0.5 0 0
19610 0.00439556 0 232.125 0.054902 0.5 0 0
19620 0.00435874 0 232.125 0.054902 0.5 0 0
19630 0.00435874 0 232.125 0.0509804 0.5 0 0
19640 0.00437764 0.25 232.375 0.0509804 0.5 0 0
19650 0.00437764 0.25 232.375 0.0509804 0.5 0 0
19660 0.004115 0.25 232.625 0.0470588 0.5 0 0
19670 0.004115 0.25 232.625 0.0470588 0.5 0 0
19680 0.00393363 0.25 232.875 0.0509804 0.5 0 0
19690 0.00393363 0.25 232.875 0.054902 0.5 0 0
19700 0.00393048 0.375 233.25 0.0509804 0.5 0 0
19710 0.00393048 0.375 233.25 0.054902 0.5 0 0
19720 0.00392389 0.375 233.625 0.054902 0.5 0 0
19730 0.00392389 0.375 233.625 0.0588235 0.5 0 0
19740 0.00391473 0.375 234 0.0588235 0.5 0 0
19750 0.00391473 0.375 234 0.0588235 0.5 0 0
19760 0.00392254 0.5 234.5 0.0627451 0.5 0 0
19770 0.00392254 0.5 234.5 0.0588235 0.5 0 0
19780 0.00391273 0.5 235 0.054902 0.5 0 0
19790 0.00391273 0.5 235 0.054902 0.5 0 0
19800 0.00389402 0.25 235.25 0.0588235 0.5 0 0
19810 0.00389402 0.25 235.25 0.054902 0.5 0 0
19820 0.00388614 0.25 235.5 0.054902 0.5 0 0
19830 0.00388614 0.25 235.5 0.0509804 0.5 0 0
19840 0.00387157 0.375 235.875 0.0509804 0.5 0 0
19850 0.00387157 0.375 235.875 0.0509804 0.5 0 0
19860 0.00393356 0.375 236.25 0.0509804 0.5 0 0
19870 0.00393356 0.375 236.25 0.054902 0.5 0 0
19880 0.00409961 0.375 236.625 0.0509804 0.5 0 0
19890 0.00409961 0.375 236.625 0.054902 0.5 0 0
19900 0.00424953 0.375 237 0.054902 0.5 0 0
19910 0.00424953 0.375 237 0.054902 0.5 0 0
19920 0.00425494 0.375 237.375 0.0509804 0.5 0 0
19930 0.00425494 0.375 237.375 0.054902 0.5 0 0
19940 0.00422534 0.375 237.75 0.054902 0.5 0 0
19950 0.00422534 0.375 237.75 0.0509804 0.5 0 0
19960 0.00420498 0.25 238 0.0509804 0.5 0 0
19970 0.00420498 0.25 238 0.0509804 0.5 0 0
19980 0.00425377 0.375 238.375 0.0509804 0.5 0 0
19990 0.00425377 0.375 238.375 0.0509804 0.5 0 0
20000 0.00421557 0.25 238.625 0.0509804 0.5 0 0
20010 0.00421557 0.25 238.625 0.0509804 0.5 0 0
