0 0.100235 0 0 0.5 0.5 0 0
10 0.100235 0 0 0.768627 0.5 0 0
20 0.100712 0.5 0.5 0.72549 0.5 0 0
30 0.100712 0.5 0.5 0.796078 0.5 0 0
40 0.100712 0.5 1 0.694118 0.5 0 0
50 0.100712 0.5 1 0.670588 0.5 0 0
60 0.100714 0.5 1.5 0.717647 0.5 0 0
70 0.100714 0.5 1.5 0.803922 0.5 0 0
80 0.100714 0.5 2 0.733333 0.5 0 0
90 0.100714 0.5 2 0.819608 0.5 0 0
100 0.100717 0.5 2.5 0.823529 0.5 0 0
110 0.100717 0.5 2.5 0.819608 0.5 0 0
120 0.100913 0.25 2.75 0.792157 0.5 0 0
130 0.100913 0.25 2.75 0.721569 0.5 0 0
140 0.101014 0.25 3 0.764706 0.5 0 0
150 0.101014 0.25 3 0.698039 0.5 0 0
160 0.101071 0.25 3.25 0.803922 0.5 0 0
170 0.101071 0.25 3.25 0.768627 0.5 0 0
180 0.10184 0.25 3.5 0.823529 0.5 0 0
190 0.10184 0.25 3.5 0.796078 0.5 0 0
200 0.102707 0 3.5 0.698039 0.5 0 0
210 0.102707 0 3.5 0.815686 0.5 0 0
220 0.103376 0.25 3.75 0.792157 0.5 0 0
230 0.103376 0.25 3.75 0.698039 0.5 0 0
240 0.102731 0.25 4 0.807843 0.5 0 0
250 0.102731 0.25 4 0.686275 0.5 0 0
260 0.101551 0.25 4.25 0.643137 0.5 0 0
270 0.101551 0.25 4.25 0.807843 0.5 0 0
280 0.100795 0.25 4.5 0.807843 0.5 0 0
290 0.100795 0.25 4.5 0.611765 0.5 0 0
300 0.0994485 0.25 4.75 0.584314 0.5 0 0
310 0.0994485 0.25 4.75 0.560784 0.5 0 0
320 0.098533 0.375 5.125 0.556863 0.5 0 0
330 0.098533 0.375 5.125 0.584314 0.5 0 0
340 0.0977876 0.375 5.5 0.588235 0.5 0 0
350 0.0977876 0.375 5.5 0.560784 0.5 0 0
360 0.0963229 0.125 5.625 0.556863 0.5 0 0
370 0.0963229 0.125 5.625 0.556863 0.5 0 0
380 0.0957456 0.125 5.75 0.552941 0.5 0 0
390 0.0957456 0.125 5.75 0.556863 0.5 0 0
400 0.0956524 0.125 5.875 0.560784 0.5 0 0
410 0.0956524 0.125 5.875 0.552941 0.5 0 0
420 0.0961985 0.125 6 0.560784 0.5 0 0
430 0.0961985 0.125 6 0.556863 0.5 0 0
440 0.0976469 0.125 6.125 0.639216 0.5 0 0
450 0.0976469 0.125 6.125 0.713725 0.5 0 0
460 0.0989823 0.125 6.25 0.752941 0.5 0 0
470 0.0989823 0.125 6.25 0.639216 0.5 0 0
480 0.0995591 0.125 6.375 0.596078 0.5 0 0
490 0.0995591 0.125 6.375 0.654902 0.5 0 0
500 0.099412 0.125 6.5 0.694118 0.5 0 0
510 0.099412 0.125 6.5 0.768627 0.5 0 0
520 0.0992874 0.125 6.625 0.694118 0.5 0 0
530 0.0992874 0.125 6.625 0.682353 0.5 0 0
540 0.099856 0.125 6.75 0.678431 0.5 0 0
550 0.099856 0.125 6.75 0.584314 0.5 0 0
560 0.0995713 0.125 6.875 0.564706 0.5 0 0
570 0.0995713 0.125 6.875 0.556863 0.5 0 0
580 0.0990518 0.125 7 0.560784 0.5 0 0
590 0.0990518 0.125 7 0.560784 0.5 0 0
600 0.0983214 0.125 7.125 0.552941 0.5 0 0
610 0.0983214 0.125 7.125 0.556863 0.5 0 0
620 0.0985804 0.125 7.25 0.552941 0.5 0 0
630 0.0985804 0.125 7.25 0.556863 0.5 0 0
640 0.0987369 0.125 7.375 0.556863 0.5 0 0
650 0.0987369 0.125 7.375 0.556863 0.5 0 0
660 0.0987145 0.125 7.5 0.556863 0.5 0 0
670 0.0987145 0.125 7.5 0.54902 0.5 0 0
680 0.0987037 0.125 7.625 0.556863 0.5 0 0
690 0.0987037 0.125 7.625 0.556863 0.5 0 0
700 0.0984843 0.125 7.75 0.560784 0.5 0 0
710 0.0984843 0.125 7.75 0.556863 0.5 0 0
720 0.0984438 0.125 7.875 0.560784 0.5 0 0
730 0.0984438 0.125 7.875 0.556863 0.5 0 0
740 0.0984873 0.125 8 0.560784 0.5 0 0
750 0.0984873 0.125 8 0.552941 0.5 0 0
760 0.0984856 0 8 0.560784 0.5 0 0
770 0.0984856 0 8 0.560784 0.5 0 0
780 0.0984856 0 8 0.556863 0.5 0 0
790 0.0984856 0 8 0.560784 0.5 0 0
800 0.0983552 0 8 0.552941 0.5 0 0
810 0.0983552 0 8 0.560784 0.5 0 0
820 0.0983854 0 8 0.552941 0.5 0 0
830 0.0983854 0 8 0.54902 0.5 0 0
840 0.098783 0 8 0.541176 0.5 0 0
850 0.098783 0 8 0.556863 0.5 0 0
860 0.0992774 0 8 0.564706 0.5 0 0
870 0.0992774 0 8 0.564706 0.5 0 0
880 0.0994928 0 8 0.572549 0.5 0 0
890 0.0994928 0 8 0.564706 0.5 0 0
900 0.0996785 0 8 0.54902 0.5 0 0
910 0.0996785 0 8 0.529412 0.5 0 0
920 0.0998197 0 8 0.509804 0.5 0 0
930 0.0998197 0 8 0.486275 0.5 0 0
940 0.0996749 0 8 0.486275 0.5 0 0
950 0.0996749 0 8 0.478431 0.5 0 0
960 0.0996081 0 8 0.482353 0.5 0 0
970 0.0996081 0 8 0.482353 0.5 0 0
980 0.0996733 0 8 0.482353 0.5 0 0
990 0.0996733 0 8 0.482353 0.5 0 0
1000 0.100041 0 8 0.478431 0.5 0 0
1010 0.100041 0 8 0.482353 0.5 0 0
1020 0.100164 0 8 0.478431 0.5 0 0
1030 0.100164 0 8 0.482353 0.5 0 0
1040 0.100164 0 8 0.482353 0.5 0 0
1050 0.100164 0 8 0.478431 0.5 0 0
1060 0.100159 0 8 0.478431 0.5 0 0
1070 0.100159 0 8 0.482353 0.5 0 0
1080 0.100193 0 8 0.482353 0.5 0 0
1090 0.100193 0 8 0.478431 0.5 0 0
1100 0.100193 0 8 0.482353 0.5 0 0
1110 0.100193 0 8 0.478431 0.5 0 0
1120 0.100193 0 8 0.482353 0.5 0 0
1130 0.100193 0 8 0.482353 0.5 0 0
1140 0.100193 0 8 0.478431 0.5 0 0
1150 0.100193 0 8 0.482353 0.5 0 0
1160 0.100191 0 8 0.478431 0.5 0 0
1170 0.100191 0 8 0.482353 0.5 0 0
1180 0.100107 0 8 0.478431 0.5 0 0
1190 0.100107 0 8 0.470588 0.5 0 0
1200 0.0997126 0 8 0.466667 0.5 0 0
1210 0.0997126 0 8 0.47451 0.5 0 0
1220 0.099083 0 8 0.47451 0.5 0 0
1230 0.099083 0 8 0.466667 0.5 0 0
1240 0.0989617 0 8 0.462745 0.5 0 0
1250 0.0989617 0 8 0.458824 0.5 0 0
1260 0.0985884 0 8 0.458824 0.5 0 0
1270 0.0985884 0 8 0.458824 0.5 0 0
1280 0.0979744 0 8 0.458824 0.5 0 0
1290 0.0979744 0 8 0.458824 0.5 0 0
1300 0.0977415 0 8 0.458824 0.5 0 0
1310 0.0977415 0 8 0.458824 0.5 0 0
1320 0.0976852 0 8 0.458824 0.5 0 0
1330 0.0976852 0 8 0.458824 0.5 0 0
1340 0.0976541 0 8 0.458824 0.5 0 0
1350 0.0976541 0 8 0.458824 0.5 0 0
1360 0.0976471 0 8 0.458824 0.5 0 0
1370 0.0976471 0 8 0.458824 0.5 0 0
1380 0.0974847 0 8 0.458824 0.5 0 0
1390 0.0974847 0 8 0.458824 0.5 0 0
1400 0.0974759 0 8 0.458824 0.5 0 0
1410 0.0974759 0 8 0.458824 0.5 0 0
1420 0.0974759 0 8 0.458824 0.5 0 0
1430 0.0974759 0 8 0.458824 0.5 0 0
1440 0.0974759 0 8 0.458824 0.5 0 0
1450 0.0974759 0 8 0.458824 0.5 0 0
1460 0.0974759 0 8 0.458824 0.5 0 0
1470 0.0974759 0 8 0.458824 0.5 0 0
1480 0.0974759 0 8 0.458824 0.5 0 0
1490 0.0974759 0 8 0.458824 0.5 0 0
1500 0.0974572 0 8 0.458824 0.5 0 0
1510 0.0974572 0 8 0.458824 0.5 0 0
1520 0.0974507 0 8 0.458824 0.5 0 0
1530 0.0974507 0 8 0.458824 0.5 0 0
1540 0.0974507 0 8 0.458824 0.5 0 0
1550 0.0974507 0 8 0.458824 0.5 0 0
1560 0.0974507 0 8 0.458824 0.5 0 0
1570 0.0974507 0 8 0.458824 0.5 0 0
1580 0.0974507 0 8 0.458824 0.5 0 0
1590 0.0974507 0 8 0.458824 0.5 0 0
1600 0.09779 0 8 0.458824 0.5 0 0
1610 0.09779 0 8 0.458824 0.5 0 0
1620 0.098664 0 8 0.462745 0.5 0 0
1630 0.098664 0 8 0.462745 0.5 0 0
1640 0.0993449 0 8 0.458824 0.5 0 0
1650 0.0993449 0 8 0.458824 0.5 0 0
1660 0.0998085 0 8 0.454902 0.5 0 0
1670 0.0998085 0 8 0.458824 0.5 0 0
1680 0.0998966 0 8 0.454902 0.5 0 0
1690 0.0998966 0 8 0.454902 0.5 0 0
1700 0.100405 0 8 0.45098 0.5 0 0
1710 0.100405 0 8 0.447059 0.5 0 0
1720 0.100882 0 8 0.443137 0.5 0 0
1730 0.100882 0 8 0.439216 0.5 0 0
1740 0.101099 0 8 0.435294 0.5 0 0
1750 0.101099 0 8 0.435294 0.5 0 0
1760 0.101219 0 8 0.435294 0.5 0 0
1770 0.101219 0 8 0.435294 0.5 0 0
1780 0.101418 0 8 0.435294 0.5 0 0
1790 0.101418 0 8 0.439216 0.5 0 0
1800 0.101457 0 8 0.435294 0.5 0 0
1810 0.101457 0 8 0.435294 0.5 0 0
1820 0.101457 0 8 0.439216 0.5 0 0
1830 0.101457 0 8 0.439216 0.5 0 0
1840 0.101457 0 8 0.435294 0.5 0 0
1850 0.101457 0 8 0.435294 0.5 0 0
1860 0.101453 0 8 0.435294 0.5 0 0
1870 0.101453 0 8 0.435294 0.5 0 0
1880 0.101404 0 8 0.435294 0.5 0 0
1890 0.101404 0 8 0.431373 0.5 0 0
1900 0.101585 0 8 0.435294 0.5 0 0
1910 0.101585 0 8 0.435294 0.5 0 0
1920 0.101921 0 8 0.439216 0.5 0 0
1930 0.101921 0 8 0.439216 0.5 0 0
1940 0.102169 0 8 0.439216 0.5 0 0
1950 0.102169 0 8 0.435294 0.5 0 0
1960 0.102478 0 8 0.435294 0.5 0 0
1970 0.102478 0 8 0.431373 0.5 0 0
1980 0.102376 0 8 0.427451 0.5 0 0
1990 0.102376 0 8 0.419608 0.5 0 0
2000 0.102247 0 8 0.415686 0.5 0 0
2010 0.102247 0 8 0.415686 0.5 0 0
2020 0.100789 0 8 0.415686 0.5 0 0
2030 0.100789 0 8 0.415686 0.5 0 0
2040 0.100705 0 8 0.415686 0.5 0 0
2050 0.100705 0 8 0.415686 0.5 0 0
2060 0.10046 0 8 0.415686 0.5 0 0
2070 0.10046 0 8 0.415686 0.5 0 0
2080 0.100127 0 8 0.415686 0.5 0 0
2090 0.100127 0 8 0.415686 0.5 0 0
2100 0.100688 0 8 0.411765 0.5 0 0
2110 0.100688 0 8 0.411765 0.5 0 0
2120 0.102091 0 8 0.407843 0.5 0 0
2130 0.102091 0 8 0.411765 0.5 0 0
2140 0.101863 0 8 0.411765 0.5 0 0
2150 0.101863 0 8 0.411765 0.5 0 0
2160 0.10166 0 8 0.411765 0.5 0 0
2170 0.10166 0 8 0.411765 0.5 0 0
2180 0.10166 0 8 0.411765 0.5 0 0
2190 0.10166 0 8 0.411765 0.5 0 0
2200 0.101599 0 8 0.407843 0.5 0 0
2210 0.101599 0 8 0.403922 0.5 0 0
2220 0.10144 0 8 0.403922 0.5 0 0
2230 0.10144 0 8 0.4 0.5 0 0
2240 0.101397 0 8 0.4 0.5 0 0
2250 0.101397 0 8 0.403922 0.5 0 0
2260 0.102449 0 8 0.403922 0.5 0 0
2270 0.102449 0 8 0.407843 0.5 0 0
2280 0.102692 0 8 0.403922 0.5 0 0
2290 0.102692 0 8 0.407843 0.5 0 0
2300 0.102692 0 8 0.403922 0.5 0 0
2310 0.102692 0 8 0.403922 0.5 0 0
2320 0.102565 0 8 0.403922 0.5 0 0
2330 0.102565 0 8 0.4 0.5 0 0
2340 0.101687 0 8 0.396078 0.5 0 0
2350 0.101687 0 8 0.396078 0.5 0 0
2360 0.100632 0 8 0.396078 0.5 0 0
2370 0.100632 0 8 0.396078 0.5 0 0
2380 0.100352 0 8 0.396078 0.5 0 0
2390 0.100352 0 8 0.396078 0.5 0 0
2400 0.100193 0 8 0.392157 0.5 0 0
2410 0.100193 0 8 0.396078 0.5 0 0
2420 0.100082 0 8 0.392157 0.5 0 0
2430 0.100082 0 8 0.396078 0.5 0 0
2440 0.0997498 0 8 0.396078 0.5 0 0
2450 0.0997498 0 8 0.396078 0.5 0 0
2460 0.0995355 0 8 0.392157 0.5 0 0
2470 0.0995355 0 8 0.396078 0.5 0 0
2480 0.0995284 0 8 0.396078 0.5 0 0
2490 0.0995284 0 8 0.396078 0.5 0 0
2500 0.0995275 0 8 0.392157 0.5 0 0
2510 0.0995275 0 8 0.392157 0.5 0 0
2520 0.0995132 0 8 0.396078 0.5 0 0
2530 0.0995132 0 8 0.396078 0.5 0 0
2540 0.0995132 0 8 0.392157 0.5 0 0
2550 0.0995132 0 8 0.396078 0.5 0 0
2560 0.0995132 0 8 0.396078 0.5 0 0
2570 0.0995132 0 8 0.396078 0.5 0 0
2580 0.0995224 0 8 0.396078 0.5 0 0
2590 0.0995224 0 8 0.396078 0.5 0 0
2600 0.0995224 0 8 0.396078 0.5 0 0
2610 0.0995224 0 8 0.392157 0.5 0 0
2620 0.0994595 0 8 0.396078 0.5 0 0
2630 0.0994595 0 8 0.396078 0.5 0 0
2640 0.0994544 0 8 0.396078 0.5 0 0
2650 0.0994544 0 8 0.396078 0.5 0 0
2660 0.0994544 0 8 0.396078 0.5 0 0
2670 0.0994544 0 8 0.396078 0.5 0 0
2680 0.0994544 0 8 0.392157 0.5 0 0
2690 0.0994544 0 8 0.396078 0.5 0 0
2700 0.0994544 0 8 0.392157 0.5 0 0
2710 0.0994544 0 8 0.396078 0.5 0 0
2720 0.0994586 0 8 0.396078 0.5 0 0
2730 0.0994586 0 8 0.396078 0.5 0 0
2740 0.0999817 0 8 0.396078 0.5 0 0
2750 0.0999817 0 8 0.396078 0.5 0 0
2760 0.100414 0 8 0.396078 0.5 0 0
2770 0.100414 0 8 0.396078 0.5 0 0
2780 0.100829 0 8 0.392157 0.5 0 0
2790 0.100829 0 8 0.392157 0.5 0 0
2800 0.100783 0 8 0.388235 0.5 0 0
2810 0.100783 0 8 0.388235 0.5 0 0
2820 0.100677 0 8 0.388235 0.5 0 0
2830 0.100677 0 8 0.388235 0.5 0 0
2840 0.100013 0 8 0.388235 0.5 0 0
2850 0.100013 0 8 0.388235 0.5 0 0
2860 0.100074 0 8 0.384314 0.5 0 0
2870 0.100074 0 8 0.384314 0.5 0 0
2880 0.0997342 0 8 0.384314 0.5 0 0
2890 0.0997342 0 8 0.384314 0.5 0 0
2900 0.0993252 0 8 0.384314 0.5 0 0
2910 0.0993252 0 8 0.384314 0.5 0 0
2920 0.0981353 0 8 0.384314 0.5 0 0
2930 0.0981353 0 8 0.380392 0.5 0 0
2940 0.0976687 0 8 0.380392 0.5 0 0
2950 0.0976687 0 8 0.380392 0.5 0 0
2960 0.0970791 0 8 0.380392 0.5 0 0
2970 0.0970791 0 8 0.380392 0.5 0 0
2980 0.0963532 0 8 0.380392 0.5 0 0
2990 0.0963532 0 8 0.380392 0.5 0 0
3000 0.096215 0 8 0.380392 0.5 0 0
3010 0.096215 0 8 0.380392 0.5 0 0
3020 0.096215 0 8 0.380392 0.5 0 0
3030 0.096215 0 8 0.380392 0.5 0 0
3040 0.096215 0 8 0.380392 0.5 0 0
3050 0.096215 0 8 0.380392 0.5 0 0
3060 0.096089 0 8 0.380392 0.5 0 0
3070 0.096089 0 8 0.380392 0.5 0 0
3080 0.0960846 0 8 0.376471 0.5 0 0
3090 0.0960846 0 8 0.380392 0.5 0 0
3100 0.0960737 0 8 0.380392 0.5 0 0
3110 0.0960737 0 8 0.380392 0.5 0 0
3120 0.0959146 0 8 0.376471 0.5 0 0
3130 0.0959146 0 8 0.380392 0.5 0 0
3140 0.0958712 0 8 0.380392 0.5 0 0
3150 0.0958712 0 8 0.376471 0.5 0 0
3160 0.0958681 0 8 0.380392 0.5 0 0
3170 0.0958681 0 8 0.380392 0.5 0 0
3180 0.0958681 0 8 0.380392 0.5 0 0
3190 0.0958681 0 8 0.380392 0.5 0 0
3200 0.0958039 0 8 0.376471 0.5 0 0
3210 0.0958039 0 8 0.376471 0.5 0 0
3220 0.0957845 0 8 0.380392 0.5 0 0
3230 0.0957845 0 8 0.380392 0.5 0 0
3240 0.0957908 0 8 0.376471 0.5 0 0
3250 0.0957908 0 8 0.380392 0.5 0 0
3260 0.0957962 0 8 0.380392 0.5 0 0
3270 0.0957962 0 8 0.380392 0.5 0 0
3280 0.0957962 0 8 0.380392 0.5 0 0
3290 0.0957962 0 8 0.380392 0.5 0 0
3300 0.0957962 0 8 0.380392 0.5 0 0
3310 0.0957962 0 8 0.380392 0.5 0 0
3320 0.0957962 0 8 0.380392 0.5 0 0
3330 0.0957962 0 8 0.380392 0.5 0 0
3340 0.0958076 0 8 0.380392 0.5 0 0
3350 0.0958076 0 8 0.380392 0.5 0 0
3360 0.0960702 0 8 0.380392 0.5 0 0
3370 0.0960702 0 8 0.376471 0.5 0 0
3380 0.0971142 0 8 0.380392 0.5 0 0
3390 0.0971142 0 8 0.380392 0.5 0 0
3400 0.097373 0 8 0.380392 0.5 0 0
3410 0.097373 0 8 0.380392 0.5 0 0
3420 0.0973732 0 8 0.380392 0.5 0 0
3430 0.0973732 0 8 0.380392 0.5 0 0
3440 0.0974554 0 8 0.380392 0.5 0 0
3450 0.0974554 0 8 0.380392 0.5 0 0
3460 0.0976213 0 8 0.380392 0.5 0 0
3470 0.0976213 0 8 0.376471 0.5 0 0
3480 0.0974926 0 8 0.376471 0.5 0 0
3490 0.0974926 0 8 0.376471 0.5 0 0
3500 0.0966913 0 8 0.372549 0.5 0 0
3510 0.0966913 0 8 0.372549 0.5 0 0
3520 0.0960951 0 8 0.372549 0.5 0 0
3530 0.0960951 0 8 0.372549 0.5 0 0
3540 0.0958125 0 8 0.372549 0.5 0 0
3550 0.0958125 0 8 0.372549 0.5 0 0
3560 0.0954254 0 8 0.372549 0.5 0 0
3570 0.0954254 0 8 0.372549 0.5 0 0
3580 0.0948209 0 8 0.372549 0.5 0 0
3590 0.0948209 0 8 0.372549 0.5 0 0
3600 0.0952249 0 8 0.372549 0.5 0 0
3610 0.0952249 0 8 0.372549 0.5 0 0
3620 0.0954606 0 8 0.372549 0.5 0 0
3630 0.0954606 0 8 0.372549 0.5 0 0
3640 0.0956138 0 8 0.372549 0.5 0 0
3650 0.0956138 0 8 0.372549 0.5 0 0
3660 0.0952428 0 8 0.368627 0.5 0 0
3670 0.0952428 0 8 0.368627 0.5 0 0
3680 0.094485 0 8 0.364706 0.5 0 0
3690 0.094485 0 8 0.364706 0.5 0 0
3700 0.0937496 0 8 0.364706 0.5 0 0
3710 0.0937496 0 8 0.364706 0.5 0 0
3720 0.0937777 0 8 0.364706 0.5 0 0
3730 0.0937777 0 8 0.364706 0.5 0 0
3740 0.0934713 0 8 0.364706 0.5 0 0
3750 0.0934713 0 8 0.364706 0.5 0 0
3760 0.0934041 0 8 0.364706 0.5 0 0
3770 0.0934041 0 8 0.364706 0.5 0 0
3780 0.0934521 0 8 0.364706 0.5 0 0
3790 0.0934521 0 8 0.364706 0.5 0 0
3800 0.0931425 0 8 0.360784 0.5 0 0
3810 0.0931425 0 8 0.360784 0.5 0 0
3820 0.0927042 0 8 0.360784 0.5 0 0
3830 0.0927042 0 8 0.356863 0.5 0 0
3840 0.0931775 0 8 0.360784 0.5 0 0
3850 0.0931775 0 8 0.360784 0.5 0 0
3860 0.0934242 0 8 0.360784 0.5 0 0
3870 0.0934242 0 8 0.360784 0.5 0 0
3880 0.0931336 0 8 0.364706 0.5 0 0
3890 0.0931336 0 8 0.360784 0.5 0 0
3900 0.0924123 0 8 0.360784 0.5 0 0
3910 0.0924123 0 8 0.360784 0.5 0 0
3920 0.0913426 0 8 0.360784 0.5 0 0
3930 0.0913426 0 8 0.356863 0.5 0 0
3940 0.0895263 0 8 0.352941 0.5 0 0
3950 0.0895263 0 8 0.356863 0.5 0 0
3960 0.0886621 0 8 0.356863 0.5 0 0
3970 0.0886621 0 8 0.356863 0.5 0 0
3980 0.0882673 0 8 0.356863 0.5 0 0
3990 0.0882673 0 8 0.356863 0.5 0 0
4000 0.0882671 0 8 0.356863 0.5 0 0
4010 0.0882671 0 8 0.356863 0.5 0 0
4020 0.0882671 0 8 0.356863 0.5 0 0
4030 0.0882671 0 8 0.356863 0.5 0 0
4040 0.0881138 0 8 0.356863 0.5 0 0
4050 0.0881138 0 8 0.356863 0.5 0 0
4060 0.0880994 0 8 0.356863 0.5 0 0
4070 0.0880994 0 8 0.356863 0.5 0 0
4080 0.0880994 0 8 0.356863 0.5 0 0
4090 0.0880994 0 8 0.356863 0.5 0 0
4100 0.0880994 0 8 0.356863 0.5 0 0
4110 0.0880994 0 8 0.356863 0.5 0 0
4120 0.0880994 0 8 0.356863 0.5 0 0
4130 0.0880994 0 8 0.356863 0.5 0 0
4140 0.0880994 0 8 0.356863 0.5 0 0
4150 0.0880994 0 8 0.356863 0.5 0 0
4160 0.0881436 0 8 0.356863 0.5 0 0
4170 0.0881436 0 8 0.356863 0.5 0 0
4180 0.0881436 0 8 0.356863 0.5 0 0
4190 0.0881436 0 8 0.356863 0.5 0 0
4200 0.0881436 0 8 0.356863 0.5 0 0
4210 0.0881436 0 8 0.356863 0.5 0 0
4220 0.0887249 0 8 0.356863 0.5 0 0
4230 0.0887249 0 8 0.356863 0.5 0 0
4240 0.0895769 0 8 0.356863 0.5 0 0
4250 0.0895769 0 8 0.356863 0.5 0 0
4260 0.090529 0 8 0.356863 0.5 0 0
4270 0.090529 0 8 0.356863 0.5 0 0
4280 0.091274 0 8 0.356863 0.5 0 0
4290 0.091274 0 8 0.360784 0.5 0 0
4300 0.0913711 0 8 0.360784 0.5 0 0
4310 0.0913711 0 8 0.360784 0.5 0 0
4320 0.0913711 0 8 0.360784 0.5 0 0
4330 0.0913711 0 8 0.360784 0.5 0 0
4340 0.0913889 0 8 0.360784 0.5 0 0
4350 0.0913889 0 8 0.356863 0.5 0 0
4360 0.0911229 0 8 0.360784 0.5 0 0
4370 0.0911229 0 8 0.360784 0.5 0 0
4380 0.0909505 0 8 0.356863 0.5 0 0
4390 0.0909505 0 8 0.356863 0.5 0 0
4400 0.0906687 0 8 0.352941 0.5 0 0
4410 0.0906687 0 8 0.352941 0.5 0 0
4420 0.0897218 0 8 0.352941 0.5 0 0
4430 0.0897218 0 8 0.352941 0.5 0 0
4440 0.0892165 0 8 0.352941 0.5 0 0
4450 0.0892165 0 8 0.34902 0.5 0 0
4460 0.0883307 0 8 0.34902 0.5 0 0
4470 0.0883307 0 8 0.34902 0.5 0 0
4480 0.0877316 0 8 0.34902 0.5 0 0
4490 0.0877316 0 8 0.345098 0.5 0 0
4500 0.0874872 0 8 0.345098 0.5 0 0
4510 0.0874872 0 8 0.345098 0.5 0 0
4520 0.0872851 0 8 0.345098 0.5 0 0
4530 0.0872851 0 8 0.345098 0.5 0 0
4540 0.0867278 0 8 0.345098 0.5 0 0
4550 0.0867278 0 8 0.345098 0.5 0 0
4560 0.0859632 0 8 0.345098 0.5 0 0
4570 0.0859632 0 8 0.345098 0.5 0 0
4580 0.0859092 0 8 0.341176 0.5 0 0
4590 0.0859092 0 8 0.345098 0.5 0 0
4600 0.0859092 0 8 0.345098 0.5 0 0
4610 0.0859092 0 8 0.345098 0.5 0 0
4620 0.0859092 0 8 0.345098 0.5 0 0
4630 0.0859092 0 8 0.345098 0.5 0 0
4640 0.0857972 0 8 0.345098 0.5 0 0
4650 0.0857972 0 8 0.345098 0.5 0 0
4660 0.085797 0 8 0.345098 0.5 0 0
4670 0.085797 0 8 0.345098 0.5 0 0
4680 0.085797 0 8 0.345098 0.5 0 0
4690 0.085797 0 8 0.345098 0.5 0 0
4700 0.085797 0 8 0.345098 0.5 0 0
4710 0.085797 0 8 0.345098 0.5 0 0
4720 0.085797 0 8 0.345098 0.5 0 0
4730 0.085797 0 8 0.345098 0.5 0 0
4740 0.085797 0 8 0.345098 0.5 0 0
4750 0.085797 0 8 0.345098 0.5 0 0
4760 0.085797 0 8 0.345098 0.5 0 0
4770 0.085797 0 8 0.345098 0.5 0 0
4780 0.0858869 0 8 0.345098 0.5 0 0
4790 0.0858869 0 8 0.345098 0.5 0 0
4800 0.085887 0 8 0.345098 0.5 0 0
4810 0.085887 0 8 0.345098 0.5 0 0
4820 0.085887 0 8 0.345098 0.5 0 0
4830 0.085887 0 8 0.345098 0.5 0 0
4840 0.0862844 0 8 0.345098 0.5 0 0
4850 0.0862844 0 8 0.345098 0.5 0 0
4860 0.0867931 0 8 0.345098 0.5 0 0
4870 0.0867931 0 8 0.345098 0.5 0 0
4880 0.0871389 0 8 0.345098 0.5 0 0
4890 0.0871389 0 8 0.34902 0.5 0 0
4900 0.087407 0 8 0.34902 0.5 0 0
4910 0.087407 0 8 0.34902 0.5 0 0
4920 0.0874845 0 8 0.34902 0.5 0 0
4930 0.0874845 0 8 0.34902 0.5 0 0
4940 0.0873581 0 8 0.34902 0.5 0 0
4950 0.0873581 0 8 0.34902 0.5 0 0
4960 0.0871399 0 8 0.34902 0.5 0 0
4970 0.0871399 0 8 0.34902 0.5 0 0
4980 0.0864812 0 8 0.345098 0.5 0 0
4990 0.0864812 0 8 0.341176 0.5 0 0
5000 0.0853547 0 8 0.337255 0.5 0 0
5010 0.0853547 0 8 0.337255 0.5 0 0
5020 0.0841893 0 8 0.337255 0.5 0 0
5030 0.0841893 0 8 0.337255 0.5 0 0
5040 0.0845746 0 8 0.333333 0.5 0 0
5050 0.0845746 0 8 0.333333 0.5 0 0
5060 0.0842904 0 8 0.337255 0.5 0 0
5070 0.0842904 0 8 0.329412 0.5 0 0
5080 0.0818269 0 8 0.329412 0.5 0 0
5090 0.0818269 0 8 0.329412 0.5 0 0
5100 0.0804409 0 8 0.32549 0.5 0 0
5110 0.0804409 0 8 0.32549 0.5 0 0
5120 0.0801284 0 8 0.32549 0.5 0 0
5130 0.0801284 0 8 0.32549 0.5 0 0
5140 0.0785876 0 8 0.321569 0.5 0 0
5150 0.0785876 0 8 0.329412 0.5 0 0
5160 0.0776886 0 8 0.329412 0.5 0 0
5170 0.0776886 0 8 0.337255 0.5 0 0
5180 0.078249 0 8 0.341176 0.5 0 0
5190 0.078249 0 8 0.341176 0.5 0 0
5200 0.0787277 0 8 0.337255 0.5 0 0
5210 0.0787277 0 8 0.337255 0.5 0 0
5220 0.0792694 0 8 0.333333 0.5 0 0
5230 0.0792694 0 8 0.333333 0.5 0 0
5240 0.0795039 0 8 0.333333 0.5 0 0
5250 0.0795039 0 8 0.329412 0.5 0 0
5260 0.0794225 0 8 0.329412 0.5 0 0
5270 0.0794225 0 8 0.32549 0.5 0 0
5280 0.0788972 0 8 0.321569 0.5 0 0
5290 0.0788972 0 8 0.321569 0.5 0 0
5300 0.0776285 0 8 0.321569 0.5 0 0
5310 0.0776285 0 8 0.317647 0.5 0 0
5320 0.0760912 0 8 0.317647 0.5 0 0
5330 0.0760912 0 8 0.321569 0.5 0 0
5340 0.0755122 0 8 0.321569 0.5 0 0
5350 0.0755122 0 8 0.321569 0.5 0 0
5360 0.0749954 0 8 0.32549 0.5 0 0
5370 0.0749954 0 8 0.321569 0.5 0 0
5380 0.0742538 0 8 0.321569 0.5 0 0
5390 0.0742538 0 8 0.32549 0.5 0 0
5400 0.0731174 0 8 0.32549 0.5 0 0
5410 0.0731174 0 8 0.329412 0.5 0 0
5420 0.0727753 0 8 0.329412 0.5 0 0
5430 0.0727753 0 8 0.32549 0.5 0 0
5440 0.0727752 0 8 0.329412 0.5 0 0
5450 0.0727752 0 8 0.329412 0.5 0 0
5460 0.072739 0 8 0.32549 0.5 0 0
5470 0.072739 0 8 0.329412 0.5 0 0
5480 0.0726746 0 8 0.329412 0.5 0 0
5490 0.0726746 0 8 0.32549 0.5 0 0
5500 0.0726746 0 8 0.329412 0.5 0 0
5510 0.0726746 0 8 0.329412 0.5 0 0
5520 0.0726746 0 8 0.329412 0.5 0 0
5530 0.0726746 0 8 0.329412 0.5 0 0
5540 0.0726746 0 8 0.329412 0.5 0 0
5550 0.0726746 0 8 0.32549 0.5 0 0
5560 0.0732369 0 8 0.32549 0.5 0 0
5570 0.0732369 0 8 0.329412 0.5 0 0
5580 0.0747942 0 8 0.32549 0.5 0 0
5590 0.0747942 0 8 0.329412 0.5 0 0
5600 0.0756623 0 8 0.32549 0.5 0 0
5610 0.0756623 0 8 0.321569 0.5 0 0
5620 0.0767964 0 8 0.321569 0.5 0 0
5630 0.0767964 0 8 0.32549 0.5 0 0
5640 0.0776172 0 8 0.329412 0.5 0 0
5650 0.0776172 0 8 0.329412 0.5 0 0
5660 0.0776783 0 8 0.329412 0.5 0 0
5670 0.0776783 0 8 0.329412 0.5 0 0
5680 0.0782318 0 8 0.329412 0.5 0 0
5690 0.0782318 0 8 0.329412 0.5 0 0
5700 0.0782346 0 8 0.329412 0.5 0 0
5710 0.0782346 0 8 0.329412 0.5 0 0
5720 0.0781452 0 8 0.329412 0.5 0 0
5730 0.0781452 0 8 0.32549 0.5 0 0
5740 0.0777001 0 8 0.321569 0.5 0 0
5750 0.0777001 0 8 0.321569 0.5 0 0
5760 0.0775998 0 8 0.32549 0.5 0 0
5770 0.0775998 0 8 0.333333 0.5 0 0
5780 0.0770772 0 8 0.333333 0.5 0 0
5790 0.0770772 0 8 0.337255 0.5 0 0
5800 0.0770476 0 8 0.333333 0.5 0 0
5810 0.0770476 0 8 0.329412 0.5 0 0
5820 0.0764428 0 8 0.313725 0.5 0 0
5830 0.0764428 0 8 0.309804 0.5 0 0
5840 0.0752454 0 8 0.309804 0.5 0 0
5850 0.0752454 0 8 0.313725 0.5 0 0
5860 0.0746443 0.25 8.25 0.309804 0.5 0 0
5870 0.0746443 0.25 8.25 0.309804 0.5 0 0
5880 0.0740811 0.25 8.5 0.309804 0.5 0 0
5890 0.0740811 0.25 8.5 0.309804 0.5 0 0
5900 0.0730697 0.25 8.75 0.309804 0.5 0 0
5910 0.0730697 0.25 8.75 0.309804 0.5 0 0
5920 0.0727722 0.25 9 0.309804 0.5 0 0
5930 0.0727722 0.25 9 0.313725 0.5 0 0
5940 0.0727403 0.25 9.25 0.309804 0.5 0 0
5950 0.0727403 0.25 9.25 0.309804 0.5 0 0
5960 0.0725133 0.25 9.5 0.313725 0.5 0 0
5970 0.0725133 0.25 9.5 0.313725 0.5 0 0
5980 0.0722816 0.25 9.75 0.313725 0.5 0 0
5990 0.0722816 0.25 9.75 0.317647 0.5 0 0
6000 0.0722146 0.25 10 0.317647 0.5 0 0
6010 0.0722146 0.25 10 0.317647 0.5 0 0
6020 0.072191 0.25 10.25 0.309804 0.5 0 0
6030 0.072191 0.25 10.25 0.309804 0.5 0 0
6040 0.0721468 0.25 10.5 0.313725 0.5 0 0
6050 0.0721468 0.25 10.5 0.309804 0.5 0 0
6060 0.0720737 0.25 10.75 0.317647 0.5 0 0
6070 0.0720737 0.25 10.75 0.321569 0.5 0 0
6080 0.0715798 0 10.75 0.317647 0.5 0 0
6090 0.0715798 0 10.75 0.32549 0.5 0 0
6100 0.0713349 0 10.75 0.32549 0.5 0 0
6110 0.0713349 0 10.75 0.321569 0.5 0 0
6120 0.0713349 0 10.75 0.321569 0.5 0 0
6130 0.0713349 0 10.75 0.32549 0.5 0 0
6140 0.0713349 0 10.75 0.32549 0.5 0 0
6150 0.0713349 0 10.75 0.313725 0.5 0 0
6160 0.0731208 0 10.75 0.313725 0.5 0 0
6170 0.0731208 0 10.75 0.313725 0.5 0 0
6180 0.0728672 0 10.75 0.313725 0.5 0 0
6190 0.0728672 0 10.75 0.317647 0.5 0 0
6200 0.0726626 0 10.75 0.317647 0.5 0 0
6210 0.0726626 0 10.75 0.317647 0.5 0 0
6220 0.0726182 0 10.75 0.317647 0.5 0 0
6230 0.0726182 0 10.75 0.317647 0.5 0 0
6240 0.072704 0 10.75 0.317647 0.5 0 0
6250 0.072704 0 10.75 0.321569 0.5 0 0
6260 0.0730029 0 10.75 0.317647 0.5 0 0
6270 0.0730029 0 10.75 0.317647 0.5 0 0
6280 0.0730658 0 10.75 0.317647 0.5 0 0
6290 0.0730658 0 10.75 0.317647 0.5 0 0
6300 0.0722845 0 10.75 0.309804 0.5 0 0
6310 0.0722845 0 10.75 0.305882 0.5 0 0
6320 0.0709995 0 10.75 0.301961 0.5 0 0
6330 0.0709995 0 10.75 0.305882 0.5 0 0
6340 0.0708391 0 10.75 0.305882 0.5 0 0
6350 0.0708391 0 10.75 0.32549 0.5 0 0
6360 0.0711456 0 10.75 0.32549 0.5 0 0
6370 0.0711456 0 10.75 0.32549 0.5 0 0
6380 0.0709696 0 10.75 0.321569 0.5 0 0
6390 0.0709696 0 10.75 0.313725 0.5 0 0
6400 0.0702049 0 10.75 0.313725 0.5 0 0
6410 0.0702049 0 10.75 0.298039 0.5 0 0
6420 0.069037 0 10.75 0.301961 0.5 0 0
6430 0.069037 0 10.75 0.298039 0.5 0 0
6440 0.0688448 0.25 11 0.298039 0.5 0 0
6450 0.0688448 0.25 11 0.298039 0.5 0 0
6460 0.0687114 0.25 11.25 0.301961 0.5 0 0
6470 0.0687114 0.25 11.25 0.301961 0.5 0 0
6480 0.0683326 0.25 11.5 0.298039 0.5 0 0
6490 0.0683326 0.25 11.5 0.301961 0.5 0 0
6500 0.0682615 0.25 11.75 0.301961 0.5 0 0
6510 0.0682615 0.25 11.75 0.298039 0.5 0 0
6520 0.06835 0.25 12 0.298039 0.5 0 0
6530 0.06835 0.25 12 0.298039 0.5 0 0
6540 0.0684296 0.375 12.375 0.298039 0.5 0 0
6550 0.0684296 0.375 12.375 0.294118 0.5 0 0
6560 0.0683633 0.375 12.75 0.298039 0.5 0 0
6570 0.0683633 0.375 12.75 0.298039 0.5 0 0
6580 0.0682934 0.375 13.125 0.298039 0.5 0 0
6590 0.0682934 0.375 13.125 0.298039 0.5 0 0
6600 0.0678163 0.25 13.375 0.294118 0.5 0 0
6610 0.0678163 0.25 13.375 0.298039 0.5 0 0
6620 0.0672006 0.375 13.75 0.298039 0.5 0 0
6630 0.0672006 0.375 13.75 0.294118 0.5 0 0
6640 0.0671128 0.375 14.125 0.294118 0.5 0 0
6650 0.0671128 0.375 14.125 0.290196 0.5 0 0
6660 0.0669926 0.375 14.5 0.290196 0.5 0 0
6670 0.0669926 0.375 14.5 0.290196 0.5 0 0
6680 0.0667115 0.375 14.875 0.290196 0.5 0 0
6690 0.0667115 0.375 14.875 0.286275 0.5 0 0
6700 0.0665437 0.375 15.25 0.290196 0.5 0 0
6710 0.0665437 0.375 15.25 0.286275 0.5 0 0
6720 0.0659332 0.375 15.625 0.286275 0.5 0 0
6730 0.0659332 0.375 15.625 0.286275 0.5 0 0
6740 0.0658869 0.375 16 0.286275 0.5 0 0
6750 0.0658869 0.375 16 0.286275 0.5 0 0
6760 0.0658714 0.375 16.375 0.286275 0.5 0 0
6770 0.0658714 0.375 16.375 0.286275 0.5 0 0
6780 0.0658405 0.375 16.75 0.286275 0.5 0 0
6790 0.0658405 0.375 16.75 0.286275 0.5 0 0
6800 0.0657896 0.375 17.125 0.286275 0.5 0 0
6810 0.0657896 0.375 17.125 0.286275 0.5 0 0
6820 0.065744 0.375 17.5 0.286275 0.5 0 0
6830 0.065744 0.375 17.5 0.286275 0.5 0 0
6840 0.0657182 0.375 17.875 0.286275 0.5 0 0
6850 0.0657182 0.375 17.875 0.286275 0.5 0 0
6860 0.0656803 0.375 18.25 0.290196 0.5 0 0
6870 0.0656803 0.375 18.25 0.286275 0.5 0 0
6880 0.0656312 0.375 18.625 0.286275 0.5 0 0
6890 0.0656312 0.375 18.625 0.290196 0.5 0 0
6900 0.0655822 0.375 19 0.286275 0.5 0 0
6910 0.0655822 0.375 19 0.290196 0.5 0 0
6920 0.065538 0.5 19.5 0.286275 0.5 0 0
6930 0.065538 0.5 19.5 0.286275 0.5 0 0
6940 0.0655099 0.5 20 0.286275 0.5 0 0
6950 0.0655099 0.5 20 0.290196 0.5 0 0
6960 0.0654995 0.375 20.375 0.290196 0.5 0 0
6970 0.0654995 0.375 20.375 0.290196 0.5 0 0
6980 0.0652027 0.375 20.75 0.294118 0.5 0 0
6990 0.0652027 0.375 20.75 0.290196 0.5 0 0
7000 0.0650474 0.375 21.125 0.290196 0.5 0 0
7010 0.0650474 0.375 21.125 0.286275 0.5 0 0
7020 0.0649873 0.375 21.5 0.286275 0.5 0 0
7030 0.0649873 0.375 21.5 0.290196 0.5 0 0
7040 0.064402 0.375 21.875 0.286275 0.5 0 0
7050 0.064402 0.375 21.875 0.286275 0.5 0 0
7060 0.0644301 0.375 22.25 0.286275 0.5 0 0
7070 0.0644301 0.375 22.25 0.286275 0.5 0 0
7080 0.0646641 0.25 22.5 0.282353 0.5 0 0
7090 0.0646641 0.25 22.5 0.286275 0.5 0 0
7100 0.0648669 0.25 22.75 0.286275 0.5 0 0
7110 0.0648669 0.25 22.75 0.290196 0.5 0 0
7120 0.0651888 0 22.75 0.290196 0.5 0 0
7130 0.0651888 0 22.75 0.290196 0.5 0 0
7140 0.0652036 0 22.75 0.298039 0.5 0 0
7150 0.0652036 0 22.75 0.309804 0.5 0 0
7160 0.0652576 0 22.75 0.32549 0.5 0 0
7170 0.0652576 0 22.75 0.329412 0.5 0 0
7180 0.0653114 0 22.75 0.32549 0.5 0 0
7190 0.0653114 0 22.75 0.321569 0.5 0 0
7200 0.0645714 0 22.75 0.305882 0.5 0 0
7210 0.0645714 0 22.75 0.294118 0.5 0 0
7220 0.06372 0 22.75 0.27451 0.5 0 0
7230 0.06372 0 22.75 0.282353 0.5 0 0
7240 0.0629944 0 22.75 0.294118 0.5 0 0
7250 0.0629944 0 22.75 0.286275 0.5 0 0
7260 0.0623924 0 22.75 0.294118 0.5 0 0
7270 0.0623924 0 22.75 0.286275 0.5 0 0
7280 0.0618223 0 22.75 0.27451 0.5 0 0
7290 0.0618223 0 22.75 0.270588 0.5 0 0
7300 0.0618419 0 22.75 0.270588 0.5 0 0
7310 0.0618419 0 22.75 0.270588 0.5 0 0
7320 0.0607691 0 22.75 0.27451 0.5 0 0
7330 0.0607691 0 22.75 0.27451 0.5 0 0
7340 0.0600903 0 22.75 0.27451 0.5 0 0
7350 0.0600903 0 22.75 0.270588 0.5 0 0
7360 0.0602624 0 22.75 0.266667 0.5 0 0
7370 0.0602624 0 22.75 0.266667 0.5 0 0
7380 0.0592813 0 22.75 0.258824 0.5 0 0
7390 0.0592813 0 22.75 0.254902 0.5 0 0
7400 0.0582119 0.25 23 0.258824 0.5 0 0
7410 0.0582119 0.25 23 0.254902 0.5 0 0
7420 0.0581933 0.25 23.25 0.258824 0.5 0 0
7430 0.0581933 0.25 23.25 0.254902 0.5 0 0
7440 0.0583373 0.25 23.5 0.254902 0.5 0 0
7450 0.0583373 0.25 23.5 0.254902 0.5 0 0
7460 0.0581466 0.375 23.875 0.254902 0.5 0 0
7470 0.0581466 0.375 23.875 0.25098 0.5 0 0
7480 0.0580632 0.375 24.25 0.254902 0.5 0 0
7490 0.0580632 0.375 24.25 0.25098 0.5 0 0
7500 0.0580474 0.5 24.75 0.25098 0.5 0 0
7510 0.0580474 0.5 24.75 0.25098 0.5 0 0
7520 0.0580305 0.5 25.25 0.25098 0.5 0 0
7530 0.0580305 0.5 25.25 0.25098 0.5 0 0
7540 0.0580145 0.5 25.75 0.247059 0.5 0 0
7550 0.0580145 0.5 25.75 0.25098 0.5 0 0
7560 0.057906 0.5 26.25 0.25098 0.5 0 0
7570 0.057906 0.5 26.25 0.254902 0.5 0 0
7580 0.0577398 0.5 26.75 0.254902 0.5 0 0
7590 0.0577398 0.5 26.75 0.258824 0.5 0 0
7600 0.0574802 0.5 27.25 0.254902 0.5 0 0
7610 0.0574802 0.5 27.25 0.254902 0.5 0 0
7620 0.0574457 0.5 27.75 0.254902 0.5 0 0
7630 0.0574457 0.5 27.75 0.254902 0.5 0 0
7640 0.0573921 0.5 28.25 0.258824 0.5 0 0
7650 0.0573921 0.5 28.25 0.258824 0.5 0 0
7660 0.0571051 0.375 28.625 0.254902 0.5 0 0
7670 0.0571051 0.375 28.625 0.243137 0.5 0 0
7680 0.0559208 0.375 29 0.243137 0.5 0 0
7690 0.0559208 0.375 29 0.239216 0.5 0 0
7700 0.0555414 0.375 29.375 0.239216 0.5 0 0
7710 0.0555414 0.375 29.375 0.239216 0.5 0 0
7720 0.0553484 0.375 29.75 0.239216 0.5 0 0
7730 0.0553484 0.375 29.75 0.239216 0.5 0 0
7740 0.054773 0.375 30.125 0.239216 0.5 0 0
7750 0.054773 0.375 30.125 0.239216 0.5 0 0
7760 0.0546354 0.375 30.5 0.235294 0.5 0 0
7770 0.0546354 0.375 30.5 0.235294 0.5 0 0
7780 0.0543004 0.375 30.875 0.239216 0.5 0 0
7790 0.0543004 0.375 30.875 0.235294 0.5 0 0
7800 0.0542916 0.375 31.25 0.235294 0.5 0 0
7810 0.0542916 0.375 31.25 0.235294 0.5 0 0
7820 0.0542857 0.375 31.625 0.235294 0.5 0 0
7830 0.0542857 0.375 31.625 0.235294 0.5 0 0
7840 0.0542765 0.375 32 0.231373 0.5 0 0
7850 0.0542765 0.375 32 0.235294 0.5 0 0
7860 0.0542583 0.375 32.375 0.231373 0.5 0 0
7870 0.0542583 0.375 32.375 0.231373 0.5 0 0
7880 0.054241 0.375 32.75 0.231373 0.5 0 0
7890 0.054241 0.375 32.75 0.227451 0.5 0 0
7900 0.0541916 0.375 33.125 0.231373 0.5 0 0
7910 0.0541916 0.375 33.125 0.231373 0.5 0 0
7920 0.0540777 0.375 33.5 0.227451 0.5 0 0
7930 0.0540777 0.375 33.5 0.227451 0.5 0 0
7940 0.0540051 0.375 33.875 0.227451 0.5 0 0
7950 0.0540051 0.375 33.875 0.227451 0.5 0 0
7960 0.0538532 0.375 34.25 0.227451 0.5 0 0
7970 0.0538532 0.375 34.25 0.223529 0.5 0 0
7980 0.0537293 0.375 34.625 0.227451 0.5 0 0
7990 0.0537293 0.375 34.625 0.227451 0.5 0 0
8000 0.0536626 0.375 35 0.227451 0.5 0 0
8010 0.0536626 0.375 35 0.223529 0.5 0 0
8020 0.0536074 0.375 35.375 0.223529 0.5 0 0
8030 0.0536074 0.375 35.375 0.227451 0.5 0 0
8040 0.0535472 0.375 35.75 0.227451 0.5 0 0
8050 0.0535472 0.375 35.75 0.223529 0.5 0 0
8060 0.0534758 0.375 36.125 0.223529 0.5 0 0
8070 0.0534758 0.375 36.125 0.223529 0.5 0 0
8080 0.0533922 0.375 36.5 0.223529 0.5 0 0
8090 0.0533922 0.375 36.5 0.223529 0.5 0 0
8100 0.0533153 0.375 36.875 0.223529 0.5 0 0
8110 0.0533153 0.375 36.875 0.219608 0.5 0 0
8120 0.0532495 0.375 37.25 0.219608 0.5 0 0
8130 0.0532495 0.375 37.25 0.219608 0.5 0 0
8140 0.0531799 0.375 37.625 0.219608 0.5 0 0
8150 0.0531799 0.375 37.625 0.219608 0.5 0 0
8160 0.0531216 0.375 38 0.215686 0.5 0 0
8170 0.0531216 0.375 38 0.219608 0.5 0 0
8180 0.0530546 0.375 38.375 0.219608 0.5 0 0
8190 0.0530546 0.375 38.375 0.219608 0.5 0 0
8200 0.0529809 0.375 38.75 0.219608 0.5 0 0
8210 0.0529809 0.375 38.75 0.219608 0.5 0 0
8220 0.0529136 0.375 39.125 0.219608 0.5 0 0
8230 0.0529136 0.375 39.125 0.223529 0.5 0 0
8240 0.0528616 0.375 39.5 0.215686 0.5 0 0
8250 0.0528616 0.375 39.5 0.219608 0.5 0 0
8260 0.0528252 0.375 39.875 0.223529 0.5 0 0
8270 0.0528252 0.375 39.875 0.223529 0.5 0 0
8280 0.0524342 0.25 40.125 0.223529 0.5 0 0
8290 0.0524342 0.25 40.125 0.211765 0.5 0 0
8300 0.051827 0.25 40.375 0.215686 0.5 0 0
8310 0.051827 0.25 40.375 0.215686 0.5 0 0
8320 0.0513 0.25 40.625 0.207843 0.5 0 0
8330 0.0513 0.25 40.625 0.215686 0.5 0 0
8340 0.0508607 0.25 40.875 0.215686 0.5 0 0
8350 0.0508607 0.25 40.875 0.215686 0.5 0 0
8360 0.0506127 0.25 41.125 0.211765 0.5 0 0
8370 0.0506127 0.25 41.125 0.211765 0.5 0 0
8380 0.0502153 0.25 41.375 0.211765 0.5 0 0
8390 0.0502153 0.25 41.375 0.219608 0.5 0 0
8400 0.0504474 0 41.375 0.207843 0.5 0 0
8410 0.0504474 0 41.375 0.203922 0.5 0 0
8420 0.0507286 0 41.375 0.203922 0.5 0 0
8430 0.0507286 0 41.375 0.203922 0.5 0 0
8440 0.0504635 0 41.375 0.196078 0.5 0 0
8450 0.0504635 0 41.375 0.196078 0.5 0 0
8460 0.04947 0.25 41.625 0.196078 0.5 0 0
8470 0.04947 0.25 41.625 0.196078 0.5 0 0
8480 0.0491139 0.25 41.875 0.196078 0.5 0 0
8490 0.0491139 0.25 41.875 0.196078 0.5 0 0
8500 0.0488125 0.25 42.125 0.188235 0.5 0 0
8510 0.0488125 0.25 42.125 0.188235 0.5 0 0
8520 0.0479981 0.25 42.375 0.188235 0.5 0 0
8530 0.0479981 0.25 42.375 0.188235 0.5 0 0
8540 0.0473525 0.25 42.625 0.180392 0.5 0 0
8550 0.0473525 0.25 42.625 0.180392 0.5 0 0
8560 0.0469063 0.25 42.875 0.180392 0.5 0 0
8570 0.0469063 0.25 42.875 0.176471 0.5 0 0
8580 0.0465382 0 42.875 0.180392 0.5 0 0
8590 0.0465382 0 42.875 0.176471 0.5 0 0
8600 0.0457983 0 42.875 0.180392 0.5 0 0
8610 0.0457983 0 42.875 0.180392 0.5 0 0
8620 0.0459661 0 42.875 0.188235 0.5 0 0
8630 0.0459661 0 42.875 0.180392 0.5 0 0
8640 0.0459719 0 42.875 0.188235 0.5 0 0
8650 0.0459719 0 42.875 0.188235 0.5 0 0
8660 0.0458225 0 42.875 0.192157 0.5 0 0
8670 0.0458225 0 42.875 0.2 0.5 0 0
8680 0.0453521 0 42.875 0.188235 0.5 0 0
8690 0.0453521 0 42.875 0.184314 0.5 0 0
8700 0.0449501 0 42.875 0.180392 0.5 0 0
8710 0.0449501 0 42.875 0.160784 0.5 0 0
8720 0.0439014 0 42.875 0.156863 0.5 0 0
8730 0.0439014 0 42.875 0.160784 0.5 0 0
8740 0.0429458 0 42.875 0.156863 0.5 0 0
8750 0.0429458 0 42.875 0.156863 0.5 0 0
8760 0.0422658 0.25 43.125 0.152941 0.5 0 0
8770 0.0422658 0.25 43.125 0.152941 0.5 0 0
8780 0.0418972 0.375 43.5 0.152941 0.5 0 0
8790 0.0418972 0.375 43.5 0.152941 0.5 0 0
8800 0.0414962 0.375 43.875 0.152941 0.5 0 0
8810 0.0414962 0.375 43.875 0.152941 0.5 0 0
8820 0.0409965 0.375 44.25 0.14902 0.5 0 0
8830 0.0409965 0.375 44.25 0.152941 0.5 0 0
8840 0.040594 0.375 44.625 0.14902 0.5 0 0
8850 0.040594 0.375 44.625 0.14902 0.5 0 0
8860 0.0402881 0.375 45 0.14902 0.5 0 0
8870 0.0402881 0.375 45 0.14902 0.5 0 0
8880 0.039445 0.25 45.25 0.14902 0.5 0 0
8890 0.039445 0.25 45.25 0.145098 0.5 0 0
8900 0.0389942 0.25 45.5 0.145098 0.5 0 0
8910 0.0389942 0.25 45.5 0.145098 0.5 0 0
8920 0.0388867 0.25 45.75 0.141176 0.5 0 0
8930 0.0388867 0.25 45.75 0.141176 0.5 0 0
8940 0.0387761 0.25 46 0.141176 0.5 0 0
8950 0.0387761 0.25 46 0.141176 0.5 0 0
8960 0.0382035 0.25 46.25 0.141176 0.5 0 0
8970 0.0382035 0.25 46.25 0.137255 0.5 0 0
8980 0.0379883 0 46.25 0.137255 0.5 0 0
8990 0.0379883 0 46.25 0.141176 0.5 0 0
9000 0.038449 0.25 46.5 0.145098 0.5 0 0
9010 0.038449 0.25 46.5 0.152941 0.5 0 0
9020 0.0385248 0.25 46.75 0.156863 0.5 0 0
9030 0.0385248 0.25 46.75 0.160784 0.5 0 0
9040 0.0385297 0.25 47 0.156863 0.5 0 0
9050 0.0385297 0.25 47 0.160784 0.5 0 0
9060 0.0383769 0.25 47.25 0.156863 0.5 0 0
9070 0.0383769 0.25 47.25 0.156863 0.5 0 0
9080 0.0380959 0.25 47.5 0.156863 0.5 0 0
9090 0.0380959 0.25 47.5 0.152941 0.5 0 0
9100 0.0379774 0 47.5 0.152941 0.5 0 0
9110 0.0379774 0 47.5 0.152941 0.5 0 0
9120 0.0378915 0 47.5 0.152941 0.5 0 0
9130 0.0378915 0 47.5 0.152941 0.5 0 0
9140 0.0374866 0 47.5 0.14902 0.5 0 0
9150 0.0374866 0 47.5 0.152941 0.5 0 0
9160 0.0371857 0 47.5 0.152941 0.5 0 0
9170 0.0371857 0 47.5 0.145098 0.5 0 0
9180 0.036903 0 47.5 0.145098 0.5 0 0
9190 0.036903 0 47.5 0.145098 0.5 0 0
9200 0.0366775 0 47.5 0.145098 0.5 0 0
9210 0.0366775 0 47.5 0.141176 0.5 0 0
9220 0.0362915 0 47.5 0.137255 0.5 0 0
9230 0.0362915 0 47.5 0.133333 0.5 0 0
9240 0.0357036 0 47.5 0.121569 0.5 0 0
9250 0.0357036 0 47.5 0.121569 0.5 0 0
9260 0.034342 0 47.5 0.121569 0.5 0 0
9270 0.034342 0 47.5 0.121569 0.5 0 0
9280 0.0334158 0.25 47.75 0.121569 0.5 0 0
9290 0.0334158 0.25 47.75 0.121569 0.5 0 0
9300 0.0331347 0.25 48 0.121569 0.5 0 0
9310 0.0331347 0.25 48 0.121569 0.5 0 0
9320 0.0328485 0.25 48.25 0.121569 0.5 0 0
9330 0.0328485 0.25 48.25 0.12549 0.5 0 0
9340 0.0325722 0.25 48.5 0.121569 0.5 0 0
9350 0.0325722 0.25 48.5 0.121569 0.5 0 0
9360 0.0325768 0.375 48.875 0.121569 0.5 0 0
9370 0.0325768 0.375 48.875 0.121569 0.5 0 0
9380 0.0322613 0.25 49.125 0.117647 0.5 0 0
9390 0.0322613 0.25 49.125 0.117647 0.5 0 0
9400 0.0317823 0.25 49.375 0.117647 0.5 0 0
9410 0.0317823 0.25 49.375 0.117647 0.5 0 0
9420 0.0311845 0.25 49.625 0.117647 0.5 0 0
9430 0.0311845 0.25 49.625 0.117647 0.5 0 0
9440 0.0307357 0.25 49.875 0.121569 0.5 0 0
9450 0.0307357 0.25 49.875 0.117647 0.5 0 0
9460 0.0303352 0.25 50.125 0.117647 0.5 0 0
9470 0.0303352 0.25 50.125 0.117647 0.5 0 0
9480 0.0297886 0.375 50.5 0.113725 0.5 0 0
9490 0.0297886 0.375 50.5 0.113725 0.5 0 0
9500 0.0291631 0.375 50.875 0.113725 0.5 0 0
9510 0.0291631 0.375 50.875 0.113725 0.5 0 0
9520 0.0285644 0.25 51.125 0.109804 0.5 0 0
9530 0.0285644 0.25 51.125 0.105882 0.5 0 0
9540 0.0275835 0.375 51.5 0.105882 0.5 0 0
9550 0.0275835 0.375 51.5 0.105882 0.5 0 0
9560 0.026977 0.5 52 0.105882 0.5 0 0
9570 0.026977 0.5 52 0.105882 0.5 0 0
9580 0.0266555 0.5 52.5 0.105882 0.5 0 0
9590 0.0266555 0.5 52.5 0.105882 0.5 0 0
9600 0.0263846 0.5 53 0.105882 0.5 0 0
9610 0.0263846 0.5 53 0.105882 0.5 0 0
9620 0.0259987 0.5 53.5 0.101961 0.5 0 0
9630 0.0259987 0.5 53.5 0.101961 0.5 0 0
9640 0.0255312 0.5 54 0.101961 0.5 0 0
9650 0.0255312 0.5 54 0.101961 0.5 0 0
9660 0.0251613 0.625 54.625 0.101961 0.5 0 0
9670 0.0251613 0.625 54.625 0.101961 0.5 0 0
9680 0.0248183 0.5 55.125 0.101961 0.5 0 0
9690 0.0248183 0.5 55.125 0.101961 0.5 0 0
9700 0.0245506 0.5 55.625 0.101961 0.5 0 0
9710 0.0245506 0.5 55.625 0.101961 0.5 0 0
9720 0.0242218 0.5 56.125 0.101961 0.5 0 0
9730 0.0242218 0.5 56.125 0.101961 0.5 0 0
9740 0.0238425 0.5 56.625 0.101961 0.5 0 0
9750 0.0238425 0.5 56.625 0.0980392 0.5 0 0
9760 0.0234653 0.5 57.125 0.0980392 0.5 0 0
9770 0.0234653 0.5 57.125 0.101961 0.5 0 0
9780 0.0231969 0.5 57.625 0.0980392 0.5 0 0
9790 0.0231969 0.5 57.625 0.0980392 0.5 0 0
9800 0.0230617 0.25 57.875 0.0980392 0.5 0 0
9810 0.0230617 0.25 57.875 0.0941176 0.5 0 0
9820 0.0228679 0.25 58.125 0.0941176 0.5 0 0
9830 0.0228679 0.25 58.125 0.0941176 0.5 0 0
9840 0.0229124 0.25 58.375 0.0941176 0.5 0 0
9850 0.0229124 0.25 58.375 0.0980392 0.5 0 0
9860 0.0226427 0.25 58.625 0.101961 0.5 0 0
9870 0.0226427 0.25 58.625 0.101961 0.5 0 0
9880 0.0224928 0.25 58.875 0.101961 0.5 0 0
9890 0.0224928 0.25 58.875 0.0980392 0.5 0 0
9900 0.0221531 0.25 59.125 0.0980392 0.5 0 0
9910 0.0221531 0.25 59.125 0.101961 0.5 0 0
9920 0.021681 0 59.125 0.101961 0.5 0 0
9930 0.021681 0 59.125 0.101961 0.5 0 0
9940 0.0213952 0.25 59.375 0.101961 0.5 0 0
9950 0.0213952 0.25 59.375 0.0980392 0.5 0 0
9960 0.0211878 0.25 59.625 0.0980392 0.5 0 0
9970 0.0211878 0.25 59.625 0.0980392 0.5 0 0
9980 0.0208135 0.25 59.875 0.0980392 0.5 0 0
9990 0.0208135 0.25 59.875 0.0980392 0.5 0 0
10000 0.0203026 0.25 60.125 0.0980392 0.5 0 0
10010 0.0203026 0.25 60.125 0.0980392 0.5 0 0
10020 0.0200155 0.25 60.375 0.0980392 0.5 0 0
10030 0.0200155 0.25 60.375 0.0980392 0.5 0 0
10040 0.019693 0 60.375 0.0941176 0.5 0 0
10050 0.019693 0 60.375 0.0901961 0.5 0 0
10060 0.019326 0.25 60.625 0.0862745 0.5 0 0
10070 0.019326 0.25 60.625 0.0901961 0.5 0 0
10080 0.0189941 0.375 61 0.0862745 0.5 0 0
10090 0.0189941 0.375 61 0.0862745 0.5 0 0
10100 0.0183244 0.375 61.375 0.0901961 0.5 0 0
10110 0.0183244 0.375 61.375 0.0901961 0.5 0 0
10120 0.0178285 0.375 61.75 0.0862745 0.5 0 0
10130 0.0178285 0.375 61.75 0.0862745 0.5 0 0
10140 0.0172444 0.375 62.125 0.0862745 0.5 0 0
10150 0.0172444 0.375 62.125 0.0823529 0.5 0 0
10160 0.0164162 0.5 62.625 0.0823529 0.5 0 0
10170 0.0164162 0.5 62.625 0.0823529 0.5 0 0
10180 0.0158349 0.5 63.125 0.0784314 0.5 0 0
10190 0.0158349 0.5 63.125 0.0784314 0.5 0 0
10200 0.0152069 0.5 63.625 0.0784314 0.5 0 0
10210 0.0152069 0.5 63.625 0.0784314 0.5 0 0
10220 0.0144613 0.5 64.125 0.0823529 0.5 0 0
10230 0.0144613 0.5 64.125 0.0823529 0.5 0 0
10240 0.0142175 0.5 64.625 0.0823529 0.5 0 0
10250 0.0142175 0.5 64.625 0.0823529 0.5 0 0
10260 0.0142148 0.5 65.125 0.0823529 0.5 0 0
10270 0.0142148 0.5 65.125 0.0823529 0.5 0 0
10280 0.0142124 0.5 65.625 0.0823529 0.5 0 0
10290 0.0142124 0.5 65.625 0.0823529 0.5 0 0
10300 0.0141817 0.5 66.125 0.0823529 0.5 0 0
10310 0.0141817 0.5 66.125 0.0823529 0.5 0 0
10320 0.0141802 0.5 66.625 0.0823529 0.5 0 0
10330 0.0141802 0.5 66.625 0.0823529 0.5 0 0
10340 0.0141798 0.375 67 0.0823529 0.5 0 0
10350 0.0141798 0.375 67 0.0823529 0.5 0 0
10360 0.0141798 0.375 67.375 0.0823529 0.5 0 0
10370 0.0141798 0.375 67.375 0.0823529 0.5 0 0
10380 0.0141798 0.375 67.75 0.0823529 0.5 0 0
10390 0.0141798 0.375 67.75 0.0823529 0.5 0 0
10400 0.0141798 0.625 68.375 0.0823529 0.5 0 0
10410 0.0141798 0.625 68.375 0.0823529 0.5 0 0
10420 0.0141798 0.625 69 0.0823529 0.5 0 0
10430 0.0141798 0.625 69 0.0823529 0.5 0 0
10440 0.0141798 0.5 69.5 0.0823529 0.5 0 0
10450 0.0141798 0.5 69.5 0.0823529 0.5 0 0
10460 0.0141053 0.625 70.125 0.0823529 0.5 0 0
10470 0.0141053 0.625 70.125 0.0823529 0.5 0 0
10480 0.0141165 0.625 70.75 0.0823529 0.5 0 0
10490 0.0141165 0.625 70.75 0.0823529 0.5 0 0
10500 0.0141149 0.75 71.5 0.0784314 0.5 0 0
10510 0.0141149 0.75 71.5 0.0784314 0.5 0 0
10520 0.014069 0.75 72.25 0.0784314 0.5 0 0
10530 0.014069 0.75 72.25 0.0823529 0.5 0 0
10540 0.0140882 0.75 73 0.0823529 0.5 0 0
10550 0.0140882 0.75 73 0.0823529 0.5 0 0
10560 0.0140727 0.5 73.5 0.0823529 0.5 0 0
10570 0.0140727 0.5 73.5 0.0823529 0.5 0 0
10580 0.014035 0.5 74 0.0823529 0.5 0 0
10590 0.014035 0.5 74 0.0823529 0.5 0 0
10600 0.0137271 0.5 74.5 0.0823529 0.5 0 0
10610 0.0137271 0.5 74.5 0.0784314 0.5 0 0
10620 0.0130948 0 74.5 0.0745098 0.5 0 0
10630 0.0130948 0 74.5 0.0745098 0.5 0 0
10640 0.0124307 0.375 74.875 0.0745098 0.5 0 0
10650 0.0124307 0.375 74.875 0.0745098 0.5 0 0
10660 0.0121934 0.375 75.25 0.0745098 0.5 0 0
10670 0.0121934 0.375 75.25 0.0784314 0.5 0 0
10680 0.0119828 0.375 75.625 0.0823529 0.5 0 0
10690 0.0119828 0.375 75.625 0.0823529 0.5 0 0
10700 0.0119506 0.375 76 0.0823529 0.5 0 0
10710 0.0119506 0.375 76 0.0784314 0.5 0 0
10720 0.0117853 0.375 76.375 0.0784314 0.5 0 0
10730 0.0117853 0.375 76.375 0.0745098 0.5 0 0
10740 0.0115864 0.25 76.625 0.0705882 0.5 0 0
10750 0.0115864 0.25 76.625 0.0705882 0.5 0 0
10760 0.011359 0.25 76.875 0.0705882 0.5 0 0
10770 0.011359 0.25 76.875 0.0705882 0.5 0 0
10780 0.0109915 0 76.875 0.0705882 0.5 0 0
10790 0.0109915 0 76.875 0.0705882 0.5 0 0
10800 0.0108506 0.25 77.125 0.0705882 0.5 0 0
10810 0.0108506 0.25 77.125 0.0705882 0.5 0 0
10820 0.0107529 0.25 77.375 0.0705882 0.5 0 0
10830 0.0107529 0.25 77.375 0.0705882 0.5 0 0
10840 0.0106595 0.25 77.625 0.0745098 0.5 0 0
10850 0.0106595 0.25 77.625 0.0784314 0.5 0 0
10860 0.0104658 0.25 77.875 0.0784314 0.5 0 0
10870 0.0104658 0.25 77.875 0.0745098 0.5 0 0
10880 0.0102278 0.25 78.125 0.0784314 0.5 0 0
10890 0.0102278 0.25 78.125 0.0745098 0.5 0 0
10900 0.00987683 0.25 78.375 0.0745098 0.5 0 0
10910 0.00987683 0.25 78.375 0.0705882 0.5 0 0
10920 0.00956145 0.25 78.625 0.0705882 0.5 0 0
10930 0.00956145 0.25 78.625 0.0705882 0.5 0 0
10940 0.00930438 0.375 79 0.0705882 0.5 0 0
10950 0.00930438 0.375 79 0.0705882 0.5 0 0
10960 0.0092654 0.375 79.375 0.0666667 0.5 0 0
10970 0.0092654 0.375 79.375 0.0666667 0.5 0 0
10980 0.00922256 0.5 79.875 0.0705882 0.5 0 0
10990 0.00922256 0.5 79.875 0.0666667 0.5 0 0
11000 0.00917574 0.5 80.375 0.0666667 0.5 0 0
11010 0.00917574 0.5 80.375 0.0666667 0.5 0 0
11020 0.0091588 0.5 80.875 0.0705882 0.5 0 0
11030 0.0091588 0.5 80.875 0.0666667 0.5 0 0
11040 0.00918492 0.375 81.25 0.0666667 0.5 0 0
11050 0.00918492 0.375 81.25 0.0666667 0.5 0 0
11060 0.00901954 0.375 81.625 0.0705882 0.5 0 0
11070 0.00901954 0.375 81.625 0.0705882 0.5 0 0
11080 0.00887753 0.375 82 0.0705882 0.5 0 0
11090 0.00887753 0.375 82 0.0666667 0.5 0 0
11100 0.00883439 0.375 82.375 0.0705882 0.5 0 0
11110 0.00883439 0.375 82.375 0.0666667 0.5 0 0
11120 0.00875644 0.5 82.875 0.0666667 0.5 0 0
11130 0.00875644 0.5 82.875 0.0666667 0.5 0 0
11140 0.00864876 0.5 83.375 0.0666667 0.5 0 0
11150 0.00864876 0.5 83.375 0.0666667 0.5 0 0
11160 0.0085633 0.5 83.875 0.0666667 0.5 0 0
11170 0.0085633 0.5 83.875 0.0666667 0.5 0 0
11180 0.00848286 0.5 84.375 0.0666667 0.5 0 0
11190 0.00848286 0.5 84.375 0.0666667 0.5 0 0
11200 0.00846239 0.5 84.875 0.0666667 0.5 0 0
11210 0.00846239 0.5 84.875 0.0666667 0.5 0 0
11220 0.00844995 0.5 85.375 0.0666667 0.5 0 0
11230 0.00844995 0.5 85.375 0.0666667 0.5 0 0
11240 0.00843405 0.375 85.75 0.0666667 0.5 0 0
11250 0.00843405 0.375 85.75 0.0666667 0.5 0 0
11260 0.00837718 0.375 86.125 0.0666667 0.5 0 0
11270 0.00837718 0.375 86.125 0.0666667 0.5 0 0
11280 0.00833704 0.25 86.375 0.0666667 0.5 0 0
11290 0.00833704 0.25 86.375 0.0666667 0.5 0 0
11300 0.00819931 0.625 87 0.0627451 0.5 0 0
11310 0.00819931 0.625 87 0.0627451 0.5 0 0
11320 0.00800569 0.625 87.625 0.0627451 0.5 0 0
11330 0.00800569 0.625 87.625 0.0627451 0.5 0 0
11340 0.00778613 0.75 88.375 0.0627451 0.5 0 0
11350 0.00778613 0.75 88.375 0.0627451 0.5 0 0
11360 0.00765103 0.75 89.125 0.0627451 0.5 0 0
11370 0.00765103 0.75 89.125 0.0627451 0.5 0 0
11380 0.00754415 0.875 90 0.0627451 0.5 0 0
11390 0.00754415 0.875 90 0.0627451 0.5 0 0
11400 0.00747017 0.75 90.75 0.0627451 0.5 0 0
11410 0.00747017 0.75 90.75 0.0627451 0.5 0 0
11420 0.00744102 0.75 91.5 0.0627451 0.5 0 0
11430 0.00744102 0.75 91.5 0.0627451 0.5 0 0
11440 0.00740995 0.75 92.25 0.0627451 0.5 0 0
11450 0.00740995 0.75 92.25 0.0627451 0.5 0 0
11460 0.00737896 0.75 93 0.0666667 0.5 0 0
11470 0.00737896 0.75 93 0.0627451 0.5 0 0
11480 0.00734875 0.625 93.625 0.0627451 0.5 0 0
11490 0.00734875 0.625 93.625 0.0666667 0.5 0 0
11500 0.00728319 0.625 94.25 0.0666667 0.5 0 0
11510 0.00728319 0.625 94.25 0.0627451 0.5 0 0
11520 0.00728016 0.625 94.875 0.0666667 0.5 0 0
11530 0.00728016 0.625 94.875 0.0666667 0.5 0 0
11540 0.00719276 0.625 95.5 0.0627451 0.5 0 0
11550 0.00719276 0.625 95.5 0.0588235 0.5 0 0
11560 0.0069692 0.625 96.125 0.0588235 0.5 0 0
11570 0.0069692 0.625 96.125 0.0588235 0.5 0 0
11580 0.00684278 0.625 96.75 0.054902 0.5 0 0
11590 0.00684278 0.625 96.75 0.0588235 0.5 0 0
11600 0.00667396 0.75 97.5 0.0588235 0.5 0 0
11610 0.00667396 0.75 97.5 0.0588235 0.5 0 0
11620 0.00636526 0.75 98.25 0.0588235 0.5 0 0
11630 0.00636526 0.75 98.25 0.0588235 0.5 0 0
11640 0.00625826 0.75 99 0.0588235 0.5 0 0
11650 0.00625826 0.75 99 0.0588235 0.5 0 0
11660 0.00614044 0.75 99.75 0.0588235 0.5 0 0
11670 0.00614044 0.75 99.75 0.054902 0.5 0 0
11680 0.0059162 0.75 100.5 0.054902 0.5 0 0
11690 0.0059162 0.75 100.5 0.054902 0.5 0 0
11700 0.00574631 0.75 101.25 0.0588235 0.5 0 0
11710 0.00574631 0.75 101.25 0.054902 0.5 0 0
11720 0.00562334 0.5 101.75 0.0588235 0.5 0 0
11730 0.00562334 0.5 101.75 0.0588235 0.5 0 0
11740 0.00558748 0.625 102.375 0.0588235 0.5 0 0
11750 0.00558748 0.625 102.375 0.0588235 0.5 0 0
11760 0.00553464 0.625 103 0.054902 0.5 0 0
11770 0.00553464 0.625 103 0.054902 0.5 0 0
11780 0.00544212 0.75 103.75 0.054902 0.5 0 0
11790 0.00544212 0.75 103.75 0.054902 0.5 0 0
11800 0.00532794 0.75 104.5 0.054902 0.5 0 0
11810 0.00532794 0.75 104.5 0.054902 0.5 0 0
11820 0.00522181 0.75 105.25 0.0588235 0.5 0 0
11830 0.00522181 0.75 105.25 0.054902 0.5 0 0
11840 0.00526421 0.5 105.75 0.054902 0.5 0 0
11850 0.00526421 0.5 105.75 0.054902 0.5 0 0
11860 0.00530423 0.5 106.25 0.0588235 0.5 0 0
11870 0.00530423 0.5 106.25 0.0588235 0.5 0 0
11880 0.00532666 0.5 106.75 0.0627451 0.5 0 0
11890 0.00532666 0.5 106.75 0.0627451 0.5 0 0
11900 0.00531412 0.5 107.25 0.0627451 0.5 0 0
11910 0.00531412 0.5 107.25 0.0627451 0.5 0 0
11920 0.00524758 0.25 107.5 0.0588235 0.5 0 0
11930 0.00524758 0.25 107.5 0.054902 0.5 0 0
11940 0.00515955 0.375 107.875 0.054902 0.5 0 0
11950 0.00515955 0.375 107.875 0.054902 0.5 0 0
11960 0.00513842 0.25 108.125 0.054902 0.5 0 0
11970 0.00513842 0.25 108.125 0.054902 0.5 0 0
11980 0.00486731 0.25 108.375 0.054902 0.5 0 0
11990 0.00486731 0.25 108.375 0.0509804 0.5 0 0
12000 0.00455968 0.5 108.875 0.0509804 0.5 0 0
12010 0.00455968 0.5 108.875 0.054902 0.5 0 0
12020 0.00457689 0.5 109.375 0.054902 0.5 0 0
12030 0.00457689 0.5 109.375 0.054902 0.5 0 0
12040 0.00462619 0.5 109.875 0.054902 0.5 0 0
12050 0.00462619 0.5 109.875 0.054902 0.5 0 0
12060 0.00450642 0.5 110.375 0.054902 0.5 0 0
12070 0.00450642 0.5 110.375 0.0509804 0.5 0 0
12080 0.00442277 0.5 110.875 0.054902 0.5 0 0
12090 0.00442277 0.5 110.875 0.054902 0.5 0 0
12100 0.00440939 0.75 111.625 0.0509804 0.5 0 0
12110 0.00440939 0.75 111.625 0.0509804 0.5 0 0
12120 0.00448048 0.625 112.25 0.0509804 0.5 0 0
12130 0.00448048 0.625 112.25 0.0509804 0.5 0 0
12140 0.00448496 0.625 112.875 0.0509804 0.5 0 0
12150 0.00448496 0.625 112.875 0.0509804 0.5 0 0
12160 0.00444726 0.625 113.5 0.0509804 0.5 0 0
12170 0.00444726 0.625 113.5 0.0509804 0.5 0 0
12180 0.00439879 0.875 114.375 0.0509804 0.5 0 0
12190 0.00439879 0.875 114.375 0.0509804 0.5 0 0
12200 0.00439899 0.875 115.25 0.0509804 0.5 0 0
12210 0.00439899 0.875 115.25 0.0509804 0.5 0 0
12220 0.00441378 0.875 116.125 0.054902 0.5 0 0
12230 0.00441378 0.875 116.125 0.0509804 0.5 0 0
12240 0.00441067 0.625 116.75 0.0509804 0.5 0 0
12250 0.00441067 0.625 116.75 0.0509804 0.5 0 0
12260 0.00451727 0.5 117.25 0.0509804 0.5 0 0
12270 0.00451727 0.5 117.25 0.054902 0.5 0 0
12280 0.0047076 0.5 117.75 0.054902 0.5 0 0
12290 0.0047076 0.5 117.75 0.054902 0.5 0 0
12300 0.00465298 0.25 118 0.054902 0.5 0 0
12310 0.00465298 0.25 118 0.054902 0.5 0 0
12320 0.00460529 0 118 0.054902 0.5 0 0
12330 0.00460529 0 118 0.054902 0.5 0 0
12340 0.00448594 0 118 0.0509804 0.5 0 0
12350 0.00448594 0 118 0.0509804 0.5 0 0
12360 0.00444969 0 118 0.0509804 0.5 0 0
12370 0.00444969 0 118 0.0509804 0.5 0 0
12380 0.0044012 0 118 0.0509804 0.5 0 0
12390 0.0044012 0 118 0.0509804 0.5 0 0
12400 0.0042982 0 118 0.0509804 0.5 0 0
12410 0.0042982 0 118 0.0509804 0.5 0 0
12420 0.00426998 0 118 0.0509804 0.5 0 0
12430 0.00426998 0 118 0.0470588 0.5 0 0
12440 0.00414174 0 118 0.0470588 0.5 0 0
12450 0.00414174 0 118 0.0509804 0.5 0 0
12460 0.0040332 0 118 0.054902 0.5 0 0
12470 0.0040332 0 118 0.054902 0.5 0 0
12480 0.00411385 0 118 0.054902 0.5 0 0
12490 0.00411385 0 118 0.0588235 0.5 0 0
12500 0.0042554 0 118 0.0627451 0.5 0 0
12510 0.0042554 0 118 0.0627451 0.5 0 0
12520 0.00431681 0 118 0.0627451 0.5 0 0
12530 0.00431681 0 118 0.0588235 0.5 0 0
12540 0.00439262 0 118 0.0588235 0.5 0 0
12550 0.00439262 0 118 0.0588235 0.5 0 0
12560 0.00461749 0 118 0.054902 0.5 0 0
12570 0.00461749 0 118 0.054902 0.5 0 0
12580 0.00478496 0 118 0.054902 0.5 0 0
12590 0.00478496 0 118 0.054902 0.5 0 0
12600 0.00495819 0 118 0.054902 0.5 0 0
12610 0.00495819 0 118 0.0588235 0.5 0 0
12620 0.00502144 0 118 0.0588235 0.5 0 0
12630 0.00502144 0 118 0.0627451 0.5 0 0
12640 0.00499558 0 118 0.0627451 0.5 0 0
12650 0.00499558 0 118 0.0627451 0.5 0 0
12660 0.00496374 0 118 0.0666667 0.5 0 0
12670 0.00496374 0 118 0.0666667 0.5 0 0
12680 0.00493088 0 118 0.0666667 0.5 0 0
12690 0.00493088 0 118 0.0666667 0.5 0 0
12700 0.00479486 0 118 0.0627451 0.5 0 0
12710 0.00479486 0 118 0.0627451 0.5 0 0
12720 0.00458571 0 118 0.0588235 0.5 0 0
12730 0.00458571 0 118 0.0588235 0.5 0 0
12740 0.00440648 0 118 0.054902 0.5 0 0
12750 0.00440648 0 118 0.054902 0.5 0 0
12760 0.00428653 0 118 0.0509804 0.5 0 0
12770 0.00428653 0 118 0.054902 0.5 0 0
12780 0.00428898 0.375 118.375 0.0509804 0.5 0 0
12790 0.00428898 0.375 118.375 0.054902 0.5 0 0
12800 0.00435052 0.375 118.75 0.054902 0.5 0 0
12810 0.00435052 0.375 118.75 0.0509804 0.5 0 0
12820 0.0043176 0.375 119.125 0.0509804 0.5 0 0
12830 0.0043176 0.375 119.125 0.054902 0.5 0 0
12840 0.00427677 0.375 119.5 0.054902 0.5 0 0
12850 0.00427677 0.375 119.5 0.054902 0.5 0 0
12860 0.00429156 0.375 119.875 0.0588235 0.5 0 0
12870 0.00429156 0.375 119.875 0.0588235 0.5 0 0
12880 0.00425557 0.375 120.25 0.0588235 0.5 0 0
12890 0.00425557 0.375 120.25 0.0588235 0.5 0 0
12900 0.00417699 0.375 120.625 0.054902 0.5 0 0
12910 0.00417699 0.375 120.625 0.0509804 0.5 0 0
12920 0.00419685 0.375 121 0.0509804 0.5 0 0
12930 0.00419685 0.375 121 0.0470588 0.5 0 0
12940 0.00427519 0.875 121.875 0.0509804 0.5 0 0
12950 0.00427519 0.875 121.875 0.0470588 0.5 0 0
12960 0.00434382 0.875 122.75 0.0509804 0.5 0 0
12970 0.00434382 0.875 122.75 0.0470588 0.5 0 0
12980 0.00430714 0.875 123.625 0.0470588 0.5 0 0
12990 0.00430714 0.875 123.625 0.0470588 0.5 0 0
13000 0.00427322 0.875 124.5 0.0509804 0.5 0 0
13010 0.00427322 0.875 124.5 0.0509804 0.5 0 0
13020 0.00424491 1 125.5 0.0509804 0.5 0 0
13030 0.00424491 1 125.5 0.0470588 0.5 0 0
13040 0.00423285 1 126.5 0.0509804 0.5 0 0
13050 0.00423285 1 126.5 0.0509804 0.5 0 0
13060 0.00424265 1 127.5 0.0509804 0.5 0 0
13070 0.00424265 1 127.5 0.0509804 0.5 0 0
13080 0.0042309 1 128.5 0.0509804 0.5 0 0
13090 0.0042309 1 128.5 0.0509804 0.5 0 0
13100 0.00421694 1 129.5 0.0509804 0.5 0 0
13110 0.00421694 1 129.5 0.0509804 0.5 0 0
13120 0.00420721 1 130.5 0.0509804 0.5 0 0
13130 0.00420721 1 130.5 0.0470588 0.5 0 0
13140 0.00420334 1 131.5 0.0509804 0.5 0 0
13150 0.00420334 1 131.5 0.0509804 0.5 0 0
13160 0.00419727 1 132.5 0.0509804 0.5 0 0
13170 0.00419727 1 132.5 0.0509804 0.5 0 0
13180 0.00419759 0.875 133.375 0.0509804 0.5 0 0
13190 0.00419759 0.875 133.375 0.0509804 0.5 0 0
13200 0.00407335 0.875 134.25 0.0509804 0.5 0 0
13210 0.00407335 0.875 134.25 0.0509804 0.5 0 0
13220 0.00402106 0.875 135.125 0.0470588 0.5 0 0
13230 0.00402106 0.875 135.125 0.0509804 0.5 0 0
13240 0.00402158 0.875 136 0.0509804 0.5 0 0
13250 0.00402158 0.875 136 0.0470588 0.5 0 0
13260 0.0040453 0.875 136.875 0.0470588 0.5 0 0
13270 0.0040453 0.875 136.875 0.0509804 0.5 0 0
13280 0.00405781 0.75 137.625 0.0509804 0.5 0 0
13290 0.00405781 0.75 137.625 0.054902 0.5 0 0
13300 0.00400465 0.75 138.375 0.0509804 0.5 0 0
13310 0.00400465 0.75 138.375 0.054902 0.5 0 0
13320 0.00411033 0.75 139.125 0.0588235 0.5 0 0
13330 0.00411033 0.75 139.125 0.0627451 0.5 0 0
13340 0.00417741 0.75 139.875 0.0627451 0.5 0 0
13350 0.00417741 0.75 139.875 0.0588235 0.5 0 0
13360 0.00417783 0.625 140.5 0.054902 0.5 0 0
13370 0.00417783 0.625 140.5 0.054902 0.5 0 0
13380 0.00413622 0.625 141.125 0.0509804 0.5 0 0
13390 0.00413622 0.625 141.125 0.0509804 0.5 0 0
13400 0.00419139 0.625 141.75 0.054902 0.5 0 0
13410 0.00419139 0.625 141.75 0.054902 0.5 0 0
13420 0.0041633 0.625 142.375 0.054902 0.5 0 0
13430 0.0041633 0.625 142.375 0.054902 0.5 0 0
13440 0.00412149 0.625 143 0.054902 0.5 0 0
13450 0.00412149 0.625 143 0.054902 0.5 0 0
13460 0.00409458 0.625 143.625 0.0509804 0.5 0 0
13470 0.00409458 0.625 143.625 0.0509804 0.5 0 0
13480 0.0040719 0.75 144.375 0.054902 0.5 0 0
13490 0.0040719 0.75 144.375 0.054902 0.5 0 0
13500 0.00405116 0.5 144.875 0.054902 0.5 0 0
13510 0.00405116 0.5 144.875 0.0509804 0.5 0 0
13520 0.00404177 0.5 145.375 0.0509804 0.5 0 0
13530 0.00404177 0.5 145.375 0.054902 0.5 0 0
13540 0.00402927 0.5 145.875 0.054902 0.5 0 0
13550 0.00402927 0.5 145.875 0.0509804 0.5 0 0
13560 0.00406549 0.5 146.375 0.0509804 0.5 0 0
13570 0.00406549 0.5 146.375 0.0509804 0.5 0 0
13580 0.00413531 0.5 146.875 0.054902 0.5 0 0
13590 0.00413531 0.5 146.875 0.0509804 0.5 0 0
13600 0.00410495 0.375 147.25 0.0509804 0.5 0 0
13610 0.00410495 0.375 147.25 0.0509804 0.5 0 0
13620 0.00409127 0.5 147.75 0.0509804 0.5 0 0
13630 0.00409127 0.5 147.75 0.0509804 0.5 0 0
13640 0.00411129 0.625 148.375 0.054902 0.5 0 0
13650 0.00411129 0.625 148.375 0.0509804 0.5 0 0
13660 0.00436477 0.625 149 0.0509804 0.5 0 0
13670 0.00436477 0.625 149 0.054902 0.5 0 0
13680 0.00434925 0.625 149.625 0.054902 0.5 0 0
13690 0.00434925 0.625 149.625 0.054902 0.5 0 0
13700 0.00437818 0.625 150.25 0.0588235 0.5 0 0
13710 0.00437818 0.625 150.25 0.0588235 0.5 0 0
13720 0.00448095 0.625 150.875 0.0588235 0.5 0 0
13730 0.00448095 0.625 150.875 0.0588235 0.5 0 0
13740 0.00454008 0.375 151.25 0.0588235 0.5 0 0
13750 0.00454008 0.375 151.25 0.054902 0.5 0 0
13760 0.00458112 0.25 151.5 0.054902 0.5 0 0
13770 0.00458112 0.25 151.5 0.054902 0.5 0 0
13780 0.00459691 0.25 151.75 0.0509804 0.5 0 0
13790 0.00459691 0.25 151.75 0.054902 0.5 0 0
13800 0.00463018 0.5 152.25 0.0509804 0.5 0 0
13810 0.00463018 0.5 152.25 0.054902 0.5 0 0
13820 0.00458001 0.5 152.75 0.0509804 0.5 0 0
13830 0.00458001 0.5 152.75 0.054902 0.5 0 0
13840 0.00460526 0.5 153.25 0.054902 0.5 0 0
13850 0.00460526 0.5 153.25 0.054902 0.5 0 0
13860 0.00459254 0.5 153.75 0.0509804 0.5 0 0
13870 0.00459254 0.5 153.75 0.054902 0.5 0 0
13880 0.00461137 0.625 154.375 0.054902 0.5 0 0
13890 0.00461137 0.625 154.375 0.054902 0.5 0 0
13900 0.00459156 0.625 155 0.0509804 0.5 0 0
13910 0.00459156 0.625 155 0.054902 0.5 0 0
13920 0.00457053 0.5 155.5 0.054902 0.5 0 0
13930 0.00457053 0.5 155.5 0.054902 0.5 0 0
13940 0.00455995 0.5 156 0.0509804 0.5 0 0
13950 0.00455995 0.5 156 0.054902 0.5 0 0
13960 0.00459555 0.5 156.5 0.054902 0.5 0 0
13970 0.00459555 0.5 156.5 0.054902 0.5 0 0
13980 0.00466299 0.375 156.875 0.054902 0.5 0 0
13990 0.00466299 0.375 156.875 0.054902 0.5 0 0
14000 0.00466173 0.625 157.5 0.054902 0.5 0 0
14010 0.00466173 0.625 157.5 0.054902 0.5 0 0
14020 0.00465936 0.625 158.125 0.054902 0.5 0 0
14030 0.00465936 0.625 158.125 0.054902 0.5 0 0
14040 0.00465045 0.625 158.75 0.054902 0.5 0 0
14050 0.00465045 0.625 158.75 0.054902 0.5 0 0
14060 0.00464476 0.625 159.375 0.054902 0.5 0 0
14070 0.00464476 0.625 159.375 0.054902 0.5 0 0
14080 0.00465619 0.5 159.875 0.054902 0.5 0 0
14090 0.00465619 0.5 159.875 0.054902 0.5 0 0
14100 0.00464592 0.5 160.375 0.054902 0.5 0 0
14110 0.00464592 0.5 160.375 0.054902 0.5 0 0
14120 0.00461146 0.75 161.125 0.054902 0.5 0 0
14130 0.00461146 0.75 161.125 0.0509804 0.5 0 0
14140 0.00464283 0.75 161.875 0.054902 0.5 0 0
14150 0.00464283 0.75 161.875 0.054902 0.5 0 0
14160 0.00465002 0.5 162.375 0.054902 0.5 0 0
14170 0.00465002 0.5 162.375 0.054902 0.5 0 0
14180 0.0045353 0.5 162.875 0.0509804 0.5 0 0
14190 0.0045353 0.5 162.875 0.0509804 0.5 0 0
14200 0.00441585 0.5 163.375 0.0509804 0.5 0 0
14210 0.00441585 0.5 163.375 0.0509804 0.5 0 0
14220 0.00438866 0.5 163.875 0.054902 0.5 0 0
14230 0.00438866 0.5 163.875 0.054902 0.5 0 0
14240 0.00438539 0.375 164.25 0.054902 0.5 0 0
14250 0.00438539 0.375 164.25 0.054902 0.5 0 0
14260 0.00432451 0.375 164.625 0.0509804 0.5 0 0
14270 0.00432451 0.375 164.625 0.0509804 0.5 0 0
14280 0.00426966 0.25 164.875 0.0509804 0.5 0 0
14290 0.00426966 0.25 164.875 0.0509804 0.5 0 0
14300 0.00423216 0.25 165.125 0.0509804 0.5 0 0
14310 0.00423216 0.25 165.125 0.0509804 0.5 0 0
14320 0.00411923 0.25 165.375 0.0509804 0.5 0 0
14330 0.00411923 0.25 165.375 0.0509804 0.5 0 0
14340 0.00398419 0.25 165.625 0.054902 0.5 0 0
14350 0.00398419 0.25 165.625 0.054902 0.5 0 0
14360 0.00393178 0.25 165.875 0.0588235 0.5 0 0
14370 0.00393178 0.25 165.875 0.054902 0.5 0 0
14380 0.00387865 0.25 166.125 0.054902 0.5 0 0
14390 0.00387865 0.25 166.125 0.0509804 0.5 0 0
14400 0.00380097 0.25 166.375 0.0470588 0.5 0 0
14410 0.00380097 0.25 166.375 0.0509804 0.5 0 0
14420 0.00386253 0.5 166.875 0.0470588 0.5 0 0
14430 0.00386253 0.5 166.875 0.0509804 0.5 0 0
14440 0.00391303 0.375 167.25 0.0509804 0.5 0 0
14450 0.00391303 0.375 167.25 0.054902 0.5 0 0
14460 0.00402742 0.375 167.625 0.0509804 0.5 0 0
14470 0.00402742 0.375 167.625 0.0509804 0.5 0 0
14480 0.0040818 0.375 168 0.054902 0.5 0 0
14490 0.0040818 0.375 168 0.054902 0.5 0 0
14500 0.00409379 0.375 168.375 0.054902 0.5 0 0
14510 0.00409379 0.375 168.375 0.0509804 0.5 0 0
14520 0.00407471 0.5 168.875 0.0509804 0.5 0 0
14530 0.00407471 0.5 168.875 0.0509804 0.5 0 0
14540 0.00411238 0.25 169.125 0.0509804 0.5 0 0
14550 0.00411238 0.25 169.125 0.0509804 0.5 0 0
14560 0.00412318 0.25 169.375 0.0509804 0.5 0 0
14570 0.00412318 0.25 169.375 0.0509804 0.5 0 0
14580 0.00409959 0.25 169.625 0.0509804 0.5 0 0
14590 0.00409959 0.25 169.625 0.0509804 0.5 0 0
14600 0.0040975 0.375 170 0.0509804 0.5 0 0
14610 0.0040975 0.375 170 0.0470588 0.5 0 0
14620 0.00418509 0.375 170.375 0.0470588 0.5 0 0
14630 0.00418509 0.375 170.375 0.0509804 0.5 0 0
14640 0.00417666 0.375 170.75 0.0470588 0.5 0 0
14650 0.00417666 0.375 170.75 0.0470588 0.5 0 0
14660 0.00405635 0.375 171.125 0.0470588 0.5 0 0
14670 0.00405635 0.375 171.125 0.0509804 0.5 0 0
14680 0.00402376 0.375 171.5 0.0470588 0.5 0 0
14690 0.00402376 0.375 171.5 0.0470588 0.5 0 0
14700 0.004044 0.375 171.875 0.0470588 0.5 0 0
14710 0.004044 0.375 171.875 0.0509804 0.5 0 0
14720 0.00403763 0.375 172.25 0.0470588 0.5 0 0
14730 0.00403763 0.375 172.25 0.0509804 0.5 0 0
14740 0.00405533 0.625 172.875 0.0509804 0.5 0 0
14750 0.00405533 0.625 172.875 0.0509804 0.5 0 0
14760 0.00409067 0.625 173.5 0.0470588 0.5 0 0
14770 0.00409067 0.625 173.5 0.0470588 0.5 0 0
14780 0.00407441 0.625 174.125 0.0509804 0.5 0 0
14790 0.00407441 0.625 174.125 0.0509804 0.5 0 0
14800 0.00409633 0.5 174.625 0.0509804 0.5 0 0
14810 0.00409633 0.5 174.625 0.0509804 0.5 0 0
14820 0.00410099 0.5 175.125 0.0509804 0.5 0 0
14830 0.00410099 0.5 175.125 0.0509804 0.5 0 0
14840 0.00407865 0.5 175.625 0.0470588 0.5 0 0
14850 0.00407865 0.5 175.625 0.0509804 0.5 0 0
14860 0.00406114 0.5 176.125 0.0509804 0.5 0 0
14870 0.00406114 0.5 176.125 0.0509804 0.5 0 0
14880 0.0040535 0.5 176.625 0.0470588 0.5 0 0
14890 0.0040535 0.5 176.625 0.0509804 0.5 0 0
14900 0.00403497 0.625 177.25 0.0509804 0.5 0 0
14910 0.00403497 0.625 177.25 0.0509804 0.5 0 0
14920 0.00423282 0.625 177.875 0.0509804 0.5 0 0
14930 0.00423282 0.625 177.875 0.0509804 0.5 0 0
14940 0.00431477 0.75 178.625 0.0509804 0.5 0 0
14950 0.00431477 0.75 178.625 0.0509804 0.5 0 0
14960 0.00433739 0.75 179.375 0.0509804 0.5 0 0
14970 0.00433739 0.75 179.375 0.0509804 0.5 0 0
14980 0.00434539 0.75 180.125 0.0509804 0.5 0 0
14990 0.00434539 0.75 180.125 0.0509804 0.5 0 0
15000 0.00438735 0.75 180.875 0.0509804 0.5 0 0
15010 0.00438735 0.75 180.875 0.0509804 0.5 0 0
15020 0.00441646 0.625 181.5 0.0509804 0.5 0 0
15030 0.00441646 0.625 181.5 0.0509804 0.5 0 0
15040 0.00436987 0.625 182.125 0.0509804 0.5 0 0
15050 0.00436987 0.625 182.125 0.0470588 0.5 0 0
15060 0.00434677 0.625 182.75 0.0509804 0.5 0 0
15070 0.00434677 0.625 182.75 0.0509804 0.5 0 0
15080 0.00437556 0.75 183.5 0.0509804 0.5 0 0
15090 0.00437556 0.75 183.5 0.0509804 0.5 0 0
15100 0.00440819 0.75 184.25 0.0509804 0.5 0 0
15110 0.00440819 0.75 184.25 0.0470588 0.5 0 0
15120 0.00440637 0.5 184.75 0.0470588 0.5 0 0
15130 0.00440637 0.5 184.75 0.0509804 0.5 0 0
15140 0.00438873 0.5 185.25 0.0509804 0.5 0 0
15150 0.00438873 0.5 185.25 0.054902 0.5 0 0
15160 0.0044085 0.5 185.75 0.0588235 0.5 0 0
15170 0.0044085 0.5 185.75 0.0588235 0.5 0 0
15180 0.00443902 0.5 186.25 0.0588235 0.5 0 0
15190 0.00443902 0.5 186.25 0.054902 0.5 0 0
15200 0.00450915 0.5 186.75 0.054902 0.5 0 0
15210 0.00450915 0.5 186.75 0.0509804 0.5 0 0
15220 0.00452072 0.5 187.25 0.0509804 0.5 0 0
15230 0.00452072 0.5 187.25 0.0509804 0.5 0 0
15240 0.00441819 0.5 187.75 0.0509804 0.5 0 0
15250 0.00441819 0.5 187.75 0.0509804 0.5 0 0
15260 0.00426363 0.5 188.25 0.0470588 0.5 0 0
15270 0.00426363 0.5 188.25 0.0509804 0.5 0 0
15280 0.00416732 0.5 188.75 0.0509804 0.5 0 0
15290 0.00416732 0.5 188.75 0.0509804 0.5 0 0
15300 0.00413918 0.5 189.25 0.054902 0.5 0 0
15310 0.00413918 0.5 189.25 0.054902 0.5 0 0
15320 0.0041761 0.5 189.75 0.054902 0.5 0 0
15330 0.0041761 0.5 189.75 0.0588235 0.5 0 0
15340 0.00417381 0.5 190.25 0.054902 0.5 0 0
15350 0.00417381 0.5 190.25 0.0588235 0.5 0 0
15360 0.00424029 0.5 190.75 0.0627451 0.5 0 0
15370 0.00424029 0.5 190.75 0.0666667 0.5 0 0
15380 0.00425899 0.625 191.375 0.0705882 0.5 0 0
15390 0.00425899 0.625 191.375 0.0666667 0.5 0 0
15400 0.0042291 0.5 191.875 0.0666667 0.5 0 0
15410 0.0042291 0.5 191.875 0.0627451 0.5 0 0
15420 0.00423682 0.5 192.375 0.0588235 0.5 0 0
15430 0.00423682 0.5 192.375 0.0588235 0.5 0 0
15440 0.00429144 0.25 192.625 0.054902 0.5 0 0
15450 0.00429144 0.25 192.625 0.054902 0.5 0 0
15460 0.00428598 0.25 192.875 0.054902 0.5 0 0
15470 0.00428598 0.25 192.875 0.0509804 0.5 0 0
15480 0.00423607 0 192.875 0.0509804 0.5 0 0
15490 0.00423607 0 192.875 0.0509804 0.5 0 0
15500 0.00416549 0 192.875 0.0509804 0.5 0 0
15510 0.00416549 0 192.875 0.0470588 0.5 0 0
15520 0.00411959 0.25 193.125 0.0509804 0.5 0 0
15530 0.00411959 0.25 193.125 0.0509804 0.5 0 0
15540 0.00416802 0.25 193.375 0.0509804 0.5 0 0
15550 0.00416802 0.25 193.375 0.0509804 0.5 0 0
15560 0.00419784 0.25 193.625 0.0509804 0.5 0 0
15570 0.00419784 0.25 193.625 0.0509804 0.5 0 0
15580 0.00412191 0.25 193.875 0.0509804 0.5 0 0
15590 0.00412191 0.25 193.875 0.0509804 0.5 0 0
15600 0.00405495 0.25 194.125 0.0509804 0.5 0 0
15610 0.00405495 0.25 194.125 0.0509804 0.5 0 0
15620 0.00394964 0.25 194.375 0.0509804 0.5 0 0
15630 0.00394964 0.25 194.375 0.0509804 0.5 0 0
15640 0.00389908 0.25 194.625 0.0509804 0.5 0 0
15650 0.00389908 0.25 194.625 0.0470588 0.5 0 0
15660 0.00385442 0.625 195.25 0.0509804 0.5 0 0
15670 0.00385442 0.625 195.25 0.0509804 0.5 0 0
15680 0.0039005 0.625 195.875 0.054902 0.5 0 0
15690 0.0039005 0.625 195.875 0.054902 0.5 0 0
15700 0.0039851 0.625 196.5 0.054902 0.5 0 0
15710 0.0039851 0.625 196.5 0.0588235 0.5 0 0
15720 0.00405132 0.625 197.125 0.054902 0.5 0 0
15730 0.00405132 0.625 197.125 0.0588235 0.5 0 0
15740 0.00410454 0.75 197.875 0.0588235 0.5 0 0
15750 0.00410454 0.75 197.875 0.0588235 0.5 0 0
15760 0.00420684 0.75 198.625 0.0588235 0.5 0 0
15770 0.00420684 0.75 198.625 0.0588235 0.5 0 0
15780 0.00424135 0.25 198.875 0.0588235 0.5 0 0
15790 0.00424135 0.25 198.875 0.054902 0.5 0 0
15800 0.00430599 0.25 199.125 0.054902 0.5 0 0
15810 0.00430599 0.25 199.125 0.054902 0.5 0 0
15820 0.00430248 0.25 199.375 0.054902 0.5 0 0
15830 0.00430248 0.25 199.375 0.054902 0.5 0 0
15840 0.00431396 0 199.375 0.0509804 0.5 0 0
15850 0.00431396 0 199.375 0.0509804 0.5 0 0
15860 0.00433386 0 199.375 0.0509804 0.5 0 0
15870 0.00433386 0 199.375 0.0509804 0.5 0 0
15880 0.00425953 0 199.375 0.0509804 0.5 0 0
15890 0.00425953 0 199.375 0.0509804 0.5 0 0
15900 0.00412423 0 199.375 0.0509804 0.5 0 0
15910 0.00412423 0 199.375 0.0509804 0.5 0 0
15920 0.00410841 0 199.375 0.0509804 0.5 0 0
15930 0.00410841 0 199.375 0.0470588 0.5 0 0
15940 0.00402962 0 199.375 0.0509804 0.5 0 0
15950 0.00402962 0 199.375 0.0470588 0.5 0 0
15960 0.00402207 0 199.375 0.0470588 0.5 0 0
15970 0.00402207 0 199.375 0.0470588 0.5 0 0
15980 0.00408771 0 199.375 0.0470588 0.5 0 0
15990 0.00408771 0 199.375 0.0470588 0.5 0 0
16000 0.00396636 0 199.375 0.0470588 0.5 0 0
16010 0.00396636 0 199.375 0.0509804 0.5 0 0
16020 0.00394611 0 199.375 0.0509804 0.5 0 0
16030 0.00394611 0 199.375 0.0509804 0.5 0 0
16040 0.00396311 0 199.375 0.0470588 0.5 0 0
16050 0.00396311 0 199.375 0.0470588 0.5 0 0
16060 0.00403171 0 199.375 0.0470588 0.5 0 0
16070 0.00403171 0 199.375 0.0509804 0.5 0 0
16080 0.00404712 0 199.375 0.054902 0.5 0 0
16090 0.00404712 0 199.375 0.054902 0.5 0 0
16100 0.00407268 0 199.375 0.054902 0.5 0 0
16110 0.00407268 0 199.375 0.0588235 0.5 0 0
16120 0.00410059 0 199.375 0.054902 0.5 0 0
16130 0.00410059 0 199.375 0.054902 0.5 0 0
16140 0.0041456 0 199.375 0.0509804 0.5 0 0
16150 0.0041456 0 199.375 0.0509804 0.5 0 0
16160 0.0043151 0 199.375 0.0509804 0.5 0 0
16170 0.0043151 0 199.375 0.0509804 0.5 0 0
16180 0.00442492 0 199.375 0.0509804 0.5 0 0
16190 0.00442492 0 199.375 0.0509804 0.5 0 0
16200 0.00438037 0 199.375 0.0509804 0.5 0 0
16210 0.00438037 0 199.375 0.0509804 0.5 0 0
16220 0.004366 0 199.375 0.0509804 0.5 0 0
16230 0.004366 0 199.375 0.0509804 0.5 0 0
16240 0.00449291 0 199.375 0.0509804 0.5 0 0
16250 0.00449291 0 199.375 0.054902 0.5 0 0
16260 0.0045452 0 199.375 0.054902 0.5 0 0
16270 0.0045452 0 199.375 0.054902 0.5 0 0
16280 0.00447653 0 199.375 0.054902 0.5 0 0
16290 0.00447653 0 199.375 0.0509804 0.5 0 0
16300 0.00429051 0 199.375 0.0509804 0.5 0 0
16310 0.00429051 0 199.375 0.0470588 0.5 0 0
16320 0.00418092 0 199.375 0.0470588 0.5 0 0
16330 0.00418092 0 199.375 0.0470588 0.5 0 0
16340 0.00410254 0 199.375 0.0509804 0.5 0 0
16350 0.00410254 0 199.375 0.0509804 0.5 0 0
16360 0.00408269 0 199.375 0.0509804 0.5 0 0
16370 0.00408269 0 199.375 0.054902 0.5 0 0
16380 0.00417278 0 199.375 0.054902 0.5 0 0
16390 0.00417278 0 199.375 0.054902 0.5 0 0
16400 0.00431067 0 199.375 0.0509804 0.5 0 0
16410 0.00431067 0 199.375 0.0509804 0.5 0 0
16420 0.00441534 0 199.375 0.0509804 0.5 0 0
16430 0.00441534 0 199.375 0.0509804 0.5 0 0
16440 0.00443023 0 199.375 0.054902 0.5 0 0
16450 0.00443023 0 199.375 0.054902 0.5 0 0
16460 0.00440546 0 199.375 0.054902 0.5 0 0
16470 0.00440546 0 199.375 0.0509804 0.5 0 0
16480 0.0041822 0 199.375 0.0509804 0.5 0 0
16490 0.0041822 0 199.375 0.0509804 0.5 0 0
16500 0.00410233 0 199.375 0.0470588 0.5 0 0
16510 0.00410233 0 199.375 0.0509804 0.5 0 0
16520 0.00417194 0 199.375 0.0509804 0.5 0 0
16530 0.00417194 0 199.375 0.0509804 0.5 0 0
16540 0.00438874 0 199.375 0.0509804 0.5 0 0
16550 0.00438874 0 199.375 0.054902 0.5 0 0
16560 0.00448631 0 199.375 0.054902 0.5 0 0
16570 0.00448631 0 199.375 0.054902 0.5 0 0
16580 0.00445399 0 199.375 0.0588235 0.5 0 0
16590 0.00445399 0 199.375 0.054902 0.5 0 0
16600 0.0044667 0 199.375 0.054902 0.5 0 0
16610 0.0044667 0 199.375 0.0588235 0.5 0 0
16620 0.00448574 0 199.375 0.0627451 0.5 0 0
16630 0.00448574 0 199.375 0.0666667 0.5 0 0
16640 0.00450019 0 199.375 0.0666667 0.5 0 0
16650 0.00450019 0 199.375 0.0666667 0.5 0 0
16660 0.00449001 0 199.375 0.0666667 0.5 0 0
16670 0.00449001 0 199.375 0.0666667 0.5 0 0
16680 0.00449288 0 199.375 0.0627451 0.5 0 0
16690 0.00449288 0 199.375 0.054902 0.5 0 0
16700 0.00450606 0 199.375 0.054902 0.5 0 0
16710 0.00450606 0 199.375 0.054902 0.5 0 0
16720 0.00447872 0 199.375 0.0509804 0.5 0 0
16730 0.00447872 0 199.375 0.0509804 0.5 0 0
16740 0.00423784 0 199.375 0.0509804 0.5 0 0
16750 0.00423784 0 199.375 0.0509804 0.5 0 0
16760 0.00428715 0 199.375 0.0509804 0.5 0 0
16770 0.00428715 0 199.375 0.0509804 0.5 0 0
16780 0.0042041 0 199.375 0.0509804 0.5 0 0
16790 0.0042041 0 199.375 0.054902 0.5 0 0
16800 0.00418876 0 199.375 0.054902 0.5 0 0
16810 0.00418876 0 199.375 0.054902 0.5 0 0
16820 0.00433656 0 199.375 0.054902 0.5 0 0
16830 0.00433656 0 199.375 0.054902 0.5 0 0
16840 0.00453633 0 199.375 0.0588235 0.5 0 0
16850 0.00453633 0 199.375 0.0588235 0.5 0 0
16860 0.00466528 0 199.375 0.0588235 0.5 0 0
16870 0.00466528 0 199.375 0.0588235 0.5 0 0
16880 0.00473186 0 199.375 0.0588235 0.5 0 0
16890 0.00473186 0 199.375 0.054902 0.5 0 0
16900 0.00464405 0 199.375 0.054902 0.5 0 0
16910 0.00464405 0 199.375 0.054902 0.5 0 0
16920 0.00436311 0 199.375 0.0509804 0.5 0 0
16930 0.00436311 0 199.375 0.0509804 0.5 0 0
16940 0.00427272 0 199.375 0.054902 0.5 0 0
16950 0.00427272 0 199.375 0.054902 0.5 0 0
16960 0.00430016 0 199.375 0.0588235 0.5 0 0
16970 0.00430016 0 199.375 0.0588235 0.5 0 0
16980 0.00435141 0 199.375 0.0588235 0.5 0 0
16990 0.00435141 0 199.375 0.0588235 0.5 0 0
17000 0.00424555 0 199.375 0.054902 0.5 0 0
17010 0.00424555 0 199.375 0.0509804 0.5 0 0
17020 0.00402402 0 199.375 0.0470588 0.5 0 0
17030 0.00402402 0 199.375 0.0509804 0.5 0 0
17040 0.00404976 0 199.375 0.0470588 0.5 0 0
17050 0.00404976 0 199.375 0.0470588 0.5 0 0
17060 0.00398053 0 199.375 0.0509804 0.5 0 0
17070 0.00398053 0 199.375 0.0470588 0.5 0 0
17080 0.00386036 0 199.375 0.0509804 0.5 0 0
17090 0.00386036 0 199.375 0.0470588 0.5 0 0
17100 0.00384544 0 199.375 0.0509804 0.5 0 0
17110 0.00384544 0 199.375 0.0509804 0.5 0 0
17120 0.00392478 0 199.375 0.0470588 0.5 0 0
17130 0.00392478 0 199.375 0.0509804 0.5 0 0
17140 0.00397851 0 199.375 0.0509804 0.5 0 0
17150 0.00397851 0 199.375 0.0509804 0.5 0 0
17160 0.00384832 0 199.375 0.054902 0.5 0 0
17170 0.00384832 0 199.375 0.0509804 0.5 0 0
17180 0.00380822 0 199.375 0.0509804 0.5 0 0
17190 0.00380822 0 199.375 0.0470588 0.5 0 0
17200 0.00391844 0 199.375 0.0470588 0.5 0 0
17210 0.00391844 0 199.375 0.0470588 0.5 0 0
17220 0.00392535 0 199.375 0.0509804 0.5 0 0
17230 0.00392535 0 199.375 0.054902 0.5 0 0
17240 0.00394002 0 199.375 0.0588235 0.5 0 0
17250 0.00394002 0 199.375 0.0588235 0.5 0 0
17260 0.00403248 0 199.375 0.0588235 0.5 0 0
17270 0.00403248 0 199.375 0.0588235 0.5 0 0
17280 0.00404465 0 199.375 0.0588235 0.5 0 0
17290 0.00404465 0 199.375 0.0627451 0.5 0 0
17300 0.00406842 0 199.375 0.0588235 0.5 0 0
17310 0.00406842 0 199.375 0.054902 0.5 0 0
17320 0.00411366 0 199.375 0.0588235 0.5 0 0
17330 0.00411366 0 199.375 0.0588235 0.5 0 0
17340 0.00413845 0 199.375 0.0588235 0.5 0 0
17350 0.00413845 0 199.375 0.0627451 0.5 0 0
17360 0.0041409 0 199.375 0.0627451 0.5 0 0
17370 0.0041409 0 199.375 0.0666667 0.5 0 0
17380 0.00412381 0 199.375 0.0666667 0.5 0 0
17390 0.00412381 0 199.375 0.0666667 0.5 0 0
17400 0.00406131 0 199.375 0.0627451 0.5 0 0
17410 0.00406131 0 199.375 0.0588235 0.5 0 0
17420 0.00407987 0 199.375 0.0588235 0.5 0 0
17430 0.00407987 0 199.375 0.0588235 0.5 0 0
17440 0.00418086 0 199.375 0.0588235 0.5 0 0
17450 0.00418086 0 199.375 0.0588235 0.5 0 0
17460 0.00431811 0.25 199.625 0.0588235 0.5 0 0
17470 0.00431811 0.25 199.625 0.054902 0.5 0 0
17480 0.00437565 0.25 199.875 0.054902 0.5 0 0
17490 0.00437565 0.25 199.875 0.054902 0.5 0 0
17500 0.00436206 0.375 200.25 0.0588235 0.5 0 0
17510 0.00436206 0.375 200.25 0.0588235 0.5 0 0
17520 0.00439855 0.375 200.625 0.054902 0.5 0 0
17530 0.00439855 0.375 200.625 0.054902 0.5 0 0
17540 0.00447678 0.375 201 0.054902 0.5 0 0
17550 0.00447678 0.375 201 0.054902 0.5 0 0
17560 0.00452215 0.375 201.375 0.054902 0.5 0 0
17570 0.00452215 0.375 201.375 0.054902 0.5 0 0
17580 0.00461376 0.5 201.875 0.054902 0.5 0 0
17590 0.00461376 0.5 201.875 0.054902 0.5 0 0
17600 0.00465659 0.5 202.375 0.0509804 0.5 0 0
17610 0.00465659 0.5 202.375 0.054902 0.5 0 0
17620 0.00464643 0.5 202.875 0.0509804 0.5 0 0
17630 0.00464643 0.5 202.875 0.0509804 0.5 0 0
17640 0.00465917 0.625 203.5 0.0509804 0.5 0 0
17650 0.00465917 0.625 203.5 0.0509804 0.5 0 0
17660 0.00466046 0.625 204.125 0.0509804 0.5 0 0
17670 0.00466046 0.625 204.125 0.054902 0.5 0 0
17680 0.00464467 0.625 204.75 0.0509804 0.5 0 0
17690 0.00464467 0.625 204.75 0.0509804 0.5 0 0
17700 0.00463592 0.5 205.25 0.0509804 0.5 0 0
17710 0.00463592 0.5 205.25 0.0509804 0.5 0 0
17720 0.00457607 0.5 205.75 0.0509804 0.5 0 0
17730 0.00457607 0.5 205.75 0.0509804 0.5 0 0
17740 0.00450614 0.5 206.25 0.054902 0.5 0 0
17750 0.00450614 0.5 206.25 0.0509804 0.5 0 0
17760 0.00444473 0.625 206.875 0.054902 0.5 0 0
17770 0.00444473 0.625 206.875 0.054902 0.5 0 0
17780 0.00441281 0.625 207.5 0.054902 0.5 0 0
17790 0.00441281 0.625 207.5 0.0509804 0.5 0 0
17800 0.00430887 0.5 208 0.0509804 0.5 0 0
17810 0.00430887 0.5 208 0.0509804 0.5 0 0
17820 0.00426131 0.5 208.5 0.0509804 0.5 0 0
17830 0.00426131 0.5 208.5 0.0509804 0.5 0 0
17840 0.00429929 0.5 209 0.0509804 0.5 0 0
17850 0.00429929 0.5 209 0.0509804 0.5 0 0
17860 0.00426185 0 209 0.0509804 0.5 0 0
17870 0.00426185 0 209 0.0509804 0.5 0 0
17880 0.00424922 0 209 0.0509804 0.5 0 0
17890 0.00424922 0 209 0.0509804 0.5 0 0
17900 0.00429565 0 209 0.0509804 0.5 0 0
17910 0.00429565 0 209 0.054902 0.5 0 0
17920 0.00432104 0 209 0.054902 0.5 0 0
17930 0.00432104 0 209 0.054902 0.5 0 0
17940 0.00432088 0 209 0.054902 0.5 0 0
17950 0.00432088 0 209 0.0588235 0.5 0 0
17960 0.00426432 0 209 0.0588235 0.5 0 0
17970 0.00426432 0 209 0.0588235 0.5 0 0
17980 0.0042271 0 209 0.0588235 0.5 0 0
17990 0.0042271 0 209 0.0588235 0.5 0 0
18000 0.00412663 0 209 0.054902 0.5 0 0
18010 0.00412663 0 209 0.054902 0.5 0 0
18020 0.00404686 0 209 0.0470588 0.5 0 0
18030 0.00404686 0 209 0.0509804 0.5 0 0
18040 0.00412578 0.25 209.25 0.0470588 0.5 0 0
18050 0.00412578 0.25 209.25 0.0509804 0.5 0 0
18060 0.00408517 0.25 209.5 0.0509804 0.5 0 0
18070 0.00408517 0.25 209.5 0.0509804 0.5 0 0
18080 0.00406544 0.25 209.75 0.0509804 0.5 0 0
18090 0.00406544 0.25 209.75 0.0509804 0.5 0 0
18100 0.0039639 0.25 210 0.0509804 0.5 0 0
18110 0.0039639 0.25 210 0.0470588 0.5 0 0
18120 0.00372127 0.25 210.25 0.0509804 0.5 0 0
18130 0.00372127 0.25 210.25 0.0509804 0.5 0 0
18140 0.00366694 0.375 210.625 0.0509804 0.5 0 0
18150 0.00366694 0.375 210.625 0.0509804 0.5 0 0
18160 0.0037606 0.25 210.875 0.0509804 0.5 0 0
18170 0.0037606 0.25 210.875 0.0509804 0.5 0 0
18180 0.00383326 0.25 211.125 0.0470588 0.5 0 0
18190 0.00383326 0.25 211.125 0.0470588 0.5 0 0
18200 0.00398167 0.375 211.5 0.0470588 0.5 0 0
18210 0.00398167 0.375 211.5 0.0470588 0.5 0 0
18220 0.00404794 0.625 212.125 0.0509804 0.5 0 0
18230 0.00404794 0.625 212.125 0.0509804 0.5 0 0
18240 0.00419015 0.625 212.75 0.054902 0.5 0 0
18250 0.00419015 0.625 212.75 0.054902 0.5 0 0
18260 0.00433505 0.5 213.25 0.054902 0.5 0 0
18270 0.00433505 0.5 213.25 0.054902 0.5 0 0
18280 0.00440725 0.5 213.75 0.054902 0.5 0 0
18290 0.00440725 0.5 213.75 0.054902 0.5 0 0
18300 0.00447074 0.5 214.25 0.054902 0.5 0 0
18310 0.00447074 0.5 214.25 0.054902 0.5 0 0
18320 0.00441033 0 214.25 0.054902 0.5 0 0
18330 0.00441033 0 214.25 0.054902 0.5 0 0
18340 0.00431222 0 214.25 0.054902 0.5 0 0
18350 0.00431222 0 214.25 0.054902 0.5 0 0
18360 0.00425663 0 214.25 0.054902 0.5 0 0
18370 0.00425663 0 214.25 0.054902 0.5 0 0
18380 0.00424177 0 214.25 0.054902 0.5 0 0
18390 0.00424177 0 214.25 0.054902 0.5 0 0
18400 0.00416469 0 214.25 0.0509804 0.5 0 0
18410 0.00416469 0 214.25 0.0509804 0.5 0 0
18420 0.00412671 0 214.25 0.054902 0.5 0 0
18430 0.00412671 0 214.25 0.0509804 0.5 0 0
18440 0.00424034 0 214.25 0.0509804 0.5 0 0
18450 0.00424034 0 214.25 0.0509804 0.5 0 0
18460 0.00434154 0 214.25 0.054902 0.5 0 0
18470 0.00434154 0 214.25 0.054902 0.5 0 0
18480 0.0044024 0 214.25 0.054902 0.5 0 0
18490 0.0044024 0 214.25 0.0588235 0.5 0 0
18500 0.00444824 0 214.25 0.0588235 0.5 0 0
18510 0.00444824 0 214.25 0.0588235 0.5 0 0
18520 0.00448515 0 214.25 0.0588235 0.5 0 0
18530 0.00448515 0 214.25 0.054902 0.5 0 0
18540 0.00448441 0 214.25 0.0588235 0.5 0 0
18550 0.00448441 0 214.25 0.054902 0.5 0 0
18560 0.00444612 0 214.25 0.0509804 0.5 0 0
18570 0.00444612 0 214.25 0.054902 0.5 0 0
18580 0.0045138 0 214.25 0.0509804 0.5 0 0
18590 0.0045138 0 214.25 0.0509804 0.5 0 0
18600 0.00436683 0 214.25 0.0509804 0.5 0 0
18610 0.00436683 0 214.25 0.0509804 0.5 0 0
18620 0.00439901 0 214.25 0.054902 0.5 0 0
18630 0.00439901 0 214.25 0.0588235 0.5 0 0
18640 0.00443565 0 214.25 0.054902 0.5 0 0
18650 0.00443565 0 214.25 0.054902 0.5 0 0
18660 0.00445528 0 214.25 0.0588235 0.5 0 0
18670 0.00445528 0 214.25 0.054902 0.5 0 0
18680 0.00438259 0 214.25 0.054902 0.5 0 0
18690 0.00438259 0 214.25 0.0470588 0.5 0 0
18700 0.00428105 0 214.25 0.0509804 0.5 0 0
18710 0.00428105 0 214.25 0.0509804 0.5 0 0
18720 0.00427849 0 214.25 0.0509804 0.5 0 0
18730 0.00427849 0 214.25 0.0509804 0.5 0 0
18740 0.00425835 0 214.25 0.0509804 0.5 0 0
18750 0.00425835 0 214.25 0.054902 0.5 0 0
18760 0.00423838 0 214.25 0.054902 0.5 0 0
18770 0.00423838 0 214.25 0.054902 0.5 0 0
18780 0.00430767 0 214.25 0.054902 0.5 0 0
18790 0.00430767 0 214.25 0.0509804 0.5 0 0
18800 0.00430268 0 214.25 0.0509804 0.5 0 0
18810 0.00430268 0 214.25 0.0509804 0.5 0 0
18820 0.00442435 0 214.25 0.0509804 0.5 0 0
18830 0.00442435 0 214.25 0.0509804 0.5 0 0
18840 0.00440383 0 214.25 0.0509804 0.5 0 0
18850 0.00440383 0 214.25 0.054902 0.5 0 0
18860 0.00420577 0 214.25 0.054902 0.5 0 0
18870 0.00420577 0 214.25 0.0588235 0.5 0 0
18880 0.0042225 0 214.25 0.054902 0.5 0 0
18890 0.0042225 0 214.25 0.054902 0.5 0 0
18900 0.00424737 0 214.25 0.0588235 0.5 0 0
18910 0.00424737 0 214.25 0.0588235 0.5 0 0
18920 0.00427632 0 214.25 0.0588235 0.5 0 0
18930 0.00427632 0 214.25 0.0666667 0.5 0 0
18940 0.00426577 0 214.25 0.0627451 0.5 0 0
18950 0.00426577 0 214.25 0.0627451 0.5 0 0
18960 0.00424825 0 214.25 0.0627451 0.5 0 0
18970 0.00424825 0 214.25 0.0627451 0.5 0 0
18980 0.00423571 0 214.25 0.0627451 0.5 0 0
18990 0.00423571 0 214.25 0.0588235 0.5 0 0
19000 0.00435926 0 214.25 0.0588235 0.5 0 0
19010 0.00435926 0 214.25 0.0588235 0.5 0 0
19020 0.00433709 0 214.25 0.0509804 0.5 0 0
19030 0.00433709 0 214.25 0.054902 0.5 0 0
19040 0.00443377 0 214.25 0.054902 0.5 0 0
19050 0.00443377 0 214.25 0.0588235 0.5 0 0
19060 0.00453861 0 214.25 0.0627451 0.5 0 0
19070 0.00453861 0 214.25 0.0627451 0.5 0 0
19080 0.00459682 0 214.25 0.0666667 0.5 0 0
19090 0.00459682 0 214.25 0.0627451 0.5 0 0
19100 0.00461684 0 214.25 0.0627451 0.5 0 0
19110 0.00461684 0 214.25 0.0627451 0.5 0 0
19120 0.0046706 0 214.25 0.0627451 0.5 0 0
19130 0.0046706 0 214.25 0.0588235 0.5 0 0
19140 0.00490652 0 214.25 0.0588235 0.5 0 0
19150 0.00490652 0 214.25 0.0588235 0.5 0 0
19160 0.00505198 0 214.25 0.0588235 0.5 0 0
19170 0.00505198 0 214.25 0.0588235 0.5 0 0
19180 0.00509646 0 214.25 0.0588235 0.5 0 0
19190 0.00509646 0 214.25 0.054902 0.5 0 0
19200 0.0048657 0 214.25 0.054902 0.5 0 0
19210 0.0048657 0 214.25 0.054902 0.5 0 0
19220 0.00474579 0 214.25 0.054902 0.5 0 0
19230 0.00474579 0 214.25 0.0588235 0.5 0 0
19240 0.00480088 0 214.25 0.0588235 0.5 0 0
19250 0.00480088 0 214.25 0.0588235 0.5 0 0
19260 0.00473286 0 214.25 0.0627451 0.5 0 0
19270 0.00473286 0 214.25 0.0588235 0.5 0 0
19280 0.0046228 0 214.25 0.0588235 0.5 0 0
19290 0.0046228 0 214.25 0.054902 0.5 0 0
19300 0.00455919 0 214.25 0.054902 0.5 0 0
19310 0.00455919 0 214.25 0.054902 0.5 0 0
19320 0.0046037 0 214.25 0.054902 0.5 0 0
19330 0.0046037 0 214.25 0.054902 0.5 0 0
19340 0.00473258 0 214.25 0.0588235 0.5 0 0
19350 0.00473258 0 214.25 0.0588235 0.5 0 0
19360 0.00470294 0 214.25 0.054902 0.5 0 0
19370 0.00470294 0 214.25 0.054902 0.5 0 0
19380 0.00461655 0 214.25 0.054902 0.5 0 0
19390 0.00461655 0 214.25 0.054902 0.5 0 0
19400 0.00451092 0 214.25 0.054902 0.5 0 0
19410 0.00451092 0 214.25 0.0509804 0.5 0 0
19420 0.00447892 0 214.25 0.054902 0.5 0 0
19430 0.00447892 0 214.25 0.0509804 0.5 0 0
19440 0.00445832 0 214.25 0.0509804 0.5 0 0
19450 0.00445832 0 214.25 0.0509804 0.5 0 0
19460 0.00446152 0 214.25 0.0509804 0.5 0 0
19470 0.00446152 0 214.25 0.0509804 0.5 0 0
19480 0.00436935 0 214.25 0.0509804 0.5 0 0
19490 0.00436935 0 214.25 0.054902 0.5 0 0
19500 0.00423828 0 214.25 0.054902 0.5 0 0
19510 0.00423828 0 214.25 0.054902 0.5 0 0
19520 0.00427439 0 214.25 0.054902 0.5 0 0
19530 0.00427439 0 214.25 0.054902 0.5 0 0
19540 0.00431577 0 214.25 0.054902 0.5 0 0
19550 0.00431577 0 214.25 0.0509804 0.5 0 0
19560 0.00429294 0 214.25 0.0509804 0.5 0 0
19570 0.00429294 0 214.25 0.0509804 0.5 0 0
19580 0.00438575 0 214.25 0.0509804 0.5 0 0
19590 0.00438575 0 214.25 0.054902 0.5 0 0
19600 0.0044993 0 214.25 0.054902 0.5 0 0
19610 0.0044993 0 214.25 0.054902 0.5 0 0
19620 0.00462042 0 214.25 0.0588235 0.5 0 0
19630 0.00462042 0 214.25 0.0588235 0.5 0 0
19640 0.00463829 0 214.25 0.054902 0.5 0 0
19650 0.00463829 0 214.25 0.054902 0.5 0 0
19660 0.00472663 0 214.25 0.054902 0.5 0 0
19670 0.00472663 0 214.25 0.054902 0.5 0 0
19680 0.00482228 0 214.25 0.054902 0.5 0 0
19690 0.00482228 0 214.25 0.0588235 0.5 0 0
19700 0.0046658 0 214.25 0.054902 0.5 0 0
19710 0.0046658 0 214.25 0.054902 0.5 0 0
19720 0.00436152 0 214.25 0.0509804 0.5 0 0
19730 0.00436152 0 214.25 0.0509804 0.5 0 0
19740 0.00451435 0 214.25 0.0509804 0.5 0 0
19750 0.00451435 0 214.25 0.0509804 0.5 0 0
19760 0.00455938 0 214.25 0.0509804 0.5 0 0
19770 0.00455938 0 214.25 0.0509804 0.5 0 0
19780 0.0045474 0 214.25 0.0509804 0.5 0 0
19790 0.0045474 0 214.25 0.0509804 0.5 0 0
19800 0.0044494 0 214.25 0.0509804 0.5 0 0
19810 0.0044494 0 214.25 0.0509804 0.5 0 0
19820 0.00454219 0 214.25 0.0509804 0.5 0 0
19830 0.00454219 0 214.25 0.054902 0.5 0 0
19840 0.00455626 0 214.25 0.054902 0.5 0 0
19850 0.00455626 0 214.25 0.054902 0.5 0 0
19860 0.004547 0 214.25 0.054902 0.5 0 0
19870 0.004547 0 214.25 0.054902 0.5 0 0
19880 0.00442632 0 214.25 0.0509804 0.5 0 0
19890 0.00442632 0 214.25 0.0509804 0.5 0 0
19900 0.00435032 0 214.25 0.0509804 0.5 0 0
19910 0.00435032 0 214.25 0.0509804 0.5 0 0
19920 0.00425012 0 214.25 0.0509804 0.5 0 0
19930 0.00425012 0 214.25 0.0509804 0.5 0 0
19940 0.00421142 0 214.25 0.0470588 0.5 0 0
19950 0.00421142 0 214.25 0.0470588 0.5 0 0
19960 0.00413556 0 214.25 0.0509804 0.5 0 0
19970 0.00413556 0 214.25 0.0509804 0.5 0 0
19980 0.00411858 0 214.25 0.0509804 0.5 0 0
19990 0.00411858 0 214.25 0.0509804 0.5 0 0
20000 0.00412026 0 214.25 0.054902 0.5 0 0
20010 0.00412026 0 214.25 0.054902 0.5 0 0
