0 0.0844791 0 0 0.5 0.5 0 0
10 0.0844791 0 0 0.694118 0.5 0 0
20 0.0841173 0.375 0.375 0.686275 0.5 0 0
30 0.0841173 0.375 0.375 0.670588 0.5 0 0
40 0.0847661 0.375 0.75 0.67451 0.5 0 0
50 0.0847661 0.375 0.75 0.690196 0.5 0 0
60 0.0846321 0.375 1.125 0.796078 0.5 0 0
70 0.0846321 0.375 1.125 0.686275 0.5 0 0
80 0.0845902 0.4375 1.5625 0.788235 0.5 0 0
90 0.0845902 0.4375 1.5625 0.686275 0.5 0 0
100 0.0842061 0.5 2.0625 0.647059 0.5 0 0
110 0.0842061 0.5 2.0625 0.627451 0.5 0 0
120 0.0847192 0.4375 2.5 0.796078 0.5 0 0
130 0.0847192 0.4375 2.5 0.682353 0.5 0 0
140 0.0847633 0.5625 3.0625 0.780392 0.5 0 0
150 0.0847633 0.5625 3.0625 0.792157 0.5 0 0
160 0.0846049 0.625 3.6875 0.686275 0.5 0 0
170 0.0846049 0.625 3.6875 0.8 0.5 0 0
180 0.0844875 0.5 4.1875 0.788235 0.5 0 0
190 0.0844875 0.5 4.1875 0.662745 0.5 0 0
200 0.0843563 0.375 4.5625 0.792157 0.5 0 0
210 0.0843563 0.375 4.5625 0.705882 0.5 0 0
220 0.0841755 0.375 4.9375 0.654902 0.5 0 0
230 0.0841755 0.375 4.9375 0.839216 0.5 0 0
240 0.083973 0.375 5.3125 0.780392 0.5 0 0
250 0.083973 0.375 5.3125 0.654902 0.5 0 0
260 0.0838743 0.25 5.5625 0.705882 0.5 0 0
270 0.0838743 0.25 5.5625 0.780392 0.5 0 0
280 0.0836888 0.25 5.8125 0.635294 0.5 0 0
290 0.0836888 0.25 5.8125 0.694118 0.5 0 0
300 0.0835272 0.25 6.0625 0.686275 0.5 0 0
310 0.0835272 0.25 6.0625 0.796078 0.5 0 0
320 0.0834414 0.25 6.3125 0.635294 0.5 0 0
330 0.0834414 0.25 6.3125 0.788235 0.5 0 0
340 0.0833869 0.25 6.5625 0.670588 0.5 0 0
350 0.0833869 0.25 6.5625 0.780392 0.5 0 0
360 0.083331 0.1875 6.75 0.670588 0.5 0 0
370 0.083331 0.1875 6.75 0.72549 0.5 0 0
380 0.0830894 0.25 7 0.662745 0.5 0 0
390 0.0830894 0.25 7 0.792157 0.5 0 0
400 0.0826492 0.25 7.25 0.839216 0.5 0 0
410 0.0826492 0.25 7.25 0.701961 0.5 0 0
420 0.0826108 0.3125 7.5625 0.788235 0.5 0 0
430 0.0826108 0.3125 7.5625 0.796078 0.5 0 0
440 0.0826007 0.3125 7.875 0.839216 0.5 0 0
450 0.0826007 0.3125 7.875 0.721569 0.5 0 0
460 0.0825674 0.3125 8.1875 0.74902 0.5 0 0
470 0.0825674 0.3125 8.1875 0.647059 0.5 0 0
480 0.0825674 0.3125 8.5 0.67451 0.5 0 0
490 0.0825674 0.3125 8.5 0.792157 0.5 0 0
500 0.0819333 0.3125 8.8125 0.658824 0.5 0 0
510 0.0819333 0.3125 8.8125 0.686275 0.5 0 0
520 0.081647 0.3125 9.125 0.8 0.5 0 0
530 0.081647 0.3125 9.125 0.721569 0.5 0 0
540 0.081446 0.3125 9.4375 0.729412 0.5 0 0
550 0.081446 0.3125 9.4375 0.639216 0.5 0 0
560 0.0818334 0.25 9.6875 0.721569 0.5 0 0
570 0.0818334 0.25 9.6875 0.666667 0.5 0 0
580 0.0821687 0.3125 10 0.596078 0.5 0 0
590 0.0821687 0.3125 10 0.556863 0.5 0 0
600 0.0820173 0.375 10.375 0.529412 0.5 0 0
610 0.0820173 0.375 10.375 0.533333 0.5 0 0
620 0.0812462 0.375 10.75 0.529412 0.5 0 0
630 0.0812462 0.375 10.75 0.529412 0.5 0 0
640 0.0811511 0.375 11.125 0.529412 0.5 0 0
650 0.0811511 0.375 11.125 0.52549 0.5 0 0
660 0.0815208 0.25 11.375 0.517647 0.5 0 0
670 0.0815208 0.25 11.375 0.513725 0.5 0 0
680 0.0818117 0.3125 11.6875 0.517647 0.5 0 0
690 0.0818117 0.3125 11.6875 0.513725 0.5 0 0
700 0.0820911 0.375 12.0625 0.517647 0.5 0 0
710 0.0820911 0.375 12.0625 0.513725 0.5 0 0
720 0.0824594 0.375 12.4375 0.509804 0.5 0 0
730 0.0824594 0.375 12.4375 0.498039 0.5 0 0
740 0.0824224 0.375 12.8125 0.490196 0.5 0 0
750 0.0824224 0.375 12.8125 0.486275 0.5 0 0
760 0.0821336 0.4375 13.25 0.482353 0.5 0 0
770 0.0821336 0.4375 13.25 0.482353 0.5 0 0
780 0.0819743 0.4375 13.6875 0.482353 0.5 0 0
790 0.0819743 0.4375 13.6875 0.482353 0.5 0 0
800 0.0819068 0.5625 14.25 0.482353 0.5 0 0
810 0.0819068 0.5625 14.25 0.486275 0.5 0 0
820 0.0818532 0.5625 14.8125 0.482353 0.5 0 0
830 0.0818532 0.5625 14.8125 0.482353 0.5 0 0
840 0.0818204 0.5625 15.375 0.482353 0.5 0 0
850 0.0818204 0.5625 15.375 0.482353 0.5 0 0
860 0.0817975 0.5625 15.9375 0.482353 0.5 0 0
870 0.0817975 0.5625 15.9375 0.482353 0.5 0 0
880 0.081767 0.5625 16.5 0.482353 0.5 0 0
890 0.081767 0.5625 16.5 0.482353 0.5 0 0
900 0.0816926 0.5 17 0.478431 0.5 0 0
910 0.0816926 0.5 17 0.478431 0.5 0 0
920 0.0818458 0.5 17.5 0.482353 0.5 0 0
930 0.0818458 0.5 17.5 0.478431 0.5 0 0
940 0.0818413 0.3125 17.8125 0.478431 0.5 0 0
950 0.0818413 0.3125 17.8125 0.478431 0.5 0 0
960 0.0817372 0.3125 18.125 0.47451 0.5 0 0
970 0.0817372 0.3125 18.125 0.478431 0.5 0 0
980 0.0816399 0.5 18.625 0.478431 0.5 0 0
990 0.0816399 0.5 18.625 0.478431 0.5 0 0
1000 0.0815887 0.5625 19.1875 0.47451 0.5 0 0
1010 0.0815887 0.5625 19.1875 0.47451 0.5 0 0
1020 0.08157 0.5625 19.75 0.47451 0.5 0 0
1030 0.08157 0.5625 19.75 0.478431 0.5 0 0
1040 0.0815164 0.625 20.375 0.478431 0.5 0 0
1050 0.0815164 0.625 20.375 0.478431 0.5 0 0
1060 0.0813653 0.8125 21.1875 0.47451 0.5 0 0
1070 0.0813653 0.8125 21.1875 0.478431 0.5 0 0
1080 0.0813145 0.75 21.9375 0.478431 0.5 0 0
1090 0.0813145 0.75 21.9375 0.47451 0.5 0 0
1100 0.081282 0.8125 22.75 0.47451 0.5 0 0
1110 0.081282 0.8125 22.75 0.478431 0.5 0 0
1120 0.0812476 0.5625 23.3125 0.478431 0.5 0 0
1130 0.0812476 0.5625 23.3125 0.478431 0.5 0 0
1140 0.0811874 0.5625 23.875 0.47451 0.5 0 0
1150 0.0811874 0.5625 23.875 0.478431 0.5 0 0
1160 0.0811634 0.6875 24.5625 0.47451 0.5 0 0
1170 0.0811634 0.6875 24.5625 0.478431 0.5 0 0
1180 0.0811473 0.6875 25.25 0.47451 0.5 0 0
1190 0.0811473 0.6875 25.25 0.478431 0.5 0 0
1200 0.0811652 0.625 25.875 0.47451 0.5 0 0
1210 0.0811652 0.625 25.875 0.478431 0.5 0 0
1220 0.081348 0.625 26.5 0.478431 0.5 0 0
1230 0.081348 0.625 26.5 0.478431 0.5 0 0
1240 0.0814918 0.6875 27.1875 0.478431 0.5 0 0
1250 0.0814918 0.6875 27.1875 0.478431 0.5 0 0
1260 0.0815568 0.75 27.9375 0.478431 0.5 0 0
1270 0.0815568 0.75 27.9375 0.478431 0.5 0 0
1280 0.0815871 0.8125 28.75 0.478431 0.5 0 0
1290 0.0815871 0.8125 28.75 0.47451 0.5 0 0
1300 0.0816113 0.8125 29.5625 0.478431 0.5 0 0
1310 0.0816113 0.8125 29.5625 0.478431 0.5 0 0
1320 0.0816354 0.8125 30.375 0.478431 0.5 0 0
1330 0.0816354 0.8125 30.375 0.478431 0.5 0 0
1340 0.0816666 0.8125 31.1875 0.478431 0.5 0 0
1350 0.0816666 0.8125 31.1875 0.478431 0.5 0 0
1360 0.0812822 0.8125 32 0.478431 0.5 0 0
1370 0.0812822 0.8125 32 0.478431 0.5 0 0
1380 0.0813483 0.75 32.75 0.478431 0.5 0 0
1390 0.0813483 0.75 32.75 0.47451 0.5 0 0
1400 0.0813911 0.75 33.5 0.478431 0.5 0 0
1410 0.0813911 0.75 33.5 0.47451 0.5 0 0
1420 0.0813804 0.75 34.25 0.47451 0.5 0 0
1430 0.0813804 0.75 34.25 0.478431 0.5 0 0
1440 0.0814112 0.75 35 0.470588 0.5 0 0
1450 0.0814112 0.75 35 0.47451 0.5 0 0
1460 0.081395 0.75 35.75 0.470588 0.5 0 0
1470 0.081395 0.75 35.75 0.470588 0.5 0 0
1480 0.0813983 0.6875 36.4375 0.47451 0.5 0 0
1490 0.0813983 0.6875 36.4375 0.47451 0.5 0 0
1500 0.0814177 0.6875 37.125 0.470588 0.5 0 0
1510 0.0814177 0.6875 37.125 0.470588 0.5 0 0
1520 0.0814395 0.6875 37.8125 0.470588 0.5 0 0
1530 0.0814395 0.6875 37.8125 0.470588 0.5 0 0
1540 0.0815831 0.625 38.4375 0.470588 0.5 0 0
1550 0.0815831 0.625 38.4375 0.470588 0.5 0 0
1560 0.0816684 0.75 39.1875 0.470588 0.5 0 0
1570 0.0816684 0.75 39.1875 0.470588 0.5 0 0
1580 0.0816612 0.75 39.9375 0.466667 0.5 0 0
1590 0.0816612 0.75 39.9375 0.466667 0.5 0 0
1600 0.0817528 0.75 40.6875 0.466667 0.5 0 0
1610 0.0817528 0.75 40.6875 0.466667 0.5 0 0
1620 0.0817695 0.75 41.4375 0.466667 0.5 0 0
1630 0.0817695 0.75 41.4375 0.466667 0.5 0 0
1640 0.0817911 0.75 42.1875 0.466667 0.5 0 0
1650 0.0817911 0.75 42.1875 0.466667 0.5 0 0
1660 0.0817679 0.625 42.8125 0.466667 0.5 0 0
1670 0.0817679 0.625 42.8125 0.466667 0.5 0 0
1680 0.0817411 0.8125 43.625 0.466667 0.5 0 0
1690 0.0817411 0.8125 43.625 0.462745 0.5 0 0
1700 0.0817355 0.8125 44.4375 0.462745 0.5 0 0
1710 0.0817355 0.8125 44.4375 0.462745 0.5 0 0
1720 0.0817217 0.8125 45.25 0.462745 0.5 0 0
1730 0.0817217 0.8125 45.25 0.462745 0.5 0 0
1740 0.0817429 0.8125 46.0625 0.462745 0.5 0 0
1750 0.0817429 0.8125 46.0625 0.462745 0.5 0 0
1760 0.0817621 0.75 46.8125 0.462745 0.5 0 0
1770 0.0817621 0.75 46.8125 0.462745 0.5 0 0
1780 0.0816787 0.75 47.5625 0.462745 0.5 0 0
1790 0.0816787 0.75 47.5625 0.462745 0.5 0 0
1800 0.0815811 0.75 48.3125 0.462745 0.5 0 0
1810 0.0815811 0.75 48.3125 0.462745 0.5 0 0
1820 0.0815735 0.75 49.0625 0.462745 0.5 0 0
1830 0.0815735 0.75 49.0625 0.462745 0.5 0 0
1840 0.0815578 0.75 49.8125 0.462745 0.5 0 0
1850 0.0815578 0.75 49.8125 0.462745 0.5 0 0
1860 0.0814578 0.75 50.5625 0.462745 0.5 0 0
1870 0.0814578 0.75 50.5625 0.462745 0.5 0 0
1880 0.0814043 0.75 51.3125 0.458824 0.5 0 0
1890 0.0814043 0.75 51.3125 0.462745 0.5 0 0
1900 0.0814342 0.75 52.0625 0.458824 0.5 0 0
1910 0.0814342 0.75 52.0625 0.462745 0.5 0 0
1920 0.0814855 0.75 52.8125 0.458824 0.5 0 0
1930 0.0814855 0.75 52.8125 0.462745 0.5 0 0
1940 0.0815333 0.6875 53.5 0.458824 0.5 0 0
1950 0.0815333 0.6875 53.5 0.462745 0.5 0 0
1960 0.0815677 0.75 54.25 0.458824 0.5 0 0
1970 0.0815677 0.75 54.25 0.462745 0.5 0 0
1980 0.0815606 0.75 55 0.458824 0.5 0 0
1990 0.0815606 0.75 55 0.458824 0.5 0 0
2000 0.081566 0.75 55.75 0.458824 0.5 0 0
2010 0.081566 0.75 55.75 0.458824 0.5 0 0
2020 0.0815672 0.75 56.5 0.458824 0.5 0 0
2030 0.0815672 0.75 56.5 0.458824 0.5 0 0
2040 0.0815772 0.625 57.125 0.458824 0.5 0 0
2050 0.0815772 0.625 57.125 0.458824 0.5 0 0
2060 0.081592 0.625 57.75 0.458824 0.5 0 0
2070 0.081592 0.625 57.75 0.458824 0.5 0 0
2080 0.0816217 0.625 58.375 0.458824 0.5 0 0
2090 0.0816217 0.625 58.375 0.458824 0.5 0 0
2100 0.0816455 0.625 59 0.458824 0.5 0 0
2110 0.0816455 0.625 59 0.458824 0.5 0 0
2120 0.0816645 0.625 59.625 0.458824 0.5 0 0
2130 0.0816645 0.625 59.625 0.458824 0.5 0 0
2140 0.0816668 0.625 60.25 0.458824 0.5 0 0
2150 0.0816668 0.625 60.25 0.454902 0.5 0 0
2160 0.0816259 0.625 60.875 0.458824 0.5 0 0
2170 0.0816259 0.625 60.875 0.454902 0.5 0 0
2180 0.0815739 0.625 61.5 0.454902 0.5 0 0
2190 0.0815739 0.625 61.5 0.454902 0.5 0 0
2200 0.0815282 0.625 62.125 0.454902 0.5 0 0
2210 0.0815282 0.625 62.125 0.454902 0.5 0 0
2220 0.0815208 0.625 62.75 0.454902 0.5 0 0
2230 0.0815208 0.625 62.75 0.454902 0.5 0 0
2240 0.081544 0.625 63.375 0.45098 0.5 0 0
2250 0.081544 0.625 63.375 0.454902 0.5 0 0
2260 0.0815742 0.625 64 0.454902 0.5 0 0
2270 0.0815742 0.625 64 0.45098 0.5 0 0
2280 0.0815914 0.625 64.625 0.45098 0.5 0 0
2290 0.0815914 0.625 64.625 0.45098 0.5 0 0
2300 0.0816022 0.625 65.25 0.45098 0.5 0 0
2310 0.0816022 0.625 65.25 0.45098 0.5 0 0
2320 0.0815963 0.625 65.875 0.45098 0.5 0 0
2330 0.0815963 0.625 65.875 0.45098 0.5 0 0
2340 0.0815849 0.625 66.5 0.45098 0.5 0 0
2350 0.0815849 0.625 66.5 0.45098 0.5 0 0
2360 0.0815689 0.625 67.125 0.45098 0.5 0 0
2370 0.0815689 0.625 67.125 0.45098 0.5 0 0
2380 0.0815122 0.625 67.75 0.45098 0.5 0 0
2390 0.0815122 0.625 67.75 0.45098 0.5 0 0
2400 0.0812722 0.625 68.375 0.45098 0.5 0 0
2410 0.0812722 0.625 68.375 0.45098 0.5 0 0
2420 0.0809866 0.625 69 0.45098 0.5 0 0
2430 0.0809866 0.625 69 0.45098 0.5 0 0
2440 0.0807562 0.625 69.625 0.45098 0.5 0 0
2450 0.0807562 0.625 69.625 0.45098 0.5 0 0
2460 0.0804386 0.625 70.25 0.447059 0.5 0 0
2470 0.0804386 0.625 70.25 0.447059 0.5 0 0
2480 0.0803876 0.625 70.875 0.447059 0.5 0 0
2490 0.0803876 0.625 70.875 0.447059 0.5 0 0
2500 0.080368 0.625 71.5 0.447059 0.5 0 0
2510 0.080368 0.625 71.5 0.447059 0.5 0 0
2520 0.0803539 0.625 72.125 0.447059 0.5 0 0
2530 0.0803539 0.625 72.125 0.447059 0.5 0 0
2540 0.0803562 0.6875 72.8125 0.447059 0.5 0 0
2550 0.0803562 0.6875 72.8125 0.447059 0.5 0 0
2560 0.0803572 0.6875 73.5 0.447059 0.5 0 0
2570 0.0803572 0.6875 73.5 0.447059 0.5 0 0
2580 0.0803606 0.6875 74.1875 0.447059 0.5 0 0
2590 0.0803606 0.6875 74.1875 0.447059 0.5 0 0
2600 0.0803621 0.6875 74.875 0.447059 0.5 0 0
2610 0.0803621 0.6875 74.875 0.447059 0.5 0 0
2620 0.0803643 0.6875 75.5625 0.447059 0.5 0 0
2630 0.0803643 0.6875 75.5625 0.447059 0.5 0 0
2640 0.0803678 0.6875 76.25 0.447059 0.5 0 0
2650 0.0803678 0.6875 76.25 0.447059 0.5 0 0
2660 0.0803682 0.625 76.875 0.447059 0.5 0 0
2670 0.0803682 0.625 76.875 0.447059 0.5 0 0
2680 0.0803717 0.625 77.5 0.447059 0.5 0 0
2690 0.0803717 0.625 77.5 0.447059 0.5 0 0
2700 0.080375 0.75 78.25 0.447059 0.5 0 0
2710 0.080375 0.75 78.25 0.447059 0.5 0 0
2720 0.0803786 0.75 79 0.447059 0.5 0 0
2730 0.0803786 0.75 79 0.447059 0.5 0 0
2740 0.0803779 0.75 79.75 0.447059 0.5 0 0
2750 0.0803779 0.75 79.75 0.447059 0.5 0 0
2760 0.080369 0.75 80.5 0.447059 0.5 0 0
2770 0.080369 0.75 80.5 0.447059 0.5 0 0
2780 0.0803714 0.75 81.25 0.447059 0.5 0 0
2790 0.0803714 0.75 81.25 0.447059 0.5 0 0
2800 0.0803702 0.8125 82.0625 0.447059 0.5 0 0
2810 0.0803702 0.8125 82.0625 0.447059 0.5 0 0
2820 0.0803693 0.8125 82.875 0.447059 0.5 0 0
2830 0.0803693 0.8125 82.875 0.447059 0.5 0 0
2840 0.0803666 0.8125 83.6875 0.447059 0.5 0 0
2850 0.0803666 0.8125 83.6875 0.447059 0.5 0 0
2860 0.0803643 0.8125 84.5 0.447059 0.5 0 0
2870 0.0803643 0.8125 84.5 0.447059 0.5 0 0
2880 0.0803606 0.8125 85.3125 0.447059 0.5 0 0
2890 0.0803606 0.8125 85.3125 0.447059 0.5 0 0
2900 0.0803655 0.75 86.0625 0.447059 0.5 0 0
2910 0.0803655 0.75 86.0625 0.447059 0.5 0 0
2920 0.080364 0.6875 86.75 0.447059 0.5 0 0
2930 0.080364 0.6875 86.75 0.447059 0.5 0 0
2940 0.0803684 0.75 87.5 0.447059 0.5 0 0
2950 0.0803684 0.75 87.5 0.447059 0.5 0 0
2960 0.0803704 0.75 88.25 0.447059 0.5 0 0
2970 0.0803704 0.75 88.25 0.447059 0.5 0 0
2980 0.0803778 0.75 89 0.447059 0.5 0 0
2990 0.0803778 0.75 89 0.447059 0.5 0 0
3000 0.0803854 0.75 89.75 0.447059 0.5 0 0
3010 0.0803854 0.75 89.75 0.447059 0.5 0 0
3020 0.0803977 0.75 90.5 0.447059 0.5 0 0
3030 0.0803977 0.75 90.5 0.447059 0.5 0 0
3040 0.0804066 0.75 91.25 0.447059 0.5 0 0
3050 0.0804066 0.75 91.25 0.447059 0.5 0 0
3060 0.0804146 0.75 92 0.447059 0.5 0 0
3070 0.0804146 0.75 92 0.447059 0.5 0 0
3080 0.0804228 0.6875 92.6875 0.447059 0.5 0 0
3090 0.0804228 0.6875 92.6875 0.447059 0.5 0 0
3100 0.0804309 0.6875 93.375 0.447059 0.5 0 0
3110 0.0804309 0.6875 93.375 0.443137 0.5 0 0
3120 0.0803315 0.625 94 0.443137 0.5 0 0
3130 0.0803315 0.625 94 0.443137 0.5 0 0
3140 0.0801538 0.4375 94.4375 0.439216 0.5 0 0
3150 0.0801538 0.4375 94.4375 0.435294 0.5 0 0
3160 0.0800449 0.75 95.1875 0.435294 0.5 0 0
3170 0.0800449 0.75 95.1875 0.435294 0.5 0 0
3180 0.0802511 0.8125 96 0.435294 0.5 0 0
3190 0.0802511 0.8125 96 0.435294 0.5 0 0
3200 0.0802817 0.8125 96.8125 0.435294 0.5 0 0
3210 0.0802817 0.8125 96.8125 0.435294 0.5 0 0
3220 0.0802879 0.8125 97.625 0.435294 0.5 0 0
3230 0.0802879 0.8125 97.625 0.435294 0.5 0 0
3240 0.0802771 0.8125 98.4375 0.435294 0.5 0 0
3250 0.0802771 0.8125 98.4375 0.435294 0.5 0 0
3260 0.0802734 0.8125 99.25 0.435294 0.5 0 0
3270 0.0802734 0.8125 99.25 0.435294 0.5 0 0
3280 0.0802725 0.8125 100.062 0.435294 0.5 0 0
3290 0.0802725 0.8125 100.062 0.435294 0.5 0 0
3300 0.0802728 0.8125 100.875 0.435294 0.5 0 0
3310 0.0802728 0.8125 100.875 0.435294 0.5 0 0
3320 0.0802712 0.8125 101.688 0.435294 0.5 0 0
3330 0.0802712 0.8125 101.688 0.435294 0.5 0 0
3340 0.0802523 0.9375 102.625 0.435294 0.5 0 0
3350 0.0802523 0.9375 102.625 0.435294 0.5 0 0
3360 0.0802462 0.9375 103.562 0.435294 0.5 0 0
3370 0.0802462 0.9375 103.562 0.435294 0.5 0 0
3380 0.0802476 1 104.562 0.435294 0.5 0 0
3390 0.0802476 1 104.562 0.435294 0.5 0 0
3400 0.0802505 0.9375 105.5 0.435294 0.5 0 0
3410 0.0802505 0.9375 105.5 0.435294 0.5 0 0
3420 0.0802523 0.9375 106.438 0.435294 0.5 0 0
3430 0.0802523 0.9375 106.438 0.435294 0.5 0 0
3440 0.0802538 0.8125 107.25 0.435294 0.5 0 0
3450 0.0802538 0.8125 107.25 0.435294 0.5 0 0
3460 0.0802374 0.75 108 0.435294 0.5 0 0
3470 0.0802374 0.75 108 0.435294 0.5 0 0
3480 0.0801963 0.75 108.75 0.435294 0.5 0 0
3490 0.0801963 0.75 108.75 0.435294 0.5 0 0
3500 0.0801984 0.625 109.375 0.435294 0.5 0 0
3510 0.0801984 0.625 109.375 0.435294 0.5 0 0
3520 0.0802042 0.625 110 0.435294 0.5 0 0
3530 0.0802042 0.625 110 0.435294 0.5 0 0
3540 0.0802081 0.75 110.75 0.435294 0.5 0 0
3550 0.0802081 0.75 110.75 0.435294 0.5 0 0
3560 0.0802026 0.6875 111.438 0.435294 0.5 0 0
3570 0.0802026 0.6875 111.438 0.435294 0.5 0 0
3580 0.080204 0.75 112.188 0.435294 0.5 0 0
3590 0.080204 0.75 112.188 0.435294 0.5 0 0
3600 0.0802068 0.75 112.938 0.435294 0.5 0 0
3610 0.0802068 0.75 112.938 0.435294 0.5 0 0
3620 0.0802048 0.8125 113.75 0.435294 0.5 0 0
3630 0.0802048 0.8125 113.75 0.435294 0.5 0 0
3640 0.0802069 0.75 114.5 0.435294 0.5 0 0
3650 0.0802069 0.75 114.5 0.435294 0.5 0 0
3660 0.0802088 0.625 115.125 0.435294 0.5 0 0
3670 0.0802088 0.625 115.125 0.435294 0.5 0 0
3680 0.0801906 0.75 115.875 0.435294 0.5 0 0
3690 0.0801906 0.75 115.875 0.435294 0.5 0 0
3700 0.0801904 0.75 116.625 0.435294 0.5 0 0
3710 0.0801904 0.75 116.625 0.435294 0.5 0 0
3720 0.0801971 0.75 117.375 0.439216 0.5 0 0
3730 0.0801971 0.75 117.375 0.435294 0.5 0 0
3740 0.080202 0.75 118.125 0.435294 0.5 0 0
3750 0.080202 0.75 118.125 0.435294 0.5 0 0
3760 0.0802132 0.6875 118.812 0.435294 0.5 0 0
3770 0.0802132 0.6875 118.812 0.435294 0.5 0 0
3780 0.0801784 0.625 119.438 0.435294 0.5 0 0
3790 0.0801784 0.625 119.438 0.435294 0.5 0 0
3800 0.0801511 0.625 120.062 0.435294 0.5 0 0
3810 0.0801511 0.625 120.062 0.435294 0.5 0 0
3820 0.0801155 0.6875 120.75 0.435294 0.5 0 0
3830 0.0801155 0.6875 120.75 0.435294 0.5 0 0
3840 0.0800624 0.6875 121.438 0.435294 0.5 0 0
3850 0.0800624 0.6875 121.438 0.435294 0.5 0 0
3860 0.0799904 0.6875 122.125 0.435294 0.5 0 0
3870 0.0799904 0.6875 122.125 0.435294 0.5 0 0
3880 0.0798945 0.6875 122.812 0.435294 0.5 0 0
3890 0.0798945 0.6875 122.812 0.435294 0.5 0 0
3900 0.0798165 0.6875 123.5 0.435294 0.5 0 0
3910 0.0798165 0.6875 123.5 0.435294 0.5 0 0
3920 0.0797534 0.625 124.125 0.435294 0.5 0 0
3930 0.0797534 0.625 124.125 0.435294 0.5 0 0
3940 0.0796683 0.75 124.875 0.435294 0.5 0 0
3950 0.0796683 0.75 124.875 0.435294 0.5 0 0
3960 0.0795925 0.6875 125.562 0.435294 0.5 0 0
3970 0.0795925 0.6875 125.562 0.435294 0.5 0 0
3980 0.0796372 0.6875 126.25 0.435294 0.5 0 0
3990 0.0796372 0.6875 126.25 0.435294 0.5 0 0
4000 0.0796334 0.6875 126.938 0.435294 0.5 0 0
4010 0.0796334 0.6875 126.938 0.435294 0.5 0 0
4020 0.0796167 0.75 127.688 0.431373 0.5 0 0
4030 0.0796167 0.75 127.688 0.431373 0.5 0 0
4040 0.0795698 0.625 128.312 0.431373 0.5 0 0
4050 0.0795698 0.625 128.312 0.431373 0.5 0 0
4060 0.0795214 0.625 128.938 0.431373 0.5 0 0
4070 0.0795214 0.625 128.938 0.431373 0.5 0 0
4080 0.0794949 0.5625 129.5 0.431373 0.5 0 0
4090 0.0794949 0.5625 129.5 0.431373 0.5 0 0
4100 0.0793952 0.75 130.25 0.431373 0.5 0 0
4110 0.0793952 0.75 130.25 0.431373 0.5 0 0
4120 0.0793861 0.875 131.125 0.431373 0.5 0 0
4130 0.0793861 0.875 131.125 0.431373 0.5 0 0
4140 0.0793714 0.8125 131.938 0.431373 0.5 0 0
4150 0.0793714 0.8125 131.938 0.431373 0.5 0 0
4160 0.0793498 0.875 132.812 0.431373 0.5 0 0
4170 0.0793498 0.875 132.812 0.431373 0.5 0 0
4180 0.0793425 0.875 133.688 0.431373 0.5 0 0
4190 0.0793425 0.875 133.688 0.431373 0.5 0 0
4200 0.0793372 0.875 134.562 0.431373 0.5 0 0
4210 0.0793372 0.875 134.562 0.431373 0.5 0 0
4220 0.0793655 0.75 135.312 0.431373 0.5 0 0
4230 0.0793655 0.75 135.312 0.431373 0.5 0 0
4240 0.0793769 0.875 136.188 0.431373 0.5 0 0
4250 0.0793769 0.875 136.188 0.431373 0.5 0 0
4260 0.0794832 0.875 137.062 0.431373 0.5 0 0
4270 0.0794832 0.875 137.062 0.427451 0.5 0 0
4280 0.0796142 0.875 137.938 0.427451 0.5 0 0
4290 0.0796142 0.875 137.938 0.427451 0.5 0 0
4300 0.0796489 0.8125 138.75 0.427451 0.5 0 0
4310 0.0796489 0.8125 138.75 0.427451 0.5 0 0
4320 0.0797771 0.8125 139.562 0.427451 0.5 0 0
4330 0.0797771 0.8125 139.562 0.427451 0.5 0 0
4340 0.0795847 0.75 140.312 0.427451 0.5 0 0
4350 0.0795847 0.75 140.312 0.427451 0.5 0 0
4360 0.0795974 0.875 141.188 0.427451 0.5 0 0
4370 0.0795974 0.875 141.188 0.427451 0.5 0 0
4380 0.0795101 0.875 142.062 0.427451 0.5 0 0
4390 0.0795101 0.875 142.062 0.427451 0.5 0 0
4400 0.0794444 0.875 142.938 0.427451 0.5 0 0
4410 0.0794444 0.875 142.938 0.423529 0.5 0 0
4420 0.0794587 0.875 143.812 0.423529 0.5 0 0
4430 0.0794587 0.875 143.812 0.427451 0.5 0 0
4440 0.0794957 0.875 144.688 0.423529 0.5 0 0
4450 0.0794957 0.875 144.688 0.423529 0.5 0 0
4460 0.0795026 0.875 145.562 0.427451 0.5 0 0
4470 0.0795026 0.875 145.562 0.427451 0.5 0 0
4480 0.0795223 0.875 146.438 0.423529 0.5 0 0
4490 0.0795223 0.875 146.438 0.427451 0.5 0 0
4500 0.0795624 0.875 147.312 0.423529 0.5 0 0
4510 0.0795624 0.875 147.312 0.423529 0.5 0 0
4520 0.079589 0.875 148.188 0.423529 0.5 0 0
4530 0.079589 0.875 148.188 0.427451 0.5 0 0
4540 0.0796212 0.875 149.062 0.423529 0.5 0 0
4550 0.0796212 0.875 149.062 0.423529 0.5 0 0
4560 0.0796329 0.875 149.938 0.427451 0.5 0 0
4570 0.0796329 0.875 149.938 0.423529 0.5 0 0
4580 0.0796278 0.75 150.688 0.427451 0.5 0 0
4590 0.0796278 0.75 150.688 0.427451 0.5 0 0
4600 0.079627 0.875 151.562 0.423529 0.5 0 0
4610 0.079627 0.875 151.562 0.423529 0.5 0 0
4620 0.0796429 0.8125 152.375 0.423529 0.5 0 0
4630 0.0796429 0.8125 152.375 0.423529 0.5 0 0
4640 0.0796549 0.8125 153.188 0.423529 0.5 0 0
4650 0.0796549 0.8125 153.188 0.423529 0.5 0 0
4660 0.0796617 0.8125 154 0.423529 0.5 0 0
4670 0.0796617 0.8125 154 0.423529 0.5 0 0
4680 0.0796579 0.8125 154.812 0.423529 0.5 0 0
4690 0.0796579 0.8125 154.812 0.423529 0.5 0 0
4700 0.0796649 0.8125 155.625 0.423529 0.5 0 0
4710 0.0796649 0.8125 155.625 0.423529 0.5 0 0
4720 0.0797047 0.8125 156.438 0.423529 0.5 0 0
4730 0.0797047 0.8125 156.438 0.423529 0.5 0 0
4740 0.0797376 0.875 157.312 0.423529 0.5 0 0
4750 0.0797376 0.875 157.312 0.423529 0.5 0 0
4760 0.0797658 0.75 158.062 0.423529 0.5 0 0
4770 0.0797658 0.75 158.062 0.423529 0.5 0 0
4780 0.0797425 0.9375 159 0.423529 0.5 0 0
4790 0.0797425 0.9375 159 0.423529 0.5 0 0
4800 0.0797396 0.9375 159.938 0.423529 0.5 0 0
4810 0.0797396 0.9375 159.938 0.423529 0.5 0 0
4820 0.0797688 0.9375 160.875 0.423529 0.5 0 0
4830 0.0797688 0.9375 160.875 0.423529 0.5 0 0
4840 0.0797891 0.8125 161.688 0.419608 0.5 0 0
4850 0.0797891 0.8125 161.688 0.419608 0.5 0 0
4860 0.0797454 0.8125 162.5 0.419608 0.5 0 0
4870 0.0797454 0.8125 162.5 0.419608 0.5 0 0
4880 0.0796764 0.8125 163.312 0.419608 0.5 0 0
4890 0.0796764 0.8125 163.312 0.419608 0.5 0 0
4900 0.078378 0.8125 164.125 0.423529 0.5 0 0
4910 0.078378 0.8125 164.125 0.423529 0.5 0 0
4920 0.0783211 0.625 164.75 0.423529 0.5 0 0
4930 0.0783211 0.625 164.75 0.423529 0.5 0 0
4940 0.0783376 0.625 165.375 0.423529 0.5 0 0
4950 0.0783376 0.625 165.375 0.423529 0.5 0 0
4960 0.078349 0.75 166.125 0.423529 0.5 0 0
4970 0.078349 0.75 166.125 0.419608 0.5 0 0
4980 0.0783601 0.75 166.875 0.419608 0.5 0 0
4990 0.0783601 0.75 166.875 0.423529 0.5 0 0
5000 0.0783621 0.75 167.625 0.423529 0.5 0 0
5010 0.0783621 0.75 167.625 0.419608 0.5 0 0
5020 0.0783639 0.875 168.5 0.423529 0.5 0 0
5030 0.0783639 0.875 168.5 0.423529 0.5 0 0
5040 0.0783726 0.9375 169.438 0.423529 0.5 0 0
5050 0.0783726 0.9375 169.438 0.423529 0.5 0 0
5060 0.0783823 0.9375 170.375 0.423529 0.5 0 0
5070 0.0783823 0.9375 170.375 0.419608 0.5 0 0
5080 0.0783909 0.9375 171.312 0.419608 0.5 0 0
5090 0.0783909 0.9375 171.312 0.423529 0.5 0 0
5100 0.0784 0.9375 172.25 0.423529 0.5 0 0
5110 0.0784 0.9375 172.25 0.423529 0.5 0 0
5120 0.0784144 0.9375 173.188 0.423529 0.5 0 0
5130 0.0784144 0.9375 173.188 0.423529 0.5 0 0
5140 0.0773783 0.9375 174.125 0.427451 0.5 0 0
5150 0.0773783 0.9375 174.125 0.427451 0.5 0 0
5160 0.0773842 0.75 174.875 0.427451 0.5 0 0
5170 0.0773842 0.75 174.875 0.427451 0.5 0 0
5180 0.0774016 0.75 175.625 0.427451 0.5 0 0
5190 0.0774016 0.75 175.625 0.427451 0.5 0 0
5200 0.0774264 0.875 176.5 0.427451 0.5 0 0
5210 0.0774264 0.875 176.5 0.427451 0.5 0 0
5220 0.0774556 0.875 177.375 0.427451 0.5 0 0
5230 0.0774556 0.875 177.375 0.427451 0.5 0 0
5240 0.0777769 0.6875 178.062 0.423529 0.5 0 0
5250 0.0777769 0.6875 178.062 0.423529 0.5 0 0
5260 0.0780479 0.75 178.812 0.423529 0.5 0 0
5270 0.0780479 0.75 178.812 0.423529 0.5 0 0
5280 0.0779398 0.8125 179.625 0.423529 0.5 0 0
5290 0.0779398 0.8125 179.625 0.419608 0.5 0 0
5300 0.0778765 0.9375 180.562 0.419608 0.5 0 0
5310 0.0778765 0.9375 180.562 0.419608 0.5 0 0
5320 0.0780473 0.9375 181.5 0.419608 0.5 0 0
5330 0.0780473 0.9375 181.5 0.419608 0.5 0 0
5340 0.0780606 0.9375 182.438 0.419608 0.5 0 0
5350 0.0780606 0.9375 182.438 0.419608 0.5 0 0
5360 0.0780248 0.9375 183.375 0.415686 0.5 0 0
5370 0.0780248 0.9375 183.375 0.415686 0.5 0 0
5380 0.0780363 0.9375 184.312 0.415686 0.5 0 0
5390 0.0780363 0.9375 184.312 0.415686 0.5 0 0
5400 0.0780513 0.9375 185.25 0.415686 0.5 0 0
5410 0.0780513 0.9375 185.25 0.415686 0.5 0 0
5420 0.0780652 0.9375 186.188 0.419608 0.5 0 0
5430 0.0780652 0.9375 186.188 0.415686 0.5 0 0
5440 0.0780854 0.9375 187.125 0.415686 0.5 0 0
5450 0.0780854 0.9375 187.125 0.415686 0.5 0 0
5460 0.0780604 0.9375 188.062 0.419608 0.5 0 0
5470 0.0780604 0.9375 188.062 0.415686 0.5 0 0
5480 0.0780467 0.9375 189 0.415686 0.5 0 0
5490 0.0780467 0.9375 189 0.415686 0.5 0 0
5500 0.0780634 0.875 189.875 0.415686 0.5 0 0
5510 0.0780634 0.875 189.875 0.415686 0.5 0 0
5520 0.0780757 0.875 190.75 0.415686 0.5 0 0
5530 0.0780757 0.875 190.75 0.415686 0.5 0 0
5540 0.0780747 0.875 191.625 0.415686 0.5 0 0
5550 0.0780747 0.875 191.625 0.415686 0.5 0 0
5560 0.0780902 0.875 192.5 0.415686 0.5 0 0
5570 0.0780902 0.875 192.5 0.415686 0.5 0 0
5580 0.0781077 0.875 193.375 0.415686 0.5 0 0
5590 0.0781077 0.875 193.375 0.415686 0.5 0 0
5600 0.0781367 0.875 194.25 0.415686 0.5 0 0
5610 0.0781367 0.875 194.25 0.415686 0.5 0 0
5620 0.0781308 0.9375 195.188 0.415686 0.5 0 0
5630 0.0781308 0.9375 195.188 0.415686 0.5 0 0
5640 0.0781531 0.9375 196.125 0.415686 0.5 0 0
5650 0.0781531 0.9375 196.125 0.415686 0.5 0 0
5660 0.0782064 0.8125 196.938 0.415686 0.5 0 0
5670 0.0782064 0.8125 196.938 0.415686 0.5 0 0
5680 0.0782131 0.9375 197.875 0.415686 0.5 0 0
5690 0.0782131 0.9375 197.875 0.415686 0.5 0 0
5700 0.0782537 0.9375 198.812 0.415686 0.5 0 0
5710 0.0782537 0.9375 198.812 0.415686 0.5 0 0
5720 0.0783011 0.9375 199.75 0.415686 0.5 0 0
5730 0.0783011 0.9375 199.75 0.415686 0.5 0 0
5740 0.0783196 0.9375 200.688 0.415686 0.5 0 0
5750 0.0783196 0.9375 200.688 0.415686 0.5 0 0
5760 0.0783241 0.875 201.562 0.415686 0.5 0 0
5770 0.0783241 0.875 201.562 0.415686 0.5 0 0
5780 0.0783565 0.875 202.438 0.415686 0.5 0 0
5790 0.0783565 0.875 202.438 0.415686 0.5 0 0
5800 0.0783739 0.875 203.312 0.415686 0.5 0 0
5810 0.0783739 0.875 203.312 0.415686 0.5 0 0
5820 0.0783915 0.875 204.188 0.415686 0.5 0 0
5830 0.0783915 0.875 204.188 0.415686 0.5 0 0
5840 0.0783335 0.9375 205.125 0.415686 0.5 0 0
5850 0.0783335 0.9375 205.125 0.415686 0.5 0 0
5860 0.0782235 0.9375 206.062 0.415686 0.5 0 0
5870 0.0782235 0.9375 206.062 0.415686 0.5 0 0
5880 0.0780595 0.75 206.812 0.415686 0.5 0 0
5890 0.0780595 0.75 206.812 0.415686 0.5 0 0
5900 0.0779921 0.75 207.562 0.415686 0.5 0 0
5910 0.0779921 0.75 207.562 0.415686 0.5 0 0
5920 0.0780002 0.875 208.438 0.415686 0.5 0 0
5930 0.0780002 0.875 208.438 0.415686 0.5 0 0
5940 0.0777876 0.875 209.312 0.415686 0.5 0 0
5950 0.0777876 0.875 209.312 0.415686 0.5 0 0
5960 0.0777469 0.875 210.188 0.415686 0.5 0 0
5970 0.0777469 0.875 210.188 0.415686 0.5 0 0
5980 0.0777156 0.875 211.062 0.415686 0.5 0 0
5990 0.0777156 0.875 211.062 0.415686 0.5 0 0
6000 0.0777054 0.875 211.938 0.415686 0.5 0 0
6010 0.0777054 0.875 211.938 0.415686 0.5 0 0
6020 0.0777024 0.8125 212.75 0.415686 0.5 0 0
6030 0.0777024 0.8125 212.75 0.415686 0.5 0 0
6040 0.0776974 0.8125 213.562 0.415686 0.5 0 0
6050 0.0776974 0.8125 213.562 0.415686 0.5 0 0
6060 0.0777038 0.8125 214.375 0.415686 0.5 0 0
6070 0.0777038 0.8125 214.375 0.415686 0.5 0 0
6080 0.0777136 0.875 215.25 0.415686 0.5 0 0
6090 0.0777136 0.875 215.25 0.415686 0.5 0 0
6100 0.077722 0.75 216 0.415686 0.5 0 0
6110 0.077722 0.75 216 0.415686 0.5 0 0
6120 0.0776647 0.75 216.75 0.415686 0.5 0 0
6130 0.0776647 0.75 216.75 0.415686 0.5 0 0
6140 0.0775334 0.875 217.625 0.415686 0.5 0 0
6150 0.0775334 0.875 217.625 0.415686 0.5 0 0
6160 0.0775191 0.875 218.5 0.415686 0.5 0 0
6170 0.0775191 0.875 218.5 0.415686 0.5 0 0
6180 0.0775082 0.8125 219.312 0.415686 0.5 0 0
6190 0.0775082 0.8125 219.312 0.415686 0.5 0 0
6200 0.0775002 0.875 220.188 0.415686 0.5 0 0
6210 0.0775002 0.875 220.188 0.415686 0.5 0 0
6220 0.0776502 0.9375 221.125 0.415686 0.5 0 0
6230 0.0776502 0.9375 221.125 0.415686 0.5 0 0
6240 0.0782121 0.9375 222.062 0.411765 0.5 0 0
6250 0.0782121 0.9375 222.062 0.411765 0.5 0 0
6260 0.0782498 0.8125 222.875 0.411765 0.5 0 0
6270 0.0782498 0.8125 222.875 0.411765 0.5 0 0
6280 0.0783608 0.8125 223.688 0.411765 0.5 0 0
6290 0.0783608 0.8125 223.688 0.411765 0.5 0 0
6300 0.0784544 0.8125 224.5 0.411765 0.5 0 0
6310 0.0784544 0.8125 224.5 0.411765 0.5 0 0
6320 0.0784883 0.8125 225.312 0.411765 0.5 0 0
6330 0.0784883 0.8125 225.312 0.411765 0.5 0 0
6340 0.0785141 0.75 226.062 0.411765 0.5 0 0
6350 0.0785141 0.75 226.062 0.411765 0.5 0 0
6360 0.0784568 0.625 226.688 0.411765 0.5 0 0
6370 0.0784568 0.625 226.688 0.411765 0.5 0 0
6380 0.0784612 0.75 227.438 0.411765 0.5 0 0
6390 0.0784612 0.75 227.438 0.411765 0.5 0 0
6400 0.0784853 0.8125 228.25 0.411765 0.5 0 0
6410 0.0784853 0.8125 228.25 0.411765 0.5 0 0
6420 0.0785145 0.8125 229.062 0.411765 0.5 0 0
6430 0.0785145 0.8125 229.062 0.411765 0.5 0 0
6440 0.07866 0.8125 229.875 0.411765 0.5 0 0
6450 0.07866 0.8125 229.875 0.411765 0.5 0 0
6460 0.0786727 0.8125 230.688 0.411765 0.5 0 0
6470 0.0786727 0.8125 230.688 0.411765 0.5 0 0
6480 0.0786733 0.75 231.438 0.411765 0.5 0 0
6490 0.0786733 0.75 231.438 0.411765 0.5 0 0
6500 0.0786765 0.75 232.188 0.411765 0.5 0 0
6510 0.0786765 0.75 232.188 0.411765 0.5 0 0
6520 0.0787208 0.75 232.938 0.411765 0.5 0 0
6530 0.0787208 0.75 232.938 0.411765 0.5 0 0
6540 0.0787284 0.75 233.688 0.411765 0.5 0 0
6550 0.0787284 0.75 233.688 0.411765 0.5 0 0
6560 0.0787466 0.75 234.438 0.411765 0.5 0 0
6570 0.0787466 0.75 234.438 0.411765 0.5 0 0
6580 0.0787468 0.75 235.188 0.411765 0.5 0 0
6590 0.0787468 0.75 235.188 0.411765 0.5 0 0
6600 0.078787 0.75 235.938 0.411765 0.5 0 0
6610 0.078787 0.75 235.938 0.411765 0.5 0 0
6620 0.0787871 0.75 236.688 0.411765 0.5 0 0
6630 0.0787871 0.75 236.688 0.411765 0.5 0 0
6640 0.0788561 0.8125 237.5 0.411765 0.5 0 0
6650 0.0788561 0.8125 237.5 0.411765 0.5 0 0
6660 0.0788562 0.8125 238.312 0.411765 0.5 0 0
6670 0.0788562 0.8125 238.312 0.411765 0.5 0 0
6680 0.0788562 0.8125 239.125 0.411765 0.5 0 0
6690 0.0788562 0.8125 239.125 0.411765 0.5 0 0
6700 0.0788561 0.8125 239.938 0.411765 0.5 0 0
6710 0.0788561 0.8125 239.938 0.411765 0.5 0 0
6720 0.0788561 0.8125 240.75 0.411765 0.5 0 0
6730 0.0788561 0.8125 240.75 0.411765 0.5 0 0
6740 0.078876 0.75 241.5 0.411765 0.5 0 0
6750 0.078876 0.75 241.5 0.411765 0.5 0 0
6760 0.0789287 0.75 242.25 0.411765 0.5 0 0
6770 0.0789287 0.75 242.25 0.411765 0.5 0 0
6780 0.0789285 0.75 243 0.411765 0.5 0 0
6790 0.0789285 0.75 243 0.411765 0.5 0 0
6800 0.0789284 0.625 243.625 0.411765 0.5 0 0
6810 0.0789284 0.625 243.625 0.411765 0.5 0 0
6820 0.0789284 0.625 244.25 0.411765 0.5 0 0
6830 0.0789284 0.625 244.25 0.411765 0.5 0 0
6840 0.0789284 0.625 244.875 0.411765 0.5 0 0
6850 0.0789284 0.625 244.875 0.411765 0.5 0 0
6860 0.0789284 0.625 245.5 0.411765 0.5 0 0
6870 0.0789284 0.625 245.5 0.411765 0.5 0 0
6880 0.0789284 0.625 246.125 0.411765 0.5 0 0
6890 0.0789284 0.625 246.125 0.407843 0.5 0 0
6900 0.0789284 0.75 246.875 0.407843 0.5 0 0
6910 0.0789284 0.75 246.875 0.411765 0.5 0 0
6920 0.0789284 0.75 247.625 0.411765 0.5 0 0
6930 0.0789284 0.75 247.625 0.411765 0.5 0 0
6940 0.0789116 0.6875 248.312 0.411765 0.5 0 0
6950 0.0789116 0.6875 248.312 0.411765 0.5 0 0
6960 0.0788986 0.6875 249 0.411765 0.5 0 0
6970 0.0788986 0.6875 249 0.407843 0.5 0 0
6980 0.0788942 0.5625 249.562 0.411765 0.5 0 0
6990 0.0788942 0.5625 249.562 0.407843 0.5 0 0
7000 0.0788942 0.6875 250.25 0.407843 0.5 0 0
7010 0.0788942 0.6875 250.25 0.411765 0.5 0 0
7020 0.0788884 0.6875 250.938 0.407843 0.5 0 0
7030 0.0788884 0.6875 250.938 0.411765 0.5 0 0
7040 0.0788884 0.6875 251.625 0.411765 0.5 0 0
7050 0.0788884 0.6875 251.625 0.407843 0.5 0 0
7060 0.0789217 0.6875 252.312 0.411765 0.5 0 0
7070 0.0789217 0.6875 252.312 0.411765 0.5 0 0
7080 0.0789217 0.6875 253 0.411765 0.5 0 0
7090 0.0789217 0.6875 253 0.411765 0.5 0 0
7100 0.0789217 0.6875 253.688 0.411765 0.5 0 0
7110 0.0789217 0.6875 253.688 0.411765 0.5 0 0
7120 0.0788921 0.5625 254.25 0.411765 0.5 0 0
7130 0.0788921 0.5625 254.25 0.407843 0.5 0 0
7140 0.0788719 0.5 254.75 0.407843 0.5 0 0
7150 0.0788719 0.5 254.75 0.407843 0.5 0 0
7160 0.078867 0.625 255.375 0.407843 0.5 0 0
7170 0.078867 0.625 255.375 0.407843 0.5 0 0
7180 0.0788625 0.625 256 0.407843 0.5 0 0
7190 0.0788625 0.625 256 0.407843 0.5 0 0
7200 0.078858 0.625 256.625 0.411765 0.5 0 0
7210 0.078858 0.625 256.625 0.407843 0.5 0 0
7220 0.0788548 0.6875 257.312 0.407843 0.5 0 0
7230 0.0788548 0.6875 257.312 0.407843 0.5 0 0
7240 0.0788504 0.625 257.938 0.407843 0.5 0 0
7250 0.0788504 0.625 257.938 0.407843 0.5 0 0
7260 0.0790621 0.6875 258.625 0.407843 0.5 0 0
7270 0.0790621 0.6875 258.625 0.407843 0.5 0 0
7280 0.079067 0.6875 259.312 0.407843 0.5 0 0
7290 0.079067 0.6875 259.312 0.411765 0.5 0 0
7300 0.0790739 0.6875 260 0.407843 0.5 0 0
7310 0.0790739 0.6875 260 0.407843 0.5 0 0
7320 0.0790945 0.625 260.625 0.407843 0.5 0 0
7330 0.0790945 0.625 260.625 0.407843 0.5 0 0
7340 0.0791114 0.4375 261.062 0.407843 0.5 0 0
7350 0.0791114 0.4375 261.062 0.407843 0.5 0 0
7360 0.079128 0.625 261.688 0.407843 0.5 0 0
7370 0.079128 0.625 261.688 0.407843 0.5 0 0
7380 0.0791457 0.625 262.312 0.407843 0.5 0 0
7390 0.0791457 0.625 262.312 0.411765 0.5 0 0
7400 0.079161 0.625 262.938 0.407843 0.5 0 0
7410 0.079161 0.625 262.938 0.407843 0.5 0 0
7420 0.0791726 0.625 263.562 0.407843 0.5 0 0
7430 0.0791726 0.625 263.562 0.407843 0.5 0 0
7440 0.0791868 0.625 264.188 0.407843 0.5 0 0
7450 0.0791868 0.625 264.188 0.407843 0.5 0 0
7460 0.0792011 0.5 264.688 0.407843 0.5 0 0
7470 0.0792011 0.5 264.688 0.407843 0.5 0 0
7480 0.0792127 0.5625 265.25 0.407843 0.5 0 0
7490 0.0792127 0.5625 265.25 0.407843 0.5 0 0
7500 0.0792235 0.5625 265.812 0.407843 0.5 0 0
7510 0.0792235 0.5625 265.812 0.407843 0.5 0 0
7520 0.0792337 0.5625 266.375 0.411765 0.5 0 0
7530 0.0792337 0.5625 266.375 0.407843 0.5 0 0
7540 0.079232 0.75 267.125 0.407843 0.5 0 0
7550 0.079232 0.75 267.125 0.403922 0.5 0 0
7560 0.0793095 0.75 267.875 0.403922 0.5 0 0
7570 0.0793095 0.75 267.875 0.407843 0.5 0 0
7580 0.0793476 0.75 268.625 0.407843 0.5 0 0
7590 0.0793476 0.75 268.625 0.403922 0.5 0 0
7600 0.0793784 0.75 269.375 0.407843 0.5 0 0
7610 0.0793784 0.75 269.375 0.403922 0.5 0 0
7620 0.0794007 0.8125 270.188 0.403922 0.5 0 0
7630 0.0794007 0.8125 270.188 0.403922 0.5 0 0
7640 0.0794321 0.8125 271 0.403922 0.5 0 0
7650 0.0794321 0.8125 271 0.403922 0.5 0 0
7660 0.0794837 0.75 271.75 0.403922 0.5 0 0
7670 0.0794837 0.75 271.75 0.403922 0.5 0 0
7680 0.0797043 0.625 272.375 0.403922 0.5 0 0
7690 0.0797043 0.625 272.375 0.403922 0.5 0 0
7700 0.0799735 0.6875 273.062 0.403922 0.5 0 0
7710 0.0799735 0.6875 273.062 0.403922 0.5 0 0
7720 0.0799484 0.8125 273.875 0.4 0.5 0 0
7730 0.0799484 0.8125 273.875 0.4 0.5 0 0
7740 0.0799453 0.6875 274.562 0.4 0.5 0 0
7750 0.0799453 0.6875 274.562 0.4 0.5 0 0
7760 0.0800201 0.8125 275.375 0.4 0.5 0 0
7770 0.0800201 0.8125 275.375 0.4 0.5 0 0
7780 0.0800213 0.8125 276.188 0.4 0.5 0 0
7790 0.0800213 0.8125 276.188 0.4 0.5 0 0
7800 0.0800496 0.8125 277 0.4 0.5 0 0
7810 0.0800496 0.8125 277 0.4 0.5 0 0
7820 0.0802477 0.875 277.875 0.4 0.5 0 0
7830 0.0802477 0.875 277.875 0.4 0.5 0 0
7840 0.0803096 0.875 278.75 0.4 0.5 0 0
7850 0.0803096 0.875 278.75 0.4 0.5 0 0
7860 0.0803685 0.875 279.625 0.4 0.5 0 0
7870 0.0803685 0.875 279.625 0.4 0.5 0 0
7880 0.0804305 0.8125 280.438 0.4 0.5 0 0
7890 0.0804305 0.8125 280.438 0.4 0.5 0 0
7900 0.0804755 0.6875 281.125 0.4 0.5 0 0
7910 0.0804755 0.6875 281.125 0.396078 0.5 0 0
7920 0.0805273 0.625 281.75 0.4 0.5 0 0
7930 0.0805273 0.625 281.75 0.396078 0.5 0 0
7940 0.0805758 0.6875 282.438 0.4 0.5 0 0
7950 0.0805758 0.6875 282.438 0.396078 0.5 0 0
7960 0.0806242 0.8125 283.25 0.396078 0.5 0 0
7970 0.0806242 0.8125 283.25 0.396078 0.5 0 0
7980 0.0806707 0.75 284 0.396078 0.5 0 0
7990 0.0806707 0.75 284 0.396078 0.5 0 0
8000 0.0808153 0.75 284.75 0.396078 0.5 0 0
8010 0.0808153 0.75 284.75 0.396078 0.5 0 0
8020 0.0809109 0.75 285.5 0.396078 0.5 0 0
8030 0.0809109 0.75 285.5 0.396078 0.5 0 0
8040 0.080941 0.875 286.375 0.396078 0.5 0 0
8050 0.080941 0.875 286.375 0.396078 0.5 0 0
8060 0.0809597 0.875 287.25 0.396078 0.5 0 0
8070 0.0809597 0.875 287.25 0.396078 0.5 0 0
8080 0.0809736 0.875 288.125 0.396078 0.5 0 0
8090 0.0809736 0.875 288.125 0.396078 0.5 0 0
8100 0.0809868 0.875 289 0.396078 0.5 0 0
8110 0.0809868 0.875 289 0.396078 0.5 0 0
8120 0.0810006 0.875 289.875 0.396078 0.5 0 0
8130 0.0810006 0.875 289.875 0.396078 0.5 0 0
8140 0.0810027 0.875 290.75 0.396078 0.5 0 0
8150 0.0810027 0.875 290.75 0.396078 0.5 0 0
8160 0.0809963 0.8125 291.562 0.396078 0.5 0 0
8170 0.0809963 0.8125 291.562 0.396078 0.5 0 0
8180 0.081011 0.75 292.312 0.396078 0.5 0 0
8190 0.081011 0.75 292.312 0.396078 0.5 0 0
8200 0.0810258 0.75 293.062 0.396078 0.5 0 0
8210 0.0810258 0.75 293.062 0.396078 0.5 0 0
8220 0.0810334 0.75 293.812 0.396078 0.5 0 0
8230 0.0810334 0.75 293.812 0.396078 0.5 0 0
8240 0.0810552 0.8125 294.625 0.396078 0.5 0 0
8250 0.0810552 0.8125 294.625 0.396078 0.5 0 0
8260 0.0810761 0.6875 295.312 0.396078 0.5 0 0
8270 0.0810761 0.6875 295.312 0.396078 0.5 0 0
8280 0.0810966 0.6875 296 0.396078 0.5 0 0
8290 0.0810966 0.6875 296 0.396078 0.5 0 0
8300 0.0811164 0.8125 296.812 0.396078 0.5 0 0
8310 0.0811164 0.8125 296.812 0.396078 0.5 0 0
8320 0.0811341 0.8125 297.625 0.396078 0.5 0 0
8330 0.0811341 0.8125 297.625 0.396078 0.5 0 0
8340 0.0811493 0.75 298.375 0.396078 0.5 0 0
8350 0.0811493 0.75 298.375 0.396078 0.5 0 0
8360 0.0811592 0.875 299.25 0.396078 0.5 0 0
8370 0.0811592 0.875 299.25 0.396078 0.5 0 0
8380 0.0811776 0.875 300.125 0.396078 0.5 0 0
8390 0.0811776 0.875 300.125 0.396078 0.5 0 0
8400 0.0811954 0.875 301 0.396078 0.5 0 0
8410 0.0811954 0.875 301 0.396078 0.5 0 0
8420 0.0812423 0.875 301.875 0.396078 0.5 0 0
8430 0.0812423 0.875 301.875 0.396078 0.5 0 0
8440 0.0812646 0.875 302.75 0.396078 0.5 0 0
8450 0.0812646 0.875 302.75 0.396078 0.5 0 0
8460 0.0811972 0.875 303.625 0.396078 0.5 0 0
8470 0.0811972 0.875 303.625 0.396078 0.5 0 0
8480 0.08118 0.875 304.5 0.396078 0.5 0 0
8490 0.08118 0.875 304.5 0.396078 0.5 0 0
8500 0.0811686 0.875 305.375 0.396078 0.5 0 0
8510 0.0811686 0.875 305.375 0.396078 0.5 0 0
8520 0.0811305 0.875 306.25 0.396078 0.5 0 0
8530 0.0811305 0.875 306.25 0.396078 0.5 0 0
8540 0.0810961 0.9375 307.188 0.396078 0.5 0 0
8550 0.0810961 0.9375 307.188 0.396078 0.5 0 0
8560 0.0810087 1 308.188 0.396078 0.5 0 0
8570 0.0810087 1 308.188 0.396078 0.5 0 0
8580 0.0809998 1 309.188 0.396078 0.5 0 0
8590 0.0809998 1 309.188 0.396078 0.5 0 0
8600 0.0809907 1 310.188 0.396078 0.5 0 0
8610 0.0809907 1 310.188 0.396078 0.5 0 0
8620 0.0809883 1 311.188 0.396078 0.5 0 0
8630 0.0809883 1 311.188 0.396078 0.5 0 0
8640 0.0809863 0.875 312.062 0.396078 0.5 0 0
8650 0.0809863 0.875 312.062 0.396078 0.5 0 0
8660 0.0809791 0.6875 312.75 0.396078 0.5 0 0
8670 0.0809791 0.6875 312.75 0.396078 0.5 0 0
8680 0.0808388 0.6875 313.438 0.396078 0.5 0 0
8690 0.0808388 0.6875 313.438 0.396078 0.5 0 0
8700 0.0810524 0.8125 314.25 0.392157 0.5 0 0
8710 0.0810524 0.8125 314.25 0.396078 0.5 0 0
8720 0.0812459 0.9375 315.188 0.396078 0.5 0 0
8730 0.0812459 0.9375 315.188 0.396078 0.5 0 0
8740 0.0812792 1 316.188 0.396078 0.5 0 0
8750 0.0812792 1 316.188 0.396078 0.5 0 0
8760 0.0812899 1 317.188 0.396078 0.5 0 0
8770 0.0812899 1 317.188 0.396078 0.5 0 0
8780 0.0813021 1 318.188 0.396078 0.5 0 0
8790 0.0813021 1 318.188 0.396078 0.5 0 0
8800 0.0813114 1 319.188 0.396078 0.5 0 0
8810 0.0813114 1 319.188 0.396078 0.5 0 0
8820 0.0813229 1 320.188 0.396078 0.5 0 0
8830 0.0813229 1 320.188 0.396078 0.5 0 0
8840 0.0813392 1 321.188 0.396078 0.5 0 0
8850 0.0813392 1 321.188 0.396078 0.5 0 0
8860 0.0813486 1 322.188 0.396078 0.5 0 0
8870 0.0813486 1 322.188 0.396078 0.5 0 0
8880 0.0813618 1 323.188 0.396078 0.5 0 0
8890 0.0813618 1 323.188 0.396078 0.5 0 0
8900 0.0813783 0.9375 324.125 0.396078 0.5 0 0
8910 0.0813783 0.9375 324.125 0.396078 0.5 0 0
8920 0.0813669 1 325.125 0.396078 0.5 0 0
8930 0.0813669 1 325.125 0.396078 0.5 0 0
8940 0.0813823 0.9375 326.062 0.396078 0.5 0 0
8950 0.0813823 0.9375 326.062 0.396078 0.5 0 0
8960 0.0814201 0.9375 327 0.396078 0.5 0 0
8970 0.0814201 0.9375 327 0.396078 0.5 0 0
8980 0.081441 0.9375 327.938 0.396078 0.5 0 0
8990 0.081441 0.9375 327.938 0.396078 0.5 0 0
9000 0.0814549 0.9375 328.875 0.396078 0.5 0 0
9010 0.0814549 0.9375 328.875 0.396078 0.5 0 0
9020 0.0814543 0.9375 329.812 0.396078 0.5 0 0
9030 0.0814543 0.9375 329.812 0.396078 0.5 0 0
9040 0.0814526 0.875 330.688 0.396078 0.5 0 0
9050 0.0814526 0.875 330.688 0.396078 0.5 0 0
9060 0.0814534 0.875 331.562 0.396078 0.5 0 0
9070 0.0814534 0.875 331.562 0.396078 0.5 0 0
9080 0.081453 0.875 332.438 0.396078 0.5 0 0
9090 0.081453 0.875 332.438 0.396078 0.5 0 0
9100 0.0815381 0.875 333.312 0.396078 0.5 0 0
9110 0.0815381 0.875 333.312 0.396078 0.5 0 0
9120 0.081578 0.9375 334.25 0.396078 0.5 0 0
9130 0.081578 0.9375 334.25 0.396078 0.5 0 0
9140 0.0815999 0.875 335.125 0.396078 0.5 0 0
9150 0.0815999 0.875 335.125 0.396078 0.5 0 0
9160 0.0815999 1 336.125 0.396078 0.5 0 0
9170 0.0815999 1 336.125 0.396078 0.5 0 0
9180 0.0815979 0.9375 337.062 0.396078 0.5 0 0
9190 0.0815979 0.9375 337.062 0.396078 0.5 0 0
9200 0.0815979 0.875 337.938 0.396078 0.5 0 0
9210 0.0815979 0.875 337.938 0.396078 0.5 0 0
9220 0.0816229 0.9375 338.875 0.396078 0.5 0 0
9230 0.0816229 0.9375 338.875 0.396078 0.5 0 0
9240 0.0815044 0.875 339.75 0.4 0.5 0 0
9250 0.0815044 0.875 339.75 0.396078 0.5 0 0
9260 0.0815005 0.875 340.625 0.396078 0.5 0 0
9270 0.0815005 0.875 340.625 0.396078 0.5 0 0
9280 0.0815264 0.8125 341.438 0.396078 0.5 0 0
9290 0.0815264 0.8125 341.438 0.396078 0.5 0 0
9300 0.0815641 0.8125 342.25 0.396078 0.5 0 0
9310 0.0815641 0.8125 342.25 0.4 0.5 0 0
9320 0.0815957 0.8125 343.062 0.396078 0.5 0 0
9330 0.0815957 0.8125 343.062 0.396078 0.5 0 0
9340 0.0816578 0.625 343.688 0.4 0.5 0 0
9350 0.0816578 0.625 343.688 0.396078 0.5 0 0
9360 0.0817983 0.6875 344.375 0.396078 0.5 0 0
9370 0.0817983 0.6875 344.375 0.392157 0.5 0 0
9380 0.0815743 0.8125 345.188 0.388235 0.5 0 0
9390 0.0815743 0.8125 345.188 0.384314 0.5 0 0
9400 0.0808153 0.8125 346 0.388235 0.5 0 0
9410 0.0808153 0.8125 346 0.388235 0.5 0 0
9420 0.0806035 0.8125 346.812 0.388235 0.5 0 0
9430 0.0806035 0.8125 346.812 0.388235 0.5 0 0
9440 0.0805994 0.8125 347.625 0.388235 0.5 0 0
9450 0.0805994 0.8125 347.625 0.388235 0.5 0 0
9460 0.0801659 0.8125 348.438 0.384314 0.5 0 0
9470 0.0801659 0.8125 348.438 0.388235 0.5 0 0
9480 0.0795947 0.75 349.188 0.384314 0.5 0 0
9490 0.0795947 0.75 349.188 0.384314 0.5 0 0
9500 0.0795067 0.6875 349.875 0.384314 0.5 0 0
9510 0.0795067 0.6875 349.875 0.384314 0.5 0 0
9520 0.0794844 0.8125 350.688 0.384314 0.5 0 0
9530 0.0794844 0.8125 350.688 0.384314 0.5 0 0
9540 0.079325 0.75 351.438 0.384314 0.5 0 0
9550 0.079325 0.75 351.438 0.384314 0.5 0 0
9560 0.0792979 0.75 352.188 0.384314 0.5 0 0
9570 0.0792979 0.75 352.188 0.384314 0.5 0 0
9580 0.0793048 0.75 352.938 0.384314 0.5 0 0
9590 0.0793048 0.75 352.938 0.384314 0.5 0 0
9600 0.0793081 0.625 353.562 0.384314 0.5 0 0
9610 0.0793081 0.625 353.562 0.384314 0.5 0 0
9620 0.079307 0.6875 354.25 0.384314 0.5 0 0
9630 0.079307 0.6875 354.25 0.384314 0.5 0 0
9640 0.0793018 0.75 355 0.384314 0.5 0 0
9650 0.0793018 0.75 355 0.384314 0.5 0 0
9660 0.0794085 0.75 355.75 0.384314 0.5 0 0
9670 0.0794085 0.75 355.75 0.384314 0.5 0 0
9680 0.0804423 0.75 356.5 0.384314 0.5 0 0
9690 0.0804423 0.75 356.5 0.384314 0.5 0 0
9700 0.0810313 0.75 357.25 0.384314 0.5 0 0
9710 0.0810313 0.75 357.25 0.384314 0.5 0 0
9720 0.0811901 0.75 358 0.384314 0.5 0 0
9730 0.0811901 0.75 358 0.384314 0.5 0 0
9740 0.0811587 0.75 358.75 0.384314 0.5 0 0
9750 0.0811587 0.75 358.75 0.384314 0.5 0 0
9760 0.0809397 0.625 359.375 0.384314 0.5 0 0
9770 0.0809397 0.625 359.375 0.384314 0.5 0 0
9780 0.081411 0.5 359.875 0.384314 0.5 0 0
9790 0.081411 0.5 359.875 0.384314 0.5 0 0
9800 0.0820221 0.5 360.375 0.380392 0.5 0 0
9810 0.0820221 0.5 360.375 0.380392 0.5 0 0
9820 0.0820975 0.5 360.875 0.376471 0.5 0 0
9830 0.0820975 0.5 360.875 0.376471 0.5 0 0
9840 0.0818757 0.4375 361.312 0.376471 0.5 0 0
9850 0.0818757 0.4375 361.312 0.376471 0.5 0 0
9860 0.0816523 0.3125 361.625 0.376471 0.5 0 0
9870 0.0816523 0.3125 361.625 0.376471 0.5 0 0
9880 0.0812973 0.3125 361.938 0.376471 0.5 0 0
9890 0.0812973 0.3125 361.938 0.376471 0.5 0 0
9900 0.0807433 0.3125 362.25 0.376471 0.5 0 0
9910 0.0807433 0.3125 362.25 0.376471 0.5 0 0
9920 0.0804418 0.4375 362.688 0.372549 0.5 0 0
9930 0.0804418 0.4375 362.688 0.372549 0.5 0 0
9940 0.0803292 0.4375 363.125 0.376471 0.5 0 0
9950 0.0803292 0.4375 363.125 0.372549 0.5 0 0
9960 0.0802149 0.5 363.625 0.372549 0.5 0 0
9970 0.0802149 0.5 363.625 0.372549 0.5 0 0
9980 0.0801261 0.5 364.125 0.376471 0.5 0 0
9990 0.0801261 0.5 364.125 0.372549 0.5 0 0
10000 0.0801143 0.5 364.625 0.372549 0.5 0 0
10010 0.0801143 0.5 364.625 0.372549 0.5 0 0
10020 0.0801077 0.375 365 0.372549 0.5 0 0
10030 0.0801077 0.375 365 0.372549 0.5 0 0
10040 0.0801083 0.5 365.5 0.372549 0.5 0 0
10050 0.0801083 0.5 365.5 0.372549 0.5 0 0
10060 0.0801168 0.5 366 0.372549 0.5 0 0
10070 0.0801168 0.5 366 0.372549 0.5 0 0
10080 0.0801264 0.5 366.5 0.372549 0.5 0 0
10090 0.0801264 0.5 366.5 0.372549 0.5 0 0
10100 0.0801405 0.4375 366.938 0.372549 0.5 0 0
10110 0.0801405 0.4375 366.938 0.372549 0.5 0 0
10120 0.0801505 0.4375 367.375 0.372549 0.5 0 0
10130 0.0801505 0.4375 367.375 0.372549 0.5 0 0
10140 0.0801651 0.4375 367.812 0.372549 0.5 0 0
10150 0.0801651 0.4375 367.812 0.372549 0.5 0 0
10160 0.0801773 0.4375 368.25 0.372549 0.5 0 0
10170 0.0801773 0.4375 368.25 0.372549 0.5 0 0
10180 0.0801945 0.4375 368.688 0.372549 0.5 0 0
10190 0.0801945 0.4375 368.688 0.372549 0.5 0 0
10200 0.0802124 0.3125 369 0.372549 0.5 0 0
10210 0.0802124 0.3125 369 0.372549 0.5 0 0
10220 0.0802304 0.4375 369.438 0.372549 0.5 0 0
10230 0.0802304 0.4375 369.438 0.372549 0.5 0 0
10240 0.0802465 0.4375 369.875 0.372549 0.5 0 0
10250 0.0802465 0.4375 369.875 0.372549 0.5 0 0
10260 0.0802532 0.4375 370.312 0.372549 0.5 0 0
10270 0.0802532 0.4375 370.312 0.372549 0.5 0 0
10280 0.0802583 0.4375 370.75 0.372549 0.5 0 0
10290 0.0802583 0.4375 370.75 0.372549 0.5 0 0
10300 0.0802636 0.4375 371.188 0.372549 0.5 0 0
10310 0.0802636 0.4375 371.188 0.372549 0.5 0 0
10320 0.0802697 0.5 371.688 0.372549 0.5 0 0
10330 0.0802697 0.5 371.688 0.372549 0.5 0 0
10340 0.0802744 0.5 372.188 0.372549 0.5 0 0
10350 0.0802744 0.5 372.188 0.372549 0.5 0 0
10360 0.0802918 0.5 372.688 0.372549 0.5 0 0
10370 0.0802918 0.5 372.688 0.372549 0.5 0 0
10380 0.0803133 0.5 373.188 0.372549 0.5 0 0
10390 0.0803133 0.5 373.188 0.372549 0.5 0 0
10400 0.0803397 0.375 373.562 0.372549 0.5 0 0
10410 0.0803397 0.375 373.562 0.372549 0.5 0 0
10420 0.0803706 0.375 373.938 0.372549 0.5 0 0
10430 0.0803706 0.375 373.938 0.372549 0.5 0 0
10440 0.0805147 0.5625 374.5 0.368627 0.5 0 0
10450 0.0805147 0.5625 374.5 0.368627 0.5 0 0
10460 0.0806346 0.5 375 0.368627 0.5 0 0
10470 0.0806346 0.5 375 0.368627 0.5 0 0
10480 0.0807106 0.5 375.5 0.368627 0.5 0 0
10490 0.0807106 0.5 375.5 0.368627 0.5 0 0
10500 0.0807579 0.5625 376.062 0.368627 0.5 0 0
10510 0.0807579 0.5625 376.062 0.368627 0.5 0 0
10520 0.0808796 0.6875 376.75 0.368627 0.5 0 0
10530 0.0808796 0.6875 376.75 0.368627 0.5 0 0
10540 0.0813325 0.6875 377.438 0.368627 0.5 0 0
10550 0.0813325 0.6875 377.438 0.368627 0.5 0 0
10560 0.081369 0.6875 378.125 0.368627 0.5 0 0
10570 0.081369 0.6875 378.125 0.368627 0.5 0 0
10580 0.0812849 0.6875 378.812 0.368627 0.5 0 0
10590 0.0812849 0.6875 378.812 0.368627 0.5 0 0
10600 0.0812663 0.6875 379.5 0.368627 0.5 0 0
10610 0.0812663 0.6875 379.5 0.368627 0.5 0 0
10620 0.0812274 0.6875 380.188 0.368627 0.5 0 0
10630 0.0812274 0.6875 380.188 0.368627 0.5 0 0
10640 0.0811786 0.6875 380.875 0.368627 0.5 0 0
10650 0.0811786 0.6875 380.875 0.368627 0.5 0 0
10660 0.0811336 0.6875 381.562 0.368627 0.5 0 0
10670 0.0811336 0.6875 381.562 0.368627 0.5 0 0
10680 0.0811332 0.6875 382.25 0.368627 0.5 0 0
10690 0.0811332 0.6875 382.25 0.368627 0.5 0 0
10700 0.081133 0.5625 382.812 0.368627 0.5 0 0
10710 0.081133 0.5625 382.812 0.368627 0.5 0 0
10720 0.0811446 0.625 383.438 0.368627 0.5 0 0
10730 0.0811446 0.625 383.438 0.368627 0.5 0 0
10740 0.0811476 0.625 384.062 0.368627 0.5 0 0
10750 0.0811476 0.625 384.062 0.368627 0.5 0 0
10760 0.0811378 0.75 384.812 0.368627 0.5 0 0
10770 0.0811378 0.75 384.812 0.368627 0.5 0 0
10780 0.0811309 0.8125 385.625 0.368627 0.5 0 0
10790 0.0811309 0.8125 385.625 0.368627 0.5 0 0
10800 0.0811193 0.8125 386.438 0.368627 0.5 0 0
10810 0.0811193 0.8125 386.438 0.368627 0.5 0 0
10820 0.0811413 0.8125 387.25 0.368627 0.5 0 0
10830 0.0811413 0.8125 387.25 0.368627 0.5 0 0
10840 0.0811547 0.875 388.125 0.368627 0.5 0 0
10850 0.0811547 0.875 388.125 0.368627 0.5 0 0
10860 0.0812074 0.875 389 0.368627 0.5 0 0
10870 0.0812074 0.875 389 0.368627 0.5 0 0
10880 0.0812138 0.875 389.875 0.368627 0.5 0 0
10890 0.0812138 0.875 389.875 0.368627 0.5 0 0
10900 0.0812107 0.75 390.625 0.368627 0.5 0 0
10910 0.0812107 0.75 390.625 0.372549 0.5 0 0
10920 0.0812195 0.8125 391.438 0.368627 0.5 0 0
10930 0.0812195 0.8125 391.438 0.368627 0.5 0 0
10940 0.0812208 0.75 392.188 0.368627 0.5 0 0
10950 0.0812208 0.75 392.188 0.368627 0.5 0 0
10960 0.0812253 0.75 392.938 0.372549 0.5 0 0
10970 0.0812253 0.75 392.938 0.368627 0.5 0 0
10980 0.0812246 0.75 393.688 0.368627 0.5 0 0
10990 0.0812246 0.75 393.688 0.368627 0.5 0 0
11000 0.0812363 0.75 394.438 0.368627 0.5 0 0
11010 0.0812363 0.75 394.438 0.368627 0.5 0 0
11020 0.0812351 0.8125 395.25 0.368627 0.5 0 0
11030 0.0812351 0.8125 395.25 0.368627 0.5 0 0
11040 0.0812349 0.8125 396.062 0.372549 0.5 0 0
11050 0.0812349 0.8125 396.062 0.372549 0.5 0 0
11060 0.0812361 0.75 396.812 0.368627 0.5 0 0
11070 0.0812361 0.75 396.812 0.368627 0.5 0 0
11080 0.0812383 0.8125 397.625 0.368627 0.5 0 0
11090 0.0812383 0.8125 397.625 0.368627 0.5 0 0
11100 0.0812428 0.6875 398.312 0.368627 0.5 0 0
11110 0.0812428 0.6875 398.312 0.368627 0.5 0 0
11120 0.0812431 0.8125 399.125 0.368627 0.5 0 0
11130 0.0812431 0.8125 399.125 0.368627 0.5 0 0
11140 0.0812389 0.8125 399.938 0.368627 0.5 0 0
11150 0.0812389 0.8125 399.938 0.368627 0.5 0 0
11160 0.0812323 0.8125 400.75 0.368627 0.5 0 0
11170 0.0812323 0.8125 400.75 0.368627 0.5 0 0
11180 0.0812308 0.8125 401.562 0.368627 0.5 0 0
11190 0.0812308 0.8125 401.562 0.372549 0.5 0 0
11200 0.0812308 0.8125 402.375 0.372549 0.5 0 0
11210 0.0812308 0.8125 402.375 0.368627 0.5 0 0
11220 0.0814523 0.9375 403.312 0.372549 0.5 0 0
11230 0.0814523 0.9375 403.312 0.372549 0.5 0 0
11240 0.0814481 0.8125 404.125 0.372549 0.5 0 0
11250 0.0814481 0.8125 404.125 0.372549 0.5 0 0
11260 0.081444 0.875 405 0.372549 0.5 0 0
11270 0.081444 0.875 405 0.372549 0.5 0 0
11280 0.081444 0.9375 405.938 0.372549 0.5 0 0
11290 0.081444 0.9375 405.938 0.372549 0.5 0 0
11300 0.081444 0.9375 406.875 0.372549 0.5 0 0
11310 0.081444 0.9375 406.875 0.372549 0.5 0 0
11320 0.0814426 0.8125 407.688 0.372549 0.5 0 0
11330 0.0814426 0.8125 407.688 0.372549 0.5 0 0
11340 0.0814378 0.8125 408.5 0.372549 0.5 0 0
11350 0.0814378 0.8125 408.5 0.372549 0.5 0 0
11360 0.0814008 0.8125 409.312 0.372549 0.5 0 0
11370 0.0814008 0.8125 409.312 0.372549 0.5 0 0
11380 0.0814013 0.9375 410.25 0.372549 0.5 0 0
11390 0.0814013 0.9375 410.25 0.372549 0.5 0 0
11400 0.0814014 0.9375 411.188 0.372549 0.5 0 0
11410 0.0814014 0.9375 411.188 0.372549 0.5 0 0
11420 0.0814014 0.9375 412.125 0.372549 0.5 0 0
11430 0.0814014 0.9375 412.125 0.372549 0.5 0 0
11440 0.0814008 0.875 413 0.372549 0.5 0 0
11450 0.0814008 0.875 413 0.372549 0.5 0 0
11460 0.0813973 0.8125 413.812 0.372549 0.5 0 0
11470 0.0813973 0.8125 413.812 0.372549 0.5 0 0
11480 0.081395 0.8125 414.625 0.372549 0.5 0 0
11490 0.081395 0.8125 414.625 0.372549 0.5 0 0
11500 0.0813936 0.8125 415.438 0.372549 0.5 0 0
11510 0.0813936 0.8125 415.438 0.372549 0.5 0 0
11520 0.0813936 0.8125 416.25 0.372549 0.5 0 0
11530 0.0813936 0.8125 416.25 0.372549 0.5 0 0
11540 0.0813936 0.875 417.125 0.372549 0.5 0 0
11550 0.0813936 0.875 417.125 0.372549 0.5 0 0
11560 0.0813916 0.875 418 0.372549 0.5 0 0
11570 0.0813916 0.875 418 0.372549 0.5 0 0
11580 0.0813882 0.875 418.875 0.372549 0.5 0 0
11590 0.0813882 0.875 418.875 0.372549 0.5 0 0
11600 0.0813877 0.8125 419.688 0.372549 0.5 0 0
11610 0.0813877 0.8125 419.688 0.372549 0.5 0 0
11620 0.08155 0.875 420.562 0.372549 0.5 0 0
11630 0.08155 0.875 420.562 0.372549 0.5 0 0
11640 0.0815571 1 421.562 0.372549 0.5 0 0
11650 0.0815571 1 421.562 0.372549 0.5 0 0
11660 0.081556 0.9375 422.5 0.372549 0.5 0 0
11670 0.081556 0.9375 422.5 0.372549 0.5 0 0
11680 0.0815516 0.9375 423.438 0.372549 0.5 0 0
11690 0.0815516 0.9375 423.438 0.372549 0.5 0 0
11700 0.0815506 0.9375 424.375 0.372549 0.5 0 0
11710 0.0815506 0.9375 424.375 0.372549 0.5 0 0
11720 0.0815502 0.9375 425.312 0.372549 0.5 0 0
11730 0.0815502 0.9375 425.312 0.372549 0.5 0 0
11740 0.0815541 0.9375 426.25 0.372549 0.5 0 0
11750 0.0815541 0.9375 426.25 0.372549 0.5 0 0
11760 0.0815593 0.8125 427.062 0.372549 0.5 0 0
11770 0.0815593 0.8125 427.062 0.372549 0.5 0 0
11780 0.0816089 0.875 427.938 0.376471 0.5 0 0
11790 0.0816089 0.875 427.938 0.376471 0.5 0 0
11800 0.0816079 0.9375 428.875 0.376471 0.5 0 0
11810 0.0816079 0.9375 428.875 0.376471 0.5 0 0
11820 0.0816239 0.9375 429.812 0.376471 0.5 0 0
11830 0.0816239 0.9375 429.812 0.372549 0.5 0 0
11840 0.0816364 0.9375 430.75 0.376471 0.5 0 0
11850 0.0816364 0.9375 430.75 0.372549 0.5 0 0
11860 0.0816565 0.9375 431.688 0.372549 0.5 0 0
11870 0.0816565 0.9375 431.688 0.372549 0.5 0 0
11880 0.0816769 0.875 432.562 0.372549 0.5 0 0
11890 0.0816769 0.875 432.562 0.376471 0.5 0 0
11900 0.0817553 0.8125 433.375 0.376471 0.5 0 0
11910 0.0817553 0.8125 433.375 0.376471 0.5 0 0
11920 0.0817399 0.8125 434.188 0.376471 0.5 0 0
11930 0.0817399 0.8125 434.188 0.372549 0.5 0 0
11940 0.0811132 0.8125 435 0.372549 0.5 0 0
11950 0.0811132 0.8125 435 0.368627 0.5 0 0
11960 0.0798328 0.8125 435.812 0.364706 0.5 0 0
11970 0.0798328 0.8125 435.812 0.364706 0.5 0 0
11980 0.0795026 0.8125 436.625 0.364706 0.5 0 0
11990 0.0795026 0.8125 436.625 0.364706 0.5 0 0
12000 0.0795752 0.9375 437.562 0.364706 0.5 0 0
12010 0.0795752 0.9375 437.562 0.364706 0.5 0 0
12020 0.0791721 0.9375 438.5 0.364706 0.5 0 0
12030 0.0791721 0.9375 438.5 0.364706 0.5 0 0
12040 0.0783824 0.9375 439.438 0.364706 0.5 0 0
12050 0.0783824 0.9375 439.438 0.364706 0.5 0 0
12060 0.0779806 0.9375 440.375 0.364706 0.5 0 0
12070 0.0779806 0.9375 440.375 0.364706 0.5 0 0
12080 0.0775835 0.9375 441.312 0.364706 0.5 0 0
12090 0.0775835 0.9375 441.312 0.364706 0.5 0 0
12100 0.077707 0.9375 442.25 0.364706 0.5 0 0
12110 0.077707 0.9375 442.25 0.364706 0.5 0 0
12120 0.0778176 0.9375 443.188 0.364706 0.5 0 0
12130 0.0778176 0.9375 443.188 0.364706 0.5 0 0
12140 0.0779607 0.9375 444.125 0.364706 0.5 0 0
12150 0.0779607 0.9375 444.125 0.368627 0.5 0 0
12160 0.0781024 0.9375 445.062 0.364706 0.5 0 0
12170 0.0781024 0.9375 445.062 0.364706 0.5 0 0
12180 0.0781597 0.9375 446 0.368627 0.5 0 0
12190 0.0781597 0.9375 446 0.368627 0.5 0 0
12200 0.0782064 0.9375 446.938 0.368627 0.5 0 0
12210 0.0782064 0.9375 446.938 0.368627 0.5 0 0
12220 0.0782417 0.9375 447.875 0.368627 0.5 0 0
12230 0.0782417 0.9375 447.875 0.368627 0.5 0 0
12240 0.0782476 0.9375 448.812 0.368627 0.5 0 0
12250 0.0782476 0.9375 448.812 0.364706 0.5 0 0
12260 0.0780249 0.9375 449.75 0.364706 0.5 0 0
12270 0.0780249 0.9375 449.75 0.364706 0.5 0 0
12280 0.0775433 0.8125 450.562 0.364706 0.5 0 0
12290 0.0775433 0.8125 450.562 0.364706 0.5 0 0
12300 0.0769741 0.8125 451.375 0.364706 0.5 0 0
12310 0.0769741 0.8125 451.375 0.364706 0.5 0 0
12320 0.076977 0.8125 452.188 0.364706 0.5 0 0
12330 0.076977 0.8125 452.188 0.364706 0.5 0 0
12340 0.0769864 0.8125 453 0.364706 0.5 0 0
12350 0.0769864 0.8125 453 0.360784 0.5 0 0
12360 0.0768306 0.75 453.75 0.360784 0.5 0 0
12370 0.0768306 0.75 453.75 0.360784 0.5 0 0
12380 0.0766786 0.8125 454.562 0.360784 0.5 0 0
12390 0.0766786 0.8125 454.562 0.364706 0.5 0 0
12400 0.0764883 0.8125 455.375 0.364706 0.5 0 0
12410 0.0764883 0.8125 455.375 0.360784 0.5 0 0
12420 0.076473 0.8125 456.188 0.364706 0.5 0 0
12430 0.076473 0.8125 456.188 0.360784 0.5 0 0
12440 0.0764704 0.8125 457 0.360784 0.5 0 0
12450 0.0764704 0.8125 457 0.360784 0.5 0 0
12460 0.0764704 0.6875 457.688 0.360784 0.5 0 0
12470 0.0764704 0.6875 457.688 0.364706 0.5 0 0
12480 0.0764704 0.6875 458.375 0.360784 0.5 0 0
12490 0.0764704 0.6875 458.375 0.360784 0.5 0 0
12500 0.0764704 0.625 459 0.360784 0.5 0 0
12510 0.0764704 0.625 459 0.364706 0.5 0 0
12520 0.0764704 0.625 459.625 0.360784 0.5 0 0
12530 0.0764704 0.625 459.625 0.360784 0.5 0 0
12540 0.0764733 0.625 460.25 0.364706 0.5 0 0
12550 0.0764733 0.625 460.25 0.364706 0.5 0 0
12560 0.076482 0.6875 460.938 0.364706 0.5 0 0
12570 0.076482 0.6875 460.938 0.360784 0.5 0 0
12580 0.0764891 0.75 461.688 0.360784 0.5 0 0
12590 0.0764891 0.75 461.688 0.364706 0.5 0 0
12600 0.076489 0.75 462.438 0.364706 0.5 0 0
12610 0.076489 0.75 462.438 0.364706 0.5 0 0
12620 0.076489 0.75 463.188 0.360784 0.5 0 0
12630 0.076489 0.75 463.188 0.364706 0.5 0 0
12640 0.076489 0.75 463.938 0.360784 0.5 0 0
12650 0.076489 0.75 463.938 0.364706 0.5 0 0
12660 0.0764914 0.75 464.688 0.360784 0.5 0 0
12670 0.0764914 0.75 464.688 0.364706 0.5 0 0
12680 0.0765191 0.75 465.438 0.364706 0.5 0 0
12690 0.0765191 0.75 465.438 0.364706 0.5 0 0
12700 0.0765278 0.75 466.188 0.360784 0.5 0 0
12710 0.0765278 0.75 466.188 0.360784 0.5 0 0
12720 0.0765269 0.75 466.938 0.364706 0.5 0 0
12730 0.0765269 0.75 466.938 0.364706 0.5 0 0
12740 0.0765269 0.75 467.688 0.360784 0.5 0 0
12750 0.0765269 0.75 467.688 0.364706 0.5 0 0
12760 0.0765269 0.75 468.438 0.360784 0.5 0 0
12770 0.0765269 0.75 468.438 0.364706 0.5 0 0
12780 0.0765294 0.6875 469.125 0.364706 0.5 0 0
12790 0.0765294 0.6875 469.125 0.364706 0.5 0 0
12800 0.0765453 0.875 470 0.360784 0.5 0 0
12810 0.0765453 0.875 470 0.360784 0.5 0 0
12820 0.0765069 0.875 470.875 0.360784 0.5 0 0
12830 0.0765069 0.875 470.875 0.360784 0.5 0 0
12840 0.0765051 0.875 471.75 0.360784 0.5 0 0
12850 0.0765051 0.875 471.75 0.360784 0.5 0 0
12860 0.076504 0.875 472.625 0.360784 0.5 0 0
12870 0.076504 0.875 472.625 0.360784 0.5 0 0
12880 0.076503 0.875 473.5 0.364706 0.5 0 0
12890 0.076503 0.875 473.5 0.360784 0.5 0 0
12900 0.0765127 0.875 474.375 0.364706 0.5 0 0
12910 0.0765127 0.875 474.375 0.364706 0.5 0 0
12920 0.0765279 0.875 475.25 0.360784 0.5 0 0
12930 0.0765279 0.875 475.25 0.364706 0.5 0 0
12940 0.076529 0.6875 475.938 0.360784 0.5 0 0
12950 0.076529 0.6875 475.938 0.360784 0.5 0 0
12960 0.076529 0.5625 476.5 0.360784 0.5 0 0
12970 0.076529 0.5625 476.5 0.364706 0.5 0 0
12980 0.0765266 0.6875 477.188 0.360784 0.5 0 0
12990 0.0765266 0.6875 477.188 0.364706 0.5 0 0
13000 0.0765286 0.625 477.812 0.364706 0.5 0 0
13010 0.0765286 0.625 477.812 0.364706 0.5 0 0
13020 0.0765486 0.6875 478.5 0.364706 0.5 0 0
13030 0.0765486 0.6875 478.5 0.360784 0.5 0 0
13040 0.076578 0.5625 479.062 0.360784 0.5 0 0
13050 0.076578 0.5625 479.062 0.364706 0.5 0 0
13060 0.0765863 0.4375 479.5 0.364706 0.5 0 0
13070 0.0765863 0.4375 479.5 0.360784 0.5 0 0
13080 0.0765861 0.625 480.125 0.364706 0.5 0 0
13090 0.0765861 0.625 480.125 0.360784 0.5 0 0
13100 0.0765842 0.75 480.875 0.364706 0.5 0 0
13110 0.0765842 0.75 480.875 0.360784 0.5 0 0
13120 0.076582 0.75 481.625 0.364706 0.5 0 0
13130 0.076582 0.75 481.625 0.360784 0.5 0 0
13140 0.0765805 0.75 482.375 0.360784 0.5 0 0
13150 0.0765805 0.75 482.375 0.360784 0.5 0 0
13160 0.0765911 0.75 483.125 0.364706 0.5 0 0
13170 0.0765911 0.75 483.125 0.364706 0.5 0 0
13180 0.0766023 0.75 483.875 0.360784 0.5 0 0
13190 0.0766023 0.75 483.875 0.360784 0.5 0 0
13200 0.0766021 0.75 484.625 0.364706 0.5 0 0
13210 0.0766021 0.75 484.625 0.364706 0.5 0 0
13220 0.0766009 0.75 485.375 0.360784 0.5 0 0
13230 0.0766009 0.75 485.375 0.364706 0.5 0 0
13240 0.0765979 0.8125 486.188 0.360784 0.5 0 0
13250 0.0765979 0.8125 486.188 0.360784 0.5 0 0
13260 0.0766035 0.8125 487 0.364706 0.5 0 0
13270 0.0766035 0.8125 487 0.364706 0.5 0 0
13280 0.0766142 0.875 487.875 0.364706 0.5 0 0
13290 0.0766142 0.875 487.875 0.360784 0.5 0 0
13300 0.0766232 0.875 488.75 0.360784 0.5 0 0
13310 0.0766232 0.875 488.75 0.360784 0.5 0 0
13320 0.0766229 0.875 489.625 0.360784 0.5 0 0
13330 0.0766229 0.875 489.625 0.364706 0.5 0 0
13340 0.0766214 0.8125 490.438 0.360784 0.5 0 0
13350 0.0766214 0.8125 490.438 0.360784 0.5 0 0
13360 0.076639 0.875 491.312 0.364706 0.5 0 0
13370 0.076639 0.875 491.312 0.364706 0.5 0 0
13380 0.0766544 0.875 492.188 0.364706 0.5 0 0
13390 0.0766544 0.875 492.188 0.364706 0.5 0 0
13400 0.0766698 0.875 493.062 0.360784 0.5 0 0
13410 0.0766698 0.875 493.062 0.364706 0.5 0 0
13420 0.0766792 0.875 493.938 0.360784 0.5 0 0
13430 0.0766792 0.875 493.938 0.360784 0.5 0 0
13440 0.0766794 0.875 494.812 0.360784 0.5 0 0
13450 0.0766794 0.875 494.812 0.360784 0.5 0 0
13460 0.0766952 0.9375 495.75 0.364706 0.5 0 0
13470 0.0766952 0.9375 495.75 0.364706 0.5 0 0
13480 0.0766977 0.9375 496.688 0.360784 0.5 0 0
13490 0.0766977 0.9375 496.688 0.364706 0.5 0 0
13500 0.0766993 0.9375 497.625 0.364706 0.5 0 0
13510 0.0766993 0.9375 497.625 0.360784 0.5 0 0
13520 0.0767168 0.9375 498.562 0.364706 0.5 0 0
13530 0.0767168 0.9375 498.562 0.360784 0.5 0 0
13540 0.0767231 0.875 499.438 0.364706 0.5 0 0
13550 0.0767231 0.875 499.438 0.360784 0.5 0 0
13560 0.0767143 0.75 500.188 0.364706 0.5 0 0
13570 0.0767143 0.75 500.188 0.360784 0.5 0 0
13580 0.0767301 0.8125 501 0.360784 0.5 0 0
13590 0.0767301 0.8125 501 0.360784 0.5 0 0
13600 0.0767575 0.8125 501.812 0.356863 0.5 0 0
13610 0.0767575 0.8125 501.812 0.356863 0.5 0 0
13620 0.0768049 0.875 502.688 0.356863 0.5 0 0
13630 0.0768049 0.875 502.688 0.356863 0.5 0 0
13640 0.0768395 0.875 503.562 0.356863 0.5 0 0
13650 0.0768395 0.875 503.562 0.356863 0.5 0 0
13660 0.0768566 0.8125 504.375 0.356863 0.5 0 0
13670 0.0768566 0.8125 504.375 0.356863 0.5 0 0
13680 0.0768466 0.875 505.25 0.356863 0.5 0 0
13690 0.0768466 0.875 505.25 0.356863 0.5 0 0
13700 0.0768481 0.875 506.125 0.356863 0.5 0 0
13710 0.0768481 0.875 506.125 0.356863 0.5 0 0
13720 0.0768435 0.875 507 0.356863 0.5 0 0
13730 0.0768435 0.875 507 0.356863 0.5 0 0
13740 0.0768583 0.875 507.875 0.356863 0.5 0 0
13750 0.0768583 0.875 507.875 0.356863 0.5 0 0
13760 0.076879 0.875 508.75 0.356863 0.5 0 0
13770 0.076879 0.875 508.75 0.356863 0.5 0 0
13780 0.0768941 0.875 509.625 0.356863 0.5 0 0
13790 0.0768941 0.875 509.625 0.356863 0.5 0 0
13800 0.0769227 0.75 510.375 0.356863 0.5 0 0
13810 0.0769227 0.75 510.375 0.360784 0.5 0 0
13820 0.0773011 0.75 511.125 0.360784 0.5 0 0
13830 0.0773011 0.75 511.125 0.360784 0.5 0 0
13840 0.0773364 0.6875 511.812 0.360784 0.5 0 0
13850 0.0773364 0.6875 511.812 0.360784 0.5 0 0
13860 0.0772453 0.75 512.562 0.356863 0.5 0 0
13870 0.0772453 0.75 512.562 0.356863 0.5 0 0
13880 0.0767917 0.6875 513.25 0.352941 0.5 0 0
13890 0.0767917 0.6875 513.25 0.352941 0.5 0 0
13900 0.0756577 0.6875 513.938 0.352941 0.5 0 0
13910 0.0756577 0.6875 513.938 0.352941 0.5 0 0
13920 0.0749796 0.8125 514.75 0.352941 0.5 0 0
13930 0.0749796 0.8125 514.75 0.352941 0.5 0 0
13940 0.0746529 0.8125 515.562 0.352941 0.5 0 0
13950 0.0746529 0.8125 515.562 0.352941 0.5 0 0
13960 0.0740683 0.75 516.312 0.352941 0.5 0 0
13970 0.0740683 0.75 516.312 0.352941 0.5 0 0
13980 0.0731534 0.75 517.062 0.352941 0.5 0 0
13990 0.0731534 0.75 517.062 0.352941 0.5 0 0
14000 0.0728413 0.75 517.812 0.352941 0.5 0 0
14010 0.0728413 0.75 517.812 0.352941 0.5 0 0
14020 0.073329 0.6875 518.5 0.352941 0.5 0 0
14030 0.073329 0.6875 518.5 0.352941 0.5 0 0
14040 0.0740403 0.75 519.25 0.352941 0.5 0 0
14050 0.0740403 0.75 519.25 0.352941 0.5 0 0
14060 0.0744397 0.75 520 0.352941 0.5 0 0
14070 0.0744397 0.75 520 0.34902 0.5 0 0
14080 0.0743947 0.6875 520.688 0.352941 0.5 0 0
14090 0.0743947 0.6875 520.688 0.34902 0.5 0 0
14100 0.0742267 0.75 521.438 0.352941 0.5 0 0
14110 0.0742267 0.75 521.438 0.352941 0.5 0 0
14120 0.0736095 0.75 522.188 0.34902 0.5 0 0
14130 0.0736095 0.75 522.188 0.345098 0.5 0 0
14140 0.0724166 0.75 522.938 0.345098 0.5 0 0
14150 0.0724166 0.75 522.938 0.341176 0.5 0 0
14160 0.0714512 0.75 523.688 0.341176 0.5 0 0
14170 0.0714512 0.75 523.688 0.341176 0.5 0 0
14180 0.0711202 0.6875 524.375 0.341176 0.5 0 0
14190 0.0711202 0.6875 524.375 0.345098 0.5 0 0
14200 0.0705982 0.625 525 0.341176 0.5 0 0
14210 0.0705982 0.625 525 0.341176 0.5 0 0
14220 0.0710071 0.625 525.625 0.345098 0.5 0 0
14230 0.0710071 0.625 525.625 0.345098 0.5 0 0
14240 0.0704776 0.5625 526.188 0.345098 0.5 0 0
14250 0.0704776 0.5625 526.188 0.345098 0.5 0 0
14260 0.0703551 0.6875 526.875 0.345098 0.5 0 0
14270 0.0703551 0.6875 526.875 0.345098 0.5 0 0
14280 0.0703839 0.6875 527.562 0.345098 0.5 0 0
14290 0.0703839 0.6875 527.562 0.345098 0.5 0 0
14300 0.0702928 0.5625 528.125 0.345098 0.5 0 0
14310 0.0702928 0.5625 528.125 0.341176 0.5 0 0
14320 0.0695926 0.5625 528.688 0.341176 0.5 0 0
14330 0.0695926 0.5625 528.688 0.337255 0.5 0 0
14340 0.0686969 0.4375 529.125 0.337255 0.5 0 0
14350 0.0686969 0.4375 529.125 0.333333 0.5 0 0
14360 0.0680436 0.4375 529.562 0.333333 0.5 0 0
14370 0.0680436 0.4375 529.562 0.329412 0.5 0 0
14380 0.0685357 0.375 529.938 0.333333 0.5 0 0
14390 0.0685357 0.375 529.938 0.333333 0.5 0 0
14400 0.0690991 0.375 530.312 0.337255 0.5 0 0
14410 0.0690991 0.375 530.312 0.341176 0.5 0 0
14420 0.06849 0.375 530.688 0.341176 0.5 0 0
14430 0.06849 0.375 530.688 0.341176 0.5 0 0
14440 0.0673935 0.375 531.062 0.341176 0.5 0 0
14450 0.0673935 0.375 531.062 0.337255 0.5 0 0
14460 0.0668125 0.375 531.438 0.333333 0.5 0 0
14470 0.0668125 0.375 531.438 0.329412 0.5 0 0
14480 0.0651488 0.375 531.812 0.321569 0.5 0 0
14490 0.0651488 0.375 531.812 0.32549 0.5 0 0
14500 0.0638037 0.25 532.062 0.321569 0.5 0 0
14510 0.0638037 0.25 532.062 0.321569 0.5 0 0
14520 0.063782 0.375 532.438 0.333333 0.5 0 0
14530 0.063782 0.375 532.438 0.337255 0.5 0 0
14540 0.0637385 0.4375 532.875 0.333333 0.5 0 0
14550 0.0637385 0.4375 532.875 0.333333 0.5 0 0
14560 0.0632289 0.4375 533.312 0.333333 0.5 0 0
14570 0.0632289 0.4375 533.312 0.329412 0.5 0 0
14580 0.062897 0.4375 533.75 0.333333 0.5 0 0
14590 0.062897 0.4375 533.75 0.333333 0.5 0 0
14600 0.0628957 0.4375 534.188 0.329412 0.5 0 0
14610 0.0628957 0.4375 534.188 0.333333 0.5 0 0
14620 0.0628938 0.4375 534.625 0.333333 0.5 0 0
14630 0.0628938 0.4375 534.625 0.333333 0.5 0 0
14640 0.0627775 0.4375 535.062 0.329412 0.5 0 0
14650 0.0627775 0.4375 535.062 0.32549 0.5 0 0
14660 0.0626906 0.4375 535.5 0.329412 0.5 0 0
14670 0.0626906 0.4375 535.5 0.333333 0.5 0 0
14680 0.0626892 0.4375 535.938 0.337255 0.5 0 0
14690 0.0626892 0.4375 535.938 0.32549 0.5 0 0
14700 0.0626824 0.5 536.438 0.341176 0.5 0 0
14710 0.0626824 0.5 536.438 0.333333 0.5 0 0
14720 0.0625693 0.625 537.062 0.333333 0.5 0 0
14730 0.0625693 0.625 537.062 0.321569 0.5 0 0
14740 0.063574 0.625 537.688 0.32549 0.5 0 0
14750 0.063574 0.625 537.688 0.329412 0.5 0 0
14760 0.0641683 0.625 538.312 0.329412 0.5 0 0
14770 0.0641683 0.625 538.312 0.329412 0.5 0 0
14780 0.0648699 0.625 538.938 0.329412 0.5 0 0
14790 0.0648699 0.625 538.938 0.329412 0.5 0 0
14800 0.0656338 0.5 539.438 0.329412 0.5 0 0
14810 0.0656338 0.5 539.438 0.32549 0.5 0 0
14820 0.0665882 0.375 539.812 0.32549 0.5 0 0
14830 0.0665882 0.375 539.812 0.329412 0.5 0 0
14840 0.0674217 0.5 540.312 0.333333 0.5 0 0
14850 0.0674217 0.5 540.312 0.337255 0.5 0 0
14860 0.0677168 0.625 540.938 0.341176 0.5 0 0
14870 0.0677168 0.625 540.938 0.337255 0.5 0 0
14880 0.0677162 0.625 541.562 0.337255 0.5 0 0
14890 0.0677162 0.625 541.562 0.341176 0.5 0 0
14900 0.0677693 0.625 542.188 0.341176 0.5 0 0
14910 0.0677693 0.625 542.188 0.341176 0.5 0 0
14920 0.0675663 0.5625 542.75 0.341176 0.5 0 0
14930 0.0675663 0.5625 542.75 0.341176 0.5 0 0
14940 0.0671262 0.5 543.25 0.341176 0.5 0 0
14950 0.0671262 0.5 543.25 0.333333 0.5 0 0
14960 0.0661193 0.375 543.625 0.333333 0.5 0 0
14970 0.0661193 0.375 543.625 0.329412 0.5 0 0
14980 0.0650364 0.375 544 0.321569 0.5 0 0
14990 0.0650364 0.375 544 0.317647 0.5 0 0
15000 0.0636519 0.375 544.375 0.309804 0.5 0 0
15010 0.0636519 0.375 544.375 0.309804 0.5 0 0
15020 0.0625444 0.375 544.75 0.309804 0.5 0 0
15030 0.0625444 0.375 544.75 0.309804 0.5 0 0
15040 0.0618191 0.625 545.375 0.309804 0.5 0 0
15050 0.0618191 0.625 545.375 0.313725 0.5 0 0
15060 0.0606389 0.625 546 0.313725 0.5 0 0
15070 0.0606389 0.625 546 0.313725 0.5 0 0
15080 0.0599026 0.625 546.625 0.317647 0.5 0 0
15090 0.0599026 0.625 546.625 0.313725 0.5 0 0
15100 0.059285 0.625 547.25 0.313725 0.5 0 0
15110 0.059285 0.625 547.25 0.313725 0.5 0 0
15120 0.0587914 0.625 547.875 0.317647 0.5 0 0
15130 0.0587914 0.625 547.875 0.313725 0.5 0 0
15140 0.0587364 0.625 548.5 0.313725 0.5 0 0
15150 0.0587364 0.625 548.5 0.313725 0.5 0 0
15160 0.0587282 0.625 549.125 0.313725 0.5 0 0
15170 0.0587282 0.625 549.125 0.317647 0.5 0 0
15180 0.0587185 0.625 549.75 0.313725 0.5 0 0
15190 0.0587185 0.625 549.75 0.317647 0.5 0 0
15200 0.058715 0.625 550.375 0.313725 0.5 0 0
15210 0.058715 0.625 550.375 0.313725 0.5 0 0
15220 0.058713 0.625 551 0.313725 0.5 0 0
15230 0.058713 0.625 551 0.317647 0.5 0 0
15240 0.0587602 0.625 551.625 0.317647 0.5 0 0
15250 0.0587602 0.625 551.625 0.313725 0.5 0 0
15260 0.0593805 0.625 552.25 0.313725 0.5 0 0
15270 0.0593805 0.625 552.25 0.313725 0.5 0 0
15280 0.0596903 0.625 552.875 0.313725 0.5 0 0
15290 0.0596903 0.625 552.875 0.313725 0.5 0 0
15300 0.0604285 0.625 553.5 0.313725 0.5 0 0
15310 0.0604285 0.625 553.5 0.313725 0.5 0 0
15320 0.0608884 0.625 554.125 0.313725 0.5 0 0
15330 0.0608884 0.625 554.125 0.313725 0.5 0 0
15340 0.0613191 0.875 555 0.317647 0.5 0 0
15350 0.0613191 0.875 555 0.321569 0.5 0 0
15360 0.0615291 0.875 555.875 0.321569 0.5 0 0
15370 0.0615291 0.875 555.875 0.317647 0.5 0 0
15380 0.0614853 0.875 556.75 0.321569 0.5 0 0
15390 0.0614853 0.875 556.75 0.321569 0.5 0 0
15400 0.061059 0.8125 557.562 0.321569 0.5 0 0
15410 0.061059 0.8125 557.562 0.321569 0.5 0 0
15420 0.0602593 0.8125 558.375 0.32549 0.5 0 0
15430 0.0602593 0.8125 558.375 0.321569 0.5 0 0
15440 0.0592544 0.75 559.125 0.313725 0.5 0 0
15450 0.0592544 0.75 559.125 0.309804 0.5 0 0
15460 0.0576272 0.625 559.75 0.309804 0.5 0 0
15470 0.0576272 0.625 559.75 0.317647 0.5 0 0
15480 0.0570248 0.6875 560.438 0.317647 0.5 0 0
15490 0.0570248 0.6875 560.438 0.313725 0.5 0 0
15500 0.0568409 0.6875 561.125 0.317647 0.5 0 0
15510 0.0568409 0.6875 561.125 0.321569 0.5 0 0
15520 0.0568079 0.75 561.875 0.317647 0.5 0 0
15530 0.0568079 0.75 561.875 0.317647 0.5 0 0
15540 0.0567807 0.75 562.625 0.321569 0.5 0 0
15550 0.0567807 0.75 562.625 0.317647 0.5 0 0
15560 0.0567807 0.75 563.375 0.317647 0.5 0 0
15570 0.0567807 0.75 563.375 0.321569 0.5 0 0
15580 0.0567781 0.75 564.125 0.317647 0.5 0 0
15590 0.0567781 0.75 564.125 0.317647 0.5 0 0
15600 0.0567733 0.8125 564.938 0.317647 0.5 0 0
15610 0.0567733 0.8125 564.938 0.313725 0.5 0 0
15620 0.0567697 0.6875 565.625 0.317647 0.5 0 0
15630 0.0567697 0.6875 565.625 0.317647 0.5 0 0
15640 0.0567674 0.625 566.25 0.317647 0.5 0 0
15650 0.0567674 0.625 566.25 0.321569 0.5 0 0
15660 0.0567616 0.6875 566.938 0.317647 0.5 0 0
15670 0.0567616 0.6875 566.938 0.317647 0.5 0 0
15680 0.0567561 0.5625 567.5 0.317647 0.5 0 0
15690 0.0567561 0.5625 567.5 0.313725 0.5 0 0
15700 0.0567507 0.5625 568.062 0.317647 0.5 0 0
15710 0.0567507 0.5625 568.062 0.321569 0.5 0 0
15720 0.0567475 0.5 568.562 0.317647 0.5 0 0
15730 0.0567475 0.5 568.562 0.317647 0.5 0 0
15740 0.0567419 0.4375 569 0.317647 0.5 0 0
15750 0.0567419 0.4375 569 0.317647 0.5 0 0
15760 0.056725 0.625 569.625 0.321569 0.5 0 0
15770 0.056725 0.625 569.625 0.317647 0.5 0 0
15780 0.0565693 0.6875 570.312 0.317647 0.5 0 0
15790 0.0565693 0.6875 570.312 0.321569 0.5 0 0
15800 0.0564908 0.75 571.062 0.321569 0.5 0 0
15810 0.0564908 0.75 571.062 0.321569 0.5 0 0
15820 0.0564632 0.8125 571.875 0.321569 0.5 0 0
15830 0.0564632 0.8125 571.875 0.317647 0.5 0 0
15840 0.0562843 0.8125 572.688 0.321569 0.5 0 0
15850 0.0562843 0.8125 572.688 0.321569 0.5 0 0
15860 0.0558887 1 573.688 0.321569 0.5 0 0
15870 0.0558887 1 573.688 0.317647 0.5 0 0
15880 0.0557549 1 574.688 0.317647 0.5 0 0
15890 0.0557549 1 574.688 0.321569 0.5 0 0
15900 0.0557223 0.8125 575.5 0.321569 0.5 0 0
15910 0.0557223 0.8125 575.5 0.321569 0.5 0 0
15920 0.0556931 0.6875 576.188 0.321569 0.5 0 0
15930 0.0556931 0.6875 576.188 0.321569 0.5 0 0
15940 0.0556808 0.75 576.938 0.321569 0.5 0 0
15950 0.0556808 0.75 576.938 0.317647 0.5 0 0
15960 0.0556337 0.75 577.688 0.321569 0.5 0 0
15970 0.0556337 0.75 577.688 0.321569 0.5 0 0
15980 0.0556174 0.6875 578.375 0.317647 0.5 0 0
15990 0.0556174 0.6875 578.375 0.317647 0.5 0 0
16000 0.0556097 0.6875 579.062 0.321569 0.5 0 0
16010 0.0556097 0.6875 579.062 0.317647 0.5 0 0
16020 0.0556025 0.875 579.938 0.317647 0.5 0 0
16030 0.0556025 0.875 579.938 0.317647 0.5 0 0
16040 0.0554034 0.8125 580.75 0.317647 0.5 0 0
16050 0.0554034 0.8125 580.75 0.321569 0.5 0 0
16060 0.0551609 0.8125 581.562 0.317647 0.5 0 0
16070 0.0551609 0.8125 581.562 0.317647 0.5 0 0
16080 0.0551404 0.9375 582.5 0.317647 0.5 0 0
16090 0.0551404 0.9375 582.5 0.317647 0.5 0 0
16100 0.0551393 0.9375 583.438 0.321569 0.5 0 0
16110 0.0551393 0.9375 583.438 0.317647 0.5 0 0
16120 0.0551353 0.9375 584.375 0.317647 0.5 0 0
16130 0.0551353 0.9375 584.375 0.317647 0.5 0 0
16140 0.0551273 0.9375 585.312 0.317647 0.5 0 0
16150 0.0551273 0.9375 585.312 0.321569 0.5 0 0
16160 0.0551162 0.875 586.188 0.317647 0.5 0 0
16170 0.0551162 0.875 586.188 0.321569 0.5 0 0
16180 0.0551126 0.6875 586.875 0.317647 0.5 0 0
16190 0.0551126 0.6875 586.875 0.317647 0.5 0 0
16200 0.0551071 0.6875 587.562 0.317647 0.5 0 0
16210 0.0551071 0.6875 587.562 0.321569 0.5 0 0
16220 0.0551071 0.6875 588.25 0.317647 0.5 0 0
16230 0.0551071 0.6875 588.25 0.317647 0.5 0 0
16240 0.0551039 0.6875 588.938 0.317647 0.5 0 0
16250 0.0551039 0.6875 588.938 0.317647 0.5 0 0
16260 0.0551002 0.625 589.562 0.321569 0.5 0 0
16270 0.0551002 0.625 589.562 0.317647 0.5 0 0
16280 0.0550396 0.8125 590.375 0.321569 0.5 0 0
16290 0.0550396 0.8125 590.375 0.317647 0.5 0 0
16300 0.0550272 0.8125 591.188 0.321569 0.5 0 0
16310 0.0550272 0.8125 591.188 0.317647 0.5 0 0
16320 0.0550244 0.8125 592 0.317647 0.5 0 0
16330 0.0550244 0.8125 592 0.317647 0.5 0 0
16340 0.0550247 0.8125 592.812 0.317647 0.5 0 0
16350 0.0550247 0.8125 592.812 0.321569 0.5 0 0
16360 0.0549738 0.8125 593.625 0.317647 0.5 0 0
16370 0.0549738 0.8125 593.625 0.321569 0.5 0 0
16380 0.0549722 0.8125 594.438 0.321569 0.5 0 0
16390 0.0549722 0.8125 594.438 0.317647 0.5 0 0
16400 0.0549687 0.8125 595.25 0.317647 0.5 0 0
16410 0.0549687 0.8125 595.25 0.317647 0.5 0 0
16420 0.0549613 0.8125 596.062 0.317647 0.5 0 0
16430 0.0549613 0.8125 596.062 0.317647 0.5 0 0
16440 0.0549563 0.75 596.812 0.321569 0.5 0 0
16450 0.0549563 0.75 596.812 0.321569 0.5 0 0
16460 0.0549408 0.8125 597.625 0.317647 0.5 0 0
16470 0.0549408 0.8125 597.625 0.321569 0.5 0 0
16480 0.0549341 0.75 598.375 0.317647 0.5 0 0
16490 0.0549341 0.75 598.375 0.317647 0.5 0 0
16500 0.0549304 0.8125 599.188 0.317647 0.5 0 0
16510 0.0549304 0.8125 599.188 0.317647 0.5 0 0
16520 0.0549207 0.8125 600 0.321569 0.5 0 0
16530 0.0549207 0.8125 600 0.321569 0.5 0 0
16540 0.0549118 0.75 600.75 0.317647 0.5 0 0
16550 0.0549118 0.75 600.75 0.321569 0.5 0 0
16560 0.0549005 0.8125 601.562 0.317647 0.5 0 0
16570 0.0549005 0.8125 601.562 0.321569 0.5 0 0
16580 0.0548836 0.8125 602.375 0.317647 0.5 0 0
16590 0.0548836 0.8125 602.375 0.317647 0.5 0 0
16600 0.0549229 0.8125 603.188 0.317647 0.5 0 0
16610 0.0549229 0.8125 603.188 0.317647 0.5 0 0
16620 0.0555289 0.8125 604 0.313725 0.5 0 0
16630 0.0555289 0.8125 604 0.309804 0.5 0 0
16640 0.0558971 0.875 604.875 0.309804 0.5 0 0
16650 0.0558971 0.875 604.875 0.305882 0.5 0 0
16660 0.0563405 0.875 605.75 0.301961 0.5 0 0
16670 0.0563405 0.875 605.75 0.301961 0.5 0 0
16680 0.0568783 0.875 606.625 0.309804 0.5 0 0
16690 0.0568783 0.875 606.625 0.309804 0.5 0 0
16700 0.0570494 0.875 607.5 0.313725 0.5 0 0
16710 0.0570494 0.875 607.5 0.313725 0.5 0 0
16720 0.0570292 0.875 608.375 0.313725 0.5 0 0
16730 0.0570292 0.875 608.375 0.313725 0.5 0 0
16740 0.0566742 0.75 609.125 0.305882 0.5 0 0
16750 0.0566742 0.75 609.125 0.298039 0.5 0 0
16760 0.0559545 0.75 609.875 0.290196 0.5 0 0
16770 0.0559545 0.75 609.875 0.294118 0.5 0 0
16780 0.0556346 0.75 610.625 0.298039 0.5 0 0
16790 0.0556346 0.75 610.625 0.290196 0.5 0 0
16800 0.0563699 0.75 611.375 0.298039 0.5 0 0
16810 0.0563699 0.75 611.375 0.298039 0.5 0 0
16820 0.056306 0.75 612.125 0.298039 0.5 0 0
16830 0.056306 0.75 612.125 0.294118 0.5 0 0
16840 0.0556363 0.75 612.875 0.286275 0.5 0 0
16850 0.0556363 0.75 612.875 0.286275 0.5 0 0
16860 0.0552853 0.8125 613.688 0.286275 0.5 0 0
16870 0.0552853 0.8125 613.688 0.286275 0.5 0 0
16880 0.0545315 0.75 614.438 0.286275 0.5 0 0
16890 0.0545315 0.75 614.438 0.286275 0.5 0 0
16900 0.0542324 0.75 615.188 0.286275 0.5 0 0
16910 0.0542324 0.75 615.188 0.286275 0.5 0 0
16920 0.0539683 0.875 616.062 0.282353 0.5 0 0
16930 0.0539683 0.875 616.062 0.286275 0.5 0 0
16940 0.0536797 0.875 616.938 0.286275 0.5 0 0
16950 0.0536797 0.875 616.938 0.286275 0.5 0 0
16960 0.0534766 0.875 617.812 0.286275 0.5 0 0
16970 0.0534766 0.875 617.812 0.286275 0.5 0 0
16980 0.0533659 0.875 618.688 0.286275 0.5 0 0
16990 0.0533659 0.875 618.688 0.286275 0.5 0 0
17000 0.0532781 0.875 619.562 0.286275 0.5 0 0
17010 0.0532781 0.875 619.562 0.286275 0.5 0 0
17020 0.0531679 0.875 620.438 0.286275 0.5 0 0
17030 0.0531679 0.875 620.438 0.286275 0.5 0 0
17040 0.0529965 0.75 621.188 0.286275 0.5 0 0
17050 0.0529965 0.75 621.188 0.286275 0.5 0 0
17060 0.0529109 0.75 621.938 0.286275 0.5 0 0
17070 0.0529109 0.75 621.938 0.286275 0.5 0 0
17080 0.0528697 0.8125 622.75 0.286275 0.5 0 0
17090 0.0528697 0.8125 622.75 0.286275 0.5 0 0
17100 0.0528469 0.8125 623.562 0.286275 0.5 0 0
17110 0.0528469 0.8125 623.562 0.286275 0.5 0 0
17120 0.0528232 0.8125 624.375 0.286275 0.5 0 0
17130 0.0528232 0.8125 624.375 0.286275 0.5 0 0
17140 0.0527799 0.8125 625.188 0.286275 0.5 0 0
17150 0.0527799 0.8125 625.188 0.286275 0.5 0 0
17160 0.0526851 0.8125 626 0.286275 0.5 0 0
17170 0.0526851 0.8125 626 0.286275 0.5 0 0
17180 0.0526112 0.875 626.875 0.286275 0.5 0 0
17190 0.0526112 0.875 626.875 0.286275 0.5 0 0
17200 0.0525818 0.75 627.625 0.286275 0.5 0 0
17210 0.0525818 0.75 627.625 0.290196 0.5 0 0
17220 0.0525217 0.8125 628.438 0.286275 0.5 0 0
17230 0.0525217 0.8125 628.438 0.286275 0.5 0 0
17240 0.0525042 0.875 629.312 0.290196 0.5 0 0
17250 0.0525042 0.875 629.312 0.290196 0.5 0 0
17260 0.0524918 0.875 630.188 0.286275 0.5 0 0
17270 0.0524918 0.875 630.188 0.290196 0.5 0 0
17280 0.0524704 0.875 631.062 0.290196 0.5 0 0
17290 0.0524704 0.875 631.062 0.290196 0.5 0 0
17300 0.0533671 0.875 631.938 0.290196 0.5 0 0
17310 0.0533671 0.875 631.938 0.290196 0.5 0 0
17320 0.0537942 0.875 632.812 0.294118 0.5 0 0
17330 0.0537942 0.875 632.812 0.294118 0.5 0 0
17340 0.0537918 0.875 633.688 0.294118 0.5 0 0
17350 0.0537918 0.875 633.688 0.294118 0.5 0 0
17360 0.0539366 0.875 634.562 0.290196 0.5 0 0
17370 0.0539366 0.875 634.562 0.286275 0.5 0 0
17380 0.0534982 0.9375 635.5 0.286275 0.5 0 0
17390 0.0534982 0.9375 635.5 0.329412 0.5 0 0
17400 0.0519575 0.9375 636.438 0.352941 0.5 0 0
17410 0.0519575 0.9375 636.438 0.345098 0.5 0 0
17420 0.0517312 0.875 637.312 0.337255 0.5 0 0
17430 0.0517312 0.875 637.312 0.333333 0.5 0 0
17440 0.0516409 0.875 638.188 0.333333 0.5 0 0
17450 0.0516409 0.875 638.188 0.337255 0.5 0 0
17460 0.0516379 0.875 639.062 0.345098 0.5 0 0
17470 0.0516379 0.875 639.062 0.345098 0.5 0 0
17480 0.0516128 0.875 639.938 0.34902 0.5 0 0
17490 0.0516128 0.875 639.938 0.333333 0.5 0 0
17500 0.0515434 0.8125 640.75 0.337255 0.5 0 0
17510 0.0515434 0.8125 640.75 0.333333 0.5 0 0
17520 0.0515195 0.875 641.625 0.352941 0.5 0 0
17530 0.0515195 0.875 641.625 0.352941 0.5 0 0
17540 0.0514699 0.875 642.5 0.364706 0.5 0 0
17550 0.0514699 0.875 642.5 0.360784 0.5 0 0
17560 0.0514313 0.875 643.375 0.364706 0.5 0 0
17570 0.0514313 0.875 643.375 0.376471 0.5 0 0
17580 0.051399 0.875 644.25 0.403922 0.5 0 0
17590 0.051399 0.875 644.25 0.392157 0.5 0 0
17600 0.0513172 0.875 645.125 0.415686 0.5 0 0
17610 0.0513172 0.875 645.125 0.517647 0.5 0 0
17620 0.0509212 0.8125 645.938 0.439216 0.5 0 0
17630 0.0509212 0.8125 645.938 0.431373 0.5 0 0
17640 0.0502681 0.9375 646.875 0.364706 0.5 0 0
17650 0.0502681 0.9375 646.875 0.388235 0.5 0 0
17660 0.0501231 0.9375 647.812 0.403922 0.5 0 0
17670 0.0501231 0.9375 647.812 0.419608 0.5 0 0
17680 0.0500512 1 648.812 0.407843 0.5 0 0
17690 0.0500512 1 648.812 0.411765 0.5 0 0
17700 0.0500134 0.9375 649.75 0.435294 0.5 0 0
17710 0.0500134 0.9375 649.75 0.443137 0.5 0 0
17720 0.0500558 1 650.75 0.431373 0.5 0 0
17730 0.0500558 1 650.75 0.407843 0.5 0 0
17740 0.0502515 1 651.75 0.443137 0.5 0 0
17750 0.0502515 1 651.75 0.4 0.5 0 0
17760 0.0504924 1 652.75 0.52549 0.5 0 0
17770 0.0504924 1 652.75 0.435294 0.5 0 0
17780 0.0506903 1 653.75 0.407843 0.5 0 0
17790 0.0506903 1 653.75 0.439216 0.5 0 0
17800 0.050906 0.9375 654.688 0.415686 0.5 0 0
17810 0.050906 0.9375 654.688 0.52549 0.5 0 0
17820 0.0511058 0.9375 655.625 0.447059 0.5 0 0
17830 0.0511058 0.9375 655.625 0.415686 0.5 0 0
17840 0.0513167 0.9375 656.562 0.443137 0.5 0 0
17850 0.0513167 0.9375 656.562 0.415686 0.5 0 0
17860 0.0516788 0.9375 657.5 0.435294 0.5 0 0
17870 0.0516788 0.9375 657.5 0.509804 0.5 0 0
17880 0.0521914 0.9375 658.438 0.443137 0.5 0 0
17890 0.0521914 0.9375 658.438 0.596078 0.5 0 0
17900 0.0525715 0.9375 659.375 0.517647 0.5 0 0
17910 0.0525715 0.9375 659.375 0.462745 0.5 0 0
17920 0.0526078 0.9375 660.312 0.466667 0.5 0 0
17930 0.0526078 0.9375 660.312 0.458824 0.5 0 0
17940 0.0526078 0.9375 661.25 0.443137 0.5 0 0
17950 0.0526078 0.9375 661.25 0.470588 0.5 0 0
17960 0.052601 0.9375 662.188 0.541176 0.5 0 0
17970 0.052601 0.9375 662.188 0.478431 0.5 0 0
17980 0.0525378 0.9375 663.125 0.517647 0.5 0 0
17990 0.0525378 0.9375 663.125 0.509804 0.5 0 0
18000 0.0525042 0.9375 664.062 0.478431 0.5 0 0
18010 0.0525042 0.9375 664.062 0.490196 0.5 0 0
18020 0.0524922 0.9375 665 0.466667 0.5 0 0
18030 0.0524922 0.9375 665 0.486275 0.5 0 0
18040 0.0524637 0.9375 665.938 0.580392 0.5 0 0
18050 0.0524637 0.9375 665.938 0.462745 0.5 0 0
18060 0.0524555 0.9375 666.875 0.592157 0.5 0 0
18070 0.0524555 0.9375 666.875 0.435294 0.5 0 0
18080 0.052449 0.9375 667.812 0.47451 0.5 0 0
18090 0.052449 0.9375 667.812 0.478431 0.5 0 0
18100 0.0524404 0.9375 668.75 0.45098 0.5 0 0
18110 0.0524404 0.9375 668.75 0.588235 0.5 0 0
18120 0.0524393 0.9375 669.688 0.45098 0.5 0 0
18130 0.0524393 0.9375 669.688 0.443137 0.5 0 0
18140 0.0524371 0.9375 670.625 0.454902 0.5 0 0
18150 0.0524371 0.9375 670.625 0.486275 0.5 0 0
18160 0.0524101 0.875 671.5 0.486275 0.5 0 0
18170 0.0524101 0.875 671.5 0.447059 0.5 0 0
18180 0.0523905 0.9375 672.438 0.478431 0.5 0 0
18190 0.0523905 0.9375 672.438 0.486275 0.5 0 0
18200 0.0523842 0.9375 673.375 0.435294 0.5 0 0
18210 0.0523842 0.9375 673.375 0.431373 0.5 0 0
18220 0.0523779 0.9375 674.312 0.513725 0.5 0 0
18230 0.0523779 0.9375 674.312 0.443137 0.5 0 0
18240 0.0523742 0.9375 675.25 0.52549 0.5 0 0
18250 0.0523742 0.9375 675.25 0.52549 0.5 0 0
18260 0.052365 0.9375 676.188 0.47451 0.5 0 0
18270 0.052365 0.9375 676.188 0.466667 0.5 0 0
18280 0.0523422 0.9375 677.125 0.541176 0.5 0 0
18290 0.0523422 0.9375 677.125 0.517647 0.5 0 0
18300 0.052335 0.9375 678.062 0.431373 0.5 0 0
18310 0.052335 0.9375 678.062 0.435294 0.5 0 0
18320 0.0523147 0.9375 679 0.568627 0.5 0 0
18330 0.0523147 0.9375 679 0.576471 0.5 0 0
18340 0.0523002 0.9375 679.938 0.541176 0.5 0 0
18350 0.0523002 0.9375 679.938 0.513725 0.5 0 0
18360 0.0522957 0.875 680.812 0.447059 0.5 0 0
18370 0.0522957 0.875 680.812 0.541176 0.5 0 0
18380 0.0522774 0.875 681.688 0.541176 0.5 0 0
18390 0.0522774 0.875 681.688 0.517647 0.5 0 0
18400 0.0522477 0.875 682.562 0.486275 0.5 0 0
18410 0.0522477 0.875 682.562 0.513725 0.5 0 0
18420 0.0522422 0.875 683.438 0.588235 0.5 0 0
18430 0.0522422 0.875 683.438 0.443137 0.5 0 0
18440 0.0522201 0.9375 684.375 0.454902 0.5 0 0
18450 0.0522201 0.9375 684.375 0.568627 0.5 0 0
18460 0.0522045 0.9375 685.312 0.584314 0.5 0 0
18470 0.0522045 0.9375 685.312 0.482353 0.5 0 0
18480 0.0521922 0.875 686.188 0.576471 0.5 0 0
18490 0.0521922 0.875 686.188 0.517647 0.5 0 0
18500 0.0521846 0.8125 687 0.478431 0.5 0 0
18510 0.0521846 0.8125 687 0.435294 0.5 0 0
18520 0.0521546 0.8125 687.812 0.462745 0.5 0 0
18530 0.0521546 0.8125 687.812 0.517647 0.5 0 0
18540 0.0521512 0.8125 688.625 0.466667 0.5 0 0
18550 0.0521512 0.8125 688.625 0.505882 0.5 0 0
18560 0.052143 0.875 689.5 0.47451 0.5 0 0
18570 0.052143 0.875 689.5 0.498039 0.5 0 0
18580 0.0521299 0.8125 690.312 0.458824 0.5 0 0
18590 0.0521299 0.8125 690.312 0.482353 0.5 0 0
18600 0.0521166 0.875 691.188 0.541176 0.5 0 0
18610 0.0521166 0.875 691.188 0.466667 0.5 0 0
18620 0.0520961 0.875 692.062 0.431373 0.5 0 0
18630 0.0520961 0.875 692.062 0.517647 0.5 0 0
18640 0.0520834 0.875 692.938 0.568627 0.5 0 0
18650 0.0520834 0.875 692.938 0.47451 0.5 0 0
18660 0.0520689 0.875 693.812 0.415686 0.5 0 0
18670 0.0520689 0.875 693.812 0.419608 0.5 0 0
18680 0.0520568 0.8125 694.625 0.517647 0.5 0 0
18690 0.0520568 0.8125 694.625 0.462745 0.5 0 0
18700 0.0520491 0.875 695.5 0.541176 0.5 0 0
18710 0.0520491 0.875 695.5 0.454902 0.5 0 0
18720 0.0520288 0.8125 696.312 0.592157 0.5 0 0
18730 0.0520288 0.8125 696.312 0.596078 0.5 0 0
18740 0.0520227 0.875 697.188 0.568627 0.5 0 0
18750 0.0520227 0.875 697.188 0.466667 0.5 0 0
18760 0.0520246 0.8125 698 0.462745 0.5 0 0
18770 0.0520246 0.8125 698 0.411765 0.5 0 0
18780 0.0520201 0.8125 698.812 0.454902 0.5 0 0
18790 0.0520201 0.8125 698.812 0.498039 0.5 0 0
18800 0.0520059 0.75 699.562 0.584314 0.5 0 0
18810 0.0520059 0.75 699.562 0.447059 0.5 0 0
18820 0.05198 0.75 700.312 0.517647 0.5 0 0
18830 0.05198 0.75 700.312 0.517647 0.5 0 0
18840 0.0519635 0.75 701.062 0.568627 0.5 0 0
18850 0.0519635 0.75 701.062 0.447059 0.5 0 0
18860 0.0519477 0.75 701.812 0.423529 0.5 0 0
18870 0.0519477 0.75 701.812 0.505882 0.5 0 0
18880 0.0519346 0.8125 702.625 0.541176 0.5 0 0
18890 0.0519346 0.8125 702.625 0.435294 0.5 0 0
18900 0.0519323 0.8125 703.438 0.576471 0.5 0 0
18910 0.0519323 0.8125 703.438 0.482353 0.5 0 0
18920 0.0519303 0.8125 704.25 0.443137 0.5 0 0
18930 0.0519303 0.8125 704.25 0.509804 0.5 0 0
18940 0.0519277 0.6875 704.938 0.454902 0.5 0 0
18950 0.0519277 0.6875 704.938 0.45098 0.5 0 0
18960 0.0519388 0.6875 705.625 0.454902 0.5 0 0
18970 0.0519388 0.6875 705.625 0.478431 0.5 0 0
18980 0.0519381 0.75 706.375 0.458824 0.5 0 0
18990 0.0519381 0.75 706.375 0.435294 0.5 0 0
19000 0.0519302 0.75 707.125 0.486275 0.5 0 0
19010 0.0519302 0.75 707.125 0.462745 0.5 0 0
19020 0.051921 0.75 707.875 0.466667 0.5 0 0
19030 0.051921 0.75 707.875 0.435294 0.5 0 0
19040 0.051921 0.9375 708.812 0.490196 0.5 0 0
19050 0.051921 0.9375 708.812 0.423529 0.5 0 0
19060 0.0519155 0.9375 709.75 0.517647 0.5 0 0
19070 0.0519155 0.9375 709.75 0.486275 0.5 0 0
19080 0.0519102 0.9375 710.688 0.568627 0.5 0 0
19090 0.0519102 0.9375 710.688 0.47451 0.5 0 0
19100 0.0519095 0.875 711.562 0.490196 0.5 0 0
19110 0.0519095 0.875 711.562 0.435294 0.5 0 0
19120 0.0518999 0.875 712.438 0.576471 0.5 0 0
19130 0.0518999 0.875 712.438 0.517647 0.5 0 0
19140 0.0518941 0.875 713.312 0.486275 0.5 0 0
19150 0.0518941 0.875 713.312 0.505882 0.5 0 0
19160 0.0518893 0.8125 714.125 0.588235 0.5 0 0
19170 0.0518893 0.8125 714.125 0.470588 0.5 0 0
19180 0.051878 0.75 714.875 0.447059 0.5 0 0
19190 0.051878 0.75 714.875 0.576471 0.5 0 0
19200 0.0518738 0.8125 715.688 0.584314 0.5 0 0
19210 0.0518738 0.8125 715.688 0.419608 0.5 0 0
19220 0.0518738 0.875 716.562 0.431373 0.5 0 0
19230 0.0518738 0.875 716.562 0.478431 0.5 0 0
19240 0.051869 0.8125 717.375 0.588235 0.5 0 0
19250 0.051869 0.8125 717.375 0.419608 0.5 0 0
19260 0.0518558 0.8125 718.188 0.486275 0.5 0 0
19270 0.0518558 0.8125 718.188 0.541176 0.5 0 0
19280 0.0518512 0.875 719.062 0.458824 0.5 0 0
19290 0.0518512 0.875 719.062 0.454902 0.5 0 0
19300 0.0518512 0.6875 719.75 0.45098 0.5 0 0
19310 0.0518512 0.6875 719.75 0.568627 0.5 0 0
19320 0.0518512 0.6875 720.438 0.482353 0.5 0 0
19330 0.0518512 0.6875 720.438 0.423529 0.5 0 0
19340 0.0517856 0.9375 721.375 0.505882 0.5 0 0
19350 0.0517856 0.9375 721.375 0.509804 0.5 0 0
19360 0.0517845 0.9375 722.312 0.517647 0.5 0 0
19370 0.0517845 0.9375 722.312 0.458824 0.5 0 0
19380 0.0517845 0.875 723.188 0.596078 0.5 0 0
19390 0.0517845 0.875 723.188 0.447059 0.5 0 0
19400 0.0517845 0.8125 724 0.541176 0.5 0 0
19410 0.0517845 0.8125 724 0.45098 0.5 0 0
19420 0.0517845 0.8125 724.812 0.439216 0.5 0 0
19430 0.0517845 0.8125 724.812 0.541176 0.5 0 0
19440 0.0517845 0.9375 725.75 0.486275 0.5 0 0
19450 0.0517845 0.9375 725.75 0.47451 0.5 0 0
19460 0.0517413 0.75 726.5 0.435294 0.5 0 0
19470 0.0517413 0.75 726.5 0.505882 0.5 0 0
19480 0.0516763 0.6875 727.188 0.486275 0.5 0 0
19490 0.0516763 0.6875 727.188 0.482353 0.5 0 0
19500 0.0519419 0.8125 728 0.486275 0.5 0 0
19510 0.0519419 0.8125 728 0.505882 0.5 0 0
19520 0.0529369 0.8125 728.812 0.384314 0.5 0 0
19530 0.0529369 0.8125 728.812 0.372549 0.5 0 0
19540 0.0532612 0.8125 729.625 0.364706 0.5 0 0
19550 0.0532612 0.8125 729.625 0.356863 0.5 0 0
19560 0.0537836 0.6875 730.312 0.368627 0.5 0 0
19570 0.0537836 0.6875 730.312 0.337255 0.5 0 0
19580 0.0545378 0.75 731.062 0.32549 0.5 0 0
19590 0.0545378 0.75 731.062 0.321569 0.5 0 0
19600 0.0550137 0.6875 731.75 0.321569 0.5 0 0
19610 0.0550137 0.6875 731.75 0.321569 0.5 0 0
19620 0.0557888 0.75 732.5 0.321569 0.5 0 0
19630 0.0557888 0.75 732.5 0.32549 0.5 0 0
19640 0.0557918 0.8125 733.312 0.321569 0.5 0 0
19650 0.0557918 0.8125 733.312 0.32549 0.5 0 0
19660 0.0563707 0.8125 734.125 0.32549 0.5 0 0
19670 0.0563707 0.8125 734.125 0.329412 0.5 0 0
19680 0.0565118 0.8125 734.938 0.329412 0.5 0 0
19690 0.0565118 0.8125 734.938 0.329412 0.5 0 0
19700 0.0566421 0.875 735.812 0.333333 0.5 0 0
19710 0.0566421 0.875 735.812 0.333333 0.5 0 0
19720 0.0563612 0.875 736.688 0.333333 0.5 0 0
19730 0.0563612 0.875 736.688 0.333333 0.5 0 0
19740 0.0558348 0.75 737.438 0.333333 0.5 0 0
19750 0.0558348 0.75 737.438 0.329412 0.5 0 0
19760 0.0551318 0.8125 738.25 0.329412 0.5 0 0
19770 0.0551318 0.8125 738.25 0.32549 0.5 0 0
19780 0.0549689 0.8125 739.062 0.32549 0.5 0 0
19790 0.0549689 0.8125 739.062 0.32549 0.5 0 0
19800 0.0548872 0.8125 739.875 0.32549 0.5 0 0
19810 0.0548872 0.8125 739.875 0.32549 0.5 0 0
19820 0.0548087 0.875 740.75 0.32549 0.5 0 0
19830 0.0548087 0.875 740.75 0.32549 0.5 0 0
19840 0.0546854 0.9375 741.688 0.32549 0.5 0 0
19850 0.0546854 0.9375 741.688 0.32549 0.5 0 0
19860 0.0545749 0.9375 742.625 0.32549 0.5 0 0
19870 0.0545749 0.9375 742.625 0.321569 0.5 0 0
19880 0.0544924 0.9375 743.562 0.321569 0.5 0 0
19890 0.0544924 0.9375 743.562 0.321569 0.5 0 0
19900 0.0544132 0.9375 744.5 0.321569 0.5 0 0
19910 0.0544132 0.9375 744.5 0.321569 0.5 0 0
19920 0.0543359 0.9375 745.438 0.321569 0.5 0 0
19930 0.0543359 0.9375 745.438 0.321569 0.5 0 0
19940 0.0542569 0.875 746.312 0.321569 0.5 0 0
19950 0.0542569 0.875 746.312 0.321569 0.5 0 0
19960 0.0541371 0.875 747.188 0.321569 0.5 0 0
19970 0.0541371 0.875 747.188 0.321569 0.5 0 0
19980 0.0540532 0.875 748.062 0.317647 0.5 0 0
19990 0.0540532 0.875 748.062 0.321569 0.5 0 0
20000 0.0539921 0.75 748.812 0.321569 0.5 0 0
20010 0.0539921 0.75 748.812 0.321569 0.5 0 0
