0 0.096507 0 0 0.5 0.5 0 0
10 0.096507 0 0 0.666667 0.5 0 0
20 0.0957121 0.5625 0.5625 0.796078 0.5 0 0
30 0.0957121 0.5625 0.5625 0.721569 0.5 0 0
40 0.0960015 0.5625 1.125 0.647059 0.5 0 0
50 0.0960015 0.5625 1.125 0.690196 0.5 0 0
60 0.0949082 0.6875 1.8125 0.65098 0.5 0 0
70 0.0949082 0.6875 1.8125 0.686275 0.5 0 0
80 0.0952672 0.75 2.5625 0.67451 0.5 0 0
90 0.0952672 0.75 2.5625 0.721569 0.5 0 0
100 0.0957807 0.75 3.3125 0.666667 0.5 0 0
110 0.0957807 0.75 3.3125 0.796078 0.5 0 0
120 0.0964748 0.4375 3.75 0.690196 0.5 0 0
130 0.0964748 0.4375 3.75 0.733333 0.5 0 0
140 0.0970861 0.5 4.25 0.690196 0.5 0 0
150 0.0970861 0.5 4.25 0.690196 0.5 0 0
160 0.0970918 0.5 4.75 0.796078 0.5 0 0
170 0.0970918 0.5 4.75 0.721569 0.5 0 0
180 0.0974769 0.1875 4.9375 0.627451 0.5 0 0
190 0.0974769 0.1875 4.9375 0.611765 0.5 0 0
200 0.0979515 0.1875 5.125 0.572549 0.5 0 0
210 0.0979515 0.1875 5.125 0.545098 0.5 0 0
220 0.0976033 0.1875 5.3125 0.517647 0.5 0 0
230 0.0976033 0.1875 5.3125 0.505882 0.5 0 0
240 0.0967573 0.125 5.4375 0.494118 0.5 0 0
250 0.0967573 0.125 5.4375 0.482353 0.5 0 0
260 0.0962745 0.25 5.6875 0.470588 0.5 0 0
270 0.0962745 0.25 5.6875 0.470588 0.5 0 0
280 0.0962231 0.3125 6 0.47451 0.5 0 0
290 0.0962231 0.3125 6 0.470588 0.5 0 0
300 0.0953998 0.3125 6.3125 0.470588 0.5 0 0
310 0.0953998 0.3125 6.3125 0.470588 0.5 0 0
320 0.0946177 0.3125 6.625 0.466667 0.5 0 0
330 0.0946177 0.3125 6.625 0.47451 0.5 0 0
340 0.0940844 0.3125 6.9375 0.47451 0.5 0 0
350 0.0940844 0.3125 6.9375 0.47451 0.5 0 0
360 0.0938672 0.3125 7.25 0.470588 0.5 0 0
370 0.0938672 0.3125 7.25 0.470588 0.5 0 0
380 0.0940271 0.3125 7.5625 0.47451 0.5 0 0
390 0.0940271 0.3125 7.5625 0.470588 0.5 0 0
400 0.0941735 0.375 7.9375 0.470588 0.5 0 0
410 0.0941735 0.375 7.9375 0.470588 0.5 0 0
420 0.0941714 0.3125 8.25 0.470588 0.5 0 0
430 0.0941714 0.3125 8.25 0.466667 0.5 0 0
440 0.0941137 0.3125 8.5625 0.470588 0.5 0 0
450 0.0941137 0.3125 8.5625 0.466667 0.5 0 0
460 0.093949 0.3125 8.875 0.466667 0.5 0 0
470 0.093949 0.3125 8.875 0.470588 0.5 0 0
480 0.0938132 0.3125 9.1875 0.466667 0.5 0 0
490 0.0938132 0.3125 9.1875 0.462745 0.5 0 0
500 0.0937248 0.25 9.4375 0.462745 0.5 0 0
510 0.0937248 0.25 9.4375 0.462745 0.5 0 0
520 0.0936159 0.25 9.6875 0.462745 0.5 0 0
530 0.0936159 0.25 9.6875 0.454902 0.5 0 0
540 0.0932179 0.5625 10.25 0.454902 0.5 0 0
550 0.0932179 0.5625 10.25 0.458824 0.5 0 0
560 0.0929263 0.625 10.875 0.454902 0.5 0 0
570 0.0929263 0.625 10.875 0.45098 0.5 0 0
580 0.0928666 0.625 11.5 0.458824 0.5 0 0
590 0.0928666 0.625 11.5 0.45098 0.5 0 0
600 0.0927948 0.625 12.125 0.454902 0.5 0 0
610 0.0927948 0.625 12.125 0.454902 0.5 0 0
620 0.0927069 0.625 12.75 0.454902 0.5 0 0
630 0.0927069 0.625 12.75 0.458824 0.5 0 0
640 0.0925926 0.75 13.5 0.454902 0.5 0 0
650 0.0925926 0.75 13.5 0.454902 0.5 0 0
660 0.0923865 0.6875 14.1875 0.454902 0.5 0 0
670 0.0923865 0.6875 14.1875 0.45098 0.5 0 0
680 0.0921703 0.6875 14.875 0.454902 0.5 0 0
690 0.0921703 0.6875 14.875 0.45098 0.5 0 0
700 0.0921701 0.6875 15.5625 0.458824 0.5 0 0
710 0.0921701 0.6875 15.5625 0.454902 0.5 0 0
720 0.0921677 0.6875 16.25 0.458824 0.5 0 0
730 0.0921677 0.6875 16.25 0.45098 0.5 0 0
740 0.0917293 0.6875 16.9375 0.439216 0.5 0 0
750 0.0917293 0.6875 16.9375 0.435294 0.5 0 0
760 0.0911316 0.75 17.6875 0.435294 0.5 0 0
770 0.0911316 0.75 17.6875 0.435294 0.5 0 0
780 0.0901764 0.5625 18.25 0.439216 0.5 0 0
790 0.0901764 0.5625 18.25 0.431373 0.5 0 0
800 0.0892649 0.6875 18.9375 0.431373 0.5 0 0
810 0.0892649 0.6875 18.9375 0.431373 0.5 0 0
820 0.0886192 0.6875 19.625 0.431373 0.5 0 0
830 0.0886192 0.6875 19.625 0.431373 0.5 0 0
840 0.0884914 0.75 20.375 0.427451 0.5 0 0
850 0.0884914 0.75 20.375 0.427451 0.5 0 0
860 0.0884914 0.6875 21.0625 0.431373 0.5 0 0
870 0.0884914 0.6875 21.0625 0.431373 0.5 0 0
880 0.088483 0.6875 21.75 0.431373 0.5 0 0
890 0.088483 0.6875 21.75 0.431373 0.5 0 0
900 0.0884601 0.625 22.375 0.427451 0.5 0 0
910 0.0884601 0.625 22.375 0.431373 0.5 0 0
920 0.0885707 0.6875 23.0625 0.431373 0.5 0 0
930 0.0885707 0.6875 23.0625 0.431373 0.5 0 0
940 0.0888061 0.6875 23.75 0.431373 0.5 0 0
950 0.0888061 0.6875 23.75 0.431373 0.5 0 0
960 0.0888576 0.6875 24.4375 0.431373 0.5 0 0
970 0.0888576 0.6875 24.4375 0.431373 0.5 0 0
980 0.088849 0.6875 25.125 0.427451 0.5 0 0
990 0.088849 0.6875 25.125 0.427451 0.5 0 0
1000 0.0888243 0.6875 25.8125 0.431373 0.5 0 0
1010 0.0888243 0.6875 25.8125 0.427451 0.5 0 0
1020 0.0888243 0.8125 26.625 0.431373 0.5 0 0
1030 0.0888243 0.8125 26.625 0.431373 0.5 0 0
1040 0.0888222 0.8125 27.4375 0.431373 0.5 0 0
1050 0.0888222 0.8125 27.4375 0.431373 0.5 0 0
1060 0.0888094 0.75 28.1875 0.431373 0.5 0 0
1070 0.0888094 0.75 28.1875 0.431373 0.5 0 0
1080 0.0888039 0.75 28.9375 0.431373 0.5 0 0
1090 0.0888039 0.75 28.9375 0.431373 0.5 0 0
1100 0.0887747 0.75 29.6875 0.431373 0.5 0 0
1110 0.0887747 0.75 29.6875 0.431373 0.5 0 0
1120 0.0887564 0.8125 30.5 0.431373 0.5 0 0
1130 0.0887564 0.8125 30.5 0.431373 0.5 0 0
1140 0.0887564 0.75 31.25 0.431373 0.5 0 0
1150 0.0887564 0.75 31.25 0.431373 0.5 0 0
1160 0.0886814 0.75 32 0.431373 0.5 0 0
1170 0.0886814 0.75 32 0.431373 0.5 0 0
1180 0.0886524 0.75 32.75 0.427451 0.5 0 0
1190 0.0886524 0.75 32.75 0.431373 0.5 0 0
1200 0.0886454 0.75 33.5 0.431373 0.5 0 0
1210 0.0886454 0.75 33.5 0.427451 0.5 0 0
1220 0.0886369 0.6875 34.1875 0.431373 0.5 0 0
1230 0.0886369 0.6875 34.1875 0.427451 0.5 0 0
1240 0.0886267 0.6875 34.875 0.431373 0.5 0 0
1250 0.0886267 0.6875 34.875 0.431373 0.5 0 0
1260 0.0886209 0.6875 35.5625 0.427451 0.5 0 0
1270 0.0886209 0.6875 35.5625 0.431373 0.5 0 0
1280 0.0886155 0.6875 36.25 0.427451 0.5 0 0
1290 0.0886155 0.6875 36.25 0.431373 0.5 0 0
1300 0.0886107 0.6875 36.9375 0.427451 0.5 0 0
1310 0.0886107 0.6875 36.9375 0.431373 0.5 0 0
1320 0.0886087 0.6875 37.625 0.427451 0.5 0 0
1330 0.0886087 0.6875 37.625 0.431373 0.5 0 0
1340 0.088607 0.6875 38.3125 0.431373 0.5 0 0
1350 0.088607 0.6875 38.3125 0.431373 0.5 0 0
1360 0.0886044 0.6875 39 0.431373 0.5 0 0
1370 0.0886044 0.6875 39 0.431373 0.5 0 0
1380 0.0886024 0.6875 39.6875 0.431373 0.5 0 0
1390 0.0886024 0.6875 39.6875 0.427451 0.5 0 0
1400 0.0886002 0.6875 40.375 0.431373 0.5 0 0
1410 0.0886002 0.6875 40.375 0.431373 0.5 0 0
1420 0.0886 0.6875 41.0625 0.431373 0.5 0 0
1430 0.0886 0.6875 41.0625 0.431373 0.5 0 0
1440 0.0886028 0.625 41.6875 0.431373 0.5 0 0
1450 0.0886028 0.625 41.6875 0.431373 0.5 0 0
1460 0.0886054 0.625 42.3125 0.431373 0.5 0 0
1470 0.0886054 0.625 42.3125 0.431373 0.5 0 0
1480 0.0886077 0.625 42.9375 0.427451 0.5 0 0
1490 0.0886077 0.625 42.9375 0.427451 0.5 0 0
1500 0.0886098 0.625 43.5625 0.431373 0.5 0 0
1510 0.0886098 0.625 43.5625 0.431373 0.5 0 0
1520 0.0885928 0.625 44.1875 0.431373 0.5 0 0
1530 0.0885928 0.625 44.1875 0.431373 0.5 0 0
1540 0.0885945 0.625 44.8125 0.431373 0.5 0 0
1550 0.0885945 0.625 44.8125 0.431373 0.5 0 0
1560 0.0885959 0.8125 45.625 0.431373 0.5 0 0
1570 0.0885959 0.8125 45.625 0.431373 0.5 0 0
1580 0.088567 0.8125 46.4375 0.431373 0.5 0 0
1590 0.088567 0.8125 46.4375 0.427451 0.5 0 0
1600 0.0885019 0.8125 47.25 0.427451 0.5 0 0
1610 0.0885019 0.8125 47.25 0.427451 0.5 0 0
1620 0.0885028 0.8125 48.0625 0.427451 0.5 0 0
1630 0.0885028 0.8125 48.0625 0.427451 0.5 0 0
1640 0.0885034 0.8125 48.875 0.427451 0.5 0 0
1650 0.0885034 0.8125 48.875 0.427451 0.5 0 0
1660 0.0884642 0.8125 49.6875 0.427451 0.5 0 0
1670 0.0884642 0.8125 49.6875 0.423529 0.5 0 0
1680 0.0883394 0.9375 50.625 0.423529 0.5 0 0
1690 0.0883394 0.9375 50.625 0.423529 0.5 0 0
1700 0.0882468 0.9375 51.5625 0.423529 0.5 0 0
1710 0.0882468 0.9375 51.5625 0.423529 0.5 0 0
1720 0.0882385 0.75 52.3125 0.419608 0.5 0 0
1730 0.0882385 0.75 52.3125 0.423529 0.5 0 0
1740 0.088251 0.625 52.9375 0.423529 0.5 0 0
1750 0.088251 0.625 52.9375 0.423529 0.5 0 0
1760 0.0881629 0.5625 53.5 0.419608 0.5 0 0
1770 0.0881629 0.5625 53.5 0.419608 0.5 0 0
1780 0.0879151 0.5625 54.0625 0.419608 0.5 0 0
1790 0.0879151 0.5625 54.0625 0.419608 0.5 0 0
1800 0.0877217 0.6875 54.75 0.415686 0.5 0 0
1810 0.0877217 0.6875 54.75 0.411765 0.5 0 0
1820 0.0875054 0.6875 55.4375 0.415686 0.5 0 0
1830 0.0875054 0.6875 55.4375 0.411765 0.5 0 0
1840 0.0873729 0.6875 56.125 0.411765 0.5 0 0
1850 0.0873729 0.6875 56.125 0.411765 0.5 0 0
1860 0.0872872 0.8125 56.9375 0.411765 0.5 0 0
1870 0.0872872 0.8125 56.9375 0.411765 0.5 0 0
1880 0.0871976 0.8125 57.75 0.407843 0.5 0 0
1890 0.0871976 0.8125 57.75 0.407843 0.5 0 0
1900 0.0870634 0.6875 58.4375 0.407843 0.5 0 0
1910 0.0870634 0.6875 58.4375 0.407843 0.5 0 0
1920 0.0869084 0.8125 59.25 0.407843 0.5 0 0
1930 0.0869084 0.8125 59.25 0.407843 0.5 0 0
1940 0.0867402 0.8125 60.0625 0.407843 0.5 0 0
1950 0.0867402 0.8125 60.0625 0.407843 0.5 0 0
1960 0.0865914 0.8125 60.875 0.407843 0.5 0 0
1970 0.0865914 0.8125 60.875 0.407843 0.5 0 0
1980 0.0865206 0.75 61.625 0.407843 0.5 0 0
1990 0.0865206 0.75 61.625 0.407843 0.5 0 0
2000 0.0864853 0.75 62.375 0.407843 0.5 0 0
2010 0.0864853 0.75 62.375 0.407843 0.5 0 0
2020 0.0864174 0.6875 63.0625 0.407843 0.5 0 0
2030 0.0864174 0.6875 63.0625 0.407843 0.5 0 0
2040 0.0861362 0.75 63.8125 0.403922 0.5 0 0
2050 0.0861362 0.75 63.8125 0.407843 0.5 0 0
2060 0.0860319 0.75 64.5625 0.407843 0.5 0 0
2070 0.0860319 0.75 64.5625 0.407843 0.5 0 0
2080 0.0859605 0.8125 65.375 0.407843 0.5 0 0
2090 0.0859605 0.8125 65.375 0.407843 0.5 0 0
2100 0.085538 0.8125 66.1875 0.407843 0.5 0 0
2110 0.085538 0.8125 66.1875 0.407843 0.5 0 0
2120 0.0850871 0.875 67.0625 0.407843 0.5 0 0
2130 0.0850871 0.875 67.0625 0.403922 0.5 0 0
2140 0.0845575 0.75 67.8125 0.407843 0.5 0 0
2150 0.0845575 0.75 67.8125 0.407843 0.5 0 0
2160 0.0842717 0.875 68.6875 0.403922 0.5 0 0
2170 0.0842717 0.875 68.6875 0.403922 0.5 0 0
2180 0.0842655 0.75 69.4375 0.403922 0.5 0 0
2190 0.0842655 0.75 69.4375 0.403922 0.5 0 0
2200 0.0842503 0.8125 70.25 0.403922 0.5 0 0
2210 0.0842503 0.8125 70.25 0.403922 0.5 0 0
2220 0.0842496 0.8125 71.0625 0.403922 0.5 0 0
2230 0.0842496 0.8125 71.0625 0.407843 0.5 0 0
2240 0.0842444 0.8125 71.875 0.403922 0.5 0 0
2250 0.0842444 0.8125 71.875 0.403922 0.5 0 0
2260 0.0842412 0.8125 72.6875 0.403922 0.5 0 0
2270 0.0842412 0.8125 72.6875 0.403922 0.5 0 0
2280 0.0842335 0.6875 73.375 0.403922 0.5 0 0
2290 0.0842335 0.6875 73.375 0.403922 0.5 0 0
2300 0.0842242 0.625 74 0.403922 0.5 0 0
2310 0.0842242 0.625 74 0.403922 0.5 0 0
2320 0.0842212 0.625 74.625 0.403922 0.5 0 0
2330 0.0842212 0.625 74.625 0.403922 0.5 0 0
2340 0.0842045 0.5625 75.1875 0.403922 0.5 0 0
2350 0.0842045 0.5625 75.1875 0.403922 0.5 0 0
2360 0.0841238 0.75 75.9375 0.403922 0.5 0 0
2370 0.0841238 0.75 75.9375 0.403922 0.5 0 0
2380 0.0840838 0.6875 76.625 0.403922 0.5 0 0
2390 0.0840838 0.6875 76.625 0.403922 0.5 0 0
2400 0.0840254 0.6875 77.3125 0.403922 0.5 0 0
2410 0.0840254 0.6875 77.3125 0.403922 0.5 0 0
2420 0.0838478 0.625 77.9375 0.403922 0.5 0 0
2430 0.0838478 0.625 77.9375 0.403922 0.5 0 0
2440 0.0838368 0.625 78.5625 0.403922 0.5 0 0
2450 0.0838368 0.625 78.5625 0.403922 0.5 0 0
2460 0.0838294 0.6875 79.25 0.403922 0.5 0 0
2470 0.0838294 0.6875 79.25 0.403922 0.5 0 0
2480 0.0838209 0.6875 79.9375 0.403922 0.5 0 0
2490 0.0838209 0.6875 79.9375 0.403922 0.5 0 0
2500 0.0837913 0.625 80.5625 0.403922 0.5 0 0
2510 0.0837913 0.625 80.5625 0.403922 0.5 0 0
2520 0.0836398 0.625 81.1875 0.403922 0.5 0 0
2530 0.0836398 0.625 81.1875 0.403922 0.5 0 0
2540 0.0835216 0.625 81.8125 0.403922 0.5 0 0
2550 0.0835216 0.625 81.8125 0.403922 0.5 0 0
2560 0.083511 0.5625 82.375 0.403922 0.5 0 0
2570 0.083511 0.5625 82.375 0.403922 0.5 0 0
2580 0.0834566 0.5625 82.9375 0.403922 0.5 0 0
2590 0.0834566 0.5625 82.9375 0.407843 0.5 0 0
2600 0.083433 0.5625 83.5 0.403922 0.5 0 0
2610 0.083433 0.5625 83.5 0.403922 0.5 0 0
2620 0.0834311 0.625 84.125 0.403922 0.5 0 0
2630 0.0834311 0.625 84.125 0.403922 0.5 0 0
2640 0.0834309 0.75 84.875 0.403922 0.5 0 0
2650 0.0834309 0.75 84.875 0.403922 0.5 0 0
2660 0.0834307 0.75 85.625 0.403922 0.5 0 0
2670 0.0834307 0.75 85.625 0.403922 0.5 0 0
2680 0.0834306 0.6875 86.3125 0.403922 0.5 0 0
2690 0.0834306 0.6875 86.3125 0.403922 0.5 0 0
2700 0.0834305 0.6875 87 0.403922 0.5 0 0
2710 0.0834305 0.6875 87 0.403922 0.5 0 0
2720 0.0828761 0.8125 87.8125 0.403922 0.5 0 0
2730 0.0828761 0.8125 87.8125 0.403922 0.5 0 0
2740 0.0827698 0.625 88.4375 0.4 0.5 0 0
2750 0.0827698 0.625 88.4375 0.403922 0.5 0 0
2760 0.0827326 0.75 89.1875 0.403922 0.5 0 0
2770 0.0827326 0.75 89.1875 0.403922 0.5 0 0
2780 0.0826918 0.75 89.9375 0.4 0.5 0 0
2790 0.0826918 0.75 89.9375 0.403922 0.5 0 0
2800 0.082689 0.75 90.6875 0.403922 0.5 0 0
2810 0.082689 0.75 90.6875 0.403922 0.5 0 0
2820 0.0826862 0.75 91.4375 0.403922 0.5 0 0
2830 0.0826862 0.75 91.4375 0.403922 0.5 0 0
2840 0.0826694 0.625 92.0625 0.403922 0.5 0 0
2850 0.0826694 0.625 92.0625 0.403922 0.5 0 0
2860 0.0826585 0.625 92.6875 0.403922 0.5 0 0
2870 0.0826585 0.625 92.6875 0.403922 0.5 0 0
2880 0.0827181 0.5625 93.25 0.403922 0.5 0 0
2890 0.0827181 0.5625 93.25 0.403922 0.5 0 0
2900 0.082725 0.75 94 0.403922 0.5 0 0
2910 0.082725 0.75 94 0.403922 0.5 0 0
2920 0.0827152 0.8125 94.8125 0.403922 0.5 0 0
2930 0.0827152 0.8125 94.8125 0.403922 0.5 0 0
2940 0.0827162 0.8125 95.625 0.403922 0.5 0 0
2950 0.0827162 0.8125 95.625 0.403922 0.5 0 0
2960 0.08273 0.8125 96.4375 0.403922 0.5 0 0
2970 0.08273 0.8125 96.4375 0.407843 0.5 0 0
2980 0.0827436 0.8125 97.25 0.403922 0.5 0 0
2990 0.0827436 0.8125 97.25 0.403922 0.5 0 0
3000 0.0827577 0.8125 98.0625 0.403922 0.5 0 0
3010 0.0827577 0.8125 98.0625 0.403922 0.5 0 0
3020 0.0827498 0.6875 98.75 0.403922 0.5 0 0
3030 0.0827498 0.6875 98.75 0.403922 0.5 0 0
3040 0.0827587 0.625 99.375 0.403922 0.5 0 0
3050 0.0827587 0.625 99.375 0.4 0.5 0 0
3060 0.0827706 0.625 100 0.407843 0.5 0 0
3070 0.0827706 0.625 100 0.403922 0.5 0 0
3080 0.0827804 0.6875 100.688 0.403922 0.5 0 0
3090 0.0827804 0.6875 100.688 0.403922 0.5 0 0
3100 0.0826777 0.625 101.312 0.403922 0.5 0 0
3110 0.0826777 0.625 101.312 0.403922 0.5 0 0
3120 0.0826785 0.625 101.938 0.403922 0.5 0 0
3130 0.0826785 0.625 101.938 0.403922 0.5 0 0
3140 0.0828623 0.625 102.562 0.4 0.5 0 0
3150 0.0828623 0.625 102.562 0.4 0.5 0 0
3160 0.0832549 0.625 103.188 0.396078 0.5 0 0
3170 0.0832549 0.625 103.188 0.396078 0.5 0 0
3180 0.0834372 0.6875 103.875 0.396078 0.5 0 0
3190 0.0834372 0.6875 103.875 0.396078 0.5 0 0
3200 0.0834722 0.6875 104.562 0.396078 0.5 0 0
3210 0.0834722 0.6875 104.562 0.396078 0.5 0 0
3220 0.0835075 0.6875 105.25 0.396078 0.5 0 0
3230 0.0835075 0.6875 105.25 0.396078 0.5 0 0
3240 0.08336 0.6875 105.938 0.396078 0.5 0 0
3250 0.08336 0.6875 105.938 0.396078 0.5 0 0
3260 0.0830619 0.6875 106.625 0.396078 0.5 0 0
3270 0.0830619 0.6875 106.625 0.396078 0.5 0 0
3280 0.0830968 0.6875 107.312 0.396078 0.5 0 0
3290 0.0830968 0.6875 107.312 0.396078 0.5 0 0
3300 0.083155 0.6875 108 0.396078 0.5 0 0
3310 0.083155 0.6875 108 0.396078 0.5 0 0
3320 0.08319 0.8125 108.812 0.396078 0.5 0 0
3330 0.08319 0.8125 108.812 0.396078 0.5 0 0
3340 0.0831978 0.8125 109.625 0.396078 0.5 0 0
3350 0.0831978 0.8125 109.625 0.396078 0.5 0 0
3360 0.0832198 0.8125 110.438 0.396078 0.5 0 0
3370 0.0832198 0.8125 110.438 0.396078 0.5 0 0
3380 0.0832451 0.75 111.188 0.396078 0.5 0 0
3390 0.0832451 0.75 111.188 0.396078 0.5 0 0
3400 0.0831605 0.75 111.938 0.396078 0.5 0 0
3410 0.0831605 0.75 111.938 0.396078 0.5 0 0
3420 0.0830541 0.8125 112.75 0.396078 0.5 0 0
3430 0.0830541 0.8125 112.75 0.396078 0.5 0 0
3440 0.0829688 0.8125 113.562 0.396078 0.5 0 0
3450 0.0829688 0.8125 113.562 0.396078 0.5 0 0
3460 0.0829226 0.8125 114.375 0.396078 0.5 0 0
3470 0.0829226 0.8125 114.375 0.392157 0.5 0 0
3480 0.0827156 0.6875 115.062 0.392157 0.5 0 0
3490 0.0827156 0.6875 115.062 0.392157 0.5 0 0
3500 0.0827596 0.5625 115.625 0.396078 0.5 0 0
3510 0.0827596 0.5625 115.625 0.396078 0.5 0 0
3520 0.0828072 0.5625 116.188 0.392157 0.5 0 0
3530 0.0828072 0.5625 116.188 0.396078 0.5 0 0
3540 0.0828478 0.5625 116.75 0.392157 0.5 0 0
3550 0.0828478 0.5625 116.75 0.396078 0.5 0 0
3560 0.082355 0.5625 117.312 0.396078 0.5 0 0
3570 0.082355 0.5625 117.312 0.392157 0.5 0 0
3580 0.0823525 0.5625 117.875 0.392157 0.5 0 0
3590 0.0823525 0.5625 117.875 0.392157 0.5 0 0
3600 0.0821052 0.5 118.375 0.392157 0.5 0 0
3610 0.0821052 0.5 118.375 0.392157 0.5 0 0
3620 0.082099 0.5 118.875 0.392157 0.5 0 0
3630 0.082099 0.5 118.875 0.392157 0.5 0 0
3640 0.0821322 0.5 119.375 0.392157 0.5 0 0
3650 0.0821322 0.5 119.375 0.392157 0.5 0 0
3660 0.082076 0.5 119.875 0.392157 0.5 0 0
3670 0.082076 0.5 119.875 0.392157 0.5 0 0
3680 0.0821749 0.5 120.375 0.392157 0.5 0 0
3690 0.0821749 0.5 120.375 0.392157 0.5 0 0
3700 0.0821872 0.5 120.875 0.392157 0.5 0 0
3710 0.0821872 0.5 120.875 0.392157 0.5 0 0
3720 0.0822246 0.5625 121.438 0.392157 0.5 0 0
3730 0.0822246 0.5625 121.438 0.392157 0.5 0 0
3740 0.0822607 0.5625 122 0.388235 0.5 0 0
3750 0.0822607 0.5625 122 0.392157 0.5 0 0
3760 0.0822889 0.5625 122.562 0.388235 0.5 0 0
3770 0.0822889 0.5625 122.562 0.392157 0.5 0 0
3780 0.0823073 0.5625 123.125 0.392157 0.5 0 0
3790 0.0823073 0.5625 123.125 0.392157 0.5 0 0
3800 0.0823374 0.5625 123.688 0.388235 0.5 0 0
3810 0.0823374 0.5625 123.688 0.388235 0.5 0 0
3820 0.0823582 0.6875 124.375 0.392157 0.5 0 0
3830 0.0823582 0.6875 124.375 0.388235 0.5 0 0
3840 0.0824067 0.5625 124.938 0.388235 0.5 0 0
3850 0.0824067 0.5625 124.938 0.388235 0.5 0 0
3860 0.0824469 0.5 125.438 0.388235 0.5 0 0
3870 0.0824469 0.5 125.438 0.388235 0.5 0 0
3880 0.0821657 0.6875 126.125 0.388235 0.5 0 0
3890 0.0821657 0.6875 126.125 0.388235 0.5 0 0
3900 0.0821014 0.6875 126.812 0.388235 0.5 0 0
3910 0.0821014 0.6875 126.812 0.388235 0.5 0 0
3920 0.0821018 0.6875 127.5 0.388235 0.5 0 0
3930 0.0821018 0.6875 127.5 0.388235 0.5 0 0
3940 0.0821081 0.625 128.125 0.388235 0.5 0 0
3950 0.0821081 0.625 128.125 0.388235 0.5 0 0
3960 0.0821135 0.625 128.75 0.388235 0.5 0 0
3970 0.0821135 0.625 128.75 0.388235 0.5 0 0
3980 0.0820616 0.625 129.375 0.388235 0.5 0 0
3990 0.0820616 0.625 129.375 0.388235 0.5 0 0
4000 0.0820636 0.5625 129.938 0.388235 0.5 0 0
4010 0.0820636 0.5625 129.938 0.388235 0.5 0 0
4020 0.0819385 0.625 130.562 0.388235 0.5 0 0
4030 0.0819385 0.625 130.562 0.388235 0.5 0 0
4040 0.0819397 0.625 131.188 0.388235 0.5 0 0
4050 0.0819397 0.625 131.188 0.388235 0.5 0 0
4060 0.0819404 0.625 131.812 0.388235 0.5 0 0
4070 0.0819404 0.625 131.812 0.388235 0.5 0 0
4080 0.081944 0.6875 132.5 0.388235 0.5 0 0
4090 0.081944 0.6875 132.5 0.388235 0.5 0 0
4100 0.0819486 0.6875 133.188 0.388235 0.5 0 0
4110 0.0819486 0.6875 133.188 0.388235 0.5 0 0
4120 0.0819509 0.6875 133.875 0.388235 0.5 0 0
4130 0.0819509 0.6875 133.875 0.388235 0.5 0 0
4140 0.0819344 0.6875 134.562 0.388235 0.5 0 0
4150 0.0819344 0.6875 134.562 0.388235 0.5 0 0
4160 0.0819448 0.6875 135.25 0.388235 0.5 0 0
4170 0.0819448 0.6875 135.25 0.388235 0.5 0 0
4180 0.0819539 0.75 136 0.388235 0.5 0 0
4190 0.0819539 0.75 136 0.388235 0.5 0 0
4200 0.0819626 0.625 136.625 0.388235 0.5 0 0
4210 0.0819626 0.625 136.625 0.388235 0.5 0 0
4220 0.081973 0.6875 137.312 0.388235 0.5 0 0
4230 0.081973 0.6875 137.312 0.388235 0.5 0 0
4240 0.0819798 0.625 137.938 0.388235 0.5 0 0
4250 0.0819798 0.625 137.938 0.388235 0.5 0 0
4260 0.0819821 0.625 138.562 0.388235 0.5 0 0
4270 0.0819821 0.625 138.562 0.388235 0.5 0 0
4280 0.0819832 0.5625 139.125 0.388235 0.5 0 0
4290 0.0819832 0.5625 139.125 0.388235 0.5 0 0
4300 0.0819843 0.5625 139.688 0.388235 0.5 0 0
4310 0.0819843 0.5625 139.688 0.388235 0.5 0 0
4320 0.0819859 0.5625 140.25 0.388235 0.5 0 0
4330 0.0819859 0.5625 140.25 0.388235 0.5 0 0
4340 0.0819507 0.3125 140.562 0.388235 0.5 0 0
4350 0.0819507 0.3125 140.562 0.388235 0.5 0 0
4360 0.0819558 0.4375 141 0.388235 0.5 0 0
4370 0.0819558 0.4375 141 0.388235 0.5 0 0
4380 0.0819654 0.5625 141.562 0.388235 0.5 0 0
4390 0.0819654 0.5625 141.562 0.388235 0.5 0 0
4400 0.0819606 0.625 142.188 0.388235 0.5 0 0
4410 0.0819606 0.625 142.188 0.388235 0.5 0 0
4420 0.0818393 0.625 142.812 0.388235 0.5 0 0
4430 0.0818393 0.625 142.812 0.388235 0.5 0 0
4440 0.081814 0.6875 143.5 0.388235 0.5 0 0
4450 0.081814 0.6875 143.5 0.388235 0.5 0 0
4460 0.0818191 0.6875 144.188 0.388235 0.5 0 0
4470 0.0818191 0.6875 144.188 0.384314 0.5 0 0
4480 0.0818202 0.6875 144.875 0.388235 0.5 0 0
4490 0.0818202 0.6875 144.875 0.388235 0.5 0 0
4500 0.0818202 0.75 145.625 0.388235 0.5 0 0
4510 0.0818202 0.75 145.625 0.388235 0.5 0 0
4520 0.0818166 0.75 146.375 0.388235 0.5 0 0
4530 0.0818166 0.75 146.375 0.388235 0.5 0 0
4540 0.0818148 0.75 147.125 0.388235 0.5 0 0
4550 0.0818148 0.75 147.125 0.388235 0.5 0 0
4560 0.0818094 0.5625 147.688 0.388235 0.5 0 0
4570 0.0818094 0.5625 147.688 0.388235 0.5 0 0
4580 0.0818085 0.5 148.188 0.388235 0.5 0 0
4590 0.0818085 0.5 148.188 0.388235 0.5 0 0
4600 0.0818085 0.5 148.688 0.388235 0.5 0 0
4610 0.0818085 0.5 148.688 0.384314 0.5 0 0
4620 0.0818085 0.5625 149.25 0.388235 0.5 0 0
4630 0.0818085 0.5625 149.25 0.384314 0.5 0 0
4640 0.0818085 0.5625 149.812 0.388235 0.5 0 0
4650 0.0818085 0.5625 149.812 0.388235 0.5 0 0
4660 0.0818085 0.5625 150.375 0.388235 0.5 0 0
4670 0.0818085 0.5625 150.375 0.388235 0.5 0 0
4680 0.0818085 0.625 151 0.388235 0.5 0 0
4690 0.0818085 0.625 151 0.388235 0.5 0 0
4700 0.0818085 0.6875 151.688 0.388235 0.5 0 0
4710 0.0818085 0.6875 151.688 0.388235 0.5 0 0
4720 0.0818085 0.6875 152.375 0.388235 0.5 0 0
4730 0.0818085 0.6875 152.375 0.388235 0.5 0 0
4740 0.0818395 0.6875 153.062 0.388235 0.5 0 0
4750 0.0818395 0.6875 153.062 0.388235 0.5 0 0
4760 0.0820707 0.875 153.938 0.388235 0.5 0 0
4770 0.0820707 0.875 153.938 0.384314 0.5 0 0
4780 0.08215 0.875 154.812 0.388235 0.5 0 0
4790 0.08215 0.875 154.812 0.388235 0.5 0 0
4800 0.0822123 0.875 155.688 0.384314 0.5 0 0
4810 0.0822123 0.875 155.688 0.384314 0.5 0 0
4820 0.0822724 0.875 156.562 0.384314 0.5 0 0
4830 0.0822724 0.875 156.562 0.384314 0.5 0 0
4840 0.0823327 0.9375 157.5 0.384314 0.5 0 0
4850 0.0823327 0.9375 157.5 0.384314 0.5 0 0
4860 0.0823173 0.9375 158.438 0.384314 0.5 0 0
4870 0.0823173 0.9375 158.438 0.384314 0.5 0 0
4880 0.0825572 0.625 159.062 0.384314 0.5 0 0
4890 0.0825572 0.625 159.062 0.384314 0.5 0 0
4900 0.0827366 0.8125 159.875 0.384314 0.5 0 0
4910 0.0827366 0.8125 159.875 0.384314 0.5 0 0
4920 0.0827582 0.8125 160.688 0.384314 0.5 0 0
4930 0.0827582 0.8125 160.688 0.384314 0.5 0 0
4940 0.0827761 0.9375 161.625 0.384314 0.5 0 0
4950 0.0827761 0.9375 161.625 0.384314 0.5 0 0
4960 0.0828023 0.9375 162.562 0.384314 0.5 0 0
4970 0.0828023 0.9375 162.562 0.384314 0.5 0 0
4980 0.0828285 0.875 163.438 0.380392 0.5 0 0
4990 0.0828285 0.875 163.438 0.384314 0.5 0 0
5000 0.0828515 0.75 164.188 0.384314 0.5 0 0
5010 0.0828515 0.75 164.188 0.384314 0.5 0 0
5020 0.0835009 0.875 165.062 0.384314 0.5 0 0
5030 0.0835009 0.875 165.062 0.384314 0.5 0 0
5040 0.0835225 0.875 165.938 0.384314 0.5 0 0
5050 0.0835225 0.875 165.938 0.384314 0.5 0 0
5060 0.0835367 0.875 166.812 0.384314 0.5 0 0
5070 0.0835367 0.875 166.812 0.384314 0.5 0 0
5080 0.0835507 0.875 167.688 0.384314 0.5 0 0
5090 0.0835507 0.875 167.688 0.384314 0.5 0 0
5100 0.0835631 0.875 168.562 0.384314 0.5 0 0
5110 0.0835631 0.875 168.562 0.384314 0.5 0 0
5120 0.0835746 0.875 169.438 0.384314 0.5 0 0
5130 0.0835746 0.875 169.438 0.384314 0.5 0 0
5140 0.0836028 0.6875 170.125 0.384314 0.5 0 0
5150 0.0836028 0.6875 170.125 0.384314 0.5 0 0
5160 0.0836028 0.625 170.75 0.384314 0.5 0 0
5170 0.0836028 0.625 170.75 0.384314 0.5 0 0
5180 0.083549 0.625 171.375 0.384314 0.5 0 0
5190 0.083549 0.625 171.375 0.384314 0.5 0 0
5200 0.0835479 0.625 172 0.384314 0.5 0 0
5210 0.0835479 0.625 172 0.384314 0.5 0 0
5220 0.0835479 0.625 172.625 0.384314 0.5 0 0
5230 0.0835479 0.625 172.625 0.384314 0.5 0 0
5240 0.0835768 0.75 173.375 0.384314 0.5 0 0
5250 0.0835768 0.75 173.375 0.384314 0.5 0 0
5260 0.0835768 0.8125 174.188 0.384314 0.5 0 0
5270 0.0835768 0.8125 174.188 0.384314 0.5 0 0
5280 0.0835768 0.75 174.938 0.384314 0.5 0 0
5290 0.0835768 0.75 174.938 0.384314 0.5 0 0
5300 0.0835409 0.5625 175.5 0.384314 0.5 0 0
5310 0.0835409 0.5625 175.5 0.384314 0.5 0 0
5320 0.0835208 0.5625 176.062 0.384314 0.5 0 0
5330 0.0835208 0.5625 176.062 0.384314 0.5 0 0
5340 0.0835095 0.5625 176.625 0.384314 0.5 0 0
5350 0.0835095 0.5625 176.625 0.384314 0.5 0 0
5360 0.083508 0.5625 177.188 0.384314 0.5 0 0
5370 0.083508 0.5625 177.188 0.384314 0.5 0 0
5380 0.0835204 0.625 177.812 0.384314 0.5 0 0
5390 0.0835204 0.625 177.812 0.384314 0.5 0 0
5400 0.0835217 0.625 178.438 0.384314 0.5 0 0
5410 0.0835217 0.625 178.438 0.384314 0.5 0 0
5420 0.0835217 0.625 179.062 0.384314 0.5 0 0
5430 0.0835217 0.625 179.062 0.384314 0.5 0 0
5440 0.0835217 0.625 179.688 0.384314 0.5 0 0
5450 0.0835217 0.625 179.688 0.384314 0.5 0 0
5460 0.0835217 0.5 180.188 0.384314 0.5 0 0
5470 0.0835217 0.5 180.188 0.384314 0.5 0 0
5480 0.0835209 0.4375 180.625 0.384314 0.5 0 0
5490 0.0835209 0.4375 180.625 0.384314 0.5 0 0
5500 0.0835278 0.625 181.25 0.384314 0.5 0 0
5510 0.0835278 0.625 181.25 0.384314 0.5 0 0
5520 0.0835297 0.625 181.875 0.384314 0.5 0 0
5530 0.0835297 0.625 181.875 0.384314 0.5 0 0
5540 0.0835297 0.625 182.5 0.384314 0.5 0 0
5550 0.0835297 0.625 182.5 0.384314 0.5 0 0
5560 0.0835297 0.5 183 0.384314 0.5 0 0
5570 0.0835297 0.5 183 0.384314 0.5 0 0
5580 0.0835297 0.625 183.625 0.384314 0.5 0 0
5590 0.0835297 0.625 183.625 0.384314 0.5 0 0
5600 0.0835297 0.5 184.125 0.384314 0.5 0 0
5610 0.0835297 0.5 184.125 0.384314 0.5 0 0
5620 0.0835297 0.5 184.625 0.384314 0.5 0 0
5630 0.0835297 0.5 184.625 0.384314 0.5 0 0
5640 0.0835297 0.625 185.25 0.384314 0.5 0 0
5650 0.0835297 0.625 185.25 0.384314 0.5 0 0
5660 0.0835297 0.625 185.875 0.384314 0.5 0 0
5670 0.0835297 0.625 185.875 0.384314 0.5 0 0
5680 0.0835229 0.625 186.5 0.384314 0.5 0 0
5690 0.0835229 0.625 186.5 0.384314 0.5 0 0
5700 0.0835228 0.625 187.125 0.384314 0.5 0 0
5710 0.0835228 0.625 187.125 0.384314 0.5 0 0
5720 0.0835228 0.625 187.75 0.384314 0.5 0 0
5730 0.0835228 0.625 187.75 0.384314 0.5 0 0
5740 0.0835228 0.625 188.375 0.384314 0.5 0 0
5750 0.0835228 0.625 188.375 0.384314 0.5 0 0
5760 0.0835228 0.375 188.75 0.384314 0.5 0 0
5770 0.0835228 0.375 188.75 0.384314 0.5 0 0
5780 0.0835753 0.4375 189.188 0.384314 0.5 0 0
5790 0.0835753 0.4375 189.188 0.384314 0.5 0 0
5800 0.0839478 0.4375 189.625 0.380392 0.5 0 0
5810 0.0839478 0.4375 189.625 0.380392 0.5 0 0
5820 0.0842308 0.4375 190.062 0.380392 0.5 0 0
5830 0.0842308 0.4375 190.062 0.380392 0.5 0 0
5840 0.0844625 0.5625 190.625 0.376471 0.5 0 0
5850 0.0844625 0.5625 190.625 0.376471 0.5 0 0
5860 0.0845207 0.5625 191.188 0.376471 0.5 0 0
5870 0.0845207 0.5625 191.188 0.372549 0.5 0 0
5880 0.0842277 0.625 191.812 0.372549 0.5 0 0
5890 0.0842277 0.625 191.812 0.372549 0.5 0 0
5900 0.0836435 0.75 192.562 0.372549 0.5 0 0
5910 0.0836435 0.75 192.562 0.372549 0.5 0 0
5920 0.0832817 0.75 193.312 0.372549 0.5 0 0
5930 0.0832817 0.75 193.312 0.376471 0.5 0 0
5940 0.0830439 0.625 193.938 0.372549 0.5 0 0
5950 0.0830439 0.625 193.938 0.372549 0.5 0 0
5960 0.0825195 0.6875 194.625 0.372549 0.5 0 0
5970 0.0825195 0.6875 194.625 0.372549 0.5 0 0
5980 0.08183 0.625 195.25 0.372549 0.5 0 0
5990 0.08183 0.625 195.25 0.372549 0.5 0 0
6000 0.0817038 0.625 195.875 0.372549 0.5 0 0
6010 0.0817038 0.625 195.875 0.376471 0.5 0 0
6020 0.0817038 0.625 196.5 0.372549 0.5 0 0
6030 0.0817038 0.625 196.5 0.372549 0.5 0 0
6040 0.0817038 0.75 197.25 0.372549 0.5 0 0
6050 0.0817038 0.75 197.25 0.372549 0.5 0 0
6060 0.0817038 0.8125 198.062 0.376471 0.5 0 0
6070 0.0817038 0.8125 198.062 0.372549 0.5 0 0
6080 0.0817063 0.75 198.812 0.372549 0.5 0 0
6090 0.0817063 0.75 198.812 0.372549 0.5 0 0
6100 0.0817086 0.6875 199.5 0.376471 0.5 0 0
6110 0.0817086 0.6875 199.5 0.372549 0.5 0 0
6120 0.0817112 0.75 200.25 0.372549 0.5 0 0
6130 0.0817112 0.75 200.25 0.372549 0.5 0 0
6140 0.0817139 0.75 201 0.372549 0.5 0 0
6150 0.0817139 0.75 201 0.372549 0.5 0 0
6160 0.0817163 0.6875 201.688 0.372549 0.5 0 0
6170 0.0817163 0.6875 201.688 0.372549 0.5 0 0
6180 0.0817191 0.75 202.438 0.372549 0.5 0 0
6190 0.0817191 0.75 202.438 0.372549 0.5 0 0
6200 0.0817216 0.75 203.188 0.372549 0.5 0 0
6210 0.0817216 0.75 203.188 0.372549 0.5 0 0
6220 0.0817242 0.75 203.938 0.372549 0.5 0 0
6230 0.0817242 0.75 203.938 0.372549 0.5 0 0
6240 0.081726 0.625 204.562 0.372549 0.5 0 0
6250 0.081726 0.625 204.562 0.372549 0.5 0 0
6260 0.0817276 0.625 205.188 0.372549 0.5 0 0
6270 0.0817276 0.625 205.188 0.372549 0.5 0 0
6280 0.0817294 0.5625 205.75 0.372549 0.5 0 0
6290 0.0817294 0.5625 205.75 0.372549 0.5 0 0
6300 0.0817304 0.5625 206.312 0.372549 0.5 0 0
6310 0.0817304 0.5625 206.312 0.372549 0.5 0 0
6320 0.082263 0.5625 206.875 0.372549 0.5 0 0
6330 0.082263 0.5625 206.875 0.372549 0.5 0 0
6340 0.08272 0.5625 207.438 0.372549 0.5 0 0
6350 0.08272 0.5625 207.438 0.372549 0.5 0 0
6360 0.0827512 0.625 208.062 0.372549 0.5 0 0
6370 0.0827512 0.625 208.062 0.372549 0.5 0 0
6380 0.0828195 0.625 208.688 0.372549 0.5 0 0
6390 0.0828195 0.625 208.688 0.372549 0.5 0 0
6400 0.0828244 0.5625 209.25 0.372549 0.5 0 0
6410 0.0828244 0.5625 209.25 0.372549 0.5 0 0
6420 0.0828262 0.625 209.875 0.372549 0.5 0 0
6430 0.0828262 0.625 209.875 0.372549 0.5 0 0
6440 0.0828279 0.625 210.5 0.372549 0.5 0 0
6450 0.0828279 0.625 210.5 0.372549 0.5 0 0
6460 0.0828294 0.625 211.125 0.372549 0.5 0 0
6470 0.0828294 0.625 211.125 0.372549 0.5 0 0
6480 0.0828305 0.5 211.625 0.372549 0.5 0 0
6490 0.0828305 0.5 211.625 0.372549 0.5 0 0
6500 0.0828316 0.5625 212.188 0.372549 0.5 0 0
6510 0.0828316 0.5625 212.188 0.372549 0.5 0 0
6520 0.0828322 0.6875 212.875 0.372549 0.5 0 0
6530 0.0828322 0.6875 212.875 0.372549 0.5 0 0
6540 0.0836505 0.8125 213.688 0.372549 0.5 0 0
6550 0.0836505 0.8125 213.688 0.372549 0.5 0 0
6560 0.0838212 0.8125 214.5 0.372549 0.5 0 0
6570 0.0838212 0.8125 214.5 0.372549 0.5 0 0
6580 0.0838573 0.8125 215.312 0.372549 0.5 0 0
6590 0.0838573 0.8125 215.312 0.372549 0.5 0 0
6600 0.083921 0.75 216.062 0.372549 0.5 0 0
6610 0.083921 0.75 216.062 0.372549 0.5 0 0
6620 0.0839743 0.8125 216.875 0.372549 0.5 0 0
6630 0.0839743 0.8125 216.875 0.372549 0.5 0 0
6640 0.083992 0.75 217.625 0.372549 0.5 0 0
6650 0.083992 0.75 217.625 0.372549 0.5 0 0
6660 0.0840205 0.75 218.375 0.372549 0.5 0 0
6670 0.0840205 0.75 218.375 0.372549 0.5 0 0
6680 0.0841176 0.625 219 0.372549 0.5 0 0
6690 0.0841176 0.625 219 0.372549 0.5 0 0
6700 0.0844703 0.625 219.625 0.372549 0.5 0 0
6710 0.0844703 0.625 219.625 0.372549 0.5 0 0
6720 0.0844847 0.5625 220.188 0.372549 0.5 0 0
6730 0.0844847 0.5625 220.188 0.372549 0.5 0 0
6740 0.0844943 0.4375 220.625 0.372549 0.5 0 0
6750 0.0844943 0.4375 220.625 0.372549 0.5 0 0
6760 0.0845023 0.5625 221.188 0.372549 0.5 0 0
6770 0.0845023 0.5625 221.188 0.372549 0.5 0 0
6780 0.0845081 0.5625 221.75 0.372549 0.5 0 0
6790 0.0845081 0.5625 221.75 0.372549 0.5 0 0
6800 0.0845129 0.625 222.375 0.372549 0.5 0 0
6810 0.0845129 0.625 222.375 0.372549 0.5 0 0
6820 0.0845178 0.625 223 0.372549 0.5 0 0
6830 0.0845178 0.625 223 0.372549 0.5 0 0
6840 0.0845245 0.625 223.625 0.372549 0.5 0 0
6850 0.0845245 0.625 223.625 0.372549 0.5 0 0
6860 0.0845276 0.625 224.25 0.372549 0.5 0 0
6870 0.0845276 0.625 224.25 0.372549 0.5 0 0
6880 0.0845334 0.5 224.75 0.372549 0.5 0 0
6890 0.0845334 0.5 224.75 0.372549 0.5 0 0
6900 0.0845359 0.5625 225.312 0.372549 0.5 0 0
6910 0.0845359 0.5625 225.312 0.372549 0.5 0 0
6920 0.0845379 0.5625 225.875 0.372549 0.5 0 0
6930 0.0845379 0.5625 225.875 0.372549 0.5 0 0
6940 0.084542 0.625 226.5 0.372549 0.5 0 0
6950 0.084542 0.625 226.5 0.372549 0.5 0 0
6960 0.0845563 0.75 227.25 0.372549 0.5 0 0
6970 0.0845563 0.75 227.25 0.372549 0.5 0 0
6980 0.0846288 0.75 228 0.372549 0.5 0 0
6990 0.0846288 0.75 228 0.372549 0.5 0 0
7000 0.0847026 0.8125 228.812 0.372549 0.5 0 0
7010 0.0847026 0.8125 228.812 0.372549 0.5 0 0
7020 0.0847709 0.8125 229.625 0.372549 0.5 0 0
7030 0.0847709 0.8125 229.625 0.372549 0.5 0 0
7040 0.0848494 0.8125 230.438 0.372549 0.5 0 0
7050 0.0848494 0.8125 230.438 0.372549 0.5 0 0
7060 0.0849183 0.8125 231.25 0.372549 0.5 0 0
7070 0.0849183 0.8125 231.25 0.372549 0.5 0 0
7080 0.0849858 0.8125 232.062 0.372549 0.5 0 0
7090 0.0849858 0.8125 232.062 0.372549 0.5 0 0
7100 0.0850146 0.8125 232.875 0.372549 0.5 0 0
7110 0.0850146 0.8125 232.875 0.372549 0.5 0 0
7120 0.0850291 0.8125 233.688 0.372549 0.5 0 0
7130 0.0850291 0.8125 233.688 0.372549 0.5 0 0
7140 0.0850438 0.8125 234.5 0.372549 0.5 0 0
7150 0.0850438 0.8125 234.5 0.372549 0.5 0 0
7160 0.0842992 0.75 235.25 0.368627 0.5 0 0
7170 0.0842992 0.75 235.25 0.368627 0.5 0 0
7180 0.0835055 0.6875 235.938 0.368627 0.5 0 0
7190 0.0835055 0.6875 235.938 0.368627 0.5 0 0
7200 0.0830233 0.6875 236.625 0.368627 0.5 0 0
7210 0.0830233 0.6875 236.625 0.368627 0.5 0 0
7220 0.0830463 0.6875 237.312 0.368627 0.5 0 0
7230 0.0830463 0.6875 237.312 0.368627 0.5 0 0
7240 0.0830905 0.6875 238 0.368627 0.5 0 0
7250 0.0830905 0.6875 238 0.368627 0.5 0 0
7260 0.0835214 0.6875 238.688 0.368627 0.5 0 0
7270 0.0835214 0.6875 238.688 0.368627 0.5 0 0
7280 0.08341 0.75 239.438 0.368627 0.5 0 0
7290 0.08341 0.75 239.438 0.368627 0.5 0 0
7300 0.0833957 0.75 240.188 0.368627 0.5 0 0
7310 0.0833957 0.75 240.188 0.368627 0.5 0 0
7320 0.0834124 0.75 240.938 0.368627 0.5 0 0
7330 0.0834124 0.75 240.938 0.368627 0.5 0 0
7340 0.083438 0.625 241.562 0.368627 0.5 0 0
7350 0.083438 0.625 241.562 0.368627 0.5 0 0
7360 0.0834535 0.625 242.188 0.368627 0.5 0 0
7370 0.0834535 0.625 242.188 0.368627 0.5 0 0
7380 0.0834759 0.5 242.688 0.368627 0.5 0 0
7390 0.0834759 0.5 242.688 0.368627 0.5 0 0
7400 0.083728 0.5 243.188 0.368627 0.5 0 0
7410 0.083728 0.5 243.188 0.368627 0.5 0 0
7420 0.0837986 0.625 243.812 0.368627 0.5 0 0
7430 0.0837986 0.625 243.812 0.368627 0.5 0 0
7440 0.0838163 0.625 244.438 0.368627 0.5 0 0
7450 0.0838163 0.625 244.438 0.368627 0.5 0 0
7460 0.0838334 0.625 245.062 0.368627 0.5 0 0
7470 0.0838334 0.625 245.062 0.368627 0.5 0 0
7480 0.0838522 0.625 245.688 0.368627 0.5 0 0
7490 0.0838522 0.625 245.688 0.368627 0.5 0 0
7500 0.0838712 0.625 246.312 0.368627 0.5 0 0
7510 0.0838712 0.625 246.312 0.368627 0.5 0 0
7520 0.0838877 0.625 246.938 0.368627 0.5 0 0
7530 0.0838877 0.625 246.938 0.368627 0.5 0 0
7540 0.0839039 0.5 247.438 0.368627 0.5 0 0
7550 0.0839039 0.5 247.438 0.368627 0.5 0 0
7560 0.0839597 0.5 247.938 0.368627 0.5 0 0
7570 0.0839597 0.5 247.938 0.368627 0.5 0 0
7580 0.083986 0.5 248.438 0.368627 0.5 0 0
7590 0.083986 0.5 248.438 0.368627 0.5 0 0
7600 0.0840298 0.5625 249 0.368627 0.5 0 0
7610 0.0840298 0.5625 249 0.364706 0.5 0 0
7620 0.0842212 0.4375 249.438 0.368627 0.5 0 0
7630 0.0842212 0.4375 249.438 0.368627 0.5 0 0
7640 0.0843442 0.3125 249.75 0.368627 0.5 0 0
7650 0.0843442 0.3125 249.75 0.368627 0.5 0 0
7660 0.0861586 0.3125 250.062 0.372549 0.5 0 0
7670 0.0861586 0.3125 250.062 0.376471 0.5 0 0
7680 0.0866647 0.1875 250.25 0.376471 0.5 0 0
7690 0.0866647 0.1875 250.25 0.380392 0.5 0 0
7700 0.0877257 0.1875 250.438 0.376471 0.5 0 0
7710 0.0877257 0.1875 250.438 0.376471 0.5 0 0
7720 0.0878322 0.1875 250.625 0.372549 0.5 0 0
7730 0.0878322 0.1875 250.625 0.372549 0.5 0 0
7740 0.0867493 0.1875 250.812 0.376471 0.5 0 0
7750 0.0867493 0.1875 250.812 0.372549 0.5 0 0
7760 0.0858116 0.3125 251.125 0.372549 0.5 0 0
7770 0.0858116 0.3125 251.125 0.372549 0.5 0 0
7780 0.0849785 0.375 251.5 0.372549 0.5 0 0
7790 0.0849785 0.375 251.5 0.372549 0.5 0 0
7800 0.0843 0.375 251.875 0.372549 0.5 0 0
7810 0.0843 0.375 251.875 0.372549 0.5 0 0
7820 0.0836265 0.375 252.25 0.372549 0.5 0 0
7830 0.0836265 0.375 252.25 0.376471 0.5 0 0
7840 0.0835546 0.3125 252.562 0.372549 0.5 0 0
7850 0.0835546 0.3125 252.562 0.376471 0.5 0 0
7860 0.0835957 0.375 252.938 0.372549 0.5 0 0
7870 0.0835957 0.375 252.938 0.372549 0.5 0 0
7880 0.0835551 0.375 253.312 0.372549 0.5 0 0
7890 0.0835551 0.375 253.312 0.376471 0.5 0 0
7900 0.0833634 0.375 253.688 0.372549 0.5 0 0
7910 0.0833634 0.375 253.688 0.372549 0.5 0 0
7920 0.083197 0.375 254.062 0.372549 0.5 0 0
7930 0.083197 0.375 254.062 0.372549 0.5 0 0
7940 0.0830407 0.4375 254.5 0.368627 0.5 0 0
7950 0.0830407 0.4375 254.5 0.368627 0.5 0 0
7960 0.0822649 0.3125 254.812 0.364706 0.5 0 0
7970 0.0822649 0.3125 254.812 0.364706 0.5 0 0
7980 0.0816576 0.375 255.188 0.360784 0.5 0 0
7990 0.0816576 0.375 255.188 0.360784 0.5 0 0
8000 0.0814795 0.5 255.688 0.360784 0.5 0 0
8010 0.0814795 0.5 255.688 0.360784 0.5 0 0
8020 0.0812122 0.625 256.312 0.360784 0.5 0 0
8030 0.0812122 0.625 256.312 0.360784 0.5 0 0
8040 0.0808602 0.75 257.062 0.360784 0.5 0 0
8050 0.0808602 0.75 257.062 0.360784 0.5 0 0
8060 0.0804393 0.75 257.812 0.360784 0.5 0 0
8070 0.0804393 0.75 257.812 0.360784 0.5 0 0
8080 0.0801255 0.75 258.562 0.360784 0.5 0 0
8090 0.0801255 0.75 258.562 0.360784 0.5 0 0
8100 0.0797 0.75 259.312 0.360784 0.5 0 0
8110 0.0797 0.75 259.312 0.360784 0.5 0 0
8120 0.0796833 0.6875 260 0.360784 0.5 0 0
8130 0.0796833 0.6875 260 0.360784 0.5 0 0
8140 0.079687 0.625 260.625 0.360784 0.5 0 0
8150 0.079687 0.625 260.625 0.360784 0.5 0 0
8160 0.0796895 0.5625 261.188 0.360784 0.5 0 0
8170 0.0796895 0.5625 261.188 0.360784 0.5 0 0
8180 0.0796842 0.75 261.938 0.360784 0.5 0 0
8190 0.0796842 0.75 261.938 0.360784 0.5 0 0
8200 0.0796817 0.75 262.688 0.360784 0.5 0 0
8210 0.0796817 0.75 262.688 0.360784 0.5 0 0
8220 0.0796794 0.75 263.438 0.360784 0.5 0 0
8230 0.0796794 0.75 263.438 0.360784 0.5 0 0
8240 0.079678 0.75 264.188 0.360784 0.5 0 0
8250 0.079678 0.75 264.188 0.360784 0.5 0 0
8260 0.0796773 0.75 264.938 0.360784 0.5 0 0
8270 0.0796773 0.75 264.938 0.360784 0.5 0 0
8280 0.0796755 0.6875 265.625 0.360784 0.5 0 0
8290 0.0796755 0.6875 265.625 0.360784 0.5 0 0
8300 0.0796719 0.625 266.25 0.360784 0.5 0 0
8310 0.0796719 0.625 266.25 0.360784 0.5 0 0
8320 0.079668 0.625 266.875 0.360784 0.5 0 0
8330 0.079668 0.625 266.875 0.360784 0.5 0 0
8340 0.0796652 0.6875 267.562 0.360784 0.5 0 0
8350 0.0796652 0.6875 267.562 0.360784 0.5 0 0
8360 0.0796644 0.75 268.312 0.360784 0.5 0 0
8370 0.0796644 0.75 268.312 0.360784 0.5 0 0
8380 0.0796641 0.75 269.062 0.360784 0.5 0 0
8390 0.0796641 0.75 269.062 0.360784 0.5 0 0
8400 0.0796612 0.75 269.812 0.360784 0.5 0 0
8410 0.0796612 0.75 269.812 0.360784 0.5 0 0
8420 0.0796573 0.75 270.562 0.360784 0.5 0 0
8430 0.0796573 0.75 270.562 0.360784 0.5 0 0
8440 0.0796525 0.75 271.312 0.360784 0.5 0 0
8450 0.0796525 0.75 271.312 0.360784 0.5 0 0
8460 0.0796376 0.75 272.062 0.360784 0.5 0 0
8470 0.0796376 0.75 272.062 0.360784 0.5 0 0
8480 0.0796217 0.75 272.812 0.360784 0.5 0 0
8490 0.0796217 0.75 272.812 0.360784 0.5 0 0
8500 0.0796217 0.5625 273.375 0.360784 0.5 0 0
8510 0.0796217 0.5625 273.375 0.360784 0.5 0 0
8520 0.0796197 0.5625 273.938 0.360784 0.5 0 0
8530 0.0796197 0.5625 273.938 0.360784 0.5 0 0
8540 0.0796151 0.75 274.688 0.360784 0.5 0 0
8550 0.0796151 0.75 274.688 0.360784 0.5 0 0
8560 0.079611 0.625 275.312 0.360784 0.5 0 0
8570 0.079611 0.625 275.312 0.360784 0.5 0 0
8580 0.0796092 0.625 275.938 0.360784 0.5 0 0
8590 0.0796092 0.625 275.938 0.360784 0.5 0 0
8600 0.0796074 0.625 276.562 0.360784 0.5 0 0
8610 0.0796074 0.625 276.562 0.360784 0.5 0 0
8620 0.0796054 0.625 277.188 0.360784 0.5 0 0
8630 0.0796054 0.625 277.188 0.360784 0.5 0 0
8640 0.0796038 0.5 277.688 0.360784 0.5 0 0
8650 0.0796038 0.5 277.688 0.360784 0.5 0 0
8660 0.0796013 0.5625 278.25 0.360784 0.5 0 0
8670 0.0796013 0.5625 278.25 0.360784 0.5 0 0
8680 0.0796168 0.8125 279.062 0.360784 0.5 0 0
8690 0.0796168 0.8125 279.062 0.360784 0.5 0 0
8700 0.0796374 0.8125 279.875 0.360784 0.5 0 0
8710 0.0796374 0.8125 279.875 0.360784 0.5 0 0
8720 0.079664 0.8125 280.688 0.356863 0.5 0 0
8730 0.079664 0.8125 280.688 0.356863 0.5 0 0
8740 0.0796886 0.8125 281.5 0.360784 0.5 0 0
8750 0.0796886 0.8125 281.5 0.356863 0.5 0 0
8760 0.0797098 0.8125 282.312 0.356863 0.5 0 0
8770 0.0797098 0.8125 282.312 0.360784 0.5 0 0
8780 0.0797328 0.625 282.938 0.356863 0.5 0 0
8790 0.0797328 0.625 282.938 0.360784 0.5 0 0
8800 0.0797563 0.625 283.562 0.356863 0.5 0 0
8810 0.0797563 0.625 283.562 0.356863 0.5 0 0
8820 0.0797736 0.5625 284.125 0.356863 0.5 0 0
8830 0.0797736 0.5625 284.125 0.356863 0.5 0 0
8840 0.0797873 0.5625 284.688 0.356863 0.5 0 0
8850 0.0797873 0.5625 284.688 0.356863 0.5 0 0
8860 0.0797944 0.5625 285.25 0.356863 0.5 0 0
8870 0.0797944 0.5625 285.25 0.356863 0.5 0 0
8880 0.0798023 0.5625 285.812 0.356863 0.5 0 0
8890 0.0798023 0.5625 285.812 0.356863 0.5 0 0
8900 0.0797038 0.5625 286.375 0.356863 0.5 0 0
8910 0.0797038 0.5625 286.375 0.356863 0.5 0 0
8920 0.0795992 0.5625 286.938 0.356863 0.5 0 0
8930 0.0795992 0.5625 286.938 0.356863 0.5 0 0
8940 0.0795999 0.5625 287.5 0.356863 0.5 0 0
8950 0.0795999 0.5625 287.5 0.356863 0.5 0 0
8960 0.079608 0.6875 288.188 0.356863 0.5 0 0
8970 0.079608 0.6875 288.188 0.356863 0.5 0 0
8980 0.07962 0.6875 288.875 0.356863 0.5 0 0
8990 0.07962 0.6875 288.875 0.356863 0.5 0 0
9000 0.0796338 0.75 289.625 0.356863 0.5 0 0
9010 0.0796338 0.75 289.625 0.356863 0.5 0 0
9020 0.0796476 0.75 290.375 0.356863 0.5 0 0
9030 0.0796476 0.75 290.375 0.356863 0.5 0 0
9040 0.0796597 0.6875 291.062 0.356863 0.5 0 0
9050 0.0796597 0.6875 291.062 0.356863 0.5 0 0
9060 0.0796733 0.6875 291.75 0.356863 0.5 0 0
9070 0.0796733 0.6875 291.75 0.356863 0.5 0 0
9080 0.0796865 0.6875 292.438 0.356863 0.5 0 0
9090 0.0796865 0.6875 292.438 0.356863 0.5 0 0
9100 0.0797002 0.75 293.188 0.356863 0.5 0 0
9110 0.0797002 0.75 293.188 0.356863 0.5 0 0
9120 0.0797156 0.75 293.938 0.356863 0.5 0 0
9130 0.0797156 0.75 293.938 0.356863 0.5 0 0
9140 0.0797309 0.75 294.688 0.356863 0.5 0 0
9150 0.0797309 0.75 294.688 0.356863 0.5 0 0
9160 0.0797454 0.75 295.438 0.356863 0.5 0 0
9170 0.0797454 0.75 295.438 0.356863 0.5 0 0
9180 0.0795075 0.6875 296.125 0.356863 0.5 0 0
9190 0.0795075 0.6875 296.125 0.352941 0.5 0 0
9200 0.0788714 0.6875 296.812 0.356863 0.5 0 0
9210 0.0788714 0.6875 296.812 0.356863 0.5 0 0
9220 0.0783757 0.5625 297.375 0.356863 0.5 0 0
9230 0.0783757 0.5625 297.375 0.356863 0.5 0 0
9240 0.0781166 0.5 297.875 0.352941 0.5 0 0
9250 0.0781166 0.5 297.875 0.352941 0.5 0 0
9260 0.0778577 0.5 298.375 0.352941 0.5 0 0
9270 0.0778577 0.5 298.375 0.352941 0.5 0 0
9280 0.0778027 0.5625 298.938 0.352941 0.5 0 0
9290 0.0778027 0.5625 298.938 0.352941 0.5 0 0
9300 0.0778653 0.5625 299.5 0.352941 0.5 0 0
9310 0.0778653 0.5625 299.5 0.352941 0.5 0 0
9320 0.0778693 0.5625 300.062 0.352941 0.5 0 0
9330 0.0778693 0.5625 300.062 0.352941 0.5 0 0
9340 0.0778862 0.5 300.562 0.352941 0.5 0 0
9350 0.0778862 0.5 300.562 0.34902 0.5 0 0
9360 0.0782481 0.75 301.312 0.34902 0.5 0 0
9370 0.0782481 0.75 301.312 0.34902 0.5 0 0
9380 0.0785006 0.875 302.188 0.34902 0.5 0 0
9390 0.0785006 0.875 302.188 0.34902 0.5 0 0
9400 0.0785802 0.875 303.062 0.34902 0.5 0 0
9410 0.0785802 0.875 303.062 0.34902 0.5 0 0
9420 0.0786071 0.875 303.938 0.34902 0.5 0 0
9430 0.0786071 0.875 303.938 0.34902 0.5 0 0
9440 0.078633 0.875 304.812 0.34902 0.5 0 0
9450 0.078633 0.875 304.812 0.34902 0.5 0 0
9460 0.0786586 0.8125 305.625 0.34902 0.5 0 0
9470 0.0786586 0.8125 305.625 0.34902 0.5 0 0
9480 0.0786293 0.625 306.25 0.34902 0.5 0 0
9490 0.0786293 0.625 306.25 0.34902 0.5 0 0
9500 0.0785375 0.6875 306.938 0.34902 0.5 0 0
9510 0.0785375 0.6875 306.938 0.34902 0.5 0 0
9520 0.0785315 0.6875 307.625 0.34902 0.5 0 0
9530 0.0785315 0.6875 307.625 0.34902 0.5 0 0
9540 0.0785407 0.75 308.375 0.34902 0.5 0 0
9550 0.0785407 0.75 308.375 0.34902 0.5 0 0
9560 0.0785447 0.875 309.25 0.34902 0.5 0 0
9570 0.0785447 0.875 309.25 0.34902 0.5 0 0
9580 0.0785534 0.875 310.125 0.34902 0.5 0 0
9590 0.0785534 0.875 310.125 0.34902 0.5 0 0
9600 0.0785503 0.875 311 0.34902 0.5 0 0
9610 0.0785503 0.875 311 0.34902 0.5 0 0
9620 0.0785872 0.875 311.875 0.34902 0.5 0 0
9630 0.0785872 0.875 311.875 0.34902 0.5 0 0
9640 0.0786082 0.875 312.75 0.34902 0.5 0 0
9650 0.0786082 0.875 312.75 0.34902 0.5 0 0
9660 0.0786192 0.8125 313.562 0.34902 0.5 0 0
9670 0.0786192 0.8125 313.562 0.34902 0.5 0 0
9680 0.0786283 0.8125 314.375 0.34902 0.5 0 0
9690 0.0786283 0.8125 314.375 0.34902 0.5 0 0
9700 0.0786392 0.625 315 0.34902 0.5 0 0
9710 0.0786392 0.625 315 0.34902 0.5 0 0
9720 0.0786459 0.8125 315.812 0.34902 0.5 0 0
9730 0.0786459 0.8125 315.812 0.34902 0.5 0 0
9740 0.0786593 0.8125 316.625 0.34902 0.5 0 0
9750 0.0786593 0.8125 316.625 0.34902 0.5 0 0
9760 0.0787119 0.6875 317.312 0.34902 0.5 0 0
9770 0.0787119 0.6875 317.312 0.34902 0.5 0 0
9780 0.0779658 0.875 318.188 0.34902 0.5 0 0
9790 0.0779658 0.875 318.188 0.34902 0.5 0 0
9800 0.0779082 0.875 319.062 0.34902 0.5 0 0
9810 0.0779082 0.875 319.062 0.34902 0.5 0 0
9820 0.0778572 0.8125 319.875 0.34902 0.5 0 0
9830 0.0778572 0.8125 319.875 0.34902 0.5 0 0
9840 0.0776846 0.8125 320.688 0.345098 0.5 0 0
9850 0.0776846 0.8125 320.688 0.345098 0.5 0 0
9860 0.0769333 0.8125 321.5 0.345098 0.5 0 0
9870 0.0769333 0.8125 321.5 0.341176 0.5 0 0
9880 0.0766124 0.5625 322.062 0.345098 0.5 0 0
9890 0.0766124 0.5625 322.062 0.345098 0.5 0 0
9900 0.0759458 0.625 322.688 0.345098 0.5 0 0
9910 0.0759458 0.625 322.688 0.345098 0.5 0 0
9920 0.0751459 0.625 323.312 0.345098 0.5 0 0
9930 0.0751459 0.625 323.312 0.345098 0.5 0 0
9940 0.0743291 0.6875 324 0.341176 0.5 0 0
9950 0.0743291 0.6875 324 0.341176 0.5 0 0
9960 0.0730793 0.6875 324.688 0.341176 0.5 0 0
9970 0.0730793 0.6875 324.688 0.341176 0.5 0 0
9980 0.0723032 0.6875 325.375 0.341176 0.5 0 0
9990 0.0723032 0.6875 325.375 0.341176 0.5 0 0
10000 0.0718594 0.625 326 0.341176 0.5 0 0
10010 0.0718594 0.625 326 0.341176 0.5 0 0
10020 0.0712478 0.375 326.375 0.341176 0.5 0 0
10030 0.0712478 0.375 326.375 0.341176 0.5 0 0
10040 0.0707662 0.5 326.875 0.341176 0.5 0 0
10050 0.0707662 0.5 326.875 0.337255 0.5 0 0
10060 0.0708571 0.5625 327.438 0.337255 0.5 0 0
10070 0.0708571 0.5625 327.438 0.337255 0.5 0 0
10080 0.0706854 0.625 328.062 0.333333 0.5 0 0
10090 0.0706854 0.625 328.062 0.333333 0.5 0 0
10100 0.0701911 0.8125 328.875 0.333333 0.5 0 0
10110 0.0701911 0.8125 328.875 0.333333 0.5 0 0
10120 0.0699837 0.8125 329.688 0.329412 0.5 0 0
10130 0.0699837 0.8125 329.688 0.329412 0.5 0 0
10140 0.0698423 0.6875 330.375 0.333333 0.5 0 0
10150 0.0698423 0.6875 330.375 0.333333 0.5 0 0
10160 0.0696265 0.75 331.125 0.329412 0.5 0 0
10170 0.0696265 0.75 331.125 0.329412 0.5 0 0
10180 0.0693865 0.8125 331.938 0.329412 0.5 0 0
10190 0.0693865 0.8125 331.938 0.329412 0.5 0 0
10200 0.0692543 0.875 332.812 0.329412 0.5 0 0
10210 0.0692543 0.875 332.812 0.329412 0.5 0 0
10220 0.0691627 0.9375 333.75 0.329412 0.5 0 0
10230 0.0691627 0.9375 333.75 0.329412 0.5 0 0
10240 0.0690707 0.8125 334.562 0.329412 0.5 0 0
10250 0.0690707 0.8125 334.562 0.32549 0.5 0 0
10260 0.068168 0.875 335.438 0.32549 0.5 0 0
10270 0.068168 0.875 335.438 0.32549 0.5 0 0
10280 0.0675019 0.9375 336.375 0.32549 0.5 0 0
10290 0.0675019 0.9375 336.375 0.32549 0.5 0 0
10300 0.0672967 0.9375 337.312 0.32549 0.5 0 0
10310 0.0672967 0.9375 337.312 0.32549 0.5 0 0
10320 0.0671822 0.9375 338.25 0.32549 0.5 0 0
10330 0.0671822 0.9375 338.25 0.32549 0.5 0 0
10340 0.0671273 0.9375 339.188 0.32549 0.5 0 0
10350 0.0671273 0.9375 339.188 0.32549 0.5 0 0
10360 0.0671074 0.9375 340.125 0.32549 0.5 0 0
10370 0.0671074 0.9375 340.125 0.32549 0.5 0 0
10380 0.0670253 0.9375 341.062 0.32549 0.5 0 0
10390 0.0670253 0.9375 341.062 0.32549 0.5 0 0
10400 0.0669139 0.9375 342 0.32549 0.5 0 0
10410 0.0669139 0.9375 342 0.32549 0.5 0 0
10420 0.0665894 1 343 0.32549 0.5 0 0
10430 0.0665894 1 343 0.32549 0.5 0 0
10440 0.0665692 0.9375 343.938 0.32549 0.5 0 0
10450 0.0665692 0.9375 343.938 0.32549 0.5 0 0
10460 0.0665584 0.9375 344.875 0.32549 0.5 0 0
10470 0.0665584 0.9375 344.875 0.32549 0.5 0 0
10480 0.0665565 0.9375 345.812 0.329412 0.5 0 0
10490 0.0665565 0.9375 345.812 0.329412 0.5 0 0
10500 0.0665531 0.9375 346.75 0.32549 0.5 0 0
10510 0.0665531 0.9375 346.75 0.329412 0.5 0 0
10520 0.066548 0.9375 347.688 0.329412 0.5 0 0
10530 0.066548 0.9375 347.688 0.329412 0.5 0 0
10540 0.0665161 0.8125 348.5 0.329412 0.5 0 0
10550 0.0665161 0.8125 348.5 0.329412 0.5 0 0
10560 0.0664273 0.875 349.375 0.329412 0.5 0 0
10570 0.0664273 0.875 349.375 0.329412 0.5 0 0
10580 0.0663264 0.875 350.25 0.329412 0.5 0 0
10590 0.0663264 0.875 350.25 0.32549 0.5 0 0
10600 0.0662544 0.875 351.125 0.329412 0.5 0 0
10610 0.0662544 0.875 351.125 0.329412 0.5 0 0
10620 0.0662496 0.875 352 0.329412 0.5 0 0
10630 0.0662496 0.875 352 0.32549 0.5 0 0
10640 0.0661965 0.8125 352.812 0.329412 0.5 0 0
10650 0.0661965 0.8125 352.812 0.329412 0.5 0 0
10660 0.0661965 0.875 353.688 0.329412 0.5 0 0
10670 0.0661965 0.875 353.688 0.329412 0.5 0 0
10680 0.0661877 0.875 354.562 0.329412 0.5 0 0
10690 0.0661877 0.875 354.562 0.329412 0.5 0 0
10700 0.0662335 0.8125 355.375 0.329412 0.5 0 0
10710 0.0662335 0.8125 355.375 0.329412 0.5 0 0
10720 0.0662724 0.8125 356.188 0.32549 0.5 0 0
10730 0.0662724 0.8125 356.188 0.32549 0.5 0 0
10740 0.0661937 0.8125 357 0.32549 0.5 0 0
10750 0.0661937 0.8125 357 0.32549 0.5 0 0
10760 0.0659076 0.9375 357.938 0.32549 0.5 0 0
10770 0.0659076 0.9375 357.938 0.32549 0.5 0 0
10780 0.0659165 0.9375 358.875 0.32549 0.5 0 0
10790 0.0659165 0.9375 358.875 0.32549 0.5 0 0
10800 0.0659377 0.9375 359.812 0.32549 0.5 0 0
10810 0.0659377 0.9375 359.812 0.32549 0.5 0 0
10820 0.0659551 0.9375 360.75 0.32549 0.5 0 0
10830 0.0659551 0.9375 360.75 0.32549 0.5 0 0
10840 0.0659721 0.9375 361.688 0.321569 0.5 0 0
10850 0.0659721 0.9375 361.688 0.321569 0.5 0 0
10860 0.0659926 0.9375 362.625 0.321569 0.5 0 0
10870 0.0659926 0.9375 362.625 0.321569 0.5 0 0
10880 0.066009 0.875 363.5 0.32549 0.5 0 0
10890 0.066009 0.875 363.5 0.32549 0.5 0 0
10900 0.0660275 0.875 364.375 0.321569 0.5 0 0
10910 0.0660275 0.875 364.375 0.321569 0.5 0 0
10920 0.0660068 0.875 365.25 0.321569 0.5 0 0
10930 0.0660068 0.875 365.25 0.321569 0.5 0 0
10940 0.0658968 0.875 366.125 0.321569 0.5 0 0
10950 0.0658968 0.875 366.125 0.32549 0.5 0 0
10960 0.0654946 0.875 367 0.32549 0.5 0 0
10970 0.0654946 0.875 367 0.32549 0.5 0 0
10980 0.0651905 0.9375 367.938 0.32549 0.5 0 0
10990 0.0651905 0.9375 367.938 0.32549 0.5 0 0
11000 0.0651847 0.875 368.812 0.32549 0.5 0 0
11010 0.0651847 0.875 368.812 0.32549 0.5 0 0
11020 0.0652028 0.875 369.688 0.321569 0.5 0 0
11030 0.0652028 0.875 369.688 0.32549 0.5 0 0
11040 0.0652608 0.875 370.562 0.32549 0.5 0 0
11050 0.0652608 0.875 370.562 0.32549 0.5 0 0
11060 0.0653319 0.875 371.438 0.32549 0.5 0 0
11070 0.0653319 0.875 371.438 0.321569 0.5 0 0
11080 0.0653011 0.875 372.312 0.321569 0.5 0 0
11090 0.0653011 0.875 372.312 0.32549 0.5 0 0
11100 0.0654741 0.875 373.188 0.321569 0.5 0 0
11110 0.0654741 0.875 373.188 0.321569 0.5 0 0
11120 0.065495 0.8125 374 0.321569 0.5 0 0
11130 0.065495 0.8125 374 0.321569 0.5 0 0
11140 0.0654911 0.8125 374.812 0.321569 0.5 0 0
11150 0.0654911 0.8125 374.812 0.321569 0.5 0 0
11160 0.0654695 0.8125 375.625 0.321569 0.5 0 0
11170 0.0654695 0.8125 375.625 0.321569 0.5 0 0
11180 0.065343 0.8125 376.438 0.321569 0.5 0 0
11190 0.065343 0.8125 376.438 0.321569 0.5 0 0
11200 0.0651377 0.75 377.188 0.321569 0.5 0 0
11210 0.0651377 0.75 377.188 0.321569 0.5 0 0
11220 0.0649927 0.8125 378 0.321569 0.5 0 0
11230 0.0649927 0.8125 378 0.32549 0.5 0 0
11240 0.0649299 0.875 378.875 0.329412 0.5 0 0
11250 0.0649299 0.875 378.875 0.337255 0.5 0 0
11260 0.064017 0.875 379.75 0.333333 0.5 0 0
11270 0.064017 0.875 379.75 0.337255 0.5 0 0
11280 0.0640118 0.875 380.625 0.337255 0.5 0 0
11290 0.0640118 0.875 380.625 0.337255 0.5 0 0
11300 0.0637826 0.875 381.5 0.337255 0.5 0 0
11310 0.0637826 0.875 381.5 0.341176 0.5 0 0
11320 0.0634835 0.8125 382.312 0.341176 0.5 0 0
11330 0.0634835 0.8125 382.312 0.345098 0.5 0 0
11340 0.0635957 0.8125 383.125 0.341176 0.5 0 0
11350 0.0635957 0.8125 383.125 0.345098 0.5 0 0
11360 0.0637204 0.9375 384.062 0.341176 0.5 0 0
11370 0.0637204 0.9375 384.062 0.341176 0.5 0 0
11380 0.0637372 0.8125 384.875 0.345098 0.5 0 0
11390 0.0637372 0.8125 384.875 0.341176 0.5 0 0
11400 0.0637362 0.8125 385.688 0.345098 0.5 0 0
11410 0.0637362 0.8125 385.688 0.345098 0.5 0 0
11420 0.0637297 0.9375 386.625 0.341176 0.5 0 0
11430 0.0637297 0.9375 386.625 0.341176 0.5 0 0
11440 0.0638716 0.9375 387.562 0.337255 0.5 0 0
11450 0.0638716 0.9375 387.562 0.337255 0.5 0 0
11460 0.0639514 0.8125 388.375 0.337255 0.5 0 0
11470 0.0639514 0.8125 388.375 0.333333 0.5 0 0
11480 0.064144 0.8125 389.188 0.333333 0.5 0 0
11490 0.064144 0.8125 389.188 0.337255 0.5 0 0
11500 0.0642658 0.9375 390.125 0.341176 0.5 0 0
11510 0.0642658 0.9375 390.125 0.337255 0.5 0 0
11520 0.0642763 0.9375 391.062 0.337255 0.5 0 0
11530 0.0642763 0.9375 391.062 0.341176 0.5 0 0
11540 0.0639374 0.9375 392 0.341176 0.5 0 0
11550 0.0639374 0.9375 392 0.345098 0.5 0 0
11560 0.0641136 0.8125 392.812 0.345098 0.5 0 0
11570 0.0641136 0.8125 392.812 0.345098 0.5 0 0
11580 0.0643305 0.75 393.562 0.345098 0.5 0 0
11590 0.0643305 0.75 393.562 0.345098 0.5 0 0
11600 0.0646585 0.75 394.312 0.345098 0.5 0 0
11610 0.0646585 0.75 394.312 0.345098 0.5 0 0
11620 0.0651353 0.8125 395.125 0.34902 0.5 0 0
11630 0.0651353 0.8125 395.125 0.34902 0.5 0 0
11640 0.065585 0.8125 395.938 0.352941 0.5 0 0
11650 0.065585 0.8125 395.938 0.356863 0.5 0 0
11660 0.0658924 0.8125 396.75 0.356863 0.5 0 0
11670 0.0658924 0.8125 396.75 0.360784 0.5 0 0
11680 0.0662406 0.875 397.625 0.364706 0.5 0 0
11690 0.0662406 0.875 397.625 0.364706 0.5 0 0
11700 0.0663456 0.9375 398.562 0.368627 0.5 0 0
11710 0.0663456 0.9375 398.562 0.368627 0.5 0 0
11720 0.0664008 0.9375 399.5 0.368627 0.5 0 0
11730 0.0664008 0.9375 399.5 0.368627 0.5 0 0
11740 0.0666175 0.9375 400.438 0.368627 0.5 0 0
11750 0.0666175 0.9375 400.438 0.372549 0.5 0 0
11760 0.0668281 0.9375 401.375 0.372549 0.5 0 0
11770 0.0668281 0.9375 401.375 0.372549 0.5 0 0
11780 0.0669735 0.875 402.25 0.368627 0.5 0 0
11790 0.0669735 0.875 402.25 0.368627 0.5 0 0
11800 0.0670448 0.8125 403.062 0.368627 0.5 0 0
11810 0.0670448 0.8125 403.062 0.372549 0.5 0 0
11820 0.0671407 0.8125 403.875 0.368627 0.5 0 0
11830 0.0671407 0.8125 403.875 0.372549 0.5 0 0
11840 0.0672639 0.875 404.75 0.368627 0.5 0 0
11850 0.0672639 0.875 404.75 0.368627 0.5 0 0
11860 0.0673752 0.8125 405.562 0.368627 0.5 0 0
11870 0.0673752 0.8125 405.562 0.368627 0.5 0 0
11880 0.0675119 0.6875 406.25 0.372549 0.5 0 0
11890 0.0675119 0.6875 406.25 0.372549 0.5 0 0
11900 0.0676125 0.8125 407.062 0.372549 0.5 0 0
11910 0.0676125 0.8125 407.062 0.376471 0.5 0 0
11920 0.0677509 0.8125 407.875 0.372549 0.5 0 0
11930 0.0677509 0.8125 407.875 0.376471 0.5 0 0
11940 0.0678409 0.6875 408.562 0.376471 0.5 0 0
11950 0.0678409 0.6875 408.562 0.372549 0.5 0 0
11960 0.0679062 0.6875 409.25 0.372549 0.5 0 0
11970 0.0679062 0.6875 409.25 0.376471 0.5 0 0
11980 0.0679595 0.625 409.875 0.372549 0.5 0 0
11990 0.0679595 0.625 409.875 0.372549 0.5 0 0
12000 0.0679941 0.625 410.5 0.376471 0.5 0 0
12010 0.0679941 0.625 410.5 0.372549 0.5 0 0
12020 0.0680084 0.625 411.125 0.372549 0.5 0 0
12030 0.0680084 0.625 411.125 0.372549 0.5 0 0
12040 0.0679143 0.6875 411.812 0.372549 0.5 0 0
12050 0.0679143 0.6875 411.812 0.372549 0.5 0 0
12060 0.0678973 0.625 412.438 0.376471 0.5 0 0
12070 0.0678973 0.625 412.438 0.376471 0.5 0 0
12080 0.0678947 0.625 413.062 0.376471 0.5 0 0
12090 0.0678947 0.625 413.062 0.376471 0.5 0 0
12100 0.0678694 0.625 413.688 0.376471 0.5 0 0
12110 0.0678694 0.625 413.688 0.376471 0.5 0 0
12120 0.0678671 0.6875 414.375 0.376471 0.5 0 0
12130 0.0678671 0.6875 414.375 0.376471 0.5 0 0
12140 0.0679487 0.6875 415.062 0.372549 0.5 0 0
12150 0.0679487 0.6875 415.062 0.376471 0.5 0 0
12160 0.0679275 0.625 415.688 0.376471 0.5 0 0
12170 0.0679275 0.625 415.688 0.376471 0.5 0 0
12180 0.0675175 0.6875 416.375 0.376471 0.5 0 0
12190 0.0675175 0.6875 416.375 0.372549 0.5 0 0
12200 0.0674643 0.625 417 0.372549 0.5 0 0
12210 0.0674643 0.625 417 0.372549 0.5 0 0
12220 0.0673595 0.625 417.625 0.376471 0.5 0 0
12230 0.0673595 0.625 417.625 0.376471 0.5 0 0
12240 0.067313 0.625 418.25 0.376471 0.5 0 0
12250 0.067313 0.625 418.25 0.376471 0.5 0 0
12260 0.0673078 0.625 418.875 0.376471 0.5 0 0
12270 0.0673078 0.625 418.875 0.376471 0.5 0 0
12280 0.0673086 0.625 419.5 0.372549 0.5 0 0
12290 0.0673086 0.625 419.5 0.376471 0.5 0 0
12300 0.0672965 0.75 420.25 0.372549 0.5 0 0
12310 0.0672965 0.75 420.25 0.376471 0.5 0 0
12320 0.0672636 0.75 421 0.376471 0.5 0 0
12330 0.0672636 0.75 421 0.376471 0.5 0 0
12340 0.0672477 0.8125 421.812 0.372549 0.5 0 0
12350 0.0672477 0.8125 421.812 0.380392 0.5 0 0
12360 0.0672396 0.8125 422.625 0.376471 0.5 0 0
12370 0.0672396 0.8125 422.625 0.380392 0.5 0 0
12380 0.067233 0.8125 423.438 0.380392 0.5 0 0
12390 0.067233 0.8125 423.438 0.372549 0.5 0 0
12400 0.0671959 0.875 424.312 0.376471 0.5 0 0
12410 0.0671959 0.875 424.312 0.376471 0.5 0 0
12420 0.06717 0.8125 425.125 0.376471 0.5 0 0
12430 0.06717 0.8125 425.125 0.376471 0.5 0 0
12440 0.067151 0.8125 425.938 0.376471 0.5 0 0
12450 0.067151 0.8125 425.938 0.376471 0.5 0 0
12460 0.0671345 0.875 426.812 0.376471 0.5 0 0
12470 0.0671345 0.875 426.812 0.376471 0.5 0 0
12480 0.0671231 0.875 427.688 0.376471 0.5 0 0
12490 0.0671231 0.875 427.688 0.376471 0.5 0 0
12500 0.0671231 0.875 428.562 0.380392 0.5 0 0
12510 0.0671231 0.875 428.562 0.376471 0.5 0 0
12520 0.0670635 0.875 429.438 0.376471 0.5 0 0
12530 0.0670635 0.875 429.438 0.376471 0.5 0 0
12540 0.0668401 0.8125 430.25 0.376471 0.5 0 0
12550 0.0668401 0.8125 430.25 0.376471 0.5 0 0
12560 0.06648 0.6875 430.938 0.380392 0.5 0 0
12570 0.06648 0.6875 430.938 0.380392 0.5 0 0
12580 0.0663635 0.8125 431.75 0.380392 0.5 0 0
12590 0.0663635 0.8125 431.75 0.384314 0.5 0 0
12600 0.0664225 0.875 432.625 0.384314 0.5 0 0
12610 0.0664225 0.875 432.625 0.384314 0.5 0 0
12620 0.066438 0.875 433.5 0.384314 0.5 0 0
12630 0.066438 0.875 433.5 0.384314 0.5 0 0
12640 0.0664414 0.875 434.375 0.384314 0.5 0 0
12650 0.0664414 0.875 434.375 0.384314 0.5 0 0
12660 0.0664513 0.875 435.25 0.384314 0.5 0 0
12670 0.0664513 0.875 435.25 0.384314 0.5 0 0
12680 0.0664501 0.9375 436.188 0.384314 0.5 0 0
12690 0.0664501 0.9375 436.188 0.384314 0.5 0 0
12700 0.066046 0.9375 437.125 0.384314 0.5 0 0
12710 0.066046 0.9375 437.125 0.384314 0.5 0 0
12720 0.0659283 0.875 438 0.384314 0.5 0 0
12730 0.0659283 0.875 438 0.384314 0.5 0 0
12740 0.0659714 0.875 438.875 0.384314 0.5 0 0
12750 0.0659714 0.875 438.875 0.384314 0.5 0 0
12760 0.0659808 0.875 439.75 0.384314 0.5 0 0
12770 0.0659808 0.875 439.75 0.388235 0.5 0 0
12780 0.0659812 0.8125 440.562 0.384314 0.5 0 0
12790 0.0659812 0.8125 440.562 0.384314 0.5 0 0
12800 0.0659828 0.6875 441.25 0.384314 0.5 0 0
12810 0.0659828 0.6875 441.25 0.384314 0.5 0 0
12820 0.0659851 0.6875 441.938 0.384314 0.5 0 0
12830 0.0659851 0.6875 441.938 0.388235 0.5 0 0
12840 0.0659461 0.625 442.562 0.384314 0.5 0 0
12850 0.0659461 0.625 442.562 0.384314 0.5 0 0
12860 0.0659297 0.75 443.312 0.384314 0.5 0 0
12870 0.0659297 0.75 443.312 0.384314 0.5 0 0
12880 0.065956 0.8125 444.125 0.384314 0.5 0 0
12890 0.065956 0.8125 444.125 0.384314 0.5 0 0
12900 0.065956 0.8125 444.938 0.388235 0.5 0 0
12910 0.065956 0.8125 444.938 0.384314 0.5 0 0
12920 0.065956 0.8125 445.75 0.380392 0.5 0 0
12930 0.065956 0.8125 445.75 0.384314 0.5 0 0
12940 0.0659527 0.8125 446.562 0.384314 0.5 0 0
12950 0.0659527 0.8125 446.562 0.388235 0.5 0 0
12960 0.0659265 0.8125 447.375 0.388235 0.5 0 0
12970 0.0659265 0.8125 447.375 0.384314 0.5 0 0
12980 0.0659271 0.8125 448.188 0.384314 0.5 0 0
12990 0.0659271 0.8125 448.188 0.388235 0.5 0 0
13000 0.0659708 0.75 448.938 0.384314 0.5 0 0
13010 0.0659708 0.75 448.938 0.384314 0.5 0 0
13020 0.0659728 0.875 449.812 0.388235 0.5 0 0
13030 0.0659728 0.875 449.812 0.384314 0.5 0 0
13040 0.0659728 0.875 450.688 0.388235 0.5 0 0
13050 0.0659728 0.875 450.688 0.384314 0.5 0 0
13060 0.0659728 0.9375 451.625 0.384314 0.5 0 0
13070 0.0659728 0.9375 451.625 0.384314 0.5 0 0
13080 0.0659618 0.9375 452.562 0.388235 0.5 0 0
13090 0.0659618 0.9375 452.562 0.384314 0.5 0 0
13100 0.0659495 0.9375 453.5 0.388235 0.5 0 0
13110 0.0659495 0.9375 453.5 0.384314 0.5 0 0
13120 0.0659279 0.9375 454.438 0.384314 0.5 0 0
13130 0.0659279 0.9375 454.438 0.388235 0.5 0 0
13140 0.0659279 0.8125 455.25 0.384314 0.5 0 0
13150 0.0659279 0.8125 455.25 0.388235 0.5 0 0
13160 0.0659279 0.9375 456.188 0.388235 0.5 0 0
13170 0.0659279 0.9375 456.188 0.388235 0.5 0 0
13180 0.0659279 0.9375 457.125 0.388235 0.5 0 0
13190 0.0659279 0.9375 457.125 0.384314 0.5 0 0
13200 0.0659141 0.875 458 0.388235 0.5 0 0
13210 0.0659141 0.875 458 0.388235 0.5 0 0
13220 0.0658975 0.875 458.875 0.388235 0.5 0 0
13230 0.0658975 0.875 458.875 0.384314 0.5 0 0
13240 0.0658808 0.9375 459.812 0.384314 0.5 0 0
13250 0.0658808 0.9375 459.812 0.388235 0.5 0 0
13260 0.0658368 0.875 460.688 0.384314 0.5 0 0
13270 0.0658368 0.875 460.688 0.388235 0.5 0 0
13280 0.0657878 0.8125 461.5 0.384314 0.5 0 0
13290 0.0657878 0.8125 461.5 0.384314 0.5 0 0
13300 0.0657878 0.9375 462.438 0.388235 0.5 0 0
13310 0.0657878 0.9375 462.438 0.384314 0.5 0 0
13320 0.0657878 0.9375 463.375 0.384314 0.5 0 0
13330 0.0657878 0.9375 463.375 0.384314 0.5 0 0
13340 0.0657878 0.9375 464.312 0.384314 0.5 0 0
13350 0.0657878 0.9375 464.312 0.384314 0.5 0 0
13360 0.0657878 0.9375 465.25 0.384314 0.5 0 0
13370 0.0657878 0.9375 465.25 0.384314 0.5 0 0
13380 0.0657878 0.875 466.125 0.384314 0.5 0 0
13390 0.0657878 0.875 466.125 0.384314 0.5 0 0
13400 0.0657878 0.875 467 0.388235 0.5 0 0
13410 0.0657878 0.875 467 0.388235 0.5 0 0
13420 0.0657878 0.8125 467.812 0.384314 0.5 0 0
13430 0.0657878 0.8125 467.812 0.384314 0.5 0 0
13440 0.0657878 0.8125 468.625 0.388235 0.5 0 0
13450 0.0657878 0.8125 468.625 0.384314 0.5 0 0
13460 0.0657878 0.875 469.5 0.388235 0.5 0 0
13470 0.0657878 0.875 469.5 0.388235 0.5 0 0
13480 0.0657878 0.875 470.375 0.384314 0.5 0 0
13490 0.0657878 0.875 470.375 0.388235 0.5 0 0
13500 0.0657878 0.9375 471.312 0.388235 0.5 0 0
13510 0.0657878 0.9375 471.312 0.384314 0.5 0 0
13520 0.0657878 0.9375 472.25 0.384314 0.5 0 0
13530 0.0657878 0.9375 472.25 0.384314 0.5 0 0
13540 0.0657878 0.9375 473.188 0.384314 0.5 0 0
13550 0.0657878 0.9375 473.188 0.384314 0.5 0 0
13560 0.0657878 0.875 474.062 0.388235 0.5 0 0
13570 0.0657878 0.875 474.062 0.384314 0.5 0 0
13580 0.0657878 0.75 474.812 0.384314 0.5 0 0
13590 0.0657878 0.75 474.812 0.384314 0.5 0 0
13600 0.0657878 1 475.812 0.384314 0.5 0 0
13610 0.0657878 1 475.812 0.384314 0.5 0 0
13620 0.0657878 1 476.812 0.388235 0.5 0 0
13630 0.0657878 1 476.812 0.388235 0.5 0 0
13640 0.0657878 1 477.812 0.388235 0.5 0 0
13650 0.0657878 1 477.812 0.384314 0.5 0 0
13660 0.0657878 1 478.812 0.384314 0.5 0 0
13670 0.0657878 1 478.812 0.384314 0.5 0 0
13680 0.0657878 1 479.812 0.384314 0.5 0 0
13690 0.0657878 1 479.812 0.384314 0.5 0 0
13700 0.0657878 1 480.812 0.384314 0.5 0 0
13710 0.0657878 1 480.812 0.384314 0.5 0 0
13720 0.0657878 0.875 481.688 0.388235 0.5 0 0
13730 0.0657878 0.875 481.688 0.384314 0.5 0 0
13740 0.0657878 0.875 482.562 0.384314 0.5 0 0
13750 0.0657878 0.875 482.562 0.384314 0.5 0 0
13760 0.0657878 0.875 483.438 0.384314 0.5 0 0
13770 0.0657878 0.875 483.438 0.384314 0.5 0 0
13780 0.0657878 0.875 484.312 0.384314 0.5 0 0
13790 0.0657878 0.875 484.312 0.384314 0.5 0 0
13800 0.0657878 0.875 485.188 0.384314 0.5 0 0
13810 0.0657878 0.875 485.188 0.384314 0.5 0 0
13820 0.0657878 0.9375 486.125 0.384314 0.5 0 0
13830 0.0657878 0.9375 486.125 0.384314 0.5 0 0
13840 0.0657878 0.8125 486.938 0.384314 0.5 0 0
13850 0.0657878 0.8125 486.938 0.388235 0.5 0 0
13860 0.0657878 0.8125 487.75 0.384314 0.5 0 0
13870 0.0657878 0.8125 487.75 0.384314 0.5 0 0
13880 0.0657878 0.75 488.5 0.384314 0.5 0 0
13890 0.0657878 0.75 488.5 0.384314 0.5 0 0
13900 0.0657878 0.75 489.25 0.384314 0.5 0 0
13910 0.0657878 0.75 489.25 0.384314 0.5 0 0
13920 0.0657878 0.75 490 0.384314 0.5 0 0
13930 0.0657878 0.75 490 0.388235 0.5 0 0
13940 0.0657878 0.625 490.625 0.388235 0.5 0 0
13950 0.0657878 0.625 490.625 0.384314 0.5 0 0
13960 0.0657878 0.8125 491.438 0.384314 0.5 0 0
13970 0.0657878 0.8125 491.438 0.384314 0.5 0 0
13980 0.0657878 0.8125 492.25 0.384314 0.5 0 0
13990 0.0657878 0.8125 492.25 0.384314 0.5 0 0
14000 0.0657878 0.8125 493.062 0.388235 0.5 0 0
14010 0.0657878 0.8125 493.062 0.384314 0.5 0 0
14020 0.0657878 0.8125 493.875 0.384314 0.5 0 0
14030 0.0657878 0.8125 493.875 0.384314 0.5 0 0
14040 0.0657878 0.8125 494.688 0.384314 0.5 0 0
14050 0.0657878 0.8125 494.688 0.388235 0.5 0 0
14060 0.0657878 0.6875 495.375 0.388235 0.5 0 0
14070 0.0657878 0.6875 495.375 0.384314 0.5 0 0
14080 0.0657878 0.75 496.125 0.384314 0.5 0 0
14090 0.0657878 0.75 496.125 0.384314 0.5 0 0
14100 0.0657878 0.75 496.875 0.388235 0.5 0 0
14110 0.0657878 0.75 496.875 0.384314 0.5 0 0
14120 0.0657878 0.75 497.625 0.388235 0.5 0 0
14130 0.0657878 0.75 497.625 0.384314 0.5 0 0
14140 0.0657878 0.75 498.375 0.384314 0.5 0 0
14150 0.0657878 0.75 498.375 0.388235 0.5 0 0
14160 0.0657878 0.75 499.125 0.384314 0.5 0 0
14170 0.0657878 0.75 499.125 0.384314 0.5 0 0
14180 0.0657799 0.75 499.875 0.384314 0.5 0 0
14190 0.0657799 0.75 499.875 0.384314 0.5 0 0
14200 0.0657726 0.6875 500.562 0.384314 0.5 0 0
14210 0.0657726 0.6875 500.562 0.384314 0.5 0 0
14220 0.0657726 0.8125 501.375 0.384314 0.5 0 0
14230 0.0657726 0.8125 501.375 0.388235 0.5 0 0
14240 0.0657726 0.75 502.125 0.384314 0.5 0 0
14250 0.0657726 0.75 502.125 0.388235 0.5 0 0
14260 0.0657609 0.75 502.875 0.384314 0.5 0 0
14270 0.0657609 0.75 502.875 0.384314 0.5 0 0
14280 0.0657442 0.75 503.625 0.384314 0.5 0 0
14290 0.0657442 0.75 503.625 0.388235 0.5 0 0
14300 0.065734 0.8125 504.438 0.388235 0.5 0 0
14310 0.065734 0.8125 504.438 0.388235 0.5 0 0
14320 0.0657161 0.8125 505.25 0.384314 0.5 0 0
14330 0.0657161 0.8125 505.25 0.384314 0.5 0 0
14340 0.0657156 0.75 506 0.388235 0.5 0 0
14350 0.0657156 0.75 506 0.384314 0.5 0 0
14360 0.0657156 0.75 506.75 0.384314 0.5 0 0
14370 0.0657156 0.75 506.75 0.388235 0.5 0 0
14380 0.0657071 0.75 507.5 0.388235 0.5 0 0
14390 0.0657071 0.75 507.5 0.384314 0.5 0 0
14400 0.0656955 0.75 508.25 0.384314 0.5 0 0
14410 0.0656955 0.75 508.25 0.388235 0.5 0 0
14420 0.0656812 0.75 509 0.380392 0.5 0 0
14430 0.0656812 0.75 509 0.384314 0.5 0 0
14440 0.0656703 0.75 509.75 0.384314 0.5 0 0
14450 0.0656703 0.75 509.75 0.384314 0.5 0 0
14460 0.0656703 0.6875 510.438 0.388235 0.5 0 0
14470 0.0656703 0.6875 510.438 0.384314 0.5 0 0
14480 0.0656703 0.6875 511.125 0.384314 0.5 0 0
14490 0.0656703 0.6875 511.125 0.384314 0.5 0 0
14500 0.0656586 0.6875 511.812 0.384314 0.5 0 0
14510 0.0656586 0.6875 511.812 0.384314 0.5 0 0
14520 0.0656586 0.625 512.438 0.388235 0.5 0 0
14530 0.0656586 0.625 512.438 0.384314 0.5 0 0
14540 0.0656457 0.6875 513.125 0.384314 0.5 0 0
14550 0.0656457 0.6875 513.125 0.384314 0.5 0 0
14560 0.0656379 0.5625 513.688 0.388235 0.5 0 0
14570 0.0656379 0.5625 513.688 0.384314 0.5 0 0
14580 0.0656379 0.6875 514.375 0.388235 0.5 0 0
14590 0.0656379 0.6875 514.375 0.384314 0.5 0 0
14600 0.0656379 0.6875 515.062 0.384314 0.5 0 0
14610 0.0656379 0.6875 515.062 0.384314 0.5 0 0
14620 0.0656379 0.6875 515.75 0.384314 0.5 0 0
14630 0.0656379 0.6875 515.75 0.384314 0.5 0 0
14640 0.065624 0.6875 516.438 0.384314 0.5 0 0
14650 0.065624 0.6875 516.438 0.384314 0.5 0 0
14660 0.0656125 0.625 517.062 0.384314 0.5 0 0
14670 0.0656125 0.625 517.062 0.384314 0.5 0 0
14680 0.065432 0.625 517.688 0.380392 0.5 0 0
14690 0.065432 0.625 517.688 0.380392 0.5 0 0
14700 0.0650897 0.5625 518.25 0.372549 0.5 0 0
14710 0.0650897 0.5625 518.25 0.360784 0.5 0 0
14720 0.0640284 0.625 518.875 0.356863 0.5 0 0
14730 0.0640284 0.625 518.875 0.352941 0.5 0 0
14740 0.0637576 0.625 519.5 0.352941 0.5 0 0
14750 0.0637576 0.625 519.5 0.345098 0.5 0 0
14760 0.0641369 0.625 520.125 0.341176 0.5 0 0
14770 0.0641369 0.625 520.125 0.341176 0.5 0 0
14780 0.064398 0.6875 520.812 0.341176 0.5 0 0
14790 0.064398 0.6875 520.812 0.341176 0.5 0 0
14800 0.0649345 0.75 521.562 0.341176 0.5 0 0
14810 0.0649345 0.75 521.562 0.341176 0.5 0 0
14820 0.0651379 0.6875 522.25 0.341176 0.5 0 0
14830 0.0651379 0.6875 522.25 0.341176 0.5 0 0
14840 0.065251 0.75 523 0.341176 0.5 0 0
14850 0.065251 0.75 523 0.341176 0.5 0 0
14860 0.0653056 0.75 523.75 0.341176 0.5 0 0
14870 0.0653056 0.75 523.75 0.341176 0.5 0 0
14880 0.065327 0.75 524.5 0.337255 0.5 0 0
14890 0.065327 0.75 524.5 0.337255 0.5 0 0
14900 0.0653547 0.75 525.25 0.337255 0.5 0 0
14910 0.0653547 0.75 525.25 0.337255 0.5 0 0
14920 0.0653856 0.8125 526.062 0.337255 0.5 0 0
14930 0.0653856 0.8125 526.062 0.337255 0.5 0 0
14940 0.0654415 0.6875 526.75 0.337255 0.5 0 0
14950 0.0654415 0.6875 526.75 0.337255 0.5 0 0
14960 0.0654794 0.8125 527.562 0.337255 0.5 0 0
14970 0.0654794 0.8125 527.562 0.337255 0.5 0 0
14980 0.0655086 0.875 528.438 0.337255 0.5 0 0
14990 0.0655086 0.875 528.438 0.337255 0.5 0 0
15000 0.0655402 0.8125 529.25 0.337255 0.5 0 0
15010 0.0655402 0.8125 529.25 0.337255 0.5 0 0
15020 0.0655764 0.8125 530.062 0.337255 0.5 0 0
15030 0.0655764 0.8125 530.062 0.337255 0.5 0 0
15040 0.0656136 0.8125 530.875 0.333333 0.5 0 0
15050 0.0656136 0.8125 530.875 0.337255 0.5 0 0
15060 0.0656757 0.8125 531.688 0.337255 0.5 0 0
15070 0.0656757 0.8125 531.688 0.333333 0.5 0 0
15080 0.0657229 0.8125 532.5 0.333333 0.5 0 0
15090 0.0657229 0.8125 532.5 0.333333 0.5 0 0
15100 0.0657664 0.75 533.25 0.333333 0.5 0 0
15110 0.0657664 0.75 533.25 0.333333 0.5 0 0
15120 0.0658094 0.75 534 0.333333 0.5 0 0
15130 0.0658094 0.75 534 0.333333 0.5 0 0
15140 0.0658408 0.875 534.875 0.333333 0.5 0 0
15150 0.0658408 0.875 534.875 0.333333 0.5 0 0
15160 0.0658657 0.875 535.75 0.333333 0.5 0 0
15170 0.0658657 0.875 535.75 0.333333 0.5 0 0
15180 0.0659041 0.875 536.625 0.333333 0.5 0 0
15190 0.0659041 0.875 536.625 0.333333 0.5 0 0
15200 0.0659456 0.875 537.5 0.333333 0.5 0 0
15210 0.0659456 0.875 537.5 0.333333 0.5 0 0
15220 0.0659854 0.875 538.375 0.337255 0.5 0 0
15230 0.0659854 0.875 538.375 0.333333 0.5 0 0
15240 0.0660245 0.875 539.25 0.333333 0.5 0 0
15250 0.0660245 0.875 539.25 0.333333 0.5 0 0
15260 0.0660469 0.8125 540.062 0.333333 0.5 0 0
15270 0.0660469 0.8125 540.062 0.333333 0.5 0 0
15280 0.0660359 0.75 540.812 0.333333 0.5 0 0
15290 0.0660359 0.75 540.812 0.333333 0.5 0 0
15300 0.0660266 0.8125 541.625 0.333333 0.5 0 0
15310 0.0660266 0.8125 541.625 0.333333 0.5 0 0
15320 0.0660285 0.75 542.375 0.337255 0.5 0 0
15330 0.0660285 0.75 542.375 0.333333 0.5 0 0
15340 0.0661085 0.8125 543.188 0.337255 0.5 0 0
15350 0.0661085 0.8125 543.188 0.337255 0.5 0 0
15360 0.0661437 0.8125 544 0.337255 0.5 0 0
15370 0.0661437 0.8125 544 0.337255 0.5 0 0
15380 0.0660839 0.8125 544.812 0.337255 0.5 0 0
15390 0.0660839 0.8125 544.812 0.337255 0.5 0 0
15400 0.0659916 0.875 545.688 0.337255 0.5 0 0
15410 0.0659916 0.875 545.688 0.337255 0.5 0 0
15420 0.0658052 0.875 546.562 0.341176 0.5 0 0
15430 0.0658052 0.875 546.562 0.341176 0.5 0 0
15440 0.065238 0.875 547.438 0.341176 0.5 0 0
15450 0.065238 0.875 547.438 0.341176 0.5 0 0
15460 0.0635992 0.8125 548.25 0.341176 0.5 0 0
15470 0.0635992 0.8125 548.25 0.341176 0.5 0 0
15480 0.0627348 0.9375 549.188 0.341176 0.5 0 0
15490 0.0627348 0.9375 549.188 0.341176 0.5 0 0
15500 0.0627966 0.9375 550.125 0.341176 0.5 0 0
15510 0.0627966 0.9375 550.125 0.341176 0.5 0 0
15520 0.0627097 0.875 551 0.341176 0.5 0 0
15530 0.0627097 0.875 551 0.341176 0.5 0 0
15540 0.0624483 0.9375 551.938 0.341176 0.5 0 0
15550 0.0624483 0.9375 551.938 0.341176 0.5 0 0
15560 0.062373 0.9375 552.875 0.341176 0.5 0 0
15570 0.062373 0.9375 552.875 0.341176 0.5 0 0
15580 0.0624108 0.9375 553.812 0.341176 0.5 0 0
15590 0.0624108 0.9375 553.812 0.341176 0.5 0 0
15600 0.0623845 0.9375 554.75 0.337255 0.5 0 0
15610 0.0623845 0.9375 554.75 0.337255 0.5 0 0
15620 0.0623641 0.9375 555.688 0.337255 0.5 0 0
15630 0.0623641 0.9375 555.688 0.337255 0.5 0 0
15640 0.062393 0.9375 556.625 0.341176 0.5 0 0
15650 0.062393 0.9375 556.625 0.337255 0.5 0 0
15660 0.0624249 0.9375 557.562 0.341176 0.5 0 0
15670 0.0624249 0.9375 557.562 0.337255 0.5 0 0
15680 0.0624381 0.9375 558.5 0.337255 0.5 0 0
15690 0.0624381 0.9375 558.5 0.341176 0.5 0 0
15700 0.0624282 0.9375 559.438 0.337255 0.5 0 0
15710 0.0624282 0.9375 559.438 0.337255 0.5 0 0
15720 0.062416 0.9375 560.375 0.337255 0.5 0 0
15730 0.062416 0.9375 560.375 0.341176 0.5 0 0
15740 0.0623811 0.9375 561.312 0.337255 0.5 0 0
15750 0.0623811 0.9375 561.312 0.337255 0.5 0 0
15760 0.0623553 0.875 562.188 0.341176 0.5 0 0
15770 0.0623553 0.875 562.188 0.337255 0.5 0 0
15780 0.0623291 0.875 563.062 0.341176 0.5 0 0
15790 0.0623291 0.875 563.062 0.341176 0.5 0 0
15800 0.0623099 0.9375 564 0.337255 0.5 0 0
15810 0.0623099 0.9375 564 0.337255 0.5 0 0
15820 0.0623045 0.9375 564.938 0.337255 0.5 0 0
15830 0.0623045 0.9375 564.938 0.337255 0.5 0 0
15840 0.0623031 0.9375 565.875 0.337255 0.5 0 0
15850 0.0623031 0.9375 565.875 0.337255 0.5 0 0
15860 0.0623263 0.9375 566.812 0.337255 0.5 0 0
15870 0.0623263 0.9375 566.812 0.341176 0.5 0 0
15880 0.0623582 0.9375 567.75 0.337255 0.5 0 0
15890 0.0623582 0.9375 567.75 0.341176 0.5 0 0
15900 0.062394 0.875 568.625 0.337255 0.5 0 0
15910 0.062394 0.875 568.625 0.337255 0.5 0 0
15920 0.0624305 0.875 569.5 0.337255 0.5 0 0
15930 0.0624305 0.875 569.5 0.341176 0.5 0 0
15940 0.0624572 0.875 570.375 0.341176 0.5 0 0
15950 0.0624572 0.875 570.375 0.337255 0.5 0 0
15960 0.0624698 0.75 571.125 0.341176 0.5 0 0
15970 0.0624698 0.75 571.125 0.337255 0.5 0 0
15980 0.0624281 0.875 572 0.337255 0.5 0 0
15990 0.0624281 0.875 572 0.337255 0.5 0 0
16000 0.062336 0.9375 572.938 0.337255 0.5 0 0
16010 0.062336 0.9375 572.938 0.337255 0.5 0 0
16020 0.0621044 1 573.938 0.337255 0.5 0 0
16030 0.0621044 1 573.938 0.341176 0.5 0 0
16040 0.0620792 1 574.938 0.341176 0.5 0 0
16050 0.0620792 1 574.938 0.337255 0.5 0 0
16060 0.0620496 1 575.938 0.337255 0.5 0 0
16070 0.0620496 1 575.938 0.337255 0.5 0 0
16080 0.0620036 0.9375 576.875 0.341176 0.5 0 0
16090 0.0620036 0.9375 576.875 0.341176 0.5 0 0
16100 0.0619435 0.9375 577.812 0.341176 0.5 0 0
16110 0.0619435 0.9375 577.812 0.337255 0.5 0 0
16120 0.0618892 0.9375 578.75 0.337255 0.5 0 0
16130 0.0618892 0.9375 578.75 0.341176 0.5 0 0
16140 0.0618459 0.9375 579.688 0.341176 0.5 0 0
16150 0.0618459 0.9375 579.688 0.337255 0.5 0 0
16160 0.0618145 0.8125 580.5 0.337255 0.5 0 0
16170 0.0618145 0.8125 580.5 0.341176 0.5 0 0
16180 0.0617795 0.8125 581.312 0.337255 0.5 0 0
16190 0.0617795 0.8125 581.312 0.341176 0.5 0 0
16200 0.0617624 0.8125 582.125 0.337255 0.5 0 0
16210 0.0617624 0.8125 582.125 0.341176 0.5 0 0
16220 0.0617545 0.8125 582.938 0.341176 0.5 0 0
16230 0.0617545 0.8125 582.938 0.337255 0.5 0 0
16240 0.0617322 0.875 583.812 0.341176 0.5 0 0
16250 0.0617322 0.875 583.812 0.341176 0.5 0 0
16260 0.061618 0.875 584.688 0.341176 0.5 0 0
16270 0.061618 0.875 584.688 0.337255 0.5 0 0
16280 0.0613345 0.9375 585.625 0.337255 0.5 0 0
16290 0.0613345 0.9375 585.625 0.341176 0.5 0 0
16300 0.0612152 0.9375 586.562 0.341176 0.5 0 0
16310 0.0612152 0.9375 586.562 0.341176 0.5 0 0
16320 0.0609684 1 587.562 0.337255 0.5 0 0
16330 0.0609684 1 587.562 0.341176 0.5 0 0
16340 0.0608386 1 588.562 0.337255 0.5 0 0
16350 0.0608386 1 588.562 0.341176 0.5 0 0
16360 0.0607652 1 589.562 0.341176 0.5 0 0
16370 0.0607652 1 589.562 0.341176 0.5 0 0
16380 0.0606983 0.9375 590.5 0.341176 0.5 0 0
16390 0.0606983 0.9375 590.5 0.341176 0.5 0 0
16400 0.0607139 0.9375 591.438 0.341176 0.5 0 0
16410 0.0607139 0.9375 591.438 0.341176 0.5 0 0
16420 0.0606811 1 592.438 0.337255 0.5 0 0
16430 0.0606811 1 592.438 0.341176 0.5 0 0
16440 0.0606366 0.9375 593.375 0.341176 0.5 0 0
16450 0.0606366 0.9375 593.375 0.341176 0.5 0 0
16460 0.0605499 0.9375 594.312 0.337255 0.5 0 0
16470 0.0605499 0.9375 594.312 0.341176 0.5 0 0
16480 0.0602662 0.875 595.188 0.337255 0.5 0 0
16490 0.0602662 0.875 595.188 0.337255 0.5 0 0
16500 0.0605587 0.9375 596.125 0.337255 0.5 0 0
16510 0.0605587 0.9375 596.125 0.333333 0.5 0 0
16520 0.0608285 0.9375 597.062 0.333333 0.5 0 0
16530 0.0608285 0.9375 597.062 0.333333 0.5 0 0
16540 0.0613294 0.875 597.938 0.341176 0.5 0 0
16550 0.0613294 0.875 597.938 0.337255 0.5 0 0
16560 0.0613506 0.875 598.812 0.337255 0.5 0 0
16570 0.0613506 0.875 598.812 0.337255 0.5 0 0
16580 0.0613874 0.875 599.688 0.341176 0.5 0 0
16590 0.0613874 0.875 599.688 0.341176 0.5 0 0
16600 0.0614007 0.875 600.562 0.341176 0.5 0 0
16610 0.0614007 0.875 600.562 0.341176 0.5 0 0
16620 0.0614161 0.875 601.438 0.341176 0.5 0 0
16630 0.0614161 0.875 601.438 0.337255 0.5 0 0
16640 0.0614235 0.9375 602.375 0.337255 0.5 0 0
16650 0.0614235 0.9375 602.375 0.341176 0.5 0 0
16660 0.0614352 0.875 603.25 0.337255 0.5 0 0
16670 0.0614352 0.875 603.25 0.337255 0.5 0 0
16680 0.0614582 0.8125 604.062 0.337255 0.5 0 0
16690 0.0614582 0.8125 604.062 0.337255 0.5 0 0
16700 0.0613662 0.8125 604.875 0.341176 0.5 0 0
16710 0.0613662 0.8125 604.875 0.341176 0.5 0 0
16720 0.0613556 0.875 605.75 0.337255 0.5 0 0
16730 0.0613556 0.875 605.75 0.341176 0.5 0 0
16740 0.0613464 0.875 606.625 0.337255 0.5 0 0
16750 0.0613464 0.875 606.625 0.341176 0.5 0 0
16760 0.0613424 0.875 607.5 0.341176 0.5 0 0
16770 0.0613424 0.875 607.5 0.341176 0.5 0 0
16780 0.0613354 0.75 608.25 0.337255 0.5 0 0
16790 0.0613354 0.75 608.25 0.337255 0.5 0 0
16800 0.0613644 0.75 609 0.341176 0.5 0 0
16810 0.0613644 0.75 609 0.341176 0.5 0 0
16820 0.0612995 0.8125 609.812 0.337255 0.5 0 0
16830 0.0612995 0.8125 609.812 0.341176 0.5 0 0
16840 0.0612491 0.9375 610.75 0.345098 0.5 0 0
16850 0.0612491 0.9375 610.75 0.345098 0.5 0 0
16860 0.0611763 0.9375 611.688 0.337255 0.5 0 0
16870 0.0611763 0.9375 611.688 0.337255 0.5 0 0
16880 0.0610821 0.9375 612.625 0.341176 0.5 0 0
16890 0.0610821 0.9375 612.625 0.341176 0.5 0 0
16900 0.061062 0.875 613.5 0.341176 0.5 0 0
16910 0.061062 0.875 613.5 0.341176 0.5 0 0
16920 0.0609317 0.875 614.375 0.341176 0.5 0 0
16930 0.0609317 0.875 614.375 0.337255 0.5 0 0
16940 0.0607513 0.8125 615.188 0.337255 0.5 0 0
16950 0.0607513 0.8125 615.188 0.333333 0.5 0 0
16960 0.0606126 0.8125 616 0.337255 0.5 0 0
16970 0.0606126 0.8125 616 0.337255 0.5 0 0
16980 0.0604899 0.8125 616.812 0.329412 0.5 0 0
16990 0.0604899 0.8125 616.812 0.333333 0.5 0 0
17000 0.0603667 0.8125 617.625 0.333333 0.5 0 0
17010 0.0603667 0.8125 617.625 0.329412 0.5 0 0
17020 0.0602444 0.875 618.5 0.333333 0.5 0 0
17030 0.0602444 0.875 618.5 0.333333 0.5 0 0
17040 0.0601334 0.9375 619.438 0.333333 0.5 0 0
17050 0.0601334 0.9375 619.438 0.337255 0.5 0 0
17060 0.0600256 0.9375 620.375 0.337255 0.5 0 0
17070 0.0600256 0.9375 620.375 0.329412 0.5 0 0
17080 0.0599298 0.9375 621.312 0.333333 0.5 0 0
17090 0.0599298 0.9375 621.312 0.333333 0.5 0 0
17100 0.0598393 0.9375 622.25 0.333333 0.5 0 0
17110 0.0598393 0.9375 622.25 0.341176 0.5 0 0
17120 0.0597505 0.9375 623.188 0.333333 0.5 0 0
17130 0.0597505 0.9375 623.188 0.341176 0.5 0 0
17140 0.059641 0.9375 624.125 0.34902 0.5 0 0
17150 0.059641 0.9375 624.125 0.341176 0.5 0 0
17160 0.0595071 0.9375 625.062 0.34902 0.5 0 0
17170 0.0595071 0.9375 625.062 0.333333 0.5 0 0
17180 0.0592734 0.9375 626 0.337255 0.5 0 0
17190 0.0592734 0.9375 626 0.34902 0.5 0 0
17200 0.0588805 0.9375 626.938 0.34902 0.5 0 0
17210 0.0588805 0.9375 626.938 0.368627 0.5 0 0
17220 0.0588179 0.9375 627.875 0.368627 0.5 0 0
17230 0.0588179 0.9375 627.875 0.352941 0.5 0 0
17240 0.0587362 0.9375 628.812 0.368627 0.5 0 0
17250 0.0587362 0.9375 628.812 0.364706 0.5 0 0
17260 0.0586382 0.875 629.688 0.364706 0.5 0 0
17270 0.0586382 0.875 629.688 0.364706 0.5 0 0
17280 0.0583704 0.8125 630.5 0.360784 0.5 0 0
17290 0.0583704 0.8125 630.5 0.376471 0.5 0 0
17300 0.0583089 0.9375 631.438 0.360784 0.5 0 0
17310 0.0583089 0.9375 631.438 0.360784 0.5 0 0
17320 0.0582861 0.9375 632.375 0.4 0.5 0 0
17330 0.0582861 0.9375 632.375 0.372549 0.5 0 0
17340 0.0582687 0.9375 633.312 0.376471 0.5 0 0
17350 0.0582687 0.9375 633.312 0.368627 0.5 0 0
17360 0.058262 0.9375 634.25 0.388235 0.5 0 0
17370 0.058262 0.9375 634.25 0.352941 0.5 0 0
17380 0.0582508 0.8125 635.062 0.360784 0.5 0 0
17390 0.0582508 0.8125 635.062 0.380392 0.5 0 0
17400 0.0582716 0.6875 635.75 0.376471 0.5 0 0
17410 0.0582716 0.6875 635.75 0.388235 0.5 0 0
17420 0.0582397 0.875 636.625 0.396078 0.5 0 0
17430 0.0582397 0.875 636.625 0.368627 0.5 0 0
17440 0.0582391 0.875 637.5 0.380392 0.5 0 0
17450 0.0582391 0.875 637.5 0.384314 0.5 0 0
17460 0.0582355 0.75 638.25 0.368627 0.5 0 0
17470 0.0582355 0.75 638.25 0.376471 0.5 0 0
17480 0.0581506 0.8125 639.062 0.364706 0.5 0 0
17490 0.0581506 0.8125 639.062 0.384314 0.5 0 0
17500 0.05807 0.8125 639.875 0.376471 0.5 0 0
17510 0.05807 0.8125 639.875 0.368627 0.5 0 0
17520 0.0580562 0.6875 640.562 0.376471 0.5 0 0
17530 0.0580562 0.6875 640.562 0.388235 0.5 0 0
17540 0.057963 0.6875 641.25 0.368627 0.5 0 0
17550 0.057963 0.6875 641.25 0.360784 0.5 0 0
17560 0.0577616 0.8125 642.062 0.4 0.5 0 0
17570 0.0577616 0.8125 642.062 0.372549 0.5 0 0
17580 0.057688 0.8125 642.875 0.396078 0.5 0 0
17590 0.057688 0.8125 642.875 0.376471 0.5 0 0
17600 0.0575203 0.875 643.75 0.360784 0.5 0 0
17610 0.0575203 0.875 643.75 0.407843 0.5 0 0
17620 0.057347 0.875 644.625 0.384314 0.5 0 0
17630 0.057347 0.875 644.625 0.376471 0.5 0 0
17640 0.0572377 0.875 645.5 0.396078 0.5 0 0
17650 0.0572377 0.875 645.5 0.384314 0.5 0 0
17660 0.057202 0.875 646.375 0.384314 0.5 0 0
17670 0.057202 0.875 646.375 0.407843 0.5 0 0
17680 0.057202 0.875 647.25 0.403922 0.5 0 0
17690 0.057202 0.875 647.25 0.368627 0.5 0 0
17700 0.0571886 0.875 648.125 0.4 0.5 0 0
17710 0.0571886 0.875 648.125 0.368627 0.5 0 0
17720 0.0571851 0.875 649 0.419608 0.5 0 0
17730 0.0571851 0.875 649 0.368627 0.5 0 0
17740 0.0571754 0.875 649.875 0.45098 0.5 0 0
17750 0.0571754 0.875 649.875 0.396078 0.5 0 0
17760 0.0571627 0.75 650.625 0.372549 0.5 0 0
17770 0.0571627 0.75 650.625 0.392157 0.5 0 0
17780 0.0571627 0.8125 651.438 0.380392 0.5 0 0
17790 0.0571627 0.8125 651.438 0.372549 0.5 0 0
17800 0.0570832 0.75 652.188 0.411765 0.5 0 0
17810 0.0570832 0.75 652.188 0.384314 0.5 0 0
17820 0.0567685 0.875 653.062 0.376471 0.5 0 0
17830 0.0567685 0.875 653.062 0.419608 0.5 0 0
17840 0.0567644 0.75 653.812 0.403922 0.5 0 0
17850 0.0567644 0.75 653.812 0.427451 0.5 0 0
17860 0.0567644 0.75 654.562 0.439216 0.5 0 0
17870 0.0567644 0.75 654.562 0.380392 0.5 0 0
17880 0.0567644 0.75 655.312 0.388235 0.5 0 0
17890 0.0567644 0.75 655.312 0.380392 0.5 0 0
17900 0.0567644 0.75 656.062 0.403922 0.5 0 0
17910 0.0567644 0.75 656.062 0.380392 0.5 0 0
17920 0.0567644 0.8125 656.875 0.388235 0.5 0 0
17930 0.0567644 0.8125 656.875 0.411765 0.5 0 0
17940 0.0567644 0.8125 657.688 0.419608 0.5 0 0
17950 0.0567644 0.8125 657.688 0.388235 0.5 0 0
17960 0.0567331 0.8125 658.5 0.403922 0.5 0 0
17970 0.0567331 0.8125 658.5 0.415686 0.5 0 0
17980 0.0566876 0.75 659.25 0.4 0.5 0 0
17990 0.0566876 0.75 659.25 0.411765 0.5 0 0
18000 0.0566876 0.8125 660.062 0.384314 0.5 0 0
18010 0.0566876 0.8125 660.062 0.4 0.5 0 0
18020 0.0566876 0.875 660.938 0.411765 0.5 0 0
18030 0.0566876 0.875 660.938 0.368627 0.5 0 0
18040 0.0566876 0.875 661.812 0.447059 0.5 0 0
18050 0.0566876 0.875 661.812 0.419608 0.5 0 0
18060 0.0566876 0.8125 662.625 0.403922 0.5 0 0
18070 0.0566876 0.8125 662.625 0.4 0.5 0 0
18080 0.0566876 0.8125 663.438 0.380392 0.5 0 0
18090 0.0566876 0.8125 663.438 0.427451 0.5 0 0
18100 0.0566876 0.75 664.188 0.372549 0.5 0 0
18110 0.0566876 0.75 664.188 0.396078 0.5 0 0
18120 0.0566876 0.6875 664.875 0.388235 0.5 0 0
18130 0.0566876 0.6875 664.875 0.388235 0.5 0 0
18140 0.0566876 0.75 665.625 0.435294 0.5 0 0
18150 0.0566876 0.75 665.625 0.388235 0.5 0 0
18160 0.0566876 0.6875 666.312 0.454902 0.5 0 0
18170 0.0566876 0.6875 666.312 0.392157 0.5 0 0
18180 0.0566876 0.8125 667.125 0.372549 0.5 0 0
18190 0.0566876 0.8125 667.125 0.454902 0.5 0 0
18200 0.0566876 0.875 668 0.392157 0.5 0 0
18210 0.0566876 0.875 668 0.380392 0.5 0 0
18220 0.0566876 0.875 668.875 0.4 0.5 0 0
18230 0.0566876 0.875 668.875 0.407843 0.5 0 0
18240 0.0566876 0.8125 669.688 0.372549 0.5 0 0
18250 0.0566876 0.8125 669.688 0.407843 0.5 0 0
18260 0.0566876 0.8125 670.5 0.396078 0.5 0 0
18270 0.0566876 0.8125 670.5 0.388235 0.5 0 0
18280 0.0566876 0.75 671.25 0.435294 0.5 0 0
18290 0.0566876 0.75 671.25 0.415686 0.5 0 0
18300 0.0566876 0.8125 672.062 0.384314 0.5 0 0
18310 0.0566876 0.8125 672.062 0.384314 0.5 0 0
18320 0.0566876 0.8125 672.875 0.439216 0.5 0 0
18330 0.0566876 0.8125 672.875 0.392157 0.5 0 0
18340 0.0565872 0.9375 673.812 0.380392 0.5 0 0
18350 0.0565872 0.9375 673.812 0.4 0.5 0 0
18360 0.0565616 0.875 674.688 0.396078 0.5 0 0
18370 0.0565616 0.875 674.688 0.439216 0.5 0 0
18380 0.0565231 0.9375 675.625 0.368627 0.5 0 0
18390 0.0565231 0.9375 675.625 0.439216 0.5 0 0
18400 0.0565176 0.9375 676.562 0.419608 0.5 0 0
18410 0.0565176 0.9375 676.562 0.372549 0.5 0 0
18420 0.0565176 0.9375 677.5 0.4 0.5 0 0
18430 0.0565176 0.9375 677.5 0.372549 0.5 0 0
18440 0.056517 0.9375 678.438 0.403922 0.5 0 0
18450 0.056517 0.9375 678.438 0.439216 0.5 0 0
18460 0.0565135 0.9375 679.375 0.45098 0.5 0 0
18470 0.0565135 0.9375 679.375 0.4 0.5 0 0
18480 0.0565105 0.9375 680.312 0.392157 0.5 0 0
18490 0.0565105 0.9375 680.312 0.411765 0.5 0 0
18500 0.0565092 0.875 681.188 0.380392 0.5 0 0
18510 0.0565092 0.875 681.188 0.372549 0.5 0 0
18520 0.0565092 0.75 681.938 0.403922 0.5 0 0
18530 0.0565092 0.75 681.938 0.388235 0.5 0 0
18540 0.0564358 0.75 682.688 0.439216 0.5 0 0
18550 0.0564358 0.75 682.688 0.396078 0.5 0 0
18560 0.0563679 0.75 683.438 0.380392 0.5 0 0
18570 0.0563679 0.75 683.438 0.435294 0.5 0 0
18580 0.0563639 0.75 684.188 0.419608 0.5 0 0
18590 0.0563639 0.75 684.188 0.384314 0.5 0 0
18600 0.0563633 0.75 684.938 0.396078 0.5 0 0
18610 0.0563633 0.75 684.938 0.392157 0.5 0 0
18620 0.056363 0.75 685.688 0.470588 0.5 0 0
18630 0.056363 0.75 685.688 0.376471 0.5 0 0
18640 0.0563626 0.75 686.438 0.411765 0.5 0 0
18650 0.0563626 0.75 686.438 0.392157 0.5 0 0
18660 0.0563626 0.75 687.188 0.411765 0.5 0 0
18670 0.0563626 0.75 687.188 0.466667 0.5 0 0
18680 0.0563623 0.75 687.938 0.427451 0.5 0 0
18690 0.0563623 0.75 687.938 0.392157 0.5 0 0
18700 0.0563618 0.75 688.688 0.419608 0.5 0 0
18710 0.0563618 0.75 688.688 0.392157 0.5 0 0
18720 0.0563571 0.8125 689.5 0.415686 0.5 0 0
18730 0.0563571 0.8125 689.5 0.392157 0.5 0 0
18740 0.0563553 0.875 690.375 0.466667 0.5 0 0
18750 0.0563553 0.875 690.375 0.407843 0.5 0 0
18760 0.0563549 0.8125 691.188 0.466667 0.5 0 0
18770 0.0563549 0.8125 691.188 0.388235 0.5 0 0
18780 0.0563549 0.875 692.062 0.384314 0.5 0 0
18790 0.0563549 0.875 692.062 0.580392 0.5 0 0
18800 0.0563549 0.8125 692.875 0.45098 0.5 0 0
18810 0.0563549 0.8125 692.875 0.380392 0.5 0 0
18820 0.0563549 0.75 693.625 0.4 0.5 0 0
18830 0.0563549 0.75 693.625 0.447059 0.5 0 0
18840 0.0563496 0.75 694.375 0.4 0.5 0 0
18850 0.0563496 0.75 694.375 0.392157 0.5 0 0
18860 0.0563465 0.6875 695.062 0.431373 0.5 0 0
18870 0.0563465 0.6875 695.062 0.447059 0.5 0 0
18880 0.056345 0.6875 695.75 0.419608 0.5 0 0
18890 0.056345 0.6875 695.75 0.486275 0.5 0 0
18900 0.056345 0.6875 696.438 0.388235 0.5 0 0
18910 0.056345 0.6875 696.438 0.376471 0.5 0 0
18920 0.056345 0.75 697.188 0.392157 0.5 0 0
18930 0.056345 0.75 697.188 0.380392 0.5 0 0
18940 0.0563443 0.75 697.938 0.380392 0.5 0 0
18950 0.0563443 0.75 697.938 0.411765 0.5 0 0
18960 0.0563236 0.875 698.812 0.368627 0.5 0 0
18970 0.0563236 0.875 698.812 0.403922 0.5 0 0
18980 0.0563207 0.875 699.688 0.427451 0.5 0 0
18990 0.0563207 0.875 699.688 0.466667 0.5 0 0
19000 0.0563171 0.9375 700.625 0.4 0.5 0 0
19010 0.0563171 0.9375 700.625 0.380392 0.5 0 0
19020 0.0563171 0.9375 701.562 0.364706 0.5 0 0
19030 0.0563171 0.9375 701.562 0.419608 0.5 0 0
19040 0.0563171 0.9375 702.5 0.396078 0.5 0 0
19050 0.0563171 0.9375 702.5 0.4 0.5 0 0
19060 0.0563171 0.9375 703.438 0.380392 0.5 0 0
19070 0.0563171 0.9375 703.438 0.368627 0.5 0 0
19080 0.0563158 0.875 704.312 0.411765 0.5 0 0
19090 0.0563158 0.875 704.312 0.388235 0.5 0 0
19100 0.0563098 0.8125 705.125 0.407843 0.5 0 0
19110 0.0563098 0.8125 705.125 0.411765 0.5 0 0
19120 0.0563066 0.875 706 0.396078 0.5 0 0
19130 0.0563066 0.875 706 0.411765 0.5 0 0
19140 0.0563066 0.9375 706.938 0.372549 0.5 0 0
19150 0.0563066 0.9375 706.938 0.396078 0.5 0 0
19160 0.0563066 0.9375 707.875 0.388235 0.5 0 0
19170 0.0563066 0.9375 707.875 0.384314 0.5 0 0
19180 0.0563066 0.9375 708.812 0.419608 0.5 0 0
19190 0.0563066 0.9375 708.812 0.376471 0.5 0 0
19200 0.0563058 0.9375 709.75 0.403922 0.5 0 0
19210 0.0563058 0.9375 709.75 0.419608 0.5 0 0
19220 0.0563027 0.8125 710.562 0.388235 0.5 0 0
19230 0.0563027 0.8125 710.562 0.466667 0.5 0 0
19240 0.0562993 0.8125 711.375 0.388235 0.5 0 0
19250 0.0562993 0.8125 711.375 0.411765 0.5 0 0
19260 0.0562972 0.875 712.25 0.403922 0.5 0 0
19270 0.0562972 0.875 712.25 0.466667 0.5 0 0
19280 0.0562938 0.875 713.125 0.372549 0.5 0 0
19290 0.0562938 0.875 713.125 0.384314 0.5 0 0
19300 0.0562938 0.875 714 0.403922 0.5 0 0
19310 0.0562938 0.875 714 0.419608 0.5 0 0
19320 0.0562938 0.875 714.875 0.392157 0.5 0 0
19330 0.0562938 0.875 714.875 0.435294 0.5 0 0
19340 0.0562938 0.875 715.75 0.4 0.5 0 0
19350 0.0562938 0.875 715.75 0.411765 0.5 0 0
19360 0.0562315 0.8125 716.562 0.4 0.5 0 0
19370 0.0562315 0.8125 716.562 0.384314 0.5 0 0
19380 0.0560869 0.8125 717.375 0.403922 0.5 0 0
19390 0.0560869 0.8125 717.375 0.380392 0.5 0 0
19400 0.056082 0.875 718.25 0.439216 0.5 0 0
19410 0.056082 0.875 718.25 0.403922 0.5 0 0
19420 0.0560728 0.875 719.125 0.384314 0.5 0 0
19430 0.0560728 0.875 719.125 0.466667 0.5 0 0
19440 0.056072 0.9375 720.062 0.388235 0.5 0 0
19450 0.056072 0.9375 720.062 0.427451 0.5 0 0
19460 0.0560712 0.9375 721 0.431373 0.5 0 0
19470 0.0560712 0.9375 721 0.411765 0.5 0 0
19480 0.0560712 0.9375 721.938 0.403922 0.5 0 0
19490 0.0560712 0.9375 721.938 0.486275 0.5 0 0
19500 0.0560712 0.9375 722.875 0.392157 0.5 0 0
19510 0.0560712 0.9375 722.875 0.470588 0.5 0 0
19520 0.0560712 0.875 723.75 0.392157 0.5 0 0
19530 0.0560712 0.875 723.75 0.439216 0.5 0 0
19540 0.0560712 0.875 724.625 0.396078 0.5 0 0
19550 0.0560712 0.875 724.625 0.384314 0.5 0 0
19560 0.0560674 0.75 725.375 0.45098 0.5 0 0
19570 0.0560674 0.75 725.375 0.4 0.5 0 0
19580 0.0560599 0.75 726.125 0.45098 0.5 0 0
19590 0.0560599 0.75 726.125 0.396078 0.5 0 0
19600 0.0560584 0.8125 726.938 0.419608 0.5 0 0
19610 0.0560584 0.8125 726.938 0.431373 0.5 0 0
19620 0.0560584 0.8125 727.75 0.372549 0.5 0 0
19630 0.0560584 0.8125 727.75 0.372549 0.5 0 0
19640 0.0560584 0.875 728.625 0.411765 0.5 0 0
19650 0.0560584 0.875 728.625 0.392157 0.5 0 0
19660 0.0560584 1 729.625 0.45098 0.5 0 0
19670 0.0560584 1 729.625 0.439216 0.5 0 0
19680 0.0560555 1 730.625 0.403922 0.5 0 0
19690 0.0560555 1 730.625 0.392157 0.5 0 0
19700 0.0560525 1 731.625 0.396078 0.5 0 0
19710 0.0560525 1 731.625 0.384314 0.5 0 0
19720 0.0560481 0.875 732.5 0.4 0.5 0 0
19730 0.0560481 0.875 732.5 0.372549 0.5 0 0
19740 0.0560476 0.8125 733.312 0.392157 0.5 0 0
19750 0.0560476 0.8125 733.312 0.372549 0.5 0 0
19760 0.0555399 1 734.312 0.45098 0.5 0 0
19770 0.0555399 1 734.312 0.4 0.5 0 0
19780 0.0553869 1 735.312 0.396078 0.5 0 0
19790 0.0553869 1 735.312 0.486275 0.5 0 0
19800 0.0553822 1 736.312 0.388235 0.5 0 0
19810 0.0553822 1 736.312 0.411765 0.5 0 0
19820 0.0553813 1 737.312 0.392157 0.5 0 0
19830 0.0553813 1 737.312 0.447059 0.5 0 0
19840 0.0553784 1 738.312 0.411765 0.5 0 0
19850 0.0553784 1 738.312 0.403922 0.5 0 0
19860 0.0553773 1 739.312 0.392157 0.5 0 0
19870 0.0553773 1 739.312 0.427451 0.5 0 0
19880 0.0553773 0.9375 740.25 0.4 0.5 0 0
19890 0.0553773 0.9375 740.25 0.376471 0.5 0 0
19900 0.0553765 0.9375 741.188 0.435294 0.5 0 0
19910 0.0553765 0.9375 741.188 0.372549 0.5 0 0
19920 0.0553722 0.9375 742.125 0.4 0.5 0 0
19930 0.0553722 0.9375 742.125 0.419608 0.5 0 0
19940 0.0553716 0.9375 743.062 0.384314 0.5 0 0
19950 0.0553716 0.9375 743.062 0.427451 0.5 0 0
19960 0.0553692 0.9375 744 0.396078 0.5 0 0
19970 0.0553692 0.9375 744 0.372549 0.5 0 0
19980 0.055368 0.875 744.875 0.427451 0.5 0 0
19990 0.055368 0.875 744.875 0.486275 0.5 0 0
20000 0.055368 0.875 745.75 0.439216 0.5 0 0
20010 0.055368 0.875 745.75 0.52549 0.5 0 0
