0 0.105837 0 0 0.5 0.5 0 0
10 0.105837 0 0 0.8 0.5 0 0
20 0.104276 0.625 0.625 0.745098 0.5 0 0
30 0.104276 0.625 0.625 0.8 0.5 0 0
40 0.104177 0.625 1.25 0.788235 0.5 0 0
50 0.104177 0.625 1.25 0.658824 0.5 0 0
60 0.102564 0.625 1.875 0.788235 0.5 0 0
70 0.102564 0.625 1.875 0.72549 0.5 0 0
80 0.101467 0.875 2.75 0.8 0.5 0 0
90 0.101467 0.875 2.75 0.8 0.5 0 0
100 0.101204 0.875 3.625 0.72549 0.5 0 0
110 0.101204 0.875 3.625 0.8 0.5 0 0
120 0.101089 0.8125 4.4375 0.682353 0.5 0 0
130 0.101089 0.8125 4.4375 0.694118 0.5 0 0
140 0.10103 0.5625 5 0.717647 0.5 0 0
150 0.10103 0.5625 5 0.792157 0.5 0 0
160 0.100919 0.5 5.5 0.713725 0.5 0 0
170 0.100919 0.5 5.5 0.682353 0.5 0 0
180 0.10081 0.375 5.875 0.72549 0.5 0 0
190 0.10081 0.375 5.875 0.8 0.5 0 0
200 0.100788 0.4375 6.3125 0.8 0.5 0 0
210 0.100788 0.4375 6.3125 0.72549 0.5 0 0
220 0.101149 0.4375 6.75 0.772549 0.5 0 0
230 0.101149 0.4375 6.75 0.788235 0.5 0 0
240 0.101585 0.3125 7.0625 0.776471 0.5 0 0
250 0.101585 0.3125 7.0625 0.792157 0.5 0 0
260 0.102377 0.375 7.4375 0.705882 0.5 0 0
270 0.102377 0.375 7.4375 0.709804 0.5 0 0
280 0.103614 0.375 7.8125 0.823529 0.5 0 0
290 0.103614 0.375 7.8125 0.823529 0.5 0 0
300 0.104226 0.5 8.3125 0.72549 0.5 0 0
310 0.104226 0.5 8.3125 0.807843 0.5 0 0
320 0.104008 0.5 8.8125 0.807843 0.5 0 0
330 0.104008 0.5 8.8125 0.713725 0.5 0 0
340 0.103651 0.5 9.3125 0.819608 0.5 0 0
350 0.103651 0.5 9.3125 0.811765 0.5 0 0
360 0.103298 0.5 9.8125 0.811765 0.5 0 0
370 0.103298 0.5 9.8125 0.807843 0.5 0 0
380 0.102808 0.5 10.3125 0.811765 0.5 0 0
390 0.102808 0.5 10.3125 0.811765 0.5 0 0
400 0.102723 0.5 10.8125 0.694118 0.5 0 0
410 0.102723 0.5 10.8125 0.8 0.5 0 0
420 0.102602 0.5 11.3125 0.807843 0.5 0 0
430 0.102602 0.5 11.3125 0.713725 0.5 0 0
440 0.102455 0.625 11.9375 0.74902 0.5 0 0
450 0.102455 0.625 11.9375 0.737255 0.5 0 0
460 0.102445 0.5 12.4375 0.737255 0.5 0 0
470 0.102445 0.5 12.4375 0.807843 0.5 0 0
480 0.102401 0.625 13.0625 0.8 0.5 0 0
490 0.102401 0.625 13.0625 0.737255 0.5 0 0
500 0.102386 0.625 13.6875 0.8 0.5 0 0
510 0.102386 0.625 13.6875 0.811765 0.5 0 0
520 0.102373 0.75 14.4375 0.823529 0.5 0 0
530 0.102373 0.75 14.4375 0.737255 0.5 0 0
540 0.102358 0.6875 15.125 0.74902 0.5 0 0
550 0.102358 0.6875 15.125 0.807843 0.5 0 0
560 0.102308 0.6875 15.8125 0.819608 0.5 0 0
570 0.102308 0.6875 15.8125 0.713725 0.5 0 0
580 0.102308 0.625 16.4375 0.8 0.5 0 0
590 0.102308 0.625 16.4375 0.74902 0.5 0 0
600 0.102214 0.6875 17.125 0.694118 0.5 0 0
610 0.102214 0.6875 17.125 0.819608 0.5 0 0
620 0.101749 0.6875 17.8125 0.807843 0.5 0 0
630 0.101749 0.6875 17.8125 0.807843 0.5 0 0
640 0.101395 0.6875 18.5 0.811765 0.5 0 0
650 0.101395 0.6875 18.5 0.807843 0.5 0 0
660 0.101377 0.6875 19.1875 0.737255 0.5 0 0
670 0.101377 0.6875 19.1875 0.823529 0.5 0 0
680 0.101365 0.6875 19.875 0.694118 0.5 0 0
690 0.101365 0.6875 19.875 0.643137 0.5 0 0
700 0.10136 0.6875 20.5625 0.658824 0.5 0 0
710 0.10136 0.6875 20.5625 0.807843 0.5 0 0
720 0.101307 0.6875 21.25 0.819608 0.5 0 0
730 0.101307 0.6875 21.25 0.694118 0.5 0 0
740 0.101258 0.875 22.125 0.823529 0.5 0 0
750 0.101258 0.875 22.125 0.737255 0.5 0 0
760 0.101258 0.8125 22.9375 0.807843 0.5 0 0
770 0.101258 0.8125 22.9375 0.701961 0.5 0 0
780 0.101257 0.75 23.6875 0.811765 0.5 0 0
790 0.101257 0.75 23.6875 0.713725 0.5 0 0
800 0.101255 0.75 24.4375 0.807843 0.5 0 0
810 0.101255 0.75 24.4375 0.701961 0.5 0 0
820 0.10126 0.75 25.1875 0.8 0.5 0 0
830 0.10126 0.75 25.1875 0.819608 0.5 0 0
840 0.101255 0.8125 26 0.811765 0.5 0 0
850 0.101255 0.8125 26 0.8 0.5 0 0
860 0.101255 0.8125 26.8125 0.694118 0.5 0 0
870 0.101255 0.8125 26.8125 0.807843 0.5 0 0
880 0.101255 0.75 27.5625 0.713725 0.5 0 0
890 0.101255 0.75 27.5625 0.807843 0.5 0 0
900 0.101181 0.75 28.3125 0.819608 0.5 0 0
910 0.101181 0.75 28.3125 0.807843 0.5 0 0
920 0.101178 0.75 29.0625 0.807843 0.5 0 0
930 0.101178 0.75 29.0625 0.811765 0.5 0 0
940 0.101168 0.875 29.9375 0.811765 0.5 0 0
950 0.101168 0.875 29.9375 0.807843 0.5 0 0
960 0.101165 0.5625 30.5 0.807843 0.5 0 0
970 0.101165 0.5625 30.5 0.807843 0.5 0 0
980 0.101164 0.6875 31.1875 0.819608 0.5 0 0
990 0.101164 0.6875 31.1875 0.666667 0.5 0 0
1000 0.101163 0.8125 32 0.8 0.5 0 0
1010 0.101163 0.8125 32 0.823529 0.5 0 0
1020 0.100992 0.9375 32.9375 0.823529 0.5 0 0
1030 0.100992 0.9375 32.9375 0.823529 0.5 0 0
1040 0.100982 0.9375 33.875 0.823529 0.5 0 0
1050 0.100982 0.9375 33.875 0.737255 0.5 0 0
1060 0.100976 0.9375 34.8125 0.729412 0.5 0 0
1070 0.100976 0.9375 34.8125 0.74902 0.5 0 0
1080 0.100968 0.9375 35.75 0.823529 0.5 0 0
1090 0.100968 0.9375 35.75 0.737255 0.5 0 0
1100 0.100968 0.8125 36.5625 0.737255 0.5 0 0
1110 0.100968 0.8125 36.5625 0.819608 0.5 0 0
1120 0.100968 0.8125 37.375 0.701961 0.5 0 0
1130 0.100968 0.8125 37.375 0.737255 0.5 0 0
1140 0.100963 0.6875 38.0625 0.819608 0.5 0 0
1150 0.100963 0.6875 38.0625 0.8 0.5 0 0
1160 0.100937 0.75 38.8125 0.733333 0.5 0 0
1170 0.100937 0.75 38.8125 0.823529 0.5 0 0
1180 0.100934 0.8125 39.625 0.713725 0.5 0 0
1190 0.100934 0.8125 39.625 0.713725 0.5 0 0
1200 0.100923 0.8125 40.4375 0.807843 0.5 0 0
1210 0.100923 0.8125 40.4375 0.819608 0.5 0 0
1220 0.100851 0.875 41.3125 0.737255 0.5 0 0
1230 0.100851 0.875 41.3125 0.807843 0.5 0 0
1240 0.100846 0.875 42.1875 0.819608 0.5 0 0
1250 0.100846 0.875 42.1875 0.811765 0.5 0 0
1260 0.100846 0.875 43.0625 0.74902 0.5 0 0
1270 0.100846 0.875 43.0625 0.811765 0.5 0 0
1280 0.100788 0.875 43.9375 0.807843 0.5 0 0
1290 0.100788 0.875 43.9375 0.74902 0.5 0 0
1300 0.100738 0.75 44.6875 0.811765 0.5 0 0
1310 0.100738 0.75 44.6875 0.694118 0.5 0 0
1320 0.100738 0.75 45.4375 0.74902 0.5 0 0
1330 0.100738 0.75 45.4375 0.807843 0.5 0 0
1340 0.100738 0.6875 46.125 0.807843 0.5 0 0
1350 0.100738 0.6875 46.125 0.823529 0.5 0 0
1360 0.100722 0.8125 46.9375 0.8 0.5 0 0
1370 0.100722 0.8125 46.9375 0.729412 0.5 0 0
1380 0.10071 0.6875 47.625 0.819608 0.5 0 0
1390 0.10071 0.6875 47.625 0.74902 0.5 0 0
1400 0.100703 0.625 48.25 0.819608 0.5 0 0
1410 0.100703 0.625 48.25 0.811765 0.5 0 0
1420 0.100698 0.625 48.875 0.733333 0.5 0 0
1430 0.100698 0.625 48.875 0.807843 0.5 0 0
1440 0.100749 0.75 49.625 0.74902 0.5 0 0
1450 0.100749 0.75 49.625 0.74902 0.5 0 0
1460 0.100772 0.8125 50.4375 0.823529 0.5 0 0
1470 0.100772 0.8125 50.4375 0.807843 0.5 0 0
1480 0.100353 0.75 51.1875 0.8 0.5 0 0
1490 0.100353 0.75 51.1875 0.811765 0.5 0 0
1500 0.0990305 0.75 51.9375 0.701961 0.5 0 0
1510 0.0990305 0.75 51.9375 0.733333 0.5 0 0
1520 0.0981574 0.75 52.6875 0.8 0.5 0 0
1530 0.0981574 0.75 52.6875 0.74902 0.5 0 0
1540 0.0973077 0.625 53.3125 0.74902 0.5 0 0
1550 0.0973077 0.625 53.3125 0.823529 0.5 0 0
1560 0.0968476 0.75 54.0625 0.694118 0.5 0 0
1570 0.0968476 0.75 54.0625 0.74902 0.5 0 0
1580 0.0968278 0.75 54.8125 0.713725 0.5 0 0
1590 0.0968278 0.75 54.8125 0.701961 0.5 0 0
1600 0.0968278 0.75 55.5625 0.811765 0.5 0 0
1610 0.0968278 0.75 55.5625 0.737255 0.5 0 0
1620 0.0968286 0.75 56.3125 0.74902 0.5 0 0
1630 0.0968286 0.75 56.3125 0.678431 0.5 0 0
1640 0.0968266 0.75 57.0625 0.8 0.5 0 0
1650 0.0968266 0.75 57.0625 0.823529 0.5 0 0
1660 0.0968253 0.6875 57.75 0.823529 0.5 0 0
1670 0.0968253 0.6875 57.75 0.713725 0.5 0 0
1680 0.0968212 0.8125 58.5625 0.8 0.5 0 0
1690 0.0968212 0.8125 58.5625 0.729412 0.5 0 0
1700 0.0968257 0.8125 59.375 0.701961 0.5 0 0
1710 0.0968257 0.8125 59.375 0.8 0.5 0 0
1720 0.0968257 0.875 60.25 0.654902 0.5 0 0
1730 0.0968257 0.875 60.25 0.823529 0.5 0 0
1740 0.0967021 0.875 61.125 0.8 0.5 0 0
1750 0.0967021 0.875 61.125 0.823529 0.5 0 0
1760 0.0963758 0.875 62 0.737255 0.5 0 0
1770 0.0963758 0.875 62 0.803922 0.5 0 0
1780 0.0963196 0.875 62.875 0.678431 0.5 0 0
1790 0.0963196 0.875 62.875 0.811765 0.5 0 0
1800 0.0962792 0.875 63.75 0.807843 0.5 0 0
1810 0.0962792 0.875 63.75 0.811765 0.5 0 0
1820 0.0962777 0.875 64.625 0.8 0.5 0 0
1830 0.0962777 0.875 64.625 0.811765 0.5 0 0
1840 0.0962766 0.875 65.5 0.701961 0.5 0 0
1850 0.0962766 0.875 65.5 0.811765 0.5 0 0
1860 0.0961222 0.9375 66.4375 0.811765 0.5 0 0
1870 0.0961222 0.9375 66.4375 0.807843 0.5 0 0
1880 0.0961173 0.9375 67.375 0.733333 0.5 0 0
1890 0.0961173 0.9375 67.375 0.811765 0.5 0 0
1900 0.0954822 1 68.375 0.701961 0.5 0 0
1910 0.0954822 1 68.375 0.74902 0.5 0 0
1920 0.0953174 1 69.375 0.807843 0.5 0 0
1930 0.0953174 1 69.375 0.694118 0.5 0 0
1940 0.0952756 1 70.375 0.819608 0.5 0 0
1950 0.0952756 1 70.375 0.654902 0.5 0 0
1960 0.0952586 1 71.375 0.713725 0.5 0 0
1970 0.0952586 1 71.375 0.678431 0.5 0 0
1980 0.0952579 1 72.375 0.811765 0.5 0 0
1990 0.0952579 1 72.375 0.823529 0.5 0 0
2000 0.0952415 1 73.375 0.819608 0.5 0 0
2010 0.0952415 1 73.375 0.737255 0.5 0 0
2020 0.095231 1 74.375 0.737255 0.5 0 0
2030 0.095231 1 74.375 0.811765 0.5 0 0
2040 0.0951685 0.9375 75.3125 0.803922 0.5 0 0
2050 0.0951685 0.9375 75.3125 0.713725 0.5 0 0
2060 0.0951026 0.9375 76.25 0.694118 0.5 0 0
2070 0.0951026 0.9375 76.25 0.717647 0.5 0 0
2080 0.0949778 0.8125 77.0625 0.811765 0.5 0 0
2090 0.0949778 0.8125 77.0625 0.74902 0.5 0 0
2100 0.0952148 0.9375 78 0.807843 0.5 0 0
2110 0.0952148 0.9375 78 0.694118 0.5 0 0
2120 0.0952676 0.9375 78.9375 0.811765 0.5 0 0
2130 0.0952676 0.9375 78.9375 0.694118 0.5 0 0
2140 0.095358 0.9375 79.875 0.694118 0.5 0 0
2150 0.095358 0.9375 79.875 0.694118 0.5 0 0
2160 0.0954634 1 80.875 0.717647 0.5 0 0
2170 0.0954634 1 80.875 0.803922 0.5 0 0
2180 0.0956133 1 81.875 0.74902 0.5 0 0
2190 0.0956133 1 81.875 0.803922 0.5 0 0
2200 0.0956173 0.875 82.75 0.694118 0.5 0 0
2210 0.0956173 0.875 82.75 0.698039 0.5 0 0
2220 0.0967175 0.875 83.625 0.803922 0.5 0 0
2230 0.0967175 0.875 83.625 0.807843 0.5 0 0
2240 0.0991903 0.75 84.375 0.803922 0.5 0 0
2250 0.0991903 0.75 84.375 0.698039 0.5 0 0
2260 0.100519 0.75 85.125 0.729412 0.5 0 0
2270 0.100519 0.75 85.125 0.705882 0.5 0 0
2280 0.101493 0.8125 85.9375 0.788235 0.5 0 0
2290 0.101493 0.8125 85.9375 0.721569 0.5 0 0
2300 0.102464 0.8125 86.75 0.811765 0.5 0 0
2310 0.102464 0.8125 86.75 0.811765 0.5 0 0
2320 0.10301 0.6875 87.4375 0.8 0.5 0 0
2330 0.10301 0.6875 87.4375 0.713725 0.5 0 0
2340 0.103566 0.8125 88.25 0.831373 0.5 0 0
2350 0.103566 0.8125 88.25 0.831373 0.5 0 0
2360 0.104388 0.875 89.125 0.772549 0.5 0 0
2370 0.104388 0.875 89.125 0.705882 0.5 0 0
2380 0.104664 0.875 90 0.741176 0.5 0 0
2390 0.104664 0.875 90 0.67451 0.5 0 0
2400 0.10513 0.875 90.875 0.658824 0.5 0 0
2410 0.10513 0.875 90.875 0.811765 0.5 0 0
2420 0.10537 0.9375 91.8125 0.67451 0.5 0 0
2430 0.10537 0.9375 91.8125 0.741176 0.5 0 0
2440 0.105372 0.8125 92.625 0.686275 0.5 0 0
2450 0.105372 0.8125 92.625 0.811765 0.5 0 0
2460 0.105372 0.875 93.5 0.811765 0.5 0 0
2470 0.105372 0.875 93.5 0.658824 0.5 0 0
2480 0.105367 0.6875 94.1875 0.654902 0.5 0 0
2490 0.105367 0.6875 94.1875 0.694118 0.5 0 0
2500 0.105316 0.75 94.9375 0.670588 0.5 0 0
2510 0.105316 0.75 94.9375 0.694118 0.5 0 0
2520 0.105278 0.75 95.6875 0.635294 0.5 0 0
2530 0.105278 0.75 95.6875 0.670588 0.5 0 0
2540 0.105225 0.6875 96.375 0.705882 0.5 0 0
2550 0.105225 0.6875 96.375 0.694118 0.5 0 0
2560 0.105158 0.6875 97.0625 0.686275 0.5 0 0
2570 0.105158 0.6875 97.0625 0.694118 0.5 0 0
2580 0.105134 0.6875 97.75 0.670588 0.5 0 0
2590 0.105134 0.6875 97.75 0.811765 0.5 0 0
2600 0.105113 0.625 98.375 0.682353 0.5 0 0
2610 0.105113 0.625 98.375 0.811765 0.5 0 0
2620 0.105089 0.5 98.875 0.811765 0.5 0 0
2630 0.105089 0.5 98.875 0.666667 0.5 0 0
2640 0.105002 0.625 99.5 0.8 0.5 0 0
2650 0.105002 0.625 99.5 0.670588 0.5 0 0
2660 0.104967 0.625 100.125 0.670588 0.5 0 0
2670 0.104967 0.625 100.125 0.647059 0.5 0 0
2680 0.104943 0.625 100.75 0.670588 0.5 0 0
2690 0.104943 0.625 100.75 0.811765 0.5 0 0
2700 0.104918 0.625 101.375 0.686275 0.5 0 0
2710 0.104918 0.625 101.375 0.811765 0.5 0 0
2720 0.104896 0.625 102 0.670588 0.5 0 0
2730 0.104896 0.625 102 0.647059 0.5 0 0
2740 0.104857 0.6875 102.688 0.643137 0.5 0 0
2750 0.104857 0.6875 102.688 0.811765 0.5 0 0
2760 0.104698 0.5 103.188 0.686275 0.5 0 0
2770 0.104698 0.5 103.188 0.670588 0.5 0 0
2780 0.104555 0.5 103.688 0.686275 0.5 0 0
2790 0.104555 0.5 103.688 0.8 0.5 0 0
2800 0.104544 0.5625 104.25 0.694118 0.5 0 0
2810 0.104544 0.5625 104.25 0.647059 0.5 0 0
2820 0.104542 0.5 104.75 0.670588 0.5 0 0
2830 0.104542 0.5 104.75 0.8 0.5 0 0
2840 0.10454 0.5 105.25 0.686275 0.5 0 0
2850 0.10454 0.5 105.25 0.658824 0.5 0 0
2860 0.104534 0.4375 105.688 0.705882 0.5 0 0
2870 0.104534 0.4375 105.688 0.694118 0.5 0 0
2880 0.104532 0.5 106.188 0.694118 0.5 0 0
2890 0.104532 0.5 106.188 0.803922 0.5 0 0
2900 0.104526 0.4375 106.625 0.811765 0.5 0 0
2910 0.104526 0.4375 106.625 0.654902 0.5 0 0
2920 0.104526 0.5 107.125 0.666667 0.5 0 0
2930 0.104526 0.5 107.125 0.647059 0.5 0 0
2940 0.104526 0.625 107.75 0.635294 0.5 0 0
2950 0.104526 0.625 107.75 0.658824 0.5 0 0
2960 0.104493 0.625 108.375 0.705882 0.5 0 0
2970 0.104493 0.625 108.375 0.811765 0.5 0 0
2980 0.104466 0.625 109 0.694118 0.5 0 0
2990 0.104466 0.625 109 0.694118 0.5 0 0
3000 0.104457 0.625 109.625 0.647059 0.5 0 0
3010 0.104457 0.625 109.625 0.811765 0.5 0 0
3020 0.104448 0.625 110.25 0.670588 0.5 0 0
3030 0.104448 0.625 110.25 0.686275 0.5 0 0
3040 0.104416 0.625 110.875 0.694118 0.5 0 0
3050 0.104416 0.625 110.875 0.670588 0.5 0 0
3060 0.104405 0.5625 111.438 0.686275 0.5 0 0
3070 0.104405 0.5625 111.438 0.811765 0.5 0 0
3080 0.104317 0.5625 112 0.686275 0.5 0 0
3090 0.104317 0.5625 112 0.670588 0.5 0 0
3100 0.104316 0.625 112.625 0.811765 0.5 0 0
3110 0.104316 0.625 112.625 0.643137 0.5 0 0
3120 0.104313 0.625 113.25 0.647059 0.5 0 0
3130 0.104313 0.625 113.25 0.694118 0.5 0 0
3140 0.104261 0.625 113.875 0.647059 0.5 0 0
3150 0.104261 0.625 113.875 0.658824 0.5 0 0
3160 0.104213 0.625 114.5 0.72549 0.5 0 0
3170 0.104213 0.625 114.5 0.658824 0.5 0 0
3180 0.104211 0.625 115.125 0.709804 0.5 0 0
3190 0.104211 0.625 115.125 0.694118 0.5 0 0
3200 0.104207 0.4375 115.562 0.811765 0.5 0 0
3210 0.104207 0.4375 115.562 0.658824 0.5 0 0
3220 0.104135 0.625 116.188 0.705882 0.5 0 0
3230 0.104135 0.625 116.188 0.615686 0.5 0 0
3240 0.104642 0.75 116.938 0.592157 0.5 0 0
3250 0.104642 0.75 116.938 0.603922 0.5 0 0
3260 0.104643 0.75 117.688 0.596078 0.5 0 0
3270 0.104643 0.75 117.688 0.584314 0.5 0 0
3280 0.104703 0.8125 118.5 0.576471 0.5 0 0
3290 0.104703 0.8125 118.5 0.576471 0.5 0 0
3300 0.104729 0.8125 119.312 0.568627 0.5 0 0
3310 0.104729 0.8125 119.312 0.572549 0.5 0 0
3320 0.104813 0.8125 120.125 0.568627 0.5 0 0
3330 0.104813 0.8125 120.125 0.572549 0.5 0 0
3340 0.104863 0.9375 121.062 0.572549 0.5 0 0
3350 0.104863 0.9375 121.062 0.568627 0.5 0 0
3360 0.104906 1 122.062 0.568627 0.5 0 0
3370 0.104906 1 122.062 0.576471 0.5 0 0
3380 0.105204 0.875 122.938 0.580392 0.5 0 0
3390 0.105204 0.875 122.938 0.580392 0.5 0 0
3400 0.105417 0.75 123.688 0.580392 0.5 0 0
3410 0.105417 0.75 123.688 0.568627 0.5 0 0
3420 0.105757 0.75 124.438 0.545098 0.5 0 0
3430 0.105757 0.75 124.438 0.541176 0.5 0 0
3440 0.105757 0.875 125.312 0.537255 0.5 0 0
3450 0.105757 0.875 125.312 0.537255 0.5 0 0
3460 0.105735 0.9375 126.25 0.537255 0.5 0 0
3470 0.105735 0.9375 126.25 0.529412 0.5 0 0
3480 0.105709 0.9375 127.188 0.529412 0.5 0 0
3490 0.105709 0.9375 127.188 0.529412 0.5 0 0
3500 0.10567 0.9375 128.125 0.529412 0.5 0 0
3510 0.10567 0.9375 128.125 0.52549 0.5 0 0
3520 0.105626 0.9375 129.062 0.529412 0.5 0 0
3530 0.105626 0.9375 129.062 0.529412 0.5 0 0
3540 0.105586 0.9375 130 0.529412 0.5 0 0
3550 0.105586 0.9375 130 0.52549 0.5 0 0
3560 0.105545 0.875 130.875 0.529412 0.5 0 0
3570 0.105545 0.875 130.875 0.533333 0.5 0 0
3580 0.105514 0.875 131.75 0.52549 0.5 0 0
3590 0.105514 0.875 131.75 0.529412 0.5 0 0
3600 0.105501 0.8125 132.562 0.529412 0.5 0 0
3610 0.105501 0.8125 132.562 0.533333 0.5 0 0
3620 0.105491 0.6875 133.25 0.529412 0.5 0 0
3630 0.105491 0.6875 133.25 0.529412 0.5 0 0
3640 0.105479 0.6875 133.938 0.529412 0.5 0 0
3650 0.105479 0.6875 133.938 0.529412 0.5 0 0
3660 0.105465 0.6875 134.625 0.52549 0.5 0 0
3670 0.105465 0.6875 134.625 0.52549 0.5 0 0
3680 0.105448 0.625 135.25 0.521569 0.5 0 0
3690 0.105448 0.625 135.25 0.52549 0.5 0 0
3700 0.105431 0.75 136 0.52549 0.5 0 0
3710 0.105431 0.75 136 0.521569 0.5 0 0
3720 0.105494 0.5 136.5 0.521569 0.5 0 0
3730 0.105494 0.5 136.5 0.521569 0.5 0 0
3740 0.105734 0.5 137 0.521569 0.5 0 0
3750 0.105734 0.5 137 0.521569 0.5 0 0
3760 0.105946 0.5 137.5 0.517647 0.5 0 0
3770 0.105946 0.5 137.5 0.509804 0.5 0 0
3780 0.106088 0.5625 138.062 0.513725 0.5 0 0
3790 0.106088 0.5625 138.062 0.517647 0.5 0 0
3800 0.106093 0.5625 138.625 0.517647 0.5 0 0
3810 0.106093 0.5625 138.625 0.517647 0.5 0 0
3820 0.106001 0.625 139.25 0.517647 0.5 0 0
3830 0.106001 0.625 139.25 0.509804 0.5 0 0
3840 0.105995 0.625 139.875 0.517647 0.5 0 0
3850 0.105995 0.625 139.875 0.509804 0.5 0 0
3860 0.106085 0.625 140.5 0.505882 0.5 0 0
3870 0.106085 0.625 140.5 0.490196 0.5 0 0
3880 0.105886 0.625 141.125 0.490196 0.5 0 0
3890 0.105886 0.625 141.125 0.486275 0.5 0 0
3900 0.10549 0.75 141.875 0.490196 0.5 0 0
3910 0.10549 0.75 141.875 0.490196 0.5 0 0
3920 0.105385 0.75 142.625 0.490196 0.5 0 0
3930 0.105385 0.75 142.625 0.490196 0.5 0 0
3940 0.105371 0.875 143.5 0.486275 0.5 0 0
3950 0.105371 0.875 143.5 0.490196 0.5 0 0
3960 0.105337 0.875 144.375 0.490196 0.5 0 0
3970 0.105337 0.875 144.375 0.490196 0.5 0 0
3980 0.105304 0.875 145.25 0.490196 0.5 0 0
3990 0.105304 0.875 145.25 0.486275 0.5 0 0
4000 0.105249 0.6875 145.938 0.490196 0.5 0 0
4010 0.105249 0.6875 145.938 0.490196 0.5 0 0
4020 0.105045 0.75 146.688 0.486275 0.5 0 0
4030 0.105045 0.75 146.688 0.490196 0.5 0 0
4040 0.104876 0.8125 147.5 0.486275 0.5 0 0
4050 0.104876 0.8125 147.5 0.490196 0.5 0 0
4060 0.104566 0.75 148.25 0.490196 0.5 0 0
4070 0.104566 0.75 148.25 0.490196 0.5 0 0
4080 0.10449 0.75 149 0.490196 0.5 0 0
4090 0.10449 0.75 149 0.490196 0.5 0 0
4100 0.104481 0.8125 149.812 0.490196 0.5 0 0
4110 0.104481 0.8125 149.812 0.486275 0.5 0 0
4120 0.104462 0.8125 150.625 0.490196 0.5 0 0
4130 0.104462 0.8125 150.625 0.490196 0.5 0 0
4140 0.10445 0.8125 151.438 0.490196 0.5 0 0
4150 0.10445 0.8125 151.438 0.490196 0.5 0 0
4160 0.104439 0.8125 152.25 0.490196 0.5 0 0
4170 0.104439 0.8125 152.25 0.486275 0.5 0 0
4180 0.10443 0.75 153 0.490196 0.5 0 0
4190 0.10443 0.75 153 0.490196 0.5 0 0
4200 0.104409 0.75 153.75 0.490196 0.5 0 0
4210 0.104409 0.75 153.75 0.490196 0.5 0 0
4220 0.104404 0.75 154.5 0.490196 0.5 0 0
4230 0.104404 0.75 154.5 0.490196 0.5 0 0
4240 0.104401 0.75 155.25 0.490196 0.5 0 0
4250 0.104401 0.75 155.25 0.490196 0.5 0 0
4260 0.1044 0.75 156 0.490196 0.5 0 0
4270 0.1044 0.75 156 0.490196 0.5 0 0
4280 0.104288 0.8125 156.812 0.490196 0.5 0 0
4290 0.104288 0.8125 156.812 0.490196 0.5 0 0
4300 0.104176 0.875 157.688 0.490196 0.5 0 0
4310 0.104176 0.875 157.688 0.490196 0.5 0 0
4320 0.104171 0.875 158.562 0.490196 0.5 0 0
4330 0.104171 0.875 158.562 0.486275 0.5 0 0
4340 0.104171 0.875 159.438 0.490196 0.5 0 0
4350 0.104171 0.875 159.438 0.490196 0.5 0 0
4360 0.104171 0.875 160.312 0.490196 0.5 0 0
4370 0.104171 0.875 160.312 0.490196 0.5 0 0
4380 0.104171 0.75 161.062 0.490196 0.5 0 0
4390 0.104171 0.75 161.062 0.490196 0.5 0 0
4400 0.104171 0.75 161.812 0.490196 0.5 0 0
4410 0.104171 0.75 161.812 0.490196 0.5 0 0
4420 0.10413 0.75 162.562 0.490196 0.5 0 0
4430 0.10413 0.75 162.562 0.490196 0.5 0 0
4440 0.104049 0.6875 163.25 0.490196 0.5 0 0
4450 0.104049 0.6875 163.25 0.486275 0.5 0 0
4460 0.104048 0.6875 163.938 0.490196 0.5 0 0
4470 0.104048 0.6875 163.938 0.490196 0.5 0 0
4480 0.104048 0.6875 164.625 0.490196 0.5 0 0
4490 0.104048 0.6875 164.625 0.490196 0.5 0 0
4500 0.104048 0.5625 165.188 0.490196 0.5 0 0
4510 0.104048 0.5625 165.188 0.490196 0.5 0 0
4520 0.103904 0.6875 165.875 0.490196 0.5 0 0
4530 0.103904 0.6875 165.875 0.490196 0.5 0 0
4540 0.103901 0.625 166.5 0.486275 0.5 0 0
4550 0.103901 0.625 166.5 0.490196 0.5 0 0
4560 0.103901 0.625 167.125 0.490196 0.5 0 0
4570 0.103901 0.625 167.125 0.490196 0.5 0 0
4580 0.103901 0.625 167.75 0.490196 0.5 0 0
4590 0.103901 0.625 167.75 0.490196 0.5 0 0
4600 0.103901 0.3125 168.062 0.490196 0.5 0 0
4610 0.103901 0.3125 168.062 0.486275 0.5 0 0
4620 0.104412 0.6875 168.75 0.494118 0.5 0 0
4630 0.104412 0.6875 168.75 0.494118 0.5 0 0
4640 0.10465 0.6875 169.438 0.494118 0.5 0 0
4650 0.10465 0.6875 169.438 0.494118 0.5 0 0
4660 0.104769 0.6875 170.125 0.494118 0.5 0 0
4670 0.104769 0.6875 170.125 0.486275 0.5 0 0
4680 0.105348 0.6875 170.812 0.470588 0.5 0 0
4690 0.105348 0.6875 170.812 0.462745 0.5 0 0
4700 0.105397 0.8125 171.625 0.462745 0.5 0 0
4710 0.105397 0.8125 171.625 0.462745 0.5 0 0
4720 0.105432 0.8125 172.438 0.466667 0.5 0 0
4730 0.105432 0.8125 172.438 0.466667 0.5 0 0
4740 0.105542 0.8125 173.25 0.462745 0.5 0 0
4750 0.105542 0.8125 173.25 0.458824 0.5 0 0
4760 0.10575 0.8125 174.062 0.458824 0.5 0 0
4770 0.10575 0.8125 174.062 0.458824 0.5 0 0
4780 0.105803 0.8125 174.875 0.462745 0.5 0 0
4790 0.105803 0.8125 174.875 0.458824 0.5 0 0
4800 0.105998 0.8125 175.688 0.454902 0.5 0 0
4810 0.105998 0.8125 175.688 0.45098 0.5 0 0
4820 0.1055 0.875 176.562 0.454902 0.5 0 0
4830 0.1055 0.875 176.562 0.454902 0.5 0 0
4840 0.104643 0.875 177.438 0.454902 0.5 0 0
4850 0.104643 0.875 177.438 0.454902 0.5 0 0
4860 0.10432 0.875 178.312 0.45098 0.5 0 0
4870 0.10432 0.875 178.312 0.45098 0.5 0 0
4880 0.104107 0.8125 179.125 0.45098 0.5 0 0
4890 0.104107 0.8125 179.125 0.45098 0.5 0 0
4900 0.103905 0.8125 179.938 0.45098 0.5 0 0
4910 0.103905 0.8125 179.938 0.45098 0.5 0 0
4920 0.10375 0.8125 180.75 0.45098 0.5 0 0
4930 0.10375 0.8125 180.75 0.45098 0.5 0 0
4940 0.103625 0.8125 181.562 0.45098 0.5 0 0
4950 0.103625 0.8125 181.562 0.45098 0.5 0 0
4960 0.103511 0.75 182.312 0.45098 0.5 0 0
4970 0.103511 0.75 182.312 0.45098 0.5 0 0
4980 0.10346 0.75 183.062 0.45098 0.5 0 0
4990 0.10346 0.75 183.062 0.45098 0.5 0 0
5000 0.103412 0.75 183.812 0.45098 0.5 0 0
5010 0.103412 0.75 183.812 0.45098 0.5 0 0
5020 0.103377 0.75 184.562 0.45098 0.5 0 0
5030 0.103377 0.75 184.562 0.45098 0.5 0 0
5040 0.103355 0.75 185.312 0.45098 0.5 0 0
5050 0.103355 0.75 185.312 0.45098 0.5 0 0
5060 0.10333 0.8125 186.125 0.45098 0.5 0 0
5070 0.10333 0.8125 186.125 0.45098 0.5 0 0
5080 0.103284 0.8125 186.938 0.45098 0.5 0 0
5090 0.103284 0.8125 186.938 0.45098 0.5 0 0
5100 0.103258 0.8125 187.75 0.45098 0.5 0 0
5110 0.103258 0.8125 187.75 0.45098 0.5 0 0
5120 0.103243 0.75 188.5 0.45098 0.5 0 0
5130 0.103243 0.75 188.5 0.45098 0.5 0 0
5140 0.103241 0.75 189.25 0.45098 0.5 0 0
5150 0.103241 0.75 189.25 0.45098 0.5 0 0
5160 0.103241 0.75 190 0.45098 0.5 0 0
5170 0.103241 0.75 190 0.45098 0.5 0 0
5180 0.103194 0.6875 190.688 0.45098 0.5 0 0
5190 0.103194 0.6875 190.688 0.45098 0.5 0 0
5200 0.103105 0.6875 191.375 0.45098 0.5 0 0
5210 0.103105 0.6875 191.375 0.45098 0.5 0 0
5220 0.1031 0.75 192.125 0.45098 0.5 0 0
5230 0.1031 0.75 192.125 0.45098 0.5 0 0
5240 0.103095 0.75 192.875 0.45098 0.5 0 0
5250 0.103095 0.75 192.875 0.45098 0.5 0 0
5260 0.103092 0.6875 193.562 0.45098 0.5 0 0
5270 0.103092 0.6875 193.562 0.45098 0.5 0 0
5280 0.103022 0.8125 194.375 0.45098 0.5 0 0
5290 0.103022 0.8125 194.375 0.45098 0.5 0 0
5300 0.102974 0.8125 195.188 0.45098 0.5 0 0
5310 0.102974 0.8125 195.188 0.45098 0.5 0 0
5320 0.102923 0.875 196.062 0.45098 0.5 0 0
5330 0.102923 0.875 196.062 0.45098 0.5 0 0
5340 0.102871 0.875 196.938 0.45098 0.5 0 0
5350 0.102871 0.875 196.938 0.45098 0.5 0 0
5360 0.102827 0.875 197.812 0.45098 0.5 0 0
5370 0.102827 0.875 197.812 0.45098 0.5 0 0
5380 0.102769 0.875 198.688 0.45098 0.5 0 0
5390 0.102769 0.875 198.688 0.45098 0.5 0 0
5400 0.102722 0.875 199.562 0.45098 0.5 0 0
5410 0.102722 0.875 199.562 0.45098 0.5 0 0
5420 0.102713 0.875 200.438 0.45098 0.5 0 0
5430 0.102713 0.875 200.438 0.45098 0.5 0 0
5440 0.102709 0.875 201.312 0.45098 0.5 0 0
5450 0.102709 0.875 201.312 0.45098 0.5 0 0
5460 0.102703 0.9375 202.25 0.45098 0.5 0 0
5470 0.102703 0.9375 202.25 0.45098 0.5 0 0
5480 0.102699 0.9375 203.188 0.45098 0.5 0 0
5490 0.102699 0.9375 203.188 0.45098 0.5 0 0
5500 0.102695 0.9375 204.125 0.45098 0.5 0 0
5510 0.102695 0.9375 204.125 0.45098 0.5 0 0
5520 0.102689 0.875 205 0.45098 0.5 0 0
5530 0.102689 0.875 205 0.45098 0.5 0 0
5540 0.102679 0.9375 205.938 0.45098 0.5 0 0
5550 0.102679 0.9375 205.938 0.45098 0.5 0 0
5560 0.102671 0.9375 206.875 0.45098 0.5 0 0
5570 0.102671 0.9375 206.875 0.45098 0.5 0 0
5580 0.102667 0.9375 207.812 0.45098 0.5 0 0
5590 0.102667 0.9375 207.812 0.45098 0.5 0 0
5600 0.102663 0.9375 208.75 0.45098 0.5 0 0
5610 0.102663 0.9375 208.75 0.45098 0.5 0 0
5620 0.102659 0.9375 209.688 0.45098 0.5 0 0
5630 0.102659 0.9375 209.688 0.45098 0.5 0 0
5640 0.102654 0.9375 210.625 0.45098 0.5 0 0
5650 0.102654 0.9375 210.625 0.45098 0.5 0 0
5660 0.102648 0.875 211.5 0.45098 0.5 0 0
5670 0.102648 0.875 211.5 0.45098 0.5 0 0
5680 0.102638 0.75 212.25 0.45098 0.5 0 0
5690 0.102638 0.75 212.25 0.45098 0.5 0 0
5700 0.102622 0.8125 213.062 0.45098 0.5 0 0
5710 0.102622 0.8125 213.062 0.45098 0.5 0 0
5720 0.102609 0.8125 213.875 0.45098 0.5 0 0
5730 0.102609 0.8125 213.875 0.45098 0.5 0 0
5740 0.102596 0.8125 214.688 0.45098 0.5 0 0
5750 0.102596 0.8125 214.688 0.45098 0.5 0 0
5760 0.102583 0.875 215.562 0.45098 0.5 0 0
5770 0.102583 0.875 215.562 0.45098 0.5 0 0
5780 0.102569 0.875 216.438 0.45098 0.5 0 0
5790 0.102569 0.875 216.438 0.45098 0.5 0 0
5800 0.102522 0.75 217.188 0.45098 0.5 0 0
5810 0.102522 0.75 217.188 0.45098 0.5 0 0
5820 0.102509 0.875 218.062 0.45098 0.5 0 0
5830 0.102509 0.875 218.062 0.45098 0.5 0 0
5840 0.102499 0.9375 219 0.45098 0.5 0 0
5850 0.102499 0.9375 219 0.45098 0.5 0 0
5860 0.102488 0.9375 219.938 0.45098 0.5 0 0
5870 0.102488 0.9375 219.938 0.45098 0.5 0 0
5880 0.102443 0.9375 220.875 0.45098 0.5 0 0
5890 0.102443 0.9375 220.875 0.45098 0.5 0 0
5900 0.102439 0.8125 221.688 0.45098 0.5 0 0
5910 0.102439 0.8125 221.688 0.45098 0.5 0 0
5920 0.102436 0.8125 222.5 0.45098 0.5 0 0
5930 0.102436 0.8125 222.5 0.447059 0.5 0 0
5940 0.102427 0.8125 223.312 0.45098 0.5 0 0
5950 0.102427 0.8125 223.312 0.45098 0.5 0 0
5960 0.102422 0.875 224.188 0.45098 0.5 0 0
5970 0.102422 0.875 224.188 0.45098 0.5 0 0
5980 0.10241 0.875 225.062 0.45098 0.5 0 0
5990 0.10241 0.875 225.062 0.45098 0.5 0 0
6000 0.102384 0.875 225.938 0.45098 0.5 0 0
6010 0.102384 0.875 225.938 0.45098 0.5 0 0
6020 0.102358 0.875 226.812 0.45098 0.5 0 0
6030 0.102358 0.875 226.812 0.45098 0.5 0 0
6040 0.102324 0.8125 227.625 0.45098 0.5 0 0
6050 0.102324 0.8125 227.625 0.45098 0.5 0 0
6060 0.102325 0.8125 228.438 0.45098 0.5 0 0
6070 0.102325 0.8125 228.438 0.45098 0.5 0 0
6080 0.102326 0.6875 229.125 0.45098 0.5 0 0
6090 0.102326 0.6875 229.125 0.45098 0.5 0 0
6100 0.102326 0.6875 229.812 0.45098 0.5 0 0
6110 0.102326 0.6875 229.812 0.45098 0.5 0 0
6120 0.102243 0.625 230.438 0.45098 0.5 0 0
6130 0.102243 0.625 230.438 0.45098 0.5 0 0
6140 0.102177 0.625 231.062 0.45098 0.5 0 0
6150 0.102177 0.625 231.062 0.45098 0.5 0 0
6160 0.102157 0.875 231.938 0.45098 0.5 0 0
6170 0.102157 0.875 231.938 0.45098 0.5 0 0
6180 0.102148 0.875 232.812 0.45098 0.5 0 0
6190 0.102148 0.875 232.812 0.45098 0.5 0 0
6200 0.102148 0.875 233.688 0.45098 0.5 0 0
6210 0.102148 0.875 233.688 0.45098 0.5 0 0
6220 0.102147 0.875 234.562 0.45098 0.5 0 0
6230 0.102147 0.875 234.562 0.45098 0.5 0 0
6240 0.102143 0.8125 235.375 0.45098 0.5 0 0
6250 0.102143 0.8125 235.375 0.45098 0.5 0 0
6260 0.10202 0.75 236.125 0.45098 0.5 0 0
6270 0.10202 0.75 236.125 0.45098 0.5 0 0
6280 0.102014 0.8125 236.938 0.45098 0.5 0 0
6290 0.102014 0.8125 236.938 0.45098 0.5 0 0
6300 0.102012 0.8125 237.75 0.45098 0.5 0 0
6310 0.102012 0.8125 237.75 0.45098 0.5 0 0
6320 0.102011 0.8125 238.562 0.45098 0.5 0 0
6330 0.102011 0.8125 238.562 0.45098 0.5 0 0
6340 0.102073 0.8125 239.375 0.45098 0.5 0 0
6350 0.102073 0.8125 239.375 0.447059 0.5 0 0
6360 0.102185 0.8125 240.188 0.447059 0.5 0 0
6370 0.102185 0.8125 240.188 0.447059 0.5 0 0
6380 0.102393 0.6875 240.875 0.447059 0.5 0 0
6390 0.102393 0.6875 240.875 0.447059 0.5 0 0
6400 0.102467 0.8125 241.688 0.447059 0.5 0 0
6410 0.102467 0.8125 241.688 0.447059 0.5 0 0
6420 0.102525 0.8125 242.5 0.447059 0.5 0 0
6430 0.102525 0.8125 242.5 0.447059 0.5 0 0
6440 0.102612 0.8125 243.312 0.447059 0.5 0 0
6450 0.102612 0.8125 243.312 0.447059 0.5 0 0
6460 0.102915 0.75 244.062 0.447059 0.5 0 0
6470 0.102915 0.75 244.062 0.447059 0.5 0 0
6480 0.102944 0.75 244.812 0.447059 0.5 0 0
6490 0.102944 0.75 244.812 0.447059 0.5 0 0
6500 0.10355 0.8125 245.625 0.447059 0.5 0 0
6510 0.10355 0.8125 245.625 0.443137 0.5 0 0
6520 0.103997 0.8125 246.438 0.439216 0.5 0 0
6530 0.103997 0.8125 246.438 0.439216 0.5 0 0
6540 0.104035 0.6875 247.125 0.439216 0.5 0 0
6550 0.104035 0.6875 247.125 0.439216 0.5 0 0
6560 0.104932 0.6875 247.812 0.443137 0.5 0 0
6570 0.104932 0.6875 247.812 0.439216 0.5 0 0
6580 0.105093 0.75 248.562 0.439216 0.5 0 0
6590 0.105093 0.75 248.562 0.439216 0.5 0 0
6600 0.104927 0.875 249.438 0.435294 0.5 0 0
6610 0.104927 0.875 249.438 0.435294 0.5 0 0
6620 0.1048 0.875 250.312 0.435294 0.5 0 0
6630 0.1048 0.875 250.312 0.435294 0.5 0 0
6640 0.104757 0.9375 251.25 0.435294 0.5 0 0
6650 0.104757 0.9375 251.25 0.435294 0.5 0 0
6660 0.104711 1 252.25 0.435294 0.5 0 0
6670 0.104711 1 252.25 0.435294 0.5 0 0
6680 0.104664 1 253.25 0.435294 0.5 0 0
6690 0.104664 1 253.25 0.435294 0.5 0 0
6700 0.104616 1 254.25 0.435294 0.5 0 0
6710 0.104616 1 254.25 0.435294 0.5 0 0
6720 0.104572 0.9375 255.188 0.435294 0.5 0 0
6730 0.104572 0.9375 255.188 0.435294 0.5 0 0
6740 0.104532 0.9375 256.125 0.435294 0.5 0 0
6750 0.104532 0.9375 256.125 0.435294 0.5 0 0
6760 0.10441 0.9375 257.062 0.435294 0.5 0 0
6770 0.10441 0.9375 257.062 0.435294 0.5 0 0
6780 0.104369 0.9375 258 0.435294 0.5 0 0
6790 0.104369 0.9375 258 0.435294 0.5 0 0
6800 0.104327 0.9375 258.938 0.435294 0.5 0 0
6810 0.104327 0.9375 258.938 0.435294 0.5 0 0
6820 0.10429 0.9375 259.875 0.435294 0.5 0 0
6830 0.10429 0.9375 259.875 0.435294 0.5 0 0
6840 0.104255 0.9375 260.812 0.435294 0.5 0 0
6850 0.104255 0.9375 260.812 0.435294 0.5 0 0
6860 0.104221 0.9375 261.75 0.435294 0.5 0 0
6870 0.104221 0.9375 261.75 0.435294 0.5 0 0
6880 0.104197 0.9375 262.688 0.435294 0.5 0 0
6890 0.104197 0.9375 262.688 0.435294 0.5 0 0
6900 0.104175 0.75 263.438 0.435294 0.5 0 0
6910 0.104175 0.75 263.438 0.435294 0.5 0 0
6920 0.104005 0.5625 264 0.435294 0.5 0 0
6930 0.104005 0.5625 264 0.435294 0.5 0 0
6940 0.103858 0.6875 264.688 0.435294 0.5 0 0
6950 0.103858 0.6875 264.688 0.435294 0.5 0 0
6960 0.103708 0.6875 265.375 0.435294 0.5 0 0
6970 0.103708 0.6875 265.375 0.435294 0.5 0 0
6980 0.103595 0.625 266 0.435294 0.5 0 0
6990 0.103595 0.625 266 0.435294 0.5 0 0
7000 0.10354 0.6875 266.688 0.435294 0.5 0 0
7010 0.10354 0.6875 266.688 0.435294 0.5 0 0
7020 0.103539 0.6875 267.375 0.435294 0.5 0 0
7030 0.103539 0.6875 267.375 0.435294 0.5 0 0
7040 0.103533 0.6875 268.062 0.435294 0.5 0 0
7050 0.103533 0.6875 268.062 0.435294 0.5 0 0
7060 0.103491 0.6875 268.75 0.435294 0.5 0 0
7070 0.103491 0.6875 268.75 0.435294 0.5 0 0
7080 0.10346 0.6875 269.438 0.435294 0.5 0 0
7090 0.10346 0.6875 269.438 0.435294 0.5 0 0
7100 0.103433 0.5 269.938 0.435294 0.5 0 0
7110 0.103433 0.5 269.938 0.435294 0.5 0 0
7120 0.103403 0.75 270.688 0.435294 0.5 0 0
7130 0.103403 0.75 270.688 0.435294 0.5 0 0
7140 0.1034 0.75 271.438 0.435294 0.5 0 0
7150 0.1034 0.75 271.438 0.435294 0.5 0 0
7160 0.103003 0.875 272.312 0.435294 0.5 0 0
7170 0.103003 0.875 272.312 0.435294 0.5 0 0
7180 0.102976 0.875 273.188 0.435294 0.5 0 0
7190 0.102976 0.875 273.188 0.435294 0.5 0 0
7200 0.102975 0.875 274.062 0.435294 0.5 0 0
7210 0.102975 0.875 274.062 0.435294 0.5 0 0
7220 0.102975 0.75 274.812 0.435294 0.5 0 0
7230 0.102975 0.75 274.812 0.435294 0.5 0 0
7240 0.102975 0.8125 275.625 0.435294 0.5 0 0
7250 0.102975 0.8125 275.625 0.435294 0.5 0 0
7260 0.102976 0.75 276.375 0.435294 0.5 0 0
7270 0.102976 0.75 276.375 0.435294 0.5 0 0
7280 0.102977 0.5625 276.938 0.435294 0.5 0 0
7290 0.102977 0.5625 276.938 0.435294 0.5 0 0
7300 0.102946 0.625 277.562 0.435294 0.5 0 0
7310 0.102946 0.625 277.562 0.435294 0.5 0 0
7320 0.102885 0.625 278.188 0.435294 0.5 0 0
7330 0.102885 0.625 278.188 0.435294 0.5 0 0
7340 0.102875 0.625 278.812 0.435294 0.5 0 0
7350 0.102875 0.625 278.812 0.435294 0.5 0 0
7360 0.102875 0.625 279.438 0.435294 0.5 0 0
7370 0.102875 0.625 279.438 0.435294 0.5 0 0
7380 0.102877 0.625 280.062 0.435294 0.5 0 0
7390 0.102877 0.625 280.062 0.435294 0.5 0 0
7400 0.102903 0.4375 280.5 0.435294 0.5 0 0
7410 0.102903 0.4375 280.5 0.435294 0.5 0 0
7420 0.102943 0.5625 281.062 0.435294 0.5 0 0
7430 0.102943 0.5625 281.062 0.431373 0.5 0 0
7440 0.103028 0.5625 281.625 0.431373 0.5 0 0
7450 0.103028 0.5625 281.625 0.431373 0.5 0 0
7460 0.103213 0.6875 282.312 0.427451 0.5 0 0
7470 0.103213 0.6875 282.312 0.427451 0.5 0 0
7480 0.103277 0.6875 283 0.427451 0.5 0 0
7490 0.103277 0.6875 283 0.427451 0.5 0 0
7500 0.103338 0.6875 283.688 0.427451 0.5 0 0
7510 0.103338 0.6875 283.688 0.427451 0.5 0 0
7520 0.103393 0.6875 284.375 0.427451 0.5 0 0
7530 0.103393 0.6875 284.375 0.423529 0.5 0 0
7540 0.103446 0.6875 285.062 0.427451 0.5 0 0
7550 0.103446 0.6875 285.062 0.427451 0.5 0 0
7560 0.103497 0.8125 285.875 0.427451 0.5 0 0
7570 0.103497 0.8125 285.875 0.423529 0.5 0 0
7580 0.103582 0.75 286.625 0.427451 0.5 0 0
7590 0.103582 0.75 286.625 0.427451 0.5 0 0
7600 0.103781 0.75 287.375 0.427451 0.5 0 0
7610 0.103781 0.75 287.375 0.427451 0.5 0 0
7620 0.104392 0.6875 288.062 0.431373 0.5 0 0
7630 0.104392 0.6875 288.062 0.431373 0.5 0 0
7640 0.105205 0.6875 288.75 0.427451 0.5 0 0
7650 0.105205 0.6875 288.75 0.427451 0.5 0 0
7660 0.105095 0.5625 289.312 0.423529 0.5 0 0
7670 0.105095 0.5625 289.312 0.419608 0.5 0 0
7680 0.104742 0.625 289.938 0.419608 0.5 0 0
7690 0.104742 0.625 289.938 0.419608 0.5 0 0
7700 0.104428 0.8125 290.75 0.423529 0.5 0 0
7710 0.104428 0.8125 290.75 0.419608 0.5 0 0
7720 0.104397 0.8125 291.562 0.419608 0.5 0 0
7730 0.104397 0.8125 291.562 0.419608 0.5 0 0
7740 0.104336 0.75 292.312 0.419608 0.5 0 0
7750 0.104336 0.75 292.312 0.419608 0.5 0 0
7760 0.104403 0.75 293.062 0.419608 0.5 0 0
7770 0.104403 0.75 293.062 0.419608 0.5 0 0
7780 0.104393 0.75 293.812 0.419608 0.5 0 0
7790 0.104393 0.75 293.812 0.419608 0.5 0 0
7800 0.104381 0.5625 294.375 0.419608 0.5 0 0
7810 0.104381 0.5625 294.375 0.419608 0.5 0 0
7820 0.103845 0.5 294.875 0.419608 0.5 0 0
7830 0.103845 0.5 294.875 0.419608 0.5 0 0
7840 0.103723 0.625 295.5 0.419608 0.5 0 0
7850 0.103723 0.625 295.5 0.419608 0.5 0 0
7860 0.103683 0.625 296.125 0.419608 0.5 0 0
7870 0.103683 0.625 296.125 0.419608 0.5 0 0
7880 0.103576 0.75 296.875 0.419608 0.5 0 0
7890 0.103576 0.75 296.875 0.419608 0.5 0 0
7900 0.103513 0.8125 297.688 0.419608 0.5 0 0
7910 0.103513 0.8125 297.688 0.419608 0.5 0 0
7920 0.103507 0.8125 298.5 0.419608 0.5 0 0
7930 0.103507 0.8125 298.5 0.419608 0.5 0 0
7940 0.103501 0.8125 299.312 0.419608 0.5 0 0
7950 0.103501 0.8125 299.312 0.419608 0.5 0 0
7960 0.103494 0.8125 300.125 0.419608 0.5 0 0
7970 0.103494 0.8125 300.125 0.419608 0.5 0 0
7980 0.103488 0.8125 300.938 0.419608 0.5 0 0
7990 0.103488 0.8125 300.938 0.419608 0.5 0 0
8000 0.103483 0.625 301.562 0.419608 0.5 0 0
8010 0.103483 0.625 301.562 0.419608 0.5 0 0
8020 0.103469 0.5625 302.125 0.419608 0.5 0 0
8030 0.103469 0.5625 302.125 0.419608 0.5 0 0
8040 0.103455 0.625 302.75 0.419608 0.5 0 0
8050 0.103455 0.625 302.75 0.419608 0.5 0 0
8060 0.103444 0.625 303.375 0.419608 0.5 0 0
8070 0.103444 0.625 303.375 0.419608 0.5 0 0
8080 0.103438 0.625 304 0.419608 0.5 0 0
8090 0.103438 0.625 304 0.419608 0.5 0 0
8100 0.103433 0.5 304.5 0.419608 0.5 0 0
8110 0.103433 0.5 304.5 0.419608 0.5 0 0
8120 0.103427 0.5 305 0.419608 0.5 0 0
8130 0.103427 0.5 305 0.419608 0.5 0 0
8140 0.103414 0.5 305.5 0.419608 0.5 0 0
8150 0.103414 0.5 305.5 0.419608 0.5 0 0
8160 0.103357 0.5625 306.062 0.419608 0.5 0 0
8170 0.103357 0.5625 306.062 0.419608 0.5 0 0
8180 0.103301 0.625 306.688 0.419608 0.5 0 0
8190 0.103301 0.625 306.688 0.419608 0.5 0 0
8200 0.103297 0.6875 307.375 0.419608 0.5 0 0
8210 0.103297 0.6875 307.375 0.419608 0.5 0 0
8220 0.103292 0.6875 308.062 0.419608 0.5 0 0
8230 0.103292 0.6875 308.062 0.419608 0.5 0 0
8240 0.103289 0.6875 308.75 0.419608 0.5 0 0
8250 0.103289 0.6875 308.75 0.419608 0.5 0 0
8260 0.103284 0.6875 309.438 0.419608 0.5 0 0
8270 0.103284 0.6875 309.438 0.419608 0.5 0 0
8280 0.103279 0.6875 310.125 0.419608 0.5 0 0
8290 0.103279 0.6875 310.125 0.419608 0.5 0 0
8300 0.103276 0.625 310.75 0.419608 0.5 0 0
8310 0.103276 0.625 310.75 0.419608 0.5 0 0
8320 0.103273 0.625 311.375 0.419608 0.5 0 0
8330 0.103273 0.625 311.375 0.419608 0.5 0 0
8340 0.103271 0.4375 311.812 0.419608 0.5 0 0
8350 0.103271 0.4375 311.812 0.419608 0.5 0 0
8360 0.103269 0.5625 312.375 0.419608 0.5 0 0
8370 0.103269 0.5625 312.375 0.419608 0.5 0 0
8380 0.103266 0.5625 312.938 0.419608 0.5 0 0
8390 0.103266 0.5625 312.938 0.419608 0.5 0 0
8400 0.103261 0.4375 313.375 0.419608 0.5 0 0
8410 0.103261 0.4375 313.375 0.419608 0.5 0 0
8420 0.103261 0.4375 313.812 0.419608 0.5 0 0
8430 0.103261 0.4375 313.812 0.419608 0.5 0 0
8440 0.103261 0.4375 314.25 0.419608 0.5 0 0
8450 0.103261 0.4375 314.25 0.419608 0.5 0 0
8460 0.103261 0.5 314.75 0.419608 0.5 0 0
8470 0.103261 0.5 314.75 0.419608 0.5 0 0
8480 0.103261 0.5625 315.312 0.419608 0.5 0 0
8490 0.103261 0.5625 315.312 0.419608 0.5 0 0
8500 0.103261 0.625 315.938 0.419608 0.5 0 0
8510 0.103261 0.625 315.938 0.419608 0.5 0 0
8520 0.103261 0.625 316.562 0.419608 0.5 0 0
8530 0.103261 0.625 316.562 0.419608 0.5 0 0
8540 0.103261 0.625 317.188 0.419608 0.5 0 0
8550 0.103261 0.625 317.188 0.419608 0.5 0 0
8560 0.103261 0.625 317.812 0.419608 0.5 0 0
8570 0.103261 0.625 317.812 0.419608 0.5 0 0
8580 0.103261 0.625 318.438 0.419608 0.5 0 0
8590 0.103261 0.625 318.438 0.419608 0.5 0 0
8600 0.103261 0.5625 319 0.419608 0.5 0 0
8610 0.103261 0.5625 319 0.419608 0.5 0 0
8620 0.103261 0.625 319.625 0.419608 0.5 0 0
8630 0.103261 0.625 319.625 0.419608 0.5 0 0
8640 0.103261 0.75 320.375 0.419608 0.5 0 0
8650 0.103261 0.75 320.375 0.419608 0.5 0 0
8660 0.103261 0.75 321.125 0.419608 0.5 0 0
8670 0.103261 0.75 321.125 0.419608 0.5 0 0
8680 0.103321 0.75 321.875 0.419608 0.5 0 0
8690 0.103321 0.75 321.875 0.419608 0.5 0 0
8700 0.103438 0.75 322.625 0.415686 0.5 0 0
8710 0.103438 0.75 322.625 0.415686 0.5 0 0
8720 0.103626 0.8125 323.438 0.415686 0.5 0 0
8730 0.103626 0.8125 323.438 0.415686 0.5 0 0
8740 0.104039 0.6875 324.125 0.415686 0.5 0 0
8750 0.104039 0.6875 324.125 0.415686 0.5 0 0
8760 0.104279 0.75 324.875 0.415686 0.5 0 0
8770 0.104279 0.75 324.875 0.415686 0.5 0 0
8780 0.104497 0.75 325.625 0.415686 0.5 0 0
8790 0.104497 0.75 325.625 0.415686 0.5 0 0
8800 0.104648 0.75 326.375 0.415686 0.5 0 0
8810 0.104648 0.75 326.375 0.415686 0.5 0 0
8820 0.104855 0.8125 327.188 0.415686 0.5 0 0
8830 0.104855 0.8125 327.188 0.415686 0.5 0 0
8840 0.104962 0.8125 328 0.415686 0.5 0 0
8850 0.104962 0.8125 328 0.415686 0.5 0 0
8860 0.105082 0.8125 328.812 0.415686 0.5 0 0
8870 0.105082 0.8125 328.812 0.415686 0.5 0 0
8880 0.105207 0.8125 329.625 0.415686 0.5 0 0
8890 0.105207 0.8125 329.625 0.415686 0.5 0 0
8900 0.105327 0.8125 330.438 0.415686 0.5 0 0
8910 0.105327 0.8125 330.438 0.419608 0.5 0 0
8920 0.105419 0.8125 331.25 0.415686 0.5 0 0
8930 0.105419 0.8125 331.25 0.419608 0.5 0 0
8940 0.106046 0.8125 332.062 0.419608 0.5 0 0
8950 0.106046 0.8125 332.062 0.419608 0.5 0 0
8960 0.106799 0.875 332.938 0.415686 0.5 0 0
8970 0.106799 0.875 332.938 0.415686 0.5 0 0
8980 0.106779 0.875 333.812 0.415686 0.5 0 0
8990 0.106779 0.875 333.812 0.419608 0.5 0 0
9000 0.106853 0.875 334.688 0.419608 0.5 0 0
9010 0.106853 0.875 334.688 0.419608 0.5 0 0
9020 0.107073 0.875 335.562 0.415686 0.5 0 0
9030 0.107073 0.875 335.562 0.415686 0.5 0 0
9040 0.106812 0.8125 336.375 0.411765 0.5 0 0
9050 0.106812 0.8125 336.375 0.407843 0.5 0 0
9060 0.106587 0.8125 337.188 0.407843 0.5 0 0
9070 0.106587 0.8125 337.188 0.407843 0.5 0 0
9080 0.106281 0.8125 338 0.407843 0.5 0 0
9090 0.106281 0.8125 338 0.407843 0.5 0 0
9100 0.105317 0.75 338.75 0.407843 0.5 0 0
9110 0.105317 0.75 338.75 0.407843 0.5 0 0
9120 0.105136 0.75 339.5 0.407843 0.5 0 0
9130 0.105136 0.75 339.5 0.407843 0.5 0 0
9140 0.105072 0.875 340.375 0.407843 0.5 0 0
9150 0.105072 0.875 340.375 0.407843 0.5 0 0
9160 0.105063 0.875 341.25 0.407843 0.5 0 0
9170 0.105063 0.875 341.25 0.407843 0.5 0 0
9180 0.105068 0.9375 342.188 0.407843 0.5 0 0
9190 0.105068 0.9375 342.188 0.407843 0.5 0 0
9200 0.105077 0.9375 343.125 0.407843 0.5 0 0
9210 0.105077 0.9375 343.125 0.407843 0.5 0 0
9220 0.105059 0.875 344 0.407843 0.5 0 0
9230 0.105059 0.875 344 0.407843 0.5 0 0
9240 0.105057 0.9375 344.938 0.407843 0.5 0 0
9250 0.105057 0.9375 344.938 0.407843 0.5 0 0
9260 0.105052 0.9375 345.875 0.407843 0.5 0 0
9270 0.105052 0.9375 345.875 0.407843 0.5 0 0
9280 0.105068 0.8125 346.688 0.407843 0.5 0 0
9290 0.105068 0.8125 346.688 0.407843 0.5 0 0
9300 0.105085 0.8125 347.5 0.407843 0.5 0 0
9310 0.105085 0.8125 347.5 0.407843 0.5 0 0
9320 0.10507 0.8125 348.312 0.407843 0.5 0 0
9330 0.10507 0.8125 348.312 0.407843 0.5 0 0
9340 0.104873 0.75 349.062 0.407843 0.5 0 0
9350 0.104873 0.75 349.062 0.407843 0.5 0 0
9360 0.104655 0.6875 349.75 0.407843 0.5 0 0
9370 0.104655 0.6875 349.75 0.407843 0.5 0 0
9380 0.104659 0.75 350.5 0.407843 0.5 0 0
9390 0.104659 0.75 350.5 0.407843 0.5 0 0
9400 0.104427 0.75 351.25 0.407843 0.5 0 0
9410 0.104427 0.75 351.25 0.407843 0.5 0 0
9420 0.104441 0.8125 352.062 0.407843 0.5 0 0
9430 0.104441 0.8125 352.062 0.407843 0.5 0 0
9440 0.104579 0.875 352.938 0.407843 0.5 0 0
9450 0.104579 0.875 352.938 0.407843 0.5 0 0
9460 0.104764 0.9375 353.875 0.407843 0.5 0 0
9470 0.104764 0.9375 353.875 0.407843 0.5 0 0
9480 0.104785 0.8125 354.688 0.407843 0.5 0 0
9490 0.104785 0.8125 354.688 0.407843 0.5 0 0
9500 0.104796 0.6875 355.375 0.407843 0.5 0 0
9510 0.104796 0.6875 355.375 0.407843 0.5 0 0
9520 0.105688 0.75 356.125 0.407843 0.5 0 0
9530 0.105688 0.75 356.125 0.407843 0.5 0 0
9540 0.105841 0.8125 356.938 0.411765 0.5 0 0
9550 0.105841 0.8125 356.938 0.407843 0.5 0 0
9560 0.105718 0.8125 357.75 0.407843 0.5 0 0
9570 0.105718 0.8125 357.75 0.407843 0.5 0 0
9580 0.10574 0.625 358.375 0.403922 0.5 0 0
9590 0.10574 0.625 358.375 0.4 0.5 0 0
9600 0.10528 0.6875 359.062 0.4 0.5 0 0
9610 0.10528 0.6875 359.062 0.4 0.5 0 0
9620 0.105048 0.75 359.812 0.4 0.5 0 0
9630 0.105048 0.75 359.812 0.4 0.5 0 0
9640 0.10459 0.75 360.562 0.4 0.5 0 0
9650 0.10459 0.75 360.562 0.4 0.5 0 0
9660 0.104339 0.75 361.312 0.4 0.5 0 0
9670 0.104339 0.75 361.312 0.4 0.5 0 0
9680 0.103641 0.8125 362.125 0.4 0.5 0 0
9690 0.103641 0.8125 362.125 0.4 0.5 0 0
9700 0.103623 0.8125 362.938 0.4 0.5 0 0
9710 0.103623 0.8125 362.938 0.4 0.5 0 0
9720 0.103627 0.8125 363.75 0.4 0.5 0 0
9730 0.103627 0.8125 363.75 0.4 0.5 0 0
9740 0.103636 0.75 364.5 0.4 0.5 0 0
9750 0.103636 0.75 364.5 0.4 0.5 0 0
9760 0.103619 0.75 365.25 0.4 0.5 0 0
9770 0.103619 0.75 365.25 0.4 0.5 0 0
9780 0.103452 0.6875 365.938 0.4 0.5 0 0
9790 0.103452 0.6875 365.938 0.4 0.5 0 0
9800 0.103399 0.6875 366.625 0.4 0.5 0 0
9810 0.103399 0.6875 366.625 0.4 0.5 0 0
9820 0.103307 0.75 367.375 0.4 0.5 0 0
9830 0.103307 0.75 367.375 0.4 0.5 0 0
9840 0.103234 0.75 368.125 0.4 0.5 0 0
9850 0.103234 0.75 368.125 0.4 0.5 0 0
9860 0.103232 0.75 368.875 0.4 0.5 0 0
9870 0.103232 0.75 368.875 0.4 0.5 0 0
9880 0.103219 0.75 369.625 0.4 0.5 0 0
9890 0.103219 0.75 369.625 0.4 0.5 0 0
9900 0.103212 0.75 370.375 0.4 0.5 0 0
9910 0.103212 0.75 370.375 0.4 0.5 0 0
9920 0.103201 0.75 371.125 0.4 0.5 0 0
9930 0.103201 0.75 371.125 0.4 0.5 0 0
9940 0.103199 0.75 371.875 0.4 0.5 0 0
9950 0.103199 0.75 371.875 0.4 0.5 0 0
9960 0.103208 0.75 372.625 0.4 0.5 0 0
9970 0.103208 0.75 372.625 0.4 0.5 0 0
9980 0.103196 0.75 373.375 0.4 0.5 0 0
9990 0.103196 0.75 373.375 0.4 0.5 0 0
10000 0.10352 0.8125 374.188 0.4 0.5 0 0
10010 0.10352 0.8125 374.188 0.403922 0.5 0 0
10020 0.10355 0.75 374.938 0.403922 0.5 0 0
10030 0.10355 0.75 374.938 0.4 0.5 0 0
10040 0.103543 0.75 375.688 0.403922 0.5 0 0
10050 0.103543 0.75 375.688 0.403922 0.5 0 0
10060 0.103551 0.75 376.438 0.4 0.5 0 0
10070 0.103551 0.75 376.438 0.403922 0.5 0 0
10080 0.103551 0.75 377.188 0.403922 0.5 0 0
10090 0.103551 0.75 377.188 0.403922 0.5 0 0
10100 0.10355 0.75 377.938 0.403922 0.5 0 0
10110 0.10355 0.75 377.938 0.403922 0.5 0 0
10120 0.103514 0.5 378.438 0.403922 0.5 0 0
10130 0.103514 0.5 378.438 0.403922 0.5 0 0
10140 0.103391 0.75 379.188 0.403922 0.5 0 0
10150 0.103391 0.75 379.188 0.403922 0.5 0 0
10160 0.0999811 0.75 379.938 0.407843 0.5 0 0
10170 0.0999811 0.75 379.938 0.407843 0.5 0 0
10180 0.0998085 0.75 380.688 0.407843 0.5 0 0
10190 0.0998085 0.75 380.688 0.407843 0.5 0 0
10200 0.0998287 0.8125 381.5 0.407843 0.5 0 0
10210 0.0998287 0.8125 381.5 0.407843 0.5 0 0
10220 0.0998433 0.75 382.25 0.407843 0.5 0 0
10230 0.0998433 0.75 382.25 0.407843 0.5 0 0
10240 0.0998406 0.75 383 0.407843 0.5 0 0
10250 0.0998406 0.75 383 0.407843 0.5 0 0
10260 0.0998395 0.6875 383.688 0.403922 0.5 0 0
10270 0.0998395 0.6875 383.688 0.407843 0.5 0 0
10280 0.0998108 0.6875 384.375 0.407843 0.5 0 0
10290 0.0998108 0.6875 384.375 0.407843 0.5 0 0
10300 0.09977 0.8125 385.188 0.407843 0.5 0 0
10310 0.09977 0.8125 385.188 0.407843 0.5 0 0
10320 0.099723 0.75 385.938 0.407843 0.5 0 0
10330 0.099723 0.75 385.938 0.407843 0.5 0 0
10340 0.0997176 0.6875 386.625 0.407843 0.5 0 0
10350 0.0997176 0.6875 386.625 0.407843 0.5 0 0
10360 0.0996785 0.6875 387.312 0.407843 0.5 0 0
10370 0.0996785 0.6875 387.312 0.407843 0.5 0 0
10380 0.0996574 0.6875 388 0.407843 0.5 0 0
10390 0.0996574 0.6875 388 0.407843 0.5 0 0
10400 0.0996432 0.6875 388.688 0.407843 0.5 0 0
10410 0.0996432 0.6875 388.688 0.407843 0.5 0 0
10420 0.0995984 0.6875 389.375 0.407843 0.5 0 0
10430 0.0995984 0.6875 389.375 0.407843 0.5 0 0
10440 0.0995871 0.625 390 0.407843 0.5 0 0
10450 0.0995871 0.625 390 0.407843 0.5 0 0
10460 0.0995871 0.5625 390.562 0.407843 0.5 0 0
10470 0.0995871 0.5625 390.562 0.407843 0.5 0 0
10480 0.0995871 0.6875 391.25 0.407843 0.5 0 0
10490 0.0995871 0.6875 391.25 0.407843 0.5 0 0
10500 0.0995871 0.6875 391.938 0.407843 0.5 0 0
10510 0.0995871 0.6875 391.938 0.407843 0.5 0 0
10520 0.0995732 0.625 392.562 0.407843 0.5 0 0
10530 0.0995732 0.625 392.562 0.407843 0.5 0 0
10540 0.0994696 0.4375 393 0.407843 0.5 0 0
10550 0.0994696 0.4375 393 0.407843 0.5 0 0
10560 0.0992243 0.5625 393.562 0.407843 0.5 0 0
10570 0.0992243 0.5625 393.562 0.407843 0.5 0 0
10580 0.0992241 0.6875 394.25 0.407843 0.5 0 0
10590 0.0992241 0.6875 394.25 0.407843 0.5 0 0
10600 0.0992241 0.625 394.875 0.407843 0.5 0 0
10610 0.0992241 0.625 394.875 0.407843 0.5 0 0
10620 0.0992241 0.6875 395.562 0.407843 0.5 0 0
10630 0.0992241 0.6875 395.562 0.407843 0.5 0 0
10640 0.0992241 0.6875 396.25 0.407843 0.5 0 0
10650 0.0992241 0.6875 396.25 0.407843 0.5 0 0
10660 0.0992278 0.5625 396.812 0.407843 0.5 0 0
10670 0.0992278 0.5625 396.812 0.407843 0.5 0 0
10680 0.0992327 0.5625 397.375 0.407843 0.5 0 0
10690 0.0992327 0.5625 397.375 0.407843 0.5 0 0
10700 0.0992374 0.5625 397.938 0.407843 0.5 0 0
10710 0.0992374 0.5625 397.938 0.407843 0.5 0 0
10720 0.0992374 0.625 398.562 0.407843 0.5 0 0
10730 0.0992374 0.625 398.562 0.407843 0.5 0 0
10740 0.0992398 0.5625 399.125 0.407843 0.5 0 0
10750 0.0992398 0.5625 399.125 0.407843 0.5 0 0
10760 0.0992398 0.75 399.875 0.407843 0.5 0 0
10770 0.0992398 0.75 399.875 0.407843 0.5 0 0
10780 0.0992398 0.625 400.5 0.407843 0.5 0 0
10790 0.0992398 0.625 400.5 0.407843 0.5 0 0
10800 0.0992479 0.625 401.125 0.407843 0.5 0 0
10810 0.0992479 0.625 401.125 0.407843 0.5 0 0
10820 0.0992498 0.625 401.75 0.407843 0.5 0 0
10830 0.0992498 0.625 401.75 0.407843 0.5 0 0
10840 0.0992498 0.6875 402.438 0.407843 0.5 0 0
10850 0.0992498 0.6875 402.438 0.407843 0.5 0 0
10860 0.0992498 0.5625 403 0.407843 0.5 0 0
10870 0.0992498 0.5625 403 0.407843 0.5 0 0
10880 0.0992545 0.5625 403.562 0.407843 0.5 0 0
10890 0.0992545 0.5625 403.562 0.407843 0.5 0 0
10900 0.0992625 0.5625 404.125 0.407843 0.5 0 0
10910 0.0992625 0.5625 404.125 0.407843 0.5 0 0
10920 0.0992657 0.6875 404.812 0.407843 0.5 0 0
10930 0.0992657 0.6875 404.812 0.407843 0.5 0 0
10940 0.0991824 0.6875 405.5 0.407843 0.5 0 0
10950 0.0991824 0.6875 405.5 0.403922 0.5 0 0
10960 0.0991488 0.625 406.125 0.403922 0.5 0 0
10970 0.0991488 0.625 406.125 0.403922 0.5 0 0
10980 0.0992922 0.6875 406.812 0.403922 0.5 0 0
10990 0.0992922 0.6875 406.812 0.403922 0.5 0 0
11000 0.0994655 0.6875 407.5 0.403922 0.5 0 0
11010 0.0994655 0.6875 407.5 0.403922 0.5 0 0
11020 0.0995762 0.5 408 0.4 0.5 0 0
11030 0.0995762 0.5 408 0.396078 0.5 0 0
11040 0.099766 0.8125 408.812 0.392157 0.5 0 0
11050 0.099766 0.8125 408.812 0.396078 0.5 0 0
11060 0.0991049 0.8125 409.625 0.392157 0.5 0 0
11070 0.0991049 0.8125 409.625 0.396078 0.5 0 0
11080 0.0989471 0.6875 410.312 0.392157 0.5 0 0
11090 0.0989471 0.6875 410.312 0.396078 0.5 0 0
11100 0.0989247 0.5625 410.875 0.392157 0.5 0 0
11110 0.0989247 0.5625 410.875 0.396078 0.5 0 0
11120 0.0988508 0.6875 411.562 0.392157 0.5 0 0
11130 0.0988508 0.6875 411.562 0.392157 0.5 0 0
11140 0.0987205 0.75 412.312 0.392157 0.5 0 0
11150 0.0987205 0.75 412.312 0.392157 0.5 0 0
11160 0.0986319 0.8125 413.125 0.392157 0.5 0 0
11170 0.0986319 0.8125 413.125 0.392157 0.5 0 0
11180 0.0985781 0.75 413.875 0.392157 0.5 0 0
11190 0.0985781 0.75 413.875 0.392157 0.5 0 0
11200 0.0985199 0.75 414.625 0.392157 0.5 0 0
11210 0.0985199 0.75 414.625 0.392157 0.5 0 0
11220 0.098431 0.75 415.375 0.392157 0.5 0 0
11230 0.098431 0.75 415.375 0.388235 0.5 0 0
11240 0.0983439 0.625 416 0.392157 0.5 0 0
11250 0.0983439 0.625 416 0.392157 0.5 0 0
11260 0.0982763 0.625 416.625 0.388235 0.5 0 0
11270 0.0982763 0.625 416.625 0.388235 0.5 0 0
11280 0.0982081 0.625 417.25 0.388235 0.5 0 0
11290 0.0982081 0.625 417.25 0.388235 0.5 0 0
11300 0.0981165 0.625 417.875 0.388235 0.5 0 0
11310 0.0981165 0.625 417.875 0.388235 0.5 0 0
11320 0.098031 0.5625 418.438 0.388235 0.5 0 0
11330 0.098031 0.5625 418.438 0.388235 0.5 0 0
11340 0.098058 0.5 418.938 0.388235 0.5 0 0
11350 0.098058 0.5 418.938 0.388235 0.5 0 0
11360 0.0979759 0.6875 419.625 0.388235 0.5 0 0
11370 0.0979759 0.6875 419.625 0.384314 0.5 0 0
11380 0.097855 0.6875 420.312 0.388235 0.5 0 0
11390 0.097855 0.6875 420.312 0.388235 0.5 0 0
11400 0.0977106 0.6875 421 0.388235 0.5 0 0
11410 0.0977106 0.6875 421 0.388235 0.5 0 0
11420 0.0975689 0.75 421.75 0.388235 0.5 0 0
11430 0.0975689 0.75 421.75 0.388235 0.5 0 0
11440 0.097468 0.75 422.5 0.384314 0.5 0 0
11450 0.097468 0.75 422.5 0.384314 0.5 0 0
11460 0.0973557 0.75 423.25 0.388235 0.5 0 0
11470 0.0973557 0.75 423.25 0.384314 0.5 0 0
11480 0.0970076 0.6875 423.938 0.384314 0.5 0 0
11490 0.0970076 0.6875 423.938 0.384314 0.5 0 0
11500 0.096579 0.8125 424.75 0.384314 0.5 0 0
11510 0.096579 0.8125 424.75 0.384314 0.5 0 0
11520 0.0965149 0.75 425.5 0.384314 0.5 0 0
11530 0.0965149 0.75 425.5 0.384314 0.5 0 0
11540 0.0963772 0.8125 426.312 0.384314 0.5 0 0
11550 0.0963772 0.8125 426.312 0.384314 0.5 0 0
11560 0.0962609 0.8125 427.125 0.384314 0.5 0 0
11570 0.0962609 0.8125 427.125 0.384314 0.5 0 0
11580 0.0961714 0.75 427.875 0.384314 0.5 0 0
11590 0.0961714 0.75 427.875 0.384314 0.5 0 0
11600 0.096082 0.75 428.625 0.384314 0.5 0 0
11610 0.096082 0.75 428.625 0.380392 0.5 0 0
11620 0.0959972 0.8125 429.438 0.384314 0.5 0 0
11630 0.0959972 0.8125 429.438 0.380392 0.5 0 0
11640 0.0956475 0.75 430.188 0.380392 0.5 0 0
11650 0.0956475 0.75 430.188 0.380392 0.5 0 0
11660 0.0949161 0.75 430.938 0.380392 0.5 0 0
11670 0.0949161 0.75 430.938 0.380392 0.5 0 0
11680 0.0945661 0.75 431.688 0.380392 0.5 0 0
11690 0.0945661 0.75 431.688 0.380392 0.5 0 0
11700 0.0945079 0.8125 432.5 0.380392 0.5 0 0
11710 0.0945079 0.8125 432.5 0.380392 0.5 0 0
11720 0.0944635 0.8125 433.312 0.380392 0.5 0 0
11730 0.0944635 0.8125 433.312 0.380392 0.5 0 0
11740 0.094409 0.8125 434.125 0.380392 0.5 0 0
11750 0.094409 0.8125 434.125 0.380392 0.5 0 0
11760 0.0943351 0.8125 434.938 0.380392 0.5 0 0
11770 0.0943351 0.8125 434.938 0.380392 0.5 0 0
11780 0.0942632 0.75 435.688 0.380392 0.5 0 0
11790 0.0942632 0.75 435.688 0.380392 0.5 0 0
11800 0.0942549 0.6875 436.375 0.380392 0.5 0 0
11810 0.0942549 0.6875 436.375 0.380392 0.5 0 0
11820 0.094191 0.5625 436.938 0.380392 0.5 0 0
11830 0.094191 0.5625 436.938 0.380392 0.5 0 0
11840 0.0935909 0.625 437.562 0.380392 0.5 0 0
11850 0.0935909 0.625 437.562 0.380392 0.5 0 0
11860 0.0941186 0.625 438.188 0.380392 0.5 0 0
11870 0.0941186 0.625 438.188 0.380392 0.5 0 0
11880 0.0942407 0.8125 439 0.376471 0.5 0 0
11890 0.0942407 0.8125 439 0.376471 0.5 0 0
11900 0.094211 0.8125 439.812 0.376471 0.5 0 0
11910 0.094211 0.8125 439.812 0.376471 0.5 0 0
11920 0.0942243 0.875 440.688 0.376471 0.5 0 0
11930 0.0942243 0.875 440.688 0.376471 0.5 0 0
11940 0.0941791 0.875 441.562 0.376471 0.5 0 0
11950 0.0941791 0.875 441.562 0.376471 0.5 0 0
11960 0.0940296 0.875 442.438 0.376471 0.5 0 0
11970 0.0940296 0.875 442.438 0.376471 0.5 0 0
11980 0.0937599 0.875 443.312 0.376471 0.5 0 0
11990 0.0937599 0.875 443.312 0.376471 0.5 0 0
12000 0.0937179 0.8125 444.125 0.376471 0.5 0 0
12010 0.0937179 0.8125 444.125 0.376471 0.5 0 0
12020 0.0936721 0.875 445 0.376471 0.5 0 0
12030 0.0936721 0.875 445 0.376471 0.5 0 0
12040 0.0936122 0.875 445.875 0.376471 0.5 0 0
12050 0.0936122 0.875 445.875 0.372549 0.5 0 0
12060 0.0935129 0.875 446.75 0.372549 0.5 0 0
12070 0.0935129 0.875 446.75 0.376471 0.5 0 0
12080 0.0934824 0.875 447.625 0.372549 0.5 0 0
12090 0.0934824 0.875 447.625 0.372549 0.5 0 0
12100 0.0934556 0.875 448.5 0.372549 0.5 0 0
12110 0.0934556 0.875 448.5 0.372549 0.5 0 0
12120 0.0934721 0.875 449.375 0.372549 0.5 0 0
12130 0.0934721 0.875 449.375 0.372549 0.5 0 0
12140 0.0934967 0.875 450.25 0.372549 0.5 0 0
12150 0.0934967 0.875 450.25 0.372549 0.5 0 0
12160 0.0935246 0.875 451.125 0.372549 0.5 0 0
12170 0.0935246 0.875 451.125 0.372549 0.5 0 0
12180 0.0935502 0.875 452 0.372549 0.5 0 0
12190 0.0935502 0.875 452 0.372549 0.5 0 0
12200 0.0935707 0.9375 452.938 0.372549 0.5 0 0
12210 0.0935707 0.9375 452.938 0.372549 0.5 0 0
12220 0.0935864 0.9375 453.875 0.372549 0.5 0 0
12230 0.0935864 0.9375 453.875 0.372549 0.5 0 0
12240 0.0936025 0.9375 454.812 0.372549 0.5 0 0
12250 0.0936025 0.9375 454.812 0.372549 0.5 0 0
12260 0.0936137 0.9375 455.75 0.372549 0.5 0 0
12270 0.0936137 0.9375 455.75 0.372549 0.5 0 0
12280 0.0936268 0.875 456.625 0.372549 0.5 0 0
12290 0.0936268 0.875 456.625 0.372549 0.5 0 0
12300 0.0934483 0.6875 457.312 0.372549 0.5 0 0
12310 0.0934483 0.6875 457.312 0.372549 0.5 0 0
12320 0.0931844 0.625 457.938 0.372549 0.5 0 0
12330 0.0931844 0.625 457.938 0.372549 0.5 0 0
12340 0.0931362 0.5625 458.5 0.372549 0.5 0 0
12350 0.0931362 0.5625 458.5 0.372549 0.5 0 0
12360 0.0930087 0.6875 459.188 0.372549 0.5 0 0
12370 0.0930087 0.6875 459.188 0.372549 0.5 0 0
12380 0.0929605 0.6875 459.875 0.372549 0.5 0 0
12390 0.0929605 0.6875 459.875 0.372549 0.5 0 0
12400 0.0929235 0.625 460.5 0.372549 0.5 0 0
12410 0.0929235 0.625 460.5 0.372549 0.5 0 0
12420 0.092941 0.75 461.25 0.372549 0.5 0 0
12430 0.092941 0.75 461.25 0.372549 0.5 0 0
12440 0.092914 0.75 462 0.372549 0.5 0 0
12450 0.092914 0.75 462 0.372549 0.5 0 0
12460 0.0929073 0.75 462.75 0.372549 0.5 0 0
12470 0.0929073 0.75 462.75 0.372549 0.5 0 0
12480 0.0929172 0.875 463.625 0.372549 0.5 0 0
12490 0.0929172 0.875 463.625 0.372549 0.5 0 0
12500 0.0929186 0.875 464.5 0.372549 0.5 0 0
12510 0.0929186 0.875 464.5 0.372549 0.5 0 0
12520 0.0929212 0.875 465.375 0.372549 0.5 0 0
12530 0.0929212 0.875 465.375 0.372549 0.5 0 0
12540 0.0929158 0.875 466.25 0.372549 0.5 0 0
12550 0.0929158 0.875 466.25 0.372549 0.5 0 0
12560 0.0929101 0.8125 467.062 0.372549 0.5 0 0
12570 0.0929101 0.8125 467.062 0.372549 0.5 0 0
12580 0.0929182 0.8125 467.875 0.372549 0.5 0 0
12590 0.0929182 0.8125 467.875 0.372549 0.5 0 0
12600 0.0929238 0.6875 468.562 0.372549 0.5 0 0
12610 0.0929238 0.6875 468.562 0.372549 0.5 0 0
12620 0.0929298 0.6875 469.25 0.372549 0.5 0 0
12630 0.0929298 0.6875 469.25 0.372549 0.5 0 0
12640 0.0929391 0.6875 469.938 0.372549 0.5 0 0
12650 0.0929391 0.6875 469.938 0.372549 0.5 0 0
12660 0.0929458 0.6875 470.625 0.372549 0.5 0 0
12670 0.0929458 0.6875 470.625 0.372549 0.5 0 0
12680 0.0929664 0.5625 471.188 0.372549 0.5 0 0
12690 0.0929664 0.5625 471.188 0.372549 0.5 0 0
12700 0.0929802 0.5625 471.75 0.372549 0.5 0 0
12710 0.0929802 0.5625 471.75 0.372549 0.5 0 0
12720 0.093058 0.75 472.5 0.372549 0.5 0 0
12730 0.093058 0.75 472.5 0.372549 0.5 0 0
12740 0.0931324 0.6875 473.188 0.372549 0.5 0 0
12750 0.0931324 0.6875 473.188 0.372549 0.5 0 0
12760 0.0931984 0.6875 473.875 0.372549 0.5 0 0
12770 0.0931984 0.6875 473.875 0.372549 0.5 0 0
12780 0.0932745 0.6875 474.562 0.372549 0.5 0 0
12790 0.0932745 0.6875 474.562 0.372549 0.5 0 0
12800 0.0932513 0.6875 475.25 0.372549 0.5 0 0
12810 0.0932513 0.6875 475.25 0.372549 0.5 0 0
12820 0.0932759 0.75 476 0.372549 0.5 0 0
12830 0.0932759 0.75 476 0.368627 0.5 0 0
12840 0.0933603 0.875 476.875 0.368627 0.5 0 0
12850 0.0933603 0.875 476.875 0.368627 0.5 0 0
12860 0.0933106 0.8125 477.688 0.368627 0.5 0 0
12870 0.0933106 0.8125 477.688 0.372549 0.5 0 0
12880 0.0932571 0.875 478.562 0.368627 0.5 0 0
12890 0.0932571 0.875 478.562 0.372549 0.5 0 0
12900 0.0933008 0.875 479.438 0.372549 0.5 0 0
12910 0.0933008 0.875 479.438 0.372549 0.5 0 0
12920 0.0933333 0.875 480.312 0.376471 0.5 0 0
12930 0.0933333 0.875 480.312 0.376471 0.5 0 0
12940 0.0933238 0.8125 481.125 0.376471 0.5 0 0
12950 0.0933238 0.8125 481.125 0.376471 0.5 0 0
12960 0.0933121 0.6875 481.812 0.376471 0.5 0 0
12970 0.0933121 0.6875 481.812 0.376471 0.5 0 0
12980 0.093341 0.6875 482.5 0.376471 0.5 0 0
12990 0.093341 0.6875 482.5 0.376471 0.5 0 0
13000 0.0933518 0.5625 483.062 0.376471 0.5 0 0
13010 0.0933518 0.5625 483.062 0.376471 0.5 0 0
13020 0.0933689 0.5 483.562 0.376471 0.5 0 0
13030 0.0933689 0.5 483.562 0.376471 0.5 0 0
13040 0.0935184 0.5 484.062 0.372549 0.5 0 0
13050 0.0935184 0.5 484.062 0.376471 0.5 0 0
13060 0.0935203 0.5 484.562 0.376471 0.5 0 0
13070 0.0935203 0.5 484.562 0.376471 0.5 0 0
13080 0.093523 0.625 485.188 0.376471 0.5 0 0
13090 0.093523 0.625 485.188 0.376471 0.5 0 0
13100 0.093509 0.625 485.812 0.376471 0.5 0 0
13110 0.093509 0.625 485.812 0.376471 0.5 0 0
13120 0.0934148 0.5625 486.375 0.376471 0.5 0 0
13130 0.0934148 0.5625 486.375 0.376471 0.5 0 0
13140 0.0929287 0.625 487 0.376471 0.5 0 0
13150 0.0929287 0.625 487 0.376471 0.5 0 0
13160 0.0926206 0.625 487.625 0.376471 0.5 0 0
13170 0.0926206 0.625 487.625 0.380392 0.5 0 0
13180 0.0924709 0.625 488.25 0.380392 0.5 0 0
13190 0.0924709 0.625 488.25 0.380392 0.5 0 0
13200 0.09255 0.625 488.875 0.380392 0.5 0 0
13210 0.09255 0.625 488.875 0.380392 0.5 0 0
13220 0.0926849 0.625 489.5 0.384314 0.5 0 0
13230 0.0926849 0.625 489.5 0.380392 0.5 0 0
13240 0.092645 0.5625 490.062 0.384314 0.5 0 0
13250 0.092645 0.5625 490.062 0.380392 0.5 0 0
13260 0.0924435 0.625 490.688 0.380392 0.5 0 0
13270 0.0924435 0.625 490.688 0.380392 0.5 0 0
13280 0.0923414 0.625 491.312 0.380392 0.5 0 0
13290 0.0923414 0.625 491.312 0.380392 0.5 0 0
13300 0.0921928 0.625 491.938 0.384314 0.5 0 0
13310 0.0921928 0.625 491.938 0.380392 0.5 0 0
13320 0.092 0.625 492.562 0.384314 0.5 0 0
13330 0.092 0.625 492.562 0.384314 0.5 0 0
13340 0.0918402 0.625 493.188 0.384314 0.5 0 0
13350 0.0918402 0.625 493.188 0.384314 0.5 0 0
13360 0.0917627 0.5625 493.75 0.384314 0.5 0 0
13370 0.0917627 0.5625 493.75 0.384314 0.5 0 0
13380 0.0916974 0.5625 494.312 0.384314 0.5 0 0
13390 0.0916974 0.5625 494.312 0.380392 0.5 0 0
13400 0.09165 0.75 495.062 0.384314 0.5 0 0
13410 0.09165 0.75 495.062 0.384314 0.5 0 0
13420 0.0919671 0.8125 495.875 0.384314 0.5 0 0
13430 0.0919671 0.8125 495.875 0.380392 0.5 0 0
13440 0.0920724 0.8125 496.688 0.380392 0.5 0 0
13450 0.0920724 0.8125 496.688 0.384314 0.5 0 0
13460 0.0920072 0.8125 497.5 0.384314 0.5 0 0
13470 0.0920072 0.8125 497.5 0.384314 0.5 0 0
13480 0.0919426 0.8125 498.312 0.384314 0.5 0 0
13490 0.0919426 0.8125 498.312 0.380392 0.5 0 0
13500 0.0919739 0.8125 499.125 0.380392 0.5 0 0
13510 0.0919739 0.8125 499.125 0.380392 0.5 0 0
13520 0.0919447 0.8125 499.938 0.380392 0.5 0 0
13530 0.0919447 0.8125 499.938 0.380392 0.5 0 0
13540 0.0918549 0.8125 500.75 0.380392 0.5 0 0
13550 0.0918549 0.8125 500.75 0.380392 0.5 0 0
13560 0.0929036 0.8125 501.562 0.384314 0.5 0 0
13570 0.0929036 0.8125 501.562 0.380392 0.5 0 0
13580 0.0925588 0.8125 502.375 0.380392 0.5 0 0
13590 0.0925588 0.8125 502.375 0.380392 0.5 0 0
13600 0.0921347 0.8125 503.188 0.376471 0.5 0 0
13610 0.0921347 0.8125 503.188 0.376471 0.5 0 0
13620 0.091909 0.8125 504 0.380392 0.5 0 0
13630 0.091909 0.8125 504 0.380392 0.5 0 0
13640 0.0917904 0.8125 504.812 0.380392 0.5 0 0
13650 0.0917904 0.8125 504.812 0.376471 0.5 0 0
13660 0.0895833 0.8125 505.625 0.380392 0.5 0 0
13670 0.0895833 0.8125 505.625 0.380392 0.5 0 0
13680 0.0883132 0.9375 506.562 0.380392 0.5 0 0
13690 0.0883132 0.9375 506.562 0.380392 0.5 0 0
13700 0.0878288 0.8125 507.375 0.384314 0.5 0 0
13710 0.0878288 0.8125 507.375 0.384314 0.5 0 0
13720 0.0886224 0.875 508.25 0.384314 0.5 0 0
13730 0.0886224 0.875 508.25 0.388235 0.5 0 0
13740 0.0885787 0.8125 509.062 0.388235 0.5 0 0
13750 0.0885787 0.8125 509.062 0.388235 0.5 0 0
13760 0.0884258 0.75 509.812 0.388235 0.5 0 0
13770 0.0884258 0.75 509.812 0.388235 0.5 0 0
13780 0.08839 0.6875 510.5 0.388235 0.5 0 0
13790 0.08839 0.6875 510.5 0.388235 0.5 0 0
13800 0.0883678 0.75 511.25 0.388235 0.5 0 0
13810 0.0883678 0.75 511.25 0.388235 0.5 0 0
13820 0.088354 0.75 512 0.388235 0.5 0 0
13830 0.088354 0.75 512 0.388235 0.5 0 0
13840 0.0883759 0.5625 512.562 0.388235 0.5 0 0
13850 0.0883759 0.5625 512.562 0.388235 0.5 0 0
13860 0.0883671 0.5625 513.125 0.388235 0.5 0 0
13870 0.0883671 0.5625 513.125 0.388235 0.5 0 0
13880 0.0883239 0.8125 513.938 0.388235 0.5 0 0
13890 0.0883239 0.8125 513.938 0.388235 0.5 0 0
13900 0.0883277 0.8125 514.75 0.388235 0.5 0 0
13910 0.0883277 0.8125 514.75 0.388235 0.5 0 0
13920 0.0883205 0.8125 515.562 0.388235 0.5 0 0
13930 0.0883205 0.8125 515.562 0.388235 0.5 0 0
13940 0.0882961 0.8125 516.375 0.388235 0.5 0 0
13950 0.0882961 0.8125 516.375 0.388235 0.5 0 0
13960 0.0882751 0.8125 517.188 0.388235 0.5 0 0
13970 0.0882751 0.8125 517.188 0.388235 0.5 0 0
13980 0.0883103 0.5625 517.75 0.388235 0.5 0 0
13990 0.0883103 0.5625 517.75 0.388235 0.5 0 0
14000 0.0883731 0.6875 518.438 0.388235 0.5 0 0
14010 0.0883731 0.6875 518.438 0.392157 0.5 0 0
14020 0.0883798 0.6875 519.125 0.392157 0.5 0 0
14030 0.0883798 0.6875 519.125 0.388235 0.5 0 0
14040 0.0883788 0.75 519.875 0.388235 0.5 0 0
14050 0.0883788 0.75 519.875 0.388235 0.5 0 0
14060 0.0883409 0.75 520.625 0.388235 0.5 0 0
14070 0.0883409 0.75 520.625 0.388235 0.5 0 0
14080 0.088308 0.75 521.375 0.388235 0.5 0 0
14090 0.088308 0.75 521.375 0.388235 0.5 0 0
14100 0.088296 0.75 522.125 0.392157 0.5 0 0
14110 0.088296 0.75 522.125 0.388235 0.5 0 0
14120 0.088296 0.625 522.75 0.388235 0.5 0 0
14130 0.088296 0.625 522.75 0.388235 0.5 0 0
14140 0.088296 0.625 523.375 0.388235 0.5 0 0
14150 0.088296 0.625 523.375 0.388235 0.5 0 0
14160 0.0882873 0.625 524 0.392157 0.5 0 0
14170 0.0882873 0.625 524 0.392157 0.5 0 0
14180 0.0882879 0.625 524.625 0.392157 0.5 0 0
14190 0.0882879 0.625 524.625 0.388235 0.5 0 0
14200 0.0882546 0.6875 525.312 0.388235 0.5 0 0
14210 0.0882546 0.6875 525.312 0.392157 0.5 0 0
14220 0.0882184 0.625 525.938 0.392157 0.5 0 0
14230 0.0882184 0.625 525.938 0.388235 0.5 0 0
14240 0.0881836 0.75 526.688 0.392157 0.5 0 0
14250 0.0881836 0.75 526.688 0.392157 0.5 0 0
14260 0.0881784 0.75 527.438 0.392157 0.5 0 0
14270 0.0881784 0.75 527.438 0.388235 0.5 0 0
14280 0.0881784 0.75 528.188 0.388235 0.5 0 0
14290 0.0881784 0.75 528.188 0.392157 0.5 0 0
14300 0.0883376 0.8125 529 0.388235 0.5 0 0
14310 0.0883376 0.8125 529 0.388235 0.5 0 0
14320 0.0881851 0.8125 529.812 0.388235 0.5 0 0
14330 0.0881851 0.8125 529.812 0.388235 0.5 0 0
14340 0.0881272 0.8125 530.625 0.388235 0.5 0 0
14350 0.0881272 0.8125 530.625 0.388235 0.5 0 0
14360 0.0880787 0.6875 531.312 0.388235 0.5 0 0
14370 0.0880787 0.6875 531.312 0.388235 0.5 0 0
14380 0.08802 0.75 532.062 0.388235 0.5 0 0
14390 0.08802 0.75 532.062 0.388235 0.5 0 0
14400 0.088067 0.75 532.812 0.388235 0.5 0 0
14410 0.088067 0.75 532.812 0.388235 0.5 0 0
14420 0.0878891 0.6875 533.5 0.388235 0.5 0 0
14430 0.0878891 0.6875 533.5 0.384314 0.5 0 0
14440 0.0876728 0.625 534.125 0.384314 0.5 0 0
14450 0.0876728 0.625 534.125 0.380392 0.5 0 0
14460 0.0873021 0.6875 534.812 0.380392 0.5 0 0
14470 0.0873021 0.6875 534.812 0.380392 0.5 0 0
14480 0.0872556 0.6875 535.5 0.380392 0.5 0 0
14490 0.0872556 0.6875 535.5 0.380392 0.5 0 0
14500 0.0872309 0.6875 536.188 0.380392 0.5 0 0
14510 0.0872309 0.6875 536.188 0.380392 0.5 0 0
14520 0.087445 0.75 536.938 0.380392 0.5 0 0
14530 0.087445 0.75 536.938 0.380392 0.5 0 0
14540 0.0879991 0.75 537.688 0.380392 0.5 0 0
14550 0.0879991 0.75 537.688 0.380392 0.5 0 0
14560 0.0880676 0.6875 538.375 0.380392 0.5 0 0
14570 0.0880676 0.6875 538.375 0.380392 0.5 0 0
14580 0.0880255 0.6875 539.062 0.380392 0.5 0 0
14590 0.0880255 0.6875 539.062 0.376471 0.5 0 0
14600 0.0863065 0.6875 539.75 0.380392 0.5 0 0
14610 0.0863065 0.6875 539.75 0.380392 0.5 0 0
14620 0.0863107 0.6875 540.438 0.380392 0.5 0 0
14630 0.0863107 0.6875 540.438 0.380392 0.5 0 0
14640 0.0863147 0.6875 541.125 0.380392 0.5 0 0
14650 0.0863147 0.6875 541.125 0.380392 0.5 0 0
14660 0.0863192 0.625 541.75 0.376471 0.5 0 0
14670 0.0863192 0.625 541.75 0.380392 0.5 0 0
14680 0.0863205 0.625 542.375 0.380392 0.5 0 0
14690 0.0863205 0.625 542.375 0.380392 0.5 0 0
14700 0.0862902 0.5625 542.938 0.380392 0.5 0 0
14710 0.0862902 0.5625 542.938 0.380392 0.5 0 0
14720 0.08794 0.625 543.562 0.380392 0.5 0 0
14730 0.08794 0.625 543.562 0.380392 0.5 0 0
14740 0.0881206 0.625 544.188 0.380392 0.5 0 0
14750 0.0881206 0.625 544.188 0.380392 0.5 0 0
14760 0.0881142 0.625 544.812 0.380392 0.5 0 0
14770 0.0881142 0.625 544.812 0.380392 0.5 0 0
14780 0.0881093 0.625 545.438 0.380392 0.5 0 0
14790 0.0881093 0.625 545.438 0.380392 0.5 0 0
14800 0.0881045 0.625 546.062 0.380392 0.5 0 0
14810 0.0881045 0.625 546.062 0.380392 0.5 0 0
14820 0.0881025 0.5625 546.625 0.380392 0.5 0 0
14830 0.0881025 0.5625 546.625 0.380392 0.5 0 0
14840 0.0881054 0.5625 547.188 0.380392 0.5 0 0
14850 0.0881054 0.5625 547.188 0.380392 0.5 0 0
14860 0.088114 0.625 547.812 0.380392 0.5 0 0
14870 0.088114 0.625 547.812 0.380392 0.5 0 0
14880 0.0880921 0.625 548.438 0.380392 0.5 0 0
14890 0.0880921 0.625 548.438 0.380392 0.5 0 0
14900 0.088089 0.625 549.062 0.380392 0.5 0 0
14910 0.088089 0.625 549.062 0.380392 0.5 0 0
14920 0.0880874 0.6875 549.75 0.380392 0.5 0 0
14930 0.0880874 0.6875 549.75 0.380392 0.5 0 0
14940 0.0880921 0.6875 550.438 0.384314 0.5 0 0
14950 0.0880921 0.6875 550.438 0.380392 0.5 0 0
14960 0.0881328 0.625 551.062 0.380392 0.5 0 0
14970 0.0881328 0.625 551.062 0.380392 0.5 0 0
14980 0.088121 0.625 551.688 0.380392 0.5 0 0
14990 0.088121 0.625 551.688 0.380392 0.5 0 0
15000 0.0882658 0.4375 552.125 0.380392 0.5 0 0
15010 0.0882658 0.4375 552.125 0.380392 0.5 0 0
15020 0.0884178 0.4375 552.562 0.380392 0.5 0 0
15030 0.0884178 0.4375 552.562 0.380392 0.5 0 0
15040 0.0885513 0.4375 553 0.376471 0.5 0 0
15050 0.0885513 0.4375 553 0.380392 0.5 0 0
15060 0.0885781 0.5625 553.562 0.376471 0.5 0 0
15070 0.0885781 0.5625 553.562 0.380392 0.5 0 0
15080 0.088588 0.5625 554.125 0.380392 0.5 0 0
15090 0.088588 0.5625 554.125 0.380392 0.5 0 0
15100 0.0885927 0.5625 554.688 0.380392 0.5 0 0
15110 0.0885927 0.5625 554.688 0.380392 0.5 0 0
15120 0.0903469 0.625 555.312 0.376471 0.5 0 0
15130 0.0903469 0.625 555.312 0.376471 0.5 0 0
15140 0.0904673 0.625 555.938 0.376471 0.5 0 0
15150 0.0904673 0.625 555.938 0.376471 0.5 0 0
15160 0.0905356 0.625 556.562 0.376471 0.5 0 0
15170 0.0905356 0.625 556.562 0.376471 0.5 0 0
15180 0.0906071 0.75 557.312 0.376471 0.5 0 0
15190 0.0906071 0.75 557.312 0.376471 0.5 0 0
15200 0.0906642 0.75 558.062 0.376471 0.5 0 0
15210 0.0906642 0.75 558.062 0.376471 0.5 0 0
15220 0.0907038 0.75 558.812 0.376471 0.5 0 0
15230 0.0907038 0.75 558.812 0.376471 0.5 0 0
15240 0.0907322 0.875 559.688 0.376471 0.5 0 0
15250 0.0907322 0.875 559.688 0.376471 0.5 0 0
15260 0.0908008 0.875 560.562 0.376471 0.5 0 0
15270 0.0908008 0.875 560.562 0.376471 0.5 0 0
15280 0.090859 0.875 561.438 0.376471 0.5 0 0
15290 0.090859 0.875 561.438 0.376471 0.5 0 0
15300 0.0908922 0.875 562.312 0.376471 0.5 0 0
15310 0.0908922 0.875 562.312 0.376471 0.5 0 0
15320 0.0909089 0.875 563.188 0.376471 0.5 0 0
15330 0.0909089 0.875 563.188 0.376471 0.5 0 0
15340 0.0909242 0.75 563.938 0.376471 0.5 0 0
15350 0.0909242 0.75 563.938 0.376471 0.5 0 0
15360 0.0909476 0.75 564.688 0.376471 0.5 0 0
15370 0.0909476 0.75 564.688 0.376471 0.5 0 0
15380 0.0909662 0.625 565.312 0.376471 0.5 0 0
15390 0.0909662 0.625 565.312 0.376471 0.5 0 0
15400 0.0909901 0.625 565.938 0.376471 0.5 0 0
15410 0.0909901 0.625 565.938 0.376471 0.5 0 0
15420 0.0910143 0.5 566.438 0.376471 0.5 0 0
15430 0.0910143 0.5 566.438 0.376471 0.5 0 0
15440 0.0910363 0.5 566.938 0.376471 0.5 0 0
15450 0.0910363 0.5 566.938 0.376471 0.5 0 0
15460 0.0910807 0.5 567.438 0.376471 0.5 0 0
15470 0.0910807 0.5 567.438 0.376471 0.5 0 0
15480 0.0910829 0.375 567.812 0.376471 0.5 0 0
15490 0.0910829 0.375 567.812 0.376471 0.5 0 0
15500 0.0911044 0.375 568.188 0.376471 0.5 0 0
15510 0.0911044 0.375 568.188 0.376471 0.5 0 0
15520 0.0909875 0.375 568.562 0.376471 0.5 0 0
15530 0.0909875 0.375 568.562 0.376471 0.5 0 0
15540 0.0910222 0.4375 569 0.376471 0.5 0 0
15550 0.0910222 0.4375 569 0.376471 0.5 0 0
15560 0.0910222 0.4375 569.438 0.376471 0.5 0 0
15570 0.0910222 0.4375 569.438 0.376471 0.5 0 0
15580 0.0910222 0.4375 569.875 0.376471 0.5 0 0
15590 0.0910222 0.4375 569.875 0.376471 0.5 0 0
15600 0.0910222 0.4375 570.312 0.376471 0.5 0 0
15610 0.0910222 0.4375 570.312 0.376471 0.5 0 0
15620 0.0909156 0.5625 570.875 0.376471 0.5 0 0
15630 0.0909156 0.5625 570.875 0.376471 0.5 0 0
15640 0.0909897 0.625 571.5 0.376471 0.5 0 0
15650 0.0909897 0.625 571.5 0.372549 0.5 0 0
15660 0.0915857 0.625 572.125 0.372549 0.5 0 0
15670 0.0915857 0.625 572.125 0.376471 0.5 0 0
15680 0.0917568 0.625 572.75 0.376471 0.5 0 0
15690 0.0917568 0.625 572.75 0.376471 0.5 0 0
15700 0.0918145 0.625 573.375 0.376471 0.5 0 0
15710 0.0918145 0.625 573.375 0.376471 0.5 0 0
15720 0.0917636 0.5 573.875 0.372549 0.5 0 0
15730 0.0917636 0.5 573.875 0.372549 0.5 0 0
15740 0.0905932 0.625 574.5 0.368627 0.5 0 0
15750 0.0905932 0.625 574.5 0.368627 0.5 0 0
15760 0.0896215 0.625 575.125 0.368627 0.5 0 0
15770 0.0896215 0.625 575.125 0.368627 0.5 0 0
15780 0.0897176 0.6875 575.812 0.368627 0.5 0 0
15790 0.0897176 0.6875 575.812 0.368627 0.5 0 0
15800 0.0898786 0.75 576.562 0.368627 0.5 0 0
15810 0.0898786 0.75 576.562 0.368627 0.5 0 0
15820 0.0898873 0.75 577.312 0.368627 0.5 0 0
15830 0.0898873 0.75 577.312 0.368627 0.5 0 0
15840 0.0899119 0.75 578.062 0.368627 0.5 0 0
15850 0.0899119 0.75 578.062 0.368627 0.5 0 0
15860 0.0899472 0.75 578.812 0.368627 0.5 0 0
15870 0.0899472 0.75 578.812 0.368627 0.5 0 0
15880 0.0899834 0.75 579.562 0.368627 0.5 0 0
15890 0.0899834 0.75 579.562 0.368627 0.5 0 0
15900 0.0900108 0.6875 580.25 0.368627 0.5 0 0
15910 0.0900108 0.6875 580.25 0.368627 0.5 0 0
15920 0.0904212 0.75 581 0.368627 0.5 0 0
15930 0.0904212 0.75 581 0.372549 0.5 0 0
15940 0.0904725 0.75 581.75 0.372549 0.5 0 0
15950 0.0904725 0.75 581.75 0.372549 0.5 0 0
15960 0.0905332 0.75 582.5 0.372549 0.5 0 0
15970 0.0905332 0.75 582.5 0.372549 0.5 0 0
15980 0.0905914 0.625 583.125 0.372549 0.5 0 0
15990 0.0905914 0.625 583.125 0.372549 0.5 0 0
16000 0.0906472 0.625 583.75 0.372549 0.5 0 0
16010 0.0906472 0.625 583.75 0.372549 0.5 0 0
16020 0.0906976 0.625 584.375 0.372549 0.5 0 0
16030 0.0906976 0.625 584.375 0.372549 0.5 0 0
16040 0.090933 0.4375 584.812 0.372549 0.5 0 0
16050 0.090933 0.4375 584.812 0.372549 0.5 0 0
16060 0.0910694 0.4375 585.25 0.372549 0.5 0 0
16070 0.0910694 0.4375 585.25 0.372549 0.5 0 0
16080 0.0915946 0.4375 585.688 0.368627 0.5 0 0
16090 0.0915946 0.4375 585.688 0.368627 0.5 0 0
16100 0.0909373 0.4375 586.125 0.364706 0.5 0 0
16110 0.0909373 0.4375 586.125 0.360784 0.5 0 0
16120 0.0893769 0.4375 586.562 0.360784 0.5 0 0
16130 0.0893769 0.4375 586.562 0.356863 0.5 0 0
16140 0.08994 0.4375 587 0.360784 0.5 0 0
16150 0.08994 0.4375 587 0.360784 0.5 0 0
16160 0.0897474 0.5 587.5 0.360784 0.5 0 0
16170 0.0897474 0.5 587.5 0.360784 0.5 0 0
16180 0.0887177 0.5 588 0.356863 0.5 0 0
16190 0.0887177 0.5 588 0.356863 0.5 0 0
16200 0.0872888 0.5 588.5 0.356863 0.5 0 0
16210 0.0872888 0.5 588.5 0.356863 0.5 0 0
16220 0.0863734 0.5 589 0.356863 0.5 0 0
16230 0.0863734 0.5 589 0.356863 0.5 0 0
16240 0.0863642 0.5 589.5 0.356863 0.5 0 0
16250 0.0863642 0.5 589.5 0.356863 0.5 0 0
16260 0.08624 0.5 590 0.356863 0.5 0 0
16270 0.08624 0.5 590 0.356863 0.5 0 0
16280 0.0860314 0.375 590.375 0.356863 0.5 0 0
16290 0.0860314 0.375 590.375 0.356863 0.5 0 0
16300 0.0860084 0.5 590.875 0.356863 0.5 0 0
16310 0.0860084 0.5 590.875 0.356863 0.5 0 0
16320 0.0860077 0.5625 591.438 0.356863 0.5 0 0
16330 0.0860077 0.5625 591.438 0.356863 0.5 0 0
16340 0.085999 0.5 591.938 0.356863 0.5 0 0
16350 0.085999 0.5 591.938 0.356863 0.5 0 0
16360 0.0859984 0.5 592.438 0.356863 0.5 0 0
16370 0.0859984 0.5 592.438 0.356863 0.5 0 0
16380 0.0859982 0.5 592.938 0.356863 0.5 0 0
16390 0.0859982 0.5 592.938 0.356863 0.5 0 0
16400 0.0859981 0.5 593.438 0.356863 0.5 0 0
16410 0.0859981 0.5 593.438 0.356863 0.5 0 0
16420 0.085997 0.5 593.938 0.356863 0.5 0 0
16430 0.085997 0.5 593.938 0.356863 0.5 0 0
16440 0.0859963 0.375 594.312 0.356863 0.5 0 0
16450 0.0859963 0.375 594.312 0.356863 0.5 0 0
16460 0.0859962 0.375 594.688 0.356863 0.5 0 0
16470 0.0859962 0.375 594.688 0.356863 0.5 0 0
16480 0.0859962 0.375 595.062 0.356863 0.5 0 0
16490 0.0859962 0.375 595.062 0.356863 0.5 0 0
16500 0.0859962 0.375 595.438 0.356863 0.5 0 0
16510 0.0859962 0.375 595.438 0.356863 0.5 0 0
16520 0.0859936 0.5 595.938 0.356863 0.5 0 0
16530 0.0859936 0.5 595.938 0.356863 0.5 0 0
16540 0.0859928 0.5 596.438 0.356863 0.5 0 0
16550 0.0859928 0.5 596.438 0.356863 0.5 0 0
16560 0.0859566 0.75 597.188 0.356863 0.5 0 0
16570 0.0859566 0.75 597.188 0.356863 0.5 0 0
16580 0.0868473 0.75 597.938 0.356863 0.5 0 0
16590 0.0868473 0.75 597.938 0.360784 0.5 0 0
16600 0.0878359 0.75 598.688 0.360784 0.5 0 0
16610 0.0878359 0.75 598.688 0.360784 0.5 0 0
16620 0.0882674 0.75 599.438 0.360784 0.5 0 0
16630 0.0882674 0.75 599.438 0.356863 0.5 0 0
16640 0.0890949 0.625 600.062 0.360784 0.5 0 0
16650 0.0890949 0.625 600.062 0.360784 0.5 0 0
16660 0.0892332 0.625 600.688 0.360784 0.5 0 0
16670 0.0892332 0.625 600.688 0.360784 0.5 0 0
16680 0.0892016 0.6875 601.375 0.360784 0.5 0 0
16690 0.0892016 0.6875 601.375 0.360784 0.5 0 0
16700 0.0892677 0.5625 601.938 0.360784 0.5 0 0
16710 0.0892677 0.5625 601.938 0.360784 0.5 0 0
16720 0.0892522 0.6875 602.625 0.360784 0.5 0 0
16730 0.0892522 0.6875 602.625 0.360784 0.5 0 0
16740 0.0890355 0.6875 603.312 0.360784 0.5 0 0
16750 0.0890355 0.6875 603.312 0.356863 0.5 0 0
16760 0.088202 0.6875 604 0.356863 0.5 0 0
16770 0.088202 0.6875 604 0.356863 0.5 0 0
16780 0.0866394 0.6875 604.688 0.356863 0.5 0 0
16790 0.0866394 0.6875 604.688 0.356863 0.5 0 0
16800 0.086408 0.5 605.188 0.356863 0.5 0 0
16810 0.086408 0.5 605.188 0.356863 0.5 0 0
16820 0.0864061 0.5 605.688 0.356863 0.5 0 0
16830 0.0864061 0.5 605.688 0.356863 0.5 0 0
16840 0.0862509 0.5 606.188 0.356863 0.5 0 0
16850 0.0862509 0.5 606.188 0.356863 0.5 0 0
16860 0.0860793 0.5 606.688 0.356863 0.5 0 0
16870 0.0860793 0.5 606.688 0.356863 0.5 0 0
16880 0.0860792 0.5 607.188 0.356863 0.5 0 0
16890 0.0860792 0.5 607.188 0.356863 0.5 0 0
16900 0.086079 0.5 607.688 0.356863 0.5 0 0
16910 0.086079 0.5 607.688 0.356863 0.5 0 0
16920 0.0860755 0.5625 608.25 0.356863 0.5 0 0
16930 0.0860755 0.5625 608.25 0.356863 0.5 0 0
16940 0.0860327 0.6875 608.938 0.356863 0.5 0 0
16950 0.0860327 0.6875 608.938 0.356863 0.5 0 0
16960 0.0860199 0.6875 609.625 0.356863 0.5 0 0
16970 0.0860199 0.6875 609.625 0.356863 0.5 0 0
16980 0.0860199 0.6875 610.312 0.356863 0.5 0 0
16990 0.0860199 0.6875 610.312 0.356863 0.5 0 0
17000 0.0860199 0.8125 611.125 0.356863 0.5 0 0
17010 0.0860199 0.8125 611.125 0.356863 0.5 0 0
17020 0.0859674 0.8125 611.938 0.356863 0.5 0 0
17030 0.0859674 0.8125 611.938 0.356863 0.5 0 0
17040 0.0859017 0.875 612.812 0.356863 0.5 0 0
17050 0.0859017 0.875 612.812 0.356863 0.5 0 0
17060 0.0858878 0.875 613.688 0.356863 0.5 0 0
17070 0.0858878 0.875 613.688 0.356863 0.5 0 0
17080 0.0858878 0.875 614.562 0.356863 0.5 0 0
17090 0.0858878 0.875 614.562 0.356863 0.5 0 0
17100 0.0858878 0.75 615.312 0.356863 0.5 0 0
17110 0.0858878 0.75 615.312 0.356863 0.5 0 0
17120 0.0858873 0.75 616.062 0.356863 0.5 0 0
17130 0.0858873 0.75 616.062 0.356863 0.5 0 0
17140 0.0858858 0.875 616.938 0.356863 0.5 0 0
17150 0.0858858 0.875 616.938 0.356863 0.5 0 0
17160 0.0858806 0.9375 617.875 0.356863 0.5 0 0
17170 0.0858806 0.9375 617.875 0.356863 0.5 0 0
17180 0.0858753 0.9375 618.812 0.356863 0.5 0 0
17190 0.0858753 0.9375 618.812 0.356863 0.5 0 0
17200 0.0858751 0.9375 619.75 0.356863 0.5 0 0
17210 0.0858751 0.9375 619.75 0.356863 0.5 0 0
17220 0.0858751 0.9375 620.688 0.356863 0.5 0 0
17230 0.0858751 0.9375 620.688 0.356863 0.5 0 0
17240 0.0858747 0.9375 621.625 0.356863 0.5 0 0
17250 0.0858747 0.9375 621.625 0.356863 0.5 0 0
17260 0.0858739 0.8125 622.438 0.356863 0.5 0 0
17270 0.0858739 0.8125 622.438 0.356863 0.5 0 0
17280 0.0858718 0.875 623.312 0.356863 0.5 0 0
17290 0.0858718 0.875 623.312 0.356863 0.5 0 0
17300 0.0858697 0.9375 624.25 0.356863 0.5 0 0
17310 0.0858697 0.9375 624.25 0.356863 0.5 0 0
17320 0.0858696 0.9375 625.188 0.356863 0.5 0 0
17330 0.0858696 0.9375 625.188 0.356863 0.5 0 0
17340 0.0858692 0.9375 626.125 0.356863 0.5 0 0
17350 0.0858692 0.9375 626.125 0.356863 0.5 0 0
17360 0.0858691 0.9375 627.062 0.356863 0.5 0 0
17370 0.0858691 0.9375 627.062 0.356863 0.5 0 0
17380 0.0858658 0.9375 628 0.356863 0.5 0 0
17390 0.0858658 0.9375 628 0.356863 0.5 0 0
17400 0.0858617 0.9375 628.938 0.356863 0.5 0 0
17410 0.0858617 0.9375 628.938 0.356863 0.5 0 0
17420 0.0858606 0.9375 629.875 0.356863 0.5 0 0
17430 0.0858606 0.9375 629.875 0.356863 0.5 0 0
17440 0.085854 0.9375 630.812 0.356863 0.5 0 0
17450 0.085854 0.9375 630.812 0.356863 0.5 0 0
17460 0.0858472 0.8125 631.625 0.356863 0.5 0 0
17470 0.0858472 0.8125 631.625 0.356863 0.5 0 0
17480 0.0858448 1 632.625 0.356863 0.5 0 0
17490 0.0858448 1 632.625 0.356863 0.5 0 0
17500 0.0858408 1 633.625 0.356863 0.5 0 0
17510 0.0858408 1 633.625 0.356863 0.5 0 0
17520 0.0858389 1 634.625 0.356863 0.5 0 0
17530 0.0858389 1 634.625 0.356863 0.5 0 0
17540 0.0858369 1 635.625 0.356863 0.5 0 0
17550 0.0858369 1 635.625 0.356863 0.5 0 0
17560 0.0858339 1 636.625 0.356863 0.5 0 0
17570 0.0858339 1 636.625 0.356863 0.5 0 0
17580 0.0858286 1 637.625 0.356863 0.5 0 0
17590 0.0858286 1 637.625 0.356863 0.5 0 0
17600 0.0858191 0.8125 638.438 0.356863 0.5 0 0
17610 0.0858191 0.8125 638.438 0.356863 0.5 0 0
17620 0.0858133 0.8125 639.25 0.356863 0.5 0 0
17630 0.0858133 0.8125 639.25 0.356863 0.5 0 0
17640 0.0858116 0.8125 640.062 0.356863 0.5 0 0
17650 0.0858116 0.8125 640.062 0.356863 0.5 0 0
17660 0.0858103 0.8125 640.875 0.356863 0.5 0 0
17670 0.0858103 0.8125 640.875 0.356863 0.5 0 0
17680 0.0858097 0.8125 641.688 0.356863 0.5 0 0
17690 0.0858097 0.8125 641.688 0.356863 0.5 0 0
17700 0.0858062 0.8125 642.5 0.356863 0.5 0 0
17710 0.0858062 0.8125 642.5 0.356863 0.5 0 0
17720 0.0858028 1 643.5 0.356863 0.5 0 0
17730 0.0858028 1 643.5 0.356863 0.5 0 0
17740 0.0857938 1 644.5 0.356863 0.5 0 0
17750 0.0857938 1 644.5 0.356863 0.5 0 0
17760 0.0857914 1 645.5 0.356863 0.5 0 0
17770 0.0857914 1 645.5 0.356863 0.5 0 0
17780 0.0857909 1 646.5 0.356863 0.5 0 0
17790 0.0857909 1 646.5 0.356863 0.5 0 0
17800 0.0857887 0.9375 647.438 0.356863 0.5 0 0
17810 0.0857887 0.9375 647.438 0.356863 0.5 0 0
17820 0.0857851 0.8125 648.25 0.356863 0.5 0 0
17830 0.0857851 0.8125 648.25 0.356863 0.5 0 0
17840 0.0857781 0.6875 648.938 0.356863 0.5 0 0
17850 0.0857781 0.6875 648.938 0.356863 0.5 0 0
17860 0.0857686 0.75 649.688 0.356863 0.5 0 0
17870 0.0857686 0.75 649.688 0.356863 0.5 0 0
17880 0.0857643 0.75 650.438 0.356863 0.5 0 0
17890 0.0857643 0.75 650.438 0.356863 0.5 0 0
17900 0.0857639 0.75 651.188 0.356863 0.5 0 0
17910 0.0857639 0.75 651.188 0.356863 0.5 0 0
17920 0.0857383 0.75 651.938 0.356863 0.5 0 0
17930 0.0857383 0.75 651.938 0.356863 0.5 0 0
17940 0.0857322 0.75 652.688 0.356863 0.5 0 0
17950 0.0857322 0.75 652.688 0.356863 0.5 0 0
17960 0.0857299 0.75 653.438 0.356863 0.5 0 0
17970 0.0857299 0.75 653.438 0.356863 0.5 0 0
17980 0.0857244 0.75 654.188 0.356863 0.5 0 0
17990 0.0857244 0.75 654.188 0.356863 0.5 0 0
18000 0.0857209 0.75 654.938 0.356863 0.5 0 0
18010 0.0857209 0.75 654.938 0.356863 0.5 0 0
18020 0.0857143 0.8125 655.75 0.356863 0.5 0 0
18030 0.0857143 0.8125 655.75 0.356863 0.5 0 0
18040 0.085702 0.9375 656.688 0.356863 0.5 0 0
18050 0.085702 0.9375 656.688 0.356863 0.5 0 0
18060 0.0857 1 657.688 0.356863 0.5 0 0
18070 0.0857 1 657.688 0.356863 0.5 0 0
18080 0.0856997 1 658.688 0.356863 0.5 0 0
18090 0.0856997 1 658.688 0.356863 0.5 0 0
18100 0.0856997 1 659.688 0.356863 0.5 0 0
18110 0.0856997 1 659.688 0.356863 0.5 0 0
18120 0.0856997 1 660.688 0.356863 0.5 0 0
18130 0.0856997 1 660.688 0.356863 0.5 0 0
18140 0.0856987 1 661.688 0.356863 0.5 0 0
18150 0.0856987 1 661.688 0.356863 0.5 0 0
18160 0.085696 0.8125 662.5 0.356863 0.5 0 0
18170 0.085696 0.8125 662.5 0.356863 0.5 0 0
18180 0.0856949 0.75 663.25 0.356863 0.5 0 0
18190 0.0856949 0.75 663.25 0.356863 0.5 0 0
18200 0.0856949 0.75 664 0.356863 0.5 0 0
18210 0.0856949 0.75 664 0.356863 0.5 0 0
18220 0.0856947 0.75 664.75 0.356863 0.5 0 0
18230 0.0856947 0.75 664.75 0.356863 0.5 0 0
18240 0.0856765 0.8125 665.562 0.356863 0.5 0 0
18250 0.0856765 0.8125 665.562 0.356863 0.5 0 0
18260 0.0856759 0.9375 666.5 0.356863 0.5 0 0
18270 0.0856759 0.9375 666.5 0.356863 0.5 0 0
18280 0.0856597 0.9375 667.438 0.356863 0.5 0 0
18290 0.0856597 0.9375 667.438 0.356863 0.5 0 0
18300 0.0856579 0.9375 668.375 0.356863 0.5 0 0
18310 0.0856579 0.9375 668.375 0.356863 0.5 0 0
18320 0.0856576 0.9375 669.312 0.356863 0.5 0 0
18330 0.0856576 0.9375 669.312 0.356863 0.5 0 0
18340 0.0856572 0.875 670.188 0.356863 0.5 0 0
18350 0.0856572 0.875 670.188 0.356863 0.5 0 0
18360 0.0856561 0.9375 671.125 0.356863 0.5 0 0
18370 0.0856561 0.9375 671.125 0.356863 0.5 0 0
18380 0.0856065 0.9375 672.062 0.356863 0.5 0 0
18390 0.0856065 0.9375 672.062 0.356863 0.5 0 0
18400 0.0855784 0.9375 673 0.356863 0.5 0 0
18410 0.0855784 0.9375 673 0.356863 0.5 0 0
18420 0.085577 0.9375 673.938 0.356863 0.5 0 0
18430 0.085577 0.9375 673.938 0.356863 0.5 0 0
18440 0.0855767 0.9375 674.875 0.356863 0.5 0 0
18450 0.0855767 0.9375 674.875 0.356863 0.5 0 0
18460 0.0855764 0.9375 675.812 0.356863 0.5 0 0
18470 0.0855764 0.9375 675.812 0.356863 0.5 0 0
18480 0.0855759 0.875 676.688 0.356863 0.5 0 0
18490 0.0855759 0.875 676.688 0.356863 0.5 0 0
18500 0.0855728 0.8125 677.5 0.356863 0.5 0 0
18510 0.0855728 0.8125 677.5 0.356863 0.5 0 0
18520 0.0855701 0.75 678.25 0.356863 0.5 0 0
18530 0.0855701 0.75 678.25 0.356863 0.5 0 0
18540 0.0855694 0.75 679 0.356863 0.5 0 0
18550 0.0855694 0.75 679 0.356863 0.5 0 0
18560 0.0855691 0.75 679.75 0.356863 0.5 0 0
18570 0.0855691 0.75 679.75 0.356863 0.5 0 0
18580 0.0855688 0.625 680.375 0.356863 0.5 0 0
18590 0.0855688 0.625 680.375 0.356863 0.5 0 0
18600 0.0855668 0.75 681.125 0.356863 0.5 0 0
18610 0.0855668 0.75 681.125 0.356863 0.5 0 0
18620 0.0855621 0.8125 681.938 0.356863 0.5 0 0
18630 0.0855621 0.8125 681.938 0.356863 0.5 0 0
18640 0.085558 0.8125 682.75 0.356863 0.5 0 0
18650 0.085558 0.8125 682.75 0.356863 0.5 0 0
18660 0.0855563 0.8125 683.562 0.356863 0.5 0 0
18670 0.0855563 0.8125 683.562 0.356863 0.5 0 0
18680 0.085556 0.8125 684.375 0.356863 0.5 0 0
18690 0.085556 0.8125 684.375 0.356863 0.5 0 0
18700 0.0855546 0.75 685.125 0.356863 0.5 0 0
18710 0.0855546 0.75 685.125 0.356863 0.5 0 0
18720 0.0855533 0.75 685.875 0.356863 0.5 0 0
18730 0.0855533 0.75 685.875 0.356863 0.5 0 0
18740 0.0855513 0.8125 686.688 0.356863 0.5 0 0
18750 0.0855513 0.8125 686.688 0.356863 0.5 0 0
18760 0.0855428 0.75 687.438 0.356863 0.5 0 0
18770 0.0855428 0.75 687.438 0.356863 0.5 0 0
18780 0.0855403 0.75 688.188 0.356863 0.5 0 0
18790 0.0855403 0.75 688.188 0.356863 0.5 0 0
18800 0.0855393 0.75 688.938 0.356863 0.5 0 0
18810 0.0855393 0.75 688.938 0.356863 0.5 0 0
18820 0.0855388 0.6875 689.625 0.356863 0.5 0 0
18830 0.0855388 0.6875 689.625 0.356863 0.5 0 0
18840 0.0855384 0.5625 690.188 0.356863 0.5 0 0
18850 0.0855384 0.5625 690.188 0.356863 0.5 0 0
18860 0.0855363 0.5625 690.75 0.356863 0.5 0 0
18870 0.0855363 0.5625 690.75 0.356863 0.5 0 0
18880 0.0855351 0.625 691.375 0.356863 0.5 0 0
18890 0.0855351 0.625 691.375 0.356863 0.5 0 0
18900 0.0857927 0.625 692 0.356863 0.5 0 0
18910 0.0857927 0.625 692 0.356863 0.5 0 0
18920 0.0857891 0.625 692.625 0.356863 0.5 0 0
18930 0.0857891 0.625 692.625 0.356863 0.5 0 0
18940 0.0861852 0.625 693.25 0.356863 0.5 0 0
18950 0.0861852 0.625 693.25 0.356863 0.5 0 0
18960 0.0865673 0.625 693.875 0.356863 0.5 0 0
18970 0.0865673 0.625 693.875 0.356863 0.5 0 0
18980 0.0870889 0.625 694.5 0.352941 0.5 0 0
18990 0.0870889 0.625 694.5 0.356863 0.5 0 0
19000 0.0873511 0.75 695.25 0.356863 0.5 0 0
19010 0.0873511 0.75 695.25 0.352941 0.5 0 0
19020 0.0874782 0.875 696.125 0.356863 0.5 0 0
19030 0.0874782 0.875 696.125 0.356863 0.5 0 0
19040 0.0874497 0.875 697 0.356863 0.5 0 0
19050 0.0874497 0.875 697 0.352941 0.5 0 0
19060 0.0870745 0.875 697.875 0.352941 0.5 0 0
19070 0.0870745 0.875 697.875 0.34902 0.5 0 0
19080 0.0864594 0.875 698.75 0.352941 0.5 0 0
19090 0.0864594 0.875 698.75 0.352941 0.5 0 0
19100 0.0860466 0.875 699.625 0.352941 0.5 0 0
19110 0.0860466 0.875 699.625 0.352941 0.5 0 0
19120 0.0858049 0.875 700.5 0.352941 0.5 0 0
19130 0.0858049 0.875 700.5 0.352941 0.5 0 0
19140 0.0850625 0.875 701.375 0.352941 0.5 0 0
19150 0.0850625 0.875 701.375 0.352941 0.5 0 0
19160 0.0840154 0.5 701.875 0.352941 0.5 0 0
19170 0.0840154 0.5 701.875 0.352941 0.5 0 0
19180 0.0836487 0.5 702.375 0.352941 0.5 0 0
19190 0.0836487 0.5 702.375 0.352941 0.5 0 0
19200 0.0833047 0.4375 702.812 0.352941 0.5 0 0
19210 0.0833047 0.4375 702.812 0.352941 0.5 0 0
19220 0.083298 0.4375 703.25 0.352941 0.5 0 0
19230 0.083298 0.4375 703.25 0.352941 0.5 0 0
19240 0.0832947 0.4375 703.688 0.352941 0.5 0 0
19250 0.0832947 0.4375 703.688 0.352941 0.5 0 0
19260 0.0832916 0.5625 704.25 0.352941 0.5 0 0
19270 0.0832916 0.5625 704.25 0.352941 0.5 0 0
19280 0.0832884 0.6875 704.938 0.352941 0.5 0 0
19290 0.0832884 0.6875 704.938 0.352941 0.5 0 0
19300 0.0832872 0.8125 705.75 0.352941 0.5 0 0
19310 0.0832872 0.8125 705.75 0.352941 0.5 0 0
19320 0.0832872 0.75 706.5 0.352941 0.5 0 0
19330 0.0832872 0.75 706.5 0.352941 0.5 0 0
19340 0.0832872 0.875 707.375 0.352941 0.5 0 0
19350 0.0832872 0.875 707.375 0.352941 0.5 0 0
19360 0.0832864 0.875 708.25 0.352941 0.5 0 0
19370 0.0832864 0.875 708.25 0.352941 0.5 0 0
19380 0.083285 0.75 709 0.352941 0.5 0 0
19390 0.083285 0.75 709 0.352941 0.5 0 0
19400 0.0832823 0.6875 709.688 0.352941 0.5 0 0
19410 0.0832823 0.6875 709.688 0.352941 0.5 0 0
19420 0.0832812 0.5625 710.25 0.352941 0.5 0 0
19430 0.0832812 0.5625 710.25 0.352941 0.5 0 0
19440 0.083639 0.5625 710.812 0.352941 0.5 0 0
19450 0.083639 0.5625 710.812 0.352941 0.5 0 0
19460 0.084449 0.5625 711.375 0.352941 0.5 0 0
19470 0.084449 0.5625 711.375 0.352941 0.5 0 0
19480 0.0848106 0.5625 711.938 0.352941 0.5 0 0
19490 0.0848106 0.5625 711.938 0.352941 0.5 0 0
19500 0.085852 0.5625 712.5 0.34902 0.5 0 0
19510 0.085852 0.5625 712.5 0.34902 0.5 0 0
19520 0.0866385 0.5625 713.062 0.34902 0.5 0 0
19530 0.0866385 0.5625 713.062 0.34902 0.5 0 0
19540 0.0868164 0.6875 713.75 0.34902 0.5 0 0
19550 0.0868164 0.6875 713.75 0.34902 0.5 0 0
19560 0.0868188 0.6875 714.438 0.34902 0.5 0 0
19570 0.0868188 0.6875 714.438 0.34902 0.5 0 0
19580 0.0867935 0.625 715.062 0.34902 0.5 0 0
19590 0.0867935 0.625 715.062 0.34902 0.5 0 0
19600 0.0872675 0.625 715.688 0.34902 0.5 0 0
19610 0.0872675 0.625 715.688 0.345098 0.5 0 0
19620 0.0869531 0.625 716.312 0.345098 0.5 0 0
19630 0.0869531 0.625 716.312 0.345098 0.5 0 0
19640 0.0860225 0.625 716.938 0.345098 0.5 0 0
19650 0.0860225 0.625 716.938 0.345098 0.5 0 0
19660 0.0856399 0.625 717.562 0.345098 0.5 0 0
19670 0.0856399 0.625 717.562 0.341176 0.5 0 0
19680 0.0853074 0.5625 718.125 0.341176 0.5 0 0
19690 0.0853074 0.5625 718.125 0.341176 0.5 0 0
19700 0.0841374 0.5625 718.688 0.341176 0.5 0 0
19710 0.0841374 0.5625 718.688 0.341176 0.5 0 0
19720 0.0821951 0.5625 719.25 0.341176 0.5 0 0
19730 0.0821951 0.5625 719.25 0.341176 0.5 0 0
19740 0.0820095 0.5625 719.812 0.345098 0.5 0 0
19750 0.0820095 0.5625 719.812 0.345098 0.5 0 0
19760 0.0825818 0.5 720.312 0.34902 0.5 0 0
19770 0.0825818 0.5 720.312 0.345098 0.5 0 0
19780 0.0836175 0.5625 720.875 0.345098 0.5 0 0
19790 0.0836175 0.5625 720.875 0.345098 0.5 0 0
19800 0.0845998 0.4375 721.312 0.345098 0.5 0 0
19810 0.0845998 0.4375 721.312 0.345098 0.5 0 0
19820 0.0847011 0.5625 721.875 0.34902 0.5 0 0
19830 0.0847011 0.5625 721.875 0.34902 0.5 0 0
19840 0.0849289 0.5 722.375 0.352941 0.5 0 0
19850 0.0849289 0.5 722.375 0.352941 0.5 0 0
19860 0.0850514 0.5625 722.938 0.352941 0.5 0 0
19870 0.0850514 0.5625 722.938 0.352941 0.5 0 0
19880 0.0849431 0.625 723.562 0.352941 0.5 0 0
19890 0.0849431 0.625 723.562 0.34902 0.5 0 0
19900 0.0843694 0.625 724.188 0.345098 0.5 0 0
19910 0.0843694 0.625 724.188 0.341176 0.5 0 0
19920 0.0831405 0.625 724.812 0.337255 0.5 0 0
19930 0.0831405 0.625 724.812 0.333333 0.5 0 0
19940 0.0817145 0.625 725.438 0.333333 0.5 0 0
19950 0.0817145 0.625 725.438 0.341176 0.5 0 0
19960 0.0814512 0.625 726.062 0.341176 0.5 0 0
19970 0.0814512 0.625 726.062 0.345098 0.5 0 0
19980 0.0817726 0.5 726.562 0.352941 0.5 0 0
19990 0.0817726 0.5 726.562 0.360784 0.5 0 0
20000 0.0814894 0.4375 727 0.356863 0.5 0 0
20010 0.0814894 0.4375 727 0.364706 0.5 0 0
