0 0.129736 0 0 0.5 0.5 0 0
10 0.129736 0 0 0.662745 0.5 0 0
20 0.128257 0.3125 0.3125 0.737255 0.5 0 0
30 0.128257 0.3125 0.3125 0.835294 0.5 0 0
40 0.128546 0.3125 0.625 0.72549 0.5 0 0
50 0.128546 0.3125 0.625 0.717647 0.5 0 0
60 0.129007 0.3125 0.9375 0.717647 0.5 0 0
70 0.129007 0.3125 0.9375 0.737255 0.5 0 0
80 0.129781 0.3125 1.25 0.8 0.5 0 0
90 0.129781 0.3125 1.25 0.72549 0.5 0 0
100 0.130017 0.375 1.625 0.647059 0.5 0 0
110 0.130017 0.375 1.625 0.831373 0.5 0 0
120 0.130358 0.25 1.875 0.682353 0.5 0 0
130 0.130358 0.25 1.875 0.819608 0.5 0 0
140 0.13061 0.25 2.125 0.737255 0.5 0 0
150 0.13061 0.25 2.125 0.776471 0.5 0 0
160 0.131709 0.4375 2.5625 0.815686 0.5 0 0
170 0.131709 0.4375 2.5625 0.705882 0.5 0 0
180 0.130576 0.4375 3 0.792157 0.5 0 0
190 0.130576 0.4375 3 0.733333 0.5 0 0
200 0.130322 0.4375 3.4375 0.835294 0.5 0 0
210 0.130322 0.4375 3.4375 0.835294 0.5 0 0
220 0.130668 0.4375 3.875 0.647059 0.5 0 0
230 0.130668 0.4375 3.875 0.662745 0.5 0 0
240 0.130904 0.4375 4.3125 0.717647 0.5 0 0
250 0.130904 0.4375 4.3125 0.623529 0.5 0 0
260 0.131104 0.4375 4.75 0.698039 0.5 0 0
270 0.131104 0.4375 4.75 0.65098 0.5 0 0
280 0.131422 0.4375 5.1875 0.607843 0.5 0 0
290 0.131422 0.4375 5.1875 0.596078 0.5 0 0
300 0.131641 0.4375 5.625 0.635294 0.5 0 0
310 0.131641 0.4375 5.625 0.611765 0.5 0 0
320 0.131507 0.4375 6.0625 0.623529 0.5 0 0
330 0.131507 0.4375 6.0625 0.611765 0.5 0 0
340 0.131428 0.3125 6.375 0.592157 0.5 0 0
350 0.131428 0.3125 6.375 0.623529 0.5 0 0
360 0.131431 0.3125 6.6875 0.611765 0.5 0 0
370 0.131431 0.3125 6.6875 0.619608 0.5 0 0
380 0.131431 0.3125 7 0.631373 0.5 0 0
390 0.131431 0.3125 7 0.603922 0.5 0 0
400 0.131334 0.3125 7.3125 0.611765 0.5 0 0
410 0.131334 0.3125 7.3125 0.623529 0.5 0 0
420 0.130824 0.4375 7.75 0.615686 0.5 0 0
430 0.130824 0.4375 7.75 0.623529 0.5 0 0
440 0.130435 0.4375 8.1875 0.611765 0.5 0 0
450 0.130435 0.4375 8.1875 0.615686 0.5 0 0
460 0.130221 0.375 8.5625 0.603922 0.5 0 0
470 0.130221 0.375 8.5625 0.603922 0.5 0 0
480 0.129921 0.375 8.9375 0.611765 0.5 0 0
490 0.129921 0.375 8.9375 0.6 0.5 0 0
500 0.129702 0.4375 9.375 0.603922 0.5 0 0
510 0.129702 0.4375 9.375 0.635294 0.5 0 0
520 0.129452 0.4375 9.8125 0.611765 0.5 0 0
530 0.129452 0.4375 9.8125 0.607843 0.5 0 0
540 0.129383 0.5 10.3125 0.611765 0.5 0 0
550 0.129383 0.5 10.3125 0.603922 0.5 0 0
560 0.129383 0.5 10.8125 0.6 0.5 0 0
570 0.129383 0.5 10.8125 0.603922 0.5 0 0
580 0.129383 0.5 11.3125 0.607843 0.5 0 0
590 0.129383 0.5 11.3125 0.607843 0.5 0 0
600 0.129383 0.5 11.8125 0.607843 0.5 0 0
610 0.129383 0.5 11.8125 0.619608 0.5 0 0
620 0.129383 0.375 12.1875 0.615686 0.5 0 0
630 0.129383 0.375 12.1875 0.6 0.5 0 0
640 0.129403 0.3125 12.5 0.615686 0.5 0 0
650 0.129403 0.3125 12.5 0.619608 0.5 0 0
660 0.12941 0.3125 12.8125 0.619608 0.5 0 0
670 0.12941 0.3125 12.8125 0.619608 0.5 0 0
680 0.129411 0.1875 13 0.603922 0.5 0 0
690 0.129411 0.1875 13 0.615686 0.5 0 0
700 0.12942 0.3125 13.3125 0.607843 0.5 0 0
710 0.12942 0.3125 13.3125 0.611765 0.5 0 0
720 0.129422 0.3125 13.625 0.619608 0.5 0 0
730 0.129422 0.3125 13.625 0.607843 0.5 0 0
740 0.129422 0.4375 14.0625 0.623529 0.5 0 0
750 0.129422 0.4375 14.0625 0.619608 0.5 0 0
760 0.129422 0.4375 14.5 0.619608 0.5 0 0
770 0.129422 0.4375 14.5 0.603922 0.5 0 0
780 0.129422 0.5 15 0.627451 0.5 0 0
790 0.129422 0.5 15 0.615686 0.5 0 0
800 0.129422 0.5625 15.5625 0.596078 0.5 0 0
810 0.129422 0.5625 15.5625 0.603922 0.5 0 0
820 0.129393 0.5625 16.125 0.611765 0.5 0 0
830 0.129393 0.5625 16.125 0.603922 0.5 0 0
840 0.129254 0.6875 16.8125 0.619608 0.5 0 0
850 0.129254 0.6875 16.8125 0.619608 0.5 0 0
860 0.128915 0.6875 17.5 0.596078 0.5 0 0
870 0.128915 0.6875 17.5 0.603922 0.5 0 0
880 0.1289 0.6875 18.1875 0.6 0.5 0 0
890 0.1289 0.6875 18.1875 0.611765 0.5 0 0
900 0.128898 0.8125 19 0.627451 0.5 0 0
910 0.128898 0.8125 19 0.615686 0.5 0 0
920 0.128842 0.8125 19.8125 0.607843 0.5 0 0
930 0.128842 0.8125 19.8125 0.611765 0.5 0 0
940 0.128837 0.8125 20.625 0.592157 0.5 0 0
950 0.128837 0.8125 20.625 0.611765 0.5 0 0
960 0.128837 0.8125 21.4375 0.627451 0.5 0 0
970 0.128837 0.8125 21.4375 0.611765 0.5 0 0
980 0.128837 0.8125 22.25 0.611765 0.5 0 0
990 0.128837 0.8125 22.25 0.6 0.5 0 0
1000 0.128837 0.8125 23.0625 0.603922 0.5 0 0
1010 0.128837 0.8125 23.0625 0.611765 0.5 0 0
1020 0.128837 0.8125 23.875 0.611765 0.5 0 0
1030 0.128837 0.8125 23.875 0.607843 0.5 0 0
1040 0.128687 0.875 24.75 0.603922 0.5 0 0
1050 0.128687 0.875 24.75 0.611765 0.5 0 0
1060 0.128563 0.875 25.625 0.611765 0.5 0 0
1070 0.128563 0.875 25.625 0.619608 0.5 0 0
1080 0.128559 0.875 26.5 0.607843 0.5 0 0
1090 0.128559 0.875 26.5 0.607843 0.5 0 0
1100 0.128559 0.875 27.375 0.627451 0.5 0 0
1110 0.128559 0.875 27.375 0.603922 0.5 0 0
1120 0.128559 0.875 28.25 0.603922 0.5 0 0
1130 0.128559 0.875 28.25 0.603922 0.5 0 0
1140 0.128559 0.875 29.125 0.6 0.5 0 0
1150 0.128559 0.875 29.125 0.611765 0.5 0 0
1160 0.128558 0.875 30 0.603922 0.5 0 0
1170 0.128558 0.875 30 0.619608 0.5 0 0
1180 0.128551 0.875 30.875 0.607843 0.5 0 0
1190 0.128551 0.875 30.875 0.6 0.5 0 0
1200 0.128536 0.875 31.75 0.596078 0.5 0 0
1210 0.128536 0.875 31.75 0.619608 0.5 0 0
1220 0.12853 0.8125 32.5625 0.611765 0.5 0 0
1230 0.12853 0.8125 32.5625 0.6 0.5 0 0
1240 0.12853 0.875 33.4375 0.603922 0.5 0 0
1250 0.12853 0.875 33.4375 0.627451 0.5 0 0
1260 0.12853 0.6875 34.125 0.611765 0.5 0 0
1270 0.12853 0.6875 34.125 0.619608 0.5 0 0
1280 0.12853 0.6875 34.8125 0.6 0.5 0 0
1290 0.12853 0.6875 34.8125 0.611765 0.5 0 0
1300 0.12843 0.75 35.5625 0.611765 0.5 0 0
1310 0.12843 0.75 35.5625 0.627451 0.5 0 0
1320 0.128223 0.9375 36.5 0.627451 0.5 0 0
1330 0.128223 0.9375 36.5 0.623529 0.5 0 0
1340 0.127958 0.9375 37.4375 0.627451 0.5 0 0
1350 0.127958 0.9375 37.4375 0.607843 0.5 0 0
1360 0.127958 0.9375 38.375 0.6 0.5 0 0
1370 0.127958 0.9375 38.375 0.611765 0.5 0 0
1380 0.127958 0.9375 39.3125 0.6 0.5 0 0
1390 0.127958 0.9375 39.3125 0.619608 0.5 0 0
1400 0.127958 0.9375 40.25 0.607843 0.5 0 0
1410 0.127958 0.9375 40.25 0.611765 0.5 0 0
1420 0.127958 0.875 41.125 0.611765 0.5 0 0
1430 0.127958 0.875 41.125 0.603922 0.5 0 0
1440 0.127958 0.875 42 0.611765 0.5 0 0
1450 0.127958 0.875 42 0.611765 0.5 0 0
1460 0.127958 0.8125 42.8125 0.6 0.5 0 0
1470 0.127958 0.8125 42.8125 0.619608 0.5 0 0
1480 0.127954 0.9375 43.75 0.623529 0.5 0 0
1490 0.127954 0.9375 43.75 0.603922 0.5 0 0
1500 0.127954 0.9375 44.6875 0.615686 0.5 0 0
1510 0.127954 0.9375 44.6875 0.607843 0.5 0 0
1520 0.127954 0.9375 45.625 0.615686 0.5 0 0
1530 0.127954 0.9375 45.625 0.619608 0.5 0 0
1540 0.127954 0.9375 46.5625 0.611765 0.5 0 0
1550 0.127954 0.9375 46.5625 0.611765 0.5 0 0
1560 0.127946 0.9375 47.5 0.627451 0.5 0 0
1570 0.127946 0.9375 47.5 0.611765 0.5 0 0
1580 0.127935 0.9375 48.4375 0.607843 0.5 0 0
1590 0.127935 0.9375 48.4375 0.619608 0.5 0 0
1600 0.127931 0.9375 49.375 0.611765 0.5 0 0
1610 0.127931 0.9375 49.375 0.611765 0.5 0 0
1620 0.127987 0.875 50.25 0.6 0.5 0 0
1630 0.127987 0.875 50.25 0.556863 0.5 0 0
1640 0.128539 0.875 51.125 0.537255 0.5 0 0
1650 0.128539 0.875 51.125 0.529412 0.5 0 0
1660 0.1286 0.9375 52.0625 0.529412 0.5 0 0
1670 0.1286 0.9375 52.0625 0.52549 0.5 0 0
1680 0.128618 1 53.0625 0.529412 0.5 0 0
1690 0.128618 1 53.0625 0.52549 0.5 0 0
1700 0.128633 1 54.0625 0.529412 0.5 0 0
1710 0.128633 1 54.0625 0.52549 0.5 0 0
1720 0.128636 1 55.0625 0.529412 0.5 0 0
1730 0.128636 1 55.0625 0.529412 0.5 0 0
1740 0.12864 1 56.0625 0.52549 0.5 0 0
1750 0.12864 1 56.0625 0.529412 0.5 0 0
1760 0.128653 1 57.0625 0.52549 0.5 0 0
1770 0.128653 1 57.0625 0.529412 0.5 0 0
1780 0.128668 1 58.0625 0.52549 0.5 0 0
1790 0.128668 1 58.0625 0.529412 0.5 0 0
1800 0.128681 1 59.0625 0.533333 0.5 0 0
1810 0.128681 1 59.0625 0.529412 0.5 0 0
1820 0.128694 0.9375 60 0.52549 0.5 0 0
1830 0.128694 0.9375 60 0.52549 0.5 0 0
1840 0.128705 0.9375 60.9375 0.529412 0.5 0 0
1850 0.128705 0.9375 60.9375 0.529412 0.5 0 0
1860 0.128716 0.875 61.8125 0.533333 0.5 0 0
1870 0.128716 0.875 61.8125 0.52549 0.5 0 0
1880 0.128725 0.9375 62.75 0.52549 0.5 0 0
1890 0.128725 0.9375 62.75 0.52549 0.5 0 0
1900 0.12874 0.9375 63.6875 0.52549 0.5 0 0
1910 0.12874 0.9375 63.6875 0.529412 0.5 0 0
1920 0.128756 0.9375 64.625 0.529412 0.5 0 0
1930 0.128756 0.9375 64.625 0.529412 0.5 0 0
1940 0.128763 0.9375 65.5625 0.52549 0.5 0 0
1950 0.128763 0.9375 65.5625 0.529412 0.5 0 0
1960 0.128858 0.9375 66.5 0.529412 0.5 0 0
1970 0.128858 0.9375 66.5 0.52549 0.5 0 0
1980 0.128955 0.9375 67.4375 0.529412 0.5 0 0
1990 0.128955 0.9375 67.4375 0.529412 0.5 0 0
2000 0.129033 0.875 68.3125 0.529412 0.5 0 0
2010 0.129033 0.875 68.3125 0.52549 0.5 0 0
2020 0.129081 0.875 69.1875 0.52549 0.5 0 0
2030 0.129081 0.875 69.1875 0.52549 0.5 0 0
2040 0.129112 0.875 70.0625 0.529412 0.5 0 0
2050 0.129112 0.875 70.0625 0.52549 0.5 0 0
2060 0.129137 0.9375 71 0.52549 0.5 0 0
2070 0.129137 0.9375 71 0.529412 0.5 0 0
2080 0.129189 0.875 71.875 0.52549 0.5 0 0
2090 0.129189 0.875 71.875 0.52549 0.5 0 0
2100 0.129255 0.8125 72.6875 0.529412 0.5 0 0
2110 0.129255 0.8125 72.6875 0.521569 0.5 0 0
2120 0.129292 0.8125 73.5 0.52549 0.5 0 0
2130 0.129292 0.8125 73.5 0.521569 0.5 0 0
2140 0.12962 0.75 74.25 0.529412 0.5 0 0
2150 0.12962 0.75 74.25 0.52549 0.5 0 0
2160 0.129717 0.875 75.125 0.533333 0.5 0 0
2170 0.129717 0.875 75.125 0.52549 0.5 0 0
2180 0.129809 0.875 76 0.529412 0.5 0 0
2190 0.129809 0.875 76 0.52549 0.5 0 0
2200 0.129977 0.875 76.875 0.521569 0.5 0 0
2210 0.129977 0.875 76.875 0.521569 0.5 0 0
2220 0.130425 0.875 77.75 0.517647 0.5 0 0
2230 0.130425 0.875 77.75 0.521569 0.5 0 0
2240 0.130471 0.875 78.625 0.517647 0.5 0 0
2250 0.130471 0.875 78.625 0.513725 0.5 0 0
2260 0.13044 0.8125 79.4375 0.498039 0.5 0 0
2270 0.13044 0.8125 79.4375 0.498039 0.5 0 0
2280 0.130006 0.8125 80.25 0.494118 0.5 0 0
2290 0.130006 0.8125 80.25 0.494118 0.5 0 0
2300 0.129864 0.8125 81.0625 0.494118 0.5 0 0
2310 0.129864 0.8125 81.0625 0.494118 0.5 0 0
2320 0.129855 0.8125 81.875 0.498039 0.5 0 0
2330 0.129855 0.8125 81.875 0.494118 0.5 0 0
2340 0.129855 0.875 82.75 0.498039 0.5 0 0
2350 0.129855 0.875 82.75 0.494118 0.5 0 0
2360 0.129855 0.875 83.625 0.494118 0.5 0 0
2370 0.129855 0.875 83.625 0.498039 0.5 0 0
2380 0.129855 0.9375 84.5625 0.494118 0.5 0 0
2390 0.129855 0.9375 84.5625 0.494118 0.5 0 0
2400 0.129848 0.9375 85.5 0.494118 0.5 0 0
2410 0.129848 0.9375 85.5 0.494118 0.5 0 0
2420 0.129825 0.875 86.375 0.494118 0.5 0 0
2430 0.129825 0.875 86.375 0.494118 0.5 0 0
2440 0.129743 0.5625 86.9375 0.494118 0.5 0 0
2450 0.129743 0.5625 86.9375 0.494118 0.5 0 0
2460 0.129742 0.6875 87.625 0.494118 0.5 0 0
2470 0.129742 0.6875 87.625 0.494118 0.5 0 0
2480 0.129742 0.8125 88.4375 0.494118 0.5 0 0
2490 0.129742 0.8125 88.4375 0.494118 0.5 0 0
2500 0.129742 0.9375 89.375 0.494118 0.5 0 0
2510 0.129742 0.9375 89.375 0.494118 0.5 0 0
2520 0.129742 0.9375 90.3125 0.494118 0.5 0 0
2530 0.129742 0.9375 90.3125 0.494118 0.5 0 0
2540 0.129742 0.875 91.1875 0.494118 0.5 0 0
2550 0.129742 0.875 91.1875 0.494118 0.5 0 0
2560 0.129742 0.875 92.0625 0.494118 0.5 0 0
2570 0.129742 0.875 92.0625 0.494118 0.5 0 0
2580 0.129646 0.6875 92.75 0.494118 0.5 0 0
2590 0.129646 0.6875 92.75 0.494118 0.5 0 0
2600 0.12949 0.6875 93.4375 0.494118 0.5 0 0
2610 0.12949 0.6875 93.4375 0.494118 0.5 0 0
2620 0.129491 0.75 94.1875 0.498039 0.5 0 0
2630 0.129491 0.75 94.1875 0.494118 0.5 0 0
2640 0.129491 0.625 94.8125 0.494118 0.5 0 0
2650 0.129491 0.625 94.8125 0.494118 0.5 0 0
2660 0.129628 0.75 95.5625 0.501961 0.5 0 0
2670 0.129628 0.75 95.5625 0.501961 0.5 0 0
2680 0.129698 0.75 96.3125 0.501961 0.5 0 0
2690 0.129698 0.75 96.3125 0.505882 0.5 0 0
2700 0.129698 0.875 97.1875 0.505882 0.5 0 0
2710 0.129698 0.875 97.1875 0.505882 0.5 0 0
2720 0.129698 0.875 98.0625 0.505882 0.5 0 0
2730 0.129698 0.875 98.0625 0.501961 0.5 0 0
2740 0.129708 0.875 98.9375 0.501961 0.5 0 0
2750 0.129708 0.875 98.9375 0.505882 0.5 0 0
2760 0.129733 0.75 99.6875 0.505882 0.5 0 0
2770 0.129733 0.75 99.6875 0.505882 0.5 0 0
2780 0.129759 0.8125 100.5 0.505882 0.5 0 0
2790 0.129759 0.8125 100.5 0.509804 0.5 0 0
2800 0.129816 0.6875 101.188 0.505882 0.5 0 0
2810 0.129816 0.6875 101.188 0.501961 0.5 0 0
2820 0.130315 0.625 101.812 0.505882 0.5 0 0
2830 0.130315 0.625 101.812 0.501961 0.5 0 0
2840 0.131086 0.6875 102.5 0.494118 0.5 0 0
2850 0.131086 0.6875 102.5 0.486275 0.5 0 0
2860 0.131879 0.6875 103.188 0.494118 0.5 0 0
2870 0.131879 0.6875 103.188 0.498039 0.5 0 0
2880 0.132063 0.6875 103.875 0.494118 0.5 0 0
2890 0.132063 0.6875 103.875 0.498039 0.5 0 0
2900 0.132779 0.6875 104.562 0.494118 0.5 0 0
2910 0.132779 0.6875 104.562 0.494118 0.5 0 0
2920 0.133052 0.6875 105.25 0.490196 0.5 0 0
2930 0.133052 0.6875 105.25 0.482353 0.5 0 0
2940 0.132886 0.6875 105.938 0.470588 0.5 0 0
2950 0.132886 0.6875 105.938 0.462745 0.5 0 0
2960 0.131866 0.75 106.688 0.462745 0.5 0 0
2970 0.131866 0.75 106.688 0.45098 0.5 0 0
2980 0.131116 0.75 107.438 0.454902 0.5 0 0
2990 0.131116 0.75 107.438 0.45098 0.5 0 0
3000 0.131174 0.8125 108.25 0.454902 0.5 0 0
3010 0.131174 0.8125 108.25 0.45098 0.5 0 0
3020 0.131231 0.8125 109.062 0.454902 0.5 0 0
3030 0.131231 0.8125 109.062 0.454902 0.5 0 0
3040 0.131231 0.8125 109.875 0.45098 0.5 0 0
3050 0.131231 0.8125 109.875 0.454902 0.5 0 0
3060 0.131183 0.8125 110.688 0.454902 0.5 0 0
3070 0.131183 0.8125 110.688 0.454902 0.5 0 0
3080 0.131183 0.8125 111.5 0.454902 0.5 0 0
3090 0.131183 0.8125 111.5 0.45098 0.5 0 0
3100 0.131185 0.875 112.375 0.454902 0.5 0 0
3110 0.131185 0.875 112.375 0.454902 0.5 0 0
3120 0.131187 0.8125 113.188 0.454902 0.5 0 0
3130 0.131187 0.8125 113.188 0.45098 0.5 0 0
3140 0.131187 0.8125 114 0.45098 0.5 0 0
3150 0.131187 0.8125 114 0.454902 0.5 0 0
3160 0.131187 0.8125 114.812 0.454902 0.5 0 0
3170 0.131187 0.8125 114.812 0.454902 0.5 0 0
3180 0.1311 0.875 115.688 0.45098 0.5 0 0
3190 0.1311 0.875 115.688 0.454902 0.5 0 0
3200 0.130793 0.875 116.562 0.45098 0.5 0 0
3210 0.130793 0.875 116.562 0.454902 0.5 0 0
3220 0.130432 0.875 117.438 0.454902 0.5 0 0
3230 0.130432 0.875 117.438 0.454902 0.5 0 0
3240 0.130195 0.8125 118.25 0.454902 0.5 0 0
3250 0.130195 0.8125 118.25 0.45098 0.5 0 0
3260 0.130195 0.8125 119.062 0.454902 0.5 0 0
3270 0.130195 0.8125 119.062 0.454902 0.5 0 0
3280 0.129655 0.875 119.938 0.454902 0.5 0 0
3290 0.129655 0.875 119.938 0.454902 0.5 0 0
3300 0.129478 0.8125 120.75 0.45098 0.5 0 0
3310 0.129478 0.8125 120.75 0.454902 0.5 0 0
3320 0.129478 0.6875 121.438 0.454902 0.5 0 0
3330 0.129478 0.6875 121.438 0.454902 0.5 0 0
3340 0.129481 0.6875 122.125 0.45098 0.5 0 0
3350 0.129481 0.6875 122.125 0.454902 0.5 0 0
3360 0.129268 0.625 122.75 0.454902 0.5 0 0
3370 0.129268 0.625 122.75 0.454902 0.5 0 0
3380 0.129264 0.625 123.375 0.45098 0.5 0 0
3390 0.129264 0.625 123.375 0.45098 0.5 0 0
3400 0.129264 0.625 124 0.454902 0.5 0 0
3410 0.129264 0.625 124 0.454902 0.5 0 0
3420 0.129264 0.5 124.5 0.45098 0.5 0 0
3430 0.129264 0.5 124.5 0.454902 0.5 0 0
3440 0.129265 0.625 125.125 0.454902 0.5 0 0
3450 0.129265 0.625 125.125 0.454902 0.5 0 0
3460 0.129866 0.6875 125.812 0.454902 0.5 0 0
3470 0.129866 0.6875 125.812 0.458824 0.5 0 0
3480 0.130305 0.75 126.562 0.458824 0.5 0 0
3490 0.130305 0.75 126.562 0.458824 0.5 0 0
3500 0.130602 0.625 127.188 0.454902 0.5 0 0
3510 0.130602 0.625 127.188 0.45098 0.5 0 0
3520 0.13145 0.625 127.812 0.447059 0.5 0 0
3530 0.13145 0.625 127.812 0.443137 0.5 0 0
3540 0.132329 0.625 128.438 0.439216 0.5 0 0
3550 0.132329 0.625 128.438 0.443137 0.5 0 0
3560 0.132681 0.75 129.188 0.443137 0.5 0 0
3570 0.132681 0.75 129.188 0.443137 0.5 0 0
3580 0.132667 0.6875 129.875 0.443137 0.5 0 0
3590 0.132667 0.6875 129.875 0.443137 0.5 0 0
3600 0.133098 0.5625 130.438 0.443137 0.5 0 0
3610 0.133098 0.5625 130.438 0.443137 0.5 0 0
3620 0.133205 0.6875 131.125 0.439216 0.5 0 0
3630 0.133205 0.6875 131.125 0.431373 0.5 0 0
3640 0.132429 0.75 131.875 0.427451 0.5 0 0
3650 0.132429 0.75 131.875 0.427451 0.5 0 0
3660 0.131469 0.75 132.625 0.427451 0.5 0 0
3670 0.131469 0.75 132.625 0.427451 0.5 0 0
3680 0.131366 0.6875 133.312 0.427451 0.5 0 0
3690 0.131366 0.6875 133.312 0.427451 0.5 0 0
3700 0.131366 0.6875 134 0.427451 0.5 0 0
3710 0.131366 0.6875 134 0.427451 0.5 0 0
3720 0.131359 0.5625 134.562 0.427451 0.5 0 0
3730 0.131359 0.5625 134.562 0.427451 0.5 0 0
3740 0.131359 0.4375 135 0.427451 0.5 0 0
3750 0.131359 0.4375 135 0.427451 0.5 0 0
3760 0.131359 0.5 135.5 0.427451 0.5 0 0
3770 0.131359 0.5 135.5 0.427451 0.5 0 0
3780 0.131359 0.5 136 0.427451 0.5 0 0
3790 0.131359 0.5 136 0.427451 0.5 0 0
3800 0.131351 0.625 136.625 0.427451 0.5 0 0
3810 0.131351 0.625 136.625 0.427451 0.5 0 0
3820 0.130785 0.625 137.25 0.431373 0.5 0 0
3830 0.130785 0.625 137.25 0.427451 0.5 0 0
3840 0.130529 0.625 137.875 0.427451 0.5 0 0
3850 0.130529 0.625 137.875 0.427451 0.5 0 0
3860 0.130017 0.625 138.5 0.427451 0.5 0 0
3870 0.130017 0.625 138.5 0.427451 0.5 0 0
3880 0.129984 0.625 139.125 0.427451 0.5 0 0
3890 0.129984 0.625 139.125 0.427451 0.5 0 0
3900 0.129668 0.625 139.75 0.427451 0.5 0 0
3910 0.129668 0.625 139.75 0.427451 0.5 0 0
3920 0.12946 0.5625 140.312 0.431373 0.5 0 0
3930 0.12946 0.5625 140.312 0.427451 0.5 0 0
3940 0.129441 0.5625 140.875 0.427451 0.5 0 0
3950 0.129441 0.5625 140.875 0.427451 0.5 0 0
3960 0.129441 0.5 141.375 0.427451 0.5 0 0
3970 0.129441 0.5 141.375 0.427451 0.5 0 0
3980 0.129441 0.625 142 0.427451 0.5 0 0
3990 0.129441 0.625 142 0.427451 0.5 0 0
4000 0.129441 0.625 142.625 0.427451 0.5 0 0
4010 0.129441 0.625 142.625 0.427451 0.5 0 0
4020 0.129441 0.625 143.25 0.427451 0.5 0 0
4030 0.129441 0.625 143.25 0.427451 0.5 0 0
4040 0.129441 0.625 143.875 0.427451 0.5 0 0
4050 0.129441 0.625 143.875 0.427451 0.5 0 0
4060 0.129441 0.5 144.375 0.427451 0.5 0 0
4070 0.129441 0.5 144.375 0.427451 0.5 0 0
4080 0.129441 0.375 144.75 0.427451 0.5 0 0
4090 0.129441 0.375 144.75 0.427451 0.5 0 0
4100 0.130302 0.5 145.25 0.431373 0.5 0 0
4110 0.130302 0.5 145.25 0.435294 0.5 0 0
4120 0.130805 0.5 145.75 0.435294 0.5 0 0
4130 0.130805 0.5 145.75 0.435294 0.5 0 0
4140 0.130814 0.5 146.25 0.439216 0.5 0 0
4150 0.130814 0.5 146.25 0.435294 0.5 0 0
4160 0.131169 0.5 146.75 0.435294 0.5 0 0
4170 0.131169 0.5 146.75 0.431373 0.5 0 0
4180 0.13114 0.5625 147.312 0.431373 0.5 0 0
4190 0.13114 0.5625 147.312 0.431373 0.5 0 0
4200 0.131725 0.5625 147.875 0.431373 0.5 0 0
4210 0.131725 0.5625 147.875 0.435294 0.5 0 0
4220 0.132536 0.3125 148.188 0.435294 0.5 0 0
4230 0.132536 0.3125 148.188 0.431373 0.5 0 0
4240 0.132821 0.5 148.688 0.431373 0.5 0 0
4250 0.132821 0.5 148.688 0.427451 0.5 0 0
4260 0.1317 0.5625 149.25 0.423529 0.5 0 0
4270 0.1317 0.5625 149.25 0.419608 0.5 0 0
4280 0.132019 0.5625 149.812 0.419608 0.5 0 0
4290 0.132019 0.5625 149.812 0.419608 0.5 0 0
4300 0.131666 0.5 150.312 0.415686 0.5 0 0
4310 0.131666 0.5 150.312 0.415686 0.5 0 0
4320 0.131156 0.5625 150.875 0.411765 0.5 0 0
4330 0.131156 0.5625 150.875 0.415686 0.5 0 0
4340 0.131273 0.5625 151.438 0.411765 0.5 0 0
4350 0.131273 0.5625 151.438 0.411765 0.5 0 0
4360 0.131207 0.5 151.938 0.411765 0.5 0 0
4370 0.131207 0.5 151.938 0.411765 0.5 0 0
4380 0.131134 0.4375 152.375 0.411765 0.5 0 0
4390 0.131134 0.4375 152.375 0.411765 0.5 0 0
4400 0.130865 0.4375 152.812 0.411765 0.5 0 0
4410 0.130865 0.4375 152.812 0.411765 0.5 0 0
4420 0.130854 0.4375 153.25 0.411765 0.5 0 0
4430 0.130854 0.4375 153.25 0.411765 0.5 0 0
4440 0.130413 0.4375 153.688 0.411765 0.5 0 0
4450 0.130413 0.4375 153.688 0.411765 0.5 0 0
4460 0.130274 0.4375 154.125 0.411765 0.5 0 0
4470 0.130274 0.4375 154.125 0.411765 0.5 0 0
4480 0.129872 0.4375 154.562 0.411765 0.5 0 0
4490 0.129872 0.4375 154.562 0.415686 0.5 0 0
4500 0.129786 0.4375 155 0.411765 0.5 0 0
4510 0.129786 0.4375 155 0.411765 0.5 0 0
4520 0.129773 0.375 155.375 0.411765 0.5 0 0
4530 0.129773 0.375 155.375 0.411765 0.5 0 0
4540 0.129727 0.375 155.75 0.411765 0.5 0 0
4550 0.129727 0.375 155.75 0.411765 0.5 0 0
4560 0.129684 0.375 156.125 0.411765 0.5 0 0
4570 0.129684 0.375 156.125 0.411765 0.5 0 0
4580 0.129684 0.375 156.5 0.411765 0.5 0 0
4590 0.129684 0.375 156.5 0.411765 0.5 0 0
4600 0.129684 0.5 157 0.411765 0.5 0 0
4610 0.129684 0.5 157 0.411765 0.5 0 0
4620 0.129543 0.5 157.5 0.411765 0.5 0 0
4630 0.129543 0.5 157.5 0.411765 0.5 0 0
4640 0.129965 0.5 158 0.411765 0.5 0 0
4650 0.129965 0.5 158 0.411765 0.5 0 0
4660 0.13061 0.5 158.5 0.411765 0.5 0 0
4670 0.13061 0.5 158.5 0.411765 0.5 0 0
4680 0.13109 0.5 159 0.411765 0.5 0 0
4690 0.13109 0.5 159 0.411765 0.5 0 0
4700 0.131606 0.5 159.5 0.407843 0.5 0 0
4710 0.131606 0.5 159.5 0.407843 0.5 0 0
4720 0.131744 0.4375 159.938 0.403922 0.5 0 0
4730 0.131744 0.4375 159.938 0.403922 0.5 0 0
4740 0.130937 0.5 160.438 0.403922 0.5 0 0
4750 0.130937 0.5 160.438 0.403922 0.5 0 0
4760 0.129306 0.5625 161 0.403922 0.5 0 0
4770 0.129306 0.5625 161 0.403922 0.5 0 0
4780 0.124309 0.5625 161.562 0.403922 0.5 0 0
4790 0.124309 0.5625 161.562 0.403922 0.5 0 0
4800 0.123566 0.5625 162.125 0.403922 0.5 0 0
4810 0.123566 0.5625 162.125 0.403922 0.5 0 0
4820 0.123274 0.5625 162.688 0.403922 0.5 0 0
4830 0.123274 0.5625 162.688 0.403922 0.5 0 0
4840 0.122975 0.5625 163.25 0.403922 0.5 0 0
4850 0.122975 0.5625 163.25 0.403922 0.5 0 0
4860 0.122826 0.5625 163.812 0.403922 0.5 0 0
4870 0.122826 0.5625 163.812 0.403922 0.5 0 0
4880 0.122378 0.5625 164.375 0.403922 0.5 0 0
4890 0.122378 0.5625 164.375 0.403922 0.5 0 0
4900 0.12224 0.5625 164.938 0.403922 0.5 0 0
4910 0.12224 0.5625 164.938 0.403922 0.5 0 0
4920 0.12201 0.5625 165.5 0.403922 0.5 0 0
4930 0.12201 0.5625 165.5 0.403922 0.5 0 0
4940 0.121985 0.625 166.125 0.403922 0.5 0 0
4950 0.121985 0.625 166.125 0.403922 0.5 0 0
4960 0.121962 0.625 166.75 0.403922 0.5 0 0
4970 0.121962 0.625 166.75 0.403922 0.5 0 0
4980 0.121665 0.625 167.375 0.403922 0.5 0 0
4990 0.121665 0.625 167.375 0.403922 0.5 0 0
5000 0.12014 0.625 168 0.403922 0.5 0 0
5010 0.12014 0.625 168 0.403922 0.5 0 0
5020 0.119138 0.625 168.625 0.403922 0.5 0 0
5030 0.119138 0.625 168.625 0.403922 0.5 0 0
5040 0.118549 0.625 169.25 0.403922 0.5 0 0
5050 0.118549 0.625 169.25 0.403922 0.5 0 0
5060 0.117996 0.625 169.875 0.403922 0.5 0 0
5070 0.117996 0.625 169.875 0.403922 0.5 0 0
5080 0.11784 0.625 170.5 0.403922 0.5 0 0
5090 0.11784 0.625 170.5 0.403922 0.5 0 0
5100 0.11772 0.625 171.125 0.403922 0.5 0 0
5110 0.11772 0.625 171.125 0.403922 0.5 0 0
5120 0.117465 0.5 171.625 0.403922 0.5 0 0
5130 0.117465 0.5 171.625 0.403922 0.5 0 0
5140 0.117335 0.625 172.25 0.403922 0.5 0 0
5150 0.117335 0.625 172.25 0.403922 0.5 0 0
5160 0.117328 0.625 172.875 0.403922 0.5 0 0
5170 0.117328 0.625 172.875 0.403922 0.5 0 0
5180 0.117323 0.75 173.625 0.403922 0.5 0 0
5190 0.117323 0.75 173.625 0.403922 0.5 0 0
5200 0.117319 1 174.625 0.403922 0.5 0 0
5210 0.117319 1 174.625 0.403922 0.5 0 0
5220 0.117291 1 175.625 0.403922 0.5 0 0
5230 0.117291 1 175.625 0.403922 0.5 0 0
5240 0.117259 1 176.625 0.403922 0.5 0 0
5250 0.117259 1 176.625 0.403922 0.5 0 0
5260 0.117232 0.9375 177.562 0.403922 0.5 0 0
5270 0.117232 0.9375 177.562 0.403922 0.5 0 0
5280 0.117204 1 178.562 0.403922 0.5 0 0
5290 0.117204 1 178.562 0.403922 0.5 0 0
5300 0.117196 1 179.562 0.403922 0.5 0 0
5310 0.117196 1 179.562 0.403922 0.5 0 0
5320 0.117178 0.6875 180.25 0.403922 0.5 0 0
5330 0.117178 0.6875 180.25 0.403922 0.5 0 0
5340 0.117034 0.75 181 0.403922 0.5 0 0
5350 0.117034 0.75 181 0.403922 0.5 0 0
5360 0.116912 0.625 181.625 0.403922 0.5 0 0
5370 0.116912 0.625 181.625 0.403922 0.5 0 0
5380 0.116758 0.5 182.125 0.403922 0.5 0 0
5390 0.116758 0.5 182.125 0.403922 0.5 0 0
5400 0.116758 0.5 182.625 0.403922 0.5 0 0
5410 0.116758 0.5 182.625 0.403922 0.5 0 0
5420 0.116758 0.5 183.125 0.403922 0.5 0 0
5430 0.116758 0.5 183.125 0.403922 0.5 0 0
5440 0.116746 0.5625 183.688 0.403922 0.5 0 0
5450 0.116746 0.5625 183.688 0.403922 0.5 0 0
5460 0.116689 0.5625 184.25 0.403922 0.5 0 0
5470 0.116689 0.5625 184.25 0.403922 0.5 0 0
5480 0.116676 0.5625 184.812 0.407843 0.5 0 0
5490 0.116676 0.5625 184.812 0.403922 0.5 0 0
5500 0.116676 0.6875 185.5 0.407843 0.5 0 0
5510 0.116676 0.6875 185.5 0.403922 0.5 0 0
5520 0.116676 0.75 186.25 0.403922 0.5 0 0
5530 0.116676 0.75 186.25 0.403922 0.5 0 0
5540 0.116676 0.75 187 0.403922 0.5 0 0
5550 0.116676 0.75 187 0.403922 0.5 0 0
5560 0.116662 0.75 187.75 0.403922 0.5 0 0
5570 0.116662 0.75 187.75 0.403922 0.5 0 0
5580 0.116589 0.6875 188.438 0.403922 0.5 0 0
5590 0.116589 0.6875 188.438 0.407843 0.5 0 0
5600 0.116315 0.625 189.062 0.407843 0.5 0 0
5610 0.116315 0.625 189.062 0.407843 0.5 0 0
5620 0.117228 0.625 189.688 0.407843 0.5 0 0
5630 0.117228 0.625 189.688 0.407843 0.5 0 0
5640 0.117331 0.6875 190.375 0.407843 0.5 0 0
5650 0.117331 0.6875 190.375 0.407843 0.5 0 0
5660 0.117331 0.6875 191.062 0.407843 0.5 0 0
5670 0.117331 0.6875 191.062 0.407843 0.5 0 0
5680 0.117331 0.6875 191.75 0.407843 0.5 0 0
5690 0.117331 0.6875 191.75 0.407843 0.5 0 0
5700 0.117217 0.625 192.375 0.407843 0.5 0 0
5710 0.117217 0.625 192.375 0.407843 0.5 0 0
5720 0.117049 0.625 193 0.407843 0.5 0 0
5730 0.117049 0.625 193 0.407843 0.5 0 0
5740 0.117018 0.5 193.5 0.407843 0.5 0 0
5750 0.117018 0.5 193.5 0.407843 0.5 0 0
5760 0.117015 0.625 194.125 0.407843 0.5 0 0
5770 0.117015 0.625 194.125 0.407843 0.5 0 0
5780 0.11686 0.6875 194.812 0.407843 0.5 0 0
5790 0.11686 0.6875 194.812 0.407843 0.5 0 0
5800 0.116793 0.75 195.562 0.407843 0.5 0 0
5810 0.116793 0.75 195.562 0.403922 0.5 0 0
5820 0.116766 0.75 196.312 0.403922 0.5 0 0
5830 0.116766 0.75 196.312 0.407843 0.5 0 0
5840 0.116739 0.75 197.062 0.407843 0.5 0 0
5850 0.116739 0.75 197.062 0.403922 0.5 0 0
5860 0.116704 0.625 197.688 0.403922 0.5 0 0
5870 0.116704 0.625 197.688 0.403922 0.5 0 0
5880 0.116649 0.4375 198.125 0.403922 0.5 0 0
5890 0.116649 0.4375 198.125 0.403922 0.5 0 0
5900 0.116636 0.625 198.75 0.403922 0.5 0 0
5910 0.116636 0.625 198.75 0.403922 0.5 0 0
5920 0.116617 0.75 199.5 0.403922 0.5 0 0
5930 0.116617 0.75 199.5 0.403922 0.5 0 0
5940 0.116599 0.8125 200.312 0.403922 0.5 0 0
5950 0.116599 0.8125 200.312 0.403922 0.5 0 0
5960 0.116581 0.8125 201.125 0.403922 0.5 0 0
5970 0.116581 0.8125 201.125 0.4 0.5 0 0
5980 0.116566 0.8125 201.938 0.403922 0.5 0 0
5990 0.116566 0.8125 201.938 0.403922 0.5 0 0
6000 0.116549 0.8125 202.75 0.403922 0.5 0 0
6010 0.116549 0.8125 202.75 0.403922 0.5 0 0
6020 0.116534 0.8125 203.562 0.4 0.5 0 0
6030 0.116534 0.8125 203.562 0.403922 0.5 0 0
6040 0.116522 0.6875 204.25 0.4 0.5 0 0
6050 0.116522 0.6875 204.25 0.4 0.5 0 0
6060 0.116512 0.6875 204.938 0.403922 0.5 0 0
6070 0.116512 0.6875 204.938 0.403922 0.5 0 0
6080 0.116488 0.6875 205.625 0.403922 0.5 0 0
6090 0.116488 0.6875 205.625 0.4 0.5 0 0
6100 0.11646 0.75 206.375 0.4 0.5 0 0
6110 0.11646 0.75 206.375 0.4 0.5 0 0
6120 0.116432 0.75 207.125 0.4 0.5 0 0
6130 0.116432 0.75 207.125 0.4 0.5 0 0
6140 0.11639 0.75 207.875 0.4 0.5 0 0
6150 0.11639 0.75 207.875 0.4 0.5 0 0
6160 0.116346 0.8125 208.688 0.4 0.5 0 0
6170 0.116346 0.8125 208.688 0.4 0.5 0 0
6180 0.11636 0.75 209.438 0.4 0.5 0 0
6190 0.11636 0.75 209.438 0.4 0.5 0 0
6200 0.116349 0.75 210.188 0.4 0.5 0 0
6210 0.116349 0.75 210.188 0.4 0.5 0 0
6220 0.116339 0.875 211.062 0.4 0.5 0 0
6230 0.116339 0.875 211.062 0.4 0.5 0 0
6240 0.116337 0.9375 212 0.4 0.5 0 0
6250 0.116337 0.9375 212 0.4 0.5 0 0
6260 0.116335 1 213 0.4 0.5 0 0
6270 0.116335 1 213 0.4 0.5 0 0
6280 0.116361 0.875 213.875 0.4 0.5 0 0
6290 0.116361 0.875 213.875 0.4 0.5 0 0
6300 0.116335 0.8125 214.688 0.4 0.5 0 0
6310 0.116335 0.8125 214.688 0.4 0.5 0 0
6320 0.11631 0.875 215.562 0.4 0.5 0 0
6330 0.11631 0.875 215.562 0.4 0.5 0 0
6340 0.116284 0.9375 216.5 0.4 0.5 0 0
6350 0.116284 0.9375 216.5 0.4 0.5 0 0
6360 0.116259 0.875 217.375 0.4 0.5 0 0
6370 0.116259 0.875 217.375 0.4 0.5 0 0
6380 0.116229 0.875 218.25 0.4 0.5 0 0
6390 0.116229 0.875 218.25 0.4 0.5 0 0
6400 0.116203 0.875 219.125 0.4 0.5 0 0
6410 0.116203 0.875 219.125 0.4 0.5 0 0
6420 0.116177 0.8125 219.938 0.4 0.5 0 0
6430 0.116177 0.8125 219.938 0.4 0.5 0 0
6440 0.116152 0.8125 220.75 0.4 0.5 0 0
6450 0.116152 0.8125 220.75 0.4 0.5 0 0
6460 0.116134 0.75 221.5 0.4 0.5 0 0
6470 0.116134 0.75 221.5 0.4 0.5 0 0
6480 0.116485 0.75 222.25 0.403922 0.5 0 0
6490 0.116485 0.75 222.25 0.403922 0.5 0 0
6500 0.11693 0.5625 222.812 0.403922 0.5 0 0
6510 0.11693 0.5625 222.812 0.403922 0.5 0 0
6520 0.117099 0.5 223.312 0.403922 0.5 0 0
6530 0.117099 0.5 223.312 0.403922 0.5 0 0
6540 0.117635 0.5 223.812 0.403922 0.5 0 0
6550 0.117635 0.5 223.812 0.4 0.5 0 0
6560 0.117853 0.5 224.312 0.4 0.5 0 0
6570 0.117853 0.5 224.312 0.4 0.5 0 0
6580 0.117761 0.5 224.812 0.4 0.5 0 0
6590 0.117761 0.5 224.812 0.4 0.5 0 0
6600 0.117577 0.5 225.312 0.4 0.5 0 0
6610 0.117577 0.5 225.312 0.396078 0.5 0 0
6620 0.117299 0.5625 225.875 0.396078 0.5 0 0
6630 0.117299 0.5625 225.875 0.396078 0.5 0 0
6640 0.11708 0.75 226.625 0.396078 0.5 0 0
6650 0.11708 0.75 226.625 0.396078 0.5 0 0
6660 0.116996 0.8125 227.438 0.396078 0.5 0 0
6670 0.116996 0.8125 227.438 0.396078 0.5 0 0
6680 0.116965 0.8125 228.25 0.396078 0.5 0 0
6690 0.116965 0.8125 228.25 0.396078 0.5 0 0
6700 0.116939 0.8125 229.062 0.396078 0.5 0 0
6710 0.116939 0.8125 229.062 0.396078 0.5 0 0
6720 0.116915 0.8125 229.875 0.396078 0.5 0 0
6730 0.116915 0.8125 229.875 0.396078 0.5 0 0
6740 0.116904 0.625 230.5 0.396078 0.5 0 0
6750 0.116904 0.625 230.5 0.396078 0.5 0 0
6760 0.116894 0.625 231.125 0.396078 0.5 0 0
6770 0.116894 0.625 231.125 0.396078 0.5 0 0
6780 0.116884 0.5625 231.688 0.396078 0.5 0 0
6790 0.116884 0.5625 231.688 0.396078 0.5 0 0
6800 0.116873 0.5625 232.25 0.396078 0.5 0 0
6810 0.116873 0.5625 232.25 0.396078 0.5 0 0
6820 0.116796 0.375 232.625 0.396078 0.5 0 0
6830 0.116796 0.375 232.625 0.396078 0.5 0 0
6840 0.116595 0.5 233.125 0.396078 0.5 0 0
6850 0.116595 0.5 233.125 0.396078 0.5 0 0
6860 0.115854 0.5 233.625 0.396078 0.5 0 0
6870 0.115854 0.5 233.625 0.396078 0.5 0 0
6880 0.115499 0.625 234.25 0.396078 0.5 0 0
6890 0.115499 0.625 234.25 0.396078 0.5 0 0
6900 0.115497 0.75 235 0.396078 0.5 0 0
6910 0.115497 0.75 235 0.396078 0.5 0 0
6920 0.115497 0.75 235.75 0.396078 0.5 0 0
6930 0.115497 0.75 235.75 0.396078 0.5 0 0
6940 0.115497 0.75 236.5 0.396078 0.5 0 0
6950 0.115497 0.75 236.5 0.396078 0.5 0 0
6960 0.115497 0.75 237.25 0.396078 0.5 0 0
6970 0.115497 0.75 237.25 0.396078 0.5 0 0
6980 0.115497 0.75 238 0.396078 0.5 0 0
6990 0.115497 0.75 238 0.396078 0.5 0 0
7000 0.115497 0.75 238.75 0.396078 0.5 0 0
7010 0.115497 0.75 238.75 0.396078 0.5 0 0
7020 0.115497 0.6875 239.438 0.396078 0.5 0 0
7030 0.115497 0.6875 239.438 0.396078 0.5 0 0
7040 0.115497 0.75 240.188 0.396078 0.5 0 0
7050 0.115497 0.75 240.188 0.396078 0.5 0 0
7060 0.115497 0.6875 240.875 0.396078 0.5 0 0
7070 0.115497 0.6875 240.875 0.396078 0.5 0 0
7080 0.115497 0.8125 241.688 0.396078 0.5 0 0
7090 0.115497 0.8125 241.688 0.396078 0.5 0 0
7100 0.115497 0.875 242.562 0.396078 0.5 0 0
7110 0.115497 0.875 242.562 0.396078 0.5 0 0
7120 0.115497 0.875 243.438 0.396078 0.5 0 0
7130 0.115497 0.875 243.438 0.396078 0.5 0 0
7140 0.115497 0.875 244.312 0.396078 0.5 0 0
7150 0.115497 0.875 244.312 0.396078 0.5 0 0
7160 0.115497 0.875 245.188 0.396078 0.5 0 0
7170 0.115497 0.875 245.188 0.396078 0.5 0 0
7180 0.115497 0.8125 246 0.396078 0.5 0 0
7190 0.115497 0.8125 246 0.396078 0.5 0 0
7200 0.115497 0.8125 246.812 0.396078 0.5 0 0
7210 0.115497 0.8125 246.812 0.396078 0.5 0 0
7220 0.115497 0.75 247.562 0.396078 0.5 0 0
7230 0.115497 0.75 247.562 0.396078 0.5 0 0
7240 0.115497 0.875 248.438 0.396078 0.5 0 0
7250 0.115497 0.875 248.438 0.396078 0.5 0 0
7260 0.115497 0.8125 249.25 0.396078 0.5 0 0
7270 0.115497 0.8125 249.25 0.396078 0.5 0 0
7280 0.115497 0.8125 250.062 0.396078 0.5 0 0
7290 0.115497 0.8125 250.062 0.396078 0.5 0 0
7300 0.115497 0.8125 250.875 0.396078 0.5 0 0
7310 0.115497 0.8125 250.875 0.396078 0.5 0 0
7320 0.115497 0.8125 251.688 0.396078 0.5 0 0
7330 0.115497 0.8125 251.688 0.396078 0.5 0 0
7340 0.115497 0.875 252.562 0.396078 0.5 0 0
7350 0.115497 0.875 252.562 0.396078 0.5 0 0
7360 0.115497 0.875 253.438 0.396078 0.5 0 0
7370 0.115497 0.875 253.438 0.396078 0.5 0 0
7380 0.115497 0.875 254.312 0.396078 0.5 0 0
7390 0.115497 0.875 254.312 0.396078 0.5 0 0
7400 0.115497 0.9375 255.25 0.396078 0.5 0 0
7410 0.115497 0.9375 255.25 0.396078 0.5 0 0
7420 0.115497 0.9375 256.188 0.396078 0.5 0 0
7430 0.115497 0.9375 256.188 0.396078 0.5 0 0
7440 0.115497 0.9375 257.125 0.396078 0.5 0 0
7450 0.115497 0.9375 257.125 0.396078 0.5 0 0
7460 0.115497 0.625 257.75 0.396078 0.5 0 0
7470 0.115497 0.625 257.75 0.396078 0.5 0 0
7480 0.115497 0.8125 258.562 0.396078 0.5 0 0
7490 0.115497 0.8125 258.562 0.396078 0.5 0 0
7500 0.115497 0.8125 259.375 0.396078 0.5 0 0
7510 0.115497 0.8125 259.375 0.396078 0.5 0 0
7520 0.115497 0.8125 260.188 0.396078 0.5 0 0
7530 0.115497 0.8125 260.188 0.396078 0.5 0 0
7540 0.115497 0.8125 261 0.396078 0.5 0 0
7550 0.115497 0.8125 261 0.396078 0.5 0 0
7560 0.115497 0.875 261.875 0.396078 0.5 0 0
7570 0.115497 0.875 261.875 0.396078 0.5 0 0
7580 0.115497 0.6875 262.562 0.396078 0.5 0 0
7590 0.115497 0.6875 262.562 0.396078 0.5 0 0
7600 0.115497 0.8125 263.375 0.396078 0.5 0 0
7610 0.115497 0.8125 263.375 0.396078 0.5 0 0
7620 0.115497 0.75 264.125 0.396078 0.5 0 0
7630 0.115497 0.75 264.125 0.396078 0.5 0 0
7640 0.115497 0.8125 264.938 0.396078 0.5 0 0
7650 0.115497 0.8125 264.938 0.396078 0.5 0 0
7660 0.115497 0.8125 265.75 0.396078 0.5 0 0
7670 0.115497 0.8125 265.75 0.396078 0.5 0 0
7680 0.115497 0.875 266.625 0.396078 0.5 0 0
7690 0.115497 0.875 266.625 0.396078 0.5 0 0
7700 0.115497 0.875 267.5 0.396078 0.5 0 0
7710 0.115497 0.875 267.5 0.396078 0.5 0 0
7720 0.115497 0.875 268.375 0.396078 0.5 0 0
7730 0.115497 0.875 268.375 0.396078 0.5 0 0
7740 0.115497 0.875 269.25 0.396078 0.5 0 0
7750 0.115497 0.875 269.25 0.396078 0.5 0 0
7760 0.115497 0.875 270.125 0.396078 0.5 0 0
7770 0.115497 0.875 270.125 0.396078 0.5 0 0
7780 0.115497 0.875 271 0.396078 0.5 0 0
7790 0.115497 0.875 271 0.396078 0.5 0 0
7800 0.115497 0.625 271.625 0.396078 0.5 0 0
7810 0.115497 0.625 271.625 0.396078 0.5 0 0
7820 0.115497 0.8125 272.438 0.396078 0.5 0 0
7830 0.115497 0.8125 272.438 0.396078 0.5 0 0
7840 0.115497 0.875 273.312 0.396078 0.5 0 0
7850 0.115497 0.875 273.312 0.396078 0.5 0 0
7860 0.115497 0.875 274.188 0.396078 0.5 0 0
7870 0.115497 0.875 274.188 0.396078 0.5 0 0
7880 0.115858 0.9375 275.125 0.396078 0.5 0 0
7890 0.115858 0.9375 275.125 0.396078 0.5 0 0
7900 0.116823 0.9375 276.062 0.396078 0.5 0 0
7910 0.116823 0.9375 276.062 0.396078 0.5 0 0
7920 0.117348 0.75 276.812 0.396078 0.5 0 0
7930 0.117348 0.75 276.812 0.396078 0.5 0 0
7940 0.117378 0.6875 277.5 0.396078 0.5 0 0
7950 0.117378 0.6875 277.5 0.396078 0.5 0 0
7960 0.117427 0.8125 278.312 0.4 0.5 0 0
7970 0.117427 0.8125 278.312 0.4 0.5 0 0
7980 0.118246 0.8125 279.125 0.4 0.5 0 0
7990 0.118246 0.8125 279.125 0.403922 0.5 0 0
8000 0.11861 0.6875 279.812 0.403922 0.5 0 0
8010 0.11861 0.6875 279.812 0.403922 0.5 0 0
8020 0.118593 0.8125 280.625 0.4 0.5 0 0
8030 0.118593 0.8125 280.625 0.4 0.5 0 0
8040 0.118459 0.875 281.5 0.4 0.5 0 0
8050 0.118459 0.875 281.5 0.4 0.5 0 0
8060 0.118365 0.875 282.375 0.4 0.5 0 0
8070 0.118365 0.875 282.375 0.4 0.5 0 0
8080 0.118318 0.875 283.25 0.396078 0.5 0 0
8090 0.118318 0.875 283.25 0.4 0.5 0 0
8100 0.118236 0.875 284.125 0.4 0.5 0 0
8110 0.118236 0.875 284.125 0.396078 0.5 0 0
8120 0.118118 0.875 285 0.4 0.5 0 0
8130 0.118118 0.875 285 0.396078 0.5 0 0
8140 0.118003 0.8125 285.812 0.396078 0.5 0 0
8150 0.118003 0.8125 285.812 0.396078 0.5 0 0
8160 0.117887 0.6875 286.5 0.396078 0.5 0 0
8170 0.117887 0.6875 286.5 0.396078 0.5 0 0
8180 0.117778 0.75 287.25 0.396078 0.5 0 0
8190 0.117778 0.75 287.25 0.396078 0.5 0 0
8200 0.117676 0.75 288 0.396078 0.5 0 0
8210 0.117676 0.75 288 0.396078 0.5 0 0
8220 0.11757 0.8125 288.812 0.396078 0.5 0 0
8230 0.11757 0.8125 288.812 0.396078 0.5 0 0
8240 0.117453 0.8125 289.625 0.392157 0.5 0 0
8250 0.117453 0.8125 289.625 0.392157 0.5 0 0
8260 0.117353 0.8125 290.438 0.392157 0.5 0 0
8270 0.117353 0.8125 290.438 0.392157 0.5 0 0
8280 0.117261 0.8125 291.25 0.392157 0.5 0 0
8290 0.117261 0.8125 291.25 0.392157 0.5 0 0
8300 0.117185 0.8125 292.062 0.392157 0.5 0 0
8310 0.117185 0.8125 292.062 0.392157 0.5 0 0
8320 0.117017 0.8125 292.875 0.392157 0.5 0 0
8330 0.117017 0.8125 292.875 0.392157 0.5 0 0
8340 0.116945 0.8125 293.688 0.392157 0.5 0 0
8350 0.116945 0.8125 293.688 0.392157 0.5 0 0
8360 0.116882 0.8125 294.5 0.392157 0.5 0 0
8370 0.116882 0.8125 294.5 0.388235 0.5 0 0
8380 0.116821 0.8125 295.312 0.388235 0.5 0 0
8390 0.116821 0.8125 295.312 0.388235 0.5 0 0
8400 0.116758 0.8125 296.125 0.388235 0.5 0 0
8410 0.116758 0.8125 296.125 0.392157 0.5 0 0
8420 0.116705 0.9375 297.062 0.392157 0.5 0 0
8430 0.116705 0.9375 297.062 0.388235 0.5 0 0
8440 0.116653 0.9375 298 0.392157 0.5 0 0
8450 0.116653 0.9375 298 0.392157 0.5 0 0
8460 0.116604 0.9375 298.938 0.388235 0.5 0 0
8470 0.116604 0.9375 298.938 0.392157 0.5 0 0
8480 0.116561 0.9375 299.875 0.388235 0.5 0 0
8490 0.116561 0.9375 299.875 0.392157 0.5 0 0
8500 0.116515 0.9375 300.812 0.392157 0.5 0 0
8510 0.116515 0.9375 300.812 0.392157 0.5 0 0
8520 0.116461 0.9375 301.75 0.392157 0.5 0 0
8530 0.116461 0.9375 301.75 0.392157 0.5 0 0
8540 0.116408 0.8125 302.562 0.392157 0.5 0 0
8550 0.116408 0.8125 302.562 0.392157 0.5 0 0
8560 0.116359 0.875 303.438 0.392157 0.5 0 0
8570 0.116359 0.875 303.438 0.392157 0.5 0 0
8580 0.116303 0.875 304.312 0.392157 0.5 0 0
8590 0.116303 0.875 304.312 0.392157 0.5 0 0
8600 0.116295 0.875 305.188 0.392157 0.5 0 0
8610 0.116295 0.875 305.188 0.392157 0.5 0 0
8620 0.116295 0.875 306.062 0.392157 0.5 0 0
8630 0.116295 0.875 306.062 0.392157 0.5 0 0
8640 0.116283 0.875 306.938 0.392157 0.5 0 0
8650 0.116283 0.875 306.938 0.392157 0.5 0 0
8660 0.116279 0.875 307.812 0.392157 0.5 0 0
8670 0.116279 0.875 307.812 0.392157 0.5 0 0
8680 0.116263 0.9375 308.75 0.392157 0.5 0 0
8690 0.116263 0.9375 308.75 0.392157 0.5 0 0
8700 0.116249 0.9375 309.688 0.388235 0.5 0 0
8710 0.116249 0.9375 309.688 0.388235 0.5 0 0
8720 0.116235 0.9375 310.625 0.392157 0.5 0 0
8730 0.116235 0.9375 310.625 0.392157 0.5 0 0
8740 0.116222 0.9375 311.562 0.388235 0.5 0 0
8750 0.116222 0.9375 311.562 0.392157 0.5 0 0
8760 0.116133 0.75 312.312 0.392157 0.5 0 0
8770 0.116133 0.75 312.312 0.392157 0.5 0 0
8780 0.115997 0.75 313.062 0.392157 0.5 0 0
8790 0.115997 0.75 313.062 0.392157 0.5 0 0
8800 0.115927 0.6875 313.75 0.392157 0.5 0 0
8810 0.115927 0.6875 313.75 0.392157 0.5 0 0
8820 0.115922 0.8125 314.562 0.392157 0.5 0 0
8830 0.115922 0.8125 314.562 0.392157 0.5 0 0
8840 0.115661 0.875 315.438 0.392157 0.5 0 0
8850 0.115661 0.875 315.438 0.392157 0.5 0 0
8860 0.11536 0.875 316.312 0.392157 0.5 0 0
8870 0.11536 0.875 316.312 0.392157 0.5 0 0
8880 0.115286 0.875 317.188 0.392157 0.5 0 0
8890 0.115286 0.875 317.188 0.392157 0.5 0 0
8900 0.115286 0.8125 318 0.392157 0.5 0 0
8910 0.115286 0.8125 318 0.392157 0.5 0 0
8920 0.115286 0.875 318.875 0.392157 0.5 0 0
8930 0.115286 0.875 318.875 0.392157 0.5 0 0
8940 0.11528 0.875 319.75 0.392157 0.5 0 0
8950 0.11528 0.875 319.75 0.392157 0.5 0 0
8960 0.114933 0.875 320.625 0.392157 0.5 0 0
8970 0.114933 0.875 320.625 0.392157 0.5 0 0
8980 0.114242 0.75 321.375 0.392157 0.5 0 0
8990 0.114242 0.75 321.375 0.392157 0.5 0 0
9000 0.114229 0.8125 322.188 0.392157 0.5 0 0
9010 0.114229 0.8125 322.188 0.392157 0.5 0 0
9020 0.114195 0.8125 323 0.392157 0.5 0 0
9030 0.114195 0.8125 323 0.392157 0.5 0 0
9040 0.114182 0.8125 323.812 0.392157 0.5 0 0
9050 0.114182 0.8125 323.812 0.392157 0.5 0 0
9060 0.114169 0.8125 324.625 0.392157 0.5 0 0
9070 0.114169 0.8125 324.625 0.392157 0.5 0 0
9080 0.114164 0.8125 325.438 0.392157 0.5 0 0
9090 0.114164 0.8125 325.438 0.392157 0.5 0 0
9100 0.114159 0.8125 326.25 0.392157 0.5 0 0
9110 0.114159 0.8125 326.25 0.392157 0.5 0 0
9120 0.114124 0.8125 327.062 0.392157 0.5 0 0
9130 0.114124 0.8125 327.062 0.392157 0.5 0 0
9140 0.114091 0.8125 327.875 0.392157 0.5 0 0
9150 0.114091 0.8125 327.875 0.392157 0.5 0 0
9160 0.114091 0.8125 328.688 0.392157 0.5 0 0
9170 0.114091 0.8125 328.688 0.392157 0.5 0 0
9180 0.114091 0.8125 329.5 0.392157 0.5 0 0
9190 0.114091 0.8125 329.5 0.392157 0.5 0 0
9200 0.114091 0.8125 330.312 0.392157 0.5 0 0
9210 0.114091 0.8125 330.312 0.392157 0.5 0 0
9220 0.114091 0.875 331.188 0.392157 0.5 0 0
9230 0.114091 0.875 331.188 0.392157 0.5 0 0
9240 0.114048 0.875 332.062 0.392157 0.5 0 0
9250 0.114048 0.875 332.062 0.392157 0.5 0 0
9260 0.114008 0.875 332.938 0.392157 0.5 0 0
9270 0.114008 0.875 332.938 0.392157 0.5 0 0
9280 0.114003 0.75 333.688 0.392157 0.5 0 0
9290 0.114003 0.75 333.688 0.392157 0.5 0 0
9300 0.114003 0.875 334.562 0.392157 0.5 0 0
9310 0.114003 0.875 334.562 0.392157 0.5 0 0
9320 0.114003 0.875 335.438 0.392157 0.5 0 0
9330 0.114003 0.875 335.438 0.392157 0.5 0 0
9340 0.114 0.875 336.312 0.392157 0.5 0 0
9350 0.114 0.875 336.312 0.392157 0.5 0 0
9360 0.113976 0.875 337.188 0.392157 0.5 0 0
9370 0.113976 0.875 337.188 0.392157 0.5 0 0
9380 0.113953 0.8125 338 0.392157 0.5 0 0
9390 0.113953 0.8125 338 0.392157 0.5 0 0
9400 0.113924 0.875 338.875 0.392157 0.5 0 0
9410 0.113924 0.875 338.875 0.392157 0.5 0 0
9420 0.113922 0.75 339.625 0.392157 0.5 0 0
9430 0.113922 0.75 339.625 0.392157 0.5 0 0
9440 0.113605 0.8125 340.438 0.392157 0.5 0 0
9450 0.113605 0.8125 340.438 0.392157 0.5 0 0
9460 0.113359 0.8125 341.25 0.392157 0.5 0 0
9470 0.113359 0.8125 341.25 0.392157 0.5 0 0
9480 0.113359 0.8125 342.062 0.392157 0.5 0 0
9490 0.113359 0.8125 342.062 0.392157 0.5 0 0
9500 0.113359 0.8125 342.875 0.392157 0.5 0 0
9510 0.113359 0.8125 342.875 0.392157 0.5 0 0
9520 0.113359 0.8125 343.688 0.392157 0.5 0 0
9530 0.113359 0.8125 343.688 0.392157 0.5 0 0
9540 0.113359 0.8125 344.5 0.392157 0.5 0 0
9550 0.113359 0.8125 344.5 0.392157 0.5 0 0
9560 0.113353 0.75 345.25 0.392157 0.5 0 0
9570 0.113353 0.75 345.25 0.392157 0.5 0 0
9580 0.113329 0.75 346 0.392157 0.5 0 0
9590 0.113329 0.75 346 0.392157 0.5 0 0
9600 0.113309 0.75 346.75 0.392157 0.5 0 0
9610 0.113309 0.75 346.75 0.392157 0.5 0 0
9620 0.113309 0.6875 347.438 0.392157 0.5 0 0
9630 0.113309 0.6875 347.438 0.392157 0.5 0 0
9640 0.113309 0.6875 348.125 0.392157 0.5 0 0
9650 0.113309 0.6875 348.125 0.392157 0.5 0 0
9660 0.113309 0.75 348.875 0.392157 0.5 0 0
9670 0.113309 0.75 348.875 0.392157 0.5 0 0
9680 0.113292 0.75 349.625 0.392157 0.5 0 0
9690 0.113292 0.75 349.625 0.392157 0.5 0 0
9700 0.113256 0.6875 350.312 0.392157 0.5 0 0
9710 0.113256 0.6875 350.312 0.392157 0.5 0 0
9720 0.113233 0.6875 351 0.392157 0.5 0 0
9730 0.113233 0.6875 351 0.392157 0.5 0 0
9740 0.113233 0.6875 351.688 0.392157 0.5 0 0
9750 0.113233 0.6875 351.688 0.392157 0.5 0 0
9760 0.113217 0.6875 352.375 0.392157 0.5 0 0
9770 0.113217 0.6875 352.375 0.392157 0.5 0 0
9780 0.113205 0.6875 353.062 0.392157 0.5 0 0
9790 0.113205 0.6875 353.062 0.392157 0.5 0 0
9800 0.113066 0.8125 353.875 0.392157 0.5 0 0
9810 0.113066 0.8125 353.875 0.392157 0.5 0 0
9820 0.112631 0.8125 354.688 0.392157 0.5 0 0
9830 0.112631 0.8125 354.688 0.392157 0.5 0 0
9840 0.112484 0.8125 355.5 0.392157 0.5 0 0
9850 0.112484 0.8125 355.5 0.392157 0.5 0 0
9860 0.112472 0.8125 356.312 0.392157 0.5 0 0
9870 0.112472 0.8125 356.312 0.392157 0.5 0 0
9880 0.112472 0.8125 357.125 0.392157 0.5 0 0
9890 0.112472 0.8125 357.125 0.392157 0.5 0 0
9900 0.112472 0.875 358 0.392157 0.5 0 0
9910 0.112472 0.875 358 0.392157 0.5 0 0
9920 0.112456 0.875 358.875 0.392157 0.5 0 0
9930 0.112456 0.875 358.875 0.392157 0.5 0 0
9940 0.112396 0.875 359.75 0.392157 0.5 0 0
9950 0.112396 0.875 359.75 0.392157 0.5 0 0
9960 0.112355 0.8125 360.562 0.392157 0.5 0 0
9970 0.112355 0.8125 360.562 0.392157 0.5 0 0
9980 0.112352 0.8125 361.375 0.392157 0.5 0 0
9990 0.112352 0.8125 361.375 0.392157 0.5 0 0
10000 0.112348 0.8125 362.188 0.392157 0.5 0 0
10010 0.112348 0.8125 362.188 0.392157 0.5 0 0
10020 0.112346 0.8125 363 0.392157 0.5 0 0
10030 0.112346 0.8125 363 0.392157 0.5 0 0
10040 0.11232 0.75 363.75 0.392157 0.5 0 0
10050 0.11232 0.75 363.75 0.392157 0.5 0 0
10060 0.112008 0.6875 364.438 0.392157 0.5 0 0
10070 0.112008 0.6875 364.438 0.392157 0.5 0 0
10080 0.111975 0.6875 365.125 0.392157 0.5 0 0
10090 0.111975 0.6875 365.125 0.392157 0.5 0 0
10100 0.111898 0.5625 365.688 0.392157 0.5 0 0
10110 0.111898 0.5625 365.688 0.392157 0.5 0 0
10120 0.111898 0.75 366.438 0.392157 0.5 0 0
10130 0.111898 0.75 366.438 0.392157 0.5 0 0
10140 0.111898 0.75 367.188 0.392157 0.5 0 0
10150 0.111898 0.75 367.188 0.392157 0.5 0 0
10160 0.111898 0.75 367.938 0.392157 0.5 0 0
10170 0.111898 0.75 367.938 0.392157 0.5 0 0
10180 0.111896 0.6875 368.625 0.392157 0.5 0 0
10190 0.111896 0.6875 368.625 0.392157 0.5 0 0
10200 0.111872 0.6875 369.312 0.392157 0.5 0 0
10210 0.111872 0.6875 369.312 0.392157 0.5 0 0
10220 0.111845 0.75 370.062 0.392157 0.5 0 0
10230 0.111845 0.75 370.062 0.392157 0.5 0 0
10240 0.111815 0.75 370.812 0.392157 0.5 0 0
10250 0.111815 0.75 370.812 0.392157 0.5 0 0
10260 0.111791 0.75 371.562 0.392157 0.5 0 0
10270 0.111791 0.75 371.562 0.392157 0.5 0 0
10280 0.111791 0.75 372.312 0.392157 0.5 0 0
10290 0.111791 0.75 372.312 0.392157 0.5 0 0
10300 0.111791 0.75 373.062 0.392157 0.5 0 0
10310 0.111791 0.75 373.062 0.392157 0.5 0 0
10320 0.111773 0.75 373.812 0.392157 0.5 0 0
10330 0.111773 0.75 373.812 0.392157 0.5 0 0
10340 0.11175 0.75 374.562 0.392157 0.5 0 0
10350 0.11175 0.75 374.562 0.392157 0.5 0 0
10360 0.111707 0.8125 375.375 0.392157 0.5 0 0
10370 0.111707 0.8125 375.375 0.392157 0.5 0 0
10380 0.111702 0.875 376.25 0.392157 0.5 0 0
10390 0.111702 0.875 376.25 0.392157 0.5 0 0
10400 0.111702 0.875 377.125 0.392157 0.5 0 0
10410 0.111702 0.875 377.125 0.392157 0.5 0 0
10420 0.111702 0.875 378 0.392157 0.5 0 0
10430 0.111702 0.875 378 0.392157 0.5 0 0
10440 0.111698 0.875 378.875 0.392157 0.5 0 0
10450 0.111698 0.875 378.875 0.392157 0.5 0 0
10460 0.11167 0.875 379.75 0.392157 0.5 0 0
10470 0.11167 0.875 379.75 0.392157 0.5 0 0
10480 0.111645 0.875 380.625 0.392157 0.5 0 0
10490 0.111645 0.875 380.625 0.392157 0.5 0 0
10500 0.11163 0.875 381.5 0.392157 0.5 0 0
10510 0.11163 0.875 381.5 0.392157 0.5 0 0
10520 0.11163 0.8125 382.312 0.392157 0.5 0 0
10530 0.11163 0.8125 382.312 0.392157 0.5 0 0
10540 0.11163 0.875 383.188 0.392157 0.5 0 0
10550 0.11163 0.875 383.188 0.392157 0.5 0 0
10560 0.11162 0.9375 384.125 0.392157 0.5 0 0
10570 0.11162 0.9375 384.125 0.392157 0.5 0 0
10580 0.111423 0.9375 385.062 0.392157 0.5 0 0
10590 0.111423 0.9375 385.062 0.392157 0.5 0 0
10600 0.111413 0.9375 386 0.392157 0.5 0 0
10610 0.111413 0.9375 386 0.392157 0.5 0 0
10620 0.111413 0.9375 386.938 0.392157 0.5 0 0
10630 0.111413 0.9375 386.938 0.392157 0.5 0 0
10640 0.111413 0.9375 387.875 0.392157 0.5 0 0
10650 0.111413 0.9375 387.875 0.392157 0.5 0 0
10660 0.111413 0.875 388.75 0.392157 0.5 0 0
10670 0.111413 0.875 388.75 0.392157 0.5 0 0
10680 0.111413 0.75 389.5 0.392157 0.5 0 0
10690 0.111413 0.75 389.5 0.392157 0.5 0 0
10700 0.111413 0.75 390.25 0.392157 0.5 0 0
10710 0.111413 0.75 390.25 0.392157 0.5 0 0
10720 0.111413 0.75 391 0.392157 0.5 0 0
10730 0.111413 0.75 391 0.392157 0.5 0 0
10740 0.111413 0.6875 391.688 0.392157 0.5 0 0
10750 0.111413 0.6875 391.688 0.392157 0.5 0 0
10760 0.111413 0.8125 392.5 0.392157 0.5 0 0
10770 0.111413 0.8125 392.5 0.392157 0.5 0 0
10780 0.111413 0.6875 393.188 0.392157 0.5 0 0
10790 0.111413 0.6875 393.188 0.392157 0.5 0 0
10800 0.111413 0.8125 394 0.392157 0.5 0 0
10810 0.111413 0.8125 394 0.392157 0.5 0 0
10820 0.111413 0.8125 394.812 0.392157 0.5 0 0
10830 0.111413 0.8125 394.812 0.392157 0.5 0 0
10840 0.111413 0.8125 395.625 0.392157 0.5 0 0
10850 0.111413 0.8125 395.625 0.392157 0.5 0 0
10860 0.111413 0.8125 396.438 0.392157 0.5 0 0
10870 0.111413 0.8125 396.438 0.392157 0.5 0 0
10880 0.111413 0.6875 397.125 0.392157 0.5 0 0
10890 0.111413 0.6875 397.125 0.392157 0.5 0 0
10900 0.111413 0.8125 397.938 0.392157 0.5 0 0
10910 0.111413 0.8125 397.938 0.392157 0.5 0 0
10920 0.111413 0.8125 398.75 0.392157 0.5 0 0
10930 0.111413 0.8125 398.75 0.392157 0.5 0 0
10940 0.111413 0.8125 399.562 0.392157 0.5 0 0
10950 0.111413 0.8125 399.562 0.392157 0.5 0 0
10960 0.111413 0.875 400.438 0.392157 0.5 0 0
10970 0.111413 0.875 400.438 0.392157 0.5 0 0
10980 0.111413 0.875 401.312 0.392157 0.5 0 0
10990 0.111413 0.875 401.312 0.392157 0.5 0 0
11000 0.111413 0.875 402.188 0.392157 0.5 0 0
11010 0.111413 0.875 402.188 0.392157 0.5 0 0
11020 0.111413 0.875 403.062 0.392157 0.5 0 0
11030 0.111413 0.875 403.062 0.392157 0.5 0 0
11040 0.111413 0.875 403.938 0.392157 0.5 0 0
11050 0.111413 0.875 403.938 0.392157 0.5 0 0
11060 0.111413 0.875 404.812 0.392157 0.5 0 0
11070 0.111413 0.875 404.812 0.392157 0.5 0 0
11080 0.111413 0.8125 405.625 0.392157 0.5 0 0
11090 0.111413 0.8125 405.625 0.392157 0.5 0 0
11100 0.111413 0.75 406.375 0.392157 0.5 0 0
11110 0.111413 0.75 406.375 0.392157 0.5 0 0
11120 0.111413 0.75 407.125 0.392157 0.5 0 0
11130 0.111413 0.75 407.125 0.392157 0.5 0 0
11140 0.111413 0.75 407.875 0.392157 0.5 0 0
11150 0.111413 0.75 407.875 0.392157 0.5 0 0
11160 0.111413 0.8125 408.688 0.392157 0.5 0 0
11170 0.111413 0.8125 408.688 0.392157 0.5 0 0
11180 0.111413 0.6875 409.375 0.392157 0.5 0 0
11190 0.111413 0.6875 409.375 0.392157 0.5 0 0
11200 0.111413 0.75 410.125 0.392157 0.5 0 0
11210 0.111413 0.75 410.125 0.392157 0.5 0 0
11220 0.111413 0.75 410.875 0.392157 0.5 0 0
11230 0.111413 0.75 410.875 0.392157 0.5 0 0
11240 0.111413 0.8125 411.688 0.392157 0.5 0 0
11250 0.111413 0.8125 411.688 0.392157 0.5 0 0
11260 0.111413 0.8125 412.5 0.392157 0.5 0 0
11270 0.111413 0.8125 412.5 0.392157 0.5 0 0
11280 0.111413 0.8125 413.312 0.392157 0.5 0 0
11290 0.111413 0.8125 413.312 0.392157 0.5 0 0
11300 0.111413 0.8125 414.125 0.392157 0.5 0 0
11310 0.111413 0.8125 414.125 0.392157 0.5 0 0
11320 0.111413 0.8125 414.938 0.392157 0.5 0 0
11330 0.111413 0.8125 414.938 0.392157 0.5 0 0
11340 0.111413 0.8125 415.75 0.392157 0.5 0 0
11350 0.111413 0.8125 415.75 0.392157 0.5 0 0
11360 0.111413 0.8125 416.562 0.392157 0.5 0 0
11370 0.111413 0.8125 416.562 0.392157 0.5 0 0
11380 0.111413 0.8125 417.375 0.392157 0.5 0 0
11390 0.111413 0.8125 417.375 0.392157 0.5 0 0
11400 0.111413 0.8125 418.188 0.392157 0.5 0 0
11410 0.111413 0.8125 418.188 0.392157 0.5 0 0
11420 0.111413 0.8125 419 0.392157 0.5 0 0
11430 0.111413 0.8125 419 0.392157 0.5 0 0
11440 0.111413 0.8125 419.812 0.392157 0.5 0 0
11450 0.111413 0.8125 419.812 0.392157 0.5 0 0
11460 0.111413 0.8125 420.625 0.392157 0.5 0 0
11470 0.111413 0.8125 420.625 0.392157 0.5 0 0
11480 0.111413 0.875 421.5 0.392157 0.5 0 0
11490 0.111413 0.875 421.5 0.392157 0.5 0 0
11500 0.111413 0.9375 422.438 0.392157 0.5 0 0
11510 0.111413 0.9375 422.438 0.392157 0.5 0 0
11520 0.111413 0.9375 423.375 0.392157 0.5 0 0
11530 0.111413 0.9375 423.375 0.392157 0.5 0 0
11540 0.111398 1 424.375 0.392157 0.5 0 0
11550 0.111398 1 424.375 0.392157 0.5 0 0
11560 0.111398 1 425.375 0.392157 0.5 0 0
11570 0.111398 1 425.375 0.392157 0.5 0 0
11580 0.111398 1 426.375 0.392157 0.5 0 0
11590 0.111398 1 426.375 0.392157 0.5 0 0
11600 0.111398 1 427.375 0.392157 0.5 0 0
11610 0.111398 1 427.375 0.392157 0.5 0 0
11620 0.111398 1 428.375 0.392157 0.5 0 0
11630 0.111398 1 428.375 0.392157 0.5 0 0
11640 0.111398 1 429.375 0.392157 0.5 0 0
11650 0.111398 1 429.375 0.392157 0.5 0 0
11660 0.111398 0.875 430.25 0.392157 0.5 0 0
11670 0.111398 0.875 430.25 0.392157 0.5 0 0
11680 0.111398 0.9375 431.188 0.392157 0.5 0 0
11690 0.111398 0.9375 431.188 0.392157 0.5 0 0
11700 0.111398 0.8125 432 0.392157 0.5 0 0
11710 0.111398 0.8125 432 0.392157 0.5 0 0
11720 0.111398 1 433 0.392157 0.5 0 0
11730 0.111398 1 433 0.392157 0.5 0 0
11740 0.111398 1 434 0.392157 0.5 0 0
11750 0.111398 1 434 0.392157 0.5 0 0
11760 0.111398 1 435 0.392157 0.5 0 0
11770 0.111398 1 435 0.392157 0.5 0 0
11780 0.111398 1 436 0.392157 0.5 0 0
11790 0.111398 1 436 0.392157 0.5 0 0
11800 0.111398 1 437 0.392157 0.5 0 0
11810 0.111398 1 437 0.392157 0.5 0 0
11820 0.111398 1 438 0.392157 0.5 0 0
11830 0.111398 1 438 0.392157 0.5 0 0
11840 0.111398 0.9375 438.938 0.392157 0.5 0 0
11850 0.111398 0.9375 438.938 0.392157 0.5 0 0
11860 0.111398 0.875 439.812 0.392157 0.5 0 0
11870 0.111398 0.875 439.812 0.392157 0.5 0 0
11880 0.111398 0.875 440.688 0.392157 0.5 0 0
11890 0.111398 0.875 440.688 0.392157 0.5 0 0
11900 0.111398 0.9375 441.625 0.392157 0.5 0 0
11910 0.111398 0.9375 441.625 0.392157 0.5 0 0
11920 0.111398 0.9375 442.562 0.392157 0.5 0 0
11930 0.111398 0.9375 442.562 0.392157 0.5 0 0
11940 0.111398 0.9375 443.5 0.392157 0.5 0 0
11950 0.111398 0.9375 443.5 0.392157 0.5 0 0
11960 0.111398 0.9375 444.438 0.392157 0.5 0 0
11970 0.111398 0.9375 444.438 0.392157 0.5 0 0
11980 0.111398 1 445.438 0.392157 0.5 0 0
11990 0.111398 1 445.438 0.392157 0.5 0 0
12000 0.111398 1 446.438 0.392157 0.5 0 0
12010 0.111398 1 446.438 0.392157 0.5 0 0
12020 0.111398 1 447.438 0.392157 0.5 0 0
12030 0.111398 1 447.438 0.392157 0.5 0 0
12040 0.111398 1 448.438 0.392157 0.5 0 0
12050 0.111398 1 448.438 0.392157 0.5 0 0
12060 0.111398 1 449.438 0.392157 0.5 0 0
12070 0.111398 1 449.438 0.392157 0.5 0 0
12080 0.111398 0.9375 450.375 0.392157 0.5 0 0
12090 0.111398 0.9375 450.375 0.392157 0.5 0 0
12100 0.111398 0.9375 451.312 0.392157 0.5 0 0
12110 0.111398 0.9375 451.312 0.392157 0.5 0 0
12120 0.111398 0.875 452.188 0.392157 0.5 0 0
12130 0.111398 0.875 452.188 0.392157 0.5 0 0
12140 0.111398 0.875 453.062 0.392157 0.5 0 0
12150 0.111398 0.875 453.062 0.392157 0.5 0 0
12160 0.111398 0.8125 453.875 0.392157 0.5 0 0
12170 0.111398 0.8125 453.875 0.392157 0.5 0 0
12180 0.111398 0.875 454.75 0.392157 0.5 0 0
12190 0.111398 0.875 454.75 0.392157 0.5 0 0
12200 0.111398 0.875 455.625 0.392157 0.5 0 0
12210 0.111398 0.875 455.625 0.392157 0.5 0 0
12220 0.111398 0.875 456.5 0.392157 0.5 0 0
12230 0.111398 0.875 456.5 0.392157 0.5 0 0
12240 0.111398 0.75 457.25 0.392157 0.5 0 0
12250 0.111398 0.75 457.25 0.392157 0.5 0 0
12260 0.111398 0.8125 458.062 0.392157 0.5 0 0
12270 0.111398 0.8125 458.062 0.392157 0.5 0 0
12280 0.111351 0.8125 458.875 0.392157 0.5 0 0
12290 0.111351 0.8125 458.875 0.392157 0.5 0 0
12300 0.11135 0.8125 459.688 0.392157 0.5 0 0
12310 0.11135 0.8125 459.688 0.392157 0.5 0 0
12320 0.11135 0.8125 460.5 0.392157 0.5 0 0
12330 0.11135 0.8125 460.5 0.392157 0.5 0 0
12340 0.11135 1 461.5 0.392157 0.5 0 0
12350 0.11135 1 461.5 0.392157 0.5 0 0
12360 0.11135 1 462.5 0.392157 0.5 0 0
12370 0.11135 1 462.5 0.392157 0.5 0 0
12380 0.11135 1 463.5 0.392157 0.5 0 0
12390 0.11135 1 463.5 0.392157 0.5 0 0
12400 0.11135 1 464.5 0.392157 0.5 0 0
12410 0.11135 1 464.5 0.392157 0.5 0 0
12420 0.11135 1 465.5 0.392157 0.5 0 0
12430 0.11135 1 465.5 0.392157 0.5 0 0
12440 0.11135 0.9375 466.438 0.392157 0.5 0 0
12450 0.11135 0.9375 466.438 0.392157 0.5 0 0
12460 0.11135 1 467.438 0.392157 0.5 0 0
12470 0.11135 1 467.438 0.392157 0.5 0 0
12480 0.11135 0.8125 468.25 0.392157 0.5 0 0
12490 0.11135 0.8125 468.25 0.392157 0.5 0 0
12500 0.11135 0.9375 469.188 0.392157 0.5 0 0
12510 0.11135 0.9375 469.188 0.392157 0.5 0 0
12520 0.11135 0.9375 470.125 0.392157 0.5 0 0
12530 0.11135 0.9375 470.125 0.392157 0.5 0 0
12540 0.11135 0.9375 471.062 0.392157 0.5 0 0
12550 0.11135 0.9375 471.062 0.392157 0.5 0 0
12560 0.11135 1 472.062 0.392157 0.5 0 0
12570 0.11135 1 472.062 0.392157 0.5 0 0
12580 0.11135 1 473.062 0.392157 0.5 0 0
12590 0.11135 1 473.062 0.392157 0.5 0 0
12600 0.11135 1 474.062 0.392157 0.5 0 0
12610 0.11135 1 474.062 0.392157 0.5 0 0
12620 0.11135 1 475.062 0.392157 0.5 0 0
12630 0.11135 1 475.062 0.392157 0.5 0 0
12640 0.11135 1 476.062 0.392157 0.5 0 0
12650 0.11135 1 476.062 0.392157 0.5 0 0
12660 0.11135 1 477.062 0.392157 0.5 0 0
12670 0.11135 1 477.062 0.392157 0.5 0 0
12680 0.11135 1 478.062 0.392157 0.5 0 0
12690 0.11135 1 478.062 0.392157 0.5 0 0
12700 0.11135 0.9375 479 0.392157 0.5 0 0
12710 0.11135 0.9375 479 0.392157 0.5 0 0
12720 0.11135 0.9375 479.938 0.392157 0.5 0 0
12730 0.11135 0.9375 479.938 0.392157 0.5 0 0
12740 0.11135 0.9375 480.875 0.392157 0.5 0 0
12750 0.11135 0.9375 480.875 0.392157 0.5 0 0
12760 0.11135 0.9375 481.812 0.392157 0.5 0 0
12770 0.11135 0.9375 481.812 0.392157 0.5 0 0
12780 0.11135 0.9375 482.75 0.392157 0.5 0 0
12790 0.11135 0.9375 482.75 0.392157 0.5 0 0
12800 0.11135 0.9375 483.688 0.392157 0.5 0 0
12810 0.11135 0.9375 483.688 0.392157 0.5 0 0
12820 0.11135 0.9375 484.625 0.392157 0.5 0 0
12830 0.11135 0.9375 484.625 0.392157 0.5 0 0
12840 0.11135 0.875 485.5 0.392157 0.5 0 0
12850 0.11135 0.875 485.5 0.392157 0.5 0 0
12860 0.11135 0.8125 486.312 0.392157 0.5 0 0
12870 0.11135 0.8125 486.312 0.392157 0.5 0 0
12880 0.11135 0.9375 487.25 0.392157 0.5 0 0
12890 0.11135 0.9375 487.25 0.392157 0.5 0 0
12900 0.111337 0.9375 488.188 0.392157 0.5 0 0
12910 0.111337 0.9375 488.188 0.392157 0.5 0 0
12920 0.11132 0.9375 489.125 0.392157 0.5 0 0
12930 0.11132 0.9375 489.125 0.392157 0.5 0 0
12940 0.111319 0.9375 490.062 0.392157 0.5 0 0
12950 0.111319 0.9375 490.062 0.392157 0.5 0 0
12960 0.111319 0.9375 491 0.392157 0.5 0 0
12970 0.111319 0.9375 491 0.392157 0.5 0 0
12980 0.111319 0.9375 491.938 0.392157 0.5 0 0
12990 0.111319 0.9375 491.938 0.392157 0.5 0 0
13000 0.111319 1 492.938 0.392157 0.5 0 0
13010 0.111319 1 492.938 0.392157 0.5 0 0
13020 0.111319 1 493.938 0.392157 0.5 0 0
13030 0.111319 1 493.938 0.392157 0.5 0 0
13040 0.111319 1 494.938 0.392157 0.5 0 0
13050 0.111319 1 494.938 0.392157 0.5 0 0
13060 0.111319 0.9375 495.875 0.392157 0.5 0 0
13070 0.111319 0.9375 495.875 0.392157 0.5 0 0
13080 0.111319 0.9375 496.812 0.392157 0.5 0 0
13090 0.111319 0.9375 496.812 0.392157 0.5 0 0
13100 0.111319 1 497.812 0.392157 0.5 0 0
13110 0.111319 1 497.812 0.392157 0.5 0 0
13120 0.111319 1 498.812 0.392157 0.5 0 0
13130 0.111319 1 498.812 0.392157 0.5 0 0
13140 0.111319 0.9375 499.75 0.392157 0.5 0 0
13150 0.111319 0.9375 499.75 0.392157 0.5 0 0
13160 0.111319 0.9375 500.688 0.392157 0.5 0 0
13170 0.111319 0.9375 500.688 0.392157 0.5 0 0
13180 0.111319 1 501.688 0.392157 0.5 0 0
13190 0.111319 1 501.688 0.392157 0.5 0 0
13200 0.111319 1 502.688 0.392157 0.5 0 0
13210 0.111319 1 502.688 0.392157 0.5 0 0
13220 0.111319 1 503.688 0.392157 0.5 0 0
13230 0.111319 1 503.688 0.392157 0.5 0 0
13240 0.111319 1 504.688 0.392157 0.5 0 0
13250 0.111319 1 504.688 0.392157 0.5 0 0
13260 0.111319 0.9375 505.625 0.392157 0.5 0 0
13270 0.111319 0.9375 505.625 0.392157 0.5 0 0
13280 0.111319 0.875 506.5 0.392157 0.5 0 0
13290 0.111319 0.875 506.5 0.392157 0.5 0 0
13300 0.111319 0.875 507.375 0.392157 0.5 0 0
13310 0.111319 0.875 507.375 0.392157 0.5 0 0
13320 0.111319 0.9375 508.312 0.392157 0.5 0 0
13330 0.111319 0.9375 508.312 0.392157 0.5 0 0
13340 0.111319 1 509.312 0.392157 0.5 0 0
13350 0.111319 1 509.312 0.392157 0.5 0 0
13360 0.111319 1 510.312 0.392157 0.5 0 0
13370 0.111319 1 510.312 0.392157 0.5 0 0
13380 0.111319 1 511.312 0.392157 0.5 0 0
13390 0.111319 1 511.312 0.392157 0.5 0 0
13400 0.111319 1 512.312 0.392157 0.5 0 0
13410 0.111319 1 512.312 0.392157 0.5 0 0
13420 0.111319 1 513.312 0.392157 0.5 0 0
13430 0.111319 1 513.312 0.392157 0.5 0 0
13440 0.111319 0.875 514.188 0.392157 0.5 0 0
13450 0.111319 0.875 514.188 0.392157 0.5 0 0
13460 0.111319 0.9375 515.125 0.392157 0.5 0 0
13470 0.111319 0.9375 515.125 0.392157 0.5 0 0
13480 0.111319 0.9375 516.062 0.392157 0.5 0 0
13490 0.111319 0.9375 516.062 0.392157 0.5 0 0
13500 0.111319 0.9375 517 0.392157 0.5 0 0
13510 0.111319 0.9375 517 0.392157 0.5 0 0
13520 0.111319 0.9375 517.938 0.392157 0.5 0 0
13530 0.111319 0.9375 517.938 0.392157 0.5 0 0
13540 0.111319 0.9375 518.875 0.392157 0.5 0 0
13550 0.111319 0.9375 518.875 0.392157 0.5 0 0
13560 0.111319 0.9375 519.812 0.392157 0.5 0 0
13570 0.111319 0.9375 519.812 0.392157 0.5 0 0
13580 0.111319 0.875 520.688 0.392157 0.5 0 0
13590 0.111319 0.875 520.688 0.392157 0.5 0 0
13600 0.111319 0.875 521.562 0.392157 0.5 0 0
13610 0.111319 0.875 521.562 0.392157 0.5 0 0
13620 0.111319 0.875 522.438 0.392157 0.5 0 0
13630 0.111319 0.875 522.438 0.392157 0.5 0 0
13640 0.111319 0.875 523.312 0.392157 0.5 0 0
13650 0.111319 0.875 523.312 0.392157 0.5 0 0
13660 0.111311 1 524.312 0.392157 0.5 0 0
13670 0.111311 1 524.312 0.392157 0.5 0 0
13680 0.111295 1 525.312 0.392157 0.5 0 0
13690 0.111295 1 525.312 0.392157 0.5 0 0
13700 0.111294 1 526.312 0.392157 0.5 0 0
13710 0.111294 1 526.312 0.392157 0.5 0 0
13720 0.111293 1 527.312 0.392157 0.5 0 0
13730 0.111293 1 527.312 0.392157 0.5 0 0
13740 0.111291 1 528.312 0.392157 0.5 0 0
13750 0.111291 1 528.312 0.392157 0.5 0 0
13760 0.111291 1 529.312 0.392157 0.5 0 0
13770 0.111291 1 529.312 0.392157 0.5 0 0
13780 0.111291 0.9375 530.25 0.392157 0.5 0 0
13790 0.111291 0.9375 530.25 0.392157 0.5 0 0
13800 0.111291 0.9375 531.188 0.392157 0.5 0 0
13810 0.111291 0.9375 531.188 0.392157 0.5 0 0
13820 0.11129 1 532.188 0.392157 0.5 0 0
13830 0.11129 1 532.188 0.392157 0.5 0 0
13840 0.11129 1 533.188 0.392157 0.5 0 0
13850 0.11129 1 533.188 0.392157 0.5 0 0
13860 0.111289 0.875 534.062 0.392157 0.5 0 0
13870 0.111289 0.875 534.062 0.392157 0.5 0 0
13880 0.111288 1 535.062 0.392157 0.5 0 0
13890 0.111288 1 535.062 0.392157 0.5 0 0
13900 0.111288 1 536.062 0.392157 0.5 0 0
13910 0.111288 1 536.062 0.392157 0.5 0 0
13920 0.111288 1 537.062 0.392157 0.5 0 0
13930 0.111288 1 537.062 0.392157 0.5 0 0
13940 0.111287 1 538.062 0.392157 0.5 0 0
13950 0.111287 1 538.062 0.392157 0.5 0 0
13960 0.111287 1 539.062 0.392157 0.5 0 0
13970 0.111287 1 539.062 0.392157 0.5 0 0
13980 0.111285 0.8125 539.875 0.392157 0.5 0 0
13990 0.111285 0.8125 539.875 0.392157 0.5 0 0
14000 0.111285 0.875 540.75 0.392157 0.5 0 0
14010 0.111285 0.875 540.75 0.392157 0.5 0 0
14020 0.111285 0.875 541.625 0.392157 0.5 0 0
14030 0.111285 0.875 541.625 0.392157 0.5 0 0
14040 0.111285 1 542.625 0.392157 0.5 0 0
14050 0.111285 1 542.625 0.392157 0.5 0 0
14060 0.111285 1 543.625 0.392157 0.5 0 0
14070 0.111285 1 543.625 0.392157 0.5 0 0
14080 0.111284 0.875 544.5 0.392157 0.5 0 0
14090 0.111284 0.875 544.5 0.392157 0.5 0 0
14100 0.111282 0.875 545.375 0.392157 0.5 0 0
14110 0.111282 0.875 545.375 0.392157 0.5 0 0
14120 0.111282 0.9375 546.312 0.392157 0.5 0 0
14130 0.111282 0.9375 546.312 0.392157 0.5 0 0
14140 0.111282 0.875 547.188 0.392157 0.5 0 0
14150 0.111282 0.875 547.188 0.392157 0.5 0 0
14160 0.111276 0.9375 548.125 0.392157 0.5 0 0
14170 0.111276 0.9375 548.125 0.392157 0.5 0 0
14180 0.111276 0.9375 549.062 0.392157 0.5 0 0
14190 0.111276 0.9375 549.062 0.392157 0.5 0 0
14200 0.111275 0.9375 550 0.392157 0.5 0 0
14210 0.111275 0.9375 550 0.392157 0.5 0 0
14220 0.111275 0.9375 550.938 0.392157 0.5 0 0
14230 0.111275 0.9375 550.938 0.392157 0.5 0 0
14240 0.111275 0.9375 551.875 0.392157 0.5 0 0
14250 0.111275 0.9375 551.875 0.392157 0.5 0 0
14260 0.111275 0.9375 552.812 0.392157 0.5 0 0
14270 0.111275 0.9375 552.812 0.392157 0.5 0 0
14280 0.111275 0.9375 553.75 0.392157 0.5 0 0
14290 0.111275 0.9375 553.75 0.392157 0.5 0 0
14300 0.111275 1 554.75 0.392157 0.5 0 0
14310 0.111275 1 554.75 0.392157 0.5 0 0
14320 0.111275 1 555.75 0.392157 0.5 0 0
14330 0.111275 1 555.75 0.392157 0.5 0 0
14340 0.111275 1 556.75 0.392157 0.5 0 0
14350 0.111275 1 556.75 0.392157 0.5 0 0
14360 0.111275 1 557.75 0.392157 0.5 0 0
14370 0.111275 1 557.75 0.392157 0.5 0 0
14380 0.111275 1 558.75 0.392157 0.5 0 0
14390 0.111275 1 558.75 0.392157 0.5 0 0
14400 0.111274 1 559.75 0.392157 0.5 0 0
14410 0.111274 1 559.75 0.392157 0.5 0 0
14420 0.111274 0.875 560.625 0.392157 0.5 0 0
14430 0.111274 0.875 560.625 0.392157 0.5 0 0
14440 0.111274 0.875 561.5 0.392157 0.5 0 0
14450 0.111274 0.875 561.5 0.392157 0.5 0 0
14460 0.111274 0.875 562.375 0.392157 0.5 0 0
14470 0.111274 0.875 562.375 0.392157 0.5 0 0
14480 0.111274 0.875 563.25 0.392157 0.5 0 0
14490 0.111274 0.875 563.25 0.392157 0.5 0 0
14500 0.111274 0.875 564.125 0.392157 0.5 0 0
14510 0.111274 0.875 564.125 0.392157 0.5 0 0
14520 0.111274 0.75 564.875 0.392157 0.5 0 0
14530 0.111274 0.75 564.875 0.392157 0.5 0 0
14540 0.111274 0.8125 565.688 0.392157 0.5 0 0
14550 0.111274 0.8125 565.688 0.392157 0.5 0 0
14560 0.111273 0.8125 566.5 0.392157 0.5 0 0
14570 0.111273 0.8125 566.5 0.392157 0.5 0 0
14580 0.111273 0.875 567.375 0.392157 0.5 0 0
14590 0.111273 0.875 567.375 0.392157 0.5 0 0
14600 0.111273 0.9375 568.312 0.392157 0.5 0 0
14610 0.111273 0.9375 568.312 0.392157 0.5 0 0
14620 0.111273 0.875 569.188 0.392157 0.5 0 0
14630 0.111273 0.875 569.188 0.392157 0.5 0 0
14640 0.111273 1 570.188 0.392157 0.5 0 0
14650 0.111273 1 570.188 0.392157 0.5 0 0
14660 0.111273 0.9375 571.125 0.392157 0.5 0 0
14670 0.111273 0.9375 571.125 0.392157 0.5 0 0
14680 0.111273 1 572.125 0.392157 0.5 0 0
14690 0.111273 1 572.125 0.392157 0.5 0 0
14700 0.111273 1 573.125 0.392157 0.5 0 0
14710 0.111273 1 573.125 0.392157 0.5 0 0
14720 0.111273 1 574.125 0.392157 0.5 0 0
14730 0.111273 1 574.125 0.392157 0.5 0 0
14740 0.111273 1 575.125 0.392157 0.5 0 0
14750 0.111273 1 575.125 0.392157 0.5 0 0
14760 0.111273 0.625 575.75 0.392157 0.5 0 0
14770 0.111273 0.625 575.75 0.392157 0.5 0 0
14780 0.111273 0.8125 576.562 0.392157 0.5 0 0
14790 0.111273 0.8125 576.562 0.392157 0.5 0 0
14800 0.111273 0.8125 577.375 0.392157 0.5 0 0
14810 0.111273 0.8125 577.375 0.392157 0.5 0 0
14820 0.111273 0.875 578.25 0.392157 0.5 0 0
14830 0.111273 0.875 578.25 0.392157 0.5 0 0
14840 0.111273 0.875 579.125 0.392157 0.5 0 0
14850 0.111273 0.875 579.125 0.392157 0.5 0 0
14860 0.111273 0.875 580 0.392157 0.5 0 0
14870 0.111273 0.875 580 0.392157 0.5 0 0
14880 0.111273 0.875 580.875 0.392157 0.5 0 0
14890 0.111273 0.875 580.875 0.392157 0.5 0 0
14900 0.111273 0.9375 581.812 0.392157 0.5 0 0
14910 0.111273 0.9375 581.812 0.392157 0.5 0 0
14920 0.111273 0.875 582.688 0.392157 0.5 0 0
14930 0.111273 0.875 582.688 0.392157 0.5 0 0
14940 0.111273 0.9375 583.625 0.392157 0.5 0 0
14950 0.111273 0.9375 583.625 0.392157 0.5 0 0
14960 0.111273 0.9375 584.562 0.392157 0.5 0 0
14970 0.111273 0.9375 584.562 0.392157 0.5 0 0
14980 0.111273 1 585.562 0.392157 0.5 0 0
14990 0.111273 1 585.562 0.392157 0.5 0 0
15000 0.111273 0.9375 586.5 0.392157 0.5 0 0
15010 0.111273 0.9375 586.5 0.392157 0.5 0 0
15020 0.111273 1 587.5 0.392157 0.5 0 0
15030 0.111273 1 587.5 0.392157 0.5 0 0
15040 0.111273 0.9375 588.438 0.392157 0.5 0 0
15050 0.111273 0.9375 588.438 0.392157 0.5 0 0
15060 0.111273 0.9375 589.375 0.392157 0.5 0 0
15070 0.111273 0.9375 589.375 0.392157 0.5 0 0
15080 0.111273 0.9375 590.312 0.392157 0.5 0 0
15090 0.111273 0.9375 590.312 0.392157 0.5 0 0
15100 0.111273 0.9375 591.25 0.392157 0.5 0 0
15110 0.111273 0.9375 591.25 0.392157 0.5 0 0
15120 0.111273 0.9375 592.188 0.392157 0.5 0 0
15130 0.111273 0.9375 592.188 0.392157 0.5 0 0
15140 0.111273 0.9375 593.125 0.392157 0.5 0 0
15150 0.111273 0.9375 593.125 0.392157 0.5 0 0
15160 0.111273 0.9375 594.062 0.392157 0.5 0 0
15170 0.111273 0.9375 594.062 0.392157 0.5 0 0
15180 0.111273 0.9375 595 0.392157 0.5 0 0
15190 0.111273 0.9375 595 0.392157 0.5 0 0
15200 0.111273 0.9375 595.938 0.392157 0.5 0 0
15210 0.111273 0.9375 595.938 0.392157 0.5 0 0
15220 0.111274 0.9375 596.875 0.392157 0.5 0 0
15230 0.111274 0.9375 596.875 0.392157 0.5 0 0
15240 0.111274 0.9375 597.812 0.392157 0.5 0 0
15250 0.111274 0.9375 597.812 0.392157 0.5 0 0
15260 0.111274 0.9375 598.75 0.392157 0.5 0 0
15270 0.111274 0.9375 598.75 0.392157 0.5 0 0
15280 0.111274 0.875 599.625 0.392157 0.5 0 0
15290 0.111274 0.875 599.625 0.392157 0.5 0 0
15300 0.111274 0.9375 600.562 0.392157 0.5 0 0
15310 0.111274 0.9375 600.562 0.392157 0.5 0 0
15320 0.111274 1 601.562 0.392157 0.5 0 0
15330 0.111274 1 601.562 0.392157 0.5 0 0
15340 0.111274 1 602.562 0.392157 0.5 0 0
15350 0.111274 1 602.562 0.392157 0.5 0 0
15360 0.111274 1 603.562 0.392157 0.5 0 0
15370 0.111274 1 603.562 0.392157 0.5 0 0
15380 0.111274 1 604.562 0.392157 0.5 0 0
15390 0.111274 1 604.562 0.392157 0.5 0 0
15400 0.111274 1 605.562 0.392157 0.5 0 0
15410 0.111274 1 605.562 0.392157 0.5 0 0
15420 0.111274 0.875 606.438 0.392157 0.5 0 0
15430 0.111274 0.875 606.438 0.392157 0.5 0 0
15440 0.111274 0.8125 607.25 0.392157 0.5 0 0
15450 0.111274 0.8125 607.25 0.392157 0.5 0 0
15460 0.111274 1 608.25 0.392157 0.5 0 0
15470 0.111274 1 608.25 0.392157 0.5 0 0
15480 0.111274 0.9375 609.188 0.392157 0.5 0 0
15490 0.111274 0.9375 609.188 0.392157 0.5 0 0
15500 0.111274 1 610.188 0.392157 0.5 0 0
15510 0.111274 1 610.188 0.392157 0.5 0 0
15520 0.111274 1 611.188 0.392157 0.5 0 0
15530 0.111274 1 611.188 0.392157 0.5 0 0
15540 0.111274 1 612.188 0.392157 0.5 0 0
15550 0.111274 1 612.188 0.392157 0.5 0 0
15560 0.111274 1 613.188 0.392157 0.5 0 0
15570 0.111274 1 613.188 0.392157 0.5 0 0
15580 0.111274 0.8125 614 0.392157 0.5 0 0
15590 0.111274 0.8125 614 0.392157 0.5 0 0
15600 0.111274 0.8125 614.812 0.392157 0.5 0 0
15610 0.111274 0.8125 614.812 0.392157 0.5 0 0
15620 0.111274 0.9375 615.75 0.392157 0.5 0 0
15630 0.111274 0.9375 615.75 0.392157 0.5 0 0
15640 0.111274 0.8125 616.562 0.392157 0.5 0 0
15650 0.111274 0.8125 616.562 0.392157 0.5 0 0
15660 0.111274 0.8125 617.375 0.392157 0.5 0 0
15670 0.111274 0.8125 617.375 0.392157 0.5 0 0
15680 0.111274 0.8125 618.188 0.392157 0.5 0 0
15690 0.111274 0.8125 618.188 0.392157 0.5 0 0
15700 0.111274 0.9375 619.125 0.392157 0.5 0 0
15710 0.111274 0.9375 619.125 0.392157 0.5 0 0
15720 0.111274 0.9375 620.062 0.392157 0.5 0 0
15730 0.111274 0.9375 620.062 0.392157 0.5 0 0
15740 0.111274 0.9375 621 0.392157 0.5 0 0
15750 0.111274 0.9375 621 0.392157 0.5 0 0
15760 0.111274 0.875 621.875 0.392157 0.5 0 0
15770 0.111274 0.875 621.875 0.392157 0.5 0 0
15780 0.111274 0.875 622.75 0.392157 0.5 0 0
15790 0.111274 0.875 622.75 0.392157 0.5 0 0
15800 0.111274 0.875 623.625 0.392157 0.5 0 0
15810 0.111274 0.875 623.625 0.392157 0.5 0 0
15820 0.111274 0.6875 624.312 0.392157 0.5 0 0
15830 0.111274 0.6875 624.312 0.392157 0.5 0 0
15840 0.111274 0.6875 625 0.392157 0.5 0 0
15850 0.111274 0.6875 625 0.392157 0.5 0 0
15860 0.111274 0.625 625.625 0.392157 0.5 0 0
15870 0.111274 0.625 625.625 0.392157 0.5 0 0
15880 0.111274 0.6875 626.312 0.392157 0.5 0 0
15890 0.111274 0.6875 626.312 0.392157 0.5 0 0
15900 0.111274 0.6875 627 0.392157 0.5 0 0
15910 0.111274 0.6875 627 0.392157 0.5 0 0
15920 0.111274 0.6875 627.688 0.392157 0.5 0 0
15930 0.111274 0.6875 627.688 0.392157 0.5 0 0
15940 0.111274 0.6875 628.375 0.392157 0.5 0 0
15950 0.111274 0.6875 628.375 0.392157 0.5 0 0
15960 0.111274 0.6875 629.062 0.392157 0.5 0 0
15970 0.111274 0.6875 629.062 0.392157 0.5 0 0
15980 0.111274 0.5 629.562 0.392157 0.5 0 0
15990 0.111274 0.5 629.562 0.392157 0.5 0 0
16000 0.111274 0.6875 630.25 0.392157 0.5 0 0
16010 0.111274 0.6875 630.25 0.392157 0.5 0 0
16020 0.111274 0.6875 630.938 0.392157 0.5 0 0
16030 0.111274 0.6875 630.938 0.392157 0.5 0 0
16040 0.111606 0.6875 631.625 0.392157 0.5 0 0
16050 0.111606 0.6875 631.625 0.396078 0.5 0 0
16060 0.112101 0.6875 632.312 0.392157 0.5 0 0
16070 0.112101 0.6875 632.312 0.396078 0.5 0 0
16080 0.11283 0.6875 633 0.396078 0.5 0 0
16090 0.11283 0.6875 633 0.396078 0.5 0 0
16100 0.113243 0.6875 633.688 0.396078 0.5 0 0
16110 0.113243 0.6875 633.688 0.396078 0.5 0 0
16120 0.113792 0.625 634.312 0.396078 0.5 0 0
16130 0.113792 0.625 634.312 0.396078 0.5 0 0
16140 0.114253 0.625 634.938 0.396078 0.5 0 0
16150 0.114253 0.625 634.938 0.392157 0.5 0 0
16160 0.114204 0.625 635.562 0.392157 0.5 0 0
16170 0.114204 0.625 635.562 0.388235 0.5 0 0
16180 0.11377 0.6875 636.25 0.384314 0.5 0 0
16190 0.11377 0.6875 636.25 0.388235 0.5 0 0
16200 0.11298 0.6875 636.938 0.388235 0.5 0 0
16210 0.11298 0.6875 636.938 0.388235 0.5 0 0
16220 0.113171 0.625 637.562 0.384314 0.5 0 0
16230 0.113171 0.625 637.562 0.384314 0.5 0 0
16240 0.113786 0.625 638.188 0.388235 0.5 0 0
16250 0.113786 0.625 638.188 0.384314 0.5 0 0
16260 0.113409 0.625 638.812 0.384314 0.5 0 0
16270 0.113409 0.625 638.812 0.384314 0.5 0 0
16280 0.112865 0.625 639.438 0.384314 0.5 0 0
16290 0.112865 0.625 639.438 0.384314 0.5 0 0
16300 0.112983 0.75 640.188 0.384314 0.5 0 0
16310 0.112983 0.75 640.188 0.384314 0.5 0 0
16320 0.112753 0.75 640.938 0.384314 0.5 0 0
16330 0.112753 0.75 640.938 0.384314 0.5 0 0
16340 0.112471 0.75 641.688 0.384314 0.5 0 0
16350 0.112471 0.75 641.688 0.384314 0.5 0 0
16360 0.11221 0.75 642.438 0.384314 0.5 0 0
16370 0.11221 0.75 642.438 0.384314 0.5 0 0
16380 0.112206 0.75 643.188 0.384314 0.5 0 0
16390 0.112206 0.75 643.188 0.384314 0.5 0 0
16400 0.112206 0.75 643.938 0.384314 0.5 0 0
16410 0.112206 0.75 643.938 0.384314 0.5 0 0
16420 0.112014 0.625 644.562 0.384314 0.5 0 0
16430 0.112014 0.625 644.562 0.384314 0.5 0 0
16440 0.112008 0.625 645.188 0.384314 0.5 0 0
16450 0.112008 0.625 645.188 0.384314 0.5 0 0
16460 0.112008 0.6875 645.875 0.384314 0.5 0 0
16470 0.112008 0.6875 645.875 0.384314 0.5 0 0
16480 0.112008 0.6875 646.562 0.384314 0.5 0 0
16490 0.112008 0.6875 646.562 0.384314 0.5 0 0
16500 0.112008 0.6875 647.25 0.384314 0.5 0 0
16510 0.112008 0.6875 647.25 0.384314 0.5 0 0
16520 0.112008 0.6875 647.938 0.384314 0.5 0 0
16530 0.112008 0.6875 647.938 0.384314 0.5 0 0
16540 0.112008 0.6875 648.625 0.384314 0.5 0 0
16550 0.112008 0.6875 648.625 0.384314 0.5 0 0
16560 0.112008 0.75 649.375 0.384314 0.5 0 0
16570 0.112008 0.75 649.375 0.384314 0.5 0 0
16580 0.112008 0.8125 650.188 0.384314 0.5 0 0
16590 0.112008 0.8125 650.188 0.384314 0.5 0 0
16600 0.112008 0.75 650.938 0.384314 0.5 0 0
16610 0.112008 0.75 650.938 0.384314 0.5 0 0
16620 0.112008 0.8125 651.75 0.384314 0.5 0 0
16630 0.112008 0.8125 651.75 0.384314 0.5 0 0
16640 0.112008 0.8125 652.562 0.384314 0.5 0 0
16650 0.112008 0.8125 652.562 0.384314 0.5 0 0
16660 0.112008 0.8125 653.375 0.384314 0.5 0 0
16670 0.112008 0.8125 653.375 0.384314 0.5 0 0
16680 0.112008 0.75 654.125 0.384314 0.5 0 0
16690 0.112008 0.75 654.125 0.384314 0.5 0 0
16700 0.112008 0.6875 654.812 0.384314 0.5 0 0
16710 0.112008 0.6875 654.812 0.384314 0.5 0 0
16720 0.112008 0.6875 655.5 0.384314 0.5 0 0
16730 0.112008 0.6875 655.5 0.384314 0.5 0 0
16740 0.112008 0.625 656.125 0.384314 0.5 0 0
16750 0.112008 0.625 656.125 0.384314 0.5 0 0
16760 0.112008 0.6875 656.812 0.384314 0.5 0 0
16770 0.112008 0.6875 656.812 0.384314 0.5 0 0
16780 0.112008 0.6875 657.5 0.384314 0.5 0 0
16790 0.112008 0.6875 657.5 0.384314 0.5 0 0
16800 0.112008 0.6875 658.188 0.384314 0.5 0 0
16810 0.112008 0.6875 658.188 0.384314 0.5 0 0
16820 0.112008 0.6875 658.875 0.384314 0.5 0 0
16830 0.112008 0.6875 658.875 0.384314 0.5 0 0
16840 0.112008 0.6875 659.562 0.384314 0.5 0 0
16850 0.112008 0.6875 659.562 0.384314 0.5 0 0
16860 0.112008 0.8125 660.375 0.384314 0.5 0 0
16870 0.112008 0.8125 660.375 0.384314 0.5 0 0
16880 0.112008 0.8125 661.188 0.384314 0.5 0 0
16890 0.112008 0.8125 661.188 0.384314 0.5 0 0
16900 0.112008 0.75 661.938 0.384314 0.5 0 0
16910 0.112008 0.75 661.938 0.384314 0.5 0 0
16920 0.112008 0.75 662.688 0.384314 0.5 0 0
16930 0.112008 0.75 662.688 0.384314 0.5 0 0
16940 0.112008 0.5 663.188 0.384314 0.5 0 0
16950 0.112008 0.5 663.188 0.384314 0.5 0 0
16960 0.112008 0.8125 664 0.384314 0.5 0 0
16970 0.112008 0.8125 664 0.384314 0.5 0 0
16980 0.112008 0.6875 664.688 0.384314 0.5 0 0
16990 0.112008 0.6875 664.688 0.384314 0.5 0 0
17000 0.112008 0.8125 665.5 0.384314 0.5 0 0
17010 0.112008 0.8125 665.5 0.384314 0.5 0 0
17020 0.112008 0.875 666.375 0.384314 0.5 0 0
17030 0.112008 0.875 666.375 0.384314 0.5 0 0
17040 0.112008 0.875 667.25 0.384314 0.5 0 0
17050 0.112008 0.875 667.25 0.384314 0.5 0 0
17060 0.112008 1 668.25 0.384314 0.5 0 0
17070 0.112008 1 668.25 0.384314 0.5 0 0
17080 0.112008 1 669.25 0.384314 0.5 0 0
17090 0.112008 1 669.25 0.384314 0.5 0 0
17100 0.112008 1 670.25 0.384314 0.5 0 0
17110 0.112008 1 670.25 0.384314 0.5 0 0
17120 0.112008 0.875 671.125 0.384314 0.5 0 0
17130 0.112008 0.875 671.125 0.384314 0.5 0 0
17140 0.112008 0.8125 671.938 0.384314 0.5 0 0
17150 0.112008 0.8125 671.938 0.384314 0.5 0 0
17160 0.112008 0.6875 672.625 0.384314 0.5 0 0
17170 0.112008 0.6875 672.625 0.384314 0.5 0 0
17180 0.112008 0.6875 673.312 0.384314 0.5 0 0
17190 0.112008 0.6875 673.312 0.384314 0.5 0 0
17200 0.112008 0.8125 674.125 0.384314 0.5 0 0
17210 0.112008 0.8125 674.125 0.384314 0.5 0 0
17220 0.112008 0.8125 674.938 0.384314 0.5 0 0
17230 0.112008 0.8125 674.938 0.384314 0.5 0 0
17240 0.112008 0.625 675.562 0.384314 0.5 0 0
17250 0.112008 0.625 675.562 0.384314 0.5 0 0
17260 0.112008 0.8125 676.375 0.384314 0.5 0 0
17270 0.112008 0.8125 676.375 0.384314 0.5 0 0
17280 0.112008 0.875 677.25 0.384314 0.5 0 0
17290 0.112008 0.875 677.25 0.384314 0.5 0 0
17300 0.112008 0.875 678.125 0.384314 0.5 0 0
17310 0.112008 0.875 678.125 0.384314 0.5 0 0
17320 0.112008 0.875 679 0.384314 0.5 0 0
17330 0.112008 0.875 679 0.384314 0.5 0 0
17340 0.112008 0.875 679.875 0.384314 0.5 0 0
17350 0.112008 0.875 679.875 0.384314 0.5 0 0
17360 0.112008 0.875 680.75 0.384314 0.5 0 0
17370 0.112008 0.875 680.75 0.384314 0.5 0 0
17380 0.112008 0.875 681.625 0.384314 0.5 0 0
17390 0.112008 0.875 681.625 0.384314 0.5 0 0
17400 0.112008 0.75 682.375 0.384314 0.5 0 0
17410 0.112008 0.75 682.375 0.384314 0.5 0 0
17420 0.112008 0.75 683.125 0.384314 0.5 0 0
17430 0.112008 0.75 683.125 0.384314 0.5 0 0
17440 0.112259 0.6875 683.812 0.384314 0.5 0 0
17450 0.112259 0.6875 683.812 0.384314 0.5 0 0
17460 0.11324 0.75 684.562 0.384314 0.5 0 0
17470 0.11324 0.75 684.562 0.384314 0.5 0 0
17480 0.1138 0.8125 685.375 0.384314 0.5 0 0
17490 0.1138 0.8125 685.375 0.384314 0.5 0 0
17500 0.11382 0.8125 686.188 0.384314 0.5 0 0
17510 0.11382 0.8125 686.188 0.384314 0.5 0 0
17520 0.114128 0.8125 687 0.384314 0.5 0 0
17530 0.114128 0.8125 687 0.388235 0.5 0 0
17540 0.1146 0.8125 687.812 0.388235 0.5 0 0
17550 0.1146 0.8125 687.812 0.384314 0.5 0 0
17560 0.114729 0.8125 688.625 0.384314 0.5 0 0
17570 0.114729 0.8125 688.625 0.384314 0.5 0 0
17580 0.114524 0.625 689.25 0.380392 0.5 0 0
17590 0.114524 0.625 689.25 0.380392 0.5 0 0
17600 0.113147 0.625 689.875 0.380392 0.5 0 0
17610 0.113147 0.625 689.875 0.380392 0.5 0 0
17620 0.11226 0.6875 690.562 0.380392 0.5 0 0
17630 0.11226 0.6875 690.562 0.380392 0.5 0 0
17640 0.11196 0.6875 691.25 0.380392 0.5 0 0
17650 0.11196 0.6875 691.25 0.380392 0.5 0 0
17660 0.11192 0.6875 691.938 0.380392 0.5 0 0
17670 0.11192 0.6875 691.938 0.380392 0.5 0 0
17680 0.11192 0.6875 692.625 0.380392 0.5 0 0
17690 0.11192 0.6875 692.625 0.380392 0.5 0 0
17700 0.112207 0.625 693.25 0.376471 0.5 0 0
17710 0.112207 0.625 693.25 0.376471 0.5 0 0
17720 0.112621 0.5625 693.812 0.376471 0.5 0 0
17730 0.112621 0.5625 693.812 0.376471 0.5 0 0
17740 0.112782 0.6875 694.5 0.376471 0.5 0 0
17750 0.112782 0.6875 694.5 0.376471 0.5 0 0
17760 0.112683 0.8125 695.312 0.372549 0.5 0 0
17770 0.112683 0.8125 695.312 0.372549 0.5 0 0
17780 0.112601 0.8125 696.125 0.372549 0.5 0 0
17790 0.112601 0.8125 696.125 0.372549 0.5 0 0
17800 0.112627 0.8125 696.938 0.376471 0.5 0 0
17810 0.112627 0.8125 696.938 0.376471 0.5 0 0
17820 0.112711 0.75 697.688 0.376471 0.5 0 0
17830 0.112711 0.75 697.688 0.376471 0.5 0 0
17840 0.113107 0.75 698.438 0.376471 0.5 0 0
17850 0.113107 0.75 698.438 0.376471 0.5 0 0
17860 0.113314 0.75 699.188 0.376471 0.5 0 0
17870 0.113314 0.75 699.188 0.376471 0.5 0 0
17880 0.112859 0.75 699.938 0.376471 0.5 0 0
17890 0.112859 0.75 699.938 0.376471 0.5 0 0
17900 0.112571 0.75 700.688 0.376471 0.5 0 0
17910 0.112571 0.75 700.688 0.372549 0.5 0 0
17920 0.112069 0.75 701.438 0.376471 0.5 0 0
17930 0.112069 0.75 701.438 0.376471 0.5 0 0
17940 0.112024 0.6875 702.125 0.376471 0.5 0 0
17950 0.112024 0.6875 702.125 0.376471 0.5 0 0
17960 0.111697 0.75 702.875 0.376471 0.5 0 0
17970 0.111697 0.75 702.875 0.376471 0.5 0 0
17980 0.111273 0.75 703.625 0.372549 0.5 0 0
17990 0.111273 0.75 703.625 0.368627 0.5 0 0
18000 0.110196 0.75 704.375 0.368627 0.5 0 0
18010 0.110196 0.75 704.375 0.364706 0.5 0 0
18020 0.109234 0.75 705.125 0.364706 0.5 0 0
18030 0.109234 0.75 705.125 0.368627 0.5 0 0
18040 0.108703 0.6875 705.812 0.364706 0.5 0 0
18050 0.108703 0.6875 705.812 0.364706 0.5 0 0
18060 0.108518 0.6875 706.5 0.364706 0.5 0 0
18070 0.108518 0.6875 706.5 0.364706 0.5 0 0
18080 0.108399 0.6875 707.188 0.364706 0.5 0 0
18090 0.108399 0.6875 707.188 0.364706 0.5 0 0
18100 0.108398 0.625 707.812 0.368627 0.5 0 0
18110 0.108398 0.625 707.812 0.368627 0.5 0 0
18120 0.108398 0.625 708.438 0.364706 0.5 0 0
18130 0.108398 0.625 708.438 0.364706 0.5 0 0
18140 0.108398 0.625 709.062 0.364706 0.5 0 0
18150 0.108398 0.625 709.062 0.364706 0.5 0 0
18160 0.108398 0.625 709.688 0.364706 0.5 0 0
18170 0.108398 0.625 709.688 0.364706 0.5 0 0
18180 0.108398 0.6875 710.375 0.364706 0.5 0 0
18190 0.108398 0.6875 710.375 0.368627 0.5 0 0
18200 0.108404 0.75 711.125 0.364706 0.5 0 0
18210 0.108404 0.75 711.125 0.364706 0.5 0 0
18220 0.108195 0.75 711.875 0.364706 0.5 0 0
18230 0.108195 0.75 711.875 0.368627 0.5 0 0
18240 0.108119 0.6875 712.562 0.364706 0.5 0 0
18250 0.108119 0.6875 712.562 0.364706 0.5 0 0
18260 0.108119 0.6875 713.25 0.364706 0.5 0 0
18270 0.108119 0.6875 713.25 0.364706 0.5 0 0
18280 0.108119 0.6875 713.938 0.364706 0.5 0 0
18290 0.108119 0.6875 713.938 0.364706 0.5 0 0
18300 0.108116 0.6875 714.625 0.364706 0.5 0 0
18310 0.108116 0.6875 714.625 0.364706 0.5 0 0
18320 0.108116 0.75 715.375 0.364706 0.5 0 0
18330 0.108116 0.75 715.375 0.364706 0.5 0 0
18340 0.108116 0.75 716.125 0.364706 0.5 0 0
18350 0.108116 0.75 716.125 0.364706 0.5 0 0
18360 0.108116 0.75 716.875 0.364706 0.5 0 0
18370 0.108116 0.75 716.875 0.368627 0.5 0 0
18380 0.108116 0.75 717.625 0.368627 0.5 0 0
18390 0.108116 0.75 717.625 0.368627 0.5 0 0
18400 0.108514 0.75 718.375 0.368627 0.5 0 0
18410 0.108514 0.75 718.375 0.364706 0.5 0 0
18420 0.1091 0.75 719.125 0.364706 0.5 0 0
18430 0.1091 0.75 719.125 0.364706 0.5 0 0
18440 0.10985 0.6875 719.812 0.368627 0.5 0 0
18450 0.10985 0.6875 719.812 0.368627 0.5 0 0
18460 0.110354 0.6875 720.5 0.368627 0.5 0 0
18470 0.110354 0.6875 720.5 0.368627 0.5 0 0
18480 0.110886 0.75 721.25 0.368627 0.5 0 0
18490 0.110886 0.75 721.25 0.368627 0.5 0 0
18500 0.111606 0.75 722 0.368627 0.5 0 0
18510 0.111606 0.75 722 0.368627 0.5 0 0
18520 0.111826 0.8125 722.812 0.368627 0.5 0 0
18530 0.111826 0.8125 722.812 0.368627 0.5 0 0
18540 0.111822 0.75 723.562 0.368627 0.5 0 0
18550 0.111822 0.75 723.562 0.368627 0.5 0 0
18560 0.111799 0.75 724.312 0.364706 0.5 0 0
18570 0.111799 0.75 724.312 0.364706 0.5 0 0
18580 0.11121 0.8125 725.125 0.364706 0.5 0 0
18590 0.11121 0.8125 725.125 0.364706 0.5 0 0
18600 0.110615 0.8125 725.938 0.364706 0.5 0 0
18610 0.110615 0.8125 725.938 0.364706 0.5 0 0
18620 0.110379 0.875 726.812 0.364706 0.5 0 0
18630 0.110379 0.875 726.812 0.364706 0.5 0 0
18640 0.110235 0.875 727.688 0.364706 0.5 0 0
18650 0.110235 0.875 727.688 0.364706 0.5 0 0
18660 0.110693 0.875 728.562 0.364706 0.5 0 0
18670 0.110693 0.875 728.562 0.364706 0.5 0 0
18680 0.110621 0.8125 729.375 0.364706 0.5 0 0
18690 0.110621 0.8125 729.375 0.364706 0.5 0 0
18700 0.111047 0.6875 730.062 0.364706 0.5 0 0
18710 0.111047 0.6875 730.062 0.364706 0.5 0 0
18720 0.111028 0.625 730.688 0.364706 0.5 0 0
18730 0.111028 0.625 730.688 0.364706 0.5 0 0
18740 0.111175 0.4375 731.125 0.364706 0.5 0 0
18750 0.111175 0.4375 731.125 0.360784 0.5 0 0
18760 0.111063 0.4375 731.562 0.364706 0.5 0 0
18770 0.111063 0.4375 731.562 0.360784 0.5 0 0
18780 0.110409 0.5 732.062 0.360784 0.5 0 0
18790 0.110409 0.5 732.062 0.360784 0.5 0 0
18800 0.109665 0.6875 732.75 0.360784 0.5 0 0
18810 0.109665 0.6875 732.75 0.364706 0.5 0 0
18820 0.109233 0.6875 733.438 0.364706 0.5 0 0
18830 0.109233 0.6875 733.438 0.360784 0.5 0 0
18840 0.109042 0.5 733.938 0.364706 0.5 0 0
18850 0.109042 0.5 733.938 0.364706 0.5 0 0
18860 0.108721 0.5 734.438 0.360784 0.5 0 0
18870 0.108721 0.5 734.438 0.364706 0.5 0 0
18880 0.107803 0.5625 735 0.364706 0.5 0 0
18890 0.107803 0.5625 735 0.364706 0.5 0 0
18900 0.107061 0.4375 735.438 0.364706 0.5 0 0
18910 0.107061 0.4375 735.438 0.360784 0.5 0 0
18920 0.106996 0.5625 736 0.360784 0.5 0 0
18930 0.106996 0.5625 736 0.364706 0.5 0 0
18940 0.106983 0.5625 736.562 0.364706 0.5 0 0
18950 0.106983 0.5625 736.562 0.360784 0.5 0 0
18960 0.106983 0.5625 737.125 0.364706 0.5 0 0
18970 0.106983 0.5625 737.125 0.364706 0.5 0 0
18980 0.106983 0.625 737.75 0.364706 0.5 0 0
18990 0.106983 0.625 737.75 0.364706 0.5 0 0
19000 0.106983 0.625 738.375 0.360784 0.5 0 0
19010 0.106983 0.625 738.375 0.364706 0.5 0 0
19020 0.106983 0.4375 738.812 0.364706 0.5 0 0
19030 0.106983 0.4375 738.812 0.360784 0.5 0 0
19040 0.106983 0.4375 739.25 0.364706 0.5 0 0
19050 0.106983 0.4375 739.25 0.364706 0.5 0 0
19060 0.106983 0.5 739.75 0.364706 0.5 0 0
19070 0.106983 0.5 739.75 0.364706 0.5 0 0
19080 0.106983 0.5 740.25 0.364706 0.5 0 0
19090 0.106983 0.5 740.25 0.364706 0.5 0 0
19100 0.106983 0.375 740.625 0.364706 0.5 0 0
19110 0.106983 0.375 740.625 0.360784 0.5 0 0
19120 0.106983 0.375 741 0.364706 0.5 0 0
19130 0.106983 0.375 741 0.364706 0.5 0 0
19140 0.106983 0.375 741.375 0.364706 0.5 0 0
19150 0.106983 0.375 741.375 0.364706 0.5 0 0
19160 0.107597 0.375 741.75 0.364706 0.5 0 0
19170 0.107597 0.375 741.75 0.364706 0.5 0 0
19180 0.108266 0.5 742.25 0.364706 0.5 0 0
19190 0.108266 0.5 742.25 0.364706 0.5 0 0
19200 0.108444 0.5625 742.812 0.364706 0.5 0 0
19210 0.108444 0.5625 742.812 0.364706 0.5 0 0
19220 0.109174 0.625 743.438 0.364706 0.5 0 0
19230 0.109174 0.625 743.438 0.364706 0.5 0 0
19240 0.109977 0.75 744.188 0.364706 0.5 0 0
19250 0.109977 0.75 744.188 0.364706 0.5 0 0
19260 0.110487 0.75 744.938 0.364706 0.5 0 0
19270 0.110487 0.75 744.938 0.364706 0.5 0 0
19280 0.110927 0.6875 745.625 0.364706 0.5 0 0
19290 0.110927 0.6875 745.625 0.364706 0.5 0 0
19300 0.111019 0.6875 746.312 0.360784 0.5 0 0
19310 0.111019 0.6875 746.312 0.360784 0.5 0 0
19320 0.110858 0.6875 747 0.360784 0.5 0 0
19330 0.110858 0.6875 747 0.356863 0.5 0 0
19340 0.109732 0.4375 747.438 0.360784 0.5 0 0
19350 0.109732 0.4375 747.438 0.360784 0.5 0 0
19360 0.109481 0.4375 747.875 0.360784 0.5 0 0
19370 0.109481 0.4375 747.875 0.360784 0.5 0 0
19380 0.10948 0.5 748.375 0.360784 0.5 0 0
19390 0.10948 0.5 748.375 0.360784 0.5 0 0
19400 0.109345 0.625 749 0.360784 0.5 0 0
19410 0.109345 0.625 749 0.352941 0.5 0 0
19420 0.108347 0.625 749.625 0.352941 0.5 0 0
19430 0.108347 0.625 749.625 0.356863 0.5 0 0
19440 0.107094 0.5625 750.188 0.356863 0.5 0 0
19450 0.107094 0.5625 750.188 0.356863 0.5 0 0
19460 0.106028 0.5625 750.75 0.356863 0.5 0 0
19470 0.106028 0.5625 750.75 0.356863 0.5 0 0
19480 0.105394 0.5625 751.312 0.356863 0.5 0 0
19490 0.105394 0.5625 751.312 0.356863 0.5 0 0
19500 0.105391 0.625 751.938 0.356863 0.5 0 0
19510 0.105391 0.625 751.938 0.356863 0.5 0 0
19520 0.105391 0.75 752.688 0.356863 0.5 0 0
19530 0.105391 0.75 752.688 0.356863 0.5 0 0
19540 0.105336 0.75 753.438 0.356863 0.5 0 0
19550 0.105336 0.75 753.438 0.356863 0.5 0 0
19560 0.105303 0.75 754.188 0.356863 0.5 0 0
19570 0.105303 0.75 754.188 0.356863 0.5 0 0
19580 0.105303 0.75 754.938 0.356863 0.5 0 0
19590 0.105303 0.75 754.938 0.356863 0.5 0 0
19600 0.105303 0.75 755.688 0.356863 0.5 0 0
19610 0.105303 0.75 755.688 0.356863 0.5 0 0
19620 0.105303 0.6875 756.375 0.356863 0.5 0 0
19630 0.105303 0.6875 756.375 0.356863 0.5 0 0
19640 0.105303 0.625 757 0.356863 0.5 0 0
19650 0.105303 0.625 757 0.356863 0.5 0 0
19660 0.105303 0.75 757.75 0.356863 0.5 0 0
19670 0.105303 0.75 757.75 0.356863 0.5 0 0
19680 0.105303 0.75 758.5 0.356863 0.5 0 0
19690 0.105303 0.75 758.5 0.356863 0.5 0 0
19700 0.105303 0.875 759.375 0.356863 0.5 0 0
19710 0.105303 0.875 759.375 0.356863 0.5 0 0
19720 0.105303 0.75 760.125 0.356863 0.5 0 0
19730 0.105303 0.75 760.125 0.356863 0.5 0 0
19740 0.105303 0.75 760.875 0.356863 0.5 0 0
19750 0.105303 0.75 760.875 0.356863 0.5 0 0
19760 0.105303 0.6875 761.562 0.356863 0.5 0 0
19770 0.105303 0.6875 761.562 0.356863 0.5 0 0
19780 0.105303 0.625 762.188 0.356863 0.5 0 0
19790 0.105303 0.625 762.188 0.356863 0.5 0 0
19800 0.105303 0.625 762.812 0.356863 0.5 0 0
19810 0.105303 0.625 762.812 0.356863 0.5 0 0
19820 0.105303 0.625 763.438 0.356863 0.5 0 0
19830 0.105303 0.625 763.438 0.356863 0.5 0 0
19840 0.105303 0.5625 764 0.356863 0.5 0 0
19850 0.105303 0.5625 764 0.356863 0.5 0 0
19860 0.105303 0.75 764.75 0.356863 0.5 0 0
19870 0.105303 0.75 764.75 0.356863 0.5 0 0
19880 0.105303 0.75 765.5 0.356863 0.5 0 0
19890 0.105303 0.75 765.5 0.356863 0.5 0 0
19900 0.105303 0.8125 766.312 0.356863 0.5 0 0
19910 0.105303 0.8125 766.312 0.356863 0.5 0 0
19920 0.105303 0.8125 767.125 0.356863 0.5 0 0
19930 0.105303 0.8125 767.125 0.356863 0.5 0 0
19940 0.105303 0.75 767.875 0.356863 0.5 0 0
19950 0.105303 0.75 767.875 0.356863 0.5 0 0
19960 0.105303 0.6875 768.562 0.356863 0.5 0 0
19970 0.105303 0.6875 768.562 0.356863 0.5 0 0
19980 0.105303 0.8125 769.375 0.356863 0.5 0 0
19990 0.105303 0.8125 769.375 0.356863 0.5 0 0
20000 0.105303 0.75 770.125 0.356863 0.5 0 0
20010 0.105303 0.75 770.125 0.356863 0.5 0 0
