0 0.105492 0 0 0.5 0.5 0 0
10 0.105492 0 0 0.6 0.5 0 0
20 0.106856 0.4375 0.4375 0.607843 0.5 0 0
30 0.106856 0.4375 0.4375 0.631373 0.5 0 0
40 0.106714 0.4375 0.875 0.643137 0.5 0 0
50 0.106714 0.4375 0.875 0.615686 0.5 0 0
60 0.106506 0.4375 1.3125 0.654902 0.5 0 0
70 0.106506 0.4375 1.3125 0.74902 0.5 0 0
80 0.105911 0.5 1.8125 0.619608 0.5 0 0
90 0.105911 0.5 1.8125 0.772549 0.5 0 0
100 0.106932 0.5 2.3125 0.74902 0.5 0 0
110 0.106932 0.5 2.3125 0.678431 0.5 0 0
120 0.107156 0.1875 2.5 0.721569 0.5 0 0
130 0.107156 0.1875 2.5 0.67451 0.5 0 0
140 0.106505 0.3125 2.8125 0.65098 0.5 0 0
150 0.106505 0.3125 2.8125 0.678431 0.5 0 0
160 0.106276 0.3125 3.125 0.654902 0.5 0 0
170 0.106276 0.3125 3.125 0.72549 0.5 0 0
180 0.104252 0.3125 3.4375 0.772549 0.5 0 0
190 0.104252 0.3125 3.4375 0.772549 0.5 0 0
200 0.101757 0.3125 3.75 0.607843 0.5 0 0
210 0.101757 0.3125 3.75 0.772549 0.5 0 0
220 0.0993805 0.3125 4.0625 0.623529 0.5 0 0
230 0.0993805 0.3125 4.0625 0.576471 0.5 0 0
240 0.0977524 0.3125 4.375 0.733333 0.5 0 0
250 0.0977524 0.3125 4.375 0.588235 0.5 0 0
260 0.0962242 0.3125 4.6875 0.666667 0.5 0 0
270 0.0962242 0.3125 4.6875 0.690196 0.5 0 0
280 0.0950856 0.25 4.9375 0.580392 0.5 0 0
290 0.0950856 0.25 4.9375 0.686275 0.5 0 0
300 0.0943441 0.1875 5.125 0.521569 0.5 0 0
310 0.0943441 0.1875 5.125 0.521569 0.5 0 0
320 0.0934965 0.1875 5.3125 0.498039 0.5 0 0
330 0.0934965 0.1875 5.3125 0.505882 0.5 0 0
340 0.0925034 0.1875 5.5 0.501961 0.5 0 0
350 0.0925034 0.1875 5.5 0.501961 0.5 0 0
360 0.0924136 0.1875 5.6875 0.501961 0.5 0 0
370 0.0924136 0.1875 5.6875 0.509804 0.5 0 0
380 0.092191 0.1875 5.875 0.509804 0.5 0 0
390 0.092191 0.1875 5.875 0.505882 0.5 0 0
400 0.0920731 0.125 6 0.498039 0.5 0 0
410 0.0920731 0.125 6 0.509804 0.5 0 0
420 0.0921132 0.125 6.125 0.501961 0.5 0 0
430 0.0921132 0.125 6.125 0.513725 0.5 0 0
440 0.0921132 0.25 6.375 0.498039 0.5 0 0
450 0.0921132 0.25 6.375 0.505882 0.5 0 0
460 0.0920998 0.3125 6.6875 0.494118 0.5 0 0
470 0.0920998 0.3125 6.6875 0.47451 0.5 0 0
480 0.0925587 0.3125 7 0.454902 0.5 0 0
490 0.0925587 0.3125 7 0.45098 0.5 0 0
500 0.0928098 0.3125 7.3125 0.447059 0.5 0 0
510 0.0928098 0.3125 7.3125 0.45098 0.5 0 0
520 0.0928353 0.3125 7.625 0.447059 0.5 0 0
530 0.0928353 0.3125 7.625 0.45098 0.5 0 0
540 0.0926709 0.3125 7.9375 0.447059 0.5 0 0
550 0.0926709 0.3125 7.9375 0.45098 0.5 0 0
560 0.0926669 0.3125 8.25 0.454902 0.5 0 0
570 0.0926669 0.3125 8.25 0.45098 0.5 0 0
580 0.092663 0.3125 8.5625 0.45098 0.5 0 0
590 0.092663 0.3125 8.5625 0.45098 0.5 0 0
600 0.0926604 0.3125 8.875 0.45098 0.5 0 0
610 0.0926604 0.3125 8.875 0.45098 0.5 0 0
620 0.0926012 0.3125 9.1875 0.447059 0.5 0 0
630 0.0926012 0.3125 9.1875 0.45098 0.5 0 0
640 0.0925966 0.3125 9.5 0.447059 0.5 0 0
650 0.0925966 0.3125 9.5 0.447059 0.5 0 0
660 0.0925941 0.25 9.75 0.454902 0.5 0 0
670 0.0925941 0.25 9.75 0.454902 0.5 0 0
680 0.0925929 0.375 10.125 0.447059 0.5 0 0
690 0.0925929 0.375 10.125 0.45098 0.5 0 0
700 0.0925928 0.375 10.5 0.45098 0.5 0 0
710 0.0925928 0.375 10.5 0.45098 0.5 0 0
720 0.0925858 0.4375 10.9375 0.45098 0.5 0 0
730 0.0925858 0.4375 10.9375 0.45098 0.5 0 0
740 0.0925842 0.4375 11.375 0.447059 0.5 0 0
750 0.0925842 0.4375 11.375 0.447059 0.5 0 0
760 0.0925842 0.4375 11.8125 0.45098 0.5 0 0
770 0.0925842 0.4375 11.8125 0.45098 0.5 0 0
780 0.0925795 0.4375 12.25 0.45098 0.5 0 0
790 0.0925795 0.4375 12.25 0.45098 0.5 0 0
800 0.0925631 0.4375 12.6875 0.447059 0.5 0 0
810 0.0925631 0.4375 12.6875 0.447059 0.5 0 0
820 0.0925604 0.375 13.0625 0.454902 0.5 0 0
830 0.0925604 0.375 13.0625 0.447059 0.5 0 0
840 0.0925604 0.4375 13.5 0.454902 0.5 0 0
850 0.0925604 0.4375 13.5 0.447059 0.5 0 0
860 0.0925604 0.4375 13.9375 0.45098 0.5 0 0
870 0.0925604 0.4375 13.9375 0.45098 0.5 0 0
880 0.0925522 0.5 14.4375 0.45098 0.5 0 0
890 0.0925522 0.5 14.4375 0.45098 0.5 0 0
900 0.0924117 0.5625 15 0.443137 0.5 0 0
910 0.0924117 0.5625 15 0.439216 0.5 0 0
920 0.0917464 0.5625 15.5625 0.427451 0.5 0 0
930 0.0917464 0.5625 15.5625 0.423529 0.5 0 0
940 0.0906678 0.5 16.0625 0.423529 0.5 0 0
950 0.0906678 0.5 16.0625 0.423529 0.5 0 0
960 0.0903979 0.5625 16.625 0.423529 0.5 0 0
970 0.0903979 0.5625 16.625 0.423529 0.5 0 0
980 0.090373 0.625 17.25 0.423529 0.5 0 0
990 0.090373 0.625 17.25 0.423529 0.5 0 0
1000 0.0906883 0.625 17.875 0.423529 0.5 0 0
1010 0.0906883 0.625 17.875 0.423529 0.5 0 0
1020 0.0908672 0.75 18.625 0.423529 0.5 0 0
1030 0.0908672 0.75 18.625 0.423529 0.5 0 0
1040 0.090791 0.75 19.375 0.423529 0.5 0 0
1050 0.090791 0.75 19.375 0.423529 0.5 0 0
1060 0.0907561 0.8125 20.1875 0.423529 0.5 0 0
1070 0.0907561 0.8125 20.1875 0.423529 0.5 0 0
1080 0.0907556 0.8125 21 0.423529 0.5 0 0
1090 0.0907556 0.8125 21 0.423529 0.5 0 0
1100 0.0907556 0.5625 21.5625 0.423529 0.5 0 0
1110 0.0907556 0.5625 21.5625 0.423529 0.5 0 0
1120 0.0907556 0.625 22.1875 0.423529 0.5 0 0
1130 0.0907556 0.625 22.1875 0.423529 0.5 0 0
1140 0.0908622 0.75 22.9375 0.423529 0.5 0 0
1150 0.0908622 0.75 22.9375 0.423529 0.5 0 0
1160 0.0908765 0.75 23.6875 0.423529 0.5 0 0
1170 0.0908765 0.75 23.6875 0.423529 0.5 0 0
1180 0.0909673 0.5625 24.25 0.423529 0.5 0 0
1190 0.0909673 0.5625 24.25 0.419608 0.5 0 0
1200 0.0909629 0.5625 24.8125 0.415686 0.5 0 0
1210 0.0909629 0.5625 24.8125 0.411765 0.5 0 0
1220 0.0905162 0.5625 25.375 0.411765 0.5 0 0
1230 0.0905162 0.5625 25.375 0.415686 0.5 0 0
1240 0.0901155 0.5625 25.9375 0.411765 0.5 0 0
1250 0.0901155 0.5625 25.9375 0.411765 0.5 0 0
1260 0.0901011 0.5625 26.5 0.411765 0.5 0 0
1270 0.0901011 0.5625 26.5 0.411765 0.5 0 0
1280 0.0900981 0.5625 27.0625 0.411765 0.5 0 0
1290 0.0900981 0.5625 27.0625 0.411765 0.5 0 0
1300 0.0900854 0.625 27.6875 0.411765 0.5 0 0
1310 0.0900854 0.625 27.6875 0.411765 0.5 0 0
1320 0.0900809 0.625 28.3125 0.411765 0.5 0 0
1330 0.0900809 0.625 28.3125 0.411765 0.5 0 0
1340 0.0900809 0.5 28.8125 0.415686 0.5 0 0
1350 0.0900809 0.5 28.8125 0.411765 0.5 0 0
1360 0.0900565 0.75 29.5625 0.411765 0.5 0 0
1370 0.0900565 0.75 29.5625 0.411765 0.5 0 0
1380 0.0900025 0.75 30.3125 0.411765 0.5 0 0
1390 0.0900025 0.75 30.3125 0.411765 0.5 0 0
1400 0.0900025 0.8125 31.125 0.411765 0.5 0 0
1410 0.0900025 0.8125 31.125 0.411765 0.5 0 0
1420 0.0899065 0.75 31.875 0.411765 0.5 0 0
1430 0.0899065 0.75 31.875 0.411765 0.5 0 0
1440 0.0898853 0.75 32.625 0.411765 0.5 0 0
1450 0.0898853 0.75 32.625 0.411765 0.5 0 0
1460 0.0897888 0.75 33.375 0.411765 0.5 0 0
1470 0.0897888 0.75 33.375 0.411765 0.5 0 0
1480 0.0897853 0.75 34.125 0.411765 0.5 0 0
1490 0.0897853 0.75 34.125 0.411765 0.5 0 0
1500 0.0897853 0.75 34.875 0.411765 0.5 0 0
1510 0.0897853 0.75 34.875 0.411765 0.5 0 0
1520 0.0897797 0.5625 35.4375 0.411765 0.5 0 0
1530 0.0897797 0.5625 35.4375 0.411765 0.5 0 0
1540 0.0897714 0.6875 36.125 0.415686 0.5 0 0
1550 0.0897714 0.6875 36.125 0.411765 0.5 0 0
1560 0.0897543 0.625 36.75 0.411765 0.5 0 0
1570 0.0897543 0.625 36.75 0.411765 0.5 0 0
1580 0.0897527 0.625 37.375 0.415686 0.5 0 0
1590 0.0897527 0.625 37.375 0.415686 0.5 0 0
1600 0.0897527 0.625 38 0.411765 0.5 0 0
1610 0.0897527 0.625 38 0.411765 0.5 0 0
1620 0.0897475 0.625 38.625 0.411765 0.5 0 0
1630 0.0897475 0.625 38.625 0.411765 0.5 0 0
1640 0.0897464 0.625 39.25 0.411765 0.5 0 0
1650 0.0897464 0.625 39.25 0.411765 0.5 0 0
1660 0.0897406 0.5625 39.8125 0.411765 0.5 0 0
1670 0.0897406 0.5625 39.8125 0.411765 0.5 0 0
1680 0.0896641 0.6875 40.5 0.411765 0.5 0 0
1690 0.0896641 0.6875 40.5 0.411765 0.5 0 0
1700 0.0896571 0.8125 41.3125 0.411765 0.5 0 0
1710 0.0896571 0.8125 41.3125 0.411765 0.5 0 0
1720 0.0896561 0.875 42.1875 0.411765 0.5 0 0
1730 0.0896561 0.875 42.1875 0.415686 0.5 0 0
1740 0.0896552 0.875 43.0625 0.411765 0.5 0 0
1750 0.0896552 0.875 43.0625 0.411765 0.5 0 0
1760 0.0896542 0.875 43.9375 0.411765 0.5 0 0
1770 0.0896542 0.875 43.9375 0.415686 0.5 0 0
1780 0.0896517 0.875 44.8125 0.411765 0.5 0 0
1790 0.0896517 0.875 44.8125 0.411765 0.5 0 0
1800 0.0895886 0.6875 45.5 0.411765 0.5 0 0
1810 0.0895886 0.6875 45.5 0.411765 0.5 0 0
1820 0.0895844 0.6875 46.1875 0.411765 0.5 0 0
1830 0.0895844 0.6875 46.1875 0.411765 0.5 0 0
1840 0.0895808 0.8125 47 0.411765 0.5 0 0
1850 0.0895808 0.8125 47 0.411765 0.5 0 0
1860 0.0895805 0.875 47.875 0.411765 0.5 0 0
1870 0.0895805 0.875 47.875 0.411765 0.5 0 0
1880 0.0895805 0.875 48.75 0.411765 0.5 0 0
1890 0.0895805 0.875 48.75 0.411765 0.5 0 0
1900 0.0895781 0.875 49.625 0.411765 0.5 0 0
1910 0.0895781 0.875 49.625 0.411765 0.5 0 0
1920 0.0895772 0.8125 50.4375 0.411765 0.5 0 0
1930 0.0895772 0.8125 50.4375 0.411765 0.5 0 0
1940 0.0895764 0.875 51.3125 0.411765 0.5 0 0
1950 0.0895764 0.875 51.3125 0.411765 0.5 0 0
1960 0.0895729 0.9375 52.25 0.411765 0.5 0 0
1970 0.0895729 0.9375 52.25 0.411765 0.5 0 0
1980 0.0895643 0.9375 53.1875 0.411765 0.5 0 0
1990 0.0895643 0.9375 53.1875 0.411765 0.5 0 0
2000 0.0895609 0.6875 53.875 0.411765 0.5 0 0
2010 0.0895609 0.6875 53.875 0.411765 0.5 0 0
2020 0.0895604 0.6875 54.5625 0.411765 0.5 0 0
2030 0.0895604 0.6875 54.5625 0.411765 0.5 0 0
2040 0.0895604 0.6875 55.25 0.411765 0.5 0 0
2050 0.0895604 0.6875 55.25 0.411765 0.5 0 0
2060 0.0895585 0.6875 55.9375 0.411765 0.5 0 0
2070 0.0895585 0.6875 55.9375 0.411765 0.5 0 0
2080 0.0895482 0.6875 56.625 0.411765 0.5 0 0
2090 0.0895482 0.6875 56.625 0.415686 0.5 0 0
2100 0.0895413 0.8125 57.4375 0.411765 0.5 0 0
2110 0.0895413 0.8125 57.4375 0.411765 0.5 0 0
2120 0.0895364 0.875 58.3125 0.411765 0.5 0 0
2130 0.0895364 0.875 58.3125 0.411765 0.5 0 0
2140 0.0895354 0.8125 59.125 0.411765 0.5 0 0
2150 0.0895354 0.8125 59.125 0.411765 0.5 0 0
2160 0.089807 0.875 60 0.415686 0.5 0 0
2170 0.089807 0.875 60 0.415686 0.5 0 0
2180 0.0898223 0.875 60.875 0.411765 0.5 0 0
2190 0.0898223 0.875 60.875 0.411765 0.5 0 0
2200 0.0898193 0.875 61.75 0.411765 0.5 0 0
2210 0.0898193 0.875 61.75 0.411765 0.5 0 0
2220 0.0898101 0.875 62.625 0.411765 0.5 0 0
2230 0.0898101 0.875 62.625 0.411765 0.5 0 0
2240 0.089807 0.875 63.5 0.411765 0.5 0 0
2250 0.089807 0.875 63.5 0.411765 0.5 0 0
2260 0.090332 0.875 64.375 0.411765 0.5 0 0
2270 0.090332 0.875 64.375 0.411765 0.5 0 0
2280 0.0906649 0.875 65.25 0.411765 0.5 0 0
2290 0.0906649 0.875 65.25 0.411765 0.5 0 0
2300 0.090668 0.8125 66.0625 0.411765 0.5 0 0
2310 0.090668 0.8125 66.0625 0.411765 0.5 0 0
2320 0.090668 0.8125 66.875 0.411765 0.5 0 0
2330 0.090668 0.8125 66.875 0.411765 0.5 0 0
2340 0.0906645 0.875 67.75 0.411765 0.5 0 0
2350 0.0906645 0.875 67.75 0.411765 0.5 0 0
2360 0.0907443 0.875 68.625 0.411765 0.5 0 0
2370 0.0907443 0.875 68.625 0.411765 0.5 0 0
2380 0.0910871 0.875 69.5 0.407843 0.5 0 0
2390 0.0910871 0.875 69.5 0.403922 0.5 0 0
2400 0.0907899 0.875 70.375 0.4 0.5 0 0
2410 0.0907899 0.875 70.375 0.4 0.5 0 0
2420 0.0905415 0.875 71.25 0.4 0.5 0 0
2430 0.0905415 0.875 71.25 0.4 0.5 0 0
2440 0.0905074 0.75 72 0.4 0.5 0 0
2450 0.0905074 0.75 72 0.4 0.5 0 0
2460 0.0904342 0.8125 72.8125 0.4 0.5 0 0
2470 0.0904342 0.8125 72.8125 0.4 0.5 0 0
2480 0.090219 0.8125 73.625 0.4 0.5 0 0
2490 0.090219 0.8125 73.625 0.403922 0.5 0 0
2500 0.0902107 0.8125 74.4375 0.4 0.5 0 0
2510 0.0902107 0.8125 74.4375 0.4 0.5 0 0
2520 0.0902681 0.8125 75.25 0.4 0.5 0 0
2530 0.0902681 0.8125 75.25 0.4 0.5 0 0
2540 0.0902681 0.8125 76.0625 0.4 0.5 0 0
2550 0.0902681 0.8125 76.0625 0.4 0.5 0 0
2560 0.0898543 0.8125 76.875 0.4 0.5 0 0
2570 0.0898543 0.8125 76.875 0.4 0.5 0 0
2580 0.0896228 0.8125 77.6875 0.4 0.5 0 0
2590 0.0896228 0.8125 77.6875 0.4 0.5 0 0
2600 0.0896216 0.8125 78.5 0.403922 0.5 0 0
2610 0.0896216 0.8125 78.5 0.4 0.5 0 0
2620 0.090126 0.8125 79.3125 0.4 0.5 0 0
2630 0.090126 0.8125 79.3125 0.396078 0.5 0 0
2640 0.0902798 0.8125 80.125 0.392157 0.5 0 0
2650 0.0902798 0.8125 80.125 0.392157 0.5 0 0
2660 0.0899792 0.8125 80.9375 0.392157 0.5 0 0
2670 0.0899792 0.8125 80.9375 0.392157 0.5 0 0
2680 0.0898961 0.75 81.6875 0.392157 0.5 0 0
2690 0.0898961 0.75 81.6875 0.392157 0.5 0 0
2700 0.0898901 0.75 82.4375 0.392157 0.5 0 0
2710 0.0898901 0.75 82.4375 0.392157 0.5 0 0
2720 0.0908098 0.8125 83.25 0.392157 0.5 0 0
2730 0.0908098 0.8125 83.25 0.392157 0.5 0 0
2740 0.0911101 0.8125 84.0625 0.392157 0.5 0 0
2750 0.0911101 0.8125 84.0625 0.392157 0.5 0 0
2760 0.091556 0.8125 84.875 0.392157 0.5 0 0
2770 0.091556 0.8125 84.875 0.392157 0.5 0 0
2780 0.0919375 0.8125 85.6875 0.392157 0.5 0 0
2790 0.0919375 0.8125 85.6875 0.388235 0.5 0 0
2800 0.0918787 0.8125 86.5 0.388235 0.5 0 0
2810 0.0918787 0.8125 86.5 0.388235 0.5 0 0
2820 0.0914224 0.625 87.125 0.384314 0.5 0 0
2830 0.0914224 0.625 87.125 0.384314 0.5 0 0
2840 0.0909147 0.75 87.875 0.380392 0.5 0 0
2850 0.0909147 0.75 87.875 0.380392 0.5 0 0
2860 0.0899758 0.75 88.625 0.380392 0.5 0 0
2870 0.0899758 0.75 88.625 0.380392 0.5 0 0
2880 0.0893022 0.75 89.375 0.380392 0.5 0 0
2890 0.0893022 0.75 89.375 0.380392 0.5 0 0
2900 0.0890048 0.75 90.125 0.380392 0.5 0 0
2910 0.0890048 0.75 90.125 0.380392 0.5 0 0
2920 0.0883336 0.75 90.875 0.380392 0.5 0 0
2930 0.0883336 0.75 90.875 0.380392 0.5 0 0
2940 0.0882827 0.6875 91.5625 0.380392 0.5 0 0
2950 0.0882827 0.6875 91.5625 0.380392 0.5 0 0
2960 0.0880939 0.75 92.3125 0.380392 0.5 0 0
2970 0.0880939 0.75 92.3125 0.380392 0.5 0 0
2980 0.0880856 0.75 93.0625 0.380392 0.5 0 0
2990 0.0880856 0.75 93.0625 0.380392 0.5 0 0
3000 0.0880849 0.75 93.8125 0.380392 0.5 0 0
3010 0.0880849 0.75 93.8125 0.380392 0.5 0 0
3020 0.0880849 0.75 94.5625 0.380392 0.5 0 0
3030 0.0880849 0.75 94.5625 0.380392 0.5 0 0
3040 0.0880583 0.75 95.3125 0.380392 0.5 0 0
3050 0.0880583 0.75 95.3125 0.380392 0.5 0 0
3060 0.0880567 0.75 96.0625 0.380392 0.5 0 0
3070 0.0880567 0.75 96.0625 0.380392 0.5 0 0
3080 0.0880554 0.75 96.8125 0.380392 0.5 0 0
3090 0.0880554 0.75 96.8125 0.380392 0.5 0 0
3100 0.0880525 0.75 97.5625 0.380392 0.5 0 0
3110 0.0880525 0.75 97.5625 0.380392 0.5 0 0
3120 0.0880469 0.75 98.3125 0.380392 0.5 0 0
3130 0.0880469 0.75 98.3125 0.380392 0.5 0 0
3140 0.0880446 0.75 99.0625 0.380392 0.5 0 0
3150 0.0880446 0.75 99.0625 0.380392 0.5 0 0
3160 0.0880441 0.75 99.8125 0.380392 0.5 0 0
3170 0.0880441 0.75 99.8125 0.380392 0.5 0 0
3180 0.0880425 0.6875 100.5 0.380392 0.5 0 0
3190 0.0880425 0.6875 100.5 0.380392 0.5 0 0
3200 0.0880406 0.6875 101.188 0.380392 0.5 0 0
3210 0.0880406 0.6875 101.188 0.380392 0.5 0 0
3220 0.0880377 0.6875 101.875 0.380392 0.5 0 0
3230 0.0880377 0.6875 101.875 0.380392 0.5 0 0
3240 0.088034 0.6875 102.562 0.380392 0.5 0 0
3250 0.088034 0.6875 102.562 0.380392 0.5 0 0
3260 0.0880275 0.75 103.312 0.380392 0.5 0 0
3270 0.0880275 0.75 103.312 0.380392 0.5 0 0
3280 0.0880262 0.75 104.062 0.380392 0.5 0 0
3290 0.0880262 0.75 104.062 0.380392 0.5 0 0
3300 0.0880251 0.75 104.812 0.380392 0.5 0 0
3310 0.0880251 0.75 104.812 0.380392 0.5 0 0
3320 0.0880241 0.75 105.562 0.380392 0.5 0 0
3330 0.0880241 0.75 105.562 0.380392 0.5 0 0
3340 0.0880228 0.75 106.312 0.380392 0.5 0 0
3350 0.0880228 0.75 106.312 0.380392 0.5 0 0
3360 0.0880219 0.75 107.062 0.380392 0.5 0 0
3370 0.0880219 0.75 107.062 0.380392 0.5 0 0
3380 0.0880197 0.75 107.812 0.380392 0.5 0 0
3390 0.0880197 0.75 107.812 0.380392 0.5 0 0
3400 0.0880197 0.6875 108.5 0.380392 0.5 0 0
3410 0.0880197 0.6875 108.5 0.380392 0.5 0 0
3420 0.0880197 0.6875 109.188 0.380392 0.5 0 0
3430 0.0880197 0.6875 109.188 0.380392 0.5 0 0
3440 0.0880176 0.6875 109.875 0.380392 0.5 0 0
3450 0.0880176 0.6875 109.875 0.380392 0.5 0 0
3460 0.0880155 0.6875 110.562 0.380392 0.5 0 0
3470 0.0880155 0.6875 110.562 0.380392 0.5 0 0
3480 0.0880147 0.6875 111.25 0.380392 0.5 0 0
3490 0.0880147 0.6875 111.25 0.380392 0.5 0 0
3500 0.0880147 0.75 112 0.380392 0.5 0 0
3510 0.0880147 0.75 112 0.380392 0.5 0 0
3520 0.0880147 0.75 112.75 0.380392 0.5 0 0
3530 0.0880147 0.75 112.75 0.380392 0.5 0 0
3540 0.0880147 0.9375 113.688 0.380392 0.5 0 0
3550 0.0880147 0.9375 113.688 0.380392 0.5 0 0
3560 0.0880135 1 114.688 0.380392 0.5 0 0
3570 0.0880135 1 114.688 0.380392 0.5 0 0
3580 0.0880117 1 115.688 0.380392 0.5 0 0
3590 0.0880117 1 115.688 0.380392 0.5 0 0
3600 0.0880109 1 116.688 0.380392 0.5 0 0
3610 0.0880109 1 116.688 0.380392 0.5 0 0
3620 0.0880109 1 117.688 0.380392 0.5 0 0
3630 0.0880109 1 117.688 0.380392 0.5 0 0
3640 0.0880109 1 118.688 0.380392 0.5 0 0
3650 0.0880109 1 118.688 0.380392 0.5 0 0
3660 0.0880109 1 119.688 0.380392 0.5 0 0
3670 0.0880109 1 119.688 0.380392 0.5 0 0
3680 0.0880088 0.875 120.562 0.380392 0.5 0 0
3690 0.0880088 0.875 120.562 0.380392 0.5 0 0
3700 0.0880078 0.875 121.438 0.380392 0.5 0 0
3710 0.0880078 0.875 121.438 0.380392 0.5 0 0
3720 0.0880073 0.8125 122.25 0.380392 0.5 0 0
3730 0.0880073 0.8125 122.25 0.380392 0.5 0 0
3740 0.0880073 0.875 123.125 0.380392 0.5 0 0
3750 0.0880073 0.875 123.125 0.380392 0.5 0 0
3760 0.0880073 0.875 124 0.380392 0.5 0 0
3770 0.0880073 0.875 124 0.380392 0.5 0 0
3780 0.0880068 0.8125 124.812 0.380392 0.5 0 0
3790 0.0880068 0.8125 124.812 0.380392 0.5 0 0
3800 0.0880056 0.8125 125.625 0.380392 0.5 0 0
3810 0.0880056 0.8125 125.625 0.380392 0.5 0 0
3820 0.088005 0.9375 126.562 0.380392 0.5 0 0
3830 0.088005 0.9375 126.562 0.380392 0.5 0 0
3840 0.0880042 0.8125 127.375 0.380392 0.5 0 0
3850 0.0880042 0.8125 127.375 0.380392 0.5 0 0
3860 0.0879998 1 128.375 0.380392 0.5 0 0
3870 0.0879998 1 128.375 0.380392 0.5 0 0
3880 0.0879344 1 129.375 0.380392 0.5 0 0
3890 0.0879344 1 129.375 0.380392 0.5 0 0
3900 0.0879344 1 130.375 0.380392 0.5 0 0
3910 0.0879344 1 130.375 0.380392 0.5 0 0
3920 0.087929 1 131.375 0.380392 0.5 0 0
3930 0.087929 1 131.375 0.380392 0.5 0 0
3940 0.0879245 1 132.375 0.380392 0.5 0 0
3950 0.0879245 1 132.375 0.380392 0.5 0 0
3960 0.0879211 0.9375 133.312 0.380392 0.5 0 0
3970 0.0879211 0.9375 133.312 0.380392 0.5 0 0
3980 0.0879196 0.875 134.188 0.380392 0.5 0 0
3990 0.0879196 0.875 134.188 0.380392 0.5 0 0
4000 0.087917 0.9375 135.125 0.380392 0.5 0 0
4010 0.087917 0.9375 135.125 0.380392 0.5 0 0
4020 0.0879053 0.9375 136.062 0.380392 0.5 0 0
4030 0.0879053 0.9375 136.062 0.380392 0.5 0 0
4040 0.0879024 0.9375 137 0.380392 0.5 0 0
4050 0.0879024 0.9375 137 0.380392 0.5 0 0
4060 0.0878993 0.9375 137.938 0.380392 0.5 0 0
4070 0.0878993 0.9375 137.938 0.380392 0.5 0 0
4080 0.0878962 0.9375 138.875 0.380392 0.5 0 0
4090 0.0878962 0.9375 138.875 0.380392 0.5 0 0
4100 0.0878916 0.9375 139.812 0.380392 0.5 0 0
4110 0.0878916 0.9375 139.812 0.380392 0.5 0 0
4120 0.0878831 0.9375 140.75 0.380392 0.5 0 0
4130 0.0878831 0.9375 140.75 0.380392 0.5 0 0
4140 0.0878715 0.875 141.625 0.380392 0.5 0 0
4150 0.0878715 0.875 141.625 0.380392 0.5 0 0
4160 0.0878692 0.9375 142.562 0.380392 0.5 0 0
4170 0.0878692 0.9375 142.562 0.380392 0.5 0 0
4180 0.0878692 0.9375 143.5 0.380392 0.5 0 0
4190 0.0878692 0.9375 143.5 0.380392 0.5 0 0
4200 0.0878692 0.9375 144.438 0.380392 0.5 0 0
4210 0.0878692 0.9375 144.438 0.380392 0.5 0 0
4220 0.0878692 0.9375 145.375 0.380392 0.5 0 0
4230 0.0878692 0.9375 145.375 0.380392 0.5 0 0
4240 0.0878637 1 146.375 0.380392 0.5 0 0
4250 0.0878637 1 146.375 0.380392 0.5 0 0
4260 0.087776 1 147.375 0.380392 0.5 0 0
4270 0.087776 1 147.375 0.380392 0.5 0 0
4280 0.0877725 1 148.375 0.380392 0.5 0 0
4290 0.0877725 1 148.375 0.380392 0.5 0 0
4300 0.087761 1 149.375 0.380392 0.5 0 0
4310 0.087761 1 149.375 0.380392 0.5 0 0
4320 0.087755 1 150.375 0.380392 0.5 0 0
4330 0.087755 1 150.375 0.380392 0.5 0 0
4340 0.087751 1 151.375 0.380392 0.5 0 0
4350 0.087751 1 151.375 0.380392 0.5 0 0
4360 0.0877457 1 152.375 0.380392 0.5 0 0
4370 0.0877457 1 152.375 0.380392 0.5 0 0
4380 0.0877386 1 153.375 0.380392 0.5 0 0
4390 0.0877386 1 153.375 0.380392 0.5 0 0
4400 0.0877363 1 154.375 0.380392 0.5 0 0
4410 0.0877363 1 154.375 0.380392 0.5 0 0
4420 0.0877324 0.9375 155.312 0.380392 0.5 0 0
4430 0.0877324 0.9375 155.312 0.380392 0.5 0 0
4440 0.0877264 0.9375 156.25 0.380392 0.5 0 0
4450 0.0877264 0.9375 156.25 0.380392 0.5 0 0
4460 0.087722 0.9375 157.188 0.380392 0.5 0 0
4470 0.087722 0.9375 157.188 0.380392 0.5 0 0
4480 0.0877191 0.9375 158.125 0.380392 0.5 0 0
4490 0.0877191 0.9375 158.125 0.380392 0.5 0 0
4500 0.0877124 0.875 159 0.380392 0.5 0 0
4510 0.0877124 0.875 159 0.380392 0.5 0 0
4520 0.087682 0.9375 159.938 0.380392 0.5 0 0
4530 0.087682 0.9375 159.938 0.380392 0.5 0 0
4540 0.0876506 0.9375 160.875 0.380392 0.5 0 0
4550 0.0876506 0.9375 160.875 0.380392 0.5 0 0
4560 0.0876404 0.9375 161.812 0.380392 0.5 0 0
4570 0.0876404 0.9375 161.812 0.380392 0.5 0 0
4580 0.0876307 0.9375 162.75 0.380392 0.5 0 0
4590 0.0876307 0.9375 162.75 0.380392 0.5 0 0
4600 0.0876207 0.9375 163.688 0.380392 0.5 0 0
4610 0.0876207 0.9375 163.688 0.380392 0.5 0 0
4620 0.0876117 0.875 164.562 0.380392 0.5 0 0
4630 0.0876117 0.875 164.562 0.380392 0.5 0 0
4640 0.0876072 0.9375 165.5 0.380392 0.5 0 0
4650 0.0876072 0.9375 165.5 0.380392 0.5 0 0
4660 0.0875912 0.9375 166.438 0.380392 0.5 0 0
4670 0.0875912 0.9375 166.438 0.380392 0.5 0 0
4680 0.0875863 0.9375 167.375 0.380392 0.5 0 0
4690 0.0875863 0.9375 167.375 0.380392 0.5 0 0
4700 0.0875786 0.9375 168.312 0.380392 0.5 0 0
4710 0.0875786 0.9375 168.312 0.380392 0.5 0 0
4720 0.0875742 0.9375 169.25 0.380392 0.5 0 0
4730 0.0875742 0.9375 169.25 0.380392 0.5 0 0
4740 0.0875711 0.9375 170.188 0.380392 0.5 0 0
4750 0.0875711 0.9375 170.188 0.380392 0.5 0 0
4760 0.0875633 0.875 171.062 0.380392 0.5 0 0
4770 0.0875633 0.875 171.062 0.380392 0.5 0 0
4780 0.0875563 0.875 171.938 0.380392 0.5 0 0
4790 0.0875563 0.875 171.938 0.380392 0.5 0 0
4800 0.0875497 0.875 172.812 0.380392 0.5 0 0
4810 0.0875497 0.875 172.812 0.380392 0.5 0 0
4820 0.0875415 0.875 173.688 0.380392 0.5 0 0
4830 0.0875415 0.875 173.688 0.380392 0.5 0 0
4840 0.0875151 0.9375 174.625 0.380392 0.5 0 0
4850 0.0875151 0.9375 174.625 0.380392 0.5 0 0
4860 0.0875121 0.9375 175.562 0.380392 0.5 0 0
4870 0.0875121 0.9375 175.562 0.380392 0.5 0 0
4880 0.0875029 0.9375 176.5 0.380392 0.5 0 0
4890 0.0875029 0.9375 176.5 0.380392 0.5 0 0
4900 0.0874935 0.875 177.375 0.380392 0.5 0 0
4910 0.0874935 0.875 177.375 0.380392 0.5 0 0
4920 0.0877247 0.9375 178.312 0.380392 0.5 0 0
4930 0.0877247 0.9375 178.312 0.380392 0.5 0 0
4940 0.0877221 0.875 179.188 0.380392 0.5 0 0
4950 0.0877221 0.875 179.188 0.380392 0.5 0 0
4960 0.0877131 0.875 180.062 0.380392 0.5 0 0
4970 0.0877131 0.875 180.062 0.380392 0.5 0 0
4980 0.0877059 0.9375 181 0.380392 0.5 0 0
4990 0.0877059 0.9375 181 0.380392 0.5 0 0
5000 0.0876926 0.9375 181.938 0.380392 0.5 0 0
5010 0.0876926 0.9375 181.938 0.380392 0.5 0 0
5020 0.0876803 0.9375 182.875 0.380392 0.5 0 0
5030 0.0876803 0.9375 182.875 0.380392 0.5 0 0
5040 0.0876768 0.875 183.75 0.380392 0.5 0 0
5050 0.0876768 0.875 183.75 0.380392 0.5 0 0
5060 0.0878957 0.8125 184.562 0.376471 0.5 0 0
5070 0.0878957 0.8125 184.562 0.376471 0.5 0 0
5080 0.0880411 0.8125 185.375 0.376471 0.5 0 0
5090 0.0880411 0.8125 185.375 0.376471 0.5 0 0
5100 0.0878851 0.8125 186.188 0.372549 0.5 0 0
5110 0.0878851 0.8125 186.188 0.372549 0.5 0 0
5120 0.0876097 0.75 186.938 0.372549 0.5 0 0
5130 0.0876097 0.75 186.938 0.368627 0.5 0 0
5140 0.0869685 0.8125 187.75 0.372549 0.5 0 0
5150 0.0869685 0.8125 187.75 0.372549 0.5 0 0
5160 0.0865945 0.8125 188.562 0.368627 0.5 0 0
5170 0.0865945 0.8125 188.562 0.372549 0.5 0 0
5180 0.086537 0.8125 189.375 0.372549 0.5 0 0
5190 0.086537 0.8125 189.375 0.368627 0.5 0 0
5200 0.086336 0.875 190.25 0.368627 0.5 0 0
5210 0.086336 0.875 190.25 0.372549 0.5 0 0
5220 0.0861222 0.875 191.125 0.368627 0.5 0 0
5230 0.0861222 0.875 191.125 0.372549 0.5 0 0
5240 0.0858764 0.875 192 0.372549 0.5 0 0
5250 0.0858764 0.875 192 0.368627 0.5 0 0
5260 0.0857954 0.875 192.875 0.368627 0.5 0 0
5270 0.0857954 0.875 192.875 0.372549 0.5 0 0
5280 0.0856576 0.875 193.75 0.368627 0.5 0 0
5290 0.0856576 0.875 193.75 0.368627 0.5 0 0
5300 0.0856528 0.8125 194.562 0.368627 0.5 0 0
5310 0.0856528 0.8125 194.562 0.372549 0.5 0 0
5320 0.0856519 0.8125 195.375 0.372549 0.5 0 0
5330 0.0856519 0.8125 195.375 0.372549 0.5 0 0
5340 0.0856503 0.875 196.25 0.372549 0.5 0 0
5350 0.0856503 0.875 196.25 0.372549 0.5 0 0
5360 0.0857689 0.875 197.125 0.368627 0.5 0 0
5370 0.0857689 0.875 197.125 0.368627 0.5 0 0
5380 0.0858058 0.75 197.875 0.372549 0.5 0 0
5390 0.0858058 0.75 197.875 0.372549 0.5 0 0
5400 0.0858013 0.75 198.625 0.368627 0.5 0 0
5410 0.0858013 0.75 198.625 0.368627 0.5 0 0
5420 0.0858013 0.8125 199.438 0.368627 0.5 0 0
5430 0.0858013 0.8125 199.438 0.368627 0.5 0 0
5440 0.0859987 0.8125 200.25 0.372549 0.5 0 0
5450 0.0859987 0.8125 200.25 0.372549 0.5 0 0
5460 0.0861964 0.8125 201.062 0.372549 0.5 0 0
5470 0.0861964 0.8125 201.062 0.372549 0.5 0 0
5480 0.0861445 0.75 201.812 0.372549 0.5 0 0
5490 0.0861445 0.75 201.812 0.372549 0.5 0 0
5500 0.0862769 0.8125 202.625 0.368627 0.5 0 0
5510 0.0862769 0.8125 202.625 0.368627 0.5 0 0
5520 0.0862265 0.8125 203.438 0.368627 0.5 0 0
5530 0.0862265 0.8125 203.438 0.364706 0.5 0 0
5540 0.0860425 0.8125 204.25 0.364706 0.5 0 0
5550 0.0860425 0.8125 204.25 0.364706 0.5 0 0
5560 0.0858795 0.75 205 0.364706 0.5 0 0
5570 0.0858795 0.75 205 0.364706 0.5 0 0
5580 0.0857859 0.8125 205.812 0.364706 0.5 0 0
5590 0.0857859 0.8125 205.812 0.364706 0.5 0 0
5600 0.0856493 0.8125 206.625 0.364706 0.5 0 0
5610 0.0856493 0.8125 206.625 0.364706 0.5 0 0
5620 0.0855884 0.8125 207.438 0.364706 0.5 0 0
5630 0.0855884 0.8125 207.438 0.364706 0.5 0 0
5640 0.0855171 0.875 208.312 0.364706 0.5 0 0
5650 0.0855171 0.875 208.312 0.364706 0.5 0 0
5660 0.0852663 0.875 209.188 0.364706 0.5 0 0
5670 0.0852663 0.875 209.188 0.364706 0.5 0 0
5680 0.085066 0.875 210.062 0.364706 0.5 0 0
5690 0.085066 0.875 210.062 0.364706 0.5 0 0
5700 0.0850306 0.8125 210.875 0.364706 0.5 0 0
5710 0.0850306 0.8125 210.875 0.364706 0.5 0 0
5720 0.0850285 0.875 211.75 0.364706 0.5 0 0
5730 0.0850285 0.875 211.75 0.364706 0.5 0 0
5740 0.0850259 0.8125 212.562 0.364706 0.5 0 0
5750 0.0850259 0.8125 212.562 0.364706 0.5 0 0
5760 0.0850233 0.8125 213.375 0.364706 0.5 0 0
5770 0.0850233 0.8125 213.375 0.364706 0.5 0 0
5780 0.0850187 0.8125 214.188 0.364706 0.5 0 0
5790 0.0850187 0.8125 214.188 0.364706 0.5 0 0
5800 0.0850171 0.8125 215 0.364706 0.5 0 0
5810 0.0850171 0.8125 215 0.364706 0.5 0 0
5820 0.0850168 0.75 215.75 0.364706 0.5 0 0
5830 0.0850168 0.75 215.75 0.364706 0.5 0 0
5840 0.0850125 0.875 216.625 0.364706 0.5 0 0
5850 0.0850125 0.875 216.625 0.364706 0.5 0 0
5860 0.085007 0.9375 217.562 0.364706 0.5 0 0
5870 0.085007 0.9375 217.562 0.364706 0.5 0 0
5880 0.0849858 0.9375 218.5 0.364706 0.5 0 0
5890 0.0849858 0.9375 218.5 0.364706 0.5 0 0
5900 0.084983 0.9375 219.438 0.364706 0.5 0 0
5910 0.084983 0.9375 219.438 0.364706 0.5 0 0
5920 0.0849557 0.9375 220.375 0.364706 0.5 0 0
5930 0.0849557 0.9375 220.375 0.364706 0.5 0 0
5940 0.0849557 0.9375 221.312 0.364706 0.5 0 0
5950 0.0849557 0.9375 221.312 0.364706 0.5 0 0
5960 0.0849557 0.9375 222.25 0.364706 0.5 0 0
5970 0.0849557 0.9375 222.25 0.364706 0.5 0 0
5980 0.0849557 0.9375 223.188 0.364706 0.5 0 0
5990 0.0849557 0.9375 223.188 0.364706 0.5 0 0
6000 0.0849554 0.9375 224.125 0.364706 0.5 0 0
6010 0.0849554 0.9375 224.125 0.364706 0.5 0 0
6020 0.0849549 0.75 224.875 0.364706 0.5 0 0
6030 0.0849549 0.75 224.875 0.364706 0.5 0 0
6040 0.0849543 0.8125 225.688 0.364706 0.5 0 0
6050 0.0849543 0.8125 225.688 0.364706 0.5 0 0
6060 0.084954 0.8125 226.5 0.364706 0.5 0 0
6070 0.084954 0.8125 226.5 0.364706 0.5 0 0
6080 0.084954 0.9375 227.438 0.364706 0.5 0 0
6090 0.084954 0.9375 227.438 0.364706 0.5 0 0
6100 0.084954 0.9375 228.375 0.364706 0.5 0 0
6110 0.084954 0.9375 228.375 0.364706 0.5 0 0
6120 0.084954 0.875 229.25 0.364706 0.5 0 0
6130 0.084954 0.875 229.25 0.364706 0.5 0 0
6140 0.084954 1 230.25 0.364706 0.5 0 0
6150 0.084954 1 230.25 0.364706 0.5 0 0
6160 0.084954 0.9375 231.188 0.364706 0.5 0 0
6170 0.084954 0.9375 231.188 0.364706 0.5 0 0
6180 0.084954 0.9375 232.125 0.364706 0.5 0 0
6190 0.084954 0.9375 232.125 0.364706 0.5 0 0
6200 0.084954 0.9375 233.062 0.364706 0.5 0 0
6210 0.084954 0.9375 233.062 0.364706 0.5 0 0
6220 0.084954 0.9375 234 0.364706 0.5 0 0
6230 0.084954 0.9375 234 0.364706 0.5 0 0
6240 0.084954 0.9375 234.938 0.364706 0.5 0 0
6250 0.084954 0.9375 234.938 0.364706 0.5 0 0
6260 0.084954 0.875 235.812 0.364706 0.5 0 0
6270 0.084954 0.875 235.812 0.364706 0.5 0 0
6280 0.084954 0.9375 236.75 0.364706 0.5 0 0
6290 0.084954 0.9375 236.75 0.364706 0.5 0 0
6300 0.084954 0.9375 237.688 0.364706 0.5 0 0
6310 0.084954 0.9375 237.688 0.364706 0.5 0 0
6320 0.084954 0.8125 238.5 0.364706 0.5 0 0
6330 0.084954 0.8125 238.5 0.364706 0.5 0 0
6340 0.084954 0.9375 239.438 0.364706 0.5 0 0
6350 0.084954 0.9375 239.438 0.364706 0.5 0 0
6360 0.084954 0.9375 240.375 0.364706 0.5 0 0
6370 0.084954 0.9375 240.375 0.364706 0.5 0 0
6380 0.084954 0.9375 241.312 0.364706 0.5 0 0
6390 0.084954 0.9375 241.312 0.364706 0.5 0 0
6400 0.084954 1 242.312 0.364706 0.5 0 0
6410 0.084954 1 242.312 0.364706 0.5 0 0
6420 0.084954 1 243.312 0.364706 0.5 0 0
6430 0.084954 1 243.312 0.364706 0.5 0 0
6440 0.084954 1 244.312 0.364706 0.5 0 0
6450 0.084954 1 244.312 0.364706 0.5 0 0
6460 0.084954 1 245.312 0.364706 0.5 0 0
6470 0.084954 1 245.312 0.364706 0.5 0 0
6480 0.084954 1 246.312 0.364706 0.5 0 0
6490 0.084954 1 246.312 0.364706 0.5 0 0
6500 0.084954 0.875 247.188 0.364706 0.5 0 0
6510 0.084954 0.875 247.188 0.364706 0.5 0 0
6520 0.084954 0.875 248.062 0.364706 0.5 0 0
6530 0.084954 0.875 248.062 0.364706 0.5 0 0
6540 0.084954 1 249.062 0.364706 0.5 0 0
6550 0.084954 1 249.062 0.364706 0.5 0 0
6560 0.0849497 1 250.062 0.364706 0.5 0 0
6570 0.0849497 1 250.062 0.364706 0.5 0 0
6580 0.0849491 1 251.062 0.364706 0.5 0 0
6590 0.0849491 1 251.062 0.364706 0.5 0 0
6600 0.0849491 1 252.062 0.364706 0.5 0 0
6610 0.0849491 1 252.062 0.364706 0.5 0 0
6620 0.0849491 0.9375 253 0.364706 0.5 0 0
6630 0.0849491 0.9375 253 0.364706 0.5 0 0
6640 0.084946 0.9375 253.938 0.364706 0.5 0 0
6650 0.084946 0.9375 253.938 0.364706 0.5 0 0
6660 0.0849406 0.9375 254.875 0.364706 0.5 0 0
6670 0.0849406 0.9375 254.875 0.364706 0.5 0 0
6680 0.0849375 1 255.875 0.364706 0.5 0 0
6690 0.0849375 1 255.875 0.364706 0.5 0 0
6700 0.0849357 1 256.875 0.364706 0.5 0 0
6710 0.0849357 1 256.875 0.364706 0.5 0 0
6720 0.0849357 0.9375 257.812 0.364706 0.5 0 0
6730 0.0849357 0.9375 257.812 0.364706 0.5 0 0
6740 0.0849357 1 258.812 0.364706 0.5 0 0
6750 0.0849357 1 258.812 0.364706 0.5 0 0
6760 0.08493 1 259.812 0.364706 0.5 0 0
6770 0.08493 1 259.812 0.364706 0.5 0 0
6780 0.0849252 1 260.812 0.364706 0.5 0 0
6790 0.0849252 1 260.812 0.364706 0.5 0 0
6800 0.084922 1 261.812 0.364706 0.5 0 0
6810 0.084922 1 261.812 0.364706 0.5 0 0
6820 0.084922 1 262.812 0.364706 0.5 0 0
6830 0.084922 1 262.812 0.364706 0.5 0 0
6840 0.084922 0.9375 263.75 0.364706 0.5 0 0
6850 0.084922 0.9375 263.75 0.364706 0.5 0 0
6860 0.084921 0.9375 264.688 0.364706 0.5 0 0
6870 0.084921 0.9375 264.688 0.364706 0.5 0 0
6880 0.0849166 0.875 265.562 0.364706 0.5 0 0
6890 0.0849166 0.875 265.562 0.364706 0.5 0 0
6900 0.0849105 0.9375 266.5 0.364706 0.5 0 0
6910 0.0849105 0.9375 266.5 0.364706 0.5 0 0
6920 0.0849065 1 267.5 0.364706 0.5 0 0
6930 0.0849065 1 267.5 0.364706 0.5 0 0
6940 0.0849065 0.9375 268.438 0.364706 0.5 0 0
6950 0.0849065 0.9375 268.438 0.364706 0.5 0 0
6960 0.0849065 0.9375 269.375 0.364706 0.5 0 0
6970 0.0849065 0.9375 269.375 0.364706 0.5 0 0
6980 0.0849065 0.9375 270.312 0.364706 0.5 0 0
6990 0.0849065 0.9375 270.312 0.364706 0.5 0 0
7000 0.0849028 0.9375 271.25 0.364706 0.5 0 0
7010 0.0849028 0.9375 271.25 0.364706 0.5 0 0
7020 0.0849013 0.9375 272.188 0.364706 0.5 0 0
7030 0.0849013 0.9375 272.188 0.364706 0.5 0 0
7040 0.0848969 0.875 273.062 0.364706 0.5 0 0
7050 0.0848969 0.875 273.062 0.364706 0.5 0 0
7060 0.0848968 0.875 273.938 0.364706 0.5 0 0
7070 0.0848968 0.875 273.938 0.364706 0.5 0 0
7080 0.0848968 0.875 274.812 0.364706 0.5 0 0
7090 0.0848968 0.875 274.812 0.364706 0.5 0 0
7100 0.084894 0.875 275.688 0.364706 0.5 0 0
7110 0.084894 0.875 275.688 0.364706 0.5 0 0
7120 0.0848899 0.875 276.562 0.364706 0.5 0 0
7130 0.0848899 0.875 276.562 0.364706 0.5 0 0
7140 0.0848872 0.875 277.438 0.364706 0.5 0 0
7150 0.0848872 0.875 277.438 0.364706 0.5 0 0
7160 0.0848833 0.8125 278.25 0.364706 0.5 0 0
7170 0.0848833 0.8125 278.25 0.364706 0.5 0 0
7180 0.0848833 0.9375 279.188 0.364706 0.5 0 0
7190 0.0848833 0.9375 279.188 0.364706 0.5 0 0
7200 0.084881 0.9375 280.125 0.364706 0.5 0 0
7210 0.084881 0.9375 280.125 0.364706 0.5 0 0
7220 0.0848797 0.9375 281.062 0.364706 0.5 0 0
7230 0.0848797 0.9375 281.062 0.364706 0.5 0 0
7240 0.0848768 0.9375 282 0.364706 0.5 0 0
7250 0.0848768 0.9375 282 0.364706 0.5 0 0
7260 0.0848734 0.9375 282.938 0.364706 0.5 0 0
7270 0.0848734 0.9375 282.938 0.364706 0.5 0 0
7280 0.0848693 0.9375 283.875 0.364706 0.5 0 0
7290 0.0848693 0.9375 283.875 0.364706 0.5 0 0
7300 0.0848693 1 284.875 0.364706 0.5 0 0
7310 0.0848693 1 284.875 0.364706 0.5 0 0
7320 0.0848693 1 285.875 0.364706 0.5 0 0
7330 0.0848693 1 285.875 0.364706 0.5 0 0
7340 0.0848689 1 286.875 0.364706 0.5 0 0
7350 0.0848689 1 286.875 0.364706 0.5 0 0
7360 0.0848663 1 287.875 0.364706 0.5 0 0
7370 0.0848663 1 287.875 0.364706 0.5 0 0
7380 0.0848616 1 288.875 0.364706 0.5 0 0
7390 0.0848616 1 288.875 0.364706 0.5 0 0
7400 0.0848571 1 289.875 0.364706 0.5 0 0
7410 0.0848571 1 289.875 0.364706 0.5 0 0
7420 0.0848571 0.9375 290.812 0.364706 0.5 0 0
7430 0.0848571 0.9375 290.812 0.364706 0.5 0 0
7440 0.0848571 0.9375 291.75 0.364706 0.5 0 0
7450 0.0848571 0.9375 291.75 0.364706 0.5 0 0
7460 0.0848541 0.9375 292.688 0.364706 0.5 0 0
7470 0.0848541 0.9375 292.688 0.364706 0.5 0 0
7480 0.0848505 1 293.688 0.364706 0.5 0 0
7490 0.0848505 1 293.688 0.364706 0.5 0 0
7500 0.0848482 0.9375 294.625 0.364706 0.5 0 0
7510 0.0848482 0.9375 294.625 0.364706 0.5 0 0
7520 0.0848481 1 295.625 0.364706 0.5 0 0
7530 0.0848481 1 295.625 0.364706 0.5 0 0
7540 0.0848481 1 296.625 0.364706 0.5 0 0
7550 0.0848481 1 296.625 0.364706 0.5 0 0
7560 0.0848481 1 297.625 0.364706 0.5 0 0
7570 0.0848481 1 297.625 0.364706 0.5 0 0
7580 0.0848477 1 298.625 0.364706 0.5 0 0
7590 0.0848477 1 298.625 0.364706 0.5 0 0
7600 0.0848462 0.9375 299.562 0.364706 0.5 0 0
7610 0.0848462 0.9375 299.562 0.364706 0.5 0 0
7620 0.0848443 0.9375 300.5 0.364706 0.5 0 0
7630 0.0848443 0.9375 300.5 0.364706 0.5 0 0
7640 0.0848435 1 301.5 0.364706 0.5 0 0
7650 0.0848435 1 301.5 0.364706 0.5 0 0
7660 0.0848402 1 302.5 0.364706 0.5 0 0
7670 0.0848402 1 302.5 0.364706 0.5 0 0
7680 0.0848401 1 303.5 0.364706 0.5 0 0
7690 0.0848401 1 303.5 0.364706 0.5 0 0
7700 0.0848401 1 304.5 0.364706 0.5 0 0
7710 0.0848401 1 304.5 0.364706 0.5 0 0
7720 0.084837 1 305.5 0.364706 0.5 0 0
7730 0.084837 1 305.5 0.364706 0.5 0 0
7740 0.0848364 1 306.5 0.364706 0.5 0 0
7750 0.0848364 1 306.5 0.364706 0.5 0 0
7760 0.0848364 1 307.5 0.364706 0.5 0 0
7770 0.0848364 1 307.5 0.364706 0.5 0 0
7780 0.0848361 1 308.5 0.364706 0.5 0 0
7790 0.0848361 1 308.5 0.364706 0.5 0 0
7800 0.084834 0.9375 309.438 0.364706 0.5 0 0
7810 0.084834 0.9375 309.438 0.364706 0.5 0 0
7820 0.084834 0.9375 310.375 0.364706 0.5 0 0
7830 0.084834 0.9375 310.375 0.364706 0.5 0 0
7840 0.0848333 0.875 311.25 0.364706 0.5 0 0
7850 0.0848333 0.875 311.25 0.364706 0.5 0 0
7860 0.0848329 0.9375 312.188 0.364706 0.5 0 0
7870 0.0848329 0.9375 312.188 0.364706 0.5 0 0
7880 0.0848329 0.9375 313.125 0.364706 0.5 0 0
7890 0.0848329 0.9375 313.125 0.364706 0.5 0 0
7900 0.0848314 1 314.125 0.364706 0.5 0 0
7910 0.0848314 1 314.125 0.364706 0.5 0 0
7920 0.0848283 0.9375 315.062 0.364706 0.5 0 0
7930 0.0848283 0.9375 315.062 0.364706 0.5 0 0
7940 0.0848276 0.8125 315.875 0.364706 0.5 0 0
7950 0.0848276 0.8125 315.875 0.364706 0.5 0 0
7960 0.0848124 0.875 316.75 0.364706 0.5 0 0
7970 0.0848124 0.875 316.75 0.364706 0.5 0 0
7980 0.0848123 0.875 317.625 0.364706 0.5 0 0
7990 0.0848123 0.875 317.625 0.364706 0.5 0 0
8000 0.0848123 0.75 318.375 0.364706 0.5 0 0
8010 0.0848123 0.75 318.375 0.364706 0.5 0 0
8020 0.0848101 0.875 319.25 0.364706 0.5 0 0
8030 0.0848101 0.875 319.25 0.364706 0.5 0 0
8040 0.0848077 0.9375 320.188 0.364706 0.5 0 0
8050 0.0848077 0.9375 320.188 0.364706 0.5 0 0
8060 0.0848062 0.9375 321.125 0.364706 0.5 0 0
8070 0.0848062 0.9375 321.125 0.364706 0.5 0 0
8080 0.0848022 0.9375 322.062 0.364706 0.5 0 0
8090 0.0848022 0.9375 322.062 0.364706 0.5 0 0
8100 0.0847995 0.9375 323 0.364706 0.5 0 0
8110 0.0847995 0.9375 323 0.364706 0.5 0 0
8120 0.0847995 0.9375 323.938 0.364706 0.5 0 0
8130 0.0847995 0.9375 323.938 0.364706 0.5 0 0
8140 0.0847986 0.8125 324.75 0.364706 0.5 0 0
8150 0.0847986 0.8125 324.75 0.364706 0.5 0 0
8160 0.0847964 0.9375 325.688 0.364706 0.5 0 0
8170 0.0847964 0.9375 325.688 0.364706 0.5 0 0
8180 0.0847929 0.75 326.438 0.364706 0.5 0 0
8190 0.0847929 0.75 326.438 0.364706 0.5 0 0
8200 0.0847875 0.8125 327.25 0.364706 0.5 0 0
8210 0.0847875 0.8125 327.25 0.364706 0.5 0 0
8220 0.0847865 0.8125 328.062 0.364706 0.5 0 0
8230 0.0847865 0.8125 328.062 0.364706 0.5 0 0
8240 0.0847859 0.9375 329 0.364706 0.5 0 0
8250 0.0847859 0.9375 329 0.364706 0.5 0 0
8260 0.0847854 0.9375 329.938 0.364706 0.5 0 0
8270 0.0847854 0.9375 329.938 0.364706 0.5 0 0
8280 0.084783 0.9375 330.875 0.364706 0.5 0 0
8290 0.084783 0.9375 330.875 0.364706 0.5 0 0
8300 0.0848916 0.9375 331.812 0.364706 0.5 0 0
8310 0.0848916 0.9375 331.812 0.364706 0.5 0 0
8320 0.0848942 0.875 332.688 0.364706 0.5 0 0
8330 0.0848942 0.875 332.688 0.364706 0.5 0 0
8340 0.0848923 0.75 333.438 0.364706 0.5 0 0
8350 0.0848923 0.75 333.438 0.364706 0.5 0 0
8360 0.0848484 0.8125 334.25 0.364706 0.5 0 0
8370 0.0848484 0.8125 334.25 0.364706 0.5 0 0
8380 0.0854769 0.9375 335.188 0.368627 0.5 0 0
8390 0.0854769 0.9375 335.188 0.368627 0.5 0 0
8400 0.0857057 0.9375 336.125 0.368627 0.5 0 0
8410 0.0857057 0.9375 336.125 0.364706 0.5 0 0
8420 0.0857051 0.9375 337.062 0.368627 0.5 0 0
8430 0.0857051 0.9375 337.062 0.368627 0.5 0 0
8440 0.08573 0.9375 338 0.364706 0.5 0 0
8450 0.08573 0.9375 338 0.364706 0.5 0 0
8460 0.0856 0.9375 338.938 0.364706 0.5 0 0
8470 0.0856 0.9375 338.938 0.360784 0.5 0 0
8480 0.0851928 0.875 339.812 0.360784 0.5 0 0
8490 0.0851928 0.875 339.812 0.356863 0.5 0 0
8500 0.0842518 0.875 340.688 0.360784 0.5 0 0
8510 0.0842518 0.875 340.688 0.360784 0.5 0 0
8520 0.0839446 0.9375 341.625 0.360784 0.5 0 0
8530 0.0839446 0.9375 341.625 0.360784 0.5 0 0
8540 0.0837332 0.9375 342.562 0.360784 0.5 0 0
8550 0.0837332 0.9375 342.562 0.360784 0.5 0 0
8560 0.0837319 0.9375 343.5 0.360784 0.5 0 0
8570 0.0837319 0.9375 343.5 0.360784 0.5 0 0
8580 0.0836168 0.9375 344.438 0.360784 0.5 0 0
8590 0.0836168 0.9375 344.438 0.360784 0.5 0 0
8600 0.0835456 0.9375 345.375 0.360784 0.5 0 0
8610 0.0835456 0.9375 345.375 0.360784 0.5 0 0
8620 0.0835082 0.9375 346.312 0.360784 0.5 0 0
8630 0.0835082 0.9375 346.312 0.360784 0.5 0 0
8640 0.0835069 0.875 347.188 0.360784 0.5 0 0
8650 0.0835069 0.875 347.188 0.360784 0.5 0 0
8660 0.0835053 0.9375 348.125 0.360784 0.5 0 0
8670 0.0835053 0.9375 348.125 0.360784 0.5 0 0
8680 0.0835036 0.9375 349.062 0.360784 0.5 0 0
8690 0.0835036 0.9375 349.062 0.360784 0.5 0 0
8700 0.0835036 0.9375 350 0.360784 0.5 0 0
8710 0.0835036 0.9375 350 0.360784 0.5 0 0
8720 0.0835015 0.9375 350.938 0.360784 0.5 0 0
8730 0.0835015 0.9375 350.938 0.360784 0.5 0 0
8740 0.0835012 0.9375 351.875 0.360784 0.5 0 0
8750 0.0835012 0.9375 351.875 0.360784 0.5 0 0
8760 0.0834996 0.9375 352.812 0.360784 0.5 0 0
8770 0.0834996 0.9375 352.812 0.360784 0.5 0 0
8780 0.0834981 0.9375 353.75 0.360784 0.5 0 0
8790 0.0834981 0.9375 353.75 0.360784 0.5 0 0
8800 0.0834962 0.9375 354.688 0.360784 0.5 0 0
8810 0.0834962 0.9375 354.688 0.360784 0.5 0 0
8820 0.0834962 0.875 355.562 0.360784 0.5 0 0
8830 0.0834962 0.875 355.562 0.360784 0.5 0 0
8840 0.0834956 0.8125 356.375 0.360784 0.5 0 0
8850 0.0834956 0.8125 356.375 0.360784 0.5 0 0
8860 0.0834952 0.9375 357.312 0.360784 0.5 0 0
8870 0.0834952 0.9375 357.312 0.360784 0.5 0 0
8880 0.0834926 0.9375 358.25 0.360784 0.5 0 0
8890 0.0834926 0.9375 358.25 0.360784 0.5 0 0
8900 0.0834908 0.875 359.125 0.360784 0.5 0 0
8910 0.0834908 0.875 359.125 0.360784 0.5 0 0
8920 0.0834891 0.9375 360.062 0.360784 0.5 0 0
8930 0.0834891 0.9375 360.062 0.360784 0.5 0 0
8940 0.0834868 0.9375 361 0.360784 0.5 0 0
8950 0.0834868 0.9375 361 0.360784 0.5 0 0
8960 0.0834869 0.875 361.875 0.360784 0.5 0 0
8970 0.0834869 0.875 361.875 0.360784 0.5 0 0
8980 0.0834866 0.875 362.75 0.360784 0.5 0 0
8990 0.0834866 0.875 362.75 0.360784 0.5 0 0
9000 0.0834857 0.9375 363.688 0.360784 0.5 0 0
9010 0.0834857 0.9375 363.688 0.360784 0.5 0 0
9020 0.0834848 0.9375 364.625 0.360784 0.5 0 0
9030 0.0834848 0.9375 364.625 0.360784 0.5 0 0
9040 0.0834824 0.875 365.5 0.360784 0.5 0 0
9050 0.0834824 0.875 365.5 0.360784 0.5 0 0
9060 0.0834805 0.9375 366.438 0.360784 0.5 0 0
9070 0.0834805 0.9375 366.438 0.360784 0.5 0 0
9080 0.0834804 0.9375 367.375 0.360784 0.5 0 0
9090 0.0834804 0.9375 367.375 0.360784 0.5 0 0
9100 0.08348 0.8125 368.188 0.360784 0.5 0 0
9110 0.08348 0.8125 368.188 0.360784 0.5 0 0
9120 0.0834785 0.8125 369 0.360784 0.5 0 0
9130 0.0834785 0.8125 369 0.360784 0.5 0 0
9140 0.0834781 0.8125 369.812 0.360784 0.5 0 0
9150 0.0834781 0.8125 369.812 0.360784 0.5 0 0
9160 0.0834761 0.6875 370.5 0.360784 0.5 0 0
9170 0.0834761 0.6875 370.5 0.360784 0.5 0 0
9180 0.083474 0.8125 371.312 0.360784 0.5 0 0
9190 0.083474 0.8125 371.312 0.360784 0.5 0 0
9200 0.0834737 0.8125 372.125 0.360784 0.5 0 0
9210 0.0834737 0.8125 372.125 0.360784 0.5 0 0
9220 0.0834718 0.875 373 0.360784 0.5 0 0
9230 0.0834718 0.875 373 0.360784 0.5 0 0
9240 0.0834718 0.875 373.875 0.360784 0.5 0 0
9250 0.0834718 0.875 373.875 0.360784 0.5 0 0
9260 0.0834715 0.875 374.75 0.360784 0.5 0 0
9270 0.0834715 0.875 374.75 0.360784 0.5 0 0
9280 0.0834696 0.6875 375.438 0.360784 0.5 0 0
9290 0.0834696 0.6875 375.438 0.360784 0.5 0 0
9300 0.0834673 0.75 376.188 0.360784 0.5 0 0
9310 0.0834673 0.75 376.188 0.360784 0.5 0 0
9320 0.0834673 0.9375 377.125 0.360784 0.5 0 0
9330 0.0834673 0.9375 377.125 0.360784 0.5 0 0
9340 0.0834668 0.875 378 0.360784 0.5 0 0
9350 0.0834668 0.875 378 0.360784 0.5 0 0
9360 0.0834663 0.875 378.875 0.360784 0.5 0 0
9370 0.0834663 0.875 378.875 0.360784 0.5 0 0
9380 0.0834636 0.9375 379.812 0.360784 0.5 0 0
9390 0.0834636 0.9375 379.812 0.360784 0.5 0 0
9400 0.0834627 0.9375 380.75 0.360784 0.5 0 0
9410 0.0834627 0.9375 380.75 0.360784 0.5 0 0
9420 0.0834601 0.875 381.625 0.360784 0.5 0 0
9430 0.0834601 0.875 381.625 0.360784 0.5 0 0
9440 0.0834577 0.875 382.5 0.360784 0.5 0 0
9450 0.0834577 0.875 382.5 0.360784 0.5 0 0
9460 0.0834576 0.875 383.375 0.360784 0.5 0 0
9470 0.0834576 0.875 383.375 0.360784 0.5 0 0
9480 0.0834576 0.9375 384.312 0.360784 0.5 0 0
9490 0.0834576 0.9375 384.312 0.360784 0.5 0 0
9500 0.0834567 0.8125 385.125 0.360784 0.5 0 0
9510 0.0834567 0.8125 385.125 0.360784 0.5 0 0
9520 0.0834551 0.75 385.875 0.360784 0.5 0 0
9530 0.0834551 0.75 385.875 0.360784 0.5 0 0
9540 0.0834525 0.8125 386.688 0.360784 0.5 0 0
9550 0.0834525 0.8125 386.688 0.360784 0.5 0 0
9560 0.0834442 0.6875 387.375 0.360784 0.5 0 0
9570 0.0834442 0.6875 387.375 0.360784 0.5 0 0
9580 0.0834433 0.75 388.125 0.360784 0.5 0 0
9590 0.0834433 0.75 388.125 0.360784 0.5 0 0
9600 0.0834407 0.75 388.875 0.360784 0.5 0 0
9610 0.0834407 0.75 388.875 0.360784 0.5 0 0
9620 0.0834314 0.875 389.75 0.360784 0.5 0 0
9630 0.0834314 0.875 389.75 0.360784 0.5 0 0
9640 0.0834314 0.875 390.625 0.360784 0.5 0 0
9650 0.0834314 0.875 390.625 0.360784 0.5 0 0
9660 0.0834314 0.9375 391.562 0.360784 0.5 0 0
9670 0.0834314 0.9375 391.562 0.360784 0.5 0 0
9680 0.0834314 0.9375 392.5 0.360784 0.5 0 0
9690 0.0834314 0.9375 392.5 0.360784 0.5 0 0
9700 0.0834314 0.9375 393.438 0.360784 0.5 0 0
9710 0.0834314 0.9375 393.438 0.360784 0.5 0 0
9720 0.0834279 0.9375 394.375 0.360784 0.5 0 0
9730 0.0834279 0.9375 394.375 0.360784 0.5 0 0
9740 0.0834241 0.875 395.25 0.360784 0.5 0 0
9750 0.0834241 0.875 395.25 0.360784 0.5 0 0
9760 0.0834241 0.9375 396.188 0.360784 0.5 0 0
9770 0.0834241 0.9375 396.188 0.360784 0.5 0 0
9780 0.0834241 0.9375 397.125 0.360784 0.5 0 0
9790 0.0834241 0.9375 397.125 0.360784 0.5 0 0
9800 0.0834229 0.8125 397.938 0.360784 0.5 0 0
9810 0.0834229 0.8125 397.938 0.360784 0.5 0 0
9820 0.0834214 0.8125 398.75 0.360784 0.5 0 0
9830 0.0834214 0.8125 398.75 0.360784 0.5 0 0
9840 0.0834161 0.875 399.625 0.360784 0.5 0 0
9850 0.0834161 0.875 399.625 0.360784 0.5 0 0
9860 0.083413 0.8125 400.438 0.360784 0.5 0 0
9870 0.083413 0.8125 400.438 0.360784 0.5 0 0
9880 0.083413 0.875 401.312 0.360784 0.5 0 0
9890 0.083413 0.875 401.312 0.360784 0.5 0 0
9900 0.083413 0.9375 402.25 0.360784 0.5 0 0
9910 0.083413 0.9375 402.25 0.360784 0.5 0 0
9920 0.083413 0.9375 403.188 0.360784 0.5 0 0
9930 0.083413 0.9375 403.188 0.360784 0.5 0 0
9940 0.08341 0.875 404.062 0.360784 0.5 0 0
9950 0.08341 0.875 404.062 0.360784 0.5 0 0
9960 0.0834516 0.875 404.938 0.360784 0.5 0 0
9970 0.0834516 0.875 404.938 0.360784 0.5 0 0
9980 0.0834498 0.875 405.812 0.360784 0.5 0 0
9990 0.0834498 0.875 405.812 0.360784 0.5 0 0
10000 0.0834498 0.8125 406.625 0.360784 0.5 0 0
10010 0.0834498 0.8125 406.625 0.360784 0.5 0 0
10020 0.0836186 0.8125 407.438 0.360784 0.5 0 0
10030 0.0836186 0.8125 407.438 0.360784 0.5 0 0
10040 0.0842206 0.8125 408.25 0.360784 0.5 0 0
10050 0.0842206 0.8125 408.25 0.360784 0.5 0 0
10060 0.084823 0.8125 409.062 0.360784 0.5 0 0
10070 0.084823 0.8125 409.062 0.360784 0.5 0 0
10080 0.0852088 0.8125 409.875 0.364706 0.5 0 0
10090 0.0852088 0.8125 409.875 0.364706 0.5 0 0
10100 0.0852906 0.8125 410.688 0.364706 0.5 0 0
10110 0.0852906 0.8125 410.688 0.364706 0.5 0 0
10120 0.0850998 0.875 411.562 0.364706 0.5 0 0
10130 0.0850998 0.875 411.562 0.360784 0.5 0 0
10140 0.0841784 0.875 412.438 0.356863 0.5 0 0
10150 0.0841784 0.875 412.438 0.356863 0.5 0 0
10160 0.0832462 0.875 413.312 0.356863 0.5 0 0
10170 0.0832462 0.875 413.312 0.360784 0.5 0 0
10180 0.082421 0.875 414.188 0.352941 0.5 0 0
10190 0.082421 0.875 414.188 0.356863 0.5 0 0
10200 0.0822206 0.875 415.062 0.360784 0.5 0 0
10210 0.0822206 0.875 415.062 0.360784 0.5 0 0
10220 0.0819439 0.875 415.938 0.356863 0.5 0 0
10230 0.0819439 0.875 415.938 0.34902 0.5 0 0
10240 0.0803991 0.875 416.812 0.345098 0.5 0 0
10250 0.0803991 0.875 416.812 0.345098 0.5 0 0
10260 0.0795366 0.875 417.688 0.345098 0.5 0 0
10270 0.0795366 0.875 417.688 0.341176 0.5 0 0
10280 0.0791204 0.875 418.562 0.345098 0.5 0 0
10290 0.0791204 0.875 418.562 0.345098 0.5 0 0
10300 0.0787928 0.875 419.438 0.345098 0.5 0 0
10310 0.0787928 0.875 419.438 0.345098 0.5 0 0
10320 0.0786386 0.875 420.312 0.345098 0.5 0 0
10330 0.0786386 0.875 420.312 0.345098 0.5 0 0
10340 0.0786317 0.875 421.188 0.345098 0.5 0 0
10350 0.0786317 0.875 421.188 0.345098 0.5 0 0
10360 0.0786317 0.875 422.062 0.345098 0.5 0 0
10370 0.0786317 0.875 422.062 0.341176 0.5 0 0
10380 0.0786317 0.8125 422.875 0.345098 0.5 0 0
10390 0.0786317 0.8125 422.875 0.345098 0.5 0 0
10400 0.0786176 0.8125 423.688 0.345098 0.5 0 0
10410 0.0786176 0.8125 423.688 0.345098 0.5 0 0
10420 0.0786176 0.8125 424.5 0.345098 0.5 0 0
10430 0.0786176 0.8125 424.5 0.345098 0.5 0 0
10440 0.0786176 0.8125 425.312 0.345098 0.5 0 0
10450 0.0786176 0.8125 425.312 0.345098 0.5 0 0
10460 0.0786176 0.875 426.188 0.345098 0.5 0 0
10470 0.0786176 0.875 426.188 0.345098 0.5 0 0
10480 0.0786151 0.8125 427 0.341176 0.5 0 0
10490 0.0786151 0.8125 427 0.345098 0.5 0 0
10500 0.0786139 0.8125 427.812 0.341176 0.5 0 0
10510 0.0786139 0.8125 427.812 0.341176 0.5 0 0
10520 0.0786079 0.8125 428.625 0.341176 0.5 0 0
10530 0.0786079 0.8125 428.625 0.345098 0.5 0 0
10540 0.0786036 0.8125 429.438 0.345098 0.5 0 0
10550 0.0786036 0.8125 429.438 0.345098 0.5 0 0
10560 0.0786036 0.8125 430.25 0.345098 0.5 0 0
10570 0.0786036 0.8125 430.25 0.345098 0.5 0 0
10580 0.0786036 0.8125 431.062 0.345098 0.5 0 0
10590 0.0786036 0.8125 431.062 0.345098 0.5 0 0
10600 0.0786036 0.8125 431.875 0.345098 0.5 0 0
10610 0.0786036 0.8125 431.875 0.345098 0.5 0 0
10620 0.0785994 0.8125 432.688 0.341176 0.5 0 0
10630 0.0785994 0.8125 432.688 0.345098 0.5 0 0
10640 0.0785955 0.8125 433.5 0.345098 0.5 0 0
10650 0.0785955 0.8125 433.5 0.345098 0.5 0 0
10660 0.0785955 0.75 434.25 0.345098 0.5 0 0
10670 0.0785955 0.75 434.25 0.345098 0.5 0 0
10680 0.0785955 0.75 435 0.345098 0.5 0 0
10690 0.0785955 0.75 435 0.345098 0.5 0 0
10700 0.0785955 0.75 435.75 0.345098 0.5 0 0
10710 0.0785955 0.75 435.75 0.345098 0.5 0 0
10720 0.0785987 0.75 436.5 0.345098 0.5 0 0
10730 0.0785987 0.75 436.5 0.345098 0.5 0 0
10740 0.0791118 0.75 437.25 0.345098 0.5 0 0
10750 0.0791118 0.75 437.25 0.345098 0.5 0 0
10760 0.0791471 0.6875 437.938 0.345098 0.5 0 0
10770 0.0791471 0.6875 437.938 0.345098 0.5 0 0
10780 0.0791471 0.75 438.688 0.345098 0.5 0 0
10790 0.0791471 0.75 438.688 0.345098 0.5 0 0
10800 0.0795075 0.75 439.438 0.345098 0.5 0 0
10810 0.0795075 0.75 439.438 0.345098 0.5 0 0
10820 0.0799612 0.75 440.188 0.345098 0.5 0 0
10830 0.0799612 0.75 440.188 0.34902 0.5 0 0
10840 0.0802811 0.8125 441 0.34902 0.5 0 0
10850 0.0802811 0.8125 441 0.34902 0.5 0 0
10860 0.0802507 0.8125 441.812 0.34902 0.5 0 0
10870 0.0802507 0.8125 441.812 0.34902 0.5 0 0
10880 0.0797781 0.8125 442.625 0.341176 0.5 0 0
10890 0.0797781 0.8125 442.625 0.337255 0.5 0 0
10900 0.0784704 0.8125 443.438 0.337255 0.5 0 0
10910 0.0784704 0.8125 443.438 0.341176 0.5 0 0
10920 0.0776519 0.8125 444.25 0.341176 0.5 0 0
10930 0.0776519 0.8125 444.25 0.341176 0.5 0 0
10940 0.0773474 0.6875 444.938 0.337255 0.5 0 0
10950 0.0773474 0.6875 444.938 0.341176 0.5 0 0
10960 0.0772197 0.8125 445.75 0.341176 0.5 0 0
10970 0.0772197 0.8125 445.75 0.341176 0.5 0 0
10980 0.0773479 0.75 446.5 0.341176 0.5 0 0
10990 0.0773479 0.75 446.5 0.341176 0.5 0 0
11000 0.0783128 0.75 447.25 0.341176 0.5 0 0
11010 0.0783128 0.75 447.25 0.341176 0.5 0 0
11020 0.0785983 0.8125 448.062 0.341176 0.5 0 0
11030 0.0785983 0.8125 448.062 0.341176 0.5 0 0
11040 0.0788495 0.8125 448.875 0.345098 0.5 0 0
11050 0.0788495 0.8125 448.875 0.345098 0.5 0 0
11060 0.0789368 0.75 449.625 0.341176 0.5 0 0
11070 0.0789368 0.75 449.625 0.345098 0.5 0 0
11080 0.0788213 0.75 450.375 0.341176 0.5 0 0
11090 0.0788213 0.75 450.375 0.341176 0.5 0 0
11100 0.0784938 0.6875 451.062 0.341176 0.5 0 0
11110 0.0784938 0.6875 451.062 0.337255 0.5 0 0
11120 0.0780318 0.75 451.812 0.337255 0.5 0 0
11130 0.0780318 0.75 451.812 0.341176 0.5 0 0
11140 0.0777789 0.75 452.562 0.341176 0.5 0 0
11150 0.0777789 0.75 452.562 0.34902 0.5 0 0
11160 0.077532 0.75 453.312 0.356863 0.5 0 0
11170 0.077532 0.75 453.312 0.352941 0.5 0 0
11180 0.0772135 0.75 454.062 0.360784 0.5 0 0
11190 0.0772135 0.75 454.062 0.352941 0.5 0 0
11200 0.0766298 0.75 454.812 0.337255 0.5 0 0
11210 0.0766298 0.75 454.812 0.329412 0.5 0 0
11220 0.0753031 0.75 455.562 0.329412 0.5 0 0
11230 0.0753031 0.75 455.562 0.329412 0.5 0 0
11240 0.0746693 0.75 456.312 0.329412 0.5 0 0
11250 0.0746693 0.75 456.312 0.329412 0.5 0 0
11260 0.0744402 0.625 456.938 0.329412 0.5 0 0
11270 0.0744402 0.625 456.938 0.329412 0.5 0 0
11280 0.074382 0.6875 457.625 0.329412 0.5 0 0
11290 0.074382 0.6875 457.625 0.329412 0.5 0 0
11300 0.0741131 0.6875 458.312 0.329412 0.5 0 0
11310 0.0741131 0.6875 458.312 0.329412 0.5 0 0
11320 0.0739255 0.6875 459 0.329412 0.5 0 0
11330 0.0739255 0.6875 459 0.329412 0.5 0 0
11340 0.0737976 0.6875 459.688 0.329412 0.5 0 0
11350 0.0737976 0.6875 459.688 0.329412 0.5 0 0
11360 0.0737059 0.6875 460.375 0.329412 0.5 0 0
11370 0.0737059 0.6875 460.375 0.329412 0.5 0 0
11380 0.0736566 0.75 461.125 0.329412 0.5 0 0
11390 0.0736566 0.75 461.125 0.329412 0.5 0 0
11400 0.0736532 0.75 461.875 0.329412 0.5 0 0
11410 0.0736532 0.75 461.875 0.333333 0.5 0 0
11420 0.0736371 0.75 462.625 0.329412 0.5 0 0
11430 0.0736371 0.75 462.625 0.333333 0.5 0 0
11440 0.0735315 0.8125 463.438 0.329412 0.5 0 0
11450 0.0735315 0.8125 463.438 0.329412 0.5 0 0
11460 0.0735315 0.8125 464.25 0.329412 0.5 0 0
11470 0.0735315 0.8125 464.25 0.329412 0.5 0 0
11480 0.0735315 0.8125 465.062 0.329412 0.5 0 0
11490 0.0735315 0.8125 465.062 0.333333 0.5 0 0
11500 0.0735291 0.8125 465.875 0.329412 0.5 0 0
11510 0.0735291 0.8125 465.875 0.329412 0.5 0 0
11520 0.073527 0.8125 466.688 0.329412 0.5 0 0
11530 0.073527 0.8125 466.688 0.329412 0.5 0 0
11540 0.0734898 0.8125 467.5 0.329412 0.5 0 0
11550 0.0734898 0.8125 467.5 0.329412 0.5 0 0
11560 0.0736391 0.8125 468.312 0.329412 0.5 0 0
11570 0.0736391 0.8125 468.312 0.329412 0.5 0 0
11580 0.0740791 0.9375 469.25 0.329412 0.5 0 0
11590 0.0740791 0.9375 469.25 0.32549 0.5 0 0
11600 0.074702 0.9375 470.188 0.329412 0.5 0 0
11610 0.074702 0.9375 470.188 0.329412 0.5 0 0
11620 0.0754394 0.9375 471.125 0.333333 0.5 0 0
11630 0.0754394 0.9375 471.125 0.337255 0.5 0 0
11640 0.0756764 0.9375 472.062 0.337255 0.5 0 0
11650 0.0756764 0.9375 472.062 0.337255 0.5 0 0
11660 0.0756763 0.8125 472.875 0.337255 0.5 0 0
11670 0.0756763 0.8125 472.875 0.337255 0.5 0 0
11680 0.0755012 0.8125 473.688 0.337255 0.5 0 0
11690 0.0755012 0.8125 473.688 0.333333 0.5 0 0
11700 0.0746667 0.6875 474.375 0.32549 0.5 0 0
11710 0.0746667 0.6875 474.375 0.321569 0.5 0 0
11720 0.0733032 0.8125 475.188 0.32549 0.5 0 0
11730 0.0733032 0.8125 475.188 0.32549 0.5 0 0
11740 0.072821 0.875 476.062 0.32549 0.5 0 0
11750 0.072821 0.875 476.062 0.32549 0.5 0 0
11760 0.0728202 0.875 476.938 0.321569 0.5 0 0
11770 0.0728202 0.875 476.938 0.321569 0.5 0 0
11780 0.0725986 0.875 477.812 0.32549 0.5 0 0
11790 0.0725986 0.875 477.812 0.321569 0.5 0 0
11800 0.0725472 0.875 478.688 0.32549 0.5 0 0
11810 0.0725472 0.875 478.688 0.32549 0.5 0 0
11820 0.0722462 0.875 479.562 0.32549 0.5 0 0
11830 0.0722462 0.875 479.562 0.321569 0.5 0 0
11840 0.0720133 0.8125 480.375 0.321569 0.5 0 0
11850 0.0720133 0.8125 480.375 0.32549 0.5 0 0
11860 0.0718863 0.875 481.25 0.32549 0.5 0 0
11870 0.0718863 0.875 481.25 0.321569 0.5 0 0
11880 0.0718485 0.8125 482.062 0.321569 0.5 0 0
11890 0.0718485 0.8125 482.062 0.321569 0.5 0 0
11900 0.0717508 0.875 482.938 0.32549 0.5 0 0
11910 0.0717508 0.875 482.938 0.32549 0.5 0 0
11920 0.0716365 0.875 483.812 0.321569 0.5 0 0
11930 0.0716365 0.875 483.812 0.321569 0.5 0 0
11940 0.0716361 0.875 484.688 0.32549 0.5 0 0
11950 0.0716361 0.875 484.688 0.32549 0.5 0 0
11960 0.0716361 0.875 485.562 0.321569 0.5 0 0
11970 0.0716361 0.875 485.562 0.321569 0.5 0 0
11980 0.0716361 0.875 486.438 0.321569 0.5 0 0
11990 0.0716361 0.875 486.438 0.321569 0.5 0 0
12000 0.0716361 0.6875 487.125 0.321569 0.5 0 0
12010 0.0716361 0.6875 487.125 0.321569 0.5 0 0
12020 0.0716361 0.6875 487.812 0.32549 0.5 0 0
12030 0.0716361 0.6875 487.812 0.32549 0.5 0 0
12040 0.0716361 0.6875 488.5 0.32549 0.5 0 0
12050 0.0716361 0.6875 488.5 0.321569 0.5 0 0
12060 0.0716361 0.9375 489.438 0.32549 0.5 0 0
12070 0.0716361 0.9375 489.438 0.32549 0.5 0 0
12080 0.0716361 0.875 490.312 0.321569 0.5 0 0
12090 0.0716361 0.875 490.312 0.321569 0.5 0 0
12100 0.0716361 0.875 491.188 0.32549 0.5 0 0
12110 0.0716361 0.875 491.188 0.32549 0.5 0 0
12120 0.0716361 0.875 492.062 0.321569 0.5 0 0
12130 0.0716361 0.875 492.062 0.32549 0.5 0 0
12140 0.0716361 0.8125 492.875 0.321569 0.5 0 0
12150 0.0716361 0.8125 492.875 0.32549 0.5 0 0
12160 0.0716361 0.875 493.75 0.321569 0.5 0 0
12170 0.0716361 0.875 493.75 0.32549 0.5 0 0
12180 0.0716361 0.75 494.5 0.321569 0.5 0 0
12190 0.0716361 0.75 494.5 0.321569 0.5 0 0
12200 0.0716361 0.875 495.375 0.32549 0.5 0 0
12210 0.0716361 0.875 495.375 0.32549 0.5 0 0
12220 0.0713654 0.9375 496.312 0.32549 0.5 0 0
12230 0.0713654 0.9375 496.312 0.321569 0.5 0 0
12240 0.0713048 0.875 497.188 0.32549 0.5 0 0
12250 0.0713048 0.875 497.188 0.32549 0.5 0 0
12260 0.0715211 0.8125 498 0.32549 0.5 0 0
12270 0.0715211 0.8125 498 0.32549 0.5 0 0
12280 0.0720605 0.875 498.875 0.32549 0.5 0 0
12290 0.0720605 0.875 498.875 0.32549 0.5 0 0
12300 0.0722988 0.875 499.75 0.321569 0.5 0 0
12310 0.0722988 0.875 499.75 0.321569 0.5 0 0
12320 0.0730188 0.875 500.625 0.329412 0.5 0 0
12330 0.0730188 0.875 500.625 0.329412 0.5 0 0
12340 0.0732152 0.875 501.5 0.329412 0.5 0 0
12350 0.0732152 0.875 501.5 0.329412 0.5 0 0
12360 0.0732149 0.875 502.375 0.329412 0.5 0 0
12370 0.0732149 0.875 502.375 0.32549 0.5 0 0
12380 0.0730544 0.6875 503.062 0.32549 0.5 0 0
12390 0.0730544 0.6875 503.062 0.32549 0.5 0 0
12400 0.0725057 0.6875 503.75 0.321569 0.5 0 0
12410 0.0725057 0.6875 503.75 0.317647 0.5 0 0
12420 0.0715404 0.8125 504.562 0.313725 0.5 0 0
12430 0.0715404 0.8125 504.562 0.317647 0.5 0 0
12440 0.0704098 0.6875 505.25 0.317647 0.5 0 0
12450 0.0704098 0.6875 505.25 0.317647 0.5 0 0
12460 0.0702846 0.6875 505.938 0.317647 0.5 0 0
12470 0.0702846 0.6875 505.938 0.317647 0.5 0 0
12480 0.0702025 0.8125 506.75 0.317647 0.5 0 0
12490 0.0702025 0.8125 506.75 0.317647 0.5 0 0
12500 0.0697381 0.75 507.5 0.317647 0.5 0 0
12510 0.0697381 0.75 507.5 0.317647 0.5 0 0
12520 0.0697313 0.75 508.25 0.317647 0.5 0 0
12530 0.0697313 0.75 508.25 0.317647 0.5 0 0
12540 0.069621 0.875 509.125 0.317647 0.5 0 0
12550 0.069621 0.875 509.125 0.317647 0.5 0 0
12560 0.0694435 0.8125 509.938 0.317647 0.5 0 0
12570 0.0694435 0.8125 509.938 0.317647 0.5 0 0
12580 0.0693025 0.875 510.812 0.317647 0.5 0 0
12590 0.0693025 0.875 510.812 0.317647 0.5 0 0
12600 0.0692995 0.875 511.688 0.317647 0.5 0 0
12610 0.0692995 0.875 511.688 0.317647 0.5 0 0
12620 0.0692995 0.875 512.562 0.317647 0.5 0 0
12630 0.0692995 0.875 512.562 0.317647 0.5 0 0
12640 0.0692985 1 513.562 0.317647 0.5 0 0
12650 0.0692985 1 513.562 0.317647 0.5 0 0
12660 0.0692888 0.875 514.438 0.317647 0.5 0 0
12670 0.0692888 0.875 514.438 0.317647 0.5 0 0
12680 0.0692817 0.875 515.312 0.317647 0.5 0 0
12690 0.0692817 0.875 515.312 0.317647 0.5 0 0
12700 0.0692709 0.75 516.062 0.313725 0.5 0 0
12710 0.0692709 0.75 516.062 0.317647 0.5 0 0
12720 0.0692646 0.8125 516.875 0.317647 0.5 0 0
12730 0.0692646 0.8125 516.875 0.317647 0.5 0 0
12740 0.0692646 0.875 517.75 0.317647 0.5 0 0
12750 0.0692646 0.875 517.75 0.317647 0.5 0 0
12760 0.0692646 0.875 518.625 0.317647 0.5 0 0
12770 0.0692646 0.875 518.625 0.317647 0.5 0 0
12780 0.0692546 0.875 519.5 0.317647 0.5 0 0
12790 0.0692546 0.875 519.5 0.317647 0.5 0 0
12800 0.0692491 0.875 520.375 0.317647 0.5 0 0
12810 0.0692491 0.875 520.375 0.317647 0.5 0 0
12820 0.0692372 0.875 521.25 0.317647 0.5 0 0
12830 0.0692372 0.875 521.25 0.317647 0.5 0 0
12840 0.0692323 0.875 522.125 0.317647 0.5 0 0
12850 0.0692323 0.875 522.125 0.317647 0.5 0 0
12860 0.0692323 0.75 522.875 0.317647 0.5 0 0
12870 0.0692323 0.75 522.875 0.317647 0.5 0 0
12880 0.0692315 0.875 523.75 0.317647 0.5 0 0
12890 0.0692315 0.875 523.75 0.317647 0.5 0 0
12900 0.0692224 0.875 524.625 0.317647 0.5 0 0
12910 0.0692224 0.875 524.625 0.317647 0.5 0 0
12920 0.0692037 0.875 525.5 0.317647 0.5 0 0
12930 0.0692037 0.875 525.5 0.317647 0.5 0 0
12940 0.0691883 0.875 526.375 0.317647 0.5 0 0
12950 0.0691883 0.875 526.375 0.317647 0.5 0 0
12960 0.0691869 0.75 527.125 0.317647 0.5 0 0
12970 0.0691869 0.75 527.125 0.317647 0.5 0 0
12980 0.0691869 0.75 527.875 0.317647 0.5 0 0
12990 0.0691869 0.75 527.875 0.317647 0.5 0 0
13000 0.0691264 0.875 528.75 0.317647 0.5 0 0
13010 0.0691264 0.875 528.75 0.317647 0.5 0 0
13020 0.0690023 0.9375 529.688 0.317647 0.5 0 0
13030 0.0690023 0.9375 529.688 0.317647 0.5 0 0
13040 0.0689128 0.9375 530.625 0.317647 0.5 0 0
13050 0.0689128 0.9375 530.625 0.317647 0.5 0 0
13060 0.0688869 0.9375 531.562 0.317647 0.5 0 0
13070 0.0688869 0.9375 531.562 0.317647 0.5 0 0
13080 0.0688869 0.9375 532.5 0.317647 0.5 0 0
13090 0.0688869 0.9375 532.5 0.317647 0.5 0 0
13100 0.0688869 0.9375 533.438 0.317647 0.5 0 0
13110 0.0688869 0.9375 533.438 0.317647 0.5 0 0
13120 0.0688762 0.875 534.312 0.317647 0.5 0 0
13130 0.0688762 0.875 534.312 0.317647 0.5 0 0
13140 0.0688611 0.875 535.188 0.317647 0.5 0 0
13150 0.0688611 0.875 535.188 0.317647 0.5 0 0
13160 0.0686938 0.8125 536 0.317647 0.5 0 0
13170 0.0686938 0.8125 536 0.317647 0.5 0 0
13180 0.0684076 0.8125 536.812 0.317647 0.5 0 0
13190 0.0684076 0.8125 536.812 0.317647 0.5 0 0
13200 0.0684038 0.75 537.562 0.317647 0.5 0 0
13210 0.0684038 0.75 537.562 0.317647 0.5 0 0
13220 0.0683748 0.75 538.312 0.317647 0.5 0 0
13230 0.0683748 0.75 538.312 0.317647 0.5 0 0
13240 0.0683688 0.75 539.062 0.317647 0.5 0 0
13250 0.0683688 0.75 539.062 0.317647 0.5 0 0
13260 0.0683552 0.6875 539.75 0.317647 0.5 0 0
13270 0.0683552 0.6875 539.75 0.317647 0.5 0 0
13280 0.0677349 0.75 540.5 0.317647 0.5 0 0
13290 0.0677349 0.75 540.5 0.317647 0.5 0 0
13300 0.0675893 0.75 541.25 0.317647 0.5 0 0
13310 0.0675893 0.75 541.25 0.317647 0.5 0 0
13320 0.0675672 0.75 542 0.317647 0.5 0 0
13330 0.0675672 0.75 542 0.317647 0.5 0 0
13340 0.067567 0.75 542.75 0.317647 0.5 0 0
13350 0.067567 0.75 542.75 0.317647 0.5 0 0
13360 0.0675661 0.75 543.5 0.317647 0.5 0 0
13370 0.0675661 0.75 543.5 0.317647 0.5 0 0
13380 0.0675661 0.75 544.25 0.317647 0.5 0 0
13390 0.0675661 0.75 544.25 0.317647 0.5 0 0
13400 0.0675646 0.6875 544.938 0.317647 0.5 0 0
13410 0.0675646 0.6875 544.938 0.317647 0.5 0 0
13420 0.0675641 0.625 545.562 0.317647 0.5 0 0
13430 0.0675641 0.625 545.562 0.317647 0.5 0 0
13440 0.0675556 0.625 546.188 0.317647 0.5 0 0
13450 0.0675556 0.625 546.188 0.317647 0.5 0 0
13460 0.0675446 0.625 546.812 0.317647 0.5 0 0
13470 0.0675446 0.625 546.812 0.317647 0.5 0 0
13480 0.0675427 0.6875 547.5 0.317647 0.5 0 0
13490 0.0675427 0.6875 547.5 0.317647 0.5 0 0
13500 0.0679145 0.5625 548.062 0.317647 0.5 0 0
13510 0.0679145 0.5625 548.062 0.321569 0.5 0 0
13520 0.0689049 0.5625 548.625 0.321569 0.5 0 0
13530 0.0689049 0.5625 548.625 0.321569 0.5 0 0
13540 0.0692143 0.6875 549.312 0.321569 0.5 0 0
13550 0.0692143 0.6875 549.312 0.321569 0.5 0 0
13560 0.0695405 0.6875 550 0.321569 0.5 0 0
13570 0.0695405 0.6875 550 0.321569 0.5 0 0
13580 0.0697644 0.6875 550.688 0.321569 0.5 0 0
13590 0.0697644 0.6875 550.688 0.32549 0.5 0 0
13600 0.0698377 0.6875 551.375 0.32549 0.5 0 0
13610 0.0698377 0.6875 551.375 0.32549 0.5 0 0
13620 0.0697384 0.6875 552.062 0.32549 0.5 0 0
13630 0.0697384 0.6875 552.062 0.32549 0.5 0 0
13640 0.069391 0.6875 552.75 0.32549 0.5 0 0
13650 0.069391 0.6875 552.75 0.32549 0.5 0 0
13660 0.0686881 0.75 553.5 0.32549 0.5 0 0
13670 0.0686881 0.75 553.5 0.321569 0.5 0 0
13680 0.0682239 0.75 554.25 0.321569 0.5 0 0
13690 0.0682239 0.75 554.25 0.313725 0.5 0 0
13700 0.0673649 0.6875 554.938 0.313725 0.5 0 0
13710 0.0673649 0.6875 554.938 0.317647 0.5 0 0
13720 0.0676386 0.6875 555.625 0.313725 0.5 0 0
13730 0.0676386 0.6875 555.625 0.313725 0.5 0 0
13740 0.0680234 0.75 556.375 0.317647 0.5 0 0
13750 0.0680234 0.75 556.375 0.317647 0.5 0 0
13760 0.0680619 0.6875 557.062 0.317647 0.5 0 0
13770 0.0680619 0.6875 557.062 0.317647 0.5 0 0
13780 0.0683633 0.6875 557.75 0.321569 0.5 0 0
13790 0.0683633 0.6875 557.75 0.321569 0.5 0 0
13800 0.0681726 0.6875 558.438 0.321569 0.5 0 0
13810 0.0681726 0.6875 558.438 0.32549 0.5 0 0
13820 0.0677448 0.6875 559.125 0.317647 0.5 0 0
13830 0.0677448 0.6875 559.125 0.313725 0.5 0 0
13840 0.0671499 0.8125 559.938 0.313725 0.5 0 0
13850 0.0671499 0.8125 559.938 0.309804 0.5 0 0
13860 0.067274 0.875 560.812 0.305882 0.5 0 0
13870 0.067274 0.875 560.812 0.305882 0.5 0 0
13880 0.0668895 0.9375 561.75 0.305882 0.5 0 0
13890 0.0668895 0.9375 561.75 0.305882 0.5 0 0
13900 0.0665778 1 562.75 0.305882 0.5 0 0
13910 0.0665778 1 562.75 0.305882 0.5 0 0
13920 0.0658882 1 563.75 0.309804 0.5 0 0
13930 0.0658882 1 563.75 0.305882 0.5 0 0
13940 0.0648837 1 564.75 0.305882 0.5 0 0
13950 0.0648837 1 564.75 0.305882 0.5 0 0
13960 0.0639899 1 565.75 0.305882 0.5 0 0
13970 0.0639899 1 565.75 0.305882 0.5 0 0
13980 0.0635579 0.9375 566.688 0.305882 0.5 0 0
13990 0.0635579 0.9375 566.688 0.305882 0.5 0 0
14000 0.063272 0.9375 567.625 0.309804 0.5 0 0
14010 0.063272 0.9375 567.625 0.309804 0.5 0 0
14020 0.0629393 0.9375 568.562 0.313725 0.5 0 0
14030 0.0629393 0.9375 568.562 0.313725 0.5 0 0
14040 0.0629101 1 569.562 0.309804 0.5 0 0
14050 0.0629101 1 569.562 0.317647 0.5 0 0
14060 0.062885 1 570.562 0.313725 0.5 0 0
14070 0.062885 1 570.562 0.313725 0.5 0 0
14080 0.0627763 1 571.562 0.313725 0.5 0 0
14090 0.0627763 1 571.562 0.313725 0.5 0 0
14100 0.0627002 1 572.562 0.313725 0.5 0 0
14110 0.0627002 1 572.562 0.309804 0.5 0 0
14120 0.0626556 0.875 573.438 0.313725 0.5 0 0
14130 0.0626556 0.875 573.438 0.317647 0.5 0 0
14140 0.0624969 0.875 574.312 0.313725 0.5 0 0
14150 0.0624969 0.875 574.312 0.317647 0.5 0 0
14160 0.062366 0.8125 575.125 0.317647 0.5 0 0
14170 0.062366 0.8125 575.125 0.317647 0.5 0 0
14180 0.0623577 0.8125 575.938 0.317647 0.5 0 0
14190 0.0623577 0.8125 575.938 0.313725 0.5 0 0
14200 0.0623534 0.8125 576.75 0.321569 0.5 0 0
14210 0.0623534 0.8125 576.75 0.317647 0.5 0 0
14220 0.0623199 0.8125 577.562 0.317647 0.5 0 0
14230 0.0623199 0.8125 577.562 0.317647 0.5 0 0
14240 0.0622913 0.9375 578.5 0.321569 0.5 0 0
14250 0.0622913 0.9375 578.5 0.317647 0.5 0 0
14260 0.0622784 0.8125 579.312 0.317647 0.5 0 0
14270 0.0622784 0.8125 579.312 0.317647 0.5 0 0
14280 0.0622696 0.875 580.188 0.313725 0.5 0 0
14290 0.0622696 0.875 580.188 0.317647 0.5 0 0
14300 0.0621238 0.875 581.062 0.321569 0.5 0 0
14310 0.0621238 0.875 581.062 0.321569 0.5 0 0
14320 0.0621075 0.9375 582 0.317647 0.5 0 0
14330 0.0621075 0.9375 582 0.317647 0.5 0 0
14340 0.0620494 0.875 582.875 0.321569 0.5 0 0
14350 0.0620494 0.875 582.875 0.321569 0.5 0 0
14360 0.0620136 0.9375 583.812 0.321569 0.5 0 0
14370 0.0620136 0.9375 583.812 0.321569 0.5 0 0
14380 0.0619655 0.9375 584.75 0.321569 0.5 0 0
14390 0.0619655 0.9375 584.75 0.317647 0.5 0 0
14400 0.0619583 0.75 585.5 0.321569 0.5 0 0
14410 0.0619583 0.75 585.5 0.321569 0.5 0 0
14420 0.0618968 0.9375 586.438 0.321569 0.5 0 0
14430 0.0618968 0.9375 586.438 0.317647 0.5 0 0
14440 0.0618611 0.9375 587.375 0.32549 0.5 0 0
14450 0.0618611 0.9375 587.375 0.32549 0.5 0 0
14460 0.0618455 0.9375 588.312 0.321569 0.5 0 0
14470 0.0618455 0.9375 588.312 0.321569 0.5 0 0
14480 0.0617506 0.8125 589.125 0.321569 0.5 0 0
14490 0.0617506 0.8125 589.125 0.321569 0.5 0 0
14500 0.0616791 0.9375 590.062 0.32549 0.5 0 0
14510 0.0616791 0.9375 590.062 0.321569 0.5 0 0
14520 0.0616372 0.9375 591 0.317647 0.5 0 0
14530 0.0616372 0.9375 591 0.317647 0.5 0 0
14540 0.0616032 0.8125 591.812 0.321569 0.5 0 0
14550 0.0616032 0.8125 591.812 0.32549 0.5 0 0
14560 0.0615788 0.8125 592.625 0.32549 0.5 0 0
14570 0.0615788 0.8125 592.625 0.32549 0.5 0 0
14580 0.0615422 0.8125 593.438 0.32549 0.5 0 0
14590 0.0615422 0.8125 593.438 0.321569 0.5 0 0
14600 0.0615252 0.75 594.188 0.317647 0.5 0 0
14610 0.0615252 0.75 594.188 0.321569 0.5 0 0
14620 0.0615214 0.75 594.938 0.321569 0.5 0 0
14630 0.0615214 0.75 594.938 0.321569 0.5 0 0
14640 0.061494 0.625 595.562 0.32549 0.5 0 0
14650 0.061494 0.625 595.562 0.32549 0.5 0 0
14660 0.0614174 0.75 596.312 0.329412 0.5 0 0
14670 0.0614174 0.75 596.312 0.321569 0.5 0 0
14680 0.0613362 0.8125 597.125 0.32549 0.5 0 0
14690 0.0613362 0.8125 597.125 0.32549 0.5 0 0
14700 0.0612494 0.9375 598.062 0.321569 0.5 0 0
14710 0.0612494 0.9375 598.062 0.32549 0.5 0 0
14720 0.0612457 0.9375 599 0.321569 0.5 0 0
14730 0.0612457 0.9375 599 0.32549 0.5 0 0
14740 0.0612382 0.9375 599.938 0.32549 0.5 0 0
14750 0.0612382 0.9375 599.938 0.32549 0.5 0 0
14760 0.0612307 0.9375 600.875 0.321569 0.5 0 0
14770 0.0612307 0.9375 600.875 0.321569 0.5 0 0
14780 0.0612212 0.9375 601.812 0.321569 0.5 0 0
14790 0.0612212 0.9375 601.812 0.32549 0.5 0 0
14800 0.0612118 0.9375 602.75 0.32549 0.5 0 0
14810 0.0612118 0.9375 602.75 0.321569 0.5 0 0
14820 0.0611892 0.9375 603.688 0.321569 0.5 0 0
14830 0.0611892 0.9375 603.688 0.32549 0.5 0 0
14840 0.0611786 0.9375 604.625 0.32549 0.5 0 0
14850 0.0611786 0.9375 604.625 0.32549 0.5 0 0
14860 0.0611742 0.9375 605.562 0.321569 0.5 0 0
14870 0.0611742 0.9375 605.562 0.32549 0.5 0 0
14880 0.0611094 0.875 606.438 0.329412 0.5 0 0
14890 0.0611094 0.875 606.438 0.321569 0.5 0 0
14900 0.0611002 0.875 607.312 0.321569 0.5 0 0
14910 0.0611002 0.875 607.312 0.317647 0.5 0 0
14920 0.0610933 0.875 608.188 0.321569 0.5 0 0
14930 0.0610933 0.875 608.188 0.321569 0.5 0 0
14940 0.0610747 0.875 609.062 0.321569 0.5 0 0
14950 0.0610747 0.875 609.062 0.321569 0.5 0 0
14960 0.060953 0.8125 609.875 0.32549 0.5 0 0
14970 0.060953 0.8125 609.875 0.321569 0.5 0 0
14980 0.0609316 0.875 610.75 0.32549 0.5 0 0
14990 0.0609316 0.875 610.75 0.32549 0.5 0 0
15000 0.0609198 0.875 611.625 0.32549 0.5 0 0
15010 0.0609198 0.875 611.625 0.321569 0.5 0 0
15020 0.0609198 0.875 612.5 0.32549 0.5 0 0
15030 0.0609198 0.875 612.5 0.32549 0.5 0 0
15040 0.0609158 0.875 613.375 0.32549 0.5 0 0
15050 0.0609158 0.875 613.375 0.321569 0.5 0 0
15060 0.0608489 0.8125 614.188 0.329412 0.5 0 0
15070 0.0608489 0.8125 614.188 0.321569 0.5 0 0
15080 0.060805 0.9375 615.125 0.321569 0.5 0 0
15090 0.060805 0.9375 615.125 0.32549 0.5 0 0
15100 0.0605218 0.9375 616.062 0.32549 0.5 0 0
15110 0.0605218 0.9375 616.062 0.321569 0.5 0 0
15120 0.0602355 0.9375 617 0.321569 0.5 0 0
15130 0.0602355 0.9375 617 0.341176 0.5 0 0
15140 0.0601352 0.9375 617.938 0.337255 0.5 0 0
15150 0.0601352 0.9375 617.938 0.329412 0.5 0 0
15160 0.0601352 0.875 618.812 0.341176 0.5 0 0
15170 0.0601352 0.875 618.812 0.329412 0.5 0 0
15180 0.0601283 0.875 619.688 0.333333 0.5 0 0
15190 0.0601283 0.875 619.688 0.329412 0.5 0 0
15200 0.0603294 0.875 620.562 0.329412 0.5 0 0
15210 0.0603294 0.875 620.562 0.32549 0.5 0 0
15220 0.0609086 0.875 621.438 0.333333 0.5 0 0
15230 0.0609086 0.875 621.438 0.333333 0.5 0 0
15240 0.0618382 0.875 622.312 0.32549 0.5 0 0
15250 0.0618382 0.875 622.312 0.333333 0.5 0 0
15260 0.0627188 0.8125 623.125 0.337255 0.5 0 0
15270 0.0627188 0.8125 623.125 0.329412 0.5 0 0
15280 0.0637373 0.8125 623.938 0.333333 0.5 0 0
15290 0.0637373 0.8125 623.938 0.333333 0.5 0 0
15300 0.0644174 0.8125 624.75 0.329412 0.5 0 0
15310 0.0644174 0.8125 624.75 0.329412 0.5 0 0
15320 0.0647636 0.875 625.625 0.32549 0.5 0 0
15330 0.0647636 0.875 625.625 0.321569 0.5 0 0
15340 0.0649086 0.9375 626.562 0.321569 0.5 0 0
15350 0.0649086 0.9375 626.562 0.321569 0.5 0 0
15360 0.0649327 0.9375 627.5 0.317647 0.5 0 0
15370 0.0649327 0.9375 627.5 0.321569 0.5 0 0
15380 0.0649394 0.9375 628.438 0.321569 0.5 0 0
15390 0.0649394 0.9375 628.438 0.317647 0.5 0 0
15400 0.0649412 0.9375 629.375 0.321569 0.5 0 0
15410 0.0649412 0.9375 629.375 0.317647 0.5 0 0
15420 0.0649421 1 630.375 0.317647 0.5 0 0
15430 0.0649421 1 630.375 0.317647 0.5 0 0
15440 0.0649403 0.9375 631.312 0.317647 0.5 0 0
15450 0.0649403 0.9375 631.312 0.317647 0.5 0 0
15460 0.0647753 0.9375 632.25 0.317647 0.5 0 0
15470 0.0647753 0.9375 632.25 0.317647 0.5 0 0
15480 0.0647363 0.9375 633.188 0.317647 0.5 0 0
15490 0.0647363 0.9375 633.188 0.317647 0.5 0 0
15500 0.0646796 1 634.188 0.317647 0.5 0 0
15510 0.0646796 1 634.188 0.317647 0.5 0 0
15520 0.06462 1 635.188 0.317647 0.5 0 0
15530 0.06462 1 635.188 0.317647 0.5 0 0
15540 0.0645865 1 636.188 0.317647 0.5 0 0
15550 0.0645865 1 636.188 0.317647 0.5 0 0
15560 0.0645452 1 637.188 0.313725 0.5 0 0
15570 0.0645452 1 637.188 0.313725 0.5 0 0
15580 0.0645089 0.9375 638.125 0.313725 0.5 0 0
15590 0.0645089 0.9375 638.125 0.313725 0.5 0 0
15600 0.0640979 1 639.125 0.313725 0.5 0 0
15610 0.0640979 1 639.125 0.313725 0.5 0 0
15620 0.06368 1 640.125 0.313725 0.5 0 0
15630 0.06368 1 640.125 0.313725 0.5 0 0
15640 0.0636191 1 641.125 0.313725 0.5 0 0
15650 0.0636191 1 641.125 0.313725 0.5 0 0
15660 0.0635313 1 642.125 0.313725 0.5 0 0
15670 0.0635313 1 642.125 0.313725 0.5 0 0
15680 0.0633636 1 643.125 0.313725 0.5 0 0
15690 0.0633636 1 643.125 0.313725 0.5 0 0
15700 0.0632815 1 644.125 0.313725 0.5 0 0
15710 0.0632815 1 644.125 0.313725 0.5 0 0
15720 0.0631681 1 645.125 0.313725 0.5 0 0
15730 0.0631681 1 645.125 0.313725 0.5 0 0
15740 0.0629341 1 646.125 0.313725 0.5 0 0
15750 0.0629341 1 646.125 0.309804 0.5 0 0
15760 0.0625135 1 647.125 0.309804 0.5 0 0
15770 0.0625135 1 647.125 0.313725 0.5 0 0
15780 0.0619628 1 648.125 0.317647 0.5 0 0
15790 0.0619628 1 648.125 0.317647 0.5 0 0
15800 0.0618231 1 649.125 0.317647 0.5 0 0
15810 0.0618231 1 649.125 0.321569 0.5 0 0
15820 0.0618169 1 650.125 0.317647 0.5 0 0
15830 0.0618169 1 650.125 0.317647 0.5 0 0
15840 0.0618262 1 651.125 0.317647 0.5 0 0
15850 0.0618262 1 651.125 0.317647 0.5 0 0
15860 0.0618326 0.9375 652.062 0.317647 0.5 0 0
15870 0.0618326 0.9375 652.062 0.317647 0.5 0 0
15880 0.0617656 0.9375 653 0.317647 0.5 0 0
15890 0.0617656 0.9375 653 0.321569 0.5 0 0
15900 0.0613099 0.9375 653.938 0.321569 0.5 0 0
15910 0.0613099 0.9375 653.938 0.329412 0.5 0 0
15920 0.0610238 0.9375 654.875 0.32549 0.5 0 0
15930 0.0610238 0.9375 654.875 0.321569 0.5 0 0
15940 0.0610184 0.9375 655.812 0.329412 0.5 0 0
15950 0.0610184 0.9375 655.812 0.32549 0.5 0 0
15960 0.0609992 0.9375 656.75 0.321569 0.5 0 0
15970 0.0609992 0.9375 656.75 0.32549 0.5 0 0
15980 0.0609559 0.9375 657.688 0.329412 0.5 0 0
15990 0.0609559 0.9375 657.688 0.321569 0.5 0 0
16000 0.0608411 0.875 658.562 0.329412 0.5 0 0
16010 0.0608411 0.875 658.562 0.337255 0.5 0 0
16020 0.059214 0.8125 659.375 0.372549 0.5 0 0
16030 0.059214 0.8125 659.375 0.392157 0.5 0 0
16040 0.0574028 1 660.375 0.454902 0.5 0 0
16050 0.0574028 1 660.375 0.513725 0.5 0 0
16060 0.0563833 0.875 661.25 0.596078 0.5 0 0
16070 0.0563833 0.875 661.25 0.486275 0.5 0 0
16080 0.056296 1 662.25 0.415686 0.5 0 0
16090 0.056296 1 662.25 0.45098 0.5 0 0
16100 0.0562681 1 663.25 0.505882 0.5 0 0
16110 0.0562681 1 663.25 0.505882 0.5 0 0
16120 0.0562574 1 664.25 0.470588 0.5 0 0
16130 0.0562574 1 664.25 0.513725 0.5 0 0
16140 0.0562378 0.9375 665.188 0.439216 0.5 0 0
16150 0.0562378 0.9375 665.188 0.423529 0.5 0 0
16160 0.0562184 0.875 666.062 0.490196 0.5 0 0
16170 0.0562184 0.875 666.062 0.596078 0.5 0 0
16180 0.0561188 0.8125 666.875 0.423529 0.5 0 0
16190 0.0561188 0.8125 666.875 0.541176 0.5 0 0
16200 0.0560199 0.875 667.75 0.635294 0.5 0 0
16210 0.0560199 0.875 667.75 0.470588 0.5 0 0
16220 0.0559391 0.875 668.625 0.466667 0.5 0 0
16230 0.0559391 0.875 668.625 0.423529 0.5 0 0
16240 0.0558676 0.9375 669.562 0.415686 0.5 0 0
16250 0.0558676 0.9375 669.562 0.517647 0.5 0 0
16260 0.0558662 0.9375 670.5 0.447059 0.5 0 0
16270 0.0558662 0.9375 670.5 0.435294 0.5 0 0
16280 0.0558662 0.875 671.375 0.635294 0.5 0 0
16290 0.0558662 0.875 671.375 0.486275 0.5 0 0
16300 0.0556491 0.9375 672.312 0.643137 0.5 0 0
16310 0.0556491 0.9375 672.312 0.568627 0.5 0 0
16320 0.0555222 0.9375 673.25 0.470588 0.5 0 0
16330 0.0555222 0.9375 673.25 0.501961 0.5 0 0
16340 0.0553802 0.875 674.125 0.490196 0.5 0 0
16350 0.0553802 0.875 674.125 0.580392 0.5 0 0
16360 0.055191 0.875 675 0.529412 0.5 0 0
16370 0.055191 0.875 675 0.588235 0.5 0 0
16380 0.0551906 0.875 675.875 0.580392 0.5 0 0
16390 0.0551906 0.875 675.875 0.439216 0.5 0 0
16400 0.0551906 0.75 676.625 0.584314 0.5 0 0
16410 0.0551906 0.75 676.625 0.529412 0.5 0 0
16420 0.0551906 0.8125 677.438 0.517647 0.5 0 0
16430 0.0551906 0.8125 677.438 0.639216 0.5 0 0
16440 0.055179 0.6875 678.125 0.54902 0.5 0 0
16450 0.055179 0.6875 678.125 0.533333 0.5 0 0
16460 0.0551005 0.8125 678.938 0.568627 0.5 0 0
16470 0.0551005 0.8125 678.938 0.470588 0.5 0 0
16480 0.0550274 0.8125 679.75 0.490196 0.5 0 0
16490 0.0550274 0.8125 679.75 0.513725 0.5 0 0
16500 0.0550231 0.8125 680.562 0.580392 0.5 0 0
16510 0.0550231 0.8125 680.562 0.415686 0.5 0 0
16520 0.0549679 0.8125 681.375 0.411765 0.5 0 0
16530 0.0549679 0.8125 681.375 0.419608 0.5 0 0
16540 0.0549575 0.8125 682.188 0.513725 0.5 0 0
16550 0.0549575 0.8125 682.188 0.654902 0.5 0 0
16560 0.0548645 0.6875 682.875 0.45098 0.5 0 0
16570 0.0548645 0.6875 682.875 0.654902 0.5 0 0
16580 0.0548273 0.75 683.625 0.423529 0.5 0 0
16590 0.0548273 0.75 683.625 0.454902 0.5 0 0
16600 0.0548273 0.75 684.375 0.615686 0.5 0 0
16610 0.0548273 0.75 684.375 0.52549 0.5 0 0
16620 0.0548138 0.75 685.125 0.580392 0.5 0 0
16630 0.0548138 0.75 685.125 0.513725 0.5 0 0
16640 0.0548138 0.8125 685.938 0.486275 0.5 0 0
16650 0.0548138 0.8125 685.938 0.52549 0.5 0 0
16660 0.0548138 0.875 686.812 0.490196 0.5 0 0
16670 0.0548138 0.875 686.812 0.580392 0.5 0 0
16680 0.0547638 0.875 687.688 0.411765 0.5 0 0
16690 0.0547638 0.875 687.688 0.521569 0.5 0 0
16700 0.0545949 0.8125 688.5 0.490196 0.5 0 0
16710 0.0545949 0.8125 688.5 0.439216 0.5 0 0
16720 0.0545881 0.8125 689.312 0.423529 0.5 0 0
16730 0.0545881 0.8125 689.312 0.517647 0.5 0 0
16740 0.0545881 0.9375 690.25 0.443137 0.5 0 0
16750 0.0545881 0.9375 690.25 0.580392 0.5 0 0
16760 0.0545837 0.875 691.125 0.415686 0.5 0 0
16770 0.0545837 0.875 691.125 0.439216 0.5 0 0
16780 0.0545796 0.8125 691.938 0.403922 0.5 0 0
16790 0.0545796 0.8125 691.938 0.443137 0.5 0 0
16800 0.0545687 0.75 692.688 0.517647 0.5 0 0
16810 0.0545687 0.75 692.688 0.580392 0.5 0 0
16820 0.0544546 0.6875 693.375 0.427451 0.5 0 0
16830 0.0544546 0.6875 693.375 0.447059 0.5 0 0
16840 0.0541666 0.6875 694.062 0.517647 0.5 0 0
16850 0.0541666 0.6875 694.062 0.458824 0.5 0 0
16860 0.0541646 0.8125 694.875 0.447059 0.5 0 0
16870 0.0541646 0.8125 694.875 0.439216 0.5 0 0
16880 0.0541632 0.8125 695.688 0.478431 0.5 0 0
16890 0.0541632 0.8125 695.688 0.431373 0.5 0 0
16900 0.0541548 0.8125 696.5 0.52549 0.5 0 0
16910 0.0541548 0.8125 696.5 0.454902 0.5 0 0
16920 0.0541456 0.8125 697.312 0.517647 0.5 0 0
16930 0.0541456 0.8125 697.312 0.498039 0.5 0 0
16940 0.054137 0.8125 698.125 0.541176 0.5 0 0
16950 0.054137 0.8125 698.125 0.447059 0.5 0 0
16960 0.054137 0.9375 699.062 0.454902 0.5 0 0
16970 0.054137 0.9375 699.062 0.615686 0.5 0 0
16980 0.054137 0.9375 700 0.486275 0.5 0 0
16990 0.054137 0.9375 700 0.541176 0.5 0 0
17000 0.054137 0.9375 700.938 0.478431 0.5 0 0
17010 0.054137 0.9375 700.938 0.435294 0.5 0 0
17020 0.05413 0.9375 701.875 0.486275 0.5 0 0
17030 0.05413 0.9375 701.875 0.541176 0.5 0 0
17040 0.054125 0.9375 702.812 0.427451 0.5 0 0
17050 0.054125 0.9375 702.812 0.431373 0.5 0 0
17060 0.0541173 0.9375 703.75 0.517647 0.5 0 0
17070 0.0541173 0.9375 703.75 0.486275 0.5 0 0
17080 0.054117 0.9375 704.688 0.466667 0.5 0 0
17090 0.054117 0.9375 704.688 0.431373 0.5 0 0
17100 0.054117 1 705.688 0.458824 0.5 0 0
17110 0.054117 1 705.688 0.439216 0.5 0 0
17120 0.0541154 1 706.688 0.454902 0.5 0 0
17130 0.0541154 1 706.688 0.52549 0.5 0 0
17140 0.0541122 1 707.688 0.513725 0.5 0 0
17150 0.0541122 1 707.688 0.439216 0.5 0 0
17160 0.0541067 1 708.688 0.470588 0.5 0 0
17170 0.0541067 1 708.688 0.458824 0.5 0 0
17180 0.054103 1 709.688 0.458824 0.5 0 0
17190 0.054103 1 709.688 0.470588 0.5 0 0
17200 0.054103 0.8125 710.5 0.615686 0.5 0 0
17210 0.054103 0.8125 710.5 0.466667 0.5 0 0
17220 0.0540748 0.875 711.375 0.435294 0.5 0 0
17230 0.0540748 0.875 711.375 0.478431 0.5 0 0
17240 0.0539518 0.875 712.25 0.454902 0.5 0 0
17250 0.0539518 0.875 712.25 0.447059 0.5 0 0
17260 0.0539454 0.875 713.125 0.470588 0.5 0 0
17270 0.0539454 0.875 713.125 0.443137 0.5 0 0
17280 0.0539386 0.875 714 0.431373 0.5 0 0
17290 0.0539386 0.875 714 0.486275 0.5 0 0
17300 0.0539359 0.9375 714.938 0.490196 0.5 0 0
17310 0.0539359 0.9375 714.938 0.513725 0.5 0 0
17320 0.0539359 0.9375 715.875 0.517647 0.5 0 0
17330 0.0539359 0.9375 715.875 0.466667 0.5 0 0
17340 0.0539295 0.9375 716.812 0.517647 0.5 0 0
17350 0.0539295 0.9375 716.812 0.470588 0.5 0 0
17360 0.053911 0.9375 717.75 0.458824 0.5 0 0
17370 0.053911 0.9375 717.75 0.478431 0.5 0 0
17380 0.053838 0.9375 718.688 0.52549 0.5 0 0
17390 0.053838 0.9375 718.688 0.576471 0.5 0 0
17400 0.0538348 0.9375 719.625 0.517647 0.5 0 0
17410 0.0538348 0.9375 719.625 0.513725 0.5 0 0
17420 0.0538319 0.9375 720.562 0.521569 0.5 0 0
17430 0.0538319 0.9375 720.562 0.517647 0.5 0 0
17440 0.053811 0.875 721.438 0.458824 0.5 0 0
17450 0.053811 0.875 721.438 0.486275 0.5 0 0
17460 0.053811 0.875 722.312 0.498039 0.5 0 0
17470 0.053811 0.875 722.312 0.541176 0.5 0 0
17480 0.0537211 0.75 723.062 0.517647 0.5 0 0
17490 0.0537211 0.75 723.062 0.505882 0.5 0 0
17500 0.0531777 0.8125 723.875 0.505882 0.5 0 0
17510 0.0531777 0.8125 723.875 0.478431 0.5 0 0
17520 0.0531344 0.9375 724.812 0.466667 0.5 0 0
17530 0.0531344 0.9375 724.812 0.447059 0.5 0 0
17540 0.0531305 0.9375 725.75 0.505882 0.5 0 0
17550 0.0531305 0.9375 725.75 0.505882 0.5 0 0
17560 0.0531305 0.9375 726.688 0.462745 0.5 0 0
17570 0.0531305 0.9375 726.688 0.478431 0.5 0 0
17580 0.0531305 0.9375 727.625 0.521569 0.5 0 0
17590 0.0531305 0.9375 727.625 0.427451 0.5 0 0
17600 0.0531305 1 728.625 0.478431 0.5 0 0
17610 0.0531305 1 728.625 0.576471 0.5 0 0
17620 0.053128 1 729.625 0.509804 0.5 0 0
17630 0.053128 1 729.625 0.458824 0.5 0 0
17640 0.053125 1 730.625 0.466667 0.5 0 0
17650 0.053125 1 730.625 0.443137 0.5 0 0
17660 0.0531205 0.9375 731.562 0.431373 0.5 0 0
17670 0.0531205 0.9375 731.562 0.478431 0.5 0 0
17680 0.0531167 0.9375 732.5 0.482353 0.5 0 0
17690 0.0531167 0.9375 732.5 0.447059 0.5 0 0
17700 0.0531167 0.8125 733.312 0.478431 0.5 0 0
17710 0.0531167 0.8125 733.312 0.486275 0.5 0 0
17720 0.0531167 0.9375 734.25 0.470588 0.5 0 0
17730 0.0531167 0.9375 734.25 0.517647 0.5 0 0
17740 0.0531061 0.9375 735.188 0.447059 0.5 0 0
17750 0.0531061 0.9375 735.188 0.576471 0.5 0 0
17760 0.0530883 0.8125 736 0.517647 0.5 0 0
17770 0.0530883 0.8125 736 0.45098 0.5 0 0
17780 0.053073 1 737 0.478431 0.5 0 0
17790 0.053073 1 737 0.592157 0.5 0 0
17800 0.053073 1 738 0.435294 0.5 0 0
17810 0.053073 1 738 0.466667 0.5 0 0
17820 0.053073 1 739 0.439216 0.5 0 0
17830 0.053073 1 739 0.47451 0.5 0 0
17840 0.0530712 1 740 0.654902 0.5 0 0
17850 0.0530712 1 740 0.478431 0.5 0 0
17860 0.0530614 1 741 0.45098 0.5 0 0
17870 0.0530614 1 741 0.443137 0.5 0 0
17880 0.0530441 1 742 0.435294 0.5 0 0
17890 0.0530441 1 742 0.470588 0.5 0 0
17900 0.0530287 1 743 0.490196 0.5 0 0
17910 0.0530287 1 743 0.470588 0.5 0 0
17920 0.0530287 1 744 0.494118 0.5 0 0
17930 0.0530287 1 744 0.447059 0.5 0 0
17940 0.0530287 0.9375 744.938 0.454902 0.5 0 0
17950 0.0530287 0.9375 744.938 0.517647 0.5 0 0
17960 0.0530262 0.875 745.812 0.431373 0.5 0 0
17970 0.0530262 0.875 745.812 0.494118 0.5 0 0
17980 0.05301 0.75 746.562 0.435294 0.5 0 0
17990 0.05301 0.75 746.562 0.541176 0.5 0 0
18000 0.0529932 0.875 747.438 0.431373 0.5 0 0
18010 0.0529932 0.875 747.438 0.45098 0.5 0 0
18020 0.0529833 0.9375 748.375 0.470588 0.5 0 0
18030 0.0529833 0.9375 748.375 0.443137 0.5 0 0
18040 0.0529833 1 749.375 0.435294 0.5 0 0
18050 0.0529833 1 749.375 0.466667 0.5 0 0
18060 0.0529833 1 750.375 0.505882 0.5 0 0
18070 0.0529833 1 750.375 0.458824 0.5 0 0
18080 0.0529775 1 751.375 0.443137 0.5 0 0
18090 0.0529775 1 751.375 0.498039 0.5 0 0
18100 0.0529614 0.9375 752.312 0.45098 0.5 0 0
18110 0.0529614 0.9375 752.312 0.458824 0.5 0 0
18120 0.0529435 0.9375 753.25 0.447059 0.5 0 0
18130 0.0529435 0.9375 753.25 0.454902 0.5 0 0
18140 0.0529327 0.8125 754.062 0.45098 0.5 0 0
18150 0.0529327 0.8125 754.062 0.541176 0.5 0 0
18160 0.0529327 0.8125 754.875 0.435294 0.5 0 0
18170 0.0529327 0.8125 754.875 0.447059 0.5 0 0
18180 0.0529327 0.8125 755.688 0.505882 0.5 0 0
18190 0.0529327 0.8125 755.688 0.52549 0.5 0 0
18200 0.0529293 0.75 756.438 0.576471 0.5 0 0
18210 0.0529293 0.75 756.438 0.454902 0.5 0 0
18220 0.0529001 0.8125 757.25 0.443137 0.5 0 0
18230 0.0529001 0.8125 757.25 0.478431 0.5 0 0
18240 0.0528948 0.5625 757.812 0.478431 0.5 0 0
18250 0.0528948 0.5625 757.812 0.517647 0.5 0 0
18260 0.0528913 0.8125 758.625 0.478431 0.5 0 0
18270 0.0528913 0.8125 758.625 0.478431 0.5 0 0
18280 0.0528913 0.8125 759.438 0.47451 0.5 0 0
18290 0.0528913 0.8125 759.438 0.466667 0.5 0 0
18300 0.052867 0.8125 760.25 0.615686 0.5 0 0
18310 0.052867 0.8125 760.25 0.443137 0.5 0 0
18320 0.0528561 0.75 761 0.478431 0.5 0 0
18330 0.0528561 0.75 761 0.498039 0.5 0 0
18340 0.0528526 0.8125 761.812 0.458824 0.5 0 0
18350 0.0528526 0.8125 761.812 0.498039 0.5 0 0
18360 0.0527694 0.75 762.562 0.517647 0.5 0 0
18370 0.0527694 0.75 762.562 0.541176 0.5 0 0
18380 0.0526662 0.75 763.312 0.439216 0.5 0 0
18390 0.0526662 0.75 763.312 0.486275 0.5 0 0
18400 0.0526012 0.75 764.062 0.478431 0.5 0 0
18410 0.0526012 0.75 764.062 0.572549 0.5 0 0
18420 0.0523938 0.8125 764.875 0.568627 0.5 0 0
18430 0.0523938 0.8125 764.875 0.513725 0.5 0 0
18440 0.0523579 0.875 765.75 0.509804 0.5 0 0
18450 0.0523579 0.875 765.75 0.513725 0.5 0 0
18460 0.0523569 0.875 766.625 0.513725 0.5 0 0
18470 0.0523569 0.875 766.625 0.529412 0.5 0 0
18480 0.0523569 0.875 767.5 0.490196 0.5 0 0
18490 0.0523569 0.875 767.5 0.482353 0.5 0 0
18500 0.0523569 0.875 768.375 0.517647 0.5 0 0
18510 0.0523569 0.875 768.375 0.454902 0.5 0 0
18520 0.0523526 0.875 769.25 0.470588 0.5 0 0
18530 0.0523526 0.875 769.25 0.529412 0.5 0 0
18540 0.0522986 0.9375 770.188 0.533333 0.5 0 0
18550 0.0522986 0.9375 770.188 0.490196 0.5 0 0
18560 0.052283 0.9375 771.125 0.47451 0.5 0 0
18570 0.052283 0.9375 771.125 0.580392 0.5 0 0
18580 0.052283 0.8125 771.938 0.568627 0.5 0 0
18590 0.052283 0.8125 771.938 0.513725 0.5 0 0
18600 0.0522806 0.8125 772.75 0.478431 0.5 0 0
18610 0.0522806 0.8125 772.75 0.47451 0.5 0 0
18620 0.0522793 0.875 773.625 0.478431 0.5 0 0
18630 0.0522793 0.875 773.625 0.47451 0.5 0 0
18640 0.0522793 0.75 774.375 0.533333 0.5 0 0
18650 0.0522793 0.75 774.375 0.580392 0.5 0 0
18660 0.0522073 0.75 775.125 0.490196 0.5 0 0
18670 0.0522073 0.75 775.125 0.529412 0.5 0 0
18680 0.0521072 0.625 775.75 0.458824 0.5 0 0
18690 0.0521072 0.625 775.75 0.513725 0.5 0 0
18700 0.0521072 0.625 776.375 0.478431 0.5 0 0
18710 0.0521072 0.625 776.375 0.45098 0.5 0 0
18720 0.052324 0.5625 776.938 0.47451 0.5 0 0
18730 0.052324 0.5625 776.938 0.568627 0.5 0 0
18740 0.0524462 0.5 777.438 0.431373 0.5 0 0
18750 0.0524462 0.5 777.438 0.427451 0.5 0 0
18760 0.0530123 0.5 777.938 0.596078 0.5 0 0
18770 0.0530123 0.5 777.938 0.588235 0.5 0 0
18780 0.0537828 0.625 778.562 0.643137 0.5 0 0
18790 0.0537828 0.625 778.562 0.584314 0.5 0 0
18800 0.0543835 0.625 779.188 0.498039 0.5 0 0
18810 0.0543835 0.625 779.188 0.529412 0.5 0 0
18820 0.0542247 0.625 779.812 0.584314 0.5 0 0
18830 0.0542247 0.625 779.812 0.67451 0.5 0 0
18840 0.0545304 0.625 780.438 0.584314 0.5 0 0
18850 0.0545304 0.625 780.438 0.619608 0.5 0 0
18860 0.054659 0.625 781.062 0.592157 0.5 0 0
18870 0.054659 0.625 781.062 0.568627 0.5 0 0
18880 0.0548452 0.6875 781.75 0.658824 0.5 0 0
18890 0.0548452 0.6875 781.75 0.737255 0.5 0 0
18900 0.0547435 0.5625 782.312 0.639216 0.5 0 0
18910 0.0547435 0.5625 782.312 0.74902 0.5 0 0
18920 0.0547528 0.5625 782.875 0.741176 0.5 0 0
18930 0.0547528 0.5625 782.875 0.678431 0.5 0 0
18940 0.0548147 0.5 783.375 0.639216 0.5 0 0
18950 0.0548147 0.5 783.375 0.607843 0.5 0 0
18960 0.0548778 0.5 783.875 0.619608 0.5 0 0
18970 0.0548778 0.5 783.875 0.572549 0.5 0 0
18980 0.0549451 0.4375 784.312 0.556863 0.5 0 0
18990 0.0549451 0.4375 784.312 0.545098 0.5 0 0
19000 0.0550105 0.3125 784.625 0.537255 0.5 0 0
19010 0.0550105 0.3125 784.625 0.521569 0.5 0 0
19020 0.0552647 0.25 784.875 0.501961 0.5 0 0
19030 0.0552647 0.25 784.875 0.478431 0.5 0 0
19040 0.0558343 0.25 785.125 0.462745 0.5 0 0
19050 0.0558343 0.25 785.125 0.439216 0.5 0 0
19060 0.0566191 0.25 785.375 0.427451 0.5 0 0
19070 0.0566191 0.25 785.375 0.415686 0.5 0 0
19080 0.0574607 0.3125 785.688 0.407843 0.5 0 0
19090 0.0574607 0.3125 785.688 0.4 0.5 0 0
19100 0.0582805 0.3125 786 0.392157 0.5 0 0
19110 0.0582805 0.3125 786 0.388235 0.5 0 0
19120 0.0590766 0.3125 786.312 0.388235 0.5 0 0
19130 0.0590766 0.3125 786.312 0.388235 0.5 0 0
19140 0.0594556 0.3125 786.625 0.388235 0.5 0 0
19150 0.0594556 0.3125 786.625 0.388235 0.5 0 0
19160 0.0594688 0.3125 786.938 0.388235 0.5 0 0
19170 0.0594688 0.3125 786.938 0.392157 0.5 0 0
19180 0.0594688 0.3125 787.25 0.388235 0.5 0 0
19190 0.0594688 0.3125 787.25 0.384314 0.5 0 0
19200 0.0595333 0.3125 787.562 0.388235 0.5 0 0
19210 0.0595333 0.3125 787.562 0.388235 0.5 0 0
19220 0.0595647 0.3125 787.875 0.384314 0.5 0 0
19230 0.0595647 0.3125 787.875 0.384314 0.5 0 0
19240 0.0596729 0.3125 788.188 0.392157 0.5 0 0
19250 0.0596729 0.3125 788.188 0.388235 0.5 0 0
19260 0.059845 0.3125 788.5 0.384314 0.5 0 0
19270 0.059845 0.3125 788.5 0.380392 0.5 0 0
19280 0.0601399 0.3125 788.812 0.380392 0.5 0 0
19290 0.0601399 0.3125 788.812 0.380392 0.5 0 0
19300 0.0605507 0.3125 789.125 0.380392 0.5 0 0
19310 0.0605507 0.3125 789.125 0.380392 0.5 0 0
19320 0.0607165 0.3125 789.438 0.380392 0.5 0 0
19330 0.0607165 0.3125 789.438 0.380392 0.5 0 0
19340 0.0607169 0.3125 789.75 0.380392 0.5 0 0
19350 0.0607169 0.3125 789.75 0.380392 0.5 0 0
19360 0.0607533 0.3125 790.062 0.380392 0.5 0 0
19370 0.0607533 0.3125 790.062 0.376471 0.5 0 0
19380 0.061125 0.3125 790.375 0.376471 0.5 0 0
19390 0.061125 0.3125 790.375 0.376471 0.5 0 0
19400 0.0614295 0.3125 790.688 0.376471 0.5 0 0
19410 0.0614295 0.3125 790.688 0.376471 0.5 0 0
19420 0.0614384 0.3125 791 0.376471 0.5 0 0
19430 0.0614384 0.3125 791 0.376471 0.5 0 0
19440 0.0614829 0.3125 791.312 0.376471 0.5 0 0
19450 0.0614829 0.3125 791.312 0.376471 0.5 0 0
19460 0.0615926 0.3125 791.625 0.376471 0.5 0 0
19470 0.0615926 0.3125 791.625 0.376471 0.5 0 0
19480 0.0616727 0.3125 791.938 0.376471 0.5 0 0
19490 0.0616727 0.3125 791.938 0.376471 0.5 0 0
19500 0.0616605 0.375 792.312 0.376471 0.5 0 0
19510 0.0616605 0.375 792.312 0.376471 0.5 0 0
19520 0.0616462 0.375 792.688 0.376471 0.5 0 0
19530 0.0616462 0.375 792.688 0.376471 0.5 0 0
19540 0.0619209 0.375 793.062 0.372549 0.5 0 0
19550 0.0619209 0.375 793.062 0.372549 0.5 0 0
19560 0.0620741 0.4375 793.5 0.372549 0.5 0 0
19570 0.0620741 0.4375 793.5 0.372549 0.5 0 0
19580 0.0620807 0.4375 793.938 0.368627 0.5 0 0
19590 0.0620807 0.4375 793.938 0.368627 0.5 0 0
19600 0.0621059 0.4375 794.375 0.368627 0.5 0 0
19610 0.0621059 0.4375 794.375 0.368627 0.5 0 0
19620 0.0620987 0.4375 794.812 0.368627 0.5 0 0
19630 0.0620987 0.4375 794.812 0.368627 0.5 0 0
19640 0.0624051 0.5 795.312 0.368627 0.5 0 0
19650 0.0624051 0.5 795.312 0.368627 0.5 0 0
19660 0.0625814 0.4375 795.75 0.368627 0.5 0 0
19670 0.0625814 0.4375 795.75 0.368627 0.5 0 0
19680 0.0627586 0.375 796.125 0.368627 0.5 0 0
19690 0.0627586 0.375 796.125 0.368627 0.5 0 0
19700 0.0627841 0.4375 796.562 0.368627 0.5 0 0
19710 0.0627841 0.4375 796.562 0.368627 0.5 0 0
19720 0.0627846 0.4375 797 0.368627 0.5 0 0
19730 0.0627846 0.4375 797 0.368627 0.5 0 0
19740 0.0630409 0.375 797.375 0.368627 0.5 0 0
19750 0.0630409 0.375 797.375 0.368627 0.5 0 0
19760 0.0630901 0.625 798 0.364706 0.5 0 0
19770 0.0630901 0.625 798 0.364706 0.5 0 0
19780 0.0632873 0.6875 798.688 0.364706 0.5 0 0
19790 0.0632873 0.6875 798.688 0.364706 0.5 0 0
19800 0.0633164 0.625 799.312 0.364706 0.5 0 0
19810 0.0633164 0.625 799.312 0.364706 0.5 0 0
19820 0.0632074 0.625 799.938 0.364706 0.5 0 0
19830 0.0632074 0.625 799.938 0.364706 0.5 0 0
19840 0.0632972 0.6875 800.625 0.364706 0.5 0 0
19850 0.0632972 0.6875 800.625 0.364706 0.5 0 0
19860 0.0632789 0.5625 801.188 0.364706 0.5 0 0
19870 0.0632789 0.5625 801.188 0.364706 0.5 0 0
19880 0.0632678 0.5625 801.75 0.364706 0.5 0 0
19890 0.0632678 0.5625 801.75 0.364706 0.5 0 0
19900 0.0632554 0.5625 802.312 0.364706 0.5 0 0
19910 0.0632554 0.5625 802.312 0.364706 0.5 0 0
19920 0.0632371 0.5625 802.875 0.364706 0.5 0 0
19930 0.0632371 0.5625 802.875 0.364706 0.5 0 0
19940 0.0632189 0.5625 803.438 0.360784 0.5 0 0
19950 0.0632189 0.5625 803.438 0.360784 0.5 0 0
19960 0.0631424 0.625 804.062 0.360784 0.5 0 0
19970 0.0631424 0.625 804.062 0.360784 0.5 0 0
19980 0.0631163 0.6875 804.75 0.360784 0.5 0 0
19990 0.0631163 0.6875 804.75 0.360784 0.5 0 0
20000 0.0630491 0.6875 805.438 0.356863 0.5 0 0
20010 0.0630491 0.6875 805.438 0.360784 0.5 0 0
