0 0.100912 0 0 0.5 0.5 0 0
10 0.100912 0 0 0.698039 0.5 0 0
20 0.100711 0.4375 0.4375 0.772549 0.5 0 0
30 0.100711 0.4375 0.4375 0.768627 0.5 0 0
40 0.100854 0.4375 0.875 0.670588 0.5 0 0
50 0.100854 0.4375 0.875 0.780392 0.5 0 0
60 0.100818 0.4375 1.3125 0.772549 0.5 0 0
70 0.100818 0.4375 1.3125 0.772549 0.5 0 0
80 0.100986 0.4375 1.75 0.67451 0.5 0 0
90 0.100986 0.4375 1.75 0.698039 0.5 0 0
100 0.10096 0.4375 2.1875 0.772549 0.5 0 0
110 0.10096 0.4375 2.1875 0.772549 0.5 0 0
120 0.10036 0.25 2.4375 0.74902 0.5 0 0
130 0.10036 0.25 2.4375 0.772549 0.5 0 0
140 0.0998067 0.375 2.8125 0.772549 0.5 0 0
150 0.0998067 0.375 2.8125 0.721569 0.5 0 0
160 0.100034 0.4375 3.25 0.780392 0.5 0 0
170 0.100034 0.4375 3.25 0.721569 0.5 0 0
180 0.10016 0.4375 3.6875 0.776471 0.5 0 0
190 0.10016 0.4375 3.6875 0.74902 0.5 0 0
200 0.100064 0.4375 4.125 0.780392 0.5 0 0
210 0.100064 0.4375 4.125 0.745098 0.5 0 0
220 0.0996422 0.3125 4.4375 0.772549 0.5 0 0
230 0.0996422 0.3125 4.4375 0.772549 0.5 0 0
240 0.0995336 0.1875 4.625 0.74902 0.5 0 0
250 0.0995336 0.1875 4.625 0.780392 0.5 0 0
260 0.099788 0.25 4.875 0.709804 0.5 0 0
270 0.099788 0.25 4.875 0.780392 0.5 0 0
280 0.10097 0.25 5.125 0.780392 0.5 0 0
290 0.10097 0.25 5.125 0.698039 0.5 0 0
300 0.101868 0.25 5.375 0.686275 0.5 0 0
310 0.101868 0.25 5.375 0.67451 0.5 0 0
320 0.101484 0.25 5.625 0.67451 0.5 0 0
330 0.101484 0.25 5.625 0.780392 0.5 0 0
340 0.100378 0.25 5.875 0.780392 0.5 0 0
350 0.100378 0.25 5.875 0.780392 0.5 0 0
360 0.0999702 0.3125 6.1875 0.768627 0.5 0 0
370 0.0999702 0.3125 6.1875 0.768627 0.5 0 0
380 0.100102 0.3125 6.5 0.67451 0.5 0 0
390 0.100102 0.3125 6.5 0.780392 0.5 0 0
400 0.1 0.375 6.875 0.776471 0.5 0 0
410 0.1 0.375 6.875 0.709804 0.5 0 0
420 0.100166 0.375 7.25 0.678431 0.5 0 0
430 0.100166 0.375 7.25 0.780392 0.5 0 0
440 0.100597 0.4375 7.6875 0.709804 0.5 0 0
450 0.100597 0.4375 7.6875 0.603922 0.5 0 0
460 0.100644 0.375 8.0625 0.560784 0.5 0 0
470 0.100644 0.375 8.0625 0.560784 0.5 0 0
480 0.10034 0.375 8.4375 0.564706 0.5 0 0
490 0.10034 0.375 8.4375 0.560784 0.5 0 0
500 0.101032 0.3125 8.75 0.541176 0.5 0 0
510 0.101032 0.3125 8.75 0.533333 0.5 0 0
520 0.101831 0.3125 9.0625 0.556863 0.5 0 0
530 0.101831 0.3125 9.0625 0.560784 0.5 0 0
540 0.10209 0.375 9.4375 0.584314 0.5 0 0
550 0.10209 0.375 9.4375 0.588235 0.5 0 0
560 0.1018 0.375 9.8125 0.588235 0.5 0 0
570 0.1018 0.375 9.8125 0.584314 0.5 0 0
580 0.10219 0.375 10.1875 0.584314 0.5 0 0
590 0.10219 0.375 10.1875 0.552941 0.5 0 0
600 0.102869 0.3125 10.5 0.529412 0.5 0 0
610 0.102869 0.3125 10.5 0.513725 0.5 0 0
620 0.103195 0.375 10.875 0.498039 0.5 0 0
630 0.103195 0.375 10.875 0.498039 0.5 0 0
640 0.103497 0.375 11.25 0.501961 0.5 0 0
650 0.103497 0.375 11.25 0.498039 0.5 0 0
660 0.103197 0.375 11.625 0.498039 0.5 0 0
670 0.103197 0.375 11.625 0.501961 0.5 0 0
680 0.102949 0.4375 12.0625 0.494118 0.5 0 0
690 0.102949 0.4375 12.0625 0.490196 0.5 0 0
700 0.103191 0.4375 12.5 0.486275 0.5 0 0
710 0.103191 0.4375 12.5 0.47451 0.5 0 0
720 0.104021 0.4375 12.9375 0.470588 0.5 0 0
730 0.104021 0.4375 12.9375 0.47451 0.5 0 0
740 0.104944 0.375 13.3125 0.47451 0.5 0 0
750 0.104944 0.375 13.3125 0.47451 0.5 0 0
760 0.10538 0.375 13.6875 0.47451 0.5 0 0
770 0.10538 0.375 13.6875 0.47451 0.5 0 0
780 0.105553 0.375 14.0625 0.470588 0.5 0 0
790 0.105553 0.375 14.0625 0.47451 0.5 0 0
800 0.105596 0.375 14.4375 0.47451 0.5 0 0
810 0.105596 0.375 14.4375 0.47451 0.5 0 0
820 0.105576 0.375 14.8125 0.47451 0.5 0 0
830 0.105576 0.375 14.8125 0.47451 0.5 0 0
840 0.105575 0.375 15.1875 0.47451 0.5 0 0
850 0.105575 0.375 15.1875 0.47451 0.5 0 0
860 0.105571 0.375 15.5625 0.47451 0.5 0 0
870 0.105571 0.375 15.5625 0.470588 0.5 0 0
880 0.105067 0.5625 16.125 0.458824 0.5 0 0
890 0.105067 0.5625 16.125 0.454902 0.5 0 0
900 0.104409 0.5625 16.6875 0.45098 0.5 0 0
910 0.104409 0.5625 16.6875 0.454902 0.5 0 0
920 0.10472 0.6875 17.375 0.454902 0.5 0 0
930 0.10472 0.6875 17.375 0.454902 0.5 0 0
940 0.105083 0.6875 18.0625 0.458824 0.5 0 0
950 0.105083 0.6875 18.0625 0.458824 0.5 0 0
960 0.105476 0.6875 18.75 0.458824 0.5 0 0
970 0.105476 0.6875 18.75 0.454902 0.5 0 0
980 0.106065 0.6875 19.4375 0.45098 0.5 0 0
990 0.106065 0.6875 19.4375 0.45098 0.5 0 0
1000 0.106378 0.625 20.0625 0.45098 0.5 0 0
1010 0.106378 0.625 20.0625 0.45098 0.5 0 0
1020 0.106739 0.6875 20.75 0.447059 0.5 0 0
1030 0.106739 0.6875 20.75 0.447059 0.5 0 0
1040 0.106913 0.6875 21.4375 0.443137 0.5 0 0
1050 0.106913 0.6875 21.4375 0.435294 0.5 0 0
1060 0.105966 0.6875 22.125 0.435294 0.5 0 0
1070 0.105966 0.6875 22.125 0.435294 0.5 0 0
1080 0.105446 0.6875 22.8125 0.435294 0.5 0 0
1090 0.105446 0.6875 22.8125 0.435294 0.5 0 0
1100 0.10463 0.6875 23.5 0.435294 0.5 0 0
1110 0.10463 0.6875 23.5 0.435294 0.5 0 0
1120 0.104531 0.6875 24.1875 0.435294 0.5 0 0
1130 0.104531 0.6875 24.1875 0.439216 0.5 0 0
1140 0.104481 0.6875 24.875 0.435294 0.5 0 0
1150 0.104481 0.6875 24.875 0.435294 0.5 0 0
1160 0.104478 0.6875 25.5625 0.435294 0.5 0 0
1170 0.104478 0.6875 25.5625 0.435294 0.5 0 0
1180 0.104476 0.6875 26.25 0.435294 0.5 0 0
1190 0.104476 0.6875 26.25 0.439216 0.5 0 0
1200 0.104435 0.6875 26.9375 0.435294 0.5 0 0
1210 0.104435 0.6875 26.9375 0.435294 0.5 0 0
1220 0.104432 0.6875 27.625 0.439216 0.5 0 0
1230 0.104432 0.6875 27.625 0.439216 0.5 0 0
1240 0.104375 0.6875 28.3125 0.439216 0.5 0 0
1250 0.104375 0.6875 28.3125 0.435294 0.5 0 0
1260 0.104372 0.75 29.0625 0.435294 0.5 0 0
1270 0.104372 0.75 29.0625 0.435294 0.5 0 0
1280 0.104371 0.75 29.8125 0.439216 0.5 0 0
1290 0.104371 0.75 29.8125 0.435294 0.5 0 0
1300 0.104336 0.75 30.5625 0.435294 0.5 0 0
1310 0.104336 0.75 30.5625 0.435294 0.5 0 0
1320 0.104336 0.75 31.3125 0.435294 0.5 0 0
1330 0.104336 0.75 31.3125 0.439216 0.5 0 0
1340 0.10431 0.625 31.9375 0.435294 0.5 0 0
1350 0.10431 0.625 31.9375 0.439216 0.5 0 0
1360 0.1043 0.6875 32.625 0.435294 0.5 0 0
1370 0.1043 0.6875 32.625 0.435294 0.5 0 0
1380 0.104128 0.75 33.375 0.435294 0.5 0 0
1390 0.104128 0.75 33.375 0.439216 0.5 0 0
1400 0.104095 0.75 34.125 0.435294 0.5 0 0
1410 0.104095 0.75 34.125 0.435294 0.5 0 0
1420 0.104057 0.8125 34.9375 0.435294 0.5 0 0
1430 0.104057 0.8125 34.9375 0.435294 0.5 0 0
1440 0.103612 0.9375 35.875 0.439216 0.5 0 0
1450 0.103612 0.9375 35.875 0.435294 0.5 0 0
1460 0.1033 0.9375 36.8125 0.435294 0.5 0 0
1470 0.1033 0.9375 36.8125 0.435294 0.5 0 0
1480 0.103221 1 37.8125 0.435294 0.5 0 0
1490 0.103221 1 37.8125 0.439216 0.5 0 0
1500 0.103198 1 38.8125 0.435294 0.5 0 0
1510 0.103198 1 38.8125 0.435294 0.5 0 0
1520 0.103177 1 39.8125 0.435294 0.5 0 0
1530 0.103177 1 39.8125 0.435294 0.5 0 0
1540 0.103158 0.9375 40.75 0.435294 0.5 0 0
1550 0.103158 0.9375 40.75 0.439216 0.5 0 0
1560 0.103135 0.8125 41.5625 0.435294 0.5 0 0
1570 0.103135 0.8125 41.5625 0.435294 0.5 0 0
1580 0.103049 0.75 42.3125 0.439216 0.5 0 0
1590 0.103049 0.75 42.3125 0.435294 0.5 0 0
1600 0.103004 0.8125 43.125 0.435294 0.5 0 0
1610 0.103004 0.8125 43.125 0.435294 0.5 0 0
1620 0.102989 0.8125 43.9375 0.435294 0.5 0 0
1630 0.102989 0.8125 43.9375 0.439216 0.5 0 0
1640 0.102989 0.8125 44.75 0.435294 0.5 0 0
1650 0.102989 0.8125 44.75 0.435294 0.5 0 0
1660 0.102989 0.875 45.625 0.435294 0.5 0 0
1670 0.102989 0.875 45.625 0.435294 0.5 0 0
1680 0.102961 0.9375 46.5625 0.435294 0.5 0 0
1690 0.102961 0.9375 46.5625 0.435294 0.5 0 0
1700 0.102922 0.8125 47.375 0.435294 0.5 0 0
1710 0.102922 0.8125 47.375 0.435294 0.5 0 0
1720 0.102894 0.8125 48.1875 0.435294 0.5 0 0
1730 0.102894 0.8125 48.1875 0.439216 0.5 0 0
1740 0.102886 0.8125 49 0.435294 0.5 0 0
1750 0.102886 0.8125 49 0.435294 0.5 0 0
1760 0.102879 0.8125 49.8125 0.435294 0.5 0 0
1770 0.102879 0.8125 49.8125 0.435294 0.5 0 0
1780 0.102879 0.8125 50.625 0.435294 0.5 0 0
1790 0.102879 0.8125 50.625 0.435294 0.5 0 0
1800 0.102875 0.8125 51.4375 0.435294 0.5 0 0
1810 0.102875 0.8125 51.4375 0.435294 0.5 0 0
1820 0.102869 0.75 52.1875 0.435294 0.5 0 0
1830 0.102869 0.75 52.1875 0.435294 0.5 0 0
1840 0.102861 0.75 52.9375 0.435294 0.5 0 0
1850 0.102861 0.75 52.9375 0.435294 0.5 0 0
1860 0.10286 0.75 53.6875 0.435294 0.5 0 0
1870 0.10286 0.75 53.6875 0.435294 0.5 0 0
1880 0.102856 0.875 54.5625 0.435294 0.5 0 0
1890 0.102856 0.875 54.5625 0.435294 0.5 0 0
1900 0.102852 0.875 55.4375 0.439216 0.5 0 0
1910 0.102852 0.875 55.4375 0.435294 0.5 0 0
1920 0.102812 0.9375 56.375 0.435294 0.5 0 0
1930 0.102812 0.9375 56.375 0.435294 0.5 0 0
1940 0.102771 0.9375 57.3125 0.435294 0.5 0 0
1950 0.102771 0.9375 57.3125 0.439216 0.5 0 0
1960 0.102763 0.9375 58.25 0.435294 0.5 0 0
1970 0.102763 0.9375 58.25 0.435294 0.5 0 0
1980 0.102763 0.875 59.125 0.435294 0.5 0 0
1990 0.102763 0.875 59.125 0.439216 0.5 0 0
2000 0.102759 0.8125 59.9375 0.435294 0.5 0 0
2010 0.102759 0.8125 59.9375 0.439216 0.5 0 0
2020 0.1027 0.875 60.8125 0.435294 0.5 0 0
2030 0.1027 0.875 60.8125 0.435294 0.5 0 0
2040 0.102638 0.9375 61.75 0.435294 0.5 0 0
2050 0.102638 0.9375 61.75 0.435294 0.5 0 0
2060 0.102624 0.875 62.625 0.435294 0.5 0 0
2070 0.102624 0.875 62.625 0.435294 0.5 0 0
2080 0.102595 0.875 63.5 0.435294 0.5 0 0
2090 0.102595 0.875 63.5 0.435294 0.5 0 0
2100 0.10259 0.875 64.375 0.435294 0.5 0 0
2110 0.10259 0.875 64.375 0.435294 0.5 0 0
2120 0.102586 0.875 65.25 0.435294 0.5 0 0
2130 0.102586 0.875 65.25 0.439216 0.5 0 0
2140 0.102527 0.75 66 0.435294 0.5 0 0
2150 0.102527 0.75 66 0.435294 0.5 0 0
2160 0.102485 0.875 66.875 0.435294 0.5 0 0
2170 0.102485 0.875 66.875 0.435294 0.5 0 0
2180 0.102484 0.875 67.75 0.435294 0.5 0 0
2190 0.102484 0.875 67.75 0.439216 0.5 0 0
2200 0.102459 0.8125 68.5625 0.435294 0.5 0 0
2210 0.102459 0.8125 68.5625 0.435294 0.5 0 0
2220 0.10245 0.8125 69.375 0.439216 0.5 0 0
2230 0.10245 0.8125 69.375 0.435294 0.5 0 0
2240 0.102446 0.8125 70.1875 0.435294 0.5 0 0
2250 0.102446 0.8125 70.1875 0.439216 0.5 0 0
2260 0.102438 0.75 70.9375 0.435294 0.5 0 0
2270 0.102438 0.75 70.9375 0.439216 0.5 0 0
2280 0.102256 0.8125 71.75 0.435294 0.5 0 0
2290 0.102256 0.8125 71.75 0.435294 0.5 0 0
2300 0.102256 0.8125 72.5625 0.435294 0.5 0 0
2310 0.102256 0.8125 72.5625 0.439216 0.5 0 0
2320 0.102256 0.8125 73.375 0.435294 0.5 0 0
2330 0.102256 0.8125 73.375 0.439216 0.5 0 0
2340 0.102256 0.8125 74.1875 0.435294 0.5 0 0
2350 0.102256 0.8125 74.1875 0.435294 0.5 0 0
2360 0.102252 0.8125 75 0.435294 0.5 0 0
2370 0.102252 0.8125 75 0.435294 0.5 0 0
2380 0.102247 0.625 75.625 0.435294 0.5 0 0
2390 0.102247 0.625 75.625 0.435294 0.5 0 0
2400 0.102247 0.8125 76.4375 0.435294 0.5 0 0
2410 0.102247 0.8125 76.4375 0.435294 0.5 0 0
2420 0.102247 0.8125 77.25 0.435294 0.5 0 0
2430 0.102247 0.8125 77.25 0.435294 0.5 0 0
2440 0.102247 0.8125 78.0625 0.439216 0.5 0 0
2450 0.102247 0.8125 78.0625 0.435294 0.5 0 0
2460 0.102247 0.8125 78.875 0.435294 0.5 0 0
2470 0.102247 0.8125 78.875 0.435294 0.5 0 0
2480 0.102243 0.6875 79.5625 0.439216 0.5 0 0
2490 0.102243 0.6875 79.5625 0.435294 0.5 0 0
2500 0.102703 0.8125 80.375 0.439216 0.5 0 0
2510 0.102703 0.8125 80.375 0.435294 0.5 0 0
2520 0.103082 0.9375 81.3125 0.435294 0.5 0 0
2530 0.103082 0.9375 81.3125 0.435294 0.5 0 0
2540 0.103757 0.9375 82.25 0.439216 0.5 0 0
2550 0.103757 0.9375 82.25 0.439216 0.5 0 0
2560 0.10424 0.875 83.125 0.439216 0.5 0 0
2570 0.10424 0.875 83.125 0.439216 0.5 0 0
2580 0.104637 0.875 84 0.435294 0.5 0 0
2590 0.104637 0.875 84 0.431373 0.5 0 0
2600 0.105193 0.875 84.875 0.431373 0.5 0 0
2610 0.105193 0.875 84.875 0.427451 0.5 0 0
2620 0.105935 0.625 85.5 0.423529 0.5 0 0
2630 0.105935 0.625 85.5 0.423529 0.5 0 0
2640 0.106438 0.75 86.25 0.423529 0.5 0 0
2650 0.106438 0.75 86.25 0.423529 0.5 0 0
2660 0.106474 0.875 87.125 0.427451 0.5 0 0
2670 0.106474 0.875 87.125 0.423529 0.5 0 0
2680 0.106534 0.875 88 0.423529 0.5 0 0
2690 0.106534 0.875 88 0.423529 0.5 0 0
2700 0.106446 0.875 88.875 0.423529 0.5 0 0
2710 0.106446 0.875 88.875 0.427451 0.5 0 0
2720 0.106233 0.875 89.75 0.423529 0.5 0 0
2730 0.106233 0.875 89.75 0.423529 0.5 0 0
2740 0.106229 0.875 90.625 0.427451 0.5 0 0
2750 0.106229 0.875 90.625 0.423529 0.5 0 0
2760 0.106229 0.8125 91.4375 0.423529 0.5 0 0
2770 0.106229 0.8125 91.4375 0.423529 0.5 0 0
2780 0.106227 0.8125 92.25 0.427451 0.5 0 0
2790 0.106227 0.8125 92.25 0.423529 0.5 0 0
2800 0.106218 0.8125 93.0625 0.423529 0.5 0 0
2810 0.106218 0.8125 93.0625 0.427451 0.5 0 0
2820 0.106218 0.875 93.9375 0.423529 0.5 0 0
2830 0.106218 0.875 93.9375 0.423529 0.5 0 0
2840 0.106218 0.875 94.8125 0.427451 0.5 0 0
2850 0.106218 0.875 94.8125 0.423529 0.5 0 0
2860 0.106218 0.875 95.6875 0.427451 0.5 0 0
2870 0.106218 0.875 95.6875 0.427451 0.5 0 0
2880 0.106218 0.875 96.5625 0.427451 0.5 0 0
2890 0.106218 0.875 96.5625 0.423529 0.5 0 0
2900 0.106178 0.9375 97.5 0.423529 0.5 0 0
2910 0.106178 0.9375 97.5 0.427451 0.5 0 0
2920 0.106163 0.9375 98.4375 0.423529 0.5 0 0
2930 0.106163 0.9375 98.4375 0.423529 0.5 0 0
2940 0.106163 0.8125 99.25 0.423529 0.5 0 0
2950 0.106163 0.8125 99.25 0.423529 0.5 0 0
2960 0.106131 0.8125 100.062 0.427451 0.5 0 0
2970 0.106131 0.8125 100.062 0.423529 0.5 0 0
2980 0.106091 0.8125 100.875 0.423529 0.5 0 0
2990 0.106091 0.8125 100.875 0.423529 0.5 0 0
3000 0.106084 0.875 101.75 0.423529 0.5 0 0
3010 0.106084 0.875 101.75 0.427451 0.5 0 0
3020 0.106046 0.6875 102.438 0.423529 0.5 0 0
3030 0.106046 0.6875 102.438 0.423529 0.5 0 0
3040 0.105921 0.8125 103.25 0.427451 0.5 0 0
3050 0.105921 0.8125 103.25 0.423529 0.5 0 0
3060 0.105813 0.8125 104.062 0.427451 0.5 0 0
3070 0.105813 0.8125 104.062 0.427451 0.5 0 0
3080 0.105811 0.8125 104.875 0.423529 0.5 0 0
3090 0.105811 0.8125 104.875 0.423529 0.5 0 0
3100 0.105811 0.75 105.625 0.423529 0.5 0 0
3110 0.105811 0.75 105.625 0.423529 0.5 0 0
3120 0.105811 0.75 106.375 0.427451 0.5 0 0
3130 0.105811 0.75 106.375 0.423529 0.5 0 0
3140 0.10573 0.75 107.125 0.427451 0.5 0 0
3150 0.10573 0.75 107.125 0.427451 0.5 0 0
3160 0.10527 0.8125 107.938 0.423529 0.5 0 0
3170 0.10527 0.8125 107.938 0.423529 0.5 0 0
3180 0.104531 0.875 108.812 0.423529 0.5 0 0
3190 0.104531 0.875 108.812 0.423529 0.5 0 0
3200 0.104365 0.875 109.688 0.423529 0.5 0 0
3210 0.104365 0.875 109.688 0.423529 0.5 0 0
3220 0.104347 0.875 110.562 0.423529 0.5 0 0
3230 0.104347 0.875 110.562 0.423529 0.5 0 0
3240 0.104347 0.8125 111.375 0.423529 0.5 0 0
3250 0.104347 0.8125 111.375 0.427451 0.5 0 0
3260 0.104347 0.9375 112.312 0.423529 0.5 0 0
3270 0.104347 0.9375 112.312 0.423529 0.5 0 0
3280 0.104346 0.9375 113.25 0.423529 0.5 0 0
3290 0.104346 0.9375 113.25 0.423529 0.5 0 0
3300 0.104345 0.9375 114.188 0.423529 0.5 0 0
3310 0.104345 0.9375 114.188 0.427451 0.5 0 0
3320 0.104344 0.9375 115.125 0.423529 0.5 0 0
3330 0.104344 0.9375 115.125 0.427451 0.5 0 0
3340 0.104344 0.9375 116.062 0.423529 0.5 0 0
3350 0.104344 0.9375 116.062 0.423529 0.5 0 0
3360 0.104344 0.8125 116.875 0.423529 0.5 0 0
3370 0.104344 0.8125 116.875 0.427451 0.5 0 0
3380 0.104344 0.9375 117.812 0.427451 0.5 0 0
3390 0.104344 0.9375 117.812 0.423529 0.5 0 0
3400 0.104315 0.75 118.562 0.427451 0.5 0 0
3410 0.104315 0.75 118.562 0.423529 0.5 0 0
3420 0.104209 0.875 119.438 0.423529 0.5 0 0
3430 0.104209 0.875 119.438 0.427451 0.5 0 0
3440 0.104174 0.875 120.312 0.423529 0.5 0 0
3450 0.104174 0.875 120.312 0.423529 0.5 0 0
3460 0.104167 0.875 121.188 0.423529 0.5 0 0
3470 0.104167 0.875 121.188 0.427451 0.5 0 0
3480 0.104166 0.875 122.062 0.423529 0.5 0 0
3490 0.104166 0.875 122.062 0.423529 0.5 0 0
3500 0.104166 0.75 122.812 0.423529 0.5 0 0
3510 0.104166 0.75 122.812 0.423529 0.5 0 0
3520 0.104161 0.8125 123.625 0.427451 0.5 0 0
3530 0.104161 0.8125 123.625 0.423529 0.5 0 0
3540 0.104147 0.8125 124.438 0.427451 0.5 0 0
3550 0.104147 0.8125 124.438 0.423529 0.5 0 0
3560 0.104129 0.8125 125.25 0.423529 0.5 0 0
3570 0.104129 0.8125 125.25 0.427451 0.5 0 0
3580 0.104127 0.8125 126.062 0.427451 0.5 0 0
3590 0.104127 0.8125 126.062 0.423529 0.5 0 0
3600 0.104124 0.8125 126.875 0.423529 0.5 0 0
3610 0.104124 0.8125 126.875 0.423529 0.5 0 0
3620 0.104124 0.8125 127.688 0.423529 0.5 0 0
3630 0.104124 0.8125 127.688 0.423529 0.5 0 0
3640 0.104121 0.875 128.562 0.423529 0.5 0 0
3650 0.104121 0.875 128.562 0.423529 0.5 0 0
3660 0.104108 0.875 129.438 0.423529 0.5 0 0
3670 0.104108 0.875 129.438 0.427451 0.5 0 0
3680 0.103972 0.9375 130.375 0.427451 0.5 0 0
3690 0.103972 0.9375 130.375 0.427451 0.5 0 0
3700 0.103864 0.9375 131.312 0.423529 0.5 0 0
3710 0.103864 0.9375 131.312 0.427451 0.5 0 0
3720 0.103563 0.9375 132.25 0.423529 0.5 0 0
3730 0.103563 0.9375 132.25 0.423529 0.5 0 0
3740 0.103562 0.9375 133.188 0.427451 0.5 0 0
3750 0.103562 0.9375 133.188 0.423529 0.5 0 0
3760 0.103548 0.9375 134.125 0.423529 0.5 0 0
3770 0.103548 0.9375 134.125 0.427451 0.5 0 0
3780 0.10349 0.9375 135.062 0.427451 0.5 0 0
3790 0.10349 0.9375 135.062 0.423529 0.5 0 0
3800 0.103399 0.9375 136 0.423529 0.5 0 0
3810 0.103399 0.9375 136 0.423529 0.5 0 0
3820 0.103325 0.8125 136.812 0.423529 0.5 0 0
3830 0.103325 0.8125 136.812 0.427451 0.5 0 0
3840 0.103315 0.8125 137.625 0.423529 0.5 0 0
3850 0.103315 0.8125 137.625 0.423529 0.5 0 0
3860 0.103314 0.8125 138.438 0.423529 0.5 0 0
3870 0.103314 0.8125 138.438 0.423529 0.5 0 0
3880 0.103308 0.875 139.312 0.427451 0.5 0 0
3890 0.103308 0.875 139.312 0.423529 0.5 0 0
3900 0.103221 0.8125 140.125 0.427451 0.5 0 0
3910 0.103221 0.8125 140.125 0.423529 0.5 0 0
3920 0.103221 0.8125 140.938 0.423529 0.5 0 0
3930 0.103221 0.8125 140.938 0.427451 0.5 0 0
3940 0.103216 0.8125 141.75 0.423529 0.5 0 0
3950 0.103216 0.8125 141.75 0.423529 0.5 0 0
3960 0.103203 0.8125 142.562 0.423529 0.5 0 0
3970 0.103203 0.8125 142.562 0.423529 0.5 0 0
3980 0.1032 0.8125 143.375 0.423529 0.5 0 0
3990 0.1032 0.8125 143.375 0.423529 0.5 0 0
4000 0.1032 0.8125 144.188 0.423529 0.5 0 0
4010 0.1032 0.8125 144.188 0.423529 0.5 0 0
4020 0.103195 0.75 144.938 0.427451 0.5 0 0
4030 0.103195 0.75 144.938 0.423529 0.5 0 0
4040 0.10317 0.8125 145.75 0.423529 0.5 0 0
4050 0.10317 0.8125 145.75 0.423529 0.5 0 0
4060 0.103159 0.875 146.625 0.427451 0.5 0 0
4070 0.103159 0.875 146.625 0.427451 0.5 0 0
4080 0.103154 0.875 147.5 0.427451 0.5 0 0
4090 0.103154 0.875 147.5 0.427451 0.5 0 0
4100 0.103154 0.8125 148.312 0.427451 0.5 0 0
4110 0.103154 0.8125 148.312 0.423529 0.5 0 0
4120 0.103154 0.875 149.188 0.427451 0.5 0 0
4130 0.103154 0.875 149.188 0.423529 0.5 0 0
4140 0.103148 0.875 150.062 0.423529 0.5 0 0
4150 0.103148 0.875 150.062 0.427451 0.5 0 0
4160 0.103092 0.9375 151 0.423529 0.5 0 0
4170 0.103092 0.9375 151 0.427451 0.5 0 0
4180 0.102943 0.875 151.875 0.423529 0.5 0 0
4190 0.102943 0.875 151.875 0.423529 0.5 0 0
4200 0.102829 0.9375 152.812 0.423529 0.5 0 0
4210 0.102829 0.9375 152.812 0.427451 0.5 0 0
4220 0.10267 0.9375 153.75 0.423529 0.5 0 0
4230 0.10267 0.9375 153.75 0.427451 0.5 0 0
4240 0.102663 0.8125 154.562 0.423529 0.5 0 0
4250 0.102663 0.8125 154.562 0.423529 0.5 0 0
4260 0.102653 0.8125 155.375 0.423529 0.5 0 0
4270 0.102653 0.8125 155.375 0.423529 0.5 0 0
4280 0.102644 0.875 156.25 0.423529 0.5 0 0
4290 0.102644 0.875 156.25 0.427451 0.5 0 0
4300 0.102629 0.875 157.125 0.423529 0.5 0 0
4310 0.102629 0.875 157.125 0.423529 0.5 0 0
4320 0.102604 0.75 157.875 0.423529 0.5 0 0
4330 0.102604 0.75 157.875 0.423529 0.5 0 0
4340 0.102489 0.8125 158.688 0.423529 0.5 0 0
4350 0.102489 0.8125 158.688 0.423529 0.5 0 0
4360 0.102489 0.8125 159.5 0.427451 0.5 0 0
4370 0.102489 0.8125 159.5 0.423529 0.5 0 0
4380 0.102489 0.8125 160.312 0.427451 0.5 0 0
4390 0.102489 0.8125 160.312 0.423529 0.5 0 0
4400 0.102362 0.875 161.188 0.423529 0.5 0 0
4410 0.102362 0.875 161.188 0.423529 0.5 0 0
4420 0.102335 0.8125 162 0.423529 0.5 0 0
4430 0.102335 0.8125 162 0.423529 0.5 0 0
4440 0.102284 0.8125 162.812 0.423529 0.5 0 0
4450 0.102284 0.8125 162.812 0.423529 0.5 0 0
4460 0.102276 0.8125 163.625 0.423529 0.5 0 0
4470 0.102276 0.8125 163.625 0.423529 0.5 0 0
4480 0.102244 0.8125 164.438 0.423529 0.5 0 0
4490 0.102244 0.8125 164.438 0.423529 0.5 0 0
4500 0.102243 0.8125 165.25 0.427451 0.5 0 0
4510 0.102243 0.8125 165.25 0.423529 0.5 0 0
4520 0.102231 0.6875 165.938 0.423529 0.5 0 0
4530 0.102231 0.6875 165.938 0.427451 0.5 0 0
4540 0.102218 0.8125 166.75 0.427451 0.5 0 0
4550 0.102218 0.8125 166.75 0.423529 0.5 0 0
4560 0.102237 0.8125 167.562 0.423529 0.5 0 0
4570 0.102237 0.8125 167.562 0.423529 0.5 0 0
4580 0.102228 0.8125 168.375 0.423529 0.5 0 0
4590 0.102228 0.8125 168.375 0.423529 0.5 0 0
4600 0.102227 0.75 169.125 0.423529 0.5 0 0
4610 0.102227 0.75 169.125 0.427451 0.5 0 0
4620 0.102227 0.8125 169.938 0.423529 0.5 0 0
4630 0.102227 0.8125 169.938 0.427451 0.5 0 0
4640 0.102222 0.8125 170.75 0.423529 0.5 0 0
4650 0.102222 0.8125 170.75 0.427451 0.5 0 0
4660 0.102205 0.875 171.625 0.423529 0.5 0 0
4670 0.102205 0.875 171.625 0.423529 0.5 0 0
4680 0.102182 0.875 172.5 0.423529 0.5 0 0
4690 0.102182 0.875 172.5 0.423529 0.5 0 0
4700 0.102252 0.875 173.375 0.427451 0.5 0 0
4710 0.102252 0.875 173.375 0.423529 0.5 0 0
4720 0.103174 0.8125 174.188 0.423529 0.5 0 0
4730 0.103174 0.8125 174.188 0.419608 0.5 0 0
4740 0.104005 0.875 175.062 0.419608 0.5 0 0
4750 0.104005 0.875 175.062 0.419608 0.5 0 0
4760 0.104702 0.875 175.938 0.419608 0.5 0 0
4770 0.104702 0.875 175.938 0.423529 0.5 0 0
4780 0.105234 0.8125 176.75 0.423529 0.5 0 0
4790 0.105234 0.8125 176.75 0.423529 0.5 0 0
4800 0.105612 0.8125 177.562 0.423529 0.5 0 0
4810 0.105612 0.8125 177.562 0.423529 0.5 0 0
4820 0.105966 0.75 178.312 0.423529 0.5 0 0
4830 0.105966 0.75 178.312 0.419608 0.5 0 0
4840 0.106012 0.875 179.188 0.415686 0.5 0 0
4850 0.106012 0.875 179.188 0.411765 0.5 0 0
4860 0.105977 0.875 180.062 0.411765 0.5 0 0
4870 0.105977 0.875 180.062 0.411765 0.5 0 0
4880 0.106394 0.875 180.938 0.411765 0.5 0 0
4890 0.106394 0.875 180.938 0.411765 0.5 0 0
4900 0.10633 0.875 181.812 0.411765 0.5 0 0
4910 0.10633 0.875 181.812 0.411765 0.5 0 0
4920 0.106236 0.875 182.688 0.411765 0.5 0 0
4930 0.106236 0.875 182.688 0.411765 0.5 0 0
4940 0.105777 0.875 183.562 0.411765 0.5 0 0
4950 0.105777 0.875 183.562 0.411765 0.5 0 0
4960 0.105453 0.875 184.438 0.407843 0.5 0 0
4970 0.105453 0.875 184.438 0.411765 0.5 0 0
4980 0.105414 0.9375 185.375 0.407843 0.5 0 0
4990 0.105414 0.9375 185.375 0.411765 0.5 0 0
5000 0.105407 0.875 186.25 0.411765 0.5 0 0
5010 0.105407 0.875 186.25 0.407843 0.5 0 0
5020 0.105397 0.875 187.125 0.407843 0.5 0 0
5030 0.105397 0.875 187.125 0.411765 0.5 0 0
5040 0.105385 0.8125 187.938 0.411765 0.5 0 0
5050 0.105385 0.8125 187.938 0.411765 0.5 0 0
5060 0.105373 0.8125 188.75 0.411765 0.5 0 0
5070 0.105373 0.8125 188.75 0.407843 0.5 0 0
5080 0.105356 0.9375 189.688 0.411765 0.5 0 0
5090 0.105356 0.9375 189.688 0.411765 0.5 0 0
5100 0.105347 0.9375 190.625 0.407843 0.5 0 0
5110 0.105347 0.9375 190.625 0.411765 0.5 0 0
5120 0.10533 0.875 191.5 0.411765 0.5 0 0
5130 0.10533 0.875 191.5 0.411765 0.5 0 0
5140 0.105304 0.875 192.375 0.407843 0.5 0 0
5150 0.105304 0.875 192.375 0.411765 0.5 0 0
5160 0.105272 0.875 193.25 0.411765 0.5 0 0
5170 0.105272 0.875 193.25 0.411765 0.5 0 0
5180 0.105256 0.8125 194.062 0.407843 0.5 0 0
5190 0.105256 0.8125 194.062 0.407843 0.5 0 0
5200 0.105236 0.875 194.938 0.411765 0.5 0 0
5210 0.105236 0.875 194.938 0.407843 0.5 0 0
5220 0.105224 0.875 195.812 0.407843 0.5 0 0
5230 0.105224 0.875 195.812 0.407843 0.5 0 0
5240 0.105215 0.75 196.562 0.411765 0.5 0 0
5250 0.105215 0.75 196.562 0.407843 0.5 0 0
5260 0.105184 0.875 197.438 0.407843 0.5 0 0
5270 0.105184 0.875 197.438 0.407843 0.5 0 0
5280 0.105153 0.9375 198.375 0.407843 0.5 0 0
5290 0.105153 0.9375 198.375 0.411765 0.5 0 0
5300 0.105144 0.9375 199.312 0.411765 0.5 0 0
5310 0.105144 0.9375 199.312 0.411765 0.5 0 0
5320 0.105124 0.9375 200.25 0.411765 0.5 0 0
5330 0.105124 0.9375 200.25 0.411765 0.5 0 0
5340 0.105112 0.9375 201.188 0.411765 0.5 0 0
5350 0.105112 0.9375 201.188 0.411765 0.5 0 0
5360 0.105104 0.9375 202.125 0.411765 0.5 0 0
5370 0.105104 0.9375 202.125 0.411765 0.5 0 0
5380 0.105084 0.9375 203.062 0.407843 0.5 0 0
5390 0.105084 0.9375 203.062 0.411765 0.5 0 0
5400 0.105059 0.9375 204 0.407843 0.5 0 0
5410 0.105059 0.9375 204 0.411765 0.5 0 0
5420 0.105053 0.9375 204.938 0.411765 0.5 0 0
5430 0.105053 0.9375 204.938 0.407843 0.5 0 0
5440 0.105031 0.8125 205.75 0.411765 0.5 0 0
5450 0.105031 0.8125 205.75 0.411765 0.5 0 0
5460 0.104977 0.9375 206.688 0.407843 0.5 0 0
5470 0.104977 0.9375 206.688 0.411765 0.5 0 0
5480 0.104968 0.8125 207.5 0.407843 0.5 0 0
5490 0.104968 0.8125 207.5 0.407843 0.5 0 0
5500 0.104947 0.9375 208.438 0.407843 0.5 0 0
5510 0.104947 0.9375 208.438 0.407843 0.5 0 0
5520 0.104927 0.9375 209.375 0.411765 0.5 0 0
5530 0.104927 0.9375 209.375 0.411765 0.5 0 0
5540 0.104922 0.9375 210.312 0.411765 0.5 0 0
5550 0.104922 0.9375 210.312 0.407843 0.5 0 0
5560 0.10492 0.9375 211.25 0.411765 0.5 0 0
5570 0.10492 0.9375 211.25 0.411765 0.5 0 0
5580 0.104915 0.8125 212.062 0.411765 0.5 0 0
5590 0.104915 0.8125 212.062 0.411765 0.5 0 0
5600 0.104897 0.8125 212.875 0.407843 0.5 0 0
5610 0.104897 0.8125 212.875 0.411765 0.5 0 0
5620 0.104888 0.875 213.75 0.411765 0.5 0 0
5630 0.104888 0.875 213.75 0.407843 0.5 0 0
5640 0.104878 0.875 214.625 0.411765 0.5 0 0
5650 0.104878 0.875 214.625 0.407843 0.5 0 0
5660 0.10473 0.8125 215.438 0.411765 0.5 0 0
5670 0.10473 0.8125 215.438 0.411765 0.5 0 0
5680 0.104711 0.8125 216.25 0.411765 0.5 0 0
5690 0.104711 0.8125 216.25 0.411765 0.5 0 0
5700 0.104704 0.8125 217.062 0.407843 0.5 0 0
5710 0.104704 0.8125 217.062 0.411765 0.5 0 0
5720 0.104678 0.8125 217.875 0.411765 0.5 0 0
5730 0.104678 0.8125 217.875 0.407843 0.5 0 0
5740 0.104665 0.8125 218.688 0.407843 0.5 0 0
5750 0.104665 0.8125 218.688 0.411765 0.5 0 0
5760 0.104661 0.75 219.438 0.407843 0.5 0 0
5770 0.104661 0.75 219.438 0.407843 0.5 0 0
5780 0.104657 0.75 220.188 0.407843 0.5 0 0
5790 0.104657 0.75 220.188 0.407843 0.5 0 0
5800 0.104654 0.75 220.938 0.407843 0.5 0 0
5810 0.104654 0.75 220.938 0.411765 0.5 0 0
5820 0.104637 0.625 221.562 0.407843 0.5 0 0
5830 0.104637 0.625 221.562 0.411765 0.5 0 0
5840 0.104628 0.625 222.188 0.411765 0.5 0 0
5850 0.104628 0.625 222.188 0.411765 0.5 0 0
5860 0.10445 0.8125 223 0.407843 0.5 0 0
5870 0.10445 0.8125 223 0.411765 0.5 0 0
5880 0.103346 0.8125 223.812 0.411765 0.5 0 0
5890 0.103346 0.8125 223.812 0.411765 0.5 0 0
5900 0.103111 0.8125 224.625 0.411765 0.5 0 0
5910 0.103111 0.8125 224.625 0.411765 0.5 0 0
5920 0.103101 0.8125 225.438 0.411765 0.5 0 0
5930 0.103101 0.8125 225.438 0.411765 0.5 0 0
5940 0.103078 0.75 226.188 0.407843 0.5 0 0
5950 0.103078 0.75 226.188 0.411765 0.5 0 0
5960 0.103028 0.75 226.938 0.411765 0.5 0 0
5970 0.103028 0.75 226.938 0.411765 0.5 0 0
5980 0.103028 0.75 227.688 0.407843 0.5 0 0
5990 0.103028 0.75 227.688 0.411765 0.5 0 0
6000 0.103028 0.75 228.438 0.411765 0.5 0 0
6010 0.103028 0.75 228.438 0.411765 0.5 0 0
6020 0.103028 0.75 229.188 0.411765 0.5 0 0
6030 0.103028 0.75 229.188 0.411765 0.5 0 0
6040 0.102671 0.8125 230 0.411765 0.5 0 0
6050 0.102671 0.8125 230 0.411765 0.5 0 0
6060 0.102346 0.8125 230.812 0.411765 0.5 0 0
6070 0.102346 0.8125 230.812 0.411765 0.5 0 0
6080 0.102344 0.8125 231.625 0.407843 0.5 0 0
6090 0.102344 0.8125 231.625 0.411765 0.5 0 0
6100 0.102344 0.8125 232.438 0.407843 0.5 0 0
6110 0.102344 0.8125 232.438 0.407843 0.5 0 0
6120 0.102344 0.8125 233.25 0.407843 0.5 0 0
6130 0.102344 0.8125 233.25 0.411765 0.5 0 0
6140 0.102344 0.8125 234.062 0.411765 0.5 0 0
6150 0.102344 0.8125 234.062 0.407843 0.5 0 0
6160 0.102341 0.8125 234.875 0.411765 0.5 0 0
6170 0.102341 0.8125 234.875 0.407843 0.5 0 0
6180 0.102332 0.8125 235.688 0.411765 0.5 0 0
6190 0.102332 0.8125 235.688 0.411765 0.5 0 0
6200 0.102325 0.875 236.562 0.411765 0.5 0 0
6210 0.102325 0.875 236.562 0.411765 0.5 0 0
6220 0.102325 0.875 237.438 0.411765 0.5 0 0
6230 0.102325 0.875 237.438 0.407843 0.5 0 0
6240 0.102325 0.8125 238.25 0.411765 0.5 0 0
6250 0.102325 0.8125 238.25 0.411765 0.5 0 0
6260 0.102229 0.625 238.875 0.411765 0.5 0 0
6270 0.102229 0.625 238.875 0.411765 0.5 0 0
6280 0.102196 0.6875 239.562 0.411765 0.5 0 0
6290 0.102196 0.6875 239.562 0.411765 0.5 0 0
6300 0.102714 0.75 240.312 0.411765 0.5 0 0
6310 0.102714 0.75 240.312 0.411765 0.5 0 0
6320 0.103003 0.75 241.062 0.411765 0.5 0 0
6330 0.103003 0.75 241.062 0.407843 0.5 0 0
6340 0.104353 0.6875 241.75 0.411765 0.5 0 0
6350 0.104353 0.6875 241.75 0.411765 0.5 0 0
6360 0.105255 0.75 242.5 0.411765 0.5 0 0
6370 0.105255 0.75 242.5 0.411765 0.5 0 0
6380 0.105784 0.75 243.25 0.415686 0.5 0 0
6390 0.105784 0.75 243.25 0.415686 0.5 0 0
6400 0.106168 0.75 244 0.411765 0.5 0 0
6410 0.106168 0.75 244 0.411765 0.5 0 0
6420 0.106506 0.75 244.75 0.415686 0.5 0 0
6430 0.106506 0.75 244.75 0.415686 0.5 0 0
6440 0.106422 0.75 245.5 0.415686 0.5 0 0
6450 0.106422 0.75 245.5 0.415686 0.5 0 0
6460 0.106306 0.75 246.25 0.411765 0.5 0 0
6470 0.106306 0.75 246.25 0.411765 0.5 0 0
6480 0.105844 0.6875 246.938 0.407843 0.5 0 0
6490 0.105844 0.6875 246.938 0.407843 0.5 0 0
6500 0.105675 0.75 247.688 0.407843 0.5 0 0
6510 0.105675 0.75 247.688 0.407843 0.5 0 0
6520 0.105507 0.75 248.438 0.407843 0.5 0 0
6530 0.105507 0.75 248.438 0.407843 0.5 0 0
6540 0.105374 0.8125 249.25 0.407843 0.5 0 0
6550 0.105374 0.8125 249.25 0.407843 0.5 0 0
6560 0.105258 0.8125 250.062 0.403922 0.5 0 0
6570 0.105258 0.8125 250.062 0.407843 0.5 0 0
6580 0.105165 0.5625 250.625 0.403922 0.5 0 0
6590 0.105165 0.5625 250.625 0.403922 0.5 0 0
6600 0.10508 0.6875 251.312 0.403922 0.5 0 0
6610 0.10508 0.6875 251.312 0.403922 0.5 0 0
6620 0.104293 0.6875 252 0.403922 0.5 0 0
6630 0.104293 0.6875 252 0.403922 0.5 0 0
6640 0.103832 0.75 252.75 0.403922 0.5 0 0
6650 0.103832 0.75 252.75 0.403922 0.5 0 0
6660 0.103775 0.75 253.5 0.403922 0.5 0 0
6670 0.103775 0.75 253.5 0.403922 0.5 0 0
6680 0.103671 0.75 254.25 0.403922 0.5 0 0
6690 0.103671 0.75 254.25 0.403922 0.5 0 0
6700 0.103529 0.75 255 0.403922 0.5 0 0
6710 0.103529 0.75 255 0.403922 0.5 0 0
6720 0.103443 0.5625 255.562 0.403922 0.5 0 0
6730 0.103443 0.5625 255.562 0.403922 0.5 0 0
6740 0.103382 0.625 256.188 0.403922 0.5 0 0
6750 0.103382 0.625 256.188 0.403922 0.5 0 0
6760 0.103336 0.6875 256.875 0.403922 0.5 0 0
6770 0.103336 0.6875 256.875 0.403922 0.5 0 0
6780 0.103306 0.5625 257.438 0.403922 0.5 0 0
6790 0.103306 0.5625 257.438 0.403922 0.5 0 0
6800 0.103229 0.625 258.062 0.403922 0.5 0 0
6810 0.103229 0.625 258.062 0.403922 0.5 0 0
6820 0.103207 0.625 258.688 0.403922 0.5 0 0
6830 0.103207 0.625 258.688 0.403922 0.5 0 0
6840 0.103502 0.625 259.312 0.403922 0.5 0 0
6850 0.103502 0.625 259.312 0.403922 0.5 0 0
6860 0.103619 0.6875 260 0.403922 0.5 0 0
6870 0.103619 0.6875 260 0.403922 0.5 0 0
6880 0.103578 0.5625 260.562 0.403922 0.5 0 0
6890 0.103578 0.5625 260.562 0.403922 0.5 0 0
6900 0.103544 0.5625 261.125 0.403922 0.5 0 0
6910 0.103544 0.5625 261.125 0.403922 0.5 0 0
6920 0.103482 0.5625 261.688 0.4 0.5 0 0
6930 0.103482 0.5625 261.688 0.4 0.5 0 0
6940 0.103422 0.5625 262.25 0.4 0.5 0 0
6950 0.103422 0.5625 262.25 0.4 0.5 0 0
6960 0.103066 0.625 262.875 0.4 0.5 0 0
6970 0.103066 0.625 262.875 0.4 0.5 0 0
6980 0.102965 0.625 263.5 0.4 0.5 0 0
6990 0.102965 0.625 263.5 0.4 0.5 0 0
7000 0.10287 0.625 264.125 0.4 0.5 0 0
7010 0.10287 0.625 264.125 0.4 0.5 0 0
7020 0.102785 0.625 264.75 0.396078 0.5 0 0
7030 0.102785 0.625 264.75 0.396078 0.5 0 0
7040 0.102705 0.625 265.375 0.396078 0.5 0 0
7050 0.102705 0.625 265.375 0.396078 0.5 0 0
7060 0.102626 0.5 265.875 0.396078 0.5 0 0
7070 0.102626 0.5 265.875 0.396078 0.5 0 0
7080 0.102155 0.5625 266.438 0.396078 0.5 0 0
7090 0.102155 0.5625 266.438 0.396078 0.5 0 0
7100 0.102049 0.5625 267 0.396078 0.5 0 0
7110 0.102049 0.5625 267 0.396078 0.5 0 0
7120 0.101958 0.5625 267.562 0.396078 0.5 0 0
7130 0.101958 0.5625 267.562 0.396078 0.5 0 0
7140 0.101885 0.625 268.188 0.396078 0.5 0 0
7150 0.101885 0.625 268.188 0.396078 0.5 0 0
7160 0.101815 0.625 268.812 0.396078 0.5 0 0
7170 0.101815 0.625 268.812 0.396078 0.5 0 0
7180 0.101737 0.625 269.438 0.396078 0.5 0 0
7190 0.101737 0.625 269.438 0.396078 0.5 0 0
7200 0.102173 0.625 270.062 0.4 0.5 0 0
7210 0.102173 0.625 270.062 0.4 0.5 0 0
7220 0.102511 0.625 270.688 0.4 0.5 0 0
7230 0.102511 0.625 270.688 0.4 0.5 0 0
7240 0.103174 0.625 271.312 0.4 0.5 0 0
7250 0.103174 0.625 271.312 0.396078 0.5 0 0
7260 0.103507 0.625 271.938 0.396078 0.5 0 0
7270 0.103507 0.625 271.938 0.396078 0.5 0 0
7280 0.103454 0.6875 272.625 0.396078 0.5 0 0
7290 0.103454 0.6875 272.625 0.396078 0.5 0 0
7300 0.102992 0.6875 273.312 0.396078 0.5 0 0
7310 0.102992 0.6875 273.312 0.396078 0.5 0 0
7320 0.102946 0.5 273.812 0.396078 0.5 0 0
7330 0.102946 0.5 273.812 0.396078 0.5 0 0
7340 0.102478 0.625 274.438 0.396078 0.5 0 0
7350 0.102478 0.625 274.438 0.396078 0.5 0 0
7360 0.102442 0.6875 275.125 0.396078 0.5 0 0
7370 0.102442 0.6875 275.125 0.396078 0.5 0 0
7380 0.102412 0.6875 275.812 0.396078 0.5 0 0
7390 0.102412 0.6875 275.812 0.396078 0.5 0 0
7400 0.102378 0.6875 276.5 0.396078 0.5 0 0
7410 0.102378 0.6875 276.5 0.392157 0.5 0 0
7420 0.102339 0.6875 277.188 0.396078 0.5 0 0
7430 0.102339 0.6875 277.188 0.396078 0.5 0 0
7440 0.102318 0.6875 277.875 0.396078 0.5 0 0
7450 0.102318 0.6875 277.875 0.396078 0.5 0 0
7460 0.102305 0.6875 278.562 0.396078 0.5 0 0
7470 0.102305 0.6875 278.562 0.396078 0.5 0 0
7480 0.102296 0.6875 279.25 0.396078 0.5 0 0
7490 0.102296 0.6875 279.25 0.396078 0.5 0 0
7500 0.102278 0.6875 279.938 0.396078 0.5 0 0
7510 0.102278 0.6875 279.938 0.396078 0.5 0 0
7520 0.102434 0.6875 280.625 0.396078 0.5 0 0
7530 0.102434 0.6875 280.625 0.396078 0.5 0 0
7540 0.102658 0.6875 281.312 0.396078 0.5 0 0
7550 0.102658 0.6875 281.312 0.396078 0.5 0 0
7560 0.102772 0.75 282.062 0.396078 0.5 0 0
7570 0.102772 0.75 282.062 0.396078 0.5 0 0
7580 0.102777 0.75 282.812 0.396078 0.5 0 0
7590 0.102777 0.75 282.812 0.396078 0.5 0 0
7600 0.102782 0.75 283.562 0.396078 0.5 0 0
7610 0.102782 0.75 283.562 0.396078 0.5 0 0
7620 0.102781 0.75 284.312 0.396078 0.5 0 0
7630 0.102781 0.75 284.312 0.396078 0.5 0 0
7640 0.102781 0.75 285.062 0.396078 0.5 0 0
7650 0.102781 0.75 285.062 0.396078 0.5 0 0
7660 0.102768 0.75 285.812 0.396078 0.5 0 0
7670 0.102768 0.75 285.812 0.396078 0.5 0 0
7680 0.102735 0.625 286.438 0.396078 0.5 0 0
7690 0.102735 0.625 286.438 0.396078 0.5 0 0
7700 0.10268 0.625 287.062 0.396078 0.5 0 0
7710 0.10268 0.625 287.062 0.396078 0.5 0 0
7720 0.102614 0.5 287.562 0.396078 0.5 0 0
7730 0.102614 0.5 287.562 0.396078 0.5 0 0
7740 0.102323 0.5625 288.125 0.396078 0.5 0 0
7750 0.102323 0.5625 288.125 0.396078 0.5 0 0
7760 0.102255 0.5625 288.688 0.396078 0.5 0 0
7770 0.102255 0.5625 288.688 0.396078 0.5 0 0
7780 0.102011 0.5625 289.25 0.396078 0.5 0 0
7790 0.102011 0.5625 289.25 0.396078 0.5 0 0
7800 0.101779 0.625 289.875 0.396078 0.5 0 0
7810 0.101779 0.625 289.875 0.392157 0.5 0 0
7820 0.100784 0.75 290.625 0.392157 0.5 0 0
7830 0.100784 0.75 290.625 0.392157 0.5 0 0
7840 0.100814 0.8125 291.438 0.392157 0.5 0 0
7850 0.100814 0.8125 291.438 0.388235 0.5 0 0
7860 0.101032 0.875 292.312 0.392157 0.5 0 0
7870 0.101032 0.875 292.312 0.388235 0.5 0 0
7880 0.100414 0.875 293.188 0.388235 0.5 0 0
7890 0.100414 0.875 293.188 0.388235 0.5 0 0
7900 0.0986536 1 294.188 0.392157 0.5 0 0
7910 0.0986536 1 294.188 0.392157 0.5 0 0
7920 0.0973554 1 295.188 0.392157 0.5 0 0
7930 0.0973554 1 295.188 0.392157 0.5 0 0
7940 0.0972932 1 296.188 0.392157 0.5 0 0
7950 0.0972932 1 296.188 0.392157 0.5 0 0
7960 0.0971088 1 297.188 0.392157 0.5 0 0
7970 0.0971088 1 297.188 0.392157 0.5 0 0
7980 0.0970206 1 298.188 0.392157 0.5 0 0
7990 0.0970206 1 298.188 0.392157 0.5 0 0
8000 0.0970943 1 299.188 0.392157 0.5 0 0
8010 0.0970943 1 299.188 0.392157 0.5 0 0
8020 0.0970934 0.9375 300.125 0.392157 0.5 0 0
8030 0.0970934 0.9375 300.125 0.392157 0.5 0 0
8040 0.0970753 1 301.125 0.392157 0.5 0 0
8050 0.0970753 1 301.125 0.392157 0.5 0 0
8060 0.0970632 1 302.125 0.392157 0.5 0 0
8070 0.0970632 1 302.125 0.392157 0.5 0 0
8080 0.0970658 1 303.125 0.392157 0.5 0 0
8090 0.0970658 1 303.125 0.392157 0.5 0 0
8100 0.0970694 1 304.125 0.392157 0.5 0 0
8110 0.0970694 1 304.125 0.392157 0.5 0 0
8120 0.0970646 0.9375 305.062 0.392157 0.5 0 0
8130 0.0970646 0.9375 305.062 0.392157 0.5 0 0
8140 0.0970333 0.9375 306 0.392157 0.5 0 0
8150 0.0970333 0.9375 306 0.392157 0.5 0 0
8160 0.0969425 0.875 306.875 0.392157 0.5 0 0
8170 0.0969425 0.875 306.875 0.392157 0.5 0 0
8180 0.0968066 0.9375 307.812 0.392157 0.5 0 0
8190 0.0968066 0.9375 307.812 0.392157 0.5 0 0
8200 0.0968087 0.9375 308.75 0.392157 0.5 0 0
8210 0.0968087 0.9375 308.75 0.392157 0.5 0 0
8220 0.0968157 0.9375 309.688 0.392157 0.5 0 0
8230 0.0968157 0.9375 309.688 0.392157 0.5 0 0
8240 0.0968113 0.8125 310.5 0.392157 0.5 0 0
8250 0.0968113 0.8125 310.5 0.392157 0.5 0 0
8260 0.0967994 0.8125 311.312 0.392157 0.5 0 0
8270 0.0967994 0.8125 311.312 0.392157 0.5 0 0
8280 0.0967957 0.8125 312.125 0.392157 0.5 0 0
8290 0.0967957 0.8125 312.125 0.392157 0.5 0 0
8300 0.0968495 0.9375 313.062 0.392157 0.5 0 0
8310 0.0968495 0.9375 313.062 0.392157 0.5 0 0
8320 0.0968607 0.875 313.938 0.392157 0.5 0 0
8330 0.0968607 0.875 313.938 0.388235 0.5 0 0
8340 0.0968413 0.875 314.812 0.388235 0.5 0 0
8350 0.0968413 0.875 314.812 0.388235 0.5 0 0
8360 0.0967068 0.9375 315.75 0.388235 0.5 0 0
8370 0.0967068 0.9375 315.75 0.388235 0.5 0 0
8380 0.0966251 0.9375 316.688 0.388235 0.5 0 0
8390 0.0966251 0.9375 316.688 0.388235 0.5 0 0
8400 0.0963473 0.9375 317.625 0.388235 0.5 0 0
8410 0.0963473 0.9375 317.625 0.388235 0.5 0 0
8420 0.0958302 0.9375 318.562 0.388235 0.5 0 0
8430 0.0958302 0.9375 318.562 0.388235 0.5 0 0
8440 0.0951986 0.8125 319.375 0.388235 0.5 0 0
8450 0.0951986 0.8125 319.375 0.388235 0.5 0 0
8460 0.0947648 0.9375 320.312 0.388235 0.5 0 0
8470 0.0947648 0.9375 320.312 0.388235 0.5 0 0
8480 0.0946048 0.9375 321.25 0.388235 0.5 0 0
8490 0.0946048 0.9375 321.25 0.388235 0.5 0 0
8500 0.0946004 0.9375 322.188 0.388235 0.5 0 0
8510 0.0946004 0.9375 322.188 0.388235 0.5 0 0
8520 0.0945373 0.9375 323.125 0.388235 0.5 0 0
8530 0.0945373 0.9375 323.125 0.388235 0.5 0 0
8540 0.0945259 0.9375 324.062 0.388235 0.5 0 0
8550 0.0945259 0.9375 324.062 0.384314 0.5 0 0
8560 0.094691 0.9375 325 0.388235 0.5 0 0
8570 0.094691 0.9375 325 0.384314 0.5 0 0
8580 0.0948221 1 326 0.384314 0.5 0 0
8590 0.0948221 1 326 0.384314 0.5 0 0
8600 0.0947159 1 327 0.388235 0.5 0 0
8610 0.0947159 1 327 0.384314 0.5 0 0
8620 0.0943879 0.9375 327.938 0.388235 0.5 0 0
8630 0.0943879 0.9375 327.938 0.388235 0.5 0 0
8640 0.093817 0.9375 328.875 0.388235 0.5 0 0
8650 0.093817 0.9375 328.875 0.388235 0.5 0 0
8660 0.0937786 0.9375 329.812 0.388235 0.5 0 0
8670 0.0937786 0.9375 329.812 0.388235 0.5 0 0
8680 0.0938161 0.9375 330.75 0.388235 0.5 0 0
8690 0.0938161 0.9375 330.75 0.388235 0.5 0 0
8700 0.0938508 1 331.75 0.388235 0.5 0 0
8710 0.0938508 1 331.75 0.388235 0.5 0 0
8720 0.0938795 0.9375 332.688 0.388235 0.5 0 0
8730 0.0938795 0.9375 332.688 0.388235 0.5 0 0
8740 0.0939781 0.9375 333.625 0.388235 0.5 0 0
8750 0.0939781 0.9375 333.625 0.388235 0.5 0 0
8760 0.0939478 0.9375 334.562 0.388235 0.5 0 0
8770 0.0939478 0.9375 334.562 0.388235 0.5 0 0
8780 0.093816 0.9375 335.5 0.388235 0.5 0 0
8790 0.093816 0.9375 335.5 0.388235 0.5 0 0
8800 0.0937558 0.9375 336.438 0.388235 0.5 0 0
8810 0.0937558 0.9375 336.438 0.388235 0.5 0 0
8820 0.0936747 1 337.438 0.388235 0.5 0 0
8830 0.0936747 1 337.438 0.388235 0.5 0 0
8840 0.0936159 0.9375 338.375 0.388235 0.5 0 0
8850 0.0936159 0.9375 338.375 0.388235 0.5 0 0
8860 0.0937033 1 339.375 0.388235 0.5 0 0
8870 0.0937033 1 339.375 0.388235 0.5 0 0
8880 0.093732 1 340.375 0.388235 0.5 0 0
8890 0.093732 1 340.375 0.388235 0.5 0 0
8900 0.0937557 0.875 341.25 0.388235 0.5 0 0
8910 0.0937557 0.875 341.25 0.388235 0.5 0 0
8920 0.0937721 0.875 342.125 0.388235 0.5 0 0
8930 0.0937721 0.875 342.125 0.388235 0.5 0 0
8940 0.0937576 0.8125 342.938 0.388235 0.5 0 0
8950 0.0937576 0.8125 342.938 0.388235 0.5 0 0
8960 0.0934657 0.6875 343.625 0.388235 0.5 0 0
8970 0.0934657 0.6875 343.625 0.388235 0.5 0 0
8980 0.093405 0.75 344.375 0.388235 0.5 0 0
8990 0.093405 0.75 344.375 0.388235 0.5 0 0
9000 0.0934275 0.875 345.25 0.388235 0.5 0 0
9010 0.0934275 0.875 345.25 0.388235 0.5 0 0
9020 0.0934475 0.875 346.125 0.388235 0.5 0 0
9030 0.0934475 0.875 346.125 0.388235 0.5 0 0
9040 0.0934573 0.875 347 0.388235 0.5 0 0
9050 0.0934573 0.875 347 0.388235 0.5 0 0
9060 0.0934633 0.875 347.875 0.388235 0.5 0 0
9070 0.0934633 0.875 347.875 0.388235 0.5 0 0
9080 0.0934334 0.8125 348.688 0.388235 0.5 0 0
9090 0.0934334 0.8125 348.688 0.388235 0.5 0 0
9100 0.0934041 0.8125 349.5 0.388235 0.5 0 0
9110 0.0934041 0.8125 349.5 0.388235 0.5 0 0
9120 0.0933673 0.75 350.25 0.388235 0.5 0 0
9130 0.0933673 0.75 350.25 0.388235 0.5 0 0
9140 0.0933503 0.875 351.125 0.388235 0.5 0 0
9150 0.0933503 0.875 351.125 0.388235 0.5 0 0
9160 0.0933174 0.875 352 0.388235 0.5 0 0
9170 0.0933174 0.875 352 0.388235 0.5 0 0
9180 0.0932501 0.875 352.875 0.388235 0.5 0 0
9190 0.0932501 0.875 352.875 0.388235 0.5 0 0
9200 0.093014 0.875 353.75 0.388235 0.5 0 0
9210 0.093014 0.875 353.75 0.388235 0.5 0 0
9220 0.092763 0.875 354.625 0.388235 0.5 0 0
9230 0.092763 0.875 354.625 0.388235 0.5 0 0
9240 0.0927628 0.875 355.5 0.388235 0.5 0 0
9250 0.0927628 0.875 355.5 0.388235 0.5 0 0
9260 0.0927701 0.8125 356.312 0.388235 0.5 0 0
9270 0.0927701 0.8125 356.312 0.388235 0.5 0 0
9280 0.0927351 0.875 357.188 0.388235 0.5 0 0
9290 0.0927351 0.875 357.188 0.388235 0.5 0 0
9300 0.0927149 0.875 358.062 0.388235 0.5 0 0
9310 0.0927149 0.875 358.062 0.388235 0.5 0 0
9320 0.092513 0.875 358.938 0.388235 0.5 0 0
9330 0.092513 0.875 358.938 0.388235 0.5 0 0
9340 0.092477 0.875 359.812 0.388235 0.5 0 0
9350 0.092477 0.875 359.812 0.388235 0.5 0 0
9360 0.0925393 0.875 360.688 0.388235 0.5 0 0
9370 0.0925393 0.875 360.688 0.388235 0.5 0 0
9380 0.0925767 0.875 361.562 0.388235 0.5 0 0
9390 0.0925767 0.875 361.562 0.388235 0.5 0 0
9400 0.092688 0.875 362.438 0.388235 0.5 0 0
9410 0.092688 0.875 362.438 0.388235 0.5 0 0
9420 0.0927466 0.875 363.312 0.388235 0.5 0 0
9430 0.0927466 0.875 363.312 0.384314 0.5 0 0
9440 0.0927557 0.875 364.188 0.388235 0.5 0 0
9450 0.0927557 0.875 364.188 0.388235 0.5 0 0
9460 0.0928175 0.875 365.062 0.388235 0.5 0 0
9470 0.0928175 0.875 365.062 0.384314 0.5 0 0
9480 0.0928751 0.875 365.938 0.388235 0.5 0 0
9490 0.0928751 0.875 365.938 0.388235 0.5 0 0
9500 0.0929086 0.875 366.812 0.384314 0.5 0 0
9510 0.0929086 0.875 366.812 0.388235 0.5 0 0
9520 0.0929414 0.875 367.688 0.388235 0.5 0 0
9530 0.0929414 0.875 367.688 0.384314 0.5 0 0
9540 0.0929471 0.875 368.562 0.388235 0.5 0 0
9550 0.0929471 0.875 368.562 0.384314 0.5 0 0
9560 0.0929482 0.8125 369.375 0.388235 0.5 0 0
9570 0.0929482 0.8125 369.375 0.384314 0.5 0 0
9580 0.0929832 0.75 370.125 0.384314 0.5 0 0
9590 0.0929832 0.75 370.125 0.384314 0.5 0 0
9600 0.0929778 0.875 371 0.384314 0.5 0 0
9610 0.0929778 0.875 371 0.384314 0.5 0 0
9620 0.0929722 0.875 371.875 0.384314 0.5 0 0
9630 0.0929722 0.875 371.875 0.384314 0.5 0 0
9640 0.0930195 0.875 372.75 0.384314 0.5 0 0
9650 0.0930195 0.875 372.75 0.384314 0.5 0 0
9660 0.0930496 0.875 373.625 0.384314 0.5 0 0
9670 0.0930496 0.875 373.625 0.384314 0.5 0 0
9680 0.0930943 0.8125 374.438 0.384314 0.5 0 0
9690 0.0930943 0.8125 374.438 0.384314 0.5 0 0
9700 0.0931424 0.8125 375.25 0.384314 0.5 0 0
9710 0.0931424 0.8125 375.25 0.384314 0.5 0 0
9720 0.0931989 0.8125 376.062 0.384314 0.5 0 0
9730 0.0931989 0.8125 376.062 0.384314 0.5 0 0
9740 0.0932317 0.8125 376.875 0.384314 0.5 0 0
9750 0.0932317 0.8125 376.875 0.384314 0.5 0 0
9760 0.0932814 0.8125 377.688 0.384314 0.5 0 0
9770 0.0932814 0.8125 377.688 0.384314 0.5 0 0
9780 0.0932903 0.8125 378.5 0.384314 0.5 0 0
9790 0.0932903 0.8125 378.5 0.384314 0.5 0 0
9800 0.0932414 0.75 379.25 0.384314 0.5 0 0
9810 0.0932414 0.75 379.25 0.384314 0.5 0 0
9820 0.0932268 0.8125 380.062 0.384314 0.5 0 0
9830 0.0932268 0.8125 380.062 0.384314 0.5 0 0
9840 0.0931664 0.8125 380.875 0.384314 0.5 0 0
9850 0.0931664 0.8125 380.875 0.384314 0.5 0 0
9860 0.0931277 0.875 381.75 0.384314 0.5 0 0
9870 0.0931277 0.875 381.75 0.384314 0.5 0 0
9880 0.0931668 0.875 382.625 0.384314 0.5 0 0
9890 0.0931668 0.875 382.625 0.384314 0.5 0 0
9900 0.0931996 0.875 383.5 0.384314 0.5 0 0
9910 0.0931996 0.875 383.5 0.384314 0.5 0 0
9920 0.0932506 0.8125 384.312 0.384314 0.5 0 0
9930 0.0932506 0.8125 384.312 0.384314 0.5 0 0
9940 0.0933077 0.8125 385.125 0.384314 0.5 0 0
9950 0.0933077 0.8125 385.125 0.384314 0.5 0 0
9960 0.0930955 0.8125 385.938 0.384314 0.5 0 0
9970 0.0930955 0.8125 385.938 0.384314 0.5 0 0
9980 0.0924937 0.875 386.812 0.384314 0.5 0 0
9990 0.0924937 0.875 386.812 0.384314 0.5 0 0
10000 0.0916131 0.875 387.688 0.384314 0.5 0 0
10010 0.0916131 0.875 387.688 0.388235 0.5 0 0
10020 0.0914035 0.875 388.562 0.388235 0.5 0 0
10030 0.0914035 0.875 388.562 0.388235 0.5 0 0
10040 0.0914124 0.875 389.438 0.388235 0.5 0 0
10050 0.0914124 0.875 389.438 0.388235 0.5 0 0
10060 0.0913827 0.875 390.312 0.388235 0.5 0 0
10070 0.0913827 0.875 390.312 0.388235 0.5 0 0
10080 0.09113 0.8125 391.125 0.388235 0.5 0 0
10090 0.09113 0.8125 391.125 0.392157 0.5 0 0
10100 0.0907475 0.75 391.875 0.392157 0.5 0 0
10110 0.0907475 0.75 391.875 0.388235 0.5 0 0
10120 0.0907512 0.875 392.75 0.388235 0.5 0 0
10130 0.0907512 0.875 392.75 0.388235 0.5 0 0
10140 0.0907676 0.875 393.625 0.388235 0.5 0 0
10150 0.0907676 0.875 393.625 0.388235 0.5 0 0
10160 0.0907932 0.875 394.5 0.388235 0.5 0 0
10170 0.0907932 0.875 394.5 0.388235 0.5 0 0
10180 0.0908842 0.8125 395.312 0.388235 0.5 0 0
10190 0.0908842 0.8125 395.312 0.388235 0.5 0 0
10200 0.0909787 0.875 396.188 0.388235 0.5 0 0
10210 0.0909787 0.875 396.188 0.388235 0.5 0 0
10220 0.0908249 0.875 397.062 0.388235 0.5 0 0
10230 0.0908249 0.875 397.062 0.388235 0.5 0 0
10240 0.0908439 0.875 397.938 0.384314 0.5 0 0
10250 0.0908439 0.875 397.938 0.388235 0.5 0 0
10260 0.0908763 0.9375 398.875 0.388235 0.5 0 0
10270 0.0908763 0.9375 398.875 0.384314 0.5 0 0
10280 0.0909012 0.9375 399.812 0.388235 0.5 0 0
10290 0.0909012 0.9375 399.812 0.384314 0.5 0 0
10300 0.09092 0.875 400.688 0.384314 0.5 0 0
10310 0.09092 0.875 400.688 0.384314 0.5 0 0
10320 0.0909294 0.8125 401.5 0.384314 0.5 0 0
10330 0.0909294 0.8125 401.5 0.384314 0.5 0 0
10340 0.0910804 1 402.5 0.384314 0.5 0 0
10350 0.0910804 1 402.5 0.384314 0.5 0 0
10360 0.0911002 1 403.5 0.384314 0.5 0 0
10370 0.0911002 1 403.5 0.384314 0.5 0 0
10380 0.0911115 1 404.5 0.384314 0.5 0 0
10390 0.0911115 1 404.5 0.384314 0.5 0 0
10400 0.0910991 1 405.5 0.384314 0.5 0 0
10410 0.0910991 1 405.5 0.384314 0.5 0 0
10420 0.0910875 1 406.5 0.384314 0.5 0 0
10430 0.0910875 1 406.5 0.384314 0.5 0 0
10440 0.0910965 1 407.5 0.384314 0.5 0 0
10450 0.0910965 1 407.5 0.384314 0.5 0 0
10460 0.0910862 0.75 408.25 0.384314 0.5 0 0
10470 0.0910862 0.75 408.25 0.384314 0.5 0 0
10480 0.0910379 0.875 409.125 0.384314 0.5 0 0
10490 0.0910379 0.875 409.125 0.384314 0.5 0 0
10500 0.0910155 0.875 410 0.384314 0.5 0 0
10510 0.0910155 0.875 410 0.384314 0.5 0 0
10520 0.0910094 0.9375 410.938 0.380392 0.5 0 0
10530 0.0910094 0.9375 410.938 0.380392 0.5 0 0
10540 0.0910729 0.9375 411.875 0.380392 0.5 0 0
10550 0.0910729 0.9375 411.875 0.380392 0.5 0 0
10560 0.0911335 0.9375 412.812 0.380392 0.5 0 0
10570 0.0911335 0.9375 412.812 0.380392 0.5 0 0
10580 0.0911875 0.875 413.688 0.380392 0.5 0 0
10590 0.0911875 0.875 413.688 0.380392 0.5 0 0
10600 0.0912207 0.8125 414.5 0.380392 0.5 0 0
10610 0.0912207 0.8125 414.5 0.380392 0.5 0 0
10620 0.0900937 0.9375 415.438 0.384314 0.5 0 0
10630 0.0900937 0.9375 415.438 0.384314 0.5 0 0
10640 0.089617 0.875 416.312 0.384314 0.5 0 0
10650 0.089617 0.875 416.312 0.384314 0.5 0 0
10660 0.0895331 0.875 417.188 0.380392 0.5 0 0
10670 0.0895331 0.875 417.188 0.380392 0.5 0 0
10680 0.0895808 0.875 418.062 0.380392 0.5 0 0
10690 0.0895808 0.875 418.062 0.384314 0.5 0 0
10700 0.0896248 0.875 418.938 0.380392 0.5 0 0
10710 0.0896248 0.875 418.938 0.380392 0.5 0 0
10720 0.0896705 0.875 419.812 0.380392 0.5 0 0
10730 0.0896705 0.875 419.812 0.380392 0.5 0 0
10740 0.0897146 0.8125 420.625 0.380392 0.5 0 0
10750 0.0897146 0.8125 420.625 0.380392 0.5 0 0
10760 0.0897448 0.8125 421.438 0.380392 0.5 0 0
10770 0.0897448 0.8125 421.438 0.380392 0.5 0 0
10780 0.089761 0.8125 422.25 0.380392 0.5 0 0
10790 0.089761 0.8125 422.25 0.380392 0.5 0 0
10800 0.0897836 0.875 423.125 0.380392 0.5 0 0
10810 0.0897836 0.875 423.125 0.380392 0.5 0 0
10820 0.0897963 0.875 424 0.380392 0.5 0 0
10830 0.0897963 0.875 424 0.376471 0.5 0 0
10840 0.0897557 0.875 424.875 0.380392 0.5 0 0
10850 0.0897557 0.875 424.875 0.380392 0.5 0 0
10860 0.089722 0.8125 425.688 0.376471 0.5 0 0
10870 0.089722 0.8125 425.688 0.380392 0.5 0 0
10880 0.0896835 0.8125 426.5 0.376471 0.5 0 0
10890 0.0896835 0.8125 426.5 0.380392 0.5 0 0
10900 0.0896589 0.875 427.375 0.376471 0.5 0 0
10910 0.0896589 0.875 427.375 0.376471 0.5 0 0
10920 0.0896681 0.875 428.25 0.376471 0.5 0 0
10930 0.0896681 0.875 428.25 0.376471 0.5 0 0
10940 0.0897269 0.9375 429.188 0.376471 0.5 0 0
10950 0.0897269 0.9375 429.188 0.376471 0.5 0 0
10960 0.0897543 0.9375 430.125 0.376471 0.5 0 0
10970 0.0897543 0.9375 430.125 0.376471 0.5 0 0
10980 0.0897632 0.9375 431.062 0.376471 0.5 0 0
10990 0.0897632 0.9375 431.062 0.376471 0.5 0 0
11000 0.0897903 0.9375 432 0.376471 0.5 0 0
11010 0.0897903 0.9375 432 0.376471 0.5 0 0
11020 0.0897871 0.875 432.875 0.376471 0.5 0 0
11030 0.0897871 0.875 432.875 0.376471 0.5 0 0
11040 0.0897282 0.9375 433.812 0.376471 0.5 0 0
11050 0.0897282 0.9375 433.812 0.376471 0.5 0 0
11060 0.0895519 0.875 434.688 0.372549 0.5 0 0
11070 0.0895519 0.875 434.688 0.372549 0.5 0 0
11080 0.0896531 0.875 435.562 0.372549 0.5 0 0
11090 0.0896531 0.875 435.562 0.372549 0.5 0 0
11100 0.0897124 0.9375 436.5 0.372549 0.5 0 0
11110 0.0897124 0.9375 436.5 0.372549 0.5 0 0
11120 0.0897904 0.9375 437.438 0.372549 0.5 0 0
11130 0.0897904 0.9375 437.438 0.372549 0.5 0 0
11140 0.08984 0.9375 438.375 0.372549 0.5 0 0
11150 0.08984 0.9375 438.375 0.372549 0.5 0 0
11160 0.0898853 0.875 439.25 0.372549 0.5 0 0
11170 0.0898853 0.875 439.25 0.372549 0.5 0 0
11180 0.0899419 0.75 440 0.372549 0.5 0 0
11190 0.0899419 0.75 440 0.372549 0.5 0 0
11200 0.0899379 0.8125 440.812 0.372549 0.5 0 0
11210 0.0899379 0.8125 440.812 0.368627 0.5 0 0
11220 0.0897528 0.875 441.688 0.372549 0.5 0 0
11230 0.0897528 0.875 441.688 0.368627 0.5 0 0
11240 0.0901231 0.9375 442.625 0.368627 0.5 0 0
11250 0.0901231 0.9375 442.625 0.368627 0.5 0 0
11260 0.0903073 0.9375 443.562 0.368627 0.5 0 0
11270 0.0903073 0.9375 443.562 0.368627 0.5 0 0
11280 0.0906646 0.9375 444.5 0.364706 0.5 0 0
11290 0.0906646 0.9375 444.5 0.360784 0.5 0 0
11300 0.0908837 0.9375 445.438 0.364706 0.5 0 0
11310 0.0908837 0.9375 445.438 0.364706 0.5 0 0
11320 0.0908462 0.9375 446.375 0.364706 0.5 0 0
11330 0.0908462 0.9375 446.375 0.364706 0.5 0 0
11340 0.0894408 0.9375 447.312 0.364706 0.5 0 0
11350 0.0894408 0.9375 447.312 0.364706 0.5 0 0
11360 0.0889618 0.9375 448.25 0.364706 0.5 0 0
11370 0.0889618 0.9375 448.25 0.364706 0.5 0 0
11380 0.0890297 0.9375 449.188 0.360784 0.5 0 0
11390 0.0890297 0.9375 449.188 0.360784 0.5 0 0
11400 0.0890158 0.9375 450.125 0.360784 0.5 0 0
11410 0.0890158 0.9375 450.125 0.364706 0.5 0 0
11420 0.0889167 0.9375 451.062 0.360784 0.5 0 0
11430 0.0889167 0.9375 451.062 0.364706 0.5 0 0
11440 0.0887659 0.875 451.938 0.360784 0.5 0 0
11450 0.0887659 0.875 451.938 0.360784 0.5 0 0
11460 0.0886855 0.875 452.812 0.364706 0.5 0 0
11470 0.0886855 0.875 452.812 0.364706 0.5 0 0
11480 0.0885031 0.9375 453.75 0.364706 0.5 0 0
11490 0.0885031 0.9375 453.75 0.364706 0.5 0 0
11500 0.0885059 0.9375 454.688 0.364706 0.5 0 0
11510 0.0885059 0.9375 454.688 0.364706 0.5 0 0
11520 0.0884748 0.9375 455.625 0.364706 0.5 0 0
11530 0.0884748 0.9375 455.625 0.364706 0.5 0 0
11540 0.0883981 0.9375 456.562 0.364706 0.5 0 0
11550 0.0883981 0.9375 456.562 0.364706 0.5 0 0
11560 0.088436 0.9375 457.5 0.364706 0.5 0 0
11570 0.088436 0.9375 457.5 0.364706 0.5 0 0
11580 0.0884228 0.875 458.375 0.364706 0.5 0 0
11590 0.0884228 0.875 458.375 0.364706 0.5 0 0
11600 0.0884397 0.9375 459.312 0.364706 0.5 0 0
11610 0.0884397 0.9375 459.312 0.364706 0.5 0 0
11620 0.0884358 0.9375 460.25 0.364706 0.5 0 0
11630 0.0884358 0.9375 460.25 0.364706 0.5 0 0
11640 0.0883231 0.9375 461.188 0.364706 0.5 0 0
11650 0.0883231 0.9375 461.188 0.364706 0.5 0 0
11660 0.0882329 0.9375 462.125 0.364706 0.5 0 0
11670 0.0882329 0.9375 462.125 0.364706 0.5 0 0
11680 0.0880755 0.9375 463.062 0.364706 0.5 0 0
11690 0.0880755 0.9375 463.062 0.360784 0.5 0 0
11700 0.087802 0.9375 464 0.364706 0.5 0 0
11710 0.087802 0.9375 464 0.364706 0.5 0 0
11720 0.0877689 0.9375 464.938 0.364706 0.5 0 0
11730 0.0877689 0.9375 464.938 0.364706 0.5 0 0
11740 0.0876611 0.9375 465.875 0.368627 0.5 0 0
11750 0.0876611 0.9375 465.875 0.364706 0.5 0 0
11760 0.0869789 0.9375 466.812 0.368627 0.5 0 0
11770 0.0869789 0.9375 466.812 0.368627 0.5 0 0
11780 0.086694 0.875 467.688 0.368627 0.5 0 0
11790 0.086694 0.875 467.688 0.368627 0.5 0 0
11800 0.0874556 0.8125 468.5 0.364706 0.5 0 0
11810 0.0874556 0.8125 468.5 0.368627 0.5 0 0
11820 0.0877677 0.8125 469.312 0.368627 0.5 0 0
11830 0.0877677 0.8125 469.312 0.368627 0.5 0 0
11840 0.0883719 0.8125 470.125 0.368627 0.5 0 0
11850 0.0883719 0.8125 470.125 0.364706 0.5 0 0
11860 0.0887084 0.9375 471.062 0.364706 0.5 0 0
11870 0.0887084 0.9375 471.062 0.364706 0.5 0 0
11880 0.0887689 0.9375 472 0.364706 0.5 0 0
11890 0.0887689 0.9375 472 0.364706 0.5 0 0
11900 0.088929 0.875 472.875 0.364706 0.5 0 0
11910 0.088929 0.875 472.875 0.364706 0.5 0 0
11920 0.0890557 0.875 473.75 0.364706 0.5 0 0
11930 0.0890557 0.875 473.75 0.360784 0.5 0 0
11940 0.0891033 1 474.75 0.364706 0.5 0 0
11950 0.0891033 1 474.75 0.364706 0.5 0 0
11960 0.0879539 1 475.75 0.360784 0.5 0 0
11970 0.0879539 1 475.75 0.364706 0.5 0 0
11980 0.0879877 1 476.75 0.360784 0.5 0 0
11990 0.0879877 1 476.75 0.360784 0.5 0 0
12000 0.0880076 1 477.75 0.360784 0.5 0 0
12010 0.0880076 1 477.75 0.364706 0.5 0 0
12020 0.0880309 1 478.75 0.360784 0.5 0 0
12030 0.0880309 1 478.75 0.360784 0.5 0 0
12040 0.0880333 1 479.75 0.360784 0.5 0 0
12050 0.0880333 1 479.75 0.360784 0.5 0 0
12060 0.0880493 0.9375 480.688 0.360784 0.5 0 0
12070 0.0880493 0.9375 480.688 0.360784 0.5 0 0
12080 0.0880535 0.9375 481.625 0.360784 0.5 0 0
12090 0.0880535 0.9375 481.625 0.360784 0.5 0 0
12100 0.0880357 0.9375 482.562 0.360784 0.5 0 0
12110 0.0880357 0.9375 482.562 0.360784 0.5 0 0
12120 0.0880365 0.9375 483.5 0.360784 0.5 0 0
12130 0.0880365 0.9375 483.5 0.364706 0.5 0 0
12140 0.0880247 0.9375 484.438 0.360784 0.5 0 0
12150 0.0880247 0.9375 484.438 0.360784 0.5 0 0
12160 0.0880387 0.9375 485.375 0.360784 0.5 0 0
12170 0.0880387 0.9375 485.375 0.360784 0.5 0 0
12180 0.0880649 0.9375 486.312 0.360784 0.5 0 0
12190 0.0880649 0.9375 486.312 0.360784 0.5 0 0
12200 0.0881038 0.9375 487.25 0.360784 0.5 0 0
12210 0.0881038 0.9375 487.25 0.360784 0.5 0 0
12220 0.0881344 0.9375 488.188 0.360784 0.5 0 0
12230 0.0881344 0.9375 488.188 0.360784 0.5 0 0
12240 0.088161 0.9375 489.125 0.360784 0.5 0 0
12250 0.088161 0.9375 489.125 0.360784 0.5 0 0
12260 0.0881863 0.9375 490.062 0.360784 0.5 0 0
12270 0.0881863 0.9375 490.062 0.360784 0.5 0 0
12280 0.0881429 0.9375 491 0.360784 0.5 0 0
12290 0.0881429 0.9375 491 0.360784 0.5 0 0
12300 0.0880698 0.9375 491.938 0.360784 0.5 0 0
12310 0.0880698 0.9375 491.938 0.360784 0.5 0 0
12320 0.0880779 0.875 492.812 0.360784 0.5 0 0
12330 0.0880779 0.875 492.812 0.360784 0.5 0 0
12340 0.0879461 0.875 493.688 0.360784 0.5 0 0
12350 0.0879461 0.875 493.688 0.360784 0.5 0 0
12360 0.0876208 0.875 494.562 0.364706 0.5 0 0
12370 0.0876208 0.875 494.562 0.364706 0.5 0 0
12380 0.0875056 0.875 495.438 0.360784 0.5 0 0
12390 0.0875056 0.875 495.438 0.360784 0.5 0 0
12400 0.0873366 0.875 496.312 0.360784 0.5 0 0
12410 0.0873366 0.875 496.312 0.360784 0.5 0 0
12420 0.0872588 0.875 497.188 0.360784 0.5 0 0
12430 0.0872588 0.875 497.188 0.360784 0.5 0 0
12440 0.0872726 0.9375 498.125 0.360784 0.5 0 0
12450 0.0872726 0.9375 498.125 0.360784 0.5 0 0
12460 0.0872954 0.9375 499.062 0.360784 0.5 0 0
12470 0.0872954 0.9375 499.062 0.360784 0.5 0 0
12480 0.0873203 1 500.062 0.360784 0.5 0 0
12490 0.0873203 1 500.062 0.360784 0.5 0 0
12500 0.0873238 1 501.062 0.360784 0.5 0 0
12510 0.0873238 1 501.062 0.360784 0.5 0 0
12520 0.0872762 0.9375 502 0.360784 0.5 0 0
12530 0.0872762 0.9375 502 0.360784 0.5 0 0
12540 0.0871144 1 503 0.360784 0.5 0 0
12550 0.0871144 1 503 0.360784 0.5 0 0
12560 0.0870039 1 504 0.360784 0.5 0 0
12570 0.0870039 1 504 0.360784 0.5 0 0
12580 0.0869348 1 505 0.360784 0.5 0 0
12590 0.0869348 1 505 0.360784 0.5 0 0
12600 0.0868105 1 506 0.360784 0.5 0 0
12610 0.0868105 1 506 0.360784 0.5 0 0
12620 0.086699 1 507 0.360784 0.5 0 0
12630 0.086699 1 507 0.360784 0.5 0 0
12640 0.0865815 1 508 0.360784 0.5 0 0
12650 0.0865815 1 508 0.360784 0.5 0 0
12660 0.0865322 1 509 0.360784 0.5 0 0
12670 0.0865322 1 509 0.360784 0.5 0 0
12680 0.0864946 1 510 0.360784 0.5 0 0
12690 0.0864946 1 510 0.360784 0.5 0 0
12700 0.0865006 1 511 0.360784 0.5 0 0
12710 0.0865006 1 511 0.360784 0.5 0 0
12720 0.086499 1 512 0.360784 0.5 0 0
12730 0.086499 1 512 0.360784 0.5 0 0
12740 0.0864767 1 513 0.360784 0.5 0 0
12750 0.0864767 1 513 0.360784 0.5 0 0
12760 0.0864477 1 514 0.360784 0.5 0 0
12770 0.0864477 1 514 0.360784 0.5 0 0
12780 0.0864112 1 515 0.360784 0.5 0 0
12790 0.0864112 1 515 0.360784 0.5 0 0
12800 0.0863536 1 516 0.360784 0.5 0 0
12810 0.0863536 1 516 0.360784 0.5 0 0
12820 0.0863239 1 517 0.360784 0.5 0 0
12830 0.0863239 1 517 0.360784 0.5 0 0
12840 0.0863192 1 518 0.360784 0.5 0 0
12850 0.0863192 1 518 0.360784 0.5 0 0
12860 0.086288 1 519 0.360784 0.5 0 0
12870 0.086288 1 519 0.360784 0.5 0 0
12880 0.0862469 1 520 0.360784 0.5 0 0
12890 0.0862469 1 520 0.360784 0.5 0 0
12900 0.0861032 0.9375 520.938 0.364706 0.5 0 0
12910 0.0861032 0.9375 520.938 0.360784 0.5 0 0
12920 0.0859447 0.9375 521.875 0.360784 0.5 0 0
12930 0.0859447 0.9375 521.875 0.364706 0.5 0 0
12940 0.0857971 0.9375 522.812 0.364706 0.5 0 0
12950 0.0857971 0.9375 522.812 0.364706 0.5 0 0
12960 0.0857222 0.9375 523.75 0.364706 0.5 0 0
12970 0.0857222 0.9375 523.75 0.364706 0.5 0 0
12980 0.0857494 1 524.75 0.360784 0.5 0 0
12990 0.0857494 1 524.75 0.364706 0.5 0 0
13000 0.0857933 1 525.75 0.360784 0.5 0 0
13010 0.0857933 1 525.75 0.364706 0.5 0 0
13020 0.0858958 0.9375 526.688 0.360784 0.5 0 0
13030 0.0858958 0.9375 526.688 0.360784 0.5 0 0
13040 0.0862935 0.9375 527.625 0.360784 0.5 0 0
13050 0.0862935 0.9375 527.625 0.360784 0.5 0 0
13060 0.0864634 1 528.625 0.360784 0.5 0 0
13070 0.0864634 1 528.625 0.360784 0.5 0 0
13080 0.0864828 1 529.625 0.360784 0.5 0 0
13090 0.0864828 1 529.625 0.360784 0.5 0 0
13100 0.0864784 1 530.625 0.360784 0.5 0 0
13110 0.0864784 1 530.625 0.360784 0.5 0 0
13120 0.0865015 1 531.625 0.360784 0.5 0 0
13130 0.0865015 1 531.625 0.360784 0.5 0 0
13140 0.0864962 1 532.625 0.360784 0.5 0 0
13150 0.0864962 1 532.625 0.360784 0.5 0 0
13160 0.0864583 1 533.625 0.360784 0.5 0 0
13170 0.0864583 1 533.625 0.360784 0.5 0 0
13180 0.0864769 0.9375 534.562 0.360784 0.5 0 0
13190 0.0864769 0.9375 534.562 0.360784 0.5 0 0
13200 0.0865015 0.875 535.438 0.356863 0.5 0 0
13210 0.0865015 0.875 535.438 0.360784 0.5 0 0
13220 0.0865256 0.875 536.312 0.356863 0.5 0 0
13230 0.0865256 0.875 536.312 0.360784 0.5 0 0
13240 0.0865347 0.875 537.188 0.356863 0.5 0 0
13250 0.0865347 0.875 537.188 0.356863 0.5 0 0
13260 0.0865003 0.875 538.062 0.360784 0.5 0 0
13270 0.0865003 0.875 538.062 0.360784 0.5 0 0
13280 0.0864303 0.875 538.938 0.356863 0.5 0 0
13290 0.0864303 0.875 538.938 0.356863 0.5 0 0
13300 0.0863076 0.875 539.812 0.356863 0.5 0 0
13310 0.0863076 0.875 539.812 0.356863 0.5 0 0
13320 0.0861661 0.875 540.688 0.356863 0.5 0 0
13330 0.0861661 0.875 540.688 0.356863 0.5 0 0
13340 0.0858891 0.875 541.562 0.356863 0.5 0 0
13350 0.0858891 0.875 541.562 0.356863 0.5 0 0
13360 0.0856813 0.875 542.438 0.356863 0.5 0 0
13370 0.0856813 0.875 542.438 0.356863 0.5 0 0
13380 0.0852047 0.875 543.312 0.356863 0.5 0 0
13390 0.0852047 0.875 543.312 0.356863 0.5 0 0
13400 0.0848364 0.875 544.188 0.356863 0.5 0 0
13410 0.0848364 0.875 544.188 0.356863 0.5 0 0
13420 0.0839474 0.9375 545.125 0.360784 0.5 0 0
13430 0.0839474 0.9375 545.125 0.364706 0.5 0 0
13440 0.0837909 0.9375 546.062 0.360784 0.5 0 0
13450 0.0837909 0.9375 546.062 0.360784 0.5 0 0
13460 0.0837874 0.9375 547 0.360784 0.5 0 0
13470 0.0837874 0.9375 547 0.360784 0.5 0 0
13480 0.0837164 0.9375 547.938 0.364706 0.5 0 0
13490 0.0837164 0.9375 547.938 0.364706 0.5 0 0
13500 0.0836293 0.9375 548.875 0.360784 0.5 0 0
13510 0.0836293 0.9375 548.875 0.360784 0.5 0 0
13520 0.0835967 0.8125 549.688 0.360784 0.5 0 0
13530 0.0835967 0.8125 549.688 0.364706 0.5 0 0
13540 0.0834215 0.8125 550.5 0.364706 0.5 0 0
13550 0.0834215 0.8125 550.5 0.364706 0.5 0 0
13560 0.0831712 0.875 551.375 0.364706 0.5 0 0
13570 0.0831712 0.875 551.375 0.364706 0.5 0 0
13580 0.0831242 0.875 552.25 0.368627 0.5 0 0
13590 0.0831242 0.875 552.25 0.364706 0.5 0 0
13600 0.0830932 0.875 553.125 0.364706 0.5 0 0
13610 0.0830932 0.875 553.125 0.364706 0.5 0 0
13620 0.0830928 0.875 554 0.368627 0.5 0 0
13630 0.0830928 0.875 554 0.364706 0.5 0 0
13640 0.0830531 0.8125 554.812 0.364706 0.5 0 0
13650 0.0830531 0.8125 554.812 0.364706 0.5 0 0
13660 0.0829514 0.875 555.688 0.368627 0.5 0 0
13670 0.0829514 0.875 555.688 0.368627 0.5 0 0
13680 0.0826149 0.75 556.438 0.364706 0.5 0 0
13690 0.0826149 0.75 556.438 0.364706 0.5 0 0
13700 0.0825476 0.75 557.188 0.368627 0.5 0 0
13710 0.0825476 0.75 557.188 0.364706 0.5 0 0
13720 0.0823808 0.875 558.062 0.368627 0.5 0 0
13730 0.0823808 0.875 558.062 0.368627 0.5 0 0
13740 0.0823004 0.875 558.938 0.368627 0.5 0 0
13750 0.0823004 0.875 558.938 0.368627 0.5 0 0
13760 0.0822706 0.8125 559.75 0.368627 0.5 0 0
13770 0.0822706 0.8125 559.75 0.368627 0.5 0 0
13780 0.0822246 0.875 560.625 0.368627 0.5 0 0
13790 0.0822246 0.875 560.625 0.368627 0.5 0 0
13800 0.0821633 0.875 561.5 0.368627 0.5 0 0
13810 0.0821633 0.875 561.5 0.368627 0.5 0 0
13820 0.0821188 0.875 562.375 0.368627 0.5 0 0
13830 0.0821188 0.875 562.375 0.368627 0.5 0 0
13840 0.0820759 0.8125 563.188 0.368627 0.5 0 0
13850 0.0820759 0.8125 563.188 0.368627 0.5 0 0
13860 0.0820861 0.8125 564 0.372549 0.5 0 0
13870 0.0820861 0.8125 564 0.368627 0.5 0 0
13880 0.0820724 0.8125 564.812 0.368627 0.5 0 0
13890 0.0820724 0.8125 564.812 0.368627 0.5 0 0
13900 0.0820638 0.8125 565.625 0.372549 0.5 0 0
13910 0.0820638 0.8125 565.625 0.372549 0.5 0 0
13920 0.0820247 0.8125 566.438 0.372549 0.5 0 0
13930 0.0820247 0.8125 566.438 0.372549 0.5 0 0
13940 0.0820029 0.75 567.188 0.368627 0.5 0 0
13950 0.0820029 0.75 567.188 0.368627 0.5 0 0
13960 0.0819709 0.75 567.938 0.368627 0.5 0 0
13970 0.0819709 0.75 567.938 0.372549 0.5 0 0
13980 0.0819313 0.75 568.688 0.368627 0.5 0 0
13990 0.0819313 0.75 568.688 0.372549 0.5 0 0
14000 0.0819072 0.75 569.438 0.372549 0.5 0 0
14010 0.0819072 0.75 569.438 0.372549 0.5 0 0
14020 0.0818908 0.75 570.188 0.372549 0.5 0 0
14030 0.0818908 0.75 570.188 0.368627 0.5 0 0
14040 0.0818493 0.75 570.938 0.368627 0.5 0 0
14050 0.0818493 0.75 570.938 0.368627 0.5 0 0
14060 0.0818269 0.6875 571.625 0.372549 0.5 0 0
14070 0.0818269 0.6875 571.625 0.372549 0.5 0 0
14080 0.0816347 0.8125 572.438 0.372549 0.5 0 0
14090 0.0816347 0.8125 572.438 0.372549 0.5 0 0
14100 0.081694 0.875 573.312 0.372549 0.5 0 0
14110 0.081694 0.875 573.312 0.372549 0.5 0 0
14120 0.0818984 0.875 574.188 0.372549 0.5 0 0
14130 0.0818984 0.875 574.188 0.372549 0.5 0 0
14140 0.0819246 0.875 575.062 0.372549 0.5 0 0
14150 0.0819246 0.875 575.062 0.368627 0.5 0 0
14160 0.0819144 0.875 575.938 0.372549 0.5 0 0
14170 0.0819144 0.875 575.938 0.376471 0.5 0 0
14180 0.0819135 0.875 576.812 0.376471 0.5 0 0
14190 0.0819135 0.875 576.812 0.368627 0.5 0 0
14200 0.0818722 0.875 577.688 0.372549 0.5 0 0
14210 0.0818722 0.875 577.688 0.372549 0.5 0 0
14220 0.0818377 0.875 578.562 0.372549 0.5 0 0
14230 0.0818377 0.875 578.562 0.376471 0.5 0 0
14240 0.0821407 0.75 579.312 0.372549 0.5 0 0
14250 0.0821407 0.75 579.312 0.372549 0.5 0 0
14260 0.082739 0.75 580.062 0.372549 0.5 0 0
14270 0.082739 0.75 580.062 0.372549 0.5 0 0
14280 0.0834835 0.75 580.812 0.372549 0.5 0 0
14290 0.0834835 0.75 580.812 0.364706 0.5 0 0
14300 0.0840298 0.8125 581.625 0.364706 0.5 0 0
14310 0.0840298 0.8125 581.625 0.364706 0.5 0 0
14320 0.0845898 0.875 582.5 0.364706 0.5 0 0
14330 0.0845898 0.875 582.5 0.364706 0.5 0 0
14340 0.0848291 0.9375 583.438 0.364706 0.5 0 0
14350 0.0848291 0.9375 583.438 0.364706 0.5 0 0
14360 0.0848802 0.9375 584.375 0.364706 0.5 0 0
14370 0.0848802 0.9375 584.375 0.364706 0.5 0 0
14380 0.0849367 0.9375 585.312 0.364706 0.5 0 0
14390 0.0849367 0.9375 585.312 0.364706 0.5 0 0
14400 0.0849618 0.9375 586.25 0.360784 0.5 0 0
14410 0.0849618 0.9375 586.25 0.360784 0.5 0 0
14420 0.0849983 0.9375 587.188 0.364706 0.5 0 0
14430 0.0849983 0.9375 587.188 0.364706 0.5 0 0
14440 0.0850105 0.9375 588.125 0.364706 0.5 0 0
14450 0.0850105 0.9375 588.125 0.364706 0.5 0 0
14460 0.0848897 0.875 589 0.360784 0.5 0 0
14470 0.0848897 0.875 589 0.364706 0.5 0 0
14480 0.0847374 0.9375 589.938 0.360784 0.5 0 0
14490 0.0847374 0.9375 589.938 0.360784 0.5 0 0
14500 0.0847238 0.9375 590.875 0.360784 0.5 0 0
14510 0.0847238 0.9375 590.875 0.360784 0.5 0 0
14520 0.0847767 0.9375 591.812 0.360784 0.5 0 0
14530 0.0847767 0.9375 591.812 0.360784 0.5 0 0
14540 0.0847737 0.875 592.688 0.360784 0.5 0 0
14550 0.0847737 0.875 592.688 0.360784 0.5 0 0
14560 0.0845334 0.9375 593.625 0.360784 0.5 0 0
14570 0.0845334 0.9375 593.625 0.356863 0.5 0 0
14580 0.0844262 0.9375 594.562 0.356863 0.5 0 0
14590 0.0844262 0.9375 594.562 0.356863 0.5 0 0
14600 0.0844543 0.9375 595.5 0.356863 0.5 0 0
14610 0.0844543 0.9375 595.5 0.356863 0.5 0 0
14620 0.0842463 0.9375 596.438 0.356863 0.5 0 0
14630 0.0842463 0.9375 596.438 0.356863 0.5 0 0
14640 0.0834705 0.9375 597.375 0.360784 0.5 0 0
14650 0.0834705 0.9375 597.375 0.360784 0.5 0 0
14660 0.0832507 0.9375 598.312 0.360784 0.5 0 0
14670 0.0832507 0.9375 598.312 0.360784 0.5 0 0
14680 0.0832522 0.9375 599.25 0.364706 0.5 0 0
14690 0.0832522 0.9375 599.25 0.360784 0.5 0 0
14700 0.0832786 0.9375 600.188 0.360784 0.5 0 0
14710 0.0832786 0.9375 600.188 0.360784 0.5 0 0
14720 0.0832582 0.8125 601 0.360784 0.5 0 0
14730 0.0832582 0.8125 601 0.360784 0.5 0 0
14740 0.0832762 0.9375 601.938 0.360784 0.5 0 0
14750 0.0832762 0.9375 601.938 0.360784 0.5 0 0
14760 0.083273 0.9375 602.875 0.360784 0.5 0 0
14770 0.083273 0.9375 602.875 0.360784 0.5 0 0
14780 0.0832826 0.875 603.75 0.360784 0.5 0 0
14790 0.0832826 0.875 603.75 0.360784 0.5 0 0
14800 0.0832753 0.875 604.625 0.360784 0.5 0 0
14810 0.0832753 0.875 604.625 0.360784 0.5 0 0
14820 0.0832743 0.875 605.5 0.360784 0.5 0 0
14830 0.0832743 0.875 605.5 0.360784 0.5 0 0
14840 0.0832749 0.875 606.375 0.360784 0.5 0 0
14850 0.0832749 0.875 606.375 0.360784 0.5 0 0
14860 0.0832601 0.9375 607.312 0.360784 0.5 0 0
14870 0.0832601 0.9375 607.312 0.360784 0.5 0 0
14880 0.0831806 1 608.312 0.360784 0.5 0 0
14890 0.0831806 1 608.312 0.360784 0.5 0 0
14900 0.0829992 1 609.312 0.364706 0.5 0 0
14910 0.0829992 1 609.312 0.360784 0.5 0 0
14920 0.0828587 1 610.312 0.364706 0.5 0 0
14930 0.0828587 1 610.312 0.364706 0.5 0 0
14940 0.0826435 1 611.312 0.364706 0.5 0 0
14950 0.0826435 1 611.312 0.364706 0.5 0 0
14960 0.0826374 1 612.312 0.364706 0.5 0 0
14970 0.0826374 1 612.312 0.360784 0.5 0 0
14980 0.0826642 0.9375 613.25 0.360784 0.5 0 0
14990 0.0826642 0.9375 613.25 0.360784 0.5 0 0
15000 0.0823892 0.9375 614.188 0.360784 0.5 0 0
15010 0.0823892 0.9375 614.188 0.360784 0.5 0 0
15020 0.082236 1 615.188 0.360784 0.5 0 0
15030 0.082236 1 615.188 0.360784 0.5 0 0
15040 0.0823164 1 616.188 0.360784 0.5 0 0
15050 0.0823164 1 616.188 0.360784 0.5 0 0
15060 0.0824608 0.9375 617.125 0.360784 0.5 0 0
15070 0.0824608 0.9375 617.125 0.360784 0.5 0 0
15080 0.0826162 1 618.125 0.360784 0.5 0 0
15090 0.0826162 1 618.125 0.360784 0.5 0 0
15100 0.0827186 1 619.125 0.360784 0.5 0 0
15110 0.0827186 1 619.125 0.360784 0.5 0 0
15120 0.0828111 1 620.125 0.360784 0.5 0 0
15130 0.0828111 1 620.125 0.360784 0.5 0 0
15140 0.0828971 1 621.125 0.360784 0.5 0 0
15150 0.0828971 1 621.125 0.360784 0.5 0 0
15160 0.0829571 0.9375 622.062 0.360784 0.5 0 0
15170 0.0829571 0.9375 622.062 0.360784 0.5 0 0
15180 0.0830859 0.9375 623 0.360784 0.5 0 0
15190 0.0830859 0.9375 623 0.356863 0.5 0 0
15200 0.0831815 0.9375 623.938 0.360784 0.5 0 0
15210 0.0831815 0.9375 623.938 0.356863 0.5 0 0
15220 0.0832723 0.9375 624.875 0.356863 0.5 0 0
15230 0.0832723 0.9375 624.875 0.360784 0.5 0 0
15240 0.0833575 0.9375 625.812 0.356863 0.5 0 0
15250 0.0833575 0.9375 625.812 0.356863 0.5 0 0
15260 0.0834464 0.875 626.688 0.360784 0.5 0 0
15270 0.0834464 0.875 626.688 0.360784 0.5 0 0
15280 0.0835702 0.9375 627.625 0.360784 0.5 0 0
15290 0.0835702 0.9375 627.625 0.360784 0.5 0 0
15300 0.0838376 0.875 628.5 0.360784 0.5 0 0
15310 0.0838376 0.875 628.5 0.356863 0.5 0 0
15320 0.0839613 0.875 629.375 0.356863 0.5 0 0
15330 0.0839613 0.875 629.375 0.356863 0.5 0 0
15340 0.0840776 0.9375 630.312 0.356863 0.5 0 0
15350 0.0840776 0.9375 630.312 0.356863 0.5 0 0
15360 0.0841448 0.9375 631.25 0.356863 0.5 0 0
15370 0.0841448 0.9375 631.25 0.356863 0.5 0 0
15380 0.0842034 0.9375 632.188 0.356863 0.5 0 0
15390 0.0842034 0.9375 632.188 0.356863 0.5 0 0
15400 0.0842852 0.9375 633.125 0.356863 0.5 0 0
15410 0.0842852 0.9375 633.125 0.356863 0.5 0 0
15420 0.0843028 0.9375 634.062 0.356863 0.5 0 0
15430 0.0843028 0.9375 634.062 0.356863 0.5 0 0
15440 0.0843468 0.875 634.938 0.356863 0.5 0 0
15450 0.0843468 0.875 634.938 0.356863 0.5 0 0
15460 0.0844386 0.9375 635.875 0.352941 0.5 0 0
15470 0.0844386 0.9375 635.875 0.352941 0.5 0 0
15480 0.084502 0.9375 636.812 0.352941 0.5 0 0
15490 0.084502 0.9375 636.812 0.352941 0.5 0 0
15500 0.0845779 0.9375 637.75 0.352941 0.5 0 0
15510 0.0845779 0.9375 637.75 0.352941 0.5 0 0
15520 0.0846191 0.9375 638.688 0.352941 0.5 0 0
15530 0.0846191 0.9375 638.688 0.352941 0.5 0 0
15540 0.0846594 0.875 639.562 0.352941 0.5 0 0
15550 0.0846594 0.875 639.562 0.352941 0.5 0 0
15560 0.0846747 0.875 640.438 0.352941 0.5 0 0
15570 0.0846747 0.875 640.438 0.352941 0.5 0 0
15580 0.084573 0.9375 641.375 0.352941 0.5 0 0
15590 0.084573 0.9375 641.375 0.352941 0.5 0 0
15600 0.083199 0.9375 642.312 0.352941 0.5 0 0
15610 0.083199 0.9375 642.312 0.34902 0.5 0 0
15620 0.0827913 0.9375 643.25 0.34902 0.5 0 0
15630 0.0827913 0.9375 643.25 0.34902 0.5 0 0
15640 0.0828531 0.9375 644.188 0.34902 0.5 0 0
15650 0.0828531 0.9375 644.188 0.34902 0.5 0 0
15660 0.0828734 0.875 645.062 0.34902 0.5 0 0
15670 0.0828734 0.875 645.062 0.34902 0.5 0 0
15680 0.0828695 0.8125 645.875 0.34902 0.5 0 0
15690 0.0828695 0.8125 645.875 0.34902 0.5 0 0
15700 0.082909 0.8125 646.688 0.34902 0.5 0 0
15710 0.082909 0.8125 646.688 0.34902 0.5 0 0
15720 0.0829783 0.8125 647.5 0.34902 0.5 0 0
15730 0.0829783 0.8125 647.5 0.34902 0.5 0 0
15740 0.083046 0.6875 648.188 0.34902 0.5 0 0
15750 0.083046 0.6875 648.188 0.345098 0.5 0 0
15760 0.0827023 0.875 649.062 0.34902 0.5 0 0
15770 0.0827023 0.875 649.062 0.34902 0.5 0 0
15780 0.0827564 0.8125 649.875 0.34902 0.5 0 0
15790 0.0827564 0.8125 649.875 0.34902 0.5 0 0
15800 0.0828105 0.875 650.75 0.34902 0.5 0 0
15810 0.0828105 0.875 650.75 0.34902 0.5 0 0
15820 0.0828709 0.875 651.625 0.34902 0.5 0 0
15830 0.0828709 0.875 651.625 0.34902 0.5 0 0
15840 0.0829286 0.9375 652.562 0.345098 0.5 0 0
15850 0.0829286 0.9375 652.562 0.34902 0.5 0 0
15860 0.0830041 0.875 653.438 0.34902 0.5 0 0
15870 0.0830041 0.875 653.438 0.34902 0.5 0 0
15880 0.0830816 0.875 654.312 0.345098 0.5 0 0
15890 0.0830816 0.875 654.312 0.34902 0.5 0 0
15900 0.0831499 0.8125 655.125 0.34902 0.5 0 0
15910 0.0831499 0.8125 655.125 0.34902 0.5 0 0
15920 0.083191 0.875 656 0.34902 0.5 0 0
15930 0.083191 0.875 656 0.34902 0.5 0 0
15940 0.0831018 0.875 656.875 0.34902 0.5 0 0
15950 0.0831018 0.875 656.875 0.34902 0.5 0 0
15960 0.0831507 0.9375 657.812 0.34902 0.5 0 0
15970 0.0831507 0.9375 657.812 0.34902 0.5 0 0
15980 0.0832338 0.9375 658.75 0.34902 0.5 0 0
15990 0.0832338 0.9375 658.75 0.34902 0.5 0 0
16000 0.0833163 0.9375 659.688 0.34902 0.5 0 0
16010 0.0833163 0.9375 659.688 0.34902 0.5 0 0
16020 0.083389 0.875 660.562 0.34902 0.5 0 0
16030 0.083389 0.875 660.562 0.34902 0.5 0 0
16040 0.0834553 0.9375 661.5 0.34902 0.5 0 0
16050 0.0834553 0.9375 661.5 0.34902 0.5 0 0
16060 0.0835187 0.9375 662.438 0.34902 0.5 0 0
16070 0.0835187 0.9375 662.438 0.34902 0.5 0 0
16080 0.0835622 0.9375 663.375 0.34902 0.5 0 0
16090 0.0835622 0.9375 663.375 0.34902 0.5 0 0
16100 0.0835847 0.9375 664.312 0.34902 0.5 0 0
16110 0.0835847 0.9375 664.312 0.34902 0.5 0 0
16120 0.083595 0.875 665.188 0.34902 0.5 0 0
16130 0.083595 0.875 665.188 0.34902 0.5 0 0
16140 0.0835782 0.9375 666.125 0.34902 0.5 0 0
16150 0.0835782 0.9375 666.125 0.34902 0.5 0 0
16160 0.0835837 0.875 667 0.34902 0.5 0 0
16170 0.0835837 0.875 667 0.34902 0.5 0 0
16180 0.0835929 0.875 667.875 0.34902 0.5 0 0
16190 0.0835929 0.875 667.875 0.34902 0.5 0 0
16200 0.0835949 0.8125 668.688 0.34902 0.5 0 0
16210 0.0835949 0.8125 668.688 0.34902 0.5 0 0
16220 0.0835845 0.875 669.562 0.352941 0.5 0 0
16230 0.0835845 0.875 669.562 0.34902 0.5 0 0
16240 0.0836001 0.875 670.438 0.34902 0.5 0 0
16250 0.0836001 0.875 670.438 0.34902 0.5 0 0
16260 0.0836157 0.8125 671.25 0.34902 0.5 0 0
16270 0.0836157 0.8125 671.25 0.34902 0.5 0 0
16280 0.0836318 0.875 672.125 0.34902 0.5 0 0
16290 0.0836318 0.875 672.125 0.34902 0.5 0 0
16300 0.0836484 0.875 673 0.34902 0.5 0 0
16310 0.0836484 0.875 673 0.34902 0.5 0 0
16320 0.083646 0.9375 673.938 0.34902 0.5 0 0
16330 0.083646 0.9375 673.938 0.34902 0.5 0 0
16340 0.0836523 0.9375 674.875 0.34902 0.5 0 0
16350 0.0836523 0.9375 674.875 0.34902 0.5 0 0
16360 0.0836544 0.9375 675.812 0.34902 0.5 0 0
16370 0.0836544 0.9375 675.812 0.34902 0.5 0 0
16380 0.0836625 0.9375 676.75 0.34902 0.5 0 0
16390 0.0836625 0.9375 676.75 0.34902 0.5 0 0
16400 0.0836789 0.9375 677.688 0.352941 0.5 0 0
16410 0.0836789 0.9375 677.688 0.34902 0.5 0 0
16420 0.0836942 0.9375 678.625 0.34902 0.5 0 0
16430 0.0836942 0.9375 678.625 0.34902 0.5 0 0
16440 0.0836945 0.9375 679.562 0.34902 0.5 0 0
16450 0.0836945 0.9375 679.562 0.34902 0.5 0 0
16460 0.0836943 0.9375 680.5 0.352941 0.5 0 0
16470 0.0836943 0.9375 680.5 0.352941 0.5 0 0
16480 0.0836953 0.9375 681.438 0.34902 0.5 0 0
16490 0.0836953 0.9375 681.438 0.34902 0.5 0 0
16500 0.0837069 0.875 682.312 0.352941 0.5 0 0
16510 0.0837069 0.875 682.312 0.352941 0.5 0 0
16520 0.0838591 1 683.312 0.352941 0.5 0 0
16530 0.0838591 1 683.312 0.34902 0.5 0 0
16540 0.0838631 1 684.312 0.34902 0.5 0 0
16550 0.0838631 1 684.312 0.34902 0.5 0 0
16560 0.083882 1 685.312 0.34902 0.5 0 0
16570 0.083882 1 685.312 0.352941 0.5 0 0
16580 0.0838975 1 686.312 0.34902 0.5 0 0
16590 0.0838975 1 686.312 0.34902 0.5 0 0
16600 0.0839112 1 687.312 0.34902 0.5 0 0
16610 0.0839112 1 687.312 0.34902 0.5 0 0
16620 0.0839894 0.9375 688.25 0.34902 0.5 0 0
16630 0.0839894 0.9375 688.25 0.34902 0.5 0 0
16640 0.0841019 1 689.25 0.34902 0.5 0 0
16650 0.0841019 1 689.25 0.34902 0.5 0 0
16660 0.0841524 1 690.25 0.34902 0.5 0 0
16670 0.0841524 1 690.25 0.34902 0.5 0 0
16680 0.0842114 1 691.25 0.34902 0.5 0 0
16690 0.0842114 1 691.25 0.34902 0.5 0 0
16700 0.0842713 1 692.25 0.34902 0.5 0 0
16710 0.0842713 1 692.25 0.34902 0.5 0 0
16720 0.0843263 1 693.25 0.34902 0.5 0 0
16730 0.0843263 1 693.25 0.34902 0.5 0 0
16740 0.084421 0.875 694.125 0.34902 0.5 0 0
16750 0.084421 0.875 694.125 0.34902 0.5 0 0
16760 0.0844687 0.875 695 0.34902 0.5 0 0
16770 0.0844687 0.875 695 0.34902 0.5 0 0
16780 0.0845126 0.875 695.875 0.34902 0.5 0 0
16790 0.0845126 0.875 695.875 0.34902 0.5 0 0
16800 0.0843895 0.875 696.75 0.34902 0.5 0 0
16810 0.0843895 0.875 696.75 0.34902 0.5 0 0
16820 0.0844487 0.9375 697.688 0.34902 0.5 0 0
16830 0.0844487 0.9375 697.688 0.34902 0.5 0 0
16840 0.0845087 0.9375 698.625 0.34902 0.5 0 0
16850 0.0845087 0.9375 698.625 0.34902 0.5 0 0
16860 0.0845698 0.9375 699.562 0.34902 0.5 0 0
16870 0.0845698 0.9375 699.562 0.34902 0.5 0 0
16880 0.0846346 0.9375 700.5 0.34902 0.5 0 0
16890 0.0846346 0.9375 700.5 0.345098 0.5 0 0
16900 0.0847066 0.9375 701.438 0.34902 0.5 0 0
16910 0.0847066 0.9375 701.438 0.345098 0.5 0 0
16920 0.0847857 0.9375 702.375 0.34902 0.5 0 0
16930 0.0847857 0.9375 702.375 0.34902 0.5 0 0
16940 0.0847758 0.9375 703.312 0.34902 0.5 0 0
16950 0.0847758 0.9375 703.312 0.34902 0.5 0 0
16960 0.0847661 0.9375 704.25 0.34902 0.5 0 0
16970 0.0847661 0.9375 704.25 0.34902 0.5 0 0
16980 0.0847212 0.9375 705.188 0.34902 0.5 0 0
16990 0.0847212 0.9375 705.188 0.34902 0.5 0 0
17000 0.0846691 0.8125 706 0.34902 0.5 0 0
17010 0.0846691 0.8125 706 0.34902 0.5 0 0
17020 0.084406 0.875 706.875 0.34902 0.5 0 0
17030 0.084406 0.875 706.875 0.34902 0.5 0 0
17040 0.0843781 0.875 707.75 0.352941 0.5 0 0
17050 0.0843781 0.875 707.75 0.34902 0.5 0 0
17060 0.0843592 0.9375 708.688 0.34902 0.5 0 0
17070 0.0843592 0.9375 708.688 0.352941 0.5 0 0
17080 0.0843364 0.9375 709.625 0.352941 0.5 0 0
17090 0.0843364 0.9375 709.625 0.352941 0.5 0 0
17100 0.0843187 0.9375 710.562 0.34902 0.5 0 0
17110 0.0843187 0.9375 710.562 0.352941 0.5 0 0
17120 0.0843182 0.875 711.438 0.352941 0.5 0 0
17130 0.0843182 0.875 711.438 0.34902 0.5 0 0
17140 0.0843096 0.9375 712.375 0.352941 0.5 0 0
17150 0.0843096 0.9375 712.375 0.34902 0.5 0 0
17160 0.0841637 0.9375 713.312 0.34902 0.5 0 0
17170 0.0841637 0.9375 713.312 0.34902 0.5 0 0
17180 0.0841507 0.9375 714.25 0.34902 0.5 0 0
17190 0.0841507 0.9375 714.25 0.34902 0.5 0 0
17200 0.0841579 0.9375 715.188 0.34902 0.5 0 0
17210 0.0841579 0.9375 715.188 0.34902 0.5 0 0
17220 0.0841995 0.9375 716.125 0.34902 0.5 0 0
17230 0.0841995 0.9375 716.125 0.34902 0.5 0 0
17240 0.0842678 0.75 716.875 0.34902 0.5 0 0
17250 0.0842678 0.75 716.875 0.34902 0.5 0 0
17260 0.0842041 0.875 717.75 0.34902 0.5 0 0
17270 0.0842041 0.875 717.75 0.34902 0.5 0 0
17280 0.084084 0.9375 718.688 0.34902 0.5 0 0
17290 0.084084 0.9375 718.688 0.345098 0.5 0 0
17300 0.0839651 0.9375 719.625 0.345098 0.5 0 0
17310 0.0839651 0.9375 719.625 0.34902 0.5 0 0
17320 0.0839816 0.875 720.5 0.34902 0.5 0 0
17330 0.0839816 0.875 720.5 0.345098 0.5 0 0
17340 0.0840824 1 721.5 0.345098 0.5 0 0
17350 0.0840824 1 721.5 0.341176 0.5 0 0
17360 0.0841529 1 722.5 0.341176 0.5 0 0
17370 0.0841529 1 722.5 0.341176 0.5 0 0
17380 0.0842275 1 723.5 0.341176 0.5 0 0
17390 0.0842275 1 723.5 0.341176 0.5 0 0
17400 0.0843147 0.9375 724.438 0.341176 0.5 0 0
17410 0.0843147 0.9375 724.438 0.341176 0.5 0 0
17420 0.08439 0.9375 725.375 0.341176 0.5 0 0
17430 0.08439 0.9375 725.375 0.341176 0.5 0 0
17440 0.0844581 1 726.375 0.341176 0.5 0 0
17450 0.0844581 1 726.375 0.341176 0.5 0 0
17460 0.0844507 0.875 727.25 0.341176 0.5 0 0
17470 0.0844507 0.875 727.25 0.341176 0.5 0 0
17480 0.08444 0.9375 728.188 0.341176 0.5 0 0
17490 0.08444 0.9375 728.188 0.341176 0.5 0 0
17500 0.084515 0.875 729.062 0.341176 0.5 0 0
17510 0.084515 0.875 729.062 0.337255 0.5 0 0
17520 0.084627 0.9375 730 0.337255 0.5 0 0
17530 0.084627 0.9375 730 0.337255 0.5 0 0
17540 0.0847965 0.875 730.875 0.337255 0.5 0 0
17550 0.0847965 0.875 730.875 0.337255 0.5 0 0
17560 0.0848906 0.9375 731.812 0.337255 0.5 0 0
17570 0.0848906 0.9375 731.812 0.337255 0.5 0 0
17580 0.0849403 0.9375 732.75 0.337255 0.5 0 0
17590 0.0849403 0.9375 732.75 0.337255 0.5 0 0
17600 0.0849953 1 733.75 0.337255 0.5 0 0
17610 0.0849953 1 733.75 0.337255 0.5 0 0
17620 0.0850618 1 734.75 0.337255 0.5 0 0
17630 0.0850618 1 734.75 0.333333 0.5 0 0
17640 0.0850531 1 735.75 0.333333 0.5 0 0
17650 0.0850531 1 735.75 0.337255 0.5 0 0
17660 0.0848862 0.875 736.625 0.333333 0.5 0 0
17670 0.0848862 0.875 736.625 0.333333 0.5 0 0
17680 0.0846407 0.9375 737.562 0.333333 0.5 0 0
17690 0.0846407 0.9375 737.562 0.333333 0.5 0 0
17700 0.0845588 0.9375 738.5 0.333333 0.5 0 0
17710 0.0845588 0.9375 738.5 0.333333 0.5 0 0
17720 0.0844778 0.9375 739.438 0.333333 0.5 0 0
17730 0.0844778 0.9375 739.438 0.333333 0.5 0 0
17740 0.0844238 0.9375 740.375 0.333333 0.5 0 0
17750 0.0844238 0.9375 740.375 0.333333 0.5 0 0
17760 0.0843712 0.9375 741.312 0.333333 0.5 0 0
17770 0.0843712 0.9375 741.312 0.333333 0.5 0 0
17780 0.0842986 0.875 742.188 0.333333 0.5 0 0
17790 0.0842986 0.875 742.188 0.333333 0.5 0 0
17800 0.0842369 0.8125 743 0.333333 0.5 0 0
17810 0.0842369 0.8125 743 0.333333 0.5 0 0
17820 0.0839898 0.875 743.875 0.333333 0.5 0 0
17830 0.0839898 0.875 743.875 0.333333 0.5 0 0
17840 0.083643 0.875 744.75 0.333333 0.5 0 0
17850 0.083643 0.875 744.75 0.329412 0.5 0 0
17860 0.0835391 0.875 745.625 0.333333 0.5 0 0
17870 0.0835391 0.875 745.625 0.333333 0.5 0 0
17880 0.0833979 1 746.625 0.333333 0.5 0 0
17890 0.0833979 1 746.625 0.329412 0.5 0 0
17900 0.0832999 1 747.625 0.329412 0.5 0 0
17910 0.0832999 1 747.625 0.333333 0.5 0 0
17920 0.0832247 1 748.625 0.329412 0.5 0 0
17930 0.0832247 1 748.625 0.329412 0.5 0 0
17940 0.0830626 1 749.625 0.329412 0.5 0 0
17950 0.0830626 1 749.625 0.329412 0.5 0 0
17960 0.0828989 1 750.625 0.329412 0.5 0 0
17970 0.0828989 1 750.625 0.329412 0.5 0 0
17980 0.0828328 0.9375 751.562 0.333333 0.5 0 0
17990 0.0828328 0.9375 751.562 0.333333 0.5 0 0
18000 0.0828132 0.6875 752.25 0.333333 0.5 0 0
18010 0.0828132 0.6875 752.25 0.329412 0.5 0 0
18020 0.0823904 0.875 753.125 0.329412 0.5 0 0
18030 0.0823904 0.875 753.125 0.333333 0.5 0 0
18040 0.0824032 0.875 754 0.333333 0.5 0 0
18050 0.0824032 0.875 754 0.329412 0.5 0 0
18060 0.08242 0.875 754.875 0.329412 0.5 0 0
18070 0.08242 0.875 754.875 0.329412 0.5 0 0
18080 0.0821572 0.9375 755.812 0.333333 0.5 0 0
18090 0.0821572 0.9375 755.812 0.333333 0.5 0 0
18100 0.0816621 0.9375 756.75 0.333333 0.5 0 0
18110 0.0816621 0.9375 756.75 0.333333 0.5 0 0
18120 0.081639 0.9375 757.688 0.333333 0.5 0 0
18130 0.081639 0.9375 757.688 0.333333 0.5 0 0
18140 0.0816152 1 758.688 0.333333 0.5 0 0
18150 0.0816152 1 758.688 0.333333 0.5 0 0
18160 0.0815938 1 759.688 0.333333 0.5 0 0
18170 0.0815938 1 759.688 0.333333 0.5 0 0
18180 0.0815616 1 760.688 0.333333 0.5 0 0
18190 0.0815616 1 760.688 0.333333 0.5 0 0
18200 0.0813621 0.9375 761.625 0.333333 0.5 0 0
18210 0.0813621 0.9375 761.625 0.333333 0.5 0 0
18220 0.0803108 0.9375 762.562 0.333333 0.5 0 0
18230 0.0803108 0.9375 762.562 0.333333 0.5 0 0
18240 0.0797184 0.9375 763.5 0.337255 0.5 0 0
18250 0.0797184 0.9375 763.5 0.341176 0.5 0 0
18260 0.0795689 0.8125 764.312 0.341176 0.5 0 0
18270 0.0795689 0.8125 764.312 0.337255 0.5 0 0
18280 0.0795675 0.75 765.062 0.341176 0.5 0 0
18290 0.0795675 0.75 765.062 0.341176 0.5 0 0
18300 0.0795676 0.8125 765.875 0.341176 0.5 0 0
18310 0.0795676 0.8125 765.875 0.341176 0.5 0 0
18320 0.0795721 0.875 766.75 0.341176 0.5 0 0
18330 0.0795721 0.875 766.75 0.345098 0.5 0 0
18340 0.0793901 0.75 767.5 0.345098 0.5 0 0
18350 0.0793901 0.75 767.5 0.34902 0.5 0 0
18360 0.0791868 0.75 768.25 0.341176 0.5 0 0
18370 0.0791868 0.75 768.25 0.345098 0.5 0 0
18380 0.0793176 0.75 769 0.333333 0.5 0 0
18390 0.0793176 0.75 769 0.341176 0.5 0 0
18400 0.0795131 0.8125 769.812 0.345098 0.5 0 0
18410 0.0795131 0.8125 769.812 0.345098 0.5 0 0
18420 0.0793906 0.6875 770.5 0.337255 0.5 0 0
18430 0.0793906 0.6875 770.5 0.345098 0.5 0 0
18440 0.0793002 0.8125 771.312 0.34902 0.5 0 0
18450 0.0793002 0.8125 771.312 0.341176 0.5 0 0
18460 0.0793005 0.8125 772.125 0.341176 0.5 0 0
18470 0.0793005 0.8125 772.125 0.341176 0.5 0 0
18480 0.0793005 0.75 772.875 0.345098 0.5 0 0
18490 0.0793005 0.75 772.875 0.341176 0.5 0 0
18500 0.0793005 0.875 773.75 0.337255 0.5 0 0
18510 0.0793005 0.875 773.75 0.341176 0.5 0 0
18520 0.0793005 0.875 774.625 0.337255 0.5 0 0
18530 0.0793005 0.875 774.625 0.337255 0.5 0 0
18540 0.0793005 0.8125 775.438 0.345098 0.5 0 0
18550 0.0793005 0.8125 775.438 0.337255 0.5 0 0
18560 0.0793108 0.8125 776.25 0.337255 0.5 0 0
18570 0.0793108 0.8125 776.25 0.345098 0.5 0 0
18580 0.0793108 0.8125 777.062 0.345098 0.5 0 0
18590 0.0793108 0.8125 777.062 0.345098 0.5 0 0
18600 0.0793108 0.875 777.938 0.345098 0.5 0 0
18610 0.0793108 0.875 777.938 0.345098 0.5 0 0
18620 0.0793108 0.875 778.812 0.341176 0.5 0 0
18630 0.0793108 0.875 778.812 0.345098 0.5 0 0
18640 0.0793108 0.875 779.688 0.345098 0.5 0 0
18650 0.0793108 0.875 779.688 0.341176 0.5 0 0
18660 0.0793108 0.875 780.562 0.345098 0.5 0 0
18670 0.0793108 0.875 780.562 0.341176 0.5 0 0
18680 0.079442 0.875 781.438 0.345098 0.5 0 0
18690 0.079442 0.875 781.438 0.341176 0.5 0 0
18700 0.0795384 0.8125 782.25 0.341176 0.5 0 0
18710 0.0795384 0.8125 782.25 0.341176 0.5 0 0
18720 0.0795721 0.875 783.125 0.341176 0.5 0 0
18730 0.0795721 0.875 783.125 0.341176 0.5 0 0
18740 0.0795721 0.8125 783.938 0.345098 0.5 0 0
18750 0.0795721 0.8125 783.938 0.337255 0.5 0 0
18760 0.0795323 0.875 784.812 0.341176 0.5 0 0
18770 0.0795323 0.875 784.812 0.345098 0.5 0 0
18780 0.079532 0.875 785.688 0.345098 0.5 0 0
18790 0.079532 0.875 785.688 0.341176 0.5 0 0
18800 0.079532 0.875 786.562 0.341176 0.5 0 0
18810 0.079532 0.875 786.562 0.341176 0.5 0 0
18820 0.079532 0.875 787.438 0.345098 0.5 0 0
18830 0.079532 0.875 787.438 0.341176 0.5 0 0
18840 0.079532 0.8125 788.25 0.345098 0.5 0 0
18850 0.079532 0.8125 788.25 0.337255 0.5 0 0
18860 0.0795228 0.625 788.875 0.345098 0.5 0 0
18870 0.0795228 0.625 788.875 0.341176 0.5 0 0
18880 0.0795126 0.8125 789.688 0.341176 0.5 0 0
18890 0.0795126 0.8125 789.688 0.345098 0.5 0 0
18900 0.0795175 0.8125 790.5 0.345098 0.5 0 0
18910 0.0795175 0.8125 790.5 0.341176 0.5 0 0
18920 0.0795175 0.75 791.25 0.337255 0.5 0 0
18930 0.0795175 0.75 791.25 0.341176 0.5 0 0
18940 0.0795175 0.8125 792.062 0.337255 0.5 0 0
18950 0.0795175 0.8125 792.062 0.345098 0.5 0 0
18960 0.0792754 0.875 792.938 0.345098 0.5 0 0
18970 0.0792754 0.875 792.938 0.345098 0.5 0 0
18980 0.0792382 0.875 793.812 0.345098 0.5 0 0
18990 0.0792382 0.875 793.812 0.341176 0.5 0 0
19000 0.0792382 0.875 794.688 0.352941 0.5 0 0
19010 0.0792382 0.875 794.688 0.345098 0.5 0 0
19020 0.0792382 0.875 795.562 0.341176 0.5 0 0
19030 0.0792382 0.875 795.562 0.345098 0.5 0 0
19040 0.0792382 0.9375 796.5 0.34902 0.5 0 0
19050 0.0792382 0.9375 796.5 0.345098 0.5 0 0
19060 0.0792382 0.875 797.375 0.337255 0.5 0 0
19070 0.0792382 0.875 797.375 0.345098 0.5 0 0
19080 0.0792382 0.875 798.25 0.345098 0.5 0 0
19090 0.0792382 0.875 798.25 0.341176 0.5 0 0
19100 0.0792382 0.875 799.125 0.345098 0.5 0 0
19110 0.0792382 0.875 799.125 0.337255 0.5 0 0
19120 0.0792382 0.875 800 0.341176 0.5 0 0
19130 0.0792382 0.875 800 0.34902 0.5 0 0
19140 0.0792382 0.875 800.875 0.337255 0.5 0 0
19150 0.0792382 0.875 800.875 0.345098 0.5 0 0
19160 0.0792382 0.75 801.625 0.345098 0.5 0 0
19170 0.0792382 0.75 801.625 0.34902 0.5 0 0
19180 0.0792382 0.875 802.5 0.345098 0.5 0 0
19190 0.0792382 0.875 802.5 0.345098 0.5 0 0
19200 0.0792382 0.875 803.375 0.341176 0.5 0 0
19210 0.0792382 0.875 803.375 0.341176 0.5 0 0
19220 0.0792382 0.875 804.25 0.345098 0.5 0 0
19230 0.0792382 0.875 804.25 0.345098 0.5 0 0
19240 0.0802671 0.875 805.125 0.345098 0.5 0 0
19250 0.0802671 0.875 805.125 0.34902 0.5 0 0
19260 0.081586 0.8125 805.938 0.337255 0.5 0 0
19270 0.081586 0.8125 805.938 0.333333 0.5 0 0
19280 0.0833704 0.8125 806.75 0.333333 0.5 0 0
19290 0.0833704 0.8125 806.75 0.333333 0.5 0 0
19300 0.0839343 0.875 807.625 0.333333 0.5 0 0
19310 0.0839343 0.875 807.625 0.333333 0.5 0 0
19320 0.0841329 0.875 808.5 0.333333 0.5 0 0
19330 0.0841329 0.875 808.5 0.333333 0.5 0 0
19340 0.0841851 0.9375 809.438 0.333333 0.5 0 0
19350 0.0841851 0.9375 809.438 0.333333 0.5 0 0
19360 0.0841172 1 810.438 0.333333 0.5 0 0
19370 0.0841172 1 810.438 0.333333 0.5 0 0
19380 0.0840052 1 811.438 0.329412 0.5 0 0
19390 0.0840052 1 811.438 0.333333 0.5 0 0
19400 0.0838097 1 812.438 0.329412 0.5 0 0
19410 0.0838097 1 812.438 0.329412 0.5 0 0
19420 0.0836236 0.9375 813.375 0.333333 0.5 0 0
19430 0.0836236 0.9375 813.375 0.333333 0.5 0 0
19440 0.083492 0.9375 814.312 0.329412 0.5 0 0
19450 0.083492 0.9375 814.312 0.329412 0.5 0 0
19460 0.0832257 1 815.312 0.329412 0.5 0 0
19470 0.0832257 1 815.312 0.329412 0.5 0 0
19480 0.0828861 0.9375 816.25 0.329412 0.5 0 0
19490 0.0828861 0.9375 816.25 0.329412 0.5 0 0
19500 0.0826898 0.875 817.125 0.329412 0.5 0 0
19510 0.0826898 0.875 817.125 0.329412 0.5 0 0
19520 0.0825202 0.875 818 0.329412 0.5 0 0
19530 0.0825202 0.875 818 0.329412 0.5 0 0
19540 0.082461 0.875 818.875 0.329412 0.5 0 0
19550 0.082461 0.875 818.875 0.329412 0.5 0 0
19560 0.0824125 0.6875 819.562 0.329412 0.5 0 0
19570 0.0824125 0.6875 819.562 0.329412 0.5 0 0
19580 0.0822794 0.875 820.438 0.329412 0.5 0 0
19590 0.0822794 0.875 820.438 0.329412 0.5 0 0
19600 0.0822352 0.875 821.312 0.329412 0.5 0 0
19610 0.0822352 0.875 821.312 0.32549 0.5 0 0
19620 0.0820863 0.875 822.188 0.32549 0.5 0 0
19630 0.0820863 0.875 822.188 0.32549 0.5 0 0
19640 0.0818528 0.9375 823.125 0.32549 0.5 0 0
19650 0.0818528 0.9375 823.125 0.32549 0.5 0 0
19660 0.0819333 0.9375 824.062 0.32549 0.5 0 0
19670 0.0819333 0.9375 824.062 0.32549 0.5 0 0
19680 0.0819187 0.9375 825 0.32549 0.5 0 0
19690 0.0819187 0.9375 825 0.32549 0.5 0 0
19700 0.0818737 0.9375 825.938 0.32549 0.5 0 0
19710 0.0818737 0.9375 825.938 0.32549 0.5 0 0
19720 0.081527 0.875 826.812 0.32549 0.5 0 0
19730 0.081527 0.875 826.812 0.32549 0.5 0 0
19740 0.080576 0.875 827.688 0.32549 0.5 0 0
19750 0.080576 0.875 827.688 0.32549 0.5 0 0
19760 0.0801363 0.75 828.438 0.32549 0.5 0 0
19770 0.0801363 0.75 828.438 0.32549 0.5 0 0
19780 0.0800826 0.75 829.188 0.32549 0.5 0 0
19790 0.0800826 0.75 829.188 0.32549 0.5 0 0
19800 0.0800773 0.875 830.062 0.32549 0.5 0 0
19810 0.0800773 0.875 830.062 0.32549 0.5 0 0
19820 0.0798267 0.875 830.938 0.32549 0.5 0 0
19830 0.0798267 0.875 830.938 0.32549 0.5 0 0
19840 0.0796262 0.875 831.812 0.32549 0.5 0 0
19850 0.0796262 0.875 831.812 0.32549 0.5 0 0
19860 0.0795095 0.875 832.688 0.32549 0.5 0 0
19870 0.0795095 0.875 832.688 0.32549 0.5 0 0
19880 0.079403 0.8125 833.5 0.32549 0.5 0 0
19890 0.079403 0.8125 833.5 0.32549 0.5 0 0
19900 0.079308 0.8125 834.312 0.32549 0.5 0 0
19910 0.079308 0.8125 834.312 0.32549 0.5 0 0
19920 0.0792546 0.8125 835.125 0.32549 0.5 0 0
19930 0.0792546 0.8125 835.125 0.32549 0.5 0 0
19940 0.0792161 0.8125 835.938 0.32549 0.5 0 0
19950 0.0792161 0.8125 835.938 0.32549 0.5 0 0
19960 0.079183 0.8125 836.75 0.32549 0.5 0 0
19970 0.079183 0.8125 836.75 0.32549 0.5 0 0
19980 0.079128 0.8125 837.562 0.32549 0.5 0 0
19990 0.079128 0.8125 837.562 0.32549 0.5 0 0
20000 0.0790615 0.875 838.438 0.32549 0.5 0 0
20010 0.0790615 0.875 838.438 0.32549 0.5 0 0
