0 0.119903 0 0 0.5 0.5 0 0
10 0.119903 0 0 0.721569 0.5 0 0
20 0.11688 0.5 0.5 0.694118 0.5 0 0
30 0.11688 0.5 0.5 0.8 0.5 0 0
40 0.116445 0.5 1 0.721569 0.5 0 0
50 0.116445 0.5 1 0.796078 0.5 0 0
60 0.116538 0.5625 1.5625 0.721569 0.5 0 0
70 0.116538 0.5625 1.5625 0.686275 0.5 0 0
80 0.116413 0.5625 2.125 0.686275 0.5 0 0
90 0.116413 0.5625 2.125 0.8 0.5 0 0
100 0.116381 0.5625 2.6875 0.8 0.5 0 0
110 0.116381 0.5625 2.6875 0.721569 0.5 0 0
120 0.117748 0.4375 3.125 0.729412 0.5 0 0
130 0.117748 0.4375 3.125 0.8 0.5 0 0
140 0.118667 0.25 3.375 0.737255 0.5 0 0
150 0.118667 0.25 3.375 0.8 0.5 0 0
160 0.119253 0.125 3.5 0.694118 0.5 0 0
170 0.119253 0.125 3.5 0.729412 0.5 0 0
180 0.117421 0.25 3.75 0.729412 0.5 0 0
190 0.117421 0.25 3.75 0.796078 0.5 0 0
200 0.116521 0.3125 4.0625 0.803922 0.5 0 0
210 0.116521 0.3125 4.0625 0.729412 0.5 0 0
220 0.115304 0.3125 4.375 0.694118 0.5 0 0
230 0.115304 0.3125 4.375 0.694118 0.5 0 0
240 0.115137 0.375 4.75 0.65098 0.5 0 0
250 0.115137 0.375 4.75 0.729412 0.5 0 0
260 0.114889 0.375 5.125 0.729412 0.5 0 0
270 0.114889 0.375 5.125 0.721569 0.5 0 0
280 0.114753 0.375 5.5 0.666667 0.5 0 0
290 0.114753 0.375 5.5 0.584314 0.5 0 0
300 0.115245 0.375 5.875 0.552941 0.5 0 0
310 0.115245 0.375 5.875 0.54902 0.5 0 0
320 0.115665 0.375 6.25 0.541176 0.5 0 0
330 0.115665 0.375 6.25 0.552941 0.5 0 0
340 0.116085 0.375 6.625 0.560784 0.5 0 0
350 0.116085 0.375 6.625 0.54902 0.5 0 0
360 0.116063 0.375 7 0.560784 0.5 0 0
370 0.116063 0.375 7 0.560784 0.5 0 0
380 0.11626 0.375 7.375 0.541176 0.5 0 0
390 0.11626 0.375 7.375 0.54902 0.5 0 0
400 0.116262 0.375 7.75 0.54902 0.5 0 0
410 0.116262 0.375 7.75 0.537255 0.5 0 0
420 0.116222 0.25 8 0.537255 0.5 0 0
430 0.116222 0.25 8 0.529412 0.5 0 0
440 0.116397 0.1875 8.1875 0.533333 0.5 0 0
450 0.116397 0.1875 8.1875 0.541176 0.5 0 0
460 0.116499 0.1875 8.375 0.541176 0.5 0 0
470 0.116499 0.1875 8.375 0.533333 0.5 0 0
480 0.116576 0.1875 8.5625 0.552941 0.5 0 0
490 0.116576 0.1875 8.5625 0.552941 0.5 0 0
500 0.116601 0.1875 8.75 0.541176 0.5 0 0
510 0.116601 0.1875 8.75 0.537255 0.5 0 0
520 0.116601 0.1875 8.9375 0.560784 0.5 0 0
530 0.116601 0.1875 8.9375 0.529412 0.5 0 0
540 0.116622 0.375 9.3125 0.541176 0.5 0 0
550 0.116622 0.375 9.3125 0.545098 0.5 0 0
560 0.116605 0.375 9.6875 0.54902 0.5 0 0
570 0.116605 0.375 9.6875 0.541176 0.5 0 0
580 0.11634 0.375 10.0625 0.517647 0.5 0 0
590 0.11634 0.375 10.0625 0.501961 0.5 0 0
600 0.115508 0.375 10.4375 0.490196 0.5 0 0
610 0.115508 0.375 10.4375 0.490196 0.5 0 0
620 0.114937 0.375 10.8125 0.490196 0.5 0 0
630 0.114937 0.375 10.8125 0.490196 0.5 0 0
640 0.114873 0.375 11.1875 0.490196 0.5 0 0
650 0.114873 0.375 11.1875 0.490196 0.5 0 0
660 0.11494 0.375 11.5625 0.486275 0.5 0 0
670 0.11494 0.375 11.5625 0.490196 0.5 0 0
680 0.115148 0.375 11.9375 0.494118 0.5 0 0
690 0.115148 0.375 11.9375 0.490196 0.5 0 0
700 0.115209 0.375 12.3125 0.494118 0.5 0 0
710 0.115209 0.375 12.3125 0.490196 0.5 0 0
720 0.114882 0.375 12.6875 0.490196 0.5 0 0
730 0.114882 0.375 12.6875 0.490196 0.5 0 0
740 0.114851 0.375 13.0625 0.490196 0.5 0 0
750 0.114851 0.375 13.0625 0.490196 0.5 0 0
760 0.114888 0.375 13.4375 0.490196 0.5 0 0
770 0.114888 0.375 13.4375 0.490196 0.5 0 0
780 0.114912 0.375 13.8125 0.490196 0.5 0 0
790 0.114912 0.375 13.8125 0.490196 0.5 0 0
800 0.114909 0.375 14.1875 0.490196 0.5 0 0
810 0.114909 0.375 14.1875 0.490196 0.5 0 0
820 0.114888 0.375 14.5625 0.490196 0.5 0 0
830 0.114888 0.375 14.5625 0.490196 0.5 0 0
840 0.114912 0.4375 15 0.494118 0.5 0 0
850 0.114912 0.4375 15 0.490196 0.5 0 0
860 0.114923 0.4375 15.4375 0.490196 0.5 0 0
870 0.114923 0.4375 15.4375 0.490196 0.5 0 0
880 0.114912 0.3125 15.75 0.486275 0.5 0 0
890 0.114912 0.3125 15.75 0.494118 0.5 0 0
900 0.114921 0.3125 16.0625 0.494118 0.5 0 0
910 0.114921 0.3125 16.0625 0.490196 0.5 0 0
920 0.11493 0.3125 16.375 0.490196 0.5 0 0
930 0.11493 0.3125 16.375 0.490196 0.5 0 0
940 0.11494 0.3125 16.6875 0.490196 0.5 0 0
950 0.11494 0.3125 16.6875 0.490196 0.5 0 0
960 0.114971 0.3125 17 0.490196 0.5 0 0
970 0.114971 0.3125 17 0.486275 0.5 0 0
980 0.115314 0.3125 17.3125 0.482353 0.5 0 0
990 0.115314 0.3125 17.3125 0.47451 0.5 0 0
1000 0.11546 0.3125 17.625 0.466667 0.5 0 0
1010 0.11546 0.3125 17.625 0.458824 0.5 0 0
1020 0.115108 0.3125 17.9375 0.45098 0.5 0 0
1030 0.115108 0.3125 17.9375 0.443137 0.5 0 0
1040 0.114859 0.3125 18.25 0.443137 0.5 0 0
1050 0.114859 0.3125 18.25 0.447059 0.5 0 0
1060 0.114942 0.3125 18.5625 0.443137 0.5 0 0
1070 0.114942 0.3125 18.5625 0.447059 0.5 0 0
1080 0.115015 0.25 18.8125 0.443137 0.5 0 0
1090 0.115015 0.25 18.8125 0.443137 0.5 0 0
1100 0.115047 0.3125 19.125 0.443137 0.5 0 0
1110 0.115047 0.3125 19.125 0.447059 0.5 0 0
1120 0.115063 0.3125 19.4375 0.443137 0.5 0 0
1130 0.115063 0.3125 19.4375 0.447059 0.5 0 0
1140 0.115074 0.3125 19.75 0.447059 0.5 0 0
1150 0.115074 0.3125 19.75 0.443137 0.5 0 0
1160 0.115081 0.25 20 0.447059 0.5 0 0
1170 0.115081 0.25 20 0.447059 0.5 0 0
1180 0.115006 0.3125 20.3125 0.443137 0.5 0 0
1190 0.115006 0.3125 20.3125 0.439216 0.5 0 0
1200 0.114718 0.3125 20.625 0.439216 0.5 0 0
1210 0.114718 0.3125 20.625 0.443137 0.5 0 0
1220 0.114194 0.3125 20.9375 0.443137 0.5 0 0
1230 0.114194 0.3125 20.9375 0.435294 0.5 0 0
1240 0.113729 0.3125 21.25 0.435294 0.5 0 0
1250 0.113729 0.3125 21.25 0.435294 0.5 0 0
1260 0.113417 0.3125 21.5625 0.431373 0.5 0 0
1270 0.113417 0.3125 21.5625 0.431373 0.5 0 0
1280 0.113521 0.3125 21.875 0.427451 0.5 0 0
1290 0.113521 0.3125 21.875 0.431373 0.5 0 0
1300 0.113601 0.125 22 0.427451 0.5 0 0
1310 0.113601 0.125 22 0.427451 0.5 0 0
1320 0.113446 0.125 22.125 0.427451 0.5 0 0
1330 0.113446 0.125 22.125 0.415686 0.5 0 0
1340 0.113472 0.125 22.25 0.415686 0.5 0 0
1350 0.113472 0.125 22.25 0.415686 0.5 0 0
1360 0.113454 0.125 22.375 0.415686 0.5 0 0
1370 0.113454 0.125 22.375 0.415686 0.5 0 0
1380 0.113103 0.125 22.5 0.415686 0.5 0 0
1390 0.113103 0.125 22.5 0.415686 0.5 0 0
1400 0.11318 0.125 22.625 0.415686 0.5 0 0
1410 0.11318 0.125 22.625 0.415686 0.5 0 0
1420 0.113424 0.125 22.75 0.411765 0.5 0 0
1430 0.113424 0.125 22.75 0.407843 0.5 0 0
1440 0.113372 0.125 22.875 0.407843 0.5 0 0
1450 0.113372 0.125 22.875 0.407843 0.5 0 0
1460 0.113039 0.125 23 0.403922 0.5 0 0
1470 0.113039 0.125 23 0.403922 0.5 0 0
1480 0.11242 0.25 23.25 0.403922 0.5 0 0
1490 0.11242 0.25 23.25 0.403922 0.5 0 0
1500 0.113096 0.25 23.5 0.4 0.5 0 0
1510 0.113096 0.25 23.5 0.396078 0.5 0 0
1520 0.113575 0.25 23.75 0.396078 0.5 0 0
1530 0.113575 0.25 23.75 0.392157 0.5 0 0
1540 0.113177 0.25 24 0.392157 0.5 0 0
1550 0.113177 0.25 24 0.392157 0.5 0 0
1560 0.111629 0.25 24.25 0.392157 0.5 0 0
1570 0.111629 0.25 24.25 0.392157 0.5 0 0
1580 0.110874 0.25 24.5 0.392157 0.5 0 0
1590 0.110874 0.25 24.5 0.392157 0.5 0 0
1600 0.110903 0.125 24.625 0.392157 0.5 0 0
1610 0.110903 0.125 24.625 0.392157 0.5 0 0
1620 0.110722 0.125 24.75 0.392157 0.5 0 0
1630 0.110722 0.125 24.75 0.392157 0.5 0 0
1640 0.110638 0.125 24.875 0.392157 0.5 0 0
1650 0.110638 0.125 24.875 0.392157 0.5 0 0
1660 0.110364 0.25 25.125 0.392157 0.5 0 0
1670 0.110364 0.25 25.125 0.392157 0.5 0 0
1680 0.110333 0.25 25.375 0.392157 0.5 0 0
1690 0.110333 0.25 25.375 0.392157 0.5 0 0
1700 0.110251 0.25 25.625 0.392157 0.5 0 0
1710 0.110251 0.25 25.625 0.392157 0.5 0 0
1720 0.110236 0.25 25.875 0.392157 0.5 0 0
1730 0.110236 0.25 25.875 0.392157 0.5 0 0
1740 0.110161 0.25 26.125 0.392157 0.5 0 0
1750 0.110161 0.25 26.125 0.392157 0.5 0 0
1760 0.11016 0.125 26.25 0.392157 0.5 0 0
1770 0.11016 0.125 26.25 0.392157 0.5 0 0
1780 0.110159 0.125 26.375 0.392157 0.5 0 0
1790 0.110159 0.125 26.375 0.392157 0.5 0 0
1800 0.110159 0.125 26.5 0.392157 0.5 0 0
1810 0.110159 0.125 26.5 0.392157 0.5 0 0
1820 0.110159 0.125 26.625 0.392157 0.5 0 0
1830 0.110159 0.125 26.625 0.392157 0.5 0 0
1840 0.110159 0.125 26.75 0.392157 0.5 0 0
1850 0.110159 0.125 26.75 0.392157 0.5 0 0
1860 0.110229 0.125 26.875 0.392157 0.5 0 0
1870 0.110229 0.125 26.875 0.392157 0.5 0 0
1880 0.110841 0.125 27 0.388235 0.5 0 0
1890 0.110841 0.125 27 0.392157 0.5 0 0
1900 0.111193 0.125 27.125 0.392157 0.5 0 0
1910 0.111193 0.125 27.125 0.388235 0.5 0 0
1920 0.112169 0.125 27.25 0.388235 0.5 0 0
1930 0.112169 0.125 27.25 0.388235 0.5 0 0
1940 0.112795 0 27.25 0.392157 0.5 0 0
1950 0.112795 0 27.25 0.392157 0.5 0 0
1960 0.112969 0 27.25 0.392157 0.5 0 0
1970 0.112969 0 27.25 0.392157 0.5 0 0
1980 0.113183 0 27.25 0.388235 0.5 0 0
1990 0.113183 0 27.25 0.384314 0.5 0 0
2000 0.113203 0.125 27.375 0.384314 0.5 0 0
2010 0.113203 0.125 27.375 0.380392 0.5 0 0
2020 0.113102 0.125 27.5 0.380392 0.5 0 0
2030 0.113102 0.125 27.5 0.380392 0.5 0 0
2040 0.112955 0.125 27.625 0.380392 0.5 0 0
2050 0.112955 0.125 27.625 0.380392 0.5 0 0
2060 0.113469 0.125 27.75 0.380392 0.5 0 0
2070 0.113469 0.125 27.75 0.384314 0.5 0 0
2080 0.113808 0.125 27.875 0.384314 0.5 0 0
2090 0.113808 0.125 27.875 0.384314 0.5 0 0
2100 0.113969 0 27.875 0.380392 0.5 0 0
2110 0.113969 0 27.875 0.380392 0.5 0 0
2120 0.113805 0 27.875 0.380392 0.5 0 0
2130 0.113805 0 27.875 0.380392 0.5 0 0
2140 0.113203 0 27.875 0.380392 0.5 0 0
2150 0.113203 0 27.875 0.376471 0.5 0 0
2160 0.112169 0 27.875 0.376471 0.5 0 0
2170 0.112169 0 27.875 0.376471 0.5 0 0
2180 0.111756 0 27.875 0.376471 0.5 0 0
2190 0.111756 0 27.875 0.376471 0.5 0 0
2200 0.111599 0 27.875 0.376471 0.5 0 0
2210 0.111599 0 27.875 0.376471 0.5 0 0
2220 0.111358 0 27.875 0.376471 0.5 0 0
2230 0.111358 0 27.875 0.376471 0.5 0 0
2240 0.111165 0 27.875 0.376471 0.5 0 0
2250 0.111165 0 27.875 0.376471 0.5 0 0
2260 0.11113 0 27.875 0.376471 0.5 0 0
2270 0.11113 0 27.875 0.372549 0.5 0 0
2280 0.11083 0 27.875 0.372549 0.5 0 0
2290 0.11083 0 27.875 0.368627 0.5 0 0
2300 0.109308 0.125 28 0.368627 0.5 0 0
2310 0.109308 0.125 28 0.368627 0.5 0 0
2320 0.107389 0.125 28.125 0.368627 0.5 0 0
2330 0.107389 0.125 28.125 0.368627 0.5 0 0
2340 0.106406 0.125 28.25 0.368627 0.5 0 0
2350 0.106406 0.125 28.25 0.368627 0.5 0 0
2360 0.106481 0.125 28.375 0.368627 0.5 0 0
2370 0.106481 0.125 28.375 0.368627 0.5 0 0
2380 0.106694 0.125 28.5 0.368627 0.5 0 0
2390 0.106694 0.125 28.5 0.368627 0.5 0 0
2400 0.107011 0.125 28.625 0.372549 0.5 0 0
2410 0.107011 0.125 28.625 0.372549 0.5 0 0
2420 0.107241 0 28.625 0.372549 0.5 0 0
2430 0.107241 0 28.625 0.372549 0.5 0 0
2440 0.107287 0 28.625 0.372549 0.5 0 0
2450 0.107287 0 28.625 0.368627 0.5 0 0
2460 0.106935 0 28.625 0.368627 0.5 0 0
2470 0.106935 0 28.625 0.364706 0.5 0 0
2480 0.104791 0 28.625 0.360784 0.5 0 0
2490 0.104791 0 28.625 0.360784 0.5 0 0
2500 0.10246 0 28.625 0.360784 0.5 0 0
2510 0.10246 0 28.625 0.360784 0.5 0 0
2520 0.102694 0 28.625 0.360784 0.5 0 0
2530 0.102694 0 28.625 0.364706 0.5 0 0
2540 0.102824 0 28.625 0.364706 0.5 0 0
2550 0.102824 0 28.625 0.364706 0.5 0 0
2560 0.102659 0 28.625 0.364706 0.5 0 0
2570 0.102659 0 28.625 0.364706 0.5 0 0
2580 0.10314 0 28.625 0.364706 0.5 0 0
2590 0.10314 0 28.625 0.368627 0.5 0 0
2600 0.103398 0 28.625 0.364706 0.5 0 0
2610 0.103398 0 28.625 0.364706 0.5 0 0
2620 0.10339 0 28.625 0.364706 0.5 0 0
2630 0.10339 0 28.625 0.364706 0.5 0 0
2640 0.102972 0 28.625 0.360784 0.5 0 0
2650 0.102972 0 28.625 0.360784 0.5 0 0
2660 0.102212 0 28.625 0.356863 0.5 0 0
2670 0.102212 0 28.625 0.352941 0.5 0 0
2680 0.10099 0 28.625 0.34902 0.5 0 0
2690 0.10099 0 28.625 0.34902 0.5 0 0
2700 0.0997216 0 28.625 0.352941 0.5 0 0
2710 0.0997216 0 28.625 0.34902 0.5 0 0
2720 0.0999252 0 28.625 0.352941 0.5 0 0
2730 0.0999252 0 28.625 0.352941 0.5 0 0
2740 0.0994706 0 28.625 0.352941 0.5 0 0
2750 0.0994706 0 28.625 0.352941 0.5 0 0
2760 0.0981222 0.125 28.75 0.352941 0.5 0 0
2770 0.0981222 0.125 28.75 0.34902 0.5 0 0
2780 0.0969722 0.125 28.875 0.34902 0.5 0 0
2790 0.0969722 0.125 28.875 0.34902 0.5 0 0
2800 0.0966897 0.125 29 0.34902 0.5 0 0
2810 0.0966897 0.125 29 0.34902 0.5 0 0
2820 0.095937 0.125 29.125 0.34902 0.5 0 0
2830 0.095937 0.125 29.125 0.34902 0.5 0 0
2840 0.0958788 0.125 29.25 0.34902 0.5 0 0
2850 0.0958788 0.125 29.25 0.34902 0.5 0 0
2860 0.095886 0.125 29.375 0.34902 0.5 0 0
2870 0.095886 0.125 29.375 0.34902 0.5 0 0
2880 0.0959066 0.125 29.5 0.34902 0.5 0 0
2890 0.0959066 0.125 29.5 0.34902 0.5 0 0
2900 0.0958499 0.125 29.625 0.34902 0.5 0 0
2910 0.0958499 0.125 29.625 0.34902 0.5 0 0
2920 0.0957985 0.125 29.75 0.345098 0.5 0 0
2930 0.0957985 0.125 29.75 0.345098 0.5 0 0
2940 0.0957345 0.125 29.875 0.345098 0.5 0 0
2950 0.0957345 0.125 29.875 0.345098 0.5 0 0
2960 0.0952218 0.125 30 0.345098 0.5 0 0
2970 0.0952218 0.125 30 0.345098 0.5 0 0
2980 0.0943083 0.125 30.125 0.345098 0.5 0 0
2990 0.0943083 0.125 30.125 0.345098 0.5 0 0
3000 0.0941552 0.125 30.25 0.345098 0.5 0 0
3010 0.0941552 0.125 30.25 0.345098 0.5 0 0
3020 0.093578 0.125 30.375 0.345098 0.5 0 0
3030 0.093578 0.125 30.375 0.345098 0.5 0 0
3040 0.0932256 0.25 30.625 0.345098 0.5 0 0
3050 0.0932256 0.25 30.625 0.345098 0.5 0 0
3060 0.0931387 0.3125 30.9375 0.345098 0.5 0 0
3070 0.0931387 0.3125 30.9375 0.345098 0.5 0 0
3080 0.0929033 0.1875 31.125 0.345098 0.5 0 0
3090 0.0929033 0.1875 31.125 0.345098 0.5 0 0
3100 0.0927742 0.1875 31.3125 0.345098 0.5 0 0
3110 0.0927742 0.1875 31.3125 0.341176 0.5 0 0
3120 0.0930139 0.1875 31.5 0.341176 0.5 0 0
3130 0.0930139 0.1875 31.5 0.341176 0.5 0 0
3140 0.0930577 0.125 31.625 0.341176 0.5 0 0
3150 0.0930577 0.125 31.625 0.337255 0.5 0 0
3160 0.0924628 0.125 31.75 0.341176 0.5 0 0
3170 0.0924628 0.125 31.75 0.341176 0.5 0 0
3180 0.0919856 0 31.75 0.337255 0.5 0 0
3190 0.0919856 0 31.75 0.337255 0.5 0 0
3200 0.0927023 0 31.75 0.337255 0.5 0 0
3210 0.0927023 0 31.75 0.341176 0.5 0 0
3220 0.0925304 0 31.75 0.341176 0.5 0 0
3230 0.0925304 0 31.75 0.341176 0.5 0 0
3240 0.0918662 0 31.75 0.333333 0.5 0 0
3250 0.0918662 0 31.75 0.329412 0.5 0 0
3260 0.0907642 0 31.75 0.333333 0.5 0 0
3270 0.0907642 0 31.75 0.337255 0.5 0 0
3280 0.0909417 0 31.75 0.341176 0.5 0 0
3290 0.0909417 0 31.75 0.341176 0.5 0 0
3300 0.0914024 0 31.75 0.341176 0.5 0 0
3310 0.0914024 0 31.75 0.337255 0.5 0 0
3320 0.0908489 0 31.75 0.333333 0.5 0 0
3330 0.0908489 0 31.75 0.333333 0.5 0 0
3340 0.0887374 0 31.75 0.333333 0.5 0 0
3350 0.0887374 0 31.75 0.333333 0.5 0 0
3360 0.0875233 0 31.75 0.333333 0.5 0 0
3370 0.0875233 0 31.75 0.333333 0.5 0 0
3380 0.0876354 0 31.75 0.333333 0.5 0 0
3390 0.0876354 0 31.75 0.333333 0.5 0 0
3400 0.0884329 0 31.75 0.329412 0.5 0 0
3410 0.0884329 0 31.75 0.329412 0.5 0 0
3420 0.0870296 0 31.75 0.329412 0.5 0 0
3430 0.0870296 0 31.75 0.32549 0.5 0 0
3440 0.0862483 0 31.75 0.32549 0.5 0 0
3450 0.0862483 0 31.75 0.32549 0.5 0 0
3460 0.085821 0 31.75 0.321569 0.5 0 0
3470 0.085821 0 31.75 0.321569 0.5 0 0
3480 0.0838408 0 31.75 0.321569 0.5 0 0
3490 0.0838408 0 31.75 0.321569 0.5 0 0
3500 0.0819417 0 31.75 0.321569 0.5 0 0
3510 0.0819417 0 31.75 0.329412 0.5 0 0
3520 0.0821613 0.125 31.875 0.337255 0.5 0 0
3530 0.0821613 0.125 31.875 0.352941 0.5 0 0
3540 0.082429 0.125 32 0.360784 0.5 0 0
3550 0.082429 0.125 32 0.352941 0.5 0 0
3560 0.0824844 0.125 32.125 0.352941 0.5 0 0
3570 0.0824844 0.125 32.125 0.321569 0.5 0 0
3580 0.0817419 0.125 32.25 0.321569 0.5 0 0
3590 0.0817419 0.125 32.25 0.32549 0.5 0 0
3600 0.0810143 0.125 32.375 0.321569 0.5 0 0
3610 0.0810143 0.125 32.375 0.321569 0.5 0 0
3620 0.0797343 0 32.375 0.317647 0.5 0 0
3630 0.0797343 0 32.375 0.313725 0.5 0 0
3640 0.0796497 0 32.375 0.313725 0.5 0 0
3650 0.0796497 0 32.375 0.313725 0.5 0 0
3660 0.0797004 0 32.375 0.321569 0.5 0 0
3670 0.0797004 0 32.375 0.321569 0.5 0 0
3680 0.0808504 0.25 32.625 0.321569 0.5 0 0
3690 0.0808504 0.25 32.625 0.32549 0.5 0 0
3700 0.0816336 0.25 32.875 0.329412 0.5 0 0
3710 0.0816336 0.25 32.875 0.32549 0.5 0 0
3720 0.0817374 0.3125 33.1875 0.32549 0.5 0 0
3730 0.0817374 0.3125 33.1875 0.32549 0.5 0 0
3740 0.081739 0.3125 33.5 0.32549 0.5 0 0
3750 0.081739 0.3125 33.5 0.32549 0.5 0 0
3760 0.0815985 0.3125 33.8125 0.329412 0.5 0 0
3770 0.0815985 0.3125 33.8125 0.32549 0.5 0 0
3780 0.0815985 0.1875 34 0.329412 0.5 0 0
3790 0.0815985 0.1875 34 0.329412 0.5 0 0
3800 0.0815985 0.1875 34.1875 0.329412 0.5 0 0
3810 0.0815985 0.1875 34.1875 0.32549 0.5 0 0
3820 0.0815985 0.1875 34.375 0.32549 0.5 0 0
3830 0.0815985 0.1875 34.375 0.329412 0.5 0 0
3840 0.0815985 0.1875 34.5625 0.32549 0.5 0 0
3850 0.0815985 0.1875 34.5625 0.329412 0.5 0 0
3860 0.0815985 0.3125 34.875 0.32549 0.5 0 0
3870 0.0815985 0.3125 34.875 0.329412 0.5 0 0
3880 0.0815985 0.3125 35.1875 0.329412 0.5 0 0
3890 0.0815985 0.3125 35.1875 0.329412 0.5 0 0
3900 0.0815995 0.3125 35.5 0.32549 0.5 0 0
3910 0.0815995 0.3125 35.5 0.329412 0.5 0 0
3920 0.0815983 0.4375 35.9375 0.329412 0.5 0 0
3930 0.0815983 0.4375 35.9375 0.32549 0.5 0 0
3940 0.081598 0.4375 36.375 0.32549 0.5 0 0
3950 0.081598 0.4375 36.375 0.32549 0.5 0 0
3960 0.081598 0.4375 36.8125 0.32549 0.5 0 0
3970 0.081598 0.4375 36.8125 0.321569 0.5 0 0
3980 0.081598 0.4375 37.25 0.32549 0.5 0 0
3990 0.081598 0.4375 37.25 0.32549 0.5 0 0
4000 0.081598 0.4375 37.6875 0.32549 0.5 0 0
4010 0.081598 0.4375 37.6875 0.32549 0.5 0 0
4020 0.081598 0.375 38.0625 0.329412 0.5 0 0
4030 0.081598 0.375 38.0625 0.32549 0.5 0 0
4040 0.081598 0.375 38.4375 0.329412 0.5 0 0
4050 0.081598 0.375 38.4375 0.32549 0.5 0 0
4060 0.081598 0.25 38.6875 0.329412 0.5 0 0
4070 0.081598 0.25 38.6875 0.32549 0.5 0 0
4080 0.081598 0.25 38.9375 0.32549 0.5 0 0
4090 0.081598 0.25 38.9375 0.32549 0.5 0 0
4100 0.081598 0.25 39.1875 0.329412 0.5 0 0
4110 0.081598 0.25 39.1875 0.329412 0.5 0 0
4120 0.081598 0.125 39.3125 0.329412 0.5 0 0
4130 0.081598 0.125 39.3125 0.329412 0.5 0 0
4140 0.081598 0.125 39.4375 0.32549 0.5 0 0
4150 0.081598 0.125 39.4375 0.329412 0.5 0 0
4160 0.081598 0.125 39.5625 0.32549 0.5 0 0
4170 0.081598 0.125 39.5625 0.32549 0.5 0 0
4180 0.081598 0.3125 39.875 0.329412 0.5 0 0
4190 0.081598 0.3125 39.875 0.329412 0.5 0 0
4200 0.081598 0.375 40.25 0.329412 0.5 0 0
4210 0.081598 0.375 40.25 0.32549 0.5 0 0
4220 0.081598 0.375 40.625 0.329412 0.5 0 0
4230 0.081598 0.375 40.625 0.329412 0.5 0 0
4240 0.081598 0.375 41 0.32549 0.5 0 0
4250 0.081598 0.375 41 0.32549 0.5 0 0
4260 0.081598 0.5 41.5 0.329412 0.5 0 0
4270 0.081598 0.5 41.5 0.329412 0.5 0 0
4280 0.081598 0.4375 41.9375 0.32549 0.5 0 0
4290 0.081598 0.4375 41.9375 0.329412 0.5 0 0
4300 0.0814357 0.5 42.4375 0.329412 0.5 0 0
4310 0.0814357 0.5 42.4375 0.329412 0.5 0 0
4320 0.0814163 0.5 42.9375 0.32549 0.5 0 0
4330 0.0814163 0.5 42.9375 0.329412 0.5 0 0
4340 0.0814302 0.5 43.4375 0.329412 0.5 0 0
4350 0.0814302 0.5 43.4375 0.329412 0.5 0 0
4360 0.0814391 0.5 43.9375 0.329412 0.5 0 0
4370 0.0814391 0.5 43.9375 0.32549 0.5 0 0
4380 0.081453 0.4375 44.375 0.329412 0.5 0 0
4390 0.081453 0.4375 44.375 0.32549 0.5 0 0
4400 0.0814565 0.4375 44.8125 0.329412 0.5 0 0
4410 0.0814565 0.4375 44.8125 0.32549 0.5 0 0
4420 0.0814637 0.375 45.1875 0.329412 0.5 0 0
4430 0.0814637 0.375 45.1875 0.32549 0.5 0 0
4440 0.0814642 0.375 45.5625 0.32549 0.5 0 0
4450 0.0814642 0.375 45.5625 0.329412 0.5 0 0
4460 0.0814651 0.375 45.9375 0.32549 0.5 0 0
4470 0.0814651 0.375 45.9375 0.333333 0.5 0 0
4480 0.0814701 0.4375 46.375 0.329412 0.5 0 0
4490 0.0814701 0.4375 46.375 0.333333 0.5 0 0
4500 0.0814733 0.1875 46.5625 0.329412 0.5 0 0
4510 0.0814733 0.1875 46.5625 0.333333 0.5 0 0
4520 0.0814763 0.3125 46.875 0.333333 0.5 0 0
4530 0.0814763 0.3125 46.875 0.329412 0.5 0 0
4540 0.0814724 0.4375 47.3125 0.333333 0.5 0 0
4550 0.0814724 0.4375 47.3125 0.329412 0.5 0 0
4560 0.0814171 0.625 47.9375 0.329412 0.5 0 0
4570 0.0814171 0.625 47.9375 0.333333 0.5 0 0
4580 0.0813989 0.625 48.5625 0.329412 0.5 0 0
4590 0.0813989 0.625 48.5625 0.329412 0.5 0 0
4600 0.081399 0.625 49.1875 0.329412 0.5 0 0
4610 0.081399 0.625 49.1875 0.333333 0.5 0 0
4620 0.081399 0.625 49.8125 0.329412 0.5 0 0
4630 0.081399 0.625 49.8125 0.333333 0.5 0 0
4640 0.081399 0.625 50.4375 0.329412 0.5 0 0
4650 0.081399 0.625 50.4375 0.329412 0.5 0 0
4660 0.081399 0.625 51.0625 0.333333 0.5 0 0
4670 0.081399 0.625 51.0625 0.329412 0.5 0 0
4680 0.0814039 0.4375 51.5 0.333333 0.5 0 0
4690 0.0814039 0.4375 51.5 0.329412 0.5 0 0
4700 0.0814179 0.5625 52.0625 0.32549 0.5 0 0
4710 0.0814179 0.5625 52.0625 0.329412 0.5 0 0
4720 0.0814305 0.5625 52.625 0.329412 0.5 0 0
4730 0.0814305 0.5625 52.625 0.329412 0.5 0 0
4740 0.0814396 0.625 53.25 0.333333 0.5 0 0
4750 0.0814396 0.625 53.25 0.333333 0.5 0 0
4760 0.0814477 0.625 53.875 0.329412 0.5 0 0
4770 0.0814477 0.625 53.875 0.333333 0.5 0 0
4780 0.0814812 0.625 54.5 0.333333 0.5 0 0
4790 0.0814812 0.625 54.5 0.329412 0.5 0 0
4800 0.0816019 0.625 55.125 0.329412 0.5 0 0
4810 0.0816019 0.625 55.125 0.333333 0.5 0 0
4820 0.0817201 0.5625 55.6875 0.329412 0.5 0 0
4830 0.0817201 0.5625 55.6875 0.333333 0.5 0 0
4840 0.0818248 0.5625 56.25 0.333333 0.5 0 0
4850 0.0818248 0.5625 56.25 0.333333 0.5 0 0
4860 0.081917 0.5625 56.8125 0.333333 0.5 0 0
4870 0.081917 0.5625 56.8125 0.333333 0.5 0 0
4880 0.0819967 0.5 57.3125 0.333333 0.5 0 0
4890 0.0819967 0.5 57.3125 0.337255 0.5 0 0
4900 0.0820594 0.5625 57.875 0.333333 0.5 0 0
4910 0.0820594 0.5625 57.875 0.333333 0.5 0 0
4920 0.0820996 0.625 58.5 0.333333 0.5 0 0
4930 0.0820996 0.625 58.5 0.333333 0.5 0 0
4940 0.0821268 0.625 59.125 0.337255 0.5 0 0
4950 0.0821268 0.625 59.125 0.333333 0.5 0 0
4960 0.0821334 0.6875 59.8125 0.333333 0.5 0 0
4970 0.0821334 0.6875 59.8125 0.333333 0.5 0 0
4980 0.0821319 0.5 60.3125 0.337255 0.5 0 0
4990 0.0821319 0.5 60.3125 0.329412 0.5 0 0
5000 0.0821305 0.5 60.8125 0.333333 0.5 0 0
5010 0.0821305 0.5 60.8125 0.333333 0.5 0 0
5020 0.0821305 0.5 61.3125 0.337255 0.5 0 0
5030 0.0821305 0.5 61.3125 0.333333 0.5 0 0
5040 0.0821305 0.4375 61.75 0.337255 0.5 0 0
5050 0.0821305 0.4375 61.75 0.333333 0.5 0 0
5060 0.0821305 0.625 62.375 0.337255 0.5 0 0
5070 0.0821305 0.625 62.375 0.333333 0.5 0 0
5080 0.0821305 0.6875 63.0625 0.337255 0.5 0 0
5090 0.0821305 0.6875 63.0625 0.333333 0.5 0 0
5100 0.0821298 0.6875 63.75 0.333333 0.5 0 0
5110 0.0821298 0.6875 63.75 0.333333 0.5 0 0
5120 0.0821282 0.6875 64.4375 0.333333 0.5 0 0
5130 0.0821282 0.6875 64.4375 0.337255 0.5 0 0
5140 0.0821273 0.6875 65.125 0.333333 0.5 0 0
5150 0.0821273 0.6875 65.125 0.333333 0.5 0 0
5160 0.0821256 0.625 65.75 0.333333 0.5 0 0
5170 0.0821256 0.625 65.75 0.333333 0.5 0 0
5180 0.0821227 0.625 66.375 0.333333 0.5 0 0
5190 0.0821227 0.625 66.375 0.329412 0.5 0 0
5200 0.0821176 0.625 67 0.333333 0.5 0 0
5210 0.0821176 0.625 67 0.333333 0.5 0 0
5220 0.082115 0.5625 67.5625 0.333333 0.5 0 0
5230 0.082115 0.5625 67.5625 0.337255 0.5 0 0
5240 0.0821135 0.5 68.0625 0.337255 0.5 0 0
5250 0.0821135 0.5 68.0625 0.337255 0.5 0 0
5260 0.0821113 0.625 68.6875 0.337255 0.5 0 0
5270 0.0821113 0.625 68.6875 0.333333 0.5 0 0
5280 0.0821105 0.6875 69.375 0.337255 0.5 0 0
5290 0.0821105 0.6875 69.375 0.333333 0.5 0 0
5300 0.082107 0.75 70.125 0.333333 0.5 0 0
5310 0.082107 0.75 70.125 0.333333 0.5 0 0
5320 0.0821045 0.75 70.875 0.333333 0.5 0 0
5330 0.0821045 0.75 70.875 0.337255 0.5 0 0
5340 0.0821027 0.75 71.625 0.337255 0.5 0 0
5350 0.0821027 0.75 71.625 0.333333 0.5 0 0
5360 0.0821024 0.75 72.375 0.333333 0.5 0 0
5370 0.0821024 0.75 72.375 0.333333 0.5 0 0
5380 0.0821017 0.75 73.125 0.329412 0.5 0 0
5390 0.0821017 0.75 73.125 0.333333 0.5 0 0
5400 0.0820112 0.75 73.875 0.329412 0.5 0 0
5410 0.0820112 0.75 73.875 0.333333 0.5 0 0
5420 0.082004 0.5625 74.4375 0.337255 0.5 0 0
5430 0.082004 0.5625 74.4375 0.333333 0.5 0 0
5440 0.0820002 0.6875 75.125 0.333333 0.5 0 0
5450 0.0820002 0.6875 75.125 0.337255 0.5 0 0
5460 0.0819984 0.6875 75.8125 0.337255 0.5 0 0
5470 0.0819984 0.6875 75.8125 0.337255 0.5 0 0
5480 0.0819984 0.75 76.5625 0.337255 0.5 0 0
5490 0.0819984 0.75 76.5625 0.329412 0.5 0 0
5500 0.0819984 0.75 77.3125 0.337255 0.5 0 0
5510 0.0819984 0.75 77.3125 0.337255 0.5 0 0
5520 0.0819984 0.75 78.0625 0.333333 0.5 0 0
5530 0.0819984 0.75 78.0625 0.337255 0.5 0 0
5540 0.0819984 0.75 78.8125 0.337255 0.5 0 0
5550 0.0819984 0.75 78.8125 0.333333 0.5 0 0
5560 0.0819984 0.6875 79.5 0.333333 0.5 0 0
5570 0.0819984 0.6875 79.5 0.337255 0.5 0 0
5580 0.0819984 0.6875 80.1875 0.333333 0.5 0 0
5590 0.0819984 0.6875 80.1875 0.333333 0.5 0 0
5600 0.0819984 0.625 80.8125 0.337255 0.5 0 0
5610 0.0819984 0.625 80.8125 0.337255 0.5 0 0
5620 0.0819984 0.5 81.3125 0.337255 0.5 0 0
5630 0.0819984 0.5 81.3125 0.333333 0.5 0 0
5640 0.0819984 0.5 81.8125 0.333333 0.5 0 0
5650 0.0819984 0.5 81.8125 0.333333 0.5 0 0
5660 0.0819984 0.625 82.4375 0.333333 0.5 0 0
5670 0.0819984 0.625 82.4375 0.337255 0.5 0 0
5680 0.0821001 0.6875 83.125 0.337255 0.5 0 0
5690 0.0821001 0.6875 83.125 0.337255 0.5 0 0
5700 0.0821001 0.75 83.875 0.337255 0.5 0 0
5710 0.0821001 0.75 83.875 0.333333 0.5 0 0
5720 0.0821001 0.75 84.625 0.333333 0.5 0 0
5730 0.0821001 0.75 84.625 0.337255 0.5 0 0
5740 0.0821001 0.75 85.375 0.333333 0.5 0 0
5750 0.0821001 0.75 85.375 0.337255 0.5 0 0
5760 0.0821001 0.75 86.125 0.333333 0.5 0 0
5770 0.0821001 0.75 86.125 0.337255 0.5 0 0
5780 0.0821001 0.75 86.875 0.337255 0.5 0 0
5790 0.0821001 0.75 86.875 0.337255 0.5 0 0
5800 0.0821508 0.5625 87.4375 0.337255 0.5 0 0
5810 0.0821508 0.5625 87.4375 0.337255 0.5 0 0
5820 0.0822474 0.5 87.9375 0.337255 0.5 0 0
5830 0.0822474 0.5 87.9375 0.337255 0.5 0 0
5840 0.0822474 0.5 88.4375 0.333333 0.5 0 0
5850 0.0822474 0.5 88.4375 0.333333 0.5 0 0
5860 0.082252 0.625 89.0625 0.337255 0.5 0 0
5870 0.082252 0.625 89.0625 0.337255 0.5 0 0
5880 0.082253 0.625 89.6875 0.337255 0.5 0 0
5890 0.082253 0.625 89.6875 0.337255 0.5 0 0
5900 0.082253 0.625 90.3125 0.337255 0.5 0 0
5910 0.082253 0.625 90.3125 0.337255 0.5 0 0
5920 0.082253 0.625 90.9375 0.337255 0.5 0 0
5930 0.082253 0.625 90.9375 0.333333 0.5 0 0
5940 0.082253 0.6875 91.625 0.337255 0.5 0 0
5950 0.082253 0.6875 91.625 0.333333 0.5 0 0
5960 0.0821686 0.6875 92.3125 0.341176 0.5 0 0
5970 0.0821686 0.6875 92.3125 0.337255 0.5 0 0
5980 0.0821686 0.6875 93 0.337255 0.5 0 0
5990 0.0821686 0.6875 93 0.333333 0.5 0 0
6000 0.0821892 0.6875 93.6875 0.337255 0.5 0 0
6010 0.0821892 0.6875 93.6875 0.341176 0.5 0 0
6020 0.0822082 0.6875 94.375 0.337255 0.5 0 0
6030 0.0822082 0.6875 94.375 0.337255 0.5 0 0
6040 0.082214 0.5625 94.9375 0.341176 0.5 0 0
6050 0.082214 0.5625 94.9375 0.333333 0.5 0 0
6060 0.082214 0.5 95.4375 0.337255 0.5 0 0
6070 0.082214 0.5 95.4375 0.333333 0.5 0 0
6080 0.0822139 0.5 95.9375 0.337255 0.5 0 0
6090 0.0822139 0.5 95.9375 0.337255 0.5 0 0
6100 0.0822137 0.5 96.4375 0.337255 0.5 0 0
6110 0.0822137 0.5 96.4375 0.337255 0.5 0 0
6120 0.0822137 0.5 96.9375 0.337255 0.5 0 0
6130 0.0822137 0.5 96.9375 0.337255 0.5 0 0
6140 0.0822137 0.625 97.5625 0.337255 0.5 0 0
6150 0.0822137 0.625 97.5625 0.337255 0.5 0 0
6160 0.0822137 0.625 98.1875 0.337255 0.5 0 0
6170 0.0822137 0.625 98.1875 0.333333 0.5 0 0
6180 0.0822137 0.5625 98.75 0.337255 0.5 0 0
6190 0.0822137 0.5625 98.75 0.333333 0.5 0 0
6200 0.0822137 0.5 99.25 0.337255 0.5 0 0
6210 0.0822137 0.5 99.25 0.337255 0.5 0 0
6220 0.0822137 0.5 99.75 0.337255 0.5 0 0
6230 0.0822137 0.5 99.75 0.333333 0.5 0 0
6240 0.0822137 0.625 100.375 0.337255 0.5 0 0
6250 0.0822137 0.625 100.375 0.333333 0.5 0 0
6260 0.0822137 0.625 101 0.337255 0.5 0 0
6270 0.0822137 0.625 101 0.333333 0.5 0 0
6280 0.0822137 0.625 101.625 0.337255 0.5 0 0
6290 0.0822137 0.625 101.625 0.337255 0.5 0 0
6300 0.0822137 0.5625 102.188 0.333333 0.5 0 0
6310 0.0822137 0.5625 102.188 0.333333 0.5 0 0
6320 0.0822137 0.625 102.812 0.337255 0.5 0 0
6330 0.0822137 0.625 102.812 0.337255 0.5 0 0
6340 0.0822137 0.6875 103.5 0.333333 0.5 0 0
6350 0.0822137 0.6875 103.5 0.337255 0.5 0 0
6360 0.0822137 0.6875 104.188 0.337255 0.5 0 0
6370 0.0822137 0.6875 104.188 0.333333 0.5 0 0
6380 0.0822137 0.6875 104.875 0.337255 0.5 0 0
6390 0.0822137 0.6875 104.875 0.337255 0.5 0 0
6400 0.0822137 0.6875 105.562 0.337255 0.5 0 0
6410 0.0822137 0.6875 105.562 0.337255 0.5 0 0
6420 0.0821781 0.6875 106.25 0.333333 0.5 0 0
6430 0.0821781 0.6875 106.25 0.341176 0.5 0 0
6440 0.0821167 0.625 106.875 0.333333 0.5 0 0
6450 0.0821167 0.625 106.875 0.341176 0.5 0 0
6460 0.0815305 0.5625 107.438 0.341176 0.5 0 0
6470 0.0815305 0.5625 107.438 0.341176 0.5 0 0
6480 0.0810802 0.5625 108 0.356863 0.5 0 0
6490 0.0810802 0.5625 108 0.356863 0.5 0 0
6500 0.0806427 0.625 108.625 0.341176 0.5 0 0
6510 0.0806427 0.625 108.625 0.321569 0.5 0 0
6520 0.078902 0.6875 109.312 0.309804 0.5 0 0
6530 0.078902 0.6875 109.312 0.313725 0.5 0 0
6540 0.0779751 0.6875 110 0.313725 0.5 0 0
6550 0.0779751 0.6875 110 0.313725 0.5 0 0
6560 0.0779332 0.6875 110.688 0.313725 0.5 0 0
6570 0.0779332 0.6875 110.688 0.313725 0.5 0 0
6580 0.0776088 0.6875 111.375 0.313725 0.5 0 0
6590 0.0776088 0.6875 111.375 0.313725 0.5 0 0
6600 0.0775401 0.6875 112.062 0.313725 0.5 0 0
6610 0.0775401 0.6875 112.062 0.313725 0.5 0 0
6620 0.0773766 0.6875 112.75 0.313725 0.5 0 0
6630 0.0773766 0.6875 112.75 0.313725 0.5 0 0
6640 0.0773735 0.5625 113.312 0.313725 0.5 0 0
6650 0.0773735 0.5625 113.312 0.313725 0.5 0 0
6660 0.0773355 0.4375 113.75 0.313725 0.5 0 0
6670 0.0773355 0.4375 113.75 0.313725 0.5 0 0
6680 0.0773133 0.5625 114.312 0.313725 0.5 0 0
6690 0.0773133 0.5625 114.312 0.313725 0.5 0 0
6700 0.0772948 0.5625 114.875 0.313725 0.5 0 0
6710 0.0772948 0.5625 114.875 0.313725 0.5 0 0
6720 0.0772938 0.5625 115.438 0.313725 0.5 0 0
6730 0.0772938 0.5625 115.438 0.313725 0.5 0 0
6740 0.0773061 0.5625 116 0.313725 0.5 0 0
6750 0.0773061 0.5625 116 0.313725 0.5 0 0
6760 0.0773292 0.5625 116.562 0.317647 0.5 0 0
6770 0.0773292 0.5625 116.562 0.313725 0.5 0 0
6780 0.0773613 0.4375 117 0.313725 0.5 0 0
6790 0.0773613 0.4375 117 0.313725 0.5 0 0
6800 0.0773697 0.4375 117.438 0.313725 0.5 0 0
6810 0.0773697 0.4375 117.438 0.313725 0.5 0 0
6820 0.0773822 0.5625 118 0.313725 0.5 0 0
6830 0.0773822 0.5625 118 0.313725 0.5 0 0
6840 0.0773669 0.75 118.75 0.313725 0.5 0 0
6850 0.0773669 0.75 118.75 0.313725 0.5 0 0
6860 0.077384 0.75 119.5 0.313725 0.5 0 0
6870 0.077384 0.75 119.5 0.313725 0.5 0 0
6880 0.0773773 0.75 120.25 0.313725 0.5 0 0
6890 0.0773773 0.75 120.25 0.313725 0.5 0 0
6900 0.0773271 0.75 121 0.313725 0.5 0 0
6910 0.0773271 0.75 121 0.313725 0.5 0 0
6920 0.0772803 0.75 121.75 0.313725 0.5 0 0
6930 0.0772803 0.75 121.75 0.313725 0.5 0 0
6940 0.0772106 0.6875 122.438 0.313725 0.5 0 0
6950 0.0772106 0.6875 122.438 0.313725 0.5 0 0
6960 0.0771187 0.625 123.062 0.313725 0.5 0 0
6970 0.0771187 0.625 123.062 0.313725 0.5 0 0
6980 0.0770316 0.6875 123.75 0.313725 0.5 0 0
6990 0.0770316 0.6875 123.75 0.317647 0.5 0 0
7000 0.0770597 0.6875 124.438 0.313725 0.5 0 0
7010 0.0770597 0.6875 124.438 0.313725 0.5 0 0
7020 0.0770571 0.6875 125.125 0.317647 0.5 0 0
7030 0.0770571 0.6875 125.125 0.313725 0.5 0 0
7040 0.0770654 0.6875 125.812 0.313725 0.5 0 0
7050 0.0770654 0.6875 125.812 0.313725 0.5 0 0
7060 0.0770796 0.6875 126.5 0.313725 0.5 0 0
7070 0.0770796 0.6875 126.5 0.313725 0.5 0 0
7080 0.0770354 0.8125 127.312 0.313725 0.5 0 0
7090 0.0770354 0.8125 127.312 0.313725 0.5 0 0
7100 0.0769919 0.8125 128.125 0.313725 0.5 0 0
7110 0.0769919 0.8125 128.125 0.313725 0.5 0 0
7120 0.0770141 0.8125 128.938 0.313725 0.5 0 0
7130 0.0770141 0.8125 128.938 0.313725 0.5 0 0
7140 0.0770465 0.8125 129.75 0.313725 0.5 0 0
7150 0.0770465 0.8125 129.75 0.313725 0.5 0 0
7160 0.0770745 0.8125 130.562 0.313725 0.5 0 0
7170 0.0770745 0.8125 130.562 0.317647 0.5 0 0
7180 0.0770948 0.75 131.312 0.313725 0.5 0 0
7190 0.0770948 0.75 131.312 0.313725 0.5 0 0
7200 0.0771174 0.5 131.812 0.313725 0.5 0 0
7210 0.0771174 0.5 131.812 0.313725 0.5 0 0
7220 0.0771435 0.625 132.438 0.313725 0.5 0 0
7230 0.0771435 0.625 132.438 0.313725 0.5 0 0
7240 0.0771756 0.6875 133.125 0.313725 0.5 0 0
7250 0.0771756 0.6875 133.125 0.313725 0.5 0 0
7260 0.0772137 0.6875 133.812 0.317647 0.5 0 0
7270 0.0772137 0.6875 133.812 0.313725 0.5 0 0
7280 0.0772513 0.75 134.562 0.313725 0.5 0 0
7290 0.0772513 0.75 134.562 0.313725 0.5 0 0
7300 0.0772865 0.8125 135.375 0.317647 0.5 0 0
7310 0.0772865 0.8125 135.375 0.313725 0.5 0 0
7320 0.0773057 0.875 136.25 0.317647 0.5 0 0
7330 0.0773057 0.875 136.25 0.313725 0.5 0 0
7340 0.0773177 0.875 137.125 0.313725 0.5 0 0
7350 0.0773177 0.875 137.125 0.313725 0.5 0 0
7360 0.0773225 0.875 138 0.317647 0.5 0 0
7370 0.0773225 0.875 138 0.317647 0.5 0 0
7380 0.0773225 0.875 138.875 0.317647 0.5 0 0
7390 0.0773225 0.875 138.875 0.313725 0.5 0 0
7400 0.0773249 0.8125 139.688 0.313725 0.5 0 0
7410 0.0773249 0.8125 139.688 0.317647 0.5 0 0
7420 0.0773249 0.8125 140.5 0.313725 0.5 0 0
7430 0.0773249 0.8125 140.5 0.313725 0.5 0 0
7440 0.0773249 0.75 141.25 0.317647 0.5 0 0
7450 0.0773249 0.75 141.25 0.317647 0.5 0 0
7460 0.0773249 0.75 142 0.313725 0.5 0 0
7470 0.0773249 0.75 142 0.317647 0.5 0 0
7480 0.0773249 0.8125 142.812 0.313725 0.5 0 0
7490 0.0773249 0.8125 142.812 0.317647 0.5 0 0
7500 0.0773225 0.75 143.562 0.313725 0.5 0 0
7510 0.0773225 0.75 143.562 0.317647 0.5 0 0
7520 0.0773225 0.75 144.312 0.317647 0.5 0 0
7530 0.0773225 0.75 144.312 0.317647 0.5 0 0
7540 0.0773225 0.8125 145.125 0.317647 0.5 0 0
7550 0.0773225 0.8125 145.125 0.317647 0.5 0 0
7560 0.0773225 0.8125 145.938 0.317647 0.5 0 0
7570 0.0773225 0.8125 145.938 0.313725 0.5 0 0
7580 0.0773225 0.8125 146.75 0.317647 0.5 0 0
7590 0.0773225 0.8125 146.75 0.317647 0.5 0 0
7600 0.077327 0.8125 147.562 0.313725 0.5 0 0
7610 0.077327 0.8125 147.562 0.317647 0.5 0 0
7620 0.0773469 0.8125 148.375 0.313725 0.5 0 0
7630 0.0773469 0.8125 148.375 0.317647 0.5 0 0
7640 0.077365 0.75 149.125 0.313725 0.5 0 0
7650 0.077365 0.75 149.125 0.317647 0.5 0 0
7660 0.0773761 0.8125 149.938 0.317647 0.5 0 0
7670 0.0773761 0.8125 149.938 0.317647 0.5 0 0
7680 0.0773557 0.75 150.688 0.317647 0.5 0 0
7690 0.0773557 0.75 150.688 0.317647 0.5 0 0
7700 0.077379 0.8125 151.5 0.317647 0.5 0 0
7710 0.077379 0.8125 151.5 0.317647 0.5 0 0
7720 0.0773997 0.75 152.25 0.317647 0.5 0 0
7730 0.0773997 0.75 152.25 0.317647 0.5 0 0
7740 0.0774191 0.75 153 0.317647 0.5 0 0
7750 0.0774191 0.75 153 0.317647 0.5 0 0
7760 0.0774367 0.6875 153.688 0.317647 0.5 0 0
7770 0.0774367 0.6875 153.688 0.317647 0.5 0 0
7780 0.0774465 0.75 154.438 0.317647 0.5 0 0
7790 0.0774465 0.75 154.438 0.317647 0.5 0 0
7800 0.0774567 0.75 155.188 0.317647 0.5 0 0
7810 0.0774567 0.75 155.188 0.313725 0.5 0 0
7820 0.0774144 0.6875 155.875 0.317647 0.5 0 0
7830 0.0774144 0.6875 155.875 0.317647 0.5 0 0
7840 0.0771286 0.625 156.5 0.321569 0.5 0 0
7850 0.0771286 0.625 156.5 0.321569 0.5 0 0
7860 0.0769736 0.6875 157.188 0.32549 0.5 0 0
7870 0.0769736 0.6875 157.188 0.321569 0.5 0 0
7880 0.0764931 0.6875 157.875 0.321569 0.5 0 0
7890 0.0764931 0.6875 157.875 0.309804 0.5 0 0
7900 0.0755611 0.75 158.625 0.305882 0.5 0 0
7910 0.0755611 0.75 158.625 0.301961 0.5 0 0
7920 0.0744044 0.8125 159.438 0.298039 0.5 0 0
7930 0.0744044 0.8125 159.438 0.298039 0.5 0 0
7940 0.0736314 0.875 160.312 0.298039 0.5 0 0
7950 0.0736314 0.875 160.312 0.298039 0.5 0 0
7960 0.0734578 0.9375 161.25 0.301961 0.5 0 0
7970 0.0734578 0.9375 161.25 0.298039 0.5 0 0
7980 0.0729228 0.9375 162.188 0.298039 0.5 0 0
7990 0.0729228 0.9375 162.188 0.298039 0.5 0 0
8000 0.0722291 0.9375 163.125 0.298039 0.5 0 0
8010 0.0722291 0.9375 163.125 0.298039 0.5 0 0
8020 0.0718669 0.9375 164.062 0.298039 0.5 0 0
8030 0.0718669 0.9375 164.062 0.298039 0.5 0 0
8040 0.0714678 0.8125 164.875 0.298039 0.5 0 0
8050 0.0714678 0.8125 164.875 0.298039 0.5 0 0
8060 0.0710227 0.875 165.75 0.298039 0.5 0 0
8070 0.0710227 0.875 165.75 0.298039 0.5 0 0
8080 0.0714798 0.625 166.375 0.298039 0.5 0 0
8090 0.0714798 0.625 166.375 0.298039 0.5 0 0
8100 0.0718727 0.75 167.125 0.298039 0.5 0 0
8110 0.0718727 0.75 167.125 0.301961 0.5 0 0
8120 0.072514 0.75 167.875 0.309804 0.5 0 0
8130 0.072514 0.75 167.875 0.313725 0.5 0 0
8140 0.0730869 0.8125 168.688 0.321569 0.5 0 0
8150 0.0730869 0.8125 168.688 0.32549 0.5 0 0
8160 0.0730501 0.8125 169.5 0.32549 0.5 0 0
8170 0.0730501 0.8125 169.5 0.321569 0.5 0 0
8180 0.0724706 0.8125 170.312 0.317647 0.5 0 0
8190 0.0724706 0.8125 170.312 0.317647 0.5 0 0
8200 0.0718419 0.6875 171 0.313725 0.5 0 0
8210 0.0718419 0.6875 171 0.309804 0.5 0 0
8220 0.0713736 0.6875 171.688 0.294118 0.5 0 0
8230 0.0713736 0.6875 171.688 0.290196 0.5 0 0
8240 0.070524 0.5625 172.25 0.290196 0.5 0 0
8250 0.070524 0.5625 172.25 0.313725 0.5 0 0
8260 0.0700879 0.5625 172.812 0.337255 0.5 0 0
8270 0.0700879 0.5625 172.812 0.352941 0.5 0 0
8280 0.0692698 0.5 173.312 0.305882 0.5 0 0
8290 0.0692698 0.5 173.312 0.290196 0.5 0 0
8300 0.0684285 0.6875 174 0.290196 0.5 0 0
8310 0.0684285 0.6875 174 0.290196 0.5 0 0
8320 0.0674023 0.75 174.75 0.290196 0.5 0 0
8330 0.0674023 0.75 174.75 0.290196 0.5 0 0
8340 0.0669561 0.75 175.5 0.290196 0.5 0 0
8350 0.0669561 0.75 175.5 0.290196 0.5 0 0
8360 0.066719 0.75 176.25 0.290196 0.5 0 0
8370 0.066719 0.75 176.25 0.290196 0.5 0 0
8380 0.0667061 0.75 177 0.290196 0.5 0 0
8390 0.0667061 0.75 177 0.290196 0.5 0 0
8400 0.0667061 0.75 177.75 0.290196 0.5 0 0
8410 0.0667061 0.75 177.75 0.290196 0.5 0 0
8420 0.0667716 0.75 178.5 0.290196 0.5 0 0
8430 0.0667716 0.75 178.5 0.290196 0.5 0 0
8440 0.0667283 0.6875 179.188 0.286275 0.5 0 0
8450 0.0667283 0.6875 179.188 0.278431 0.5 0 0
8460 0.0664695 0.6875 179.875 0.278431 0.5 0 0
8470 0.0664695 0.6875 179.875 0.282353 0.5 0 0
8480 0.0659634 0.75 180.625 0.278431 0.5 0 0
8490 0.0659634 0.75 180.625 0.282353 0.5 0 0
8500 0.0651607 0.6875 181.312 0.282353 0.5 0 0
8510 0.0651607 0.6875 181.312 0.282353 0.5 0 0
8520 0.0649035 0.6875 182 0.286275 0.5 0 0
8530 0.0649035 0.6875 182 0.286275 0.5 0 0
8540 0.0646763 0.5 182.5 0.290196 0.5 0 0
8550 0.0646763 0.5 182.5 0.290196 0.5 0 0
8560 0.0643407 0.625 183.125 0.294118 0.5 0 0
8570 0.0643407 0.625 183.125 0.290196 0.5 0 0
8580 0.0640143 0.625 183.75 0.290196 0.5 0 0
8590 0.0640143 0.625 183.75 0.294118 0.5 0 0
8600 0.0639624 0.6875 184.438 0.282353 0.5 0 0
8610 0.0639624 0.6875 184.438 0.286275 0.5 0 0
8620 0.0639584 0.5625 185 0.282353 0.5 0 0
8630 0.0639584 0.5625 185 0.294118 0.5 0 0
8640 0.0639496 0.6875 185.688 0.286275 0.5 0 0
8650 0.0639496 0.6875 185.688 0.286275 0.5 0 0
8660 0.0638098 0.6875 186.375 0.298039 0.5 0 0
8670 0.0638098 0.6875 186.375 0.294118 0.5 0 0
8680 0.0638134 0.6875 187.062 0.294118 0.5 0 0
8690 0.0638134 0.6875 187.062 0.286275 0.5 0 0
8700 0.0638134 0.75 187.812 0.282353 0.5 0 0
8710 0.0638134 0.75 187.812 0.290196 0.5 0 0
8720 0.0638134 0.625 188.438 0.282353 0.5 0 0
8730 0.0638134 0.625 188.438 0.298039 0.5 0 0
8740 0.0638134 0.75 189.188 0.294118 0.5 0 0
8750 0.0638134 0.75 189.188 0.294118 0.5 0 0
8760 0.0638134 0.75 189.938 0.278431 0.5 0 0
8770 0.0638134 0.75 189.938 0.294118 0.5 0 0
8780 0.0638237 0.625 190.562 0.294118 0.5 0 0
8790 0.0638237 0.625 190.562 0.294118 0.5 0 0
8800 0.0638559 0.625 191.188 0.294118 0.5 0 0
8810 0.0638559 0.625 191.188 0.298039 0.5 0 0
8820 0.0638598 0.625 191.812 0.290196 0.5 0 0
8830 0.0638598 0.625 191.812 0.290196 0.5 0 0
8840 0.0638598 0.75 192.562 0.286275 0.5 0 0
8850 0.0638598 0.75 192.562 0.298039 0.5 0 0
8860 0.0638598 0.6875 193.25 0.294118 0.5 0 0
8870 0.0638598 0.6875 193.25 0.301961 0.5 0 0
8880 0.0638598 0.6875 193.938 0.298039 0.5 0 0
8890 0.0638598 0.6875 193.938 0.278431 0.5 0 0
8900 0.0638598 0.75 194.688 0.286275 0.5 0 0
8910 0.0638598 0.75 194.688 0.290196 0.5 0 0
8920 0.0638598 0.8125 195.5 0.282353 0.5 0 0
8930 0.0638598 0.8125 195.5 0.294118 0.5 0 0
8940 0.0638598 0.75 196.25 0.298039 0.5 0 0
8950 0.0638598 0.75 196.25 0.290196 0.5 0 0
8960 0.0638598 0.75 197 0.290196 0.5 0 0
8970 0.0638598 0.75 197 0.282353 0.5 0 0
8980 0.0638598 0.75 197.75 0.278431 0.5 0 0
8990 0.0638598 0.75 197.75 0.286275 0.5 0 0
9000 0.0638598 0.625 198.375 0.282353 0.5 0 0
9010 0.0638598 0.625 198.375 0.282353 0.5 0 0
9020 0.0638598 0.625 199 0.290196 0.5 0 0
9030 0.0638598 0.625 199 0.282353 0.5 0 0
9040 0.0638598 0.625 199.625 0.286275 0.5 0 0
9050 0.0638598 0.625 199.625 0.298039 0.5 0 0
9060 0.0638606 0.625 200.25 0.294118 0.5 0 0
9070 0.0638606 0.625 200.25 0.282353 0.5 0 0
9080 0.0638617 0.625 200.875 0.294118 0.5 0 0
9090 0.0638617 0.625 200.875 0.290196 0.5 0 0
9100 0.0638617 0.625 201.5 0.290196 0.5 0 0
9110 0.0638617 0.625 201.5 0.286275 0.5 0 0
9120 0.0638332 0.625 202.125 0.301961 0.5 0 0
9130 0.0638332 0.625 202.125 0.294118 0.5 0 0
9140 0.0638192 0.6875 202.812 0.298039 0.5 0 0
9150 0.0638192 0.6875 202.812 0.286275 0.5 0 0
9160 0.0637914 0.6875 203.5 0.301961 0.5 0 0
9170 0.0637914 0.6875 203.5 0.294118 0.5 0 0
9180 0.0637919 0.6875 204.188 0.282353 0.5 0 0
9190 0.0637919 0.6875 204.188 0.298039 0.5 0 0
9200 0.0637943 0.8125 205 0.290196 0.5 0 0
9210 0.0637943 0.8125 205 0.286275 0.5 0 0
9220 0.0637951 0.8125 205.812 0.301961 0.5 0 0
9230 0.0637951 0.8125 205.812 0.286275 0.5 0 0
9240 0.0637951 0.875 206.688 0.294118 0.5 0 0
9250 0.0637951 0.875 206.688 0.290196 0.5 0 0
9260 0.0637951 0.875 207.562 0.298039 0.5 0 0
9270 0.0637951 0.875 207.562 0.298039 0.5 0 0
9280 0.0637951 0.75 208.312 0.298039 0.5 0 0
9290 0.0637951 0.75 208.312 0.298039 0.5 0 0
9300 0.063815 0.9375 209.25 0.294118 0.5 0 0
9310 0.063815 0.9375 209.25 0.286275 0.5 0 0
9320 0.0638162 0.8125 210.062 0.290196 0.5 0 0
9330 0.0638162 0.8125 210.062 0.290196 0.5 0 0
9340 0.0638162 0.8125 210.875 0.301961 0.5 0 0
9350 0.0638162 0.8125 210.875 0.286275 0.5 0 0
9360 0.0638162 0.8125 211.688 0.301961 0.5 0 0
9370 0.0638162 0.8125 211.688 0.294118 0.5 0 0
9380 0.0638162 0.8125 212.5 0.282353 0.5 0 0
9390 0.0638162 0.8125 212.5 0.282353 0.5 0 0
9400 0.0638162 0.8125 213.312 0.290196 0.5 0 0
9410 0.0638162 0.8125 213.312 0.278431 0.5 0 0
9420 0.0638162 0.5 213.812 0.294118 0.5 0 0
9430 0.0638162 0.5 213.812 0.290196 0.5 0 0
9440 0.0638162 0.625 214.438 0.282353 0.5 0 0
9450 0.0638162 0.625 214.438 0.294118 0.5 0 0
9460 0.0642679 0.625 215.062 0.278431 0.5 0 0
9470 0.0642679 0.625 215.062 0.286275 0.5 0 0
9480 0.0654457 0.625 215.688 0.282353 0.5 0 0
9490 0.0654457 0.625 215.688 0.270588 0.5 0 0
9500 0.0657969 0.625 216.312 0.27451 0.5 0 0
9510 0.0657969 0.625 216.312 0.266667 0.5 0 0
9520 0.0640613 0.625 216.938 0.270588 0.5 0 0
9530 0.0640613 0.625 216.938 0.266667 0.5 0 0
9540 0.0627537 0.625 217.562 0.270588 0.5 0 0
9550 0.0627537 0.625 217.562 0.266667 0.5 0 0
9560 0.0622546 0.5 218.062 0.262745 0.5 0 0
9570 0.0622546 0.5 218.062 0.270588 0.5 0 0
9580 0.0620398 0.625 218.688 0.270588 0.5 0 0
9590 0.0620398 0.625 218.688 0.27451 0.5 0 0
9600 0.0619043 0.625 219.312 0.270588 0.5 0 0
9610 0.0619043 0.625 219.312 0.270588 0.5 0 0
9620 0.0619044 0.625 219.938 0.270588 0.5 0 0
9630 0.0619044 0.625 219.938 0.270588 0.5 0 0
9640 0.0614986 0.625 220.562 0.262745 0.5 0 0
9650 0.0614986 0.625 220.562 0.266667 0.5 0 0
9660 0.0603043 0.625 221.188 0.294118 0.5 0 0
9670 0.0603043 0.625 221.188 0.301961 0.5 0 0
9680 0.060157 0.6875 221.875 0.298039 0.5 0 0
9690 0.060157 0.6875 221.875 0.301961 0.5 0 0
9700 0.060157 0.8125 222.688 0.298039 0.5 0 0
9710 0.060157 0.8125 222.688 0.298039 0.5 0 0
9720 0.060157 0.8125 223.5 0.309804 0.5 0 0
9730 0.060157 0.8125 223.5 0.294118 0.5 0 0
9740 0.060157 0.8125 224.312 0.298039 0.5 0 0
9750 0.060157 0.8125 224.312 0.301961 0.5 0 0
9760 0.0600357 0.8125 225.125 0.294118 0.5 0 0
9770 0.0600357 0.8125 225.125 0.294118 0.5 0 0
9780 0.0599827 0.8125 225.938 0.305882 0.5 0 0
9790 0.0599827 0.8125 225.938 0.298039 0.5 0 0
9800 0.0599462 0.75 226.688 0.301961 0.5 0 0
9810 0.0599462 0.75 226.688 0.301961 0.5 0 0
9820 0.0599275 0.8125 227.5 0.294118 0.5 0 0
9830 0.0599275 0.8125 227.5 0.309804 0.5 0 0
9840 0.0599275 0.8125 228.312 0.298039 0.5 0 0
9850 0.0599275 0.8125 228.312 0.301961 0.5 0 0
9860 0.0599275 0.8125 229.125 0.301961 0.5 0 0
9870 0.0599275 0.8125 229.125 0.301961 0.5 0 0
9880 0.0599275 0.8125 229.938 0.301961 0.5 0 0
9890 0.0599275 0.8125 229.938 0.298039 0.5 0 0
9900 0.0599275 0.8125 230.75 0.305882 0.5 0 0
9910 0.0599275 0.8125 230.75 0.301961 0.5 0 0
9920 0.0599275 0.75 231.5 0.301961 0.5 0 0
9930 0.0599275 0.75 231.5 0.298039 0.5 0 0
9940 0.0599275 0.75 232.25 0.301961 0.5 0 0
9950 0.0599275 0.75 232.25 0.294118 0.5 0 0
9960 0.0599275 0.8125 233.062 0.294118 0.5 0 0
9970 0.0599275 0.8125 233.062 0.298039 0.5 0 0
9980 0.0599275 0.8125 233.875 0.301961 0.5 0 0
9990 0.0599275 0.8125 233.875 0.298039 0.5 0 0
10000 0.0599275 0.6875 234.562 0.298039 0.5 0 0
10010 0.0599275 0.6875 234.562 0.301961 0.5 0 0
10020 0.0599276 0.75 235.312 0.301961 0.5 0 0
10030 0.0599276 0.75 235.312 0.298039 0.5 0 0
10040 0.0599277 0.75 236.062 0.309804 0.5 0 0
10050 0.0599277 0.75 236.062 0.305882 0.5 0 0
10060 0.0599277 0.625 236.688 0.305882 0.5 0 0
10070 0.0599277 0.625 236.688 0.309804 0.5 0 0
10080 0.0599277 0.6875 237.375 0.298039 0.5 0 0
10090 0.0599277 0.6875 237.375 0.305882 0.5 0 0
10100 0.0599277 0.8125 238.188 0.309804 0.5 0 0
10110 0.0599277 0.8125 238.188 0.301961 0.5 0 0
10120 0.0599082 0.8125 239 0.294118 0.5 0 0
10130 0.0599082 0.8125 239 0.305882 0.5 0 0
10140 0.0599019 0.6875 239.688 0.298039 0.5 0 0
10150 0.0599019 0.6875 239.688 0.294118 0.5 0 0
10160 0.0598895 0.8125 240.5 0.305882 0.5 0 0
10170 0.0598895 0.8125 240.5 0.301961 0.5 0 0
10180 0.0598895 0.75 241.25 0.301961 0.5 0 0
10190 0.0598895 0.75 241.25 0.301961 0.5 0 0
10200 0.0597228 0.75 242 0.294118 0.5 0 0
10210 0.0597228 0.75 242 0.305882 0.5 0 0
10220 0.0596211 0.625 242.625 0.309804 0.5 0 0
10230 0.0596211 0.625 242.625 0.305882 0.5 0 0
10240 0.05962 0.9375 243.562 0.305882 0.5 0 0
10250 0.05962 0.9375 243.562 0.309804 0.5 0 0
10260 0.05962 0.9375 244.5 0.298039 0.5 0 0
10270 0.05962 0.9375 244.5 0.309804 0.5 0 0
10280 0.0596196 0.9375 245.438 0.298039 0.5 0 0
10290 0.0596196 0.9375 245.438 0.301961 0.5 0 0
10300 0.0596196 1 246.438 0.309804 0.5 0 0
10310 0.0596196 1 246.438 0.301961 0.5 0 0
10320 0.0596196 1 247.438 0.309804 0.5 0 0
10330 0.0596196 1 247.438 0.309804 0.5 0 0
10340 0.0596196 1 248.438 0.305882 0.5 0 0
10350 0.0596196 1 248.438 0.294118 0.5 0 0
10360 0.0596196 0.9375 249.375 0.301961 0.5 0 0
10370 0.0596196 0.9375 249.375 0.309804 0.5 0 0
10380 0.0596196 0.9375 250.312 0.301961 0.5 0 0
10390 0.0596196 0.9375 250.312 0.309804 0.5 0 0
10400 0.0596196 1 251.312 0.301961 0.5 0 0
10410 0.0596196 1 251.312 0.301961 0.5 0 0
10420 0.0596196 1 252.312 0.298039 0.5 0 0
10430 0.0596196 1 252.312 0.298039 0.5 0 0
10440 0.0596196 1 253.312 0.305882 0.5 0 0
10450 0.0596196 1 253.312 0.298039 0.5 0 0
10460 0.0596196 0.9375 254.25 0.298039 0.5 0 0
10470 0.0596196 0.9375 254.25 0.309804 0.5 0 0
10480 0.0596196 0.8125 255.062 0.294118 0.5 0 0
10490 0.0596196 0.8125 255.062 0.305882 0.5 0 0
10500 0.0596196 0.875 255.938 0.298039 0.5 0 0
10510 0.0596196 0.875 255.938 0.301961 0.5 0 0
10520 0.0595787 0.875 256.812 0.305882 0.5 0 0
10530 0.0595787 0.875 256.812 0.309804 0.5 0 0
10540 0.0595041 0.75 257.562 0.290196 0.5 0 0
10550 0.0595041 0.75 257.562 0.298039 0.5 0 0
10560 0.0594969 0.75 258.312 0.309804 0.5 0 0
10570 0.0594969 0.75 258.312 0.301961 0.5 0 0
10580 0.0594895 0.75 259.062 0.294118 0.5 0 0
10590 0.0594895 0.75 259.062 0.301961 0.5 0 0
10600 0.0594863 0.875 259.938 0.298039 0.5 0 0
10610 0.0594863 0.875 259.938 0.298039 0.5 0 0
10620 0.0594863 0.875 260.812 0.305882 0.5 0 0
10630 0.0594863 0.875 260.812 0.301961 0.5 0 0
10640 0.0594863 1 261.812 0.301961 0.5 0 0
10650 0.0594863 1 261.812 0.298039 0.5 0 0
10660 0.0594863 1 262.812 0.294118 0.5 0 0
10670 0.0594863 1 262.812 0.294118 0.5 0 0
10680 0.0594863 1 263.812 0.294118 0.5 0 0
10690 0.0594863 1 263.812 0.298039 0.5 0 0
10700 0.0594863 1 264.812 0.301961 0.5 0 0
10710 0.0594863 1 264.812 0.301961 0.5 0 0
10720 0.0594863 0.9375 265.75 0.298039 0.5 0 0
10730 0.0594863 0.9375 265.75 0.301961 0.5 0 0
10740 0.0594863 0.875 266.625 0.294118 0.5 0 0
10750 0.0594863 0.875 266.625 0.294118 0.5 0 0
10760 0.0594863 0.8125 267.438 0.301961 0.5 0 0
10770 0.0594863 0.8125 267.438 0.301961 0.5 0 0
10780 0.0594863 0.8125 268.25 0.301961 0.5 0 0
10790 0.0594863 0.8125 268.25 0.301961 0.5 0 0
10800 0.0594863 0.875 269.125 0.298039 0.5 0 0
10810 0.0594863 0.875 269.125 0.305882 0.5 0 0
10820 0.0594863 0.875 270 0.305882 0.5 0 0
10830 0.0594863 0.875 270 0.298039 0.5 0 0
10840 0.0594863 0.875 270.875 0.298039 0.5 0 0
10850 0.0594863 0.875 270.875 0.298039 0.5 0 0
10860 0.0594863 0.875 271.75 0.309804 0.5 0 0
10870 0.0594863 0.875 271.75 0.301961 0.5 0 0
10880 0.0594863 0.9375 272.688 0.294118 0.5 0 0
10890 0.0594863 0.9375 272.688 0.305882 0.5 0 0
10900 0.0594863 0.75 273.438 0.298039 0.5 0 0
10910 0.0594863 0.75 273.438 0.305882 0.5 0 0
10920 0.0594863 0.8125 274.25 0.309804 0.5 0 0
10930 0.0594863 0.8125 274.25 0.301961 0.5 0 0
10940 0.0594863 0.9375 275.188 0.298039 0.5 0 0
10950 0.0594863 0.9375 275.188 0.294118 0.5 0 0
10960 0.0594863 1 276.188 0.294118 0.5 0 0
10970 0.0594863 1 276.188 0.294118 0.5 0 0
10980 0.0594735 1 277.188 0.298039 0.5 0 0
10990 0.0594735 1 277.188 0.305882 0.5 0 0
11000 0.0594731 0.9375 278.125 0.294118 0.5 0 0
11010 0.0594731 0.9375 278.125 0.301961 0.5 0 0
11020 0.0594731 0.9375 279.062 0.301961 0.5 0 0
11030 0.0594731 0.9375 279.062 0.305882 0.5 0 0
11040 0.0594718 0.9375 280 0.301961 0.5 0 0
11050 0.0594718 0.9375 280 0.298039 0.5 0 0
11060 0.0594718 0.9375 280.938 0.301961 0.5 0 0
11070 0.0594718 0.9375 280.938 0.301961 0.5 0 0
11080 0.0594693 0.9375 281.875 0.301961 0.5 0 0
11090 0.0594693 0.9375 281.875 0.301961 0.5 0 0
11100 0.0594641 0.9375 282.812 0.294118 0.5 0 0
11110 0.0594641 0.9375 282.812 0.298039 0.5 0 0
11120 0.0594602 0.9375 283.75 0.301961 0.5 0 0
11130 0.0594602 0.9375 283.75 0.301961 0.5 0 0
11140 0.0594598 0.8125 284.562 0.309804 0.5 0 0
11150 0.0594598 0.8125 284.562 0.309804 0.5 0 0
11160 0.0594415 0.8125 285.375 0.301961 0.5 0 0
11170 0.0594415 0.8125 285.375 0.305882 0.5 0 0
11180 0.0594328 0.9375 286.312 0.301961 0.5 0 0
11190 0.0594328 0.9375 286.312 0.309804 0.5 0 0
11200 0.059431 0.9375 287.25 0.301961 0.5 0 0
11210 0.059431 0.9375 287.25 0.294118 0.5 0 0
11220 0.0594283 0.875 288.125 0.305882 0.5 0 0
11230 0.0594283 0.875 288.125 0.294118 0.5 0 0
11240 0.0594262 0.875 289 0.298039 0.5 0 0
11250 0.0594262 0.875 289 0.301961 0.5 0 0
11260 0.0594245 0.6875 289.688 0.301961 0.5 0 0
11270 0.0594245 0.6875 289.688 0.309804 0.5 0 0
11280 0.0594228 0.75 290.438 0.294118 0.5 0 0
11290 0.0594228 0.75 290.438 0.301961 0.5 0 0
11300 0.059384 0.8125 291.25 0.298039 0.5 0 0
11310 0.059384 0.8125 291.25 0.305882 0.5 0 0
11320 0.05938 0.9375 292.188 0.301961 0.5 0 0
11330 0.05938 0.9375 292.188 0.301961 0.5 0 0
11340 0.0593779 1 293.188 0.294118 0.5 0 0
11350 0.0593779 1 293.188 0.298039 0.5 0 0
11360 0.0593763 1 294.188 0.301961 0.5 0 0
11370 0.0593763 1 294.188 0.305882 0.5 0 0
11380 0.0593743 1 295.188 0.294118 0.5 0 0
11390 0.0593743 1 295.188 0.294118 0.5 0 0
11400 0.0593723 0.9375 296.125 0.305882 0.5 0 0
11410 0.0593723 0.9375 296.125 0.294118 0.5 0 0
11420 0.0593721 0.9375 297.062 0.298039 0.5 0 0
11430 0.0593721 0.9375 297.062 0.294118 0.5 0 0
11440 0.0593721 0.9375 298 0.305882 0.5 0 0
11450 0.0593721 0.9375 298 0.301961 0.5 0 0
11460 0.0593704 0.875 298.875 0.294118 0.5 0 0
11470 0.0593704 0.875 298.875 0.305882 0.5 0 0
11480 0.0593689 0.875 299.75 0.301961 0.5 0 0
11490 0.0593689 0.875 299.75 0.294118 0.5 0 0
11500 0.0593683 0.875 300.625 0.301961 0.5 0 0
11510 0.0593683 0.875 300.625 0.301961 0.5 0 0
11520 0.0593622 0.75 301.375 0.301961 0.5 0 0
11530 0.0593622 0.75 301.375 0.290196 0.5 0 0
11540 0.0593566 0.8125 302.188 0.309804 0.5 0 0
11550 0.0593566 0.8125 302.188 0.301961 0.5 0 0
11560 0.0593558 0.8125 303 0.309804 0.5 0 0
11570 0.0593558 0.8125 303 0.294118 0.5 0 0
11580 0.0593536 0.9375 303.938 0.294118 0.5 0 0
11590 0.0593536 0.9375 303.938 0.309804 0.5 0 0
11600 0.0593469 0.875 304.812 0.301961 0.5 0 0
11610 0.0593469 0.875 304.812 0.298039 0.5 0 0
11620 0.059344 1 305.812 0.298039 0.5 0 0
11630 0.059344 1 305.812 0.294118 0.5 0 0
11640 0.0593453 0.9375 306.75 0.309804 0.5 0 0
11650 0.0593453 0.9375 306.75 0.305882 0.5 0 0
11660 0.0593461 0.9375 307.688 0.301961 0.5 0 0
11670 0.0593461 0.9375 307.688 0.309804 0.5 0 0
11680 0.0593485 0.9375 308.625 0.298039 0.5 0 0
11690 0.0593485 0.9375 308.625 0.309804 0.5 0 0
11700 0.0593492 0.8125 309.438 0.298039 0.5 0 0
11710 0.0593492 0.8125 309.438 0.301961 0.5 0 0
11720 0.0593484 0.875 310.312 0.294118 0.5 0 0
11730 0.0593484 0.875 310.312 0.301961 0.5 0 0
11740 0.0593483 0.75 311.062 0.301961 0.5 0 0
11750 0.0593483 0.75 311.062 0.301961 0.5 0 0
11760 0.0593483 0.75 311.812 0.309804 0.5 0 0
11770 0.0593483 0.75 311.812 0.305882 0.5 0 0
11780 0.0593483 0.6875 312.5 0.294118 0.5 0 0
11790 0.0593483 0.6875 312.5 0.298039 0.5 0 0
11800 0.0593467 0.625 313.125 0.309804 0.5 0 0
11810 0.0593467 0.625 313.125 0.298039 0.5 0 0
11820 0.0593787 0.8125 313.938 0.305882 0.5 0 0
11830 0.0593787 0.8125 313.938 0.309804 0.5 0 0
11840 0.0601001 0.8125 314.75 0.278431 0.5 0 0
11850 0.0601001 0.8125 314.75 0.262745 0.5 0 0
11860 0.0611732 0.8125 315.562 0.262745 0.5 0 0
11870 0.0611732 0.8125 315.562 0.262745 0.5 0 0
11880 0.0618896 0.8125 316.375 0.266667 0.5 0 0
11890 0.0618896 0.8125 316.375 0.266667 0.5 0 0
11900 0.0623562 0.75 317.125 0.270588 0.5 0 0
11910 0.0623562 0.75 317.125 0.266667 0.5 0 0
11920 0.0627686 0.75 317.875 0.266667 0.5 0 0
11930 0.0627686 0.75 317.875 0.266667 0.5 0 0
11940 0.0629893 0.5625 318.438 0.266667 0.5 0 0
11950 0.0629893 0.5625 318.438 0.270588 0.5 0 0
11960 0.0627251 0.625 319.062 0.27451 0.5 0 0
11970 0.0627251 0.625 319.062 0.286275 0.5 0 0
11980 0.0623812 0.625 319.688 0.290196 0.5 0 0
11990 0.0623812 0.625 319.688 0.290196 0.5 0 0
12000 0.0621284 0.625 320.312 0.286275 0.5 0 0
12010 0.0621284 0.625 320.312 0.254902 0.5 0 0
12020 0.0605057 0.6875 321 0.254902 0.5 0 0
12030 0.0605057 0.6875 321 0.254902 0.5 0 0
12040 0.0598612 0.6875 321.688 0.254902 0.5 0 0
12050 0.0598612 0.6875 321.688 0.254902 0.5 0 0
12060 0.0591802 0.75 322.438 0.254902 0.5 0 0
12070 0.0591802 0.75 322.438 0.266667 0.5 0 0
12080 0.0582499 0.75 323.188 0.270588 0.5 0 0
12090 0.0582499 0.75 323.188 0.258824 0.5 0 0
12100 0.0584244 0.75 323.938 0.258824 0.5 0 0
12110 0.0584244 0.75 323.938 0.262745 0.5 0 0
12120 0.0585327 0.75 324.688 0.258824 0.5 0 0
12130 0.0585327 0.75 324.688 0.266667 0.5 0 0
12140 0.0588588 0.75 325.438 0.270588 0.5 0 0
12150 0.0588588 0.75 325.438 0.27451 0.5 0 0
12160 0.058808 0.8125 326.25 0.27451 0.5 0 0
12170 0.058808 0.8125 326.25 0.27451 0.5 0 0
12180 0.0588046 0.6875 326.938 0.27451 0.5 0 0
12190 0.0588046 0.6875 326.938 0.278431 0.5 0 0
12200 0.0586773 0.75 327.688 0.270588 0.5 0 0
12210 0.0586773 0.75 327.688 0.270588 0.5 0 0
12220 0.0577376 0.75 328.438 0.262745 0.5 0 0
12230 0.0577376 0.75 328.438 0.254902 0.5 0 0
12240 0.057425 0.75 329.188 0.262745 0.5 0 0
12250 0.057425 0.75 329.188 0.266667 0.5 0 0
12260 0.0572165 0.75 329.938 0.286275 0.5 0 0
12270 0.0572165 0.75 329.938 0.282353 0.5 0 0
12280 0.0570648 0.75 330.688 0.282353 0.5 0 0
12290 0.0570648 0.75 330.688 0.27451 0.5 0 0
12300 0.0564661 0.8125 331.5 0.254902 0.5 0 0
12310 0.0564661 0.8125 331.5 0.235294 0.5 0 0
12320 0.0548588 0.75 332.25 0.227451 0.5 0 0
12330 0.0548588 0.75 332.25 0.227451 0.5 0 0
12340 0.0539917 0.8125 333.062 0.227451 0.5 0 0
12350 0.0539917 0.8125 333.062 0.227451 0.5 0 0
12360 0.0537266 0.8125 333.875 0.227451 0.5 0 0
12370 0.0537266 0.8125 333.875 0.231373 0.5 0 0
12380 0.0532204 0.8125 334.688 0.227451 0.5 0 0
12390 0.0532204 0.8125 334.688 0.227451 0.5 0 0
12400 0.0529865 0.75 335.438 0.227451 0.5 0 0
12410 0.0529865 0.75 335.438 0.227451 0.5 0 0
12420 0.0528919 0.75 336.188 0.227451 0.5 0 0
12430 0.0528919 0.75 336.188 0.231373 0.5 0 0
12440 0.0528518 0.6875 336.875 0.227451 0.5 0 0
12450 0.0528518 0.6875 336.875 0.227451 0.5 0 0
12460 0.0528386 0.6875 337.562 0.227451 0.5 0 0
12470 0.0528386 0.6875 337.562 0.227451 0.5 0 0
12480 0.0528386 0.6875 338.25 0.227451 0.5 0 0
12490 0.0528386 0.6875 338.25 0.231373 0.5 0 0
12500 0.0528386 0.6875 338.938 0.231373 0.5 0 0
12510 0.0528386 0.6875 338.938 0.227451 0.5 0 0
12520 0.0528386 0.6875 339.625 0.227451 0.5 0 0
12530 0.0528386 0.6875 339.625 0.231373 0.5 0 0
12540 0.0528362 0.8125 340.438 0.227451 0.5 0 0
12550 0.0528362 0.8125 340.438 0.227451 0.5 0 0
12560 0.0528346 0.8125 341.25 0.231373 0.5 0 0
12570 0.0528346 0.8125 341.25 0.227451 0.5 0 0
12580 0.0533401 0.8125 342.062 0.227451 0.5 0 0
12590 0.0533401 0.8125 342.062 0.231373 0.5 0 0
12600 0.0542015 0.75 342.812 0.231373 0.5 0 0
12610 0.0542015 0.75 342.812 0.235294 0.5 0 0
12620 0.0548576 0.9375 343.75 0.239216 0.5 0 0
12630 0.0548576 0.9375 343.75 0.239216 0.5 0 0
12640 0.0551923 0.9375 344.688 0.247059 0.5 0 0
12650 0.0551923 0.9375 344.688 0.243137 0.5 0 0
12660 0.0551996 0.9375 345.625 0.239216 0.5 0 0
12670 0.0551996 0.9375 345.625 0.247059 0.5 0 0
12680 0.0552382 0.875 346.5 0.243137 0.5 0 0
12690 0.0552382 0.875 346.5 0.239216 0.5 0 0
12700 0.0550765 0.8125 347.312 0.243137 0.5 0 0
12710 0.0550765 0.8125 347.312 0.243137 0.5 0 0
12720 0.0546287 0.6875 348 0.254902 0.5 0 0
12730 0.0546287 0.6875 348 0.258824 0.5 0 0
12740 0.0542336 0.75 348.75 0.254902 0.5 0 0
12750 0.0542336 0.75 348.75 0.254902 0.5 0 0
12760 0.0538327 0.75 349.5 0.235294 0.5 0 0
12770 0.0538327 0.75 349.5 0.219608 0.5 0 0
12780 0.0527304 0.75 350.25 0.219608 0.5 0 0
12790 0.0527304 0.75 350.25 0.219608 0.5 0 0
12800 0.0518972 0.5625 350.812 0.215686 0.5 0 0
12810 0.0518972 0.5625 350.812 0.219608 0.5 0 0
12820 0.0517887 0.8125 351.625 0.219608 0.5 0 0
12830 0.0517887 0.8125 351.625 0.215686 0.5 0 0
12840 0.0513887 0.8125 352.438 0.219608 0.5 0 0
12850 0.0513887 0.8125 352.438 0.215686 0.5 0 0
12860 0.0512223 0.8125 353.25 0.223529 0.5 0 0
12870 0.0512223 0.8125 353.25 0.215686 0.5 0 0
12880 0.0512197 0.8125 354.062 0.219608 0.5 0 0
12890 0.0512197 0.8125 354.062 0.215686 0.5 0 0
12900 0.0511309 0.8125 354.875 0.219608 0.5 0 0
12910 0.0511309 0.8125 354.875 0.219608 0.5 0 0
12920 0.0511274 0.8125 355.688 0.215686 0.5 0 0
12930 0.0511274 0.8125 355.688 0.219608 0.5 0 0
12940 0.0511196 0.875 356.562 0.215686 0.5 0 0
12950 0.0511196 0.875 356.562 0.215686 0.5 0 0
12960 0.0511195 0.875 357.438 0.219608 0.5 0 0
12970 0.0511195 0.875 357.438 0.215686 0.5 0 0
12980 0.0511187 0.875 358.312 0.215686 0.5 0 0
12990 0.0511187 0.875 358.312 0.219608 0.5 0 0
13000 0.0511178 0.875 359.188 0.215686 0.5 0 0
13010 0.0511178 0.875 359.188 0.215686 0.5 0 0
13020 0.0511172 0.875 360.062 0.219608 0.5 0 0
13030 0.0511172 0.875 360.062 0.215686 0.5 0 0
13040 0.0511172 0.875 360.938 0.215686 0.5 0 0
13050 0.0511172 0.875 360.938 0.219608 0.5 0 0
13060 0.0511168 0.875 361.812 0.215686 0.5 0 0
13070 0.0511168 0.875 361.812 0.219608 0.5 0 0
13080 0.0514588 0.875 362.688 0.219608 0.5 0 0
13090 0.0514588 0.875 362.688 0.215686 0.5 0 0
13100 0.0520496 0.875 363.562 0.219608 0.5 0 0
13110 0.0520496 0.875 363.562 0.219608 0.5 0 0
13120 0.0525607 0.875 364.438 0.227451 0.5 0 0
13130 0.0525607 0.875 364.438 0.235294 0.5 0 0
13140 0.0529009 0.875 365.312 0.247059 0.5 0 0
13150 0.0529009 0.875 365.312 0.243137 0.5 0 0
13160 0.0529005 0.9375 366.25 0.239216 0.5 0 0
13170 0.0529005 0.9375 366.25 0.243137 0.5 0 0
13180 0.0528986 0.9375 367.188 0.25098 0.5 0 0
13190 0.0528986 0.9375 367.188 0.243137 0.5 0 0
13200 0.0528963 0.875 368.062 0.239216 0.5 0 0
13210 0.0528963 0.875 368.062 0.247059 0.5 0 0
13220 0.0528893 0.875 368.938 0.243137 0.5 0 0
13230 0.0528893 0.875 368.938 0.243137 0.5 0 0
13240 0.0525465 0.75 369.688 0.239216 0.5 0 0
13250 0.0525465 0.75 369.688 0.219608 0.5 0 0
13260 0.0517279 0.8125 370.5 0.211765 0.5 0 0
13270 0.0517279 0.8125 370.5 0.219608 0.5 0 0
13280 0.050668 0.9375 371.438 0.219608 0.5 0 0
13290 0.050668 0.9375 371.438 0.223529 0.5 0 0
13300 0.0501989 0.875 372.312 0.219608 0.5 0 0
13310 0.0501989 0.875 372.312 0.223529 0.5 0 0
13320 0.0498583 0.9375 373.25 0.219608 0.5 0 0
13330 0.0498583 0.9375 373.25 0.223529 0.5 0 0
13340 0.0496183 0.9375 374.188 0.219608 0.5 0 0
13350 0.0496183 0.9375 374.188 0.223529 0.5 0 0
13360 0.0490987 0.875 375.062 0.219608 0.5 0 0
13370 0.0490987 0.875 375.062 0.219608 0.5 0 0
13380 0.048902 0.9375 376 0.223529 0.5 0 0
13390 0.048902 0.9375 376 0.223529 0.5 0 0
13400 0.048902 0.9375 376.938 0.219608 0.5 0 0
13410 0.048902 0.9375 376.938 0.223529 0.5 0 0
13420 0.048902 0.9375 377.875 0.223529 0.5 0 0
13430 0.048902 0.9375 377.875 0.219608 0.5 0 0
13440 0.048902 0.875 378.75 0.223529 0.5 0 0
13450 0.048902 0.875 378.75 0.223529 0.5 0 0
13460 0.048902 0.8125 379.562 0.223529 0.5 0 0
13470 0.048902 0.8125 379.562 0.223529 0.5 0 0
13480 0.0489016 0.8125 380.375 0.223529 0.5 0 0
13490 0.0489016 0.8125 380.375 0.223529 0.5 0 0
13500 0.0488759 0.75 381.125 0.223529 0.5 0 0
13510 0.0488759 0.75 381.125 0.219608 0.5 0 0
13520 0.0488579 0.875 382 0.223529 0.5 0 0
13530 0.0488579 0.875 382 0.219608 0.5 0 0
13540 0.0488579 0.875 382.875 0.223529 0.5 0 0
13550 0.0488579 0.875 382.875 0.223529 0.5 0 0
13560 0.0488579 0.875 383.75 0.223529 0.5 0 0
13570 0.0488579 0.875 383.75 0.219608 0.5 0 0
13580 0.0488579 0.8125 384.562 0.223529 0.5 0 0
13590 0.0488579 0.8125 384.562 0.219608 0.5 0 0
13600 0.0488579 0.8125 385.375 0.223529 0.5 0 0
13610 0.0488579 0.8125 385.375 0.223529 0.5 0 0
13620 0.0488579 0.8125 386.188 0.219608 0.5 0 0
13630 0.0488579 0.8125 386.188 0.219608 0.5 0 0
13640 0.0488579 0.875 387.062 0.219608 0.5 0 0
13650 0.0488579 0.875 387.062 0.223529 0.5 0 0
13660 0.0488579 0.875 387.938 0.223529 0.5 0 0
13670 0.0488579 0.875 387.938 0.223529 0.5 0 0
13680 0.0488579 0.875 388.812 0.219608 0.5 0 0
13690 0.0488579 0.875 388.812 0.219608 0.5 0 0
13700 0.0488579 0.9375 389.75 0.219608 0.5 0 0
13710 0.0488579 0.9375 389.75 0.219608 0.5 0 0
13720 0.0488579 0.9375 390.688 0.223529 0.5 0 0
13730 0.0488579 0.9375 390.688 0.223529 0.5 0 0
13740 0.0488579 0.9375 391.625 0.219608 0.5 0 0
13750 0.0488579 0.9375 391.625 0.219608 0.5 0 0
13760 0.0488579 0.9375 392.562 0.223529 0.5 0 0
13770 0.0488579 0.9375 392.562 0.223529 0.5 0 0
13780 0.0488577 0.875 393.438 0.223529 0.5 0 0
13790 0.0488577 0.875 393.438 0.219608 0.5 0 0
13800 0.0488577 0.875 394.312 0.219608 0.5 0 0
13810 0.0488577 0.875 394.312 0.223529 0.5 0 0
13820 0.0491595 0.8125 395.125 0.223529 0.5 0 0
13830 0.0491595 0.8125 395.125 0.227451 0.5 0 0
13840 0.0492058 0.8125 395.938 0.223529 0.5 0 0
13850 0.0492058 0.8125 395.938 0.219608 0.5 0 0
13860 0.0498407 0.75 396.688 0.219608 0.5 0 0
13870 0.0498407 0.75 396.688 0.231373 0.5 0 0
13880 0.0501929 0.75 397.438 0.235294 0.5 0 0
13890 0.0501929 0.75 397.438 0.235294 0.5 0 0
13900 0.0502051 0.75 398.188 0.239216 0.5 0 0
13910 0.0502051 0.75 398.188 0.235294 0.5 0 0
13920 0.0502051 0.75 398.938 0.235294 0.5 0 0
13930 0.0502051 0.75 398.938 0.235294 0.5 0 0
13940 0.049941 0.75 399.688 0.227451 0.5 0 0
13950 0.049941 0.75 399.688 0.219608 0.5 0 0
13960 0.0485318 0.75 400.438 0.207843 0.5 0 0
13970 0.0485318 0.75 400.438 0.192157 0.5 0 0
13980 0.0476171 0.75 401.188 0.196078 0.5 0 0
13990 0.0476171 0.75 401.188 0.2 0.5 0 0
14000 0.0470663 0.5625 401.75 0.196078 0.5 0 0
14010 0.0470663 0.5625 401.75 0.196078 0.5 0 0
14020 0.0468434 0.625 402.375 0.2 0.5 0 0
14030 0.0468434 0.625 402.375 0.196078 0.5 0 0
14040 0.0462353 0.6875 403.062 0.2 0.5 0 0
14050 0.0462353 0.6875 403.062 0.2 0.5 0 0
14060 0.0457218 0.6875 403.75 0.196078 0.5 0 0
14070 0.0457218 0.6875 403.75 0.184314 0.5 0 0
14080 0.0458258 0.75 404.5 0.192157 0.5 0 0
14090 0.0458258 0.75 404.5 0.207843 0.5 0 0
14100 0.0457756 0.6875 405.188 0.211765 0.5 0 0
14110 0.0457756 0.6875 405.188 0.207843 0.5 0 0
14120 0.0457704 0.6875 405.875 0.211765 0.5 0 0
14130 0.0457704 0.6875 405.875 0.211765 0.5 0 0
14140 0.0457389 0.625 406.5 0.215686 0.5 0 0
14150 0.0457389 0.625 406.5 0.211765 0.5 0 0
14160 0.0457024 0.625 407.125 0.215686 0.5 0 0
14170 0.0457024 0.625 407.125 0.211765 0.5 0 0
14180 0.0456845 0.625 407.75 0.215686 0.5 0 0
14190 0.0456845 0.625 407.75 0.207843 0.5 0 0
14200 0.0455189 0.6875 408.438 0.203922 0.5 0 0
14210 0.0455189 0.6875 408.438 0.192157 0.5 0 0
14220 0.0449983 0.75 409.188 0.184314 0.5 0 0
14230 0.0449983 0.75 409.188 0.176471 0.5 0 0
14240 0.0439099 0.875 410.062 0.176471 0.5 0 0
14250 0.0439099 0.875 410.062 0.176471 0.5 0 0
14260 0.0434256 0.875 410.938 0.176471 0.5 0 0
14270 0.0434256 0.875 410.938 0.176471 0.5 0 0
14280 0.0431907 0.875 411.812 0.176471 0.5 0 0
14290 0.0431907 0.875 411.812 0.176471 0.5 0 0
14300 0.0431584 0.875 412.688 0.176471 0.5 0 0
14310 0.0431584 0.875 412.688 0.176471 0.5 0 0
14320 0.043097 0.875 413.562 0.172549 0.5 0 0
14330 0.043097 0.875 413.562 0.176471 0.5 0 0
14340 0.0429462 0.875 414.438 0.176471 0.5 0 0
14350 0.0429462 0.875 414.438 0.176471 0.5 0 0
14360 0.0429258 0.9375 415.375 0.176471 0.5 0 0
14370 0.0429258 0.9375 415.375 0.176471 0.5 0 0
14380 0.0429206 1 416.375 0.176471 0.5 0 0
14390 0.0429206 1 416.375 0.176471 0.5 0 0
14400 0.04291 1 417.375 0.176471 0.5 0 0
14410 0.04291 1 417.375 0.176471 0.5 0 0
14420 0.0428808 1 418.375 0.176471 0.5 0 0
14430 0.0428808 1 418.375 0.176471 0.5 0 0
14440 0.042838 1 419.375 0.176471 0.5 0 0
14450 0.042838 1 419.375 0.172549 0.5 0 0
14460 0.0428114 1 420.375 0.176471 0.5 0 0
14470 0.0428114 1 420.375 0.176471 0.5 0 0
14480 0.0427804 0.8125 421.188 0.176471 0.5 0 0
14490 0.0427804 0.8125 421.188 0.176471 0.5 0 0
14500 0.04251 0.8125 422 0.176471 0.5 0 0
14510 0.04251 0.8125 422 0.176471 0.5 0 0
14520 0.0421542 0.8125 422.812 0.176471 0.5 0 0
14530 0.0421542 0.8125 422.812 0.176471 0.5 0 0
14540 0.0419697 0.8125 423.625 0.176471 0.5 0 0
14550 0.0419697 0.8125 423.625 0.176471 0.5 0 0
14560 0.0417901 0.8125 424.438 0.176471 0.5 0 0
14570 0.0417901 0.8125 424.438 0.176471 0.5 0 0
14580 0.0417449 0.8125 425.25 0.172549 0.5 0 0
14590 0.0417449 0.8125 425.25 0.176471 0.5 0 0
14600 0.0417399 0.8125 426.062 0.176471 0.5 0 0
14610 0.0417399 0.8125 426.062 0.176471 0.5 0 0
14620 0.041736 0.75 426.812 0.176471 0.5 0 0
14630 0.041736 0.75 426.812 0.172549 0.5 0 0
14640 0.041709 0.75 427.562 0.172549 0.5 0 0
14650 0.041709 0.75 427.562 0.176471 0.5 0 0
14660 0.0416905 0.75 428.312 0.172549 0.5 0 0
14670 0.0416905 0.75 428.312 0.176471 0.5 0 0
14680 0.0416905 0.75 429.062 0.176471 0.5 0 0
14690 0.0416905 0.75 429.062 0.176471 0.5 0 0
14700 0.0416905 0.75 429.812 0.176471 0.5 0 0
14710 0.0416905 0.75 429.812 0.176471 0.5 0 0
14720 0.0416707 0.6875 430.5 0.176471 0.5 0 0
14730 0.0416707 0.6875 430.5 0.176471 0.5 0 0
14740 0.0415634 0.8125 431.312 0.176471 0.5 0 0
14750 0.0415634 0.8125 431.312 0.176471 0.5 0 0
14760 0.0415147 0.8125 432.125 0.176471 0.5 0 0
14770 0.0415147 0.8125 432.125 0.176471 0.5 0 0
14780 0.0415185 0.875 433 0.176471 0.5 0 0
14790 0.0415185 0.875 433 0.176471 0.5 0 0
14800 0.041506 0.875 433.875 0.172549 0.5 0 0
14810 0.041506 0.875 433.875 0.176471 0.5 0 0
14820 0.0415047 0.875 434.75 0.176471 0.5 0 0
14830 0.0415047 0.875 434.75 0.176471 0.5 0 0
14840 0.0414983 0.875 435.625 0.172549 0.5 0 0
14850 0.0414983 0.875 435.625 0.176471 0.5 0 0
14860 0.0414263 0.875 436.5 0.176471 0.5 0 0
14870 0.0414263 0.875 436.5 0.176471 0.5 0 0
14880 0.0411228 0.875 437.375 0.176471 0.5 0 0
14890 0.0411228 0.875 437.375 0.172549 0.5 0 0
14900 0.0407981 0.75 438.125 0.176471 0.5 0 0
14910 0.0407981 0.75 438.125 0.176471 0.5 0 0
14920 0.0406447 0.6875 438.812 0.176471 0.5 0 0
14930 0.0406447 0.6875 438.812 0.176471 0.5 0 0
14940 0.0409432 0.6875 439.5 0.176471 0.5 0 0
14950 0.0409432 0.6875 439.5 0.176471 0.5 0 0
14960 0.0409964 0.8125 440.312 0.176471 0.5 0 0
14970 0.0409964 0.8125 440.312 0.176471 0.5 0 0
14980 0.0412696 0.8125 441.125 0.180392 0.5 0 0
14990 0.0412696 0.8125 441.125 0.188235 0.5 0 0
15000 0.0413602 0.875 442 0.192157 0.5 0 0
15010 0.0413602 0.875 442 0.188235 0.5 0 0
15020 0.0413442 0.875 442.875 0.192157 0.5 0 0
15030 0.0413442 0.875 442.875 0.196078 0.5 0 0
15040 0.0413613 0.875 443.75 0.192157 0.5 0 0
15050 0.0413613 0.875 443.75 0.180392 0.5 0 0
15060 0.0404527 0.875 444.625 0.168627 0.5 0 0
15070 0.0404527 0.875 444.625 0.176471 0.5 0 0
15080 0.0396518 0.9375 445.562 0.180392 0.5 0 0
15090 0.0396518 0.9375 445.562 0.180392 0.5 0 0
15100 0.0396311 0.9375 446.5 0.176471 0.5 0 0
15110 0.0396311 0.9375 446.5 0.180392 0.5 0 0
15120 0.0396255 0.75 447.25 0.180392 0.5 0 0
15130 0.0396255 0.75 447.25 0.180392 0.5 0 0
15140 0.0393404 0.875 448.125 0.180392 0.5 0 0
15150 0.0393404 0.875 448.125 0.184314 0.5 0 0
15160 0.0392055 0.9375 449.062 0.184314 0.5 0 0
15170 0.0392055 0.9375 449.062 0.180392 0.5 0 0
15180 0.039199 0.8125 449.875 0.184314 0.5 0 0
15190 0.039199 0.8125 449.875 0.184314 0.5 0 0
15200 0.0391909 0.8125 450.688 0.184314 0.5 0 0
15210 0.0391909 0.8125 450.688 0.184314 0.5 0 0
15220 0.0391839 0.9375 451.625 0.180392 0.5 0 0
15230 0.0391839 0.9375 451.625 0.184314 0.5 0 0
15240 0.0391773 0.875 452.5 0.184314 0.5 0 0
15250 0.0391773 0.875 452.5 0.180392 0.5 0 0
15260 0.0391188 0.8125 453.312 0.184314 0.5 0 0
15270 0.0391188 0.8125 453.312 0.184314 0.5 0 0
15280 0.0389773 0.8125 454.125 0.188235 0.5 0 0
15290 0.0389773 0.8125 454.125 0.188235 0.5 0 0
15300 0.0386544 0.8125 454.938 0.188235 0.5 0 0
15310 0.0386544 0.8125 454.938 0.188235 0.5 0 0
15320 0.0386282 0.875 455.812 0.188235 0.5 0 0
15330 0.0386282 0.875 455.812 0.184314 0.5 0 0
15340 0.0386282 0.6875 456.5 0.188235 0.5 0 0
15350 0.0386282 0.6875 456.5 0.184314 0.5 0 0
15360 0.0386282 0.75 457.25 0.188235 0.5 0 0
15370 0.0386282 0.75 457.25 0.188235 0.5 0 0
15380 0.0386282 0.75 458 0.188235 0.5 0 0
15390 0.0386282 0.75 458 0.184314 0.5 0 0
15400 0.0386224 0.75 458.75 0.184314 0.5 0 0
15410 0.0386224 0.75 458.75 0.188235 0.5 0 0
15420 0.038571 0.6875 459.438 0.188235 0.5 0 0
15430 0.038571 0.6875 459.438 0.184314 0.5 0 0
15440 0.0385448 0.625 460.062 0.184314 0.5 0 0
15450 0.0385448 0.625 460.062 0.184314 0.5 0 0
15460 0.0385446 0.625 460.688 0.188235 0.5 0 0
15470 0.0385446 0.625 460.688 0.188235 0.5 0 0
15480 0.0385446 0.625 461.312 0.188235 0.5 0 0
15490 0.0385446 0.625 461.312 0.188235 0.5 0 0
15500 0.0385391 0.6875 462 0.188235 0.5 0 0
15510 0.0385391 0.6875 462 0.184314 0.5 0 0
15520 0.0385298 0.6875 462.688 0.184314 0.5 0 0
15530 0.0385298 0.6875 462.688 0.188235 0.5 0 0
15540 0.0385063 0.6875 463.375 0.192157 0.5 0 0
15550 0.0385063 0.6875 463.375 0.188235 0.5 0 0
15560 0.0384681 0.6875 464.062 0.188235 0.5 0 0
15570 0.0384681 0.6875 464.062 0.188235 0.5 0 0
15580 0.0384432 0.6875 464.75 0.188235 0.5 0 0
15590 0.0384432 0.6875 464.75 0.184314 0.5 0 0
15600 0.0384302 0.625 465.375 0.184314 0.5 0 0
15610 0.0384302 0.625 465.375 0.184314 0.5 0 0
15620 0.0384068 0.625 466 0.184314 0.5 0 0
15630 0.0384068 0.625 466 0.188235 0.5 0 0
15640 0.0384147 0.6875 466.688 0.188235 0.5 0 0
15650 0.0384147 0.6875 466.688 0.180392 0.5 0 0
15660 0.0388448 0.75 467.438 0.172549 0.5 0 0
15670 0.0388448 0.75 467.438 0.172549 0.5 0 0
15680 0.0387552 0.8125 468.25 0.172549 0.5 0 0
15690 0.0387552 0.8125 468.25 0.176471 0.5 0 0
15700 0.0383472 0.8125 469.062 0.176471 0.5 0 0
15710 0.0383472 0.8125 469.062 0.172549 0.5 0 0
15720 0.0379337 0.875 469.938 0.172549 0.5 0 0
15730 0.0379337 0.875 469.938 0.168627 0.5 0 0
15740 0.0371203 0.8125 470.75 0.168627 0.5 0 0
15750 0.0371203 0.8125 470.75 0.164706 0.5 0 0
15760 0.0367786 0.8125 471.562 0.164706 0.5 0 0
15770 0.0367786 0.8125 471.562 0.164706 0.5 0 0
15780 0.0365431 0.8125 472.375 0.164706 0.5 0 0
15790 0.0365431 0.8125 472.375 0.164706 0.5 0 0
15800 0.0364148 0.75 473.125 0.164706 0.5 0 0
15810 0.0364148 0.75 473.125 0.164706 0.5 0 0
15820 0.0362579 0.75 473.875 0.160784 0.5 0 0
15830 0.0362579 0.75 473.875 0.160784 0.5 0 0
15840 0.0359889 0.875 474.75 0.164706 0.5 0 0
15850 0.0359889 0.875 474.75 0.160784 0.5 0 0
15860 0.0355877 0.875 475.625 0.160784 0.5 0 0
15870 0.0355877 0.875 475.625 0.156863 0.5 0 0
15880 0.0352684 0.875 476.5 0.160784 0.5 0 0
15890 0.0352684 0.875 476.5 0.160784 0.5 0 0
15900 0.0350253 0.875 477.375 0.156863 0.5 0 0
15910 0.0350253 0.875 477.375 0.156863 0.5 0 0
15920 0.0349184 0.875 478.25 0.156863 0.5 0 0
15930 0.0349184 0.875 478.25 0.160784 0.5 0 0
15940 0.0349145 0.875 479.125 0.156863 0.5 0 0
15950 0.0349145 0.875 479.125 0.156863 0.5 0 0
15960 0.0349055 0.75 479.875 0.156863 0.5 0 0
15970 0.0349055 0.75 479.875 0.156863 0.5 0 0
15980 0.0348942 0.875 480.75 0.156863 0.5 0 0
15990 0.0348942 0.875 480.75 0.156863 0.5 0 0
16000 0.0348803 0.875 481.625 0.160784 0.5 0 0
16010 0.0348803 0.875 481.625 0.156863 0.5 0 0
16020 0.0348389 0.875 482.5 0.156863 0.5 0 0
16030 0.0348389 0.875 482.5 0.156863 0.5 0 0
16040 0.0348068 0.875 483.375 0.156863 0.5 0 0
16050 0.0348068 0.875 483.375 0.156863 0.5 0 0
16060 0.0347929 0.875 484.25 0.156863 0.5 0 0
16070 0.0347929 0.875 484.25 0.156863 0.5 0 0
16080 0.0347705 0.875 485.125 0.160784 0.5 0 0
16090 0.0347705 0.875 485.125 0.156863 0.5 0 0
16100 0.0347592 0.75 485.875 0.156863 0.5 0 0
16110 0.0347592 0.75 485.875 0.156863 0.5 0 0
16120 0.0347393 0.6875 486.562 0.156863 0.5 0 0
16130 0.0347393 0.6875 486.562 0.156863 0.5 0 0
16140 0.0346021 0.75 487.312 0.160784 0.5 0 0
16150 0.0346021 0.75 487.312 0.156863 0.5 0 0
16160 0.0345559 0.8125 488.125 0.160784 0.5 0 0
16170 0.0345559 0.8125 488.125 0.156863 0.5 0 0
16180 0.0345368 0.9375 489.062 0.160784 0.5 0 0
16190 0.0345368 0.9375 489.062 0.156863 0.5 0 0
16200 0.0345323 0.9375 490 0.160784 0.5 0 0
16210 0.0345323 0.9375 490 0.160784 0.5 0 0
16220 0.0345256 0.9375 490.938 0.156863 0.5 0 0
16230 0.0345256 0.9375 490.938 0.156863 0.5 0 0
16240 0.0345179 0.9375 491.875 0.156863 0.5 0 0
16250 0.0345179 0.9375 491.875 0.156863 0.5 0 0
16260 0.0344961 0.9375 492.812 0.156863 0.5 0 0
16270 0.0344961 0.9375 492.812 0.156863 0.5 0 0
16280 0.0344721 0.875 493.688 0.160784 0.5 0 0
16290 0.0344721 0.875 493.688 0.156863 0.5 0 0
16300 0.0344403 0.9375 494.625 0.156863 0.5 0 0
16310 0.0344403 0.9375 494.625 0.156863 0.5 0 0
16320 0.0344008 0.9375 495.562 0.156863 0.5 0 0
16330 0.0344008 0.9375 495.562 0.156863 0.5 0 0
16340 0.0343301 0.9375 496.5 0.160784 0.5 0 0
16350 0.0343301 0.9375 496.5 0.156863 0.5 0 0
16360 0.0342985 0.8125 497.312 0.156863 0.5 0 0
16370 0.0342985 0.8125 497.312 0.160784 0.5 0 0
16380 0.0340794 0.75 498.062 0.160784 0.5 0 0
16390 0.0340794 0.75 498.062 0.160784 0.5 0 0
16400 0.03377 0.75 498.812 0.160784 0.5 0 0
16410 0.03377 0.75 498.812 0.160784 0.5 0 0
16420 0.0335752 0.8125 499.625 0.160784 0.5 0 0
16430 0.0335752 0.8125 499.625 0.160784 0.5 0 0
16440 0.0335513 0.8125 500.438 0.160784 0.5 0 0
16450 0.0335513 0.8125 500.438 0.160784 0.5 0 0
16460 0.0335463 0.8125 501.25 0.160784 0.5 0 0
16470 0.0335463 0.8125 501.25 0.160784 0.5 0 0
16480 0.0335233 0.75 502 0.160784 0.5 0 0
16490 0.0335233 0.75 502 0.160784 0.5 0 0
16500 0.0335193 0.75 502.75 0.160784 0.5 0 0
16510 0.0335193 0.75 502.75 0.160784 0.5 0 0
16520 0.0335164 0.625 503.375 0.160784 0.5 0 0
16530 0.0335164 0.625 503.375 0.160784 0.5 0 0
16540 0.0335135 0.8125 504.188 0.160784 0.5 0 0
16550 0.0335135 0.8125 504.188 0.160784 0.5 0 0
16560 0.0335437 0.9375 505.125 0.160784 0.5 0 0
16570 0.0335437 0.9375 505.125 0.160784 0.5 0 0
16580 0.0335447 0.875 506 0.160784 0.5 0 0
16590 0.0335447 0.875 506 0.160784 0.5 0 0
16600 0.0335482 0.9375 506.938 0.160784 0.5 0 0
16610 0.0335482 0.9375 506.938 0.160784 0.5 0 0
16620 0.033552 0.9375 507.875 0.160784 0.5 0 0
16630 0.033552 0.9375 507.875 0.160784 0.5 0 0
16640 0.0335569 0.9375 508.812 0.160784 0.5 0 0
16650 0.0335569 0.9375 508.812 0.160784 0.5 0 0
16660 0.0335115 0.75 509.562 0.160784 0.5 0 0
16670 0.0335115 0.75 509.562 0.160784 0.5 0 0
16680 0.0334503 0.8125 510.375 0.160784 0.5 0 0
16690 0.0334503 0.8125 510.375 0.160784 0.5 0 0
16700 0.0334399 0.75 511.125 0.164706 0.5 0 0
16710 0.0334399 0.75 511.125 0.164706 0.5 0 0
16720 0.0334289 0.8125 511.938 0.160784 0.5 0 0
16730 0.0334289 0.8125 511.938 0.160784 0.5 0 0
16740 0.0334366 0.8125 512.75 0.160784 0.5 0 0
16750 0.0334366 0.8125 512.75 0.160784 0.5 0 0
16760 0.0334437 0.8125 513.562 0.160784 0.5 0 0
16770 0.0334437 0.8125 513.562 0.160784 0.5 0 0
16780 0.033527 0.6875 514.25 0.160784 0.5 0 0
16790 0.033527 0.6875 514.25 0.160784 0.5 0 0
16800 0.0335137 0.6875 514.938 0.160784 0.5 0 0
16810 0.0335137 0.6875 514.938 0.160784 0.5 0 0
16820 0.033499 0.6875 515.625 0.164706 0.5 0 0
16830 0.033499 0.6875 515.625 0.160784 0.5 0 0
16840 0.0334849 0.6875 516.312 0.164706 0.5 0 0
16850 0.0334849 0.6875 516.312 0.160784 0.5 0 0
16860 0.0334676 0.6875 517 0.160784 0.5 0 0
16870 0.0334676 0.6875 517 0.164706 0.5 0 0
16880 0.0334413 0.6875 517.688 0.160784 0.5 0 0
16890 0.0334413 0.6875 517.688 0.164706 0.5 0 0
16900 0.033422 0.75 518.438 0.160784 0.5 0 0
16910 0.033422 0.75 518.438 0.164706 0.5 0 0
16920 0.0334213 0.75 519.188 0.160784 0.5 0 0
16930 0.0334213 0.75 519.188 0.160784 0.5 0 0
16940 0.0334501 0.9375 520.125 0.164706 0.5 0 0
16950 0.0334501 0.9375 520.125 0.160784 0.5 0 0
16960 0.0334024 0.9375 521.062 0.160784 0.5 0 0
16970 0.0334024 0.9375 521.062 0.160784 0.5 0 0
16980 0.0334202 0.875 521.938 0.160784 0.5 0 0
16990 0.0334202 0.875 521.938 0.160784 0.5 0 0
17000 0.0334347 0.875 522.812 0.160784 0.5 0 0
17010 0.0334347 0.875 522.812 0.160784 0.5 0 0
17020 0.0334435 0.875 523.688 0.160784 0.5 0 0
17030 0.0334435 0.875 523.688 0.160784 0.5 0 0
17040 0.0334509 0.9375 524.625 0.160784 0.5 0 0
17050 0.0334509 0.9375 524.625 0.160784 0.5 0 0
17060 0.0334253 0.9375 525.562 0.160784 0.5 0 0
17070 0.0334253 0.9375 525.562 0.160784 0.5 0 0
17080 0.0334029 0.9375 526.5 0.160784 0.5 0 0
17090 0.0334029 0.9375 526.5 0.160784 0.5 0 0
17100 0.033356 0.9375 527.438 0.160784 0.5 0 0
17110 0.033356 0.9375 527.438 0.156863 0.5 0 0
17120 0.033311 0.9375 528.375 0.164706 0.5 0 0
17130 0.033311 0.9375 528.375 0.160784 0.5 0 0
17140 0.0332721 0.9375 529.312 0.160784 0.5 0 0
17150 0.0332721 0.9375 529.312 0.156863 0.5 0 0
17160 0.033259 0.8125 530.125 0.160784 0.5 0 0
17170 0.033259 0.8125 530.125 0.160784 0.5 0 0
17180 0.0332541 0.875 531 0.160784 0.5 0 0
17190 0.0332541 0.875 531 0.156863 0.5 0 0
17200 0.0332573 0.9375 531.938 0.160784 0.5 0 0
17210 0.0332573 0.9375 531.938 0.160784 0.5 0 0
17220 0.0332656 0.875 532.812 0.156863 0.5 0 0
17230 0.0332656 0.875 532.812 0.160784 0.5 0 0
17240 0.0332526 0.9375 533.75 0.160784 0.5 0 0
17250 0.0332526 0.9375 533.75 0.160784 0.5 0 0
17260 0.0332173 0.9375 534.688 0.164706 0.5 0 0
17270 0.0332173 0.9375 534.688 0.160784 0.5 0 0
17280 0.0332073 0.9375 535.625 0.164706 0.5 0 0
17290 0.0332073 0.9375 535.625 0.164706 0.5 0 0
17300 0.0332102 0.9375 536.562 0.164706 0.5 0 0
17310 0.0332102 0.9375 536.562 0.160784 0.5 0 0
17320 0.0332164 0.8125 537.375 0.160784 0.5 0 0
17330 0.0332164 0.8125 537.375 0.164706 0.5 0 0
17340 0.0332516 0.6875 538.062 0.160784 0.5 0 0
17350 0.0332516 0.6875 538.062 0.160784 0.5 0 0
17360 0.0332457 0.6875 538.75 0.164706 0.5 0 0
17370 0.0332457 0.6875 538.75 0.164706 0.5 0 0
17380 0.0332249 0.6875 539.438 0.164706 0.5 0 0
17390 0.0332249 0.6875 539.438 0.164706 0.5 0 0
17400 0.0331867 0.6875 540.125 0.160784 0.5 0 0
17410 0.0331867 0.6875 540.125 0.164706 0.5 0 0
17420 0.0330572 0.6875 540.812 0.168627 0.5 0 0
17430 0.0330572 0.6875 540.812 0.168627 0.5 0 0
17440 0.032993 0.6875 541.5 0.164706 0.5 0 0
17450 0.032993 0.6875 541.5 0.168627 0.5 0 0
17460 0.0329791 0.6875 542.188 0.164706 0.5 0 0
17470 0.0329791 0.6875 542.188 0.164706 0.5 0 0
17480 0.0329813 0.6875 542.875 0.168627 0.5 0 0
17490 0.0329813 0.6875 542.875 0.168627 0.5 0 0
17500 0.0329821 0.5625 543.438 0.168627 0.5 0 0
17510 0.0329821 0.5625 543.438 0.168627 0.5 0 0
17520 0.0329826 0.4375 543.875 0.168627 0.5 0 0
17530 0.0329826 0.4375 543.875 0.168627 0.5 0 0
17540 0.0329821 0.4375 544.312 0.164706 0.5 0 0
17550 0.0329821 0.4375 544.312 0.168627 0.5 0 0
17560 0.0329819 0.5625 544.875 0.168627 0.5 0 0
17570 0.0329819 0.5625 544.875 0.172549 0.5 0 0
17580 0.0329823 0.625 545.5 0.168627 0.5 0 0
17590 0.0329823 0.625 545.5 0.168627 0.5 0 0
17600 0.0328424 0.625 546.125 0.168627 0.5 0 0
17610 0.0328424 0.625 546.125 0.168627 0.5 0 0
17620 0.032817 0.625 546.75 0.172549 0.5 0 0
17630 0.032817 0.625 546.75 0.168627 0.5 0 0
17640 0.0328179 0.625 547.375 0.168627 0.5 0 0
17650 0.0328179 0.625 547.375 0.172549 0.5 0 0
17660 0.032817 0.625 548 0.172549 0.5 0 0
17670 0.032817 0.625 548 0.168627 0.5 0 0
17680 0.0328148 0.625 548.625 0.172549 0.5 0 0
17690 0.0328148 0.625 548.625 0.172549 0.5 0 0
17700 0.0328147 0.625 549.25 0.168627 0.5 0 0
17710 0.0328147 0.625 549.25 0.172549 0.5 0 0
17720 0.0328204 0.4375 549.688 0.168627 0.5 0 0
17730 0.0328204 0.4375 549.688 0.168627 0.5 0 0
17740 0.0328251 0.5 550.188 0.168627 0.5 0 0
17750 0.0328251 0.5 550.188 0.172549 0.5 0 0
17760 0.0328244 0.5 550.688 0.172549 0.5 0 0
17770 0.0328244 0.5 550.688 0.168627 0.5 0 0
17780 0.0328243 0.5 551.188 0.168627 0.5 0 0
17790 0.0328243 0.5 551.188 0.168627 0.5 0 0
17800 0.0328237 0.5 551.688 0.172549 0.5 0 0
17810 0.0328237 0.5 551.688 0.172549 0.5 0 0
17820 0.0328232 0.5 552.188 0.172549 0.5 0 0
17830 0.0328232 0.5 552.188 0.172549 0.5 0 0
17840 0.0328217 0.5 552.688 0.172549 0.5 0 0
17850 0.0328217 0.5 552.688 0.172549 0.5 0 0
17860 0.032821 0.6875 553.375 0.172549 0.5 0 0
17870 0.032821 0.6875 553.375 0.168627 0.5 0 0
17880 0.0328203 0.6875 554.062 0.172549 0.5 0 0
17890 0.0328203 0.6875 554.062 0.172549 0.5 0 0
17900 0.0328191 0.6875 554.75 0.172549 0.5 0 0
17910 0.0328191 0.6875 554.75 0.172549 0.5 0 0
17920 0.0328177 0.6875 555.438 0.172549 0.5 0 0
17930 0.0328177 0.6875 555.438 0.172549 0.5 0 0
17940 0.0328175 0.625 556.062 0.172549 0.5 0 0
17950 0.0328175 0.625 556.062 0.172549 0.5 0 0
17960 0.0328165 0.625 556.688 0.172549 0.5 0 0
17970 0.0328165 0.625 556.688 0.168627 0.5 0 0
17980 0.0328149 0.6875 557.375 0.172549 0.5 0 0
17990 0.0328149 0.6875 557.375 0.168627 0.5 0 0
18000 0.0328135 0.6875 558.062 0.172549 0.5 0 0
18010 0.0328135 0.6875 558.062 0.172549 0.5 0 0
18020 0.0328115 0.6875 558.75 0.172549 0.5 0 0
18030 0.0328115 0.6875 558.75 0.172549 0.5 0 0
18040 0.0328093 0.6875 559.438 0.172549 0.5 0 0
18050 0.0328093 0.6875 559.438 0.168627 0.5 0 0
18060 0.0328094 0.6875 560.125 0.172549 0.5 0 0
18070 0.0328094 0.6875 560.125 0.176471 0.5 0 0
18080 0.0328065 0.6875 560.812 0.172549 0.5 0 0
18090 0.0328065 0.6875 560.812 0.172549 0.5 0 0
18100 0.0328068 0.6875 561.5 0.172549 0.5 0 0
18110 0.0328068 0.6875 561.5 0.172549 0.5 0 0
18120 0.0328026 0.6875 562.188 0.168627 0.5 0 0
18130 0.0328026 0.6875 562.188 0.172549 0.5 0 0
18140 0.0327783 0.75 562.938 0.172549 0.5 0 0
18150 0.0327783 0.75 562.938 0.172549 0.5 0 0
18160 0.032766 0.75 563.688 0.172549 0.5 0 0
18170 0.032766 0.75 563.688 0.172549 0.5 0 0
18180 0.0327611 0.75 564.438 0.172549 0.5 0 0
18190 0.0327611 0.75 564.438 0.176471 0.5 0 0
18200 0.0327579 0.6875 565.125 0.176471 0.5 0 0
18210 0.0327579 0.6875 565.125 0.168627 0.5 0 0
18220 0.0327301 0.6875 565.812 0.168627 0.5 0 0
18230 0.0327301 0.6875 565.812 0.172549 0.5 0 0
18240 0.0327234 0.6875 566.5 0.172549 0.5 0 0
18250 0.0327234 0.6875 566.5 0.176471 0.5 0 0
18260 0.0327166 0.6875 567.188 0.176471 0.5 0 0
18270 0.0327166 0.6875 567.188 0.168627 0.5 0 0
18280 0.0327012 0.5 567.688 0.176471 0.5 0 0
18290 0.0327012 0.5 567.688 0.172549 0.5 0 0
18300 0.0326876 0.5625 568.25 0.168627 0.5 0 0
18310 0.0326876 0.5625 568.25 0.176471 0.5 0 0
18320 0.0326653 0.5625 568.812 0.172549 0.5 0 0
18330 0.0326653 0.5625 568.812 0.172549 0.5 0 0
18340 0.0326328 0.8125 569.625 0.168627 0.5 0 0
18350 0.0326328 0.8125 569.625 0.172549 0.5 0 0
18360 0.0329178 0.8125 570.438 0.172549 0.5 0 0
18370 0.0329178 0.8125 570.438 0.168627 0.5 0 0
18380 0.0329447 0.8125 571.25 0.172549 0.5 0 0
18390 0.0329447 0.8125 571.25 0.172549 0.5 0 0
18400 0.0329229 0.875 572.125 0.172549 0.5 0 0
18410 0.0329229 0.875 572.125 0.168627 0.5 0 0
18420 0.0328769 0.875 573 0.168627 0.5 0 0
18430 0.0328769 0.875 573 0.164706 0.5 0 0
18440 0.0328314 0.875 573.875 0.168627 0.5 0 0
18450 0.0328314 0.875 573.875 0.172549 0.5 0 0
18460 0.0327962 0.875 574.75 0.168627 0.5 0 0
18470 0.0327962 0.875 574.75 0.164706 0.5 0 0
18480 0.0326771 0.875 575.625 0.168627 0.5 0 0
18490 0.0326771 0.875 575.625 0.160784 0.5 0 0
18500 0.0322903 0.875 576.5 0.164706 0.5 0 0
18510 0.0322903 0.875 576.5 0.164706 0.5 0 0
18520 0.0317714 0.75 577.25 0.156863 0.5 0 0
18530 0.0317714 0.75 577.25 0.152941 0.5 0 0
18540 0.0317243 0.8125 578.062 0.14902 0.5 0 0
18550 0.0317243 0.8125 578.062 0.152941 0.5 0 0
18560 0.0315993 0.8125 578.875 0.14902 0.5 0 0
18570 0.0315993 0.8125 578.875 0.145098 0.5 0 0
18580 0.0314756 0.9375 579.812 0.145098 0.5 0 0
18590 0.0314756 0.9375 579.812 0.14902 0.5 0 0
18600 0.0314338 1 580.812 0.145098 0.5 0 0
18610 0.0314338 1 580.812 0.145098 0.5 0 0
18620 0.0312858 1 581.812 0.141176 0.5 0 0
18630 0.0312858 1 581.812 0.141176 0.5 0 0
18640 0.0311863 1 582.812 0.141176 0.5 0 0
18650 0.0311863 1 582.812 0.141176 0.5 0 0
18660 0.0310647 1 583.812 0.141176 0.5 0 0
18670 0.0310647 1 583.812 0.141176 0.5 0 0
18680 0.0309719 0.9375 584.75 0.141176 0.5 0 0
18690 0.0309719 0.9375 584.75 0.141176 0.5 0 0
18700 0.0307467 0.875 585.625 0.141176 0.5 0 0
18710 0.0307467 0.875 585.625 0.137255 0.5 0 0
18720 0.0305428 1 586.625 0.137255 0.5 0 0
18730 0.0305428 1 586.625 0.141176 0.5 0 0
18740 0.0303887 1 587.625 0.141176 0.5 0 0
18750 0.0303887 1 587.625 0.141176 0.5 0 0
18760 0.0302767 1 588.625 0.137255 0.5 0 0
18770 0.0302767 1 588.625 0.141176 0.5 0 0
18780 0.0301597 1 589.625 0.137255 0.5 0 0
18790 0.0301597 1 589.625 0.141176 0.5 0 0
18800 0.030083 1 590.625 0.145098 0.5 0 0
18810 0.030083 1 590.625 0.141176 0.5 0 0
18820 0.0300448 1 591.625 0.141176 0.5 0 0
18830 0.0300448 1 591.625 0.145098 0.5 0 0
18840 0.0300012 1 592.625 0.145098 0.5 0 0
18850 0.0300012 1 592.625 0.145098 0.5 0 0
18860 0.0299172 1 593.625 0.145098 0.5 0 0
18870 0.0299172 1 593.625 0.141176 0.5 0 0
18880 0.0299023 1 594.625 0.141176 0.5 0 0
18890 0.0299023 1 594.625 0.145098 0.5 0 0
18900 0.0298921 1 595.625 0.141176 0.5 0 0
18910 0.0298921 1 595.625 0.141176 0.5 0 0
18920 0.029846 1 596.625 0.145098 0.5 0 0
18930 0.029846 1 596.625 0.141176 0.5 0 0
18940 0.0297464 1 597.625 0.141176 0.5 0 0
18950 0.0297464 1 597.625 0.141176 0.5 0 0
18960 0.0296734 0.8125 598.438 0.141176 0.5 0 0
18970 0.0296734 0.8125 598.438 0.141176 0.5 0 0
18980 0.0296889 0.8125 599.25 0.141176 0.5 0 0
18990 0.0296889 0.8125 599.25 0.137255 0.5 0 0
19000 0.029592 0.8125 600.062 0.141176 0.5 0 0
19010 0.029592 0.8125 600.062 0.137255 0.5 0 0
19020 0.0295334 0.75 600.812 0.141176 0.5 0 0
19030 0.0295334 0.75 600.812 0.137255 0.5 0 0
19040 0.0295006 0.75 601.562 0.137255 0.5 0 0
19050 0.0295006 0.75 601.562 0.137255 0.5 0 0
19060 0.0294748 0.75 602.312 0.137255 0.5 0 0
19070 0.0294748 0.75 602.312 0.137255 0.5 0 0
19080 0.029369 0.8125 603.125 0.137255 0.5 0 0
19090 0.029369 0.8125 603.125 0.137255 0.5 0 0
19100 0.029332 0.6875 603.812 0.133333 0.5 0 0
19110 0.029332 0.6875 603.812 0.137255 0.5 0 0
19120 0.0293061 0.75 604.562 0.137255 0.5 0 0
19130 0.0293061 0.75 604.562 0.137255 0.5 0 0
19140 0.0292322 0.875 605.438 0.137255 0.5 0 0
19150 0.0292322 0.875 605.438 0.133333 0.5 0 0
19160 0.0291762 0.9375 606.375 0.137255 0.5 0 0
19170 0.0291762 0.9375 606.375 0.137255 0.5 0 0
19180 0.0291451 0.9375 607.312 0.133333 0.5 0 0
19190 0.0291451 0.9375 607.312 0.137255 0.5 0 0
19200 0.0292079 1 608.312 0.137255 0.5 0 0
19210 0.0292079 1 608.312 0.137255 0.5 0 0
19220 0.029204 1 609.312 0.133333 0.5 0 0
19230 0.029204 1 609.312 0.133333 0.5 0 0
19240 0.0292036 1 610.312 0.137255 0.5 0 0
19250 0.0292036 1 610.312 0.133333 0.5 0 0
19260 0.029183 0.9375 611.25 0.133333 0.5 0 0
19270 0.029183 0.9375 611.25 0.133333 0.5 0 0
19280 0.0290493 0.875 612.125 0.133333 0.5 0 0
19290 0.0290493 0.875 612.125 0.133333 0.5 0 0
19300 0.02891 0.875 613 0.133333 0.5 0 0
19310 0.02891 0.875 613 0.133333 0.5 0 0
19320 0.0287402 0.9375 613.938 0.133333 0.5 0 0
19330 0.0287402 0.9375 613.938 0.133333 0.5 0 0
19340 0.0287141 0.9375 614.875 0.133333 0.5 0 0
19350 0.0287141 0.9375 614.875 0.133333 0.5 0 0
19360 0.0287004 0.9375 615.812 0.137255 0.5 0 0
19370 0.0287004 0.9375 615.812 0.137255 0.5 0 0
19380 0.0287138 0.8125 616.625 0.137255 0.5 0 0
19390 0.0287138 0.8125 616.625 0.133333 0.5 0 0
19400 0.0287062 0.625 617.25 0.137255 0.5 0 0
19410 0.0287062 0.625 617.25 0.133333 0.5 0 0
19420 0.0286869 0.625 617.875 0.137255 0.5 0 0
19430 0.0286869 0.625 617.875 0.137255 0.5 0 0
19440 0.0286865 0.6875 618.562 0.137255 0.5 0 0
19450 0.0286865 0.6875 618.562 0.133333 0.5 0 0
19460 0.0286865 0.8125 619.375 0.137255 0.5 0 0
19470 0.0286865 0.8125 619.375 0.133333 0.5 0 0
19480 0.0286865 0.875 620.25 0.137255 0.5 0 0
19490 0.0286865 0.875 620.25 0.137255 0.5 0 0
19500 0.0286865 0.875 621.125 0.137255 0.5 0 0
19510 0.0286865 0.875 621.125 0.137255 0.5 0 0
19520 0.0286831 0.75 621.875 0.137255 0.5 0 0
19530 0.0286831 0.75 621.875 0.137255 0.5 0 0
19540 0.0286743 0.75 622.625 0.137255 0.5 0 0
19550 0.0286743 0.75 622.625 0.133333 0.5 0 0
19560 0.0286743 0.8125 623.438 0.137255 0.5 0 0
19570 0.0286743 0.8125 623.438 0.137255 0.5 0 0
19580 0.0286743 0.625 624.062 0.137255 0.5 0 0
19590 0.0286743 0.625 624.062 0.133333 0.5 0 0
19600 0.0286648 0.75 624.812 0.133333 0.5 0 0
19610 0.0286648 0.75 624.812 0.137255 0.5 0 0
19620 0.0286548 0.75 625.562 0.137255 0.5 0 0
19630 0.0286548 0.75 625.562 0.137255 0.5 0 0
19640 0.0286213 0.75 626.312 0.137255 0.5 0 0
19650 0.0286213 0.75 626.312 0.137255 0.5 0 0
19660 0.0286025 0.75 627.062 0.137255 0.5 0 0
19670 0.0286025 0.75 627.062 0.133333 0.5 0 0
19680 0.0284065 0.875 627.938 0.133333 0.5 0 0
19690 0.0284065 0.875 627.938 0.133333 0.5 0 0
19700 0.028375 0.875 628.812 0.137255 0.5 0 0
19710 0.028375 0.875 628.812 0.133333 0.5 0 0
19720 0.0283456 0.875 629.688 0.133333 0.5 0 0
19730 0.0283456 0.875 629.688 0.129412 0.5 0 0
19740 0.0283112 0.875 630.562 0.133333 0.5 0 0
19750 0.0283112 0.875 630.562 0.133333 0.5 0 0
19760 0.0282688 0.9375 631.5 0.133333 0.5 0 0
19770 0.0282688 0.9375 631.5 0.129412 0.5 0 0
19780 0.0282541 0.8125 632.312 0.129412 0.5 0 0
19790 0.0282541 0.8125 632.312 0.129412 0.5 0 0
19800 0.0282374 0.8125 633.125 0.129412 0.5 0 0
19810 0.0282374 0.8125 633.125 0.133333 0.5 0 0
19820 0.0282128 0.8125 633.938 0.129412 0.5 0 0
19830 0.0282128 0.8125 633.938 0.133333 0.5 0 0
19840 0.0281925 0.8125 634.75 0.129412 0.5 0 0
19850 0.0281925 0.8125 634.75 0.12549 0.5 0 0
19860 0.0279621 0.875 635.625 0.12549 0.5 0 0
19870 0.0279621 0.875 635.625 0.12549 0.5 0 0
19880 0.0279292 0.875 636.5 0.12549 0.5 0 0
19890 0.0279292 0.875 636.5 0.12549 0.5 0 0
19900 0.0275257 0.875 637.375 0.12549 0.5 0 0
19910 0.0275257 0.875 637.375 0.121569 0.5 0 0
19920 0.0273633 0.875 638.25 0.121569 0.5 0 0
19930 0.0273633 0.875 638.25 0.121569 0.5 0 0
19940 0.0271916 0.875 639.125 0.121569 0.5 0 0
19950 0.0271916 0.875 639.125 0.121569 0.5 0 0
19960 0.0270181 0.8125 639.938 0.121569 0.5 0 0
19970 0.0270181 0.8125 639.938 0.121569 0.5 0 0
19980 0.0268562 0.8125 640.75 0.121569 0.5 0 0
19990 0.0268562 0.8125 640.75 0.121569 0.5 0 0
20000 0.0267127 0.875 641.625 0.121569 0.5 0 0
20010 0.0267127 0.875 641.625 0.121569 0.5 0 0
