0 0.110565 0 0 0.5 0.5 0 0
10 0.110565 0 0 0.807843 0.5 0 0
20 0.109579 0.375 0.375 0.72549 0.5 0 0
30 0.109579 0.375 0.375 0.709804 0.5 0 0
40 0.109727 0.375 0.75 0.760784 0.5 0 0
50 0.109727 0.375 0.75 0.858824 0.5 0 0
60 0.109714 0.4375 1.1875 0.776471 0.5 0 0
70 0.109714 0.4375 1.1875 0.796078 0.5 0 0
80 0.110284 0.4375 1.625 0.831373 0.5 0 0
90 0.110284 0.4375 1.625 0.74902 0.5 0 0
100 0.11058 0.4375 2.0625 0.807843 0.5 0 0
110 0.11058 0.4375 2.0625 0.85098 0.5 0 0
120 0.110687 0.375 2.4375 0.768627 0.5 0 0
130 0.110687 0.375 2.4375 0.839216 0.5 0 0
140 0.110649 0.375 2.8125 0.835294 0.5 0 0
150 0.110649 0.375 2.8125 0.698039 0.5 0 0
160 0.110277 0.25 3.0625 0.803922 0.5 0 0
170 0.110277 0.25 3.0625 0.796078 0.5 0 0
180 0.109821 0.25 3.3125 0.721569 0.5 0 0
190 0.109821 0.25 3.3125 0.694118 0.5 0 0
200 0.109312 0 3.3125 0.729412 0.5 0 0
210 0.109312 0 3.3125 0.729412 0.5 0 0
220 0.109672 0 3.3125 0.627451 0.5 0 0
230 0.109672 0 3.3125 0.6 0.5 0 0
240 0.111159 0 3.3125 0.560784 0.5 0 0
250 0.111159 0 3.3125 0.572549 0.5 0 0
260 0.112317 0.125 3.4375 0.541176 0.5 0 0
270 0.112317 0.125 3.4375 0.529412 0.5 0 0
280 0.113473 0.25 3.6875 0.52549 0.5 0 0
290 0.113473 0.25 3.6875 0.529412 0.5 0 0
300 0.115219 0.25 3.9375 0.52549 0.5 0 0
310 0.115219 0.25 3.9375 0.647059 0.5 0 0
320 0.116713 0.375 4.3125 0.643137 0.5 0 0
330 0.116713 0.375 4.3125 0.682353 0.5 0 0
340 0.117507 0.375 4.6875 0.643137 0.5 0 0
350 0.117507 0.375 4.6875 0.643137 0.5 0 0
360 0.117272 0.25 4.9375 0.74902 0.5 0 0
370 0.117272 0.25 4.9375 0.67451 0.5 0 0
380 0.116231 0.25 5.1875 0.623529 0.5 0 0
390 0.116231 0.25 5.1875 0.623529 0.5 0 0
400 0.115548 0.25 5.4375 0.529412 0.5 0 0
410 0.115548 0.25 5.4375 0.529412 0.5 0 0
420 0.115394 0.25 5.6875 0.52549 0.5 0 0
430 0.115394 0.25 5.6875 0.52549 0.5 0 0
440 0.115222 0.25 5.9375 0.52549 0.5 0 0
450 0.115222 0.25 5.9375 0.52549 0.5 0 0
460 0.11518 0.25 6.1875 0.521569 0.5 0 0
470 0.11518 0.25 6.1875 0.52549 0.5 0 0
480 0.115141 0.25 6.4375 0.52549 0.5 0 0
490 0.115141 0.25 6.4375 0.529412 0.5 0 0
500 0.115139 0.25 6.6875 0.52549 0.5 0 0
510 0.115139 0.25 6.6875 0.529412 0.5 0 0
520 0.115163 0.375 7.0625 0.52549 0.5 0 0
530 0.115163 0.375 7.0625 0.52549 0.5 0 0
540 0.115268 0.5 7.5625 0.521569 0.5 0 0
550 0.115268 0.5 7.5625 0.52549 0.5 0 0
560 0.11433 0.5625 8.125 0.521569 0.5 0 0
570 0.11433 0.5625 8.125 0.52549 0.5 0 0
580 0.114171 0.5625 8.6875 0.52549 0.5 0 0
590 0.114171 0.5625 8.6875 0.521569 0.5 0 0
600 0.114177 0.625 9.3125 0.52549 0.5 0 0
610 0.114177 0.625 9.3125 0.52549 0.5 0 0
620 0.114181 0.625 9.9375 0.52549 0.5 0 0
630 0.114181 0.625 9.9375 0.52549 0.5 0 0
640 0.114182 0.625 10.5625 0.521569 0.5 0 0
650 0.114182 0.625 10.5625 0.521569 0.5 0 0
660 0.114171 0.625 11.1875 0.52549 0.5 0 0
670 0.114171 0.625 11.1875 0.52549 0.5 0 0
680 0.114159 0.625 11.8125 0.521569 0.5 0 0
690 0.114159 0.625 11.8125 0.52549 0.5 0 0
700 0.114163 0.625 12.4375 0.52549 0.5 0 0
710 0.114163 0.625 12.4375 0.52549 0.5 0 0
720 0.113699 0.5625 13 0.52549 0.5 0 0
730 0.113699 0.5625 13 0.52549 0.5 0 0
740 0.113068 0.75 13.75 0.529412 0.5 0 0
750 0.113068 0.75 13.75 0.52549 0.5 0 0
760 0.113026 0.75 14.5 0.521569 0.5 0 0
770 0.113026 0.75 14.5 0.521569 0.5 0 0
780 0.11302 0.75 15.25 0.52549 0.5 0 0
790 0.11302 0.75 15.25 0.521569 0.5 0 0
800 0.11302 0.75 16 0.52549 0.5 0 0
810 0.11302 0.75 16 0.529412 0.5 0 0
820 0.11302 0.75 16.75 0.521569 0.5 0 0
830 0.11302 0.75 16.75 0.529412 0.5 0 0
840 0.113014 0.8125 17.5625 0.52549 0.5 0 0
850 0.113014 0.8125 17.5625 0.52549 0.5 0 0
860 0.113004 0.625 18.1875 0.52549 0.5 0 0
870 0.113004 0.625 18.1875 0.52549 0.5 0 0
880 0.112974 0.5625 18.75 0.52549 0.5 0 0
890 0.112974 0.5625 18.75 0.52549 0.5 0 0
900 0.112974 0.5625 19.3125 0.52549 0.5 0 0
910 0.112974 0.5625 19.3125 0.52549 0.5 0 0
920 0.112974 0.5625 19.875 0.529412 0.5 0 0
930 0.112974 0.5625 19.875 0.52549 0.5 0 0
940 0.112974 0.5 20.375 0.52549 0.5 0 0
950 0.112974 0.5 20.375 0.529412 0.5 0 0
960 0.112998 0.5625 20.9375 0.52549 0.5 0 0
970 0.112998 0.5625 20.9375 0.521569 0.5 0 0
980 0.113041 0.5625 21.5 0.521569 0.5 0 0
990 0.113041 0.5625 21.5 0.52549 0.5 0 0
1000 0.113041 0.6875 22.1875 0.529412 0.5 0 0
1010 0.113041 0.6875 22.1875 0.529412 0.5 0 0
1020 0.113041 0.75 22.9375 0.52549 0.5 0 0
1030 0.113041 0.75 22.9375 0.52549 0.5 0 0
1040 0.113041 0.75 23.6875 0.52549 0.5 0 0
1050 0.113041 0.75 23.6875 0.529412 0.5 0 0
1060 0.113041 0.8125 24.5 0.529412 0.5 0 0
1070 0.113041 0.8125 24.5 0.52549 0.5 0 0
1080 0.112179 0.75 25.25 0.521569 0.5 0 0
1090 0.112179 0.75 25.25 0.52549 0.5 0 0
1100 0.112112 0.8125 26.0625 0.521569 0.5 0 0
1110 0.112112 0.8125 26.0625 0.521569 0.5 0 0
1120 0.112112 0.625 26.6875 0.52549 0.5 0 0
1130 0.112112 0.625 26.6875 0.52549 0.5 0 0
1140 0.112112 0.75 27.4375 0.52549 0.5 0 0
1150 0.112112 0.75 27.4375 0.52549 0.5 0 0
1160 0.112093 0.75 28.1875 0.52549 0.5 0 0
1170 0.112093 0.75 28.1875 0.521569 0.5 0 0
1180 0.112068 0.6875 28.875 0.521569 0.5 0 0
1190 0.112068 0.6875 28.875 0.52549 0.5 0 0
1200 0.11227 0.6875 29.5625 0.52549 0.5 0 0
1210 0.11227 0.6875 29.5625 0.627451 0.5 0 0
1220 0.112311 0.625 30.1875 0.654902 0.5 0 0
1230 0.112311 0.625 30.1875 0.647059 0.5 0 0
1240 0.112084 0.6875 30.875 0.596078 0.5 0 0
1250 0.112084 0.6875 30.875 0.52549 0.5 0 0
1260 0.11095 0.6875 31.5625 0.52549 0.5 0 0
1270 0.11095 0.6875 31.5625 0.521569 0.5 0 0
1280 0.11018 0.6875 32.25 0.52549 0.5 0 0
1290 0.11018 0.6875 32.25 0.52549 0.5 0 0
1300 0.10989 0.625 32.875 0.52549 0.5 0 0
1310 0.10989 0.625 32.875 0.521569 0.5 0 0
1320 0.109995 0.375 33.25 0.52549 0.5 0 0
1330 0.109995 0.375 33.25 0.52549 0.5 0 0
1340 0.110101 0.4375 33.6875 0.529412 0.5 0 0
1350 0.110101 0.4375 33.6875 0.52549 0.5 0 0
1360 0.110101 0.4375 34.125 0.52549 0.5 0 0
1370 0.110101 0.4375 34.125 0.52549 0.5 0 0
1380 0.110168 0.4375 34.5625 0.521569 0.5 0 0
1390 0.110168 0.4375 34.5625 0.517647 0.5 0 0
1400 0.110526 0.4375 35 0.513725 0.5 0 0
1410 0.110526 0.4375 35 0.509804 0.5 0 0
1420 0.110611 0.4375 35.4375 0.505882 0.5 0 0
1430 0.110611 0.4375 35.4375 0.498039 0.5 0 0
1440 0.110988 0.4375 35.875 0.494118 0.5 0 0
1450 0.110988 0.4375 35.875 0.490196 0.5 0 0
1460 0.111348 0.5 36.375 0.490196 0.5 0 0
1470 0.111348 0.5 36.375 0.490196 0.5 0 0
1480 0.11142 0.6875 37.0625 0.494118 0.5 0 0
1490 0.11142 0.6875 37.0625 0.490196 0.5 0 0
1500 0.111516 0.6875 37.75 0.490196 0.5 0 0
1510 0.111516 0.6875 37.75 0.490196 0.5 0 0
1520 0.111438 0.6875 38.4375 0.490196 0.5 0 0
1530 0.111438 0.6875 38.4375 0.490196 0.5 0 0
1540 0.111426 0.6875 39.125 0.490196 0.5 0 0
1550 0.111426 0.6875 39.125 0.490196 0.5 0 0
1560 0.111338 0.75 39.875 0.490196 0.5 0 0
1570 0.111338 0.75 39.875 0.490196 0.5 0 0
1580 0.111276 0.75 40.625 0.490196 0.5 0 0
1590 0.111276 0.75 40.625 0.490196 0.5 0 0
1600 0.111249 0.8125 41.4375 0.490196 0.5 0 0
1610 0.111249 0.8125 41.4375 0.490196 0.5 0 0
1620 0.11124 0.75 42.1875 0.490196 0.5 0 0
1630 0.11124 0.75 42.1875 0.490196 0.5 0 0
1640 0.111212 0.8125 43 0.486275 0.5 0 0
1650 0.111212 0.8125 43 0.490196 0.5 0 0
1660 0.111165 0.75 43.75 0.490196 0.5 0 0
1670 0.111165 0.75 43.75 0.490196 0.5 0 0
1680 0.111162 0.8125 44.5625 0.490196 0.5 0 0
1690 0.111162 0.8125 44.5625 0.490196 0.5 0 0
1700 0.111162 0.8125 45.375 0.490196 0.5 0 0
1710 0.111162 0.8125 45.375 0.490196 0.5 0 0
1720 0.111162 0.75 46.125 0.490196 0.5 0 0
1730 0.111162 0.75 46.125 0.490196 0.5 0 0
1740 0.109682 0.5625 46.6875 0.490196 0.5 0 0
1750 0.109682 0.5625 46.6875 0.490196 0.5 0 0
1760 0.109604 0.8125 47.5 0.490196 0.5 0 0
1770 0.109604 0.8125 47.5 0.490196 0.5 0 0
1780 0.109604 0.8125 48.3125 0.490196 0.5 0 0
1790 0.109604 0.8125 48.3125 0.490196 0.5 0 0
1800 0.109604 0.8125 49.125 0.490196 0.5 0 0
1810 0.109604 0.8125 49.125 0.490196 0.5 0 0
1820 0.109604 0.8125 49.9375 0.490196 0.5 0 0
1830 0.109604 0.8125 49.9375 0.490196 0.5 0 0
1840 0.109604 0.6875 50.625 0.490196 0.5 0 0
1850 0.109604 0.6875 50.625 0.486275 0.5 0 0
1860 0.109585 0.625 51.25 0.490196 0.5 0 0
1870 0.109585 0.625 51.25 0.490196 0.5 0 0
1880 0.109568 0.5625 51.8125 0.490196 0.5 0 0
1890 0.109568 0.5625 51.8125 0.490196 0.5 0 0
1900 0.109556 0.5625 52.375 0.490196 0.5 0 0
1910 0.109556 0.5625 52.375 0.490196 0.5 0 0
1920 0.109556 0.625 53 0.486275 0.5 0 0
1930 0.109556 0.625 53 0.490196 0.5 0 0
1940 0.109556 0.5 53.5 0.490196 0.5 0 0
1950 0.109556 0.5 53.5 0.494118 0.5 0 0
1960 0.109553 0.6875 54.1875 0.490196 0.5 0 0
1970 0.109553 0.6875 54.1875 0.490196 0.5 0 0
1980 0.109534 0.6875 54.875 0.490196 0.5 0 0
1990 0.109534 0.6875 54.875 0.486275 0.5 0 0
2000 0.109525 0.75 55.625 0.490196 0.5 0 0
2010 0.109525 0.75 55.625 0.490196 0.5 0 0
2020 0.109518 0.625 56.25 0.490196 0.5 0 0
2030 0.109518 0.625 56.25 0.490196 0.5 0 0
2040 0.109114 0.6875 56.9375 0.490196 0.5 0 0
2050 0.109114 0.6875 56.9375 0.490196 0.5 0 0
2060 0.108914 0.6875 57.625 0.490196 0.5 0 0
2070 0.108914 0.6875 57.625 0.490196 0.5 0 0
2080 0.108908 0.6875 58.3125 0.490196 0.5 0 0
2090 0.108908 0.6875 58.3125 0.490196 0.5 0 0
2100 0.108906 0.6875 59 0.490196 0.5 0 0
2110 0.108906 0.6875 59 0.494118 0.5 0 0
2120 0.108881 0.8125 59.8125 0.490196 0.5 0 0
2130 0.108881 0.8125 59.8125 0.490196 0.5 0 0
2140 0.10888 0.8125 60.625 0.490196 0.5 0 0
2150 0.10888 0.8125 60.625 0.490196 0.5 0 0
2160 0.108873 0.75 61.375 0.490196 0.5 0 0
2170 0.108873 0.75 61.375 0.490196 0.5 0 0
2180 0.108861 0.75 62.125 0.490196 0.5 0 0
2190 0.108861 0.75 62.125 0.490196 0.5 0 0
2200 0.108846 0.6875 62.8125 0.490196 0.5 0 0
2210 0.108846 0.6875 62.8125 0.490196 0.5 0 0
2220 0.108841 0.5 63.3125 0.490196 0.5 0 0
2230 0.108841 0.5 63.3125 0.490196 0.5 0 0
2240 0.109119 0.4375 63.75 0.490196 0.5 0 0
2250 0.109119 0.4375 63.75 0.490196 0.5 0 0
2260 0.109159 0.5 64.25 0.490196 0.5 0 0
2270 0.109159 0.5 64.25 0.490196 0.5 0 0
2280 0.109245 0.625 64.875 0.490196 0.5 0 0
2290 0.109245 0.625 64.875 0.490196 0.5 0 0
2300 0.10923 0.625 65.5 0.490196 0.5 0 0
2310 0.10923 0.625 65.5 0.490196 0.5 0 0
2320 0.109225 0.75 66.25 0.490196 0.5 0 0
2330 0.109225 0.75 66.25 0.490196 0.5 0 0
2340 0.109222 0.75 67 0.490196 0.5 0 0
2350 0.109222 0.75 67 0.490196 0.5 0 0
2360 0.109146 0.8125 67.8125 0.494118 0.5 0 0
2370 0.109146 0.8125 67.8125 0.490196 0.5 0 0
2380 0.10913 0.6875 68.5 0.490196 0.5 0 0
2390 0.10913 0.6875 68.5 0.494118 0.5 0 0
2400 0.109126 0.6875 69.1875 0.490196 0.5 0 0
2410 0.109126 0.6875 69.1875 0.490196 0.5 0 0
2420 0.109103 0.625 69.8125 0.490196 0.5 0 0
2430 0.109103 0.625 69.8125 0.486275 0.5 0 0
2440 0.109096 0.6875 70.5 0.490196 0.5 0 0
2450 0.109096 0.6875 70.5 0.490196 0.5 0 0
2460 0.109096 0.8125 71.3125 0.490196 0.5 0 0
2470 0.109096 0.8125 71.3125 0.486275 0.5 0 0
2480 0.109096 0.8125 72.125 0.490196 0.5 0 0
2490 0.109096 0.8125 72.125 0.490196 0.5 0 0
2500 0.109096 0.9375 73.0625 0.490196 0.5 0 0
2510 0.109096 0.9375 73.0625 0.490196 0.5 0 0
2520 0.109091 0.9375 74 0.490196 0.5 0 0
2530 0.109091 0.9375 74 0.490196 0.5 0 0
2540 0.109078 0.9375 74.9375 0.490196 0.5 0 0
2550 0.109078 0.9375 74.9375 0.490196 0.5 0 0
2560 0.109068 0.9375 75.875 0.490196 0.5 0 0
2570 0.109068 0.9375 75.875 0.494118 0.5 0 0
2580 0.109068 0.6875 76.5625 0.490196 0.5 0 0
2590 0.109068 0.6875 76.5625 0.490196 0.5 0 0
2600 0.109068 0.875 77.4375 0.486275 0.5 0 0
2610 0.109068 0.875 77.4375 0.490196 0.5 0 0
2620 0.109068 0.8125 78.25 0.490196 0.5 0 0
2630 0.109068 0.8125 78.25 0.490196 0.5 0 0
2640 0.108982 0.8125 79.0625 0.490196 0.5 0 0
2650 0.108982 0.8125 79.0625 0.490196 0.5 0 0
2660 0.108938 0.8125 79.875 0.490196 0.5 0 0
2670 0.108938 0.8125 79.875 0.490196 0.5 0 0
2680 0.108924 0.8125 80.6875 0.490196 0.5 0 0
2690 0.108924 0.8125 80.6875 0.490196 0.5 0 0
2700 0.10892 0.8125 81.5 0.490196 0.5 0 0
2710 0.10892 0.8125 81.5 0.490196 0.5 0 0
2720 0.10892 0.8125 82.3125 0.490196 0.5 0 0
2730 0.10892 0.8125 82.3125 0.490196 0.5 0 0
2740 0.10892 0.8125 83.125 0.490196 0.5 0 0
2750 0.10892 0.8125 83.125 0.486275 0.5 0 0
2760 0.108872 0.8125 83.9375 0.494118 0.5 0 0
2770 0.108872 0.8125 83.9375 0.490196 0.5 0 0
2780 0.108865 0.8125 84.75 0.490196 0.5 0 0
2790 0.108865 0.8125 84.75 0.490196 0.5 0 0
2800 0.108865 0.8125 85.5625 0.490196 0.5 0 0
2810 0.108865 0.8125 85.5625 0.490196 0.5 0 0
2820 0.108865 0.75 86.3125 0.490196 0.5 0 0
2830 0.108865 0.75 86.3125 0.486275 0.5 0 0
2840 0.108782 0.75 87.0625 0.490196 0.5 0 0
2850 0.108782 0.75 87.0625 0.490196 0.5 0 0
2860 0.108782 0.75 87.8125 0.494118 0.5 0 0
2870 0.108782 0.75 87.8125 0.490196 0.5 0 0
2880 0.108741 0.75 88.5625 0.490196 0.5 0 0
2890 0.108741 0.75 88.5625 0.486275 0.5 0 0
2900 0.108651 0.9375 89.5 0.490196 0.5 0 0
2910 0.108651 0.9375 89.5 0.490196 0.5 0 0
2920 0.108642 0.9375 90.4375 0.490196 0.5 0 0
2930 0.108642 0.9375 90.4375 0.490196 0.5 0 0
2940 0.108642 0.8125 91.25 0.490196 0.5 0 0
2950 0.108642 0.8125 91.25 0.490196 0.5 0 0
2960 0.108642 0.8125 92.0625 0.490196 0.5 0 0
2970 0.108642 0.8125 92.0625 0.490196 0.5 0 0
2980 0.108608 0.8125 92.875 0.490196 0.5 0 0
2990 0.108608 0.8125 92.875 0.490196 0.5 0 0
3000 0.10857 0.875 93.75 0.490196 0.5 0 0
3010 0.10857 0.875 93.75 0.490196 0.5 0 0
3020 0.108517 0.75 94.5 0.490196 0.5 0 0
3030 0.108517 0.75 94.5 0.490196 0.5 0 0
3040 0.108492 0.9375 95.4375 0.490196 0.5 0 0
3050 0.108492 0.9375 95.4375 0.490196 0.5 0 0
3060 0.108492 0.9375 96.375 0.490196 0.5 0 0
3070 0.108492 0.9375 96.375 0.490196 0.5 0 0
3080 0.108471 0.9375 97.3125 0.486275 0.5 0 0
3090 0.108471 0.9375 97.3125 0.490196 0.5 0 0
3100 0.108471 0.9375 98.25 0.490196 0.5 0 0
3110 0.108471 0.9375 98.25 0.490196 0.5 0 0
3120 0.108307 0.875 99.125 0.490196 0.5 0 0
3130 0.108307 0.875 99.125 0.490196 0.5 0 0
3140 0.108306 0.875 100 0.490196 0.5 0 0
3150 0.108306 0.875 100 0.486275 0.5 0 0
3160 0.108306 0.6875 100.688 0.490196 0.5 0 0
3170 0.108306 0.6875 100.688 0.490196 0.5 0 0
3180 0.108306 0.75 101.438 0.490196 0.5 0 0
3190 0.108306 0.75 101.438 0.490196 0.5 0 0
3200 0.108306 0.75 102.188 0.490196 0.5 0 0
3210 0.108306 0.75 102.188 0.490196 0.5 0 0
3220 0.108306 0.625 102.812 0.490196 0.5 0 0
3230 0.108306 0.625 102.812 0.486275 0.5 0 0
3240 0.108146 0.5625 103.375 0.490196 0.5 0 0
3250 0.108146 0.5625 103.375 0.490196 0.5 0 0
3260 0.107696 0.6875 104.062 0.490196 0.5 0 0
3270 0.107696 0.6875 104.062 0.494118 0.5 0 0
3280 0.107696 0.875 104.938 0.490196 0.5 0 0
3290 0.107696 0.875 104.938 0.490196 0.5 0 0
3300 0.107698 0.875 105.812 0.490196 0.5 0 0
3310 0.107698 0.875 105.812 0.486275 0.5 0 0
3320 0.107698 0.9375 106.75 0.490196 0.5 0 0
3330 0.107698 0.9375 106.75 0.490196 0.5 0 0
3340 0.107698 0.875 107.625 0.490196 0.5 0 0
3350 0.107698 0.875 107.625 0.490196 0.5 0 0
3360 0.107701 0.9375 108.562 0.490196 0.5 0 0
3370 0.107701 0.9375 108.562 0.490196 0.5 0 0
3380 0.10771 0.9375 109.5 0.490196 0.5 0 0
3390 0.10771 0.9375 109.5 0.490196 0.5 0 0
3400 0.107723 0.9375 110.438 0.490196 0.5 0 0
3410 0.107723 0.9375 110.438 0.490196 0.5 0 0
3420 0.107723 0.9375 111.375 0.490196 0.5 0 0
3430 0.107723 0.9375 111.375 0.490196 0.5 0 0
3440 0.107723 0.8125 112.188 0.490196 0.5 0 0
3450 0.107723 0.8125 112.188 0.490196 0.5 0 0
3460 0.107723 0.75 112.938 0.490196 0.5 0 0
3470 0.107723 0.75 112.938 0.490196 0.5 0 0
3480 0.10767 0.8125 113.75 0.490196 0.5 0 0
3490 0.10767 0.8125 113.75 0.490196 0.5 0 0
3500 0.10768 0.625 114.375 0.490196 0.5 0 0
3510 0.10768 0.625 114.375 0.490196 0.5 0 0
3520 0.107655 0.75 115.125 0.490196 0.5 0 0
3530 0.107655 0.75 115.125 0.490196 0.5 0 0
3540 0.107654 0.75 115.875 0.490196 0.5 0 0
3550 0.107654 0.75 115.875 0.490196 0.5 0 0
3560 0.107654 0.75 116.625 0.494118 0.5 0 0
3570 0.107654 0.75 116.625 0.490196 0.5 0 0
3580 0.107652 0.6875 117.312 0.490196 0.5 0 0
3590 0.107652 0.6875 117.312 0.490196 0.5 0 0
3600 0.107652 0.8125 118.125 0.490196 0.5 0 0
3610 0.107652 0.8125 118.125 0.490196 0.5 0 0
3620 0.10765 0.75 118.875 0.490196 0.5 0 0
3630 0.10765 0.75 118.875 0.490196 0.5 0 0
3640 0.107642 0.8125 119.688 0.490196 0.5 0 0
3650 0.107642 0.8125 119.688 0.490196 0.5 0 0
3660 0.10764 0.8125 120.5 0.494118 0.5 0 0
3670 0.10764 0.8125 120.5 0.490196 0.5 0 0
3680 0.107637 0.8125 121.312 0.490196 0.5 0 0
3690 0.107637 0.8125 121.312 0.490196 0.5 0 0
3700 0.107634 0.8125 122.125 0.490196 0.5 0 0
3710 0.107634 0.8125 122.125 0.490196 0.5 0 0
3720 0.107634 0.6875 122.812 0.490196 0.5 0 0
3730 0.107634 0.6875 122.812 0.490196 0.5 0 0
3740 0.107647 0.75 123.562 0.490196 0.5 0 0
3750 0.107647 0.75 123.562 0.490196 0.5 0 0
3760 0.107604 0.75 124.312 0.490196 0.5 0 0
3770 0.107604 0.75 124.312 0.490196 0.5 0 0
3780 0.107515 0.875 125.188 0.490196 0.5 0 0
3790 0.107515 0.875 125.188 0.490196 0.5 0 0
3800 0.107513 0.875 126.062 0.490196 0.5 0 0
3810 0.107513 0.875 126.062 0.490196 0.5 0 0
3820 0.107516 0.875 126.938 0.490196 0.5 0 0
3830 0.107516 0.875 126.938 0.486275 0.5 0 0
3840 0.107521 0.875 127.812 0.494118 0.5 0 0
3850 0.107521 0.875 127.812 0.490196 0.5 0 0
3860 0.107519 0.5625 128.375 0.490196 0.5 0 0
3870 0.107519 0.5625 128.375 0.490196 0.5 0 0
3880 0.107523 0.5625 128.938 0.490196 0.5 0 0
3890 0.107523 0.5625 128.938 0.490196 0.5 0 0
3900 0.107513 0.6875 129.625 0.490196 0.5 0 0
3910 0.107513 0.6875 129.625 0.490196 0.5 0 0
3920 0.107312 0.5625 130.188 0.490196 0.5 0 0
3930 0.107312 0.5625 130.188 0.486275 0.5 0 0
3940 0.107113 0.6875 130.875 0.490196 0.5 0 0
3950 0.107113 0.6875 130.875 0.490196 0.5 0 0
3960 0.107114 0.6875 131.562 0.486275 0.5 0 0
3970 0.107114 0.6875 131.562 0.490196 0.5 0 0
3980 0.107114 0.6875 132.25 0.490196 0.5 0 0
3990 0.107114 0.6875 132.25 0.490196 0.5 0 0
4000 0.107114 0.625 132.875 0.490196 0.5 0 0
4010 0.107114 0.625 132.875 0.490196 0.5 0 0
4020 0.107195 0.8125 133.688 0.490196 0.5 0 0
4030 0.107195 0.8125 133.688 0.490196 0.5 0 0
4040 0.107199 0.8125 134.5 0.490196 0.5 0 0
4050 0.107199 0.8125 134.5 0.490196 0.5 0 0
4060 0.107199 0.8125 135.312 0.490196 0.5 0 0
4070 0.107199 0.8125 135.312 0.490196 0.5 0 0
4080 0.107199 0.8125 136.125 0.490196 0.5 0 0
4090 0.107199 0.8125 136.125 0.494118 0.5 0 0
4100 0.107199 0.8125 136.938 0.490196 0.5 0 0
4110 0.107199 0.8125 136.938 0.490196 0.5 0 0
4120 0.107207 0.9375 137.875 0.490196 0.5 0 0
4130 0.107207 0.9375 137.875 0.490196 0.5 0 0
4140 0.107213 0.875 138.75 0.490196 0.5 0 0
4150 0.107213 0.875 138.75 0.490196 0.5 0 0
4160 0.107217 0.8125 139.562 0.490196 0.5 0 0
4170 0.107217 0.8125 139.562 0.490196 0.5 0 0
4180 0.10721 0.8125 140.375 0.490196 0.5 0 0
4190 0.10721 0.8125 140.375 0.490196 0.5 0 0
4200 0.107194 0.875 141.25 0.490196 0.5 0 0
4210 0.107194 0.875 141.25 0.490196 0.5 0 0
4220 0.107195 0.875 142.125 0.490196 0.5 0 0
4230 0.107195 0.875 142.125 0.490196 0.5 0 0
4240 0.107195 0.75 142.875 0.490196 0.5 0 0
4250 0.107195 0.75 142.875 0.490196 0.5 0 0
4260 0.107195 0.875 143.75 0.490196 0.5 0 0
4270 0.107195 0.875 143.75 0.490196 0.5 0 0
4280 0.107093 0.75 144.5 0.490196 0.5 0 0
4290 0.107093 0.75 144.5 0.490196 0.5 0 0
4300 0.107052 0.8125 145.312 0.490196 0.5 0 0
4310 0.107052 0.8125 145.312 0.490196 0.5 0 0
4320 0.107058 0.875 146.188 0.490196 0.5 0 0
4330 0.107058 0.875 146.188 0.490196 0.5 0 0
4340 0.107082 0.9375 147.125 0.490196 0.5 0 0
4350 0.107082 0.9375 147.125 0.486275 0.5 0 0
4360 0.107082 0.8125 147.938 0.490196 0.5 0 0
4370 0.107082 0.8125 147.938 0.490196 0.5 0 0
4380 0.107082 0.8125 148.75 0.490196 0.5 0 0
4390 0.107082 0.8125 148.75 0.490196 0.5 0 0
4400 0.107082 0.8125 149.562 0.490196 0.5 0 0
4410 0.107082 0.8125 149.562 0.490196 0.5 0 0
4420 0.107082 0.5625 150.125 0.490196 0.5 0 0
4430 0.107082 0.5625 150.125 0.490196 0.5 0 0
4440 0.107087 0.75 150.875 0.490196 0.5 0 0
4450 0.107087 0.75 150.875 0.490196 0.5 0 0
4460 0.107096 0.6875 151.562 0.486275 0.5 0 0
4470 0.107096 0.6875 151.562 0.490196 0.5 0 0
4480 0.1071 0.75 152.312 0.490196 0.5 0 0
4490 0.1071 0.75 152.312 0.490196 0.5 0 0
4500 0.1071 0.75 153.062 0.490196 0.5 0 0
4510 0.1071 0.75 153.062 0.490196 0.5 0 0
4520 0.1071 0.6875 153.75 0.490196 0.5 0 0
4530 0.1071 0.6875 153.75 0.490196 0.5 0 0
4540 0.1071 0.75 154.5 0.490196 0.5 0 0
4550 0.1071 0.75 154.5 0.490196 0.5 0 0
4560 0.10719 0.8125 155.312 0.490196 0.5 0 0
4570 0.10719 0.8125 155.312 0.486275 0.5 0 0
4580 0.107187 0.875 156.188 0.490196 0.5 0 0
4590 0.107187 0.875 156.188 0.490196 0.5 0 0
4600 0.107185 0.875 157.062 0.490196 0.5 0 0
4610 0.107185 0.875 157.062 0.490196 0.5 0 0
4620 0.107185 0.875 157.938 0.490196 0.5 0 0
4630 0.107185 0.875 157.938 0.490196 0.5 0 0
4640 0.107185 0.875 158.812 0.490196 0.5 0 0
4650 0.107185 0.875 158.812 0.490196 0.5 0 0
4660 0.107185 0.75 159.562 0.490196 0.5 0 0
4670 0.107185 0.75 159.562 0.490196 0.5 0 0
4680 0.107185 0.6875 160.25 0.486275 0.5 0 0
4690 0.107185 0.6875 160.25 0.490196 0.5 0 0
4700 0.107185 0.8125 161.062 0.490196 0.5 0 0
4710 0.107185 0.8125 161.062 0.490196 0.5 0 0
4720 0.107184 0.75 161.812 0.490196 0.5 0 0
4730 0.107184 0.75 161.812 0.490196 0.5 0 0
4740 0.10718 0.75 162.562 0.490196 0.5 0 0
4750 0.10718 0.75 162.562 0.490196 0.5 0 0
4760 0.107175 0.75 163.312 0.490196 0.5 0 0
4770 0.107175 0.75 163.312 0.490196 0.5 0 0
4780 0.107175 0.8125 164.125 0.486275 0.5 0 0
4790 0.107175 0.8125 164.125 0.490196 0.5 0 0
4800 0.107175 0.6875 164.812 0.490196 0.5 0 0
4810 0.107175 0.6875 164.812 0.490196 0.5 0 0
4820 0.107175 0.875 165.688 0.490196 0.5 0 0
4830 0.107175 0.875 165.688 0.490196 0.5 0 0
4840 0.107175 0.875 166.562 0.490196 0.5 0 0
4850 0.107175 0.875 166.562 0.490196 0.5 0 0
4860 0.107173 0.8125 167.375 0.490196 0.5 0 0
4870 0.107173 0.8125 167.375 0.490196 0.5 0 0
4880 0.10717 0.8125 168.188 0.490196 0.5 0 0
4890 0.10717 0.8125 168.188 0.490196 0.5 0 0
4900 0.107556 0.8125 169 0.486275 0.5 0 0
4910 0.107556 0.8125 169 0.494118 0.5 0 0
4920 0.108148 0.875 169.875 0.501961 0.5 0 0
4930 0.108148 0.875 169.875 0.501961 0.5 0 0
4940 0.10847 0.875 170.75 0.501961 0.5 0 0
4950 0.10847 0.875 170.75 0.505882 0.5 0 0
4960 0.109028 0.875 171.625 0.501961 0.5 0 0
4970 0.109028 0.875 171.625 0.498039 0.5 0 0
4980 0.109535 0.875 172.5 0.490196 0.5 0 0
4990 0.109535 0.875 172.5 0.478431 0.5 0 0
5000 0.10988 0.9375 173.438 0.470588 0.5 0 0
5010 0.10988 0.9375 173.438 0.470588 0.5 0 0
5020 0.11024 0.9375 174.375 0.470588 0.5 0 0
5030 0.11024 0.9375 174.375 0.470588 0.5 0 0
5040 0.110266 0.875 175.25 0.470588 0.5 0 0
5050 0.110266 0.875 175.25 0.47451 0.5 0 0
5060 0.110266 0.9375 176.188 0.470588 0.5 0 0
5070 0.110266 0.9375 176.188 0.470588 0.5 0 0
5080 0.110458 0.9375 177.125 0.458824 0.5 0 0
5090 0.110458 0.9375 177.125 0.45098 0.5 0 0
5100 0.110023 0.8125 177.938 0.45098 0.5 0 0
5110 0.110023 0.8125 177.938 0.45098 0.5 0 0
5120 0.109402 0.875 178.812 0.45098 0.5 0 0
5130 0.109402 0.875 178.812 0.45098 0.5 0 0
5140 0.109363 0.875 179.688 0.45098 0.5 0 0
5150 0.109363 0.875 179.688 0.45098 0.5 0 0
5160 0.109331 0.6875 180.375 0.45098 0.5 0 0
5170 0.109331 0.6875 180.375 0.45098 0.5 0 0
5180 0.109034 0.875 181.25 0.45098 0.5 0 0
5190 0.109034 0.875 181.25 0.45098 0.5 0 0
5200 0.10902 0.875 182.125 0.45098 0.5 0 0
5210 0.10902 0.875 182.125 0.45098 0.5 0 0
5220 0.109018 0.875 183 0.45098 0.5 0 0
5230 0.109018 0.875 183 0.45098 0.5 0 0
5240 0.109015 1 184 0.45098 0.5 0 0
5250 0.109015 1 184 0.447059 0.5 0 0
5260 0.109013 1 185 0.45098 0.5 0 0
5270 0.109013 1 185 0.45098 0.5 0 0
5280 0.109013 1 186 0.45098 0.5 0 0
5290 0.109013 1 186 0.447059 0.5 0 0
5300 0.108836 1 187 0.45098 0.5 0 0
5310 0.108836 1 187 0.45098 0.5 0 0
5320 0.108817 1 188 0.45098 0.5 0 0
5330 0.108817 1 188 0.45098 0.5 0 0
5340 0.108815 1 189 0.45098 0.5 0 0
5350 0.108815 1 189 0.45098 0.5 0 0
5360 0.108812 0.875 189.875 0.45098 0.5 0 0
5370 0.108812 0.875 189.875 0.45098 0.5 0 0
5380 0.10881 1 190.875 0.45098 0.5 0 0
5390 0.10881 1 190.875 0.45098 0.5 0 0
5400 0.108808 1 191.875 0.45098 0.5 0 0
5410 0.108808 1 191.875 0.45098 0.5 0 0
5420 0.108808 0.8125 192.688 0.45098 0.5 0 0
5430 0.108808 0.8125 192.688 0.447059 0.5 0 0
5440 0.108808 0.8125 193.5 0.45098 0.5 0 0
5450 0.108808 0.8125 193.5 0.447059 0.5 0 0
5460 0.108806 0.8125 194.312 0.45098 0.5 0 0
5470 0.108806 0.8125 194.312 0.45098 0.5 0 0
5480 0.108804 0.8125 195.125 0.45098 0.5 0 0
5490 0.108804 0.8125 195.125 0.45098 0.5 0 0
5500 0.108802 0.8125 195.938 0.45098 0.5 0 0
5510 0.108802 0.8125 195.938 0.45098 0.5 0 0
5520 0.108799 0.8125 196.75 0.45098 0.5 0 0
5530 0.108799 0.8125 196.75 0.45098 0.5 0 0
5540 0.108799 0.8125 197.562 0.45098 0.5 0 0
5550 0.108799 0.8125 197.562 0.45098 0.5 0 0
5560 0.108799 0.75 198.312 0.45098 0.5 0 0
5570 0.108799 0.75 198.312 0.45098 0.5 0 0
5580 0.108776 0.5 198.812 0.45098 0.5 0 0
5590 0.108776 0.5 198.812 0.45098 0.5 0 0
5600 0.108772 0.75 199.562 0.45098 0.5 0 0
5610 0.108772 0.75 199.562 0.45098 0.5 0 0
5620 0.108698 0.75 200.312 0.45098 0.5 0 0
5630 0.108698 0.75 200.312 0.45098 0.5 0 0
5640 0.108622 0.75 201.062 0.45098 0.5 0 0
5650 0.108622 0.75 201.062 0.45098 0.5 0 0
5660 0.108622 0.6875 201.75 0.45098 0.5 0 0
5670 0.108622 0.6875 201.75 0.45098 0.5 0 0
5680 0.108581 0.6875 202.438 0.447059 0.5 0 0
5690 0.108581 0.6875 202.438 0.447059 0.5 0 0
5700 0.108577 0.625 203.062 0.45098 0.5 0 0
5710 0.108577 0.625 203.062 0.45098 0.5 0 0
5720 0.108576 0.75 203.812 0.45098 0.5 0 0
5730 0.108576 0.75 203.812 0.45098 0.5 0 0
5740 0.108563 0.8125 204.625 0.45098 0.5 0 0
5750 0.108563 0.8125 204.625 0.45098 0.5 0 0
5760 0.108563 0.8125 205.438 0.45098 0.5 0 0
5770 0.108563 0.8125 205.438 0.45098 0.5 0 0
5780 0.108561 0.8125 206.25 0.45098 0.5 0 0
5790 0.108561 0.8125 206.25 0.45098 0.5 0 0
5800 0.10856 0.8125 207.062 0.45098 0.5 0 0
5810 0.10856 0.8125 207.062 0.45098 0.5 0 0
5820 0.10856 0.8125 207.875 0.45098 0.5 0 0
5830 0.10856 0.8125 207.875 0.45098 0.5 0 0
5840 0.108556 0.75 208.625 0.45098 0.5 0 0
5850 0.108556 0.75 208.625 0.45098 0.5 0 0
5860 0.108552 0.8125 209.438 0.45098 0.5 0 0
5870 0.108552 0.8125 209.438 0.447059 0.5 0 0
5880 0.108551 0.8125 210.25 0.45098 0.5 0 0
5890 0.108551 0.8125 210.25 0.45098 0.5 0 0
5900 0.10855 0.8125 211.062 0.447059 0.5 0 0
5910 0.10855 0.8125 211.062 0.45098 0.5 0 0
5920 0.108549 0.8125 211.875 0.45098 0.5 0 0
5930 0.108549 0.8125 211.875 0.45098 0.5 0 0
5940 0.108549 0.8125 212.688 0.45098 0.5 0 0
5950 0.108549 0.8125 212.688 0.45098 0.5 0 0
5960 0.108515 0.75 213.438 0.45098 0.5 0 0
5970 0.108515 0.75 213.438 0.45098 0.5 0 0
5980 0.108515 0.75 214.188 0.447059 0.5 0 0
5990 0.108515 0.75 214.188 0.447059 0.5 0 0
6000 0.108515 0.75 214.938 0.45098 0.5 0 0
6010 0.108515 0.75 214.938 0.45098 0.5 0 0
6020 0.108514 0.625 215.562 0.45098 0.5 0 0
6030 0.108514 0.625 215.562 0.45098 0.5 0 0
6040 0.108513 0.6875 216.25 0.45098 0.5 0 0
6050 0.108513 0.6875 216.25 0.45098 0.5 0 0
6060 0.108512 0.625 216.875 0.45098 0.5 0 0
6070 0.108512 0.625 216.875 0.45098 0.5 0 0
6080 0.108511 0.6875 217.562 0.45098 0.5 0 0
6090 0.108511 0.6875 217.562 0.447059 0.5 0 0
6100 0.10851 0.6875 218.25 0.45098 0.5 0 0
6110 0.10851 0.6875 218.25 0.447059 0.5 0 0
6120 0.10851 0.6875 218.938 0.45098 0.5 0 0
6130 0.10851 0.6875 218.938 0.447059 0.5 0 0
6140 0.108508 0.6875 219.625 0.447059 0.5 0 0
6150 0.108508 0.6875 219.625 0.45098 0.5 0 0
6160 0.108506 0.6875 220.312 0.45098 0.5 0 0
6170 0.108506 0.6875 220.312 0.45098 0.5 0 0
6180 0.108503 0.6875 221 0.447059 0.5 0 0
6190 0.108503 0.6875 221 0.45098 0.5 0 0
6200 0.108501 0.6875 221.688 0.447059 0.5 0 0
6210 0.108501 0.6875 221.688 0.447059 0.5 0 0
6220 0.108499 0.6875 222.375 0.45098 0.5 0 0
6230 0.108499 0.6875 222.375 0.45098 0.5 0 0
6240 0.108499 0.6875 223.062 0.45098 0.5 0 0
6250 0.108499 0.6875 223.062 0.447059 0.5 0 0
6260 0.108715 0.8125 223.875 0.45098 0.5 0 0
6270 0.108715 0.8125 223.875 0.447059 0.5 0 0
6280 0.108713 0.75 224.625 0.447059 0.5 0 0
6290 0.108713 0.75 224.625 0.45098 0.5 0 0
6300 0.108696 0.75 225.375 0.45098 0.5 0 0
6310 0.108696 0.75 225.375 0.447059 0.5 0 0
6320 0.108694 0.8125 226.188 0.45098 0.5 0 0
6330 0.108694 0.8125 226.188 0.45098 0.5 0 0
6340 0.108692 0.8125 227 0.447059 0.5 0 0
6350 0.108692 0.8125 227 0.45098 0.5 0 0
6360 0.108692 0.6875 227.688 0.45098 0.5 0 0
6370 0.108692 0.6875 227.688 0.447059 0.5 0 0
6380 0.108692 0.75 228.438 0.45098 0.5 0 0
6390 0.108692 0.75 228.438 0.447059 0.5 0 0
6400 0.108692 0.75 229.188 0.447059 0.5 0 0
6410 0.108692 0.75 229.188 0.45098 0.5 0 0
6420 0.108691 0.75 229.938 0.45098 0.5 0 0
6430 0.108691 0.75 229.938 0.45098 0.5 0 0
6440 0.108689 0.875 230.812 0.45098 0.5 0 0
6450 0.108689 0.875 230.812 0.45098 0.5 0 0
6460 0.108688 0.9375 231.75 0.45098 0.5 0 0
6470 0.108688 0.9375 231.75 0.447059 0.5 0 0
6480 0.108688 0.9375 232.688 0.447059 0.5 0 0
6490 0.108688 0.9375 232.688 0.45098 0.5 0 0
6500 0.108688 0.9375 233.625 0.45098 0.5 0 0
6510 0.108688 0.9375 233.625 0.45098 0.5 0 0
6520 0.108688 0.9375 234.562 0.447059 0.5 0 0
6530 0.108688 0.9375 234.562 0.45098 0.5 0 0
6540 0.108687 0.9375 235.5 0.45098 0.5 0 0
6550 0.108687 0.9375 235.5 0.45098 0.5 0 0
6560 0.108685 0.875 236.375 0.447059 0.5 0 0
6570 0.108685 0.875 236.375 0.45098 0.5 0 0
6580 0.108684 0.875 237.25 0.45098 0.5 0 0
6590 0.108684 0.875 237.25 0.45098 0.5 0 0
6600 0.108684 0.875 238.125 0.45098 0.5 0 0
6610 0.108684 0.875 238.125 0.447059 0.5 0 0
6620 0.108684 0.875 239 0.45098 0.5 0 0
6630 0.108684 0.875 239 0.45098 0.5 0 0
6640 0.108684 0.9375 239.938 0.45098 0.5 0 0
6650 0.108684 0.9375 239.938 0.45098 0.5 0 0
6660 0.108683 0.9375 240.875 0.45098 0.5 0 0
6670 0.108683 0.9375 240.875 0.447059 0.5 0 0
6680 0.108682 0.9375 241.812 0.45098 0.5 0 0
6690 0.108682 0.9375 241.812 0.45098 0.5 0 0
6700 0.108681 0.9375 242.75 0.45098 0.5 0 0
6710 0.108681 0.9375 242.75 0.45098 0.5 0 0
6720 0.109002 0.9375 243.688 0.45098 0.5 0 0
6730 0.109002 0.9375 243.688 0.454902 0.5 0 0
6740 0.109247 0.9375 244.625 0.45098 0.5 0 0
6750 0.109247 0.9375 244.625 0.454902 0.5 0 0
6760 0.109247 0.875 245.5 0.45098 0.5 0 0
6770 0.109247 0.875 245.5 0.45098 0.5 0 0
6780 0.109897 0.875 246.375 0.447059 0.5 0 0
6790 0.109897 0.875 246.375 0.443137 0.5 0 0
6800 0.109878 0.875 247.25 0.443137 0.5 0 0
6810 0.109878 0.875 247.25 0.443137 0.5 0 0
6820 0.110352 0.9375 248.188 0.443137 0.5 0 0
6830 0.110352 0.9375 248.188 0.443137 0.5 0 0
6840 0.110921 0.9375 249.125 0.443137 0.5 0 0
6850 0.110921 0.9375 249.125 0.443137 0.5 0 0
6860 0.111142 0.9375 250.062 0.443137 0.5 0 0
6870 0.111142 0.9375 250.062 0.439216 0.5 0 0
6880 0.111137 0.8125 250.875 0.439216 0.5 0 0
6890 0.111137 0.8125 250.875 0.439216 0.5 0 0
6900 0.111062 0.9375 251.812 0.443137 0.5 0 0
6910 0.111062 0.9375 251.812 0.439216 0.5 0 0
6920 0.111058 0.9375 252.75 0.439216 0.5 0 0
6930 0.111058 0.9375 252.75 0.443137 0.5 0 0
6940 0.111057 0.9375 253.688 0.439216 0.5 0 0
6950 0.111057 0.9375 253.688 0.439216 0.5 0 0
6960 0.111057 0.875 254.562 0.443137 0.5 0 0
6970 0.111057 0.875 254.562 0.443137 0.5 0 0
6980 0.111055 0.875 255.438 0.443137 0.5 0 0
6990 0.111055 0.875 255.438 0.443137 0.5 0 0
7000 0.111055 0.875 256.312 0.439216 0.5 0 0
7010 0.111055 0.875 256.312 0.439216 0.5 0 0
7020 0.111055 0.8125 257.125 0.439216 0.5 0 0
7030 0.111055 0.8125 257.125 0.443137 0.5 0 0
7040 0.111054 0.9375 258.062 0.443137 0.5 0 0
7050 0.111054 0.9375 258.062 0.443137 0.5 0 0
7060 0.111053 0.9375 259 0.443137 0.5 0 0
7070 0.111053 0.9375 259 0.439216 0.5 0 0
7080 0.111053 0.9375 259.938 0.439216 0.5 0 0
7090 0.111053 0.9375 259.938 0.439216 0.5 0 0
7100 0.111052 0.875 260.812 0.439216 0.5 0 0
7110 0.111052 0.875 260.812 0.443137 0.5 0 0
7120 0.11105 0.75 261.562 0.443137 0.5 0 0
7130 0.11105 0.75 261.562 0.439216 0.5 0 0
7140 0.111049 0.75 262.312 0.443137 0.5 0 0
7150 0.111049 0.75 262.312 0.443137 0.5 0 0
7160 0.111013 0.875 263.188 0.443137 0.5 0 0
7170 0.111013 0.875 263.188 0.439216 0.5 0 0
7180 0.110965 0.75 263.938 0.443137 0.5 0 0
7190 0.110965 0.75 263.938 0.443137 0.5 0 0
7200 0.110965 0.9375 264.875 0.443137 0.5 0 0
7210 0.110965 0.9375 264.875 0.443137 0.5 0 0
7220 0.110965 0.9375 265.812 0.443137 0.5 0 0
7230 0.110965 0.9375 265.812 0.439216 0.5 0 0
7240 0.110965 0.9375 266.75 0.439216 0.5 0 0
7250 0.110965 0.9375 266.75 0.443137 0.5 0 0
7260 0.110964 0.9375 267.688 0.439216 0.5 0 0
7270 0.110964 0.9375 267.688 0.439216 0.5 0 0
7280 0.110964 0.875 268.562 0.439216 0.5 0 0
7290 0.110964 0.875 268.562 0.439216 0.5 0 0
7300 0.110964 0.875 269.438 0.443137 0.5 0 0
7310 0.110964 0.875 269.438 0.443137 0.5 0 0
7320 0.110965 0.8125 270.25 0.443137 0.5 0 0
7330 0.110965 0.8125 270.25 0.443137 0.5 0 0
7340 0.110965 0.8125 271.062 0.443137 0.5 0 0
7350 0.110965 0.8125 271.062 0.439216 0.5 0 0
7360 0.110964 0.8125 271.875 0.439216 0.5 0 0
7370 0.110964 0.8125 271.875 0.443137 0.5 0 0
7380 0.11079 0.625 272.5 0.439216 0.5 0 0
7390 0.11079 0.625 272.5 0.443137 0.5 0 0
7400 0.110787 0.625 273.125 0.443137 0.5 0 0
7410 0.110787 0.625 273.125 0.439216 0.5 0 0
7420 0.110788 0.75 273.875 0.443137 0.5 0 0
7430 0.110788 0.75 273.875 0.443137 0.5 0 0
7440 0.110788 0.75 274.625 0.443137 0.5 0 0
7450 0.110788 0.75 274.625 0.443137 0.5 0 0
7460 0.110791 0.8125 275.438 0.443137 0.5 0 0
7470 0.110791 0.8125 275.438 0.439216 0.5 0 0
7480 0.110792 0.8125 276.25 0.443137 0.5 0 0
7490 0.110792 0.8125 276.25 0.443137 0.5 0 0
7500 0.110791 0.9375 277.188 0.439216 0.5 0 0
7510 0.110791 0.9375 277.188 0.443137 0.5 0 0
7520 0.11079 0.8125 278 0.443137 0.5 0 0
7530 0.11079 0.8125 278 0.439216 0.5 0 0
7540 0.11079 0.75 278.75 0.443137 0.5 0 0
7550 0.11079 0.75 278.75 0.443137 0.5 0 0
7560 0.110788 0.75 279.5 0.443137 0.5 0 0
7570 0.110788 0.75 279.5 0.443137 0.5 0 0
7580 0.110789 0.75 280.25 0.439216 0.5 0 0
7590 0.110789 0.75 280.25 0.443137 0.5 0 0
7600 0.110803 0.6875 280.938 0.443137 0.5 0 0
7610 0.110803 0.6875 280.938 0.443137 0.5 0 0
7620 0.110805 0.6875 281.625 0.439216 0.5 0 0
7630 0.110805 0.6875 281.625 0.443137 0.5 0 0
7640 0.110804 0.625 282.25 0.443137 0.5 0 0
7650 0.110804 0.625 282.25 0.439216 0.5 0 0
7660 0.110804 0.625 282.875 0.443137 0.5 0 0
7670 0.110804 0.625 282.875 0.443137 0.5 0 0
7680 0.110803 0.6875 283.562 0.443137 0.5 0 0
7690 0.110803 0.6875 283.562 0.443137 0.5 0 0
7700 0.110803 0.6875 284.25 0.443137 0.5 0 0
7710 0.110803 0.6875 284.25 0.439216 0.5 0 0
7720 0.111016 0.6875 284.938 0.443137 0.5 0 0
7730 0.111016 0.6875 284.938 0.443137 0.5 0 0
7740 0.11155 0.5625 285.5 0.443137 0.5 0 0
7750 0.11155 0.5625 285.5 0.443137 0.5 0 0
7760 0.112074 0.5625 286.062 0.443137 0.5 0 0
7770 0.112074 0.5625 286.062 0.439216 0.5 0 0
7780 0.112682 0.75 286.812 0.439216 0.5 0 0
7790 0.112682 0.75 286.812 0.435294 0.5 0 0
7800 0.113118 0.75 287.562 0.431373 0.5 0 0
7810 0.113118 0.75 287.562 0.427451 0.5 0 0
7820 0.113678 0.75 288.312 0.423529 0.5 0 0
7830 0.113678 0.75 288.312 0.423529 0.5 0 0
7840 0.113765 0.8125 289.125 0.423529 0.5 0 0
7850 0.113765 0.8125 289.125 0.423529 0.5 0 0
7860 0.114296 0.8125 289.938 0.423529 0.5 0 0
7870 0.114296 0.8125 289.938 0.423529 0.5 0 0
7880 0.114976 0.6875 290.625 0.427451 0.5 0 0
7890 0.114976 0.6875 290.625 0.427451 0.5 0 0
7900 0.11542 0.6875 291.312 0.427451 0.5 0 0
7910 0.11542 0.6875 291.312 0.427451 0.5 0 0
7920 0.115381 0.625 291.938 0.427451 0.5 0 0
7930 0.115381 0.625 291.938 0.419608 0.5 0 0
7940 0.114801 0.625 292.562 0.415686 0.5 0 0
7950 0.114801 0.625 292.562 0.415686 0.5 0 0
7960 0.114275 0.5625 293.125 0.415686 0.5 0 0
7970 0.114275 0.5625 293.125 0.415686 0.5 0 0
7980 0.113973 0.625 293.75 0.415686 0.5 0 0
7990 0.113973 0.625 293.75 0.415686 0.5 0 0
8000 0.11391 0.6875 294.438 0.415686 0.5 0 0
8010 0.11391 0.6875 294.438 0.415686 0.5 0 0
8020 0.113885 0.8125 295.25 0.411765 0.5 0 0
8030 0.113885 0.8125 295.25 0.415686 0.5 0 0
8040 0.113885 0.8125 296.062 0.415686 0.5 0 0
8050 0.113885 0.8125 296.062 0.415686 0.5 0 0
8060 0.113679 0.8125 296.875 0.415686 0.5 0 0
8070 0.113679 0.8125 296.875 0.415686 0.5 0 0
8080 0.113673 0.8125 297.688 0.415686 0.5 0 0
8090 0.113673 0.8125 297.688 0.415686 0.5 0 0
8100 0.113673 0.8125 298.5 0.415686 0.5 0 0
8110 0.113673 0.8125 298.5 0.415686 0.5 0 0
8120 0.113435 0.8125 299.312 0.411765 0.5 0 0
8130 0.113435 0.8125 299.312 0.411765 0.5 0 0
8140 0.113251 0.75 300.062 0.415686 0.5 0 0
8150 0.113251 0.75 300.062 0.415686 0.5 0 0
8160 0.113251 0.75 300.812 0.415686 0.5 0 0
8170 0.113251 0.75 300.812 0.415686 0.5 0 0
8180 0.113251 0.8125 301.625 0.411765 0.5 0 0
8190 0.113251 0.8125 301.625 0.415686 0.5 0 0
8200 0.113251 0.8125 302.438 0.415686 0.5 0 0
8210 0.113251 0.8125 302.438 0.415686 0.5 0 0
8220 0.113076 0.75 303.188 0.415686 0.5 0 0
8230 0.113076 0.75 303.188 0.415686 0.5 0 0
8240 0.113069 0.8125 304 0.415686 0.5 0 0
8250 0.113069 0.8125 304 0.415686 0.5 0 0
8260 0.113069 0.8125 304.812 0.415686 0.5 0 0
8270 0.113069 0.8125 304.812 0.415686 0.5 0 0
8280 0.113069 0.8125 305.625 0.415686 0.5 0 0
8290 0.113069 0.8125 305.625 0.415686 0.5 0 0
8300 0.113069 0.8125 306.438 0.415686 0.5 0 0
8310 0.113069 0.8125 306.438 0.415686 0.5 0 0
8320 0.113069 0.6875 307.125 0.415686 0.5 0 0
8330 0.113069 0.6875 307.125 0.415686 0.5 0 0
8340 0.112973 0.6875 307.812 0.415686 0.5 0 0
8350 0.112973 0.6875 307.812 0.415686 0.5 0 0
8360 0.112915 0.625 308.438 0.415686 0.5 0 0
8370 0.112915 0.625 308.438 0.415686 0.5 0 0
8380 0.112915 0.6875 309.125 0.415686 0.5 0 0
8390 0.112915 0.6875 309.125 0.415686 0.5 0 0
8400 0.112915 0.8125 309.938 0.415686 0.5 0 0
8410 0.112915 0.8125 309.938 0.415686 0.5 0 0
8420 0.112915 0.8125 310.75 0.415686 0.5 0 0
8430 0.112915 0.8125 310.75 0.415686 0.5 0 0
8440 0.112913 0.8125 311.562 0.411765 0.5 0 0
8450 0.112913 0.8125 311.562 0.411765 0.5 0 0
8460 0.112913 0.8125 312.375 0.411765 0.5 0 0
8470 0.112913 0.8125 312.375 0.415686 0.5 0 0
8480 0.112913 0.8125 313.188 0.415686 0.5 0 0
8490 0.112913 0.8125 313.188 0.415686 0.5 0 0
8500 0.112913 0.75 313.938 0.411765 0.5 0 0
8510 0.112913 0.75 313.938 0.415686 0.5 0 0
8520 0.112913 0.6875 314.625 0.415686 0.5 0 0
8530 0.112913 0.6875 314.625 0.415686 0.5 0 0
8540 0.112913 0.6875 315.312 0.415686 0.5 0 0
8550 0.112913 0.6875 315.312 0.415686 0.5 0 0
8560 0.112913 0.6875 316 0.411765 0.5 0 0
8570 0.112913 0.6875 316 0.415686 0.5 0 0
8580 0.112913 0.6875 316.688 0.415686 0.5 0 0
8590 0.112913 0.6875 316.688 0.415686 0.5 0 0
8600 0.112913 0.6875 317.375 0.415686 0.5 0 0
8610 0.112913 0.6875 317.375 0.415686 0.5 0 0
8620 0.112915 0.75 318.125 0.415686 0.5 0 0
8630 0.112915 0.75 318.125 0.415686 0.5 0 0
8640 0.112915 0.75 318.875 0.415686 0.5 0 0
8650 0.112915 0.75 318.875 0.415686 0.5 0 0
8660 0.113281 0.75 319.625 0.415686 0.5 0 0
8670 0.113281 0.75 319.625 0.411765 0.5 0 0
8680 0.11362 0.6875 320.312 0.411765 0.5 0 0
8690 0.11362 0.6875 320.312 0.411765 0.5 0 0
8700 0.113693 0.6875 321 0.411765 0.5 0 0
8710 0.113693 0.6875 321 0.411765 0.5 0 0
8720 0.114173 0.6875 321.688 0.411765 0.5 0 0
8730 0.114173 0.6875 321.688 0.407843 0.5 0 0
8740 0.114645 0.625 322.312 0.407843 0.5 0 0
8750 0.114645 0.625 322.312 0.403922 0.5 0 0
8760 0.114546 0.75 323.062 0.407843 0.5 0 0
8770 0.114546 0.75 323.062 0.407843 0.5 0 0
8780 0.114105 0.875 323.938 0.407843 0.5 0 0
8790 0.114105 0.875 323.938 0.403922 0.5 0 0
8800 0.113767 0.9375 324.875 0.403922 0.5 0 0
8810 0.113767 0.9375 324.875 0.403922 0.5 0 0
8820 0.11355 0.9375 325.812 0.407843 0.5 0 0
8830 0.11355 0.9375 325.812 0.407843 0.5 0 0
8840 0.113177 0.9375 326.75 0.407843 0.5 0 0
8850 0.113177 0.9375 326.75 0.403922 0.5 0 0
8860 0.112902 0.9375 327.688 0.407843 0.5 0 0
8870 0.112902 0.9375 327.688 0.403922 0.5 0 0
8880 0.112899 0.875 328.562 0.403922 0.5 0 0
8890 0.112899 0.875 328.562 0.407843 0.5 0 0
8900 0.112899 0.875 329.438 0.407843 0.5 0 0
8910 0.112899 0.875 329.438 0.403922 0.5 0 0
8920 0.112899 0.875 330.312 0.407843 0.5 0 0
8930 0.112899 0.875 330.312 0.407843 0.5 0 0
8940 0.112901 0.8125 331.125 0.407843 0.5 0 0
8950 0.112901 0.8125 331.125 0.407843 0.5 0 0
8960 0.112899 0.875 332 0.403922 0.5 0 0
8970 0.112899 0.875 332 0.407843 0.5 0 0
8980 0.112735 0.875 332.875 0.407843 0.5 0 0
8990 0.112735 0.875 332.875 0.403922 0.5 0 0
9000 0.112735 0.875 333.75 0.403922 0.5 0 0
9010 0.112735 0.875 333.75 0.407843 0.5 0 0
9020 0.112735 0.75 334.5 0.403922 0.5 0 0
9030 0.112735 0.75 334.5 0.403922 0.5 0 0
9040 0.112735 0.75 335.25 0.407843 0.5 0 0
9050 0.112735 0.75 335.25 0.403922 0.5 0 0
9060 0.112735 0.8125 336.062 0.407843 0.5 0 0
9070 0.112735 0.8125 336.062 0.407843 0.5 0 0
9080 0.112735 0.75 336.812 0.407843 0.5 0 0
9090 0.112735 0.75 336.812 0.403922 0.5 0 0
9100 0.112735 0.75 337.562 0.407843 0.5 0 0
9110 0.112735 0.75 337.562 0.403922 0.5 0 0
9120 0.112735 0.6875 338.25 0.403922 0.5 0 0
9130 0.112735 0.6875 338.25 0.403922 0.5 0 0
9140 0.112735 0.6875 338.938 0.407843 0.5 0 0
9150 0.112735 0.6875 338.938 0.407843 0.5 0 0
9160 0.112735 0.8125 339.75 0.407843 0.5 0 0
9170 0.112735 0.8125 339.75 0.403922 0.5 0 0
9180 0.112664 0.875 340.625 0.403922 0.5 0 0
9190 0.112664 0.875 340.625 0.407843 0.5 0 0
9200 0.112662 0.8125 341.438 0.407843 0.5 0 0
9210 0.112662 0.8125 341.438 0.407843 0.5 0 0
9220 0.112662 0.8125 342.25 0.403922 0.5 0 0
9230 0.112662 0.8125 342.25 0.403922 0.5 0 0
9240 0.112662 0.6875 342.938 0.403922 0.5 0 0
9250 0.112662 0.6875 342.938 0.407843 0.5 0 0
9260 0.112646 0.625 343.562 0.403922 0.5 0 0
9270 0.112646 0.625 343.562 0.407843 0.5 0 0
9280 0.112646 0.625 344.188 0.407843 0.5 0 0
9290 0.112646 0.625 344.188 0.403922 0.5 0 0
9300 0.112646 0.5625 344.75 0.407843 0.5 0 0
9310 0.112646 0.5625 344.75 0.407843 0.5 0 0
9320 0.112646 0.4375 345.188 0.407843 0.5 0 0
9330 0.112646 0.4375 345.188 0.403922 0.5 0 0
9340 0.112646 0.4375 345.625 0.407843 0.5 0 0
9350 0.112646 0.4375 345.625 0.403922 0.5 0 0
9360 0.112646 0.5625 346.188 0.403922 0.5 0 0
9370 0.112646 0.5625 346.188 0.403922 0.5 0 0
9380 0.112646 0.5625 346.75 0.407843 0.5 0 0
9390 0.112646 0.5625 346.75 0.403922 0.5 0 0
9400 0.112646 0.5625 347.312 0.407843 0.5 0 0
9410 0.112646 0.5625 347.312 0.407843 0.5 0 0
9420 0.112646 0.625 347.938 0.407843 0.5 0 0
9430 0.112646 0.625 347.938 0.407843 0.5 0 0
9440 0.112646 0.6875 348.625 0.403922 0.5 0 0
9450 0.112646 0.6875 348.625 0.407843 0.5 0 0
9460 0.112646 0.6875 349.312 0.407843 0.5 0 0
9470 0.112646 0.6875 349.312 0.407843 0.5 0 0
9480 0.112646 0.6875 350 0.403922 0.5 0 0
9490 0.112646 0.6875 350 0.407843 0.5 0 0
9500 0.112646 0.6875 350.688 0.407843 0.5 0 0
9510 0.112646 0.6875 350.688 0.407843 0.5 0 0
9520 0.112646 0.75 351.438 0.407843 0.5 0 0
9530 0.112646 0.75 351.438 0.403922 0.5 0 0
9540 0.112646 0.875 352.312 0.403922 0.5 0 0
9550 0.112646 0.875 352.312 0.403922 0.5 0 0
9560 0.112646 0.875 353.188 0.403922 0.5 0 0
9570 0.112646 0.875 353.188 0.407843 0.5 0 0
9580 0.113127 0.9375 354.125 0.403922 0.5 0 0
9590 0.113127 0.9375 354.125 0.403922 0.5 0 0
9600 0.113837 0.9375 355.062 0.407843 0.5 0 0
9610 0.113837 0.9375 355.062 0.407843 0.5 0 0
9620 0.114053 0.9375 356 0.407843 0.5 0 0
9630 0.114053 0.9375 356 0.407843 0.5 0 0
9640 0.114262 0.9375 356.938 0.403922 0.5 0 0
9650 0.114262 0.9375 356.938 0.403922 0.5 0 0
9660 0.11449 0.9375 357.875 0.403922 0.5 0 0
9670 0.11449 0.9375 357.875 0.4 0.5 0 0
9680 0.114515 0.9375 358.812 0.4 0.5 0 0
9690 0.114515 0.9375 358.812 0.4 0.5 0 0
9700 0.114263 0.9375 359.75 0.4 0.5 0 0
9710 0.114263 0.9375 359.75 0.4 0.5 0 0
9720 0.114333 0.875 360.625 0.4 0.5 0 0
9730 0.114333 0.875 360.625 0.4 0.5 0 0
9740 0.114246 0.875 361.5 0.4 0.5 0 0
9750 0.114246 0.875 361.5 0.4 0.5 0 0
9760 0.11412 0.875 362.375 0.4 0.5 0 0
9770 0.11412 0.875 362.375 0.4 0.5 0 0
9780 0.113731 0.75 363.125 0.4 0.5 0 0
9790 0.113731 0.75 363.125 0.4 0.5 0 0
9800 0.113517 0.625 363.75 0.4 0.5 0 0
9810 0.113517 0.625 363.75 0.396078 0.5 0 0
9820 0.11332 0.6875 364.438 0.4 0.5 0 0
9830 0.11332 0.6875 364.438 0.4 0.5 0 0
9840 0.113311 0.75 365.188 0.4 0.5 0 0
9850 0.113311 0.75 365.188 0.4 0.5 0 0
9860 0.113199 0.75 365.938 0.4 0.5 0 0
9870 0.113199 0.75 365.938 0.4 0.5 0 0
9880 0.113199 0.75 366.688 0.396078 0.5 0 0
9890 0.113199 0.75 366.688 0.4 0.5 0 0
9900 0.113199 0.75 367.438 0.4 0.5 0 0
9910 0.113199 0.75 367.438 0.4 0.5 0 0
9920 0.112869 0.6875 368.125 0.396078 0.5 0 0
9930 0.112869 0.6875 368.125 0.4 0.5 0 0
9940 0.112853 0.75 368.875 0.4 0.5 0 0
9950 0.112853 0.75 368.875 0.4 0.5 0 0
9960 0.112853 0.875 369.75 0.4 0.5 0 0
9970 0.112853 0.875 369.75 0.4 0.5 0 0
9980 0.112853 0.875 370.625 0.4 0.5 0 0
9990 0.112853 0.875 370.625 0.4 0.5 0 0
10000 0.112853 0.875 371.5 0.4 0.5 0 0
10010 0.112853 0.875 371.5 0.4 0.5 0 0
10020 0.112853 0.875 372.375 0.4 0.5 0 0
10030 0.112853 0.875 372.375 0.4 0.5 0 0
10040 0.112853 0.875 373.25 0.4 0.5 0 0
10050 0.112853 0.875 373.25 0.396078 0.5 0 0
10060 0.112853 0.625 373.875 0.4 0.5 0 0
10070 0.112853 0.625 373.875 0.4 0.5 0 0
10080 0.112853 0.875 374.75 0.4 0.5 0 0
10090 0.112853 0.875 374.75 0.4 0.5 0 0
10100 0.112853 0.9375 375.688 0.4 0.5 0 0
10110 0.112853 0.9375 375.688 0.4 0.5 0 0
10120 0.112853 0.875 376.562 0.4 0.5 0 0
10130 0.112853 0.875 376.562 0.4 0.5 0 0
10140 0.112853 0.875 377.438 0.4 0.5 0 0
10150 0.112853 0.875 377.438 0.4 0.5 0 0
10160 0.112853 0.8125 378.25 0.4 0.5 0 0
10170 0.112853 0.8125 378.25 0.4 0.5 0 0
10180 0.112853 0.8125 379.062 0.396078 0.5 0 0
10190 0.112853 0.8125 379.062 0.4 0.5 0 0
10200 0.112853 0.6875 379.75 0.4 0.5 0 0
10210 0.112853 0.6875 379.75 0.4 0.5 0 0
10220 0.112853 0.75 380.5 0.4 0.5 0 0
10230 0.112853 0.75 380.5 0.4 0.5 0 0
10240 0.112853 0.75 381.25 0.4 0.5 0 0
10250 0.112853 0.75 381.25 0.4 0.5 0 0
10260 0.112853 0.875 382.125 0.4 0.5 0 0
10270 0.112853 0.875 382.125 0.4 0.5 0 0
10280 0.112853 0.8125 382.938 0.4 0.5 0 0
10290 0.112853 0.8125 382.938 0.4 0.5 0 0
10300 0.112853 0.8125 383.75 0.4 0.5 0 0
10310 0.112853 0.8125 383.75 0.4 0.5 0 0
10320 0.112853 0.75 384.5 0.396078 0.5 0 0
10330 0.112853 0.75 384.5 0.4 0.5 0 0
10340 0.112853 0.6875 385.188 0.4 0.5 0 0
10350 0.112853 0.6875 385.188 0.4 0.5 0 0
10360 0.112853 0.8125 386 0.4 0.5 0 0
10370 0.112853 0.8125 386 0.4 0.5 0 0
10380 0.112853 0.9375 386.938 0.4 0.5 0 0
10390 0.112853 0.9375 386.938 0.4 0.5 0 0
10400 0.112853 0.9375 387.875 0.4 0.5 0 0
10410 0.112853 0.9375 387.875 0.4 0.5 0 0
10420 0.112853 0.9375 388.812 0.396078 0.5 0 0
10430 0.112853 0.9375 388.812 0.396078 0.5 0 0
10440 0.112853 1 389.812 0.4 0.5 0 0
10450 0.112853 1 389.812 0.4 0.5 0 0
10460 0.112853 1 390.812 0.4 0.5 0 0
10470 0.112853 1 390.812 0.396078 0.5 0 0
10480 0.112853 1 391.812 0.4 0.5 0 0
10490 0.112853 1 391.812 0.396078 0.5 0 0
10500 0.112853 0.875 392.688 0.4 0.5 0 0
10510 0.112853 0.875 392.688 0.396078 0.5 0 0
10520 0.112853 0.8125 393.5 0.4 0.5 0 0
10530 0.112853 0.8125 393.5 0.4 0.5 0 0
10540 0.112853 0.8125 394.312 0.396078 0.5 0 0
10550 0.112853 0.8125 394.312 0.396078 0.5 0 0
10560 0.112853 0.8125 395.125 0.4 0.5 0 0
10570 0.112853 0.8125 395.125 0.4 0.5 0 0
10580 0.112853 0.8125 395.938 0.4 0.5 0 0
10590 0.112853 0.8125 395.938 0.4 0.5 0 0
10600 0.112853 0.9375 396.875 0.4 0.5 0 0
10610 0.112853 0.9375 396.875 0.4 0.5 0 0
10620 0.112853 0.875 397.75 0.4 0.5 0 0
10630 0.112853 0.875 397.75 0.4 0.5 0 0
10640 0.112853 1 398.75 0.4 0.5 0 0
10650 0.112853 1 398.75 0.4 0.5 0 0
10660 0.112853 1 399.75 0.4 0.5 0 0
10670 0.112853 1 399.75 0.4 0.5 0 0
10680 0.112853 0.9375 400.688 0.4 0.5 0 0
10690 0.112853 0.9375 400.688 0.4 0.5 0 0
10700 0.112853 0.9375 401.625 0.4 0.5 0 0
10710 0.112853 0.9375 401.625 0.4 0.5 0 0
10720 0.112853 0.9375 402.562 0.396078 0.5 0 0
10730 0.112853 0.9375 402.562 0.4 0.5 0 0
10740 0.112853 0.8125 403.375 0.4 0.5 0 0
10750 0.112853 0.8125 403.375 0.396078 0.5 0 0
10760 0.112853 0.9375 404.312 0.4 0.5 0 0
10770 0.112853 0.9375 404.312 0.4 0.5 0 0
10780 0.112853 0.9375 405.25 0.4 0.5 0 0
10790 0.112853 0.9375 405.25 0.396078 0.5 0 0
10800 0.112853 0.9375 406.188 0.396078 0.5 0 0
10810 0.112853 0.9375 406.188 0.4 0.5 0 0
10820 0.112853 0.8125 407 0.4 0.5 0 0
10830 0.112853 0.8125 407 0.4 0.5 0 0
10840 0.112853 0.8125 407.812 0.4 0.5 0 0
10850 0.112853 0.8125 407.812 0.4 0.5 0 0
10860 0.112853 0.75 408.562 0.4 0.5 0 0
10870 0.112853 0.75 408.562 0.4 0.5 0 0
10880 0.112853 0.75 409.312 0.396078 0.5 0 0
10890 0.112853 0.75 409.312 0.396078 0.5 0 0
10900 0.112853 0.75 410.062 0.4 0.5 0 0
10910 0.112853 0.75 410.062 0.4 0.5 0 0
10920 0.112853 0.8125 410.875 0.4 0.5 0 0
10930 0.112853 0.8125 410.875 0.4 0.5 0 0
10940 0.112853 0.875 411.75 0.4 0.5 0 0
10950 0.112853 0.875 411.75 0.4 0.5 0 0
10960 0.112852 0.9375 412.688 0.4 0.5 0 0
10970 0.112852 0.9375 412.688 0.4 0.5 0 0
10980 0.112851 0.9375 413.625 0.4 0.5 0 0
10990 0.112851 0.9375 413.625 0.4 0.5 0 0
11000 0.112849 1 414.625 0.4 0.5 0 0
11010 0.112849 1 414.625 0.4 0.5 0 0
11020 0.112849 1 415.625 0.396078 0.5 0 0
11030 0.112849 1 415.625 0.4 0.5 0 0
11040 0.112849 0.8125 416.438 0.4 0.5 0 0
11050 0.112849 0.8125 416.438 0.4 0.5 0 0
11060 0.112848 0.75 417.188 0.4 0.5 0 0
11070 0.112848 0.75 417.188 0.4 0.5 0 0
11080 0.112847 0.875 418.062 0.4 0.5 0 0
11090 0.112847 0.875 418.062 0.4 0.5 0 0
11100 0.112846 0.8125 418.875 0.4 0.5 0 0
11110 0.112846 0.8125 418.875 0.4 0.5 0 0
11120 0.112845 0.8125 419.688 0.4 0.5 0 0
11130 0.112845 0.8125 419.688 0.4 0.5 0 0
11140 0.112845 0.875 420.562 0.4 0.5 0 0
11150 0.112845 0.875 420.562 0.4 0.5 0 0
11160 0.112844 0.8125 421.375 0.4 0.5 0 0
11170 0.112844 0.8125 421.375 0.4 0.5 0 0
11180 0.112843 0.8125 422.188 0.4 0.5 0 0
11190 0.112843 0.8125 422.188 0.4 0.5 0 0
11200 0.112841 0.8125 423 0.4 0.5 0 0
11210 0.112841 0.8125 423 0.4 0.5 0 0
11220 0.11284 0.75 423.75 0.4 0.5 0 0
11230 0.11284 0.75 423.75 0.4 0.5 0 0
11240 0.112839 0.75 424.5 0.4 0.5 0 0
11250 0.112839 0.75 424.5 0.4 0.5 0 0
11260 0.112839 0.8125 425.312 0.396078 0.5 0 0
11270 0.112839 0.8125 425.312 0.4 0.5 0 0
11280 0.112839 0.875 426.188 0.4 0.5 0 0
11290 0.112839 0.875 426.188 0.4 0.5 0 0
11300 0.112837 0.875 427.062 0.4 0.5 0 0
11310 0.112837 0.875 427.062 0.4 0.5 0 0
11320 0.112836 0.875 427.938 0.4 0.5 0 0
11330 0.112836 0.875 427.938 0.4 0.5 0 0
11340 0.112835 0.875 428.812 0.4 0.5 0 0
11350 0.112835 0.875 428.812 0.396078 0.5 0 0
11360 0.112834 0.75 429.562 0.4 0.5 0 0
11370 0.112834 0.75 429.562 0.4 0.5 0 0
11380 0.112834 0.6875 430.25 0.4 0.5 0 0
11390 0.112834 0.6875 430.25 0.4 0.5 0 0
11400 0.112834 0.8125 431.062 0.4 0.5 0 0
11410 0.112834 0.8125 431.062 0.4 0.5 0 0
11420 0.112832 0.75 431.812 0.4 0.5 0 0
11430 0.112832 0.75 431.812 0.4 0.5 0 0
11440 0.112832 0.8125 432.625 0.4 0.5 0 0
11450 0.112832 0.8125 432.625 0.4 0.5 0 0
11460 0.112831 0.75 433.375 0.4 0.5 0 0
11470 0.112831 0.75 433.375 0.4 0.5 0 0
11480 0.11283 0.6875 434.062 0.4 0.5 0 0
11490 0.11283 0.6875 434.062 0.4 0.5 0 0
11500 0.11283 0.5625 434.625 0.4 0.5 0 0
11510 0.11283 0.5625 434.625 0.4 0.5 0 0
11520 0.11283 0.6875 435.312 0.4 0.5 0 0
11530 0.11283 0.6875 435.312 0.4 0.5 0 0
11540 0.112829 0.8125 436.125 0.4 0.5 0 0
11550 0.112829 0.8125 436.125 0.4 0.5 0 0
11560 0.112829 0.75 436.875 0.4 0.5 0 0
11570 0.112829 0.75 436.875 0.4 0.5 0 0
11580 0.112827 0.9375 437.812 0.4 0.5 0 0
11590 0.112827 0.9375 437.812 0.4 0.5 0 0
11600 0.112827 0.9375 438.75 0.396078 0.5 0 0
11610 0.112827 0.9375 438.75 0.4 0.5 0 0
11620 0.112827 0.9375 439.688 0.4 0.5 0 0
11630 0.112827 0.9375 439.688 0.4 0.5 0 0
11640 0.112827 0.875 440.562 0.4 0.5 0 0
11650 0.112827 0.875 440.562 0.4 0.5 0 0
11660 0.112826 1 441.562 0.4 0.5 0 0
11670 0.112826 1 441.562 0.4 0.5 0 0
11680 0.112826 0.875 442.438 0.4 0.5 0 0
11690 0.112826 0.875 442.438 0.4 0.5 0 0
11700 0.112824 0.875 443.312 0.4 0.5 0 0
11710 0.112824 0.875 443.312 0.4 0.5 0 0
11720 0.112824 0.9375 444.25 0.396078 0.5 0 0
11730 0.112824 0.9375 444.25 0.4 0.5 0 0
11740 0.112824 1 445.25 0.4 0.5 0 0
11750 0.112824 1 445.25 0.4 0.5 0 0
11760 0.112824 0.9375 446.188 0.4 0.5 0 0
11770 0.112824 0.9375 446.188 0.4 0.5 0 0
11780 0.112824 0.9375 447.125 0.4 0.5 0 0
11790 0.112824 0.9375 447.125 0.4 0.5 0 0
11800 0.112823 0.9375 448.062 0.396078 0.5 0 0
11810 0.112823 0.9375 448.062 0.4 0.5 0 0
11820 0.112822 0.9375 449 0.4 0.5 0 0
11830 0.112822 0.9375 449 0.4 0.5 0 0
11840 0.112822 0.875 449.875 0.4 0.5 0 0
11850 0.112822 0.875 449.875 0.4 0.5 0 0
11860 0.112822 0.8125 450.688 0.4 0.5 0 0
11870 0.112822 0.8125 450.688 0.4 0.5 0 0
11880 0.112822 0.9375 451.625 0.4 0.5 0 0
11890 0.112822 0.9375 451.625 0.4 0.5 0 0
11900 0.112821 0.9375 452.562 0.4 0.5 0 0
11910 0.112821 0.9375 452.562 0.4 0.5 0 0
11920 0.11282 0.9375 453.5 0.4 0.5 0 0
11930 0.11282 0.9375 453.5 0.4 0.5 0 0
11940 0.112819 0.9375 454.438 0.4 0.5 0 0
11950 0.112819 0.9375 454.438 0.4 0.5 0 0
11960 0.112819 0.9375 455.375 0.4 0.5 0 0
11970 0.112819 0.9375 455.375 0.4 0.5 0 0
11980 0.112819 0.875 456.25 0.4 0.5 0 0
11990 0.112819 0.875 456.25 0.4 0.5 0 0
12000 0.112819 0.875 457.125 0.4 0.5 0 0
12010 0.112819 0.875 457.125 0.4 0.5 0 0
12020 0.112818 0.875 458 0.4 0.5 0 0
12030 0.112818 0.875 458 0.4 0.5 0 0
12040 0.112816 0.875 458.875 0.4 0.5 0 0
12050 0.112816 0.875 458.875 0.4 0.5 0 0
12060 0.112816 0.75 459.625 0.4 0.5 0 0
12070 0.112816 0.75 459.625 0.4 0.5 0 0
12080 0.112816 0.8125 460.438 0.4 0.5 0 0
12090 0.112816 0.8125 460.438 0.4 0.5 0 0
12100 0.112816 0.75 461.188 0.4 0.5 0 0
12110 0.112816 0.75 461.188 0.4 0.5 0 0
12120 0.112815 0.875 462.062 0.4 0.5 0 0
12130 0.112815 0.875 462.062 0.396078 0.5 0 0
12140 0.112815 1 463.062 0.396078 0.5 0 0
12150 0.112815 1 463.062 0.4 0.5 0 0
12160 0.112813 1 464.062 0.4 0.5 0 0
12170 0.112813 1 464.062 0.4 0.5 0 0
12180 0.112812 1 465.062 0.4 0.5 0 0
12190 0.112812 1 465.062 0.4 0.5 0 0
12200 0.112812 1 466.062 0.4 0.5 0 0
12210 0.112812 1 466.062 0.4 0.5 0 0
12220 0.112812 1 467.062 0.4 0.5 0 0
12230 0.112812 1 467.062 0.4 0.5 0 0
12240 0.112812 0.75 467.812 0.4 0.5 0 0
12250 0.112812 0.75 467.812 0.396078 0.5 0 0
12260 0.112812 0.75 468.562 0.4 0.5 0 0
12270 0.112812 0.75 468.562 0.4 0.5 0 0
12280 0.11281 0.75 469.312 0.4 0.5 0 0
12290 0.11281 0.75 469.312 0.396078 0.5 0 0
12300 0.11281 0.875 470.188 0.4 0.5 0 0
12310 0.11281 0.875 470.188 0.4 0.5 0 0
12320 0.11281 0.9375 471.125 0.4 0.5 0 0
12330 0.11281 0.9375 471.125 0.4 0.5 0 0
12340 0.11281 0.875 472 0.4 0.5 0 0
12350 0.11281 0.875 472 0.4 0.5 0 0
12360 0.112809 0.9375 472.938 0.4 0.5 0 0
12370 0.112809 0.9375 472.938 0.396078 0.5 0 0
12380 0.112808 0.9375 473.875 0.4 0.5 0 0
12390 0.112808 0.9375 473.875 0.4 0.5 0 0
12400 0.112807 0.9375 474.812 0.4 0.5 0 0
12410 0.112807 0.9375 474.812 0.4 0.5 0 0
12420 0.112807 0.9375 475.75 0.4 0.5 0 0
12430 0.112807 0.9375 475.75 0.4 0.5 0 0
12440 0.112807 0.875 476.625 0.4 0.5 0 0
12450 0.112807 0.875 476.625 0.4 0.5 0 0
12460 0.112807 0.9375 477.562 0.4 0.5 0 0
12470 0.112807 0.9375 477.562 0.4 0.5 0 0
12480 0.112806 0.8125 478.375 0.4 0.5 0 0
12490 0.112806 0.8125 478.375 0.4 0.5 0 0
12500 0.112805 0.9375 479.312 0.4 0.5 0 0
12510 0.112805 0.9375 479.312 0.4 0.5 0 0
12520 0.112804 0.9375 480.25 0.4 0.5 0 0
12530 0.112804 0.9375 480.25 0.4 0.5 0 0
12540 0.112804 0.9375 481.188 0.4 0.5 0 0
12550 0.112804 0.9375 481.188 0.396078 0.5 0 0
12560 0.112804 0.8125 482 0.4 0.5 0 0
12570 0.112804 0.8125 482 0.4 0.5 0 0
12580 0.112795 0.75 482.75 0.4 0.5 0 0
12590 0.112795 0.75 482.75 0.4 0.5 0 0
12600 0.112795 0.75 483.5 0.4 0.5 0 0
12610 0.112795 0.75 483.5 0.4 0.5 0 0
12620 0.112795 0.625 484.125 0.4 0.5 0 0
12630 0.112795 0.625 484.125 0.4 0.5 0 0
12640 0.112795 0.5625 484.688 0.4 0.5 0 0
12650 0.112795 0.5625 484.688 0.4 0.5 0 0
12660 0.112795 0.625 485.312 0.4 0.5 0 0
12670 0.112795 0.625 485.312 0.4 0.5 0 0
12680 0.112795 0.625 485.938 0.4 0.5 0 0
12690 0.112795 0.625 485.938 0.4 0.5 0 0
12700 0.112795 0.625 486.562 0.4 0.5 0 0
12710 0.112795 0.625 486.562 0.4 0.5 0 0
12720 0.112795 0.6875 487.25 0.4 0.5 0 0
12730 0.112795 0.6875 487.25 0.4 0.5 0 0
12740 0.112795 0.6875 487.938 0.4 0.5 0 0
12750 0.112795 0.6875 487.938 0.4 0.5 0 0
12760 0.112795 0.6875 488.625 0.4 0.5 0 0
12770 0.112795 0.6875 488.625 0.4 0.5 0 0
12780 0.112795 0.5 489.125 0.4 0.5 0 0
12790 0.112795 0.5 489.125 0.4 0.5 0 0
12800 0.112795 0.5 489.625 0.4 0.5 0 0
12810 0.112795 0.5 489.625 0.4 0.5 0 0
12820 0.112795 0.625 490.25 0.4 0.5 0 0
12830 0.112795 0.625 490.25 0.4 0.5 0 0
12840 0.112795 0.625 490.875 0.4 0.5 0 0
12850 0.112795 0.625 490.875 0.4 0.5 0 0
12860 0.112795 0.5 491.375 0.4 0.5 0 0
12870 0.112795 0.5 491.375 0.396078 0.5 0 0
12880 0.113371 0.5625 491.938 0.396078 0.5 0 0
12890 0.113371 0.5625 491.938 0.396078 0.5 0 0
12900 0.114786 0.625 492.562 0.4 0.5 0 0
12910 0.114786 0.625 492.562 0.4 0.5 0 0
12920 0.115276 0.625 493.188 0.4 0.5 0 0
12930 0.115276 0.625 493.188 0.4 0.5 0 0
12940 0.115631 0.625 493.812 0.4 0.5 0 0
12950 0.115631 0.625 493.812 0.4 0.5 0 0
12960 0.116354 0.625 494.438 0.4 0.5 0 0
12970 0.116354 0.625 494.438 0.4 0.5 0 0
12980 0.116657 0.5625 495 0.4 0.5 0 0
12990 0.116657 0.5625 495 0.4 0.5 0 0
13000 0.116451 0.5625 495.562 0.403922 0.5 0 0
13010 0.116451 0.5625 495.562 0.4 0.5 0 0
13020 0.116194 0.4375 496 0.4 0.5 0 0
13030 0.116194 0.4375 496 0.4 0.5 0 0
13040 0.116034 0.375 496.375 0.4 0.5 0 0
13050 0.116034 0.375 496.375 0.396078 0.5 0 0
13060 0.115292 0.4375 496.812 0.396078 0.5 0 0
13070 0.115292 0.4375 496.812 0.392157 0.5 0 0
13080 0.114125 0.4375 497.25 0.392157 0.5 0 0
13090 0.114125 0.4375 497.25 0.392157 0.5 0 0
13100 0.113512 0.4375 497.688 0.392157 0.5 0 0
13110 0.113512 0.4375 497.688 0.392157 0.5 0 0
13120 0.113303 0.4375 498.125 0.392157 0.5 0 0
13130 0.113303 0.4375 498.125 0.388235 0.5 0 0
13140 0.112533 0.4375 498.562 0.384314 0.5 0 0
13150 0.112533 0.4375 498.562 0.384314 0.5 0 0
13160 0.111946 0.4375 499 0.384314 0.5 0 0
13170 0.111946 0.4375 499 0.384314 0.5 0 0
13180 0.110832 0.5 499.5 0.384314 0.5 0 0
13190 0.110832 0.5 499.5 0.384314 0.5 0 0
13200 0.110043 0.5 500 0.380392 0.5 0 0
13210 0.110043 0.5 500 0.380392 0.5 0 0
13220 0.110224 0.5625 500.562 0.380392 0.5 0 0
13230 0.110224 0.5625 500.562 0.380392 0.5 0 0
13240 0.11078 0.625 501.188 0.380392 0.5 0 0
13250 0.11078 0.625 501.188 0.384314 0.5 0 0
13260 0.111279 0.625 501.812 0.384314 0.5 0 0
13270 0.111279 0.625 501.812 0.384314 0.5 0 0
13280 0.111297 0.625 502.438 0.384314 0.5 0 0
13290 0.111297 0.625 502.438 0.384314 0.5 0 0
13300 0.111176 0.625 503.062 0.384314 0.5 0 0
13310 0.111176 0.625 503.062 0.380392 0.5 0 0
13320 0.110603 0.625 503.688 0.376471 0.5 0 0
13330 0.110603 0.625 503.688 0.376471 0.5 0 0
13340 0.109732 0.5625 504.25 0.380392 0.5 0 0
13350 0.109732 0.5625 504.25 0.380392 0.5 0 0
13360 0.109405 0.5 504.75 0.380392 0.5 0 0
13370 0.109405 0.5 504.75 0.380392 0.5 0 0
13380 0.109302 0.5 505.25 0.384314 0.5 0 0
13390 0.109302 0.5 505.25 0.380392 0.5 0 0
13400 0.108694 0.4375 505.688 0.384314 0.5 0 0
13410 0.108694 0.4375 505.688 0.380392 0.5 0 0
13420 0.108223 0.5 506.188 0.380392 0.5 0 0
13430 0.108223 0.5 506.188 0.380392 0.5 0 0
13440 0.107321 0.5 506.688 0.376471 0.5 0 0
13450 0.107321 0.5 506.688 0.372549 0.5 0 0
13460 0.106226 0.5 507.188 0.372549 0.5 0 0
13470 0.106226 0.5 507.188 0.376471 0.5 0 0
13480 0.104762 0.5 507.688 0.376471 0.5 0 0
13490 0.104762 0.5 507.688 0.372549 0.5 0 0
13500 0.104196 0.5 508.188 0.372549 0.5 0 0
13510 0.104196 0.5 508.188 0.372549 0.5 0 0
13520 0.104187 0.3125 508.5 0.372549 0.5 0 0
13530 0.104187 0.3125 508.5 0.376471 0.5 0 0
13540 0.10417 0.4375 508.938 0.372549 0.5 0 0
13550 0.10417 0.4375 508.938 0.376471 0.5 0 0
13560 0.104026 0.4375 509.375 0.376471 0.5 0 0
13570 0.104026 0.4375 509.375 0.376471 0.5 0 0
13580 0.10379 0.5 509.875 0.372549 0.5 0 0
13590 0.10379 0.5 509.875 0.372549 0.5 0 0
13600 0.10379 0.5 510.375 0.372549 0.5 0 0
13610 0.10379 0.5 510.375 0.376471 0.5 0 0
13620 0.10379 0.5 510.875 0.372549 0.5 0 0
13630 0.10379 0.5 510.875 0.372549 0.5 0 0
13640 0.10379 0.4375 511.312 0.372549 0.5 0 0
13650 0.10379 0.4375 511.312 0.376471 0.5 0 0
13660 0.10379 0.4375 511.75 0.372549 0.5 0 0
13670 0.10379 0.4375 511.75 0.376471 0.5 0 0
13680 0.10379 0.4375 512.188 0.376471 0.5 0 0
13690 0.10379 0.4375 512.188 0.372549 0.5 0 0
13700 0.10379 0.375 512.562 0.376471 0.5 0 0
13710 0.10379 0.375 512.562 0.376471 0.5 0 0
13720 0.10379 0.375 512.938 0.376471 0.5 0 0
13730 0.10379 0.375 512.938 0.376471 0.5 0 0
13740 0.10379 0.4375 513.375 0.376471 0.5 0 0
13750 0.10379 0.4375 513.375 0.376471 0.5 0 0
13760 0.10379 0.625 514 0.376471 0.5 0 0
13770 0.10379 0.625 514 0.372549 0.5 0 0
13780 0.10379 0.625 514.625 0.372549 0.5 0 0
13790 0.10379 0.625 514.625 0.372549 0.5 0 0
13800 0.10379 0.625 515.25 0.376471 0.5 0 0
13810 0.10379 0.625 515.25 0.376471 0.5 0 0
13820 0.10379 0.625 515.875 0.372549 0.5 0 0
13830 0.10379 0.625 515.875 0.376471 0.5 0 0
13840 0.10379 0.5625 516.438 0.376471 0.5 0 0
13850 0.10379 0.5625 516.438 0.376471 0.5 0 0
13860 0.10379 0.5 516.938 0.376471 0.5 0 0
13870 0.10379 0.5 516.938 0.372549 0.5 0 0
13880 0.10379 0.625 517.562 0.372549 0.5 0 0
13890 0.10379 0.625 517.562 0.376471 0.5 0 0
13900 0.10379 0.6875 518.25 0.376471 0.5 0 0
13910 0.10379 0.6875 518.25 0.376471 0.5 0 0
13920 0.10379 0.8125 519.062 0.372549 0.5 0 0
13930 0.10379 0.8125 519.062 0.376471 0.5 0 0
13940 0.10379 0.8125 519.875 0.376471 0.5 0 0
13950 0.10379 0.8125 519.875 0.372549 0.5 0 0
13960 0.10379 0.8125 520.688 0.376471 0.5 0 0
13970 0.10379 0.8125 520.688 0.376471 0.5 0 0
13980 0.10379 0.625 521.312 0.372549 0.5 0 0
13990 0.10379 0.625 521.312 0.376471 0.5 0 0
14000 0.10379 0.5625 521.875 0.372549 0.5 0 0
14010 0.10379 0.5625 521.875 0.376471 0.5 0 0
14020 0.104004 0.4375 522.312 0.372549 0.5 0 0
14030 0.104004 0.4375 522.312 0.372549 0.5 0 0
14040 0.10404 0.5 522.812 0.376471 0.5 0 0
14050 0.10404 0.5 522.812 0.372549 0.5 0 0
14060 0.104787 0.5 523.312 0.376471 0.5 0 0
14070 0.104787 0.5 523.312 0.376471 0.5 0 0
14080 0.105142 0.5 523.812 0.376471 0.5 0 0
14090 0.105142 0.5 523.812 0.376471 0.5 0 0
14100 0.105241 0.4375 524.25 0.376471 0.5 0 0
14110 0.105241 0.4375 524.25 0.376471 0.5 0 0
14120 0.105491 0.5 524.75 0.376471 0.5 0 0
14130 0.105491 0.5 524.75 0.372549 0.5 0 0
14140 0.10538 0.5 525.25 0.372549 0.5 0 0
14150 0.10538 0.5 525.25 0.368627 0.5 0 0
14160 0.104724 0.5 525.75 0.368627 0.5 0 0
14170 0.104724 0.5 525.75 0.364706 0.5 0 0
14180 0.103962 0.5 526.25 0.368627 0.5 0 0
14190 0.103962 0.5 526.25 0.368627 0.5 0 0
14200 0.103562 0.4375 526.688 0.368627 0.5 0 0
14210 0.103562 0.4375 526.688 0.368627 0.5 0 0
14220 0.103489 0.4375 527.125 0.368627 0.5 0 0
14230 0.103489 0.4375 527.125 0.368627 0.5 0 0
14240 0.103455 0.4375 527.562 0.368627 0.5 0 0
14250 0.103455 0.4375 527.562 0.368627 0.5 0 0
14260 0.102986 0.4375 528 0.368627 0.5 0 0
14270 0.102986 0.4375 528 0.368627 0.5 0 0
14280 0.102984 0.375 528.375 0.368627 0.5 0 0
14290 0.102984 0.375 528.375 0.368627 0.5 0 0
14300 0.102719 0.4375 528.812 0.368627 0.5 0 0
14310 0.102719 0.4375 528.812 0.368627 0.5 0 0
14320 0.102717 0.4375 529.25 0.368627 0.5 0 0
14330 0.102717 0.4375 529.25 0.368627 0.5 0 0
14340 0.102717 0.4375 529.688 0.368627 0.5 0 0
14350 0.102717 0.4375 529.688 0.368627 0.5 0 0
14360 0.102717 0.5625 530.25 0.368627 0.5 0 0
14370 0.102717 0.5625 530.25 0.368627 0.5 0 0
14380 0.102717 0.75 531 0.368627 0.5 0 0
14390 0.102717 0.75 531 0.368627 0.5 0 0
14400 0.102717 0.75 531.75 0.368627 0.5 0 0
14410 0.102717 0.75 531.75 0.368627 0.5 0 0
14420 0.102717 0.8125 532.562 0.368627 0.5 0 0
14430 0.102717 0.8125 532.562 0.368627 0.5 0 0
14440 0.102717 0.8125 533.375 0.368627 0.5 0 0
14450 0.102717 0.8125 533.375 0.368627 0.5 0 0
14460 0.102717 0.75 534.125 0.368627 0.5 0 0
14470 0.102717 0.75 534.125 0.368627 0.5 0 0
14480 0.102717 0.8125 534.938 0.368627 0.5 0 0
14490 0.102717 0.8125 534.938 0.364706 0.5 0 0
14500 0.102717 0.9375 535.875 0.368627 0.5 0 0
14510 0.102717 0.9375 535.875 0.364706 0.5 0 0
14520 0.102717 0.9375 536.812 0.368627 0.5 0 0
14530 0.102717 0.9375 536.812 0.368627 0.5 0 0
14540 0.102717 0.8125 537.625 0.368627 0.5 0 0
14550 0.102717 0.8125 537.625 0.368627 0.5 0 0
14560 0.102717 0.9375 538.562 0.368627 0.5 0 0
14570 0.102717 0.9375 538.562 0.368627 0.5 0 0
14580 0.102717 0.9375 539.5 0.368627 0.5 0 0
14590 0.102717 0.9375 539.5 0.368627 0.5 0 0
14600 0.102717 0.875 540.375 0.368627 0.5 0 0
14610 0.102717 0.875 540.375 0.368627 0.5 0 0
14620 0.102717 0.75 541.125 0.368627 0.5 0 0
14630 0.102717 0.75 541.125 0.368627 0.5 0 0
14640 0.102717 0.75 541.875 0.368627 0.5 0 0
14650 0.102717 0.75 541.875 0.364706 0.5 0 0
14660 0.102713 0.9375 542.812 0.368627 0.5 0 0
14670 0.102713 0.9375 542.812 0.368627 0.5 0 0
14680 0.102704 0.8125 543.625 0.368627 0.5 0 0
14690 0.102704 0.8125 543.625 0.368627 0.5 0 0
14700 0.102703 0.75 544.375 0.368627 0.5 0 0
14710 0.102703 0.75 544.375 0.368627 0.5 0 0
14720 0.102703 0.75 545.125 0.368627 0.5 0 0
14730 0.102703 0.75 545.125 0.368627 0.5 0 0
14740 0.102703 0.6875 545.812 0.368627 0.5 0 0
14750 0.102703 0.6875 545.812 0.368627 0.5 0 0
14760 0.102703 0.625 546.438 0.368627 0.5 0 0
14770 0.102703 0.625 546.438 0.368627 0.5 0 0
14780 0.102701 0.625 547.062 0.368627 0.5 0 0
14790 0.102701 0.625 547.062 0.368627 0.5 0 0
14800 0.102696 0.5 547.562 0.368627 0.5 0 0
14810 0.102696 0.5 547.562 0.368627 0.5 0 0
14820 0.102692 0.375 547.938 0.368627 0.5 0 0
14830 0.102692 0.375 547.938 0.368627 0.5 0 0
14840 0.102692 0.4375 548.375 0.368627 0.5 0 0
14850 0.102692 0.4375 548.375 0.368627 0.5 0 0
14860 0.102692 0.4375 548.812 0.368627 0.5 0 0
14870 0.102692 0.4375 548.812 0.368627 0.5 0 0
14880 0.102692 0.3125 549.125 0.368627 0.5 0 0
14890 0.102692 0.3125 549.125 0.368627 0.5 0 0
14900 0.102699 0.5 549.625 0.368627 0.5 0 0
14910 0.102699 0.5 549.625 0.368627 0.5 0 0
14920 0.102705 0.5 550.125 0.368627 0.5 0 0
14930 0.102705 0.5 550.125 0.368627 0.5 0 0
14940 0.102697 0.625 550.75 0.368627 0.5 0 0
14950 0.102697 0.625 550.75 0.368627 0.5 0 0
14960 0.102687 0.6875 551.438 0.368627 0.5 0 0
14970 0.102687 0.6875 551.438 0.368627 0.5 0 0
14980 0.102687 0.6875 552.125 0.368627 0.5 0 0
14990 0.102687 0.6875 552.125 0.368627 0.5 0 0
15000 0.102686 0.625 552.75 0.364706 0.5 0 0
15010 0.102686 0.625 552.75 0.368627 0.5 0 0
15020 0.102686 0.6875 553.438 0.368627 0.5 0 0
15030 0.102686 0.6875 553.438 0.368627 0.5 0 0
15040 0.102686 0.6875 554.125 0.368627 0.5 0 0
15050 0.102686 0.6875 554.125 0.368627 0.5 0 0
15060 0.102685 0.5625 554.688 0.368627 0.5 0 0
15070 0.102685 0.5625 554.688 0.368627 0.5 0 0
15080 0.102682 0.625 555.312 0.368627 0.5 0 0
15090 0.102682 0.625 555.312 0.368627 0.5 0 0
15100 0.102679 0.625 555.938 0.368627 0.5 0 0
15110 0.102679 0.625 555.938 0.368627 0.5 0 0
15120 0.102679 0.625 556.562 0.368627 0.5 0 0
15130 0.102679 0.625 556.562 0.368627 0.5 0 0
15140 0.102679 0.625 557.188 0.368627 0.5 0 0
15150 0.102679 0.625 557.188 0.368627 0.5 0 0
15160 0.102679 0.625 557.812 0.368627 0.5 0 0
15170 0.102679 0.625 557.812 0.364706 0.5 0 0
15180 0.103398 0.5625 558.375 0.364706 0.5 0 0
15190 0.103398 0.5625 558.375 0.364706 0.5 0 0
15200 0.103818 0.5 558.875 0.364706 0.5 0 0
15210 0.103818 0.5 558.875 0.364706 0.5 0 0
15220 0.103839 0.5 559.375 0.364706 0.5 0 0
15230 0.103839 0.5 559.375 0.364706 0.5 0 0
15240 0.103916 0.5625 559.938 0.364706 0.5 0 0
15250 0.103916 0.5625 559.938 0.364706 0.5 0 0
15260 0.103852 0.5625 560.5 0.360784 0.5 0 0
15270 0.103852 0.5625 560.5 0.360784 0.5 0 0
15280 0.10425 0.4375 560.938 0.360784 0.5 0 0
15290 0.10425 0.4375 560.938 0.360784 0.5 0 0
15300 0.103784 0.4375 561.375 0.364706 0.5 0 0
15310 0.103784 0.4375 561.375 0.364706 0.5 0 0
15320 0.103494 0.5 561.875 0.368627 0.5 0 0
15330 0.103494 0.5 561.875 0.368627 0.5 0 0
15340 0.103537 0.5 562.375 0.372549 0.5 0 0
15350 0.103537 0.5 562.375 0.372549 0.5 0 0
15360 0.103439 0.5 562.875 0.372549 0.5 0 0
15370 0.103439 0.5 562.875 0.372549 0.5 0 0
15380 0.102719 0.5 563.375 0.372549 0.5 0 0
15390 0.102719 0.5 563.375 0.368627 0.5 0 0
15400 0.101301 0.5625 563.938 0.360784 0.5 0 0
15410 0.101301 0.5625 563.938 0.360784 0.5 0 0
15420 0.100357 0.5625 564.5 0.360784 0.5 0 0
15430 0.100357 0.5625 564.5 0.360784 0.5 0 0
15440 0.100247 0.5625 565.062 0.360784 0.5 0 0
15450 0.100247 0.5625 565.062 0.360784 0.5 0 0
15460 0.101078 0.4375 565.5 0.364706 0.5 0 0
15470 0.101078 0.4375 565.5 0.364706 0.5 0 0
15480 0.100501 0.5 566 0.364706 0.5 0 0
15490 0.100501 0.5 566 0.360784 0.5 0 0
15500 0.0992124 0.5625 566.562 0.356863 0.5 0 0
15510 0.0992124 0.5625 566.562 0.356863 0.5 0 0
15520 0.0980044 0.5 567.062 0.360784 0.5 0 0
15530 0.0980044 0.5 567.062 0.360784 0.5 0 0
15540 0.0973591 0.5625 567.625 0.360784 0.5 0 0
15550 0.0973591 0.5625 567.625 0.360784 0.5 0 0
15560 0.0973285 0.625 568.25 0.360784 0.5 0 0
15570 0.0973285 0.625 568.25 0.360784 0.5 0 0
15580 0.0971626 0.625 568.875 0.360784 0.5 0 0
15590 0.0971626 0.625 568.875 0.360784 0.5 0 0
15600 0.0970219 0.6875 569.562 0.360784 0.5 0 0
15610 0.0970219 0.6875 569.562 0.360784 0.5 0 0
15620 0.0970219 0.625 570.188 0.360784 0.5 0 0
15630 0.0970219 0.625 570.188 0.360784 0.5 0 0
15640 0.0970125 0.625 570.812 0.360784 0.5 0 0
15650 0.0970125 0.625 570.812 0.360784 0.5 0 0
15660 0.0970125 0.625 571.438 0.360784 0.5 0 0
15670 0.0970125 0.625 571.438 0.360784 0.5 0 0
15680 0.096997 0.625 572.062 0.360784 0.5 0 0
15690 0.096997 0.625 572.062 0.360784 0.5 0 0
15700 0.096997 0.5625 572.625 0.360784 0.5 0 0
15710 0.096997 0.5625 572.625 0.360784 0.5 0 0
15720 0.096997 0.5625 573.188 0.360784 0.5 0 0
15730 0.096997 0.5625 573.188 0.360784 0.5 0 0
15740 0.0969636 0.5625 573.75 0.360784 0.5 0 0
15750 0.0969636 0.5625 573.75 0.360784 0.5 0 0
15760 0.096963 0.5625 574.312 0.360784 0.5 0 0
15770 0.096963 0.5625 574.312 0.360784 0.5 0 0
15780 0.096963 0.5625 574.875 0.360784 0.5 0 0
15790 0.096963 0.5625 574.875 0.360784 0.5 0 0
15800 0.096963 0.5625 575.438 0.360784 0.5 0 0
15810 0.096963 0.5625 575.438 0.360784 0.5 0 0
15820 0.096963 0.625 576.062 0.360784 0.5 0 0
15830 0.096963 0.625 576.062 0.360784 0.5 0 0
15840 0.0969594 0.625 576.688 0.360784 0.5 0 0
15850 0.0969594 0.625 576.688 0.360784 0.5 0 0
15860 0.0968826 0.625 577.312 0.360784 0.5 0 0
15870 0.0968826 0.625 577.312 0.360784 0.5 0 0
15880 0.0968221 0.625 577.938 0.360784 0.5 0 0
15890 0.0968221 0.625 577.938 0.360784 0.5 0 0
15900 0.0968223 0.625 578.562 0.360784 0.5 0 0
15910 0.0968223 0.625 578.562 0.360784 0.5 0 0
15920 0.0968223 0.625 579.188 0.360784 0.5 0 0
15930 0.0968223 0.625 579.188 0.360784 0.5 0 0
15940 0.0968223 0.6875 579.875 0.360784 0.5 0 0
15950 0.0968223 0.6875 579.875 0.360784 0.5 0 0
15960 0.0968223 0.5625 580.438 0.360784 0.5 0 0
15970 0.0968223 0.5625 580.438 0.360784 0.5 0 0
15980 0.0968223 0.75 581.188 0.360784 0.5 0 0
15990 0.0968223 0.75 581.188 0.360784 0.5 0 0
16000 0.0968223 0.75 581.938 0.360784 0.5 0 0
16010 0.0968223 0.75 581.938 0.360784 0.5 0 0
16020 0.0968223 0.75 582.688 0.360784 0.5 0 0
16030 0.0968223 0.75 582.688 0.360784 0.5 0 0
16040 0.0968223 0.75 583.438 0.360784 0.5 0 0
16050 0.0968223 0.75 583.438 0.360784 0.5 0 0
16060 0.0968223 0.625 584.062 0.360784 0.5 0 0
16070 0.0968223 0.625 584.062 0.360784 0.5 0 0
16080 0.0968223 0.4375 584.5 0.360784 0.5 0 0
16090 0.0968223 0.4375 584.5 0.360784 0.5 0 0
16100 0.0968223 0.5 585 0.360784 0.5 0 0
16110 0.0968223 0.5 585 0.360784 0.5 0 0
16120 0.0968223 0.625 585.625 0.360784 0.5 0 0
16130 0.0968223 0.625 585.625 0.360784 0.5 0 0
16140 0.0968209 0.625 586.25 0.360784 0.5 0 0
16150 0.0968209 0.625 586.25 0.360784 0.5 0 0
16160 0.0968207 0.625 586.875 0.360784 0.5 0 0
16170 0.0968207 0.625 586.875 0.360784 0.5 0 0
16180 0.0968207 0.625 587.5 0.360784 0.5 0 0
16190 0.0968207 0.625 587.5 0.360784 0.5 0 0
16200 0.0974685 0.625 588.125 0.360784 0.5 0 0
16210 0.0974685 0.625 588.125 0.360784 0.5 0 0
16220 0.0981818 0.625 588.75 0.360784 0.5 0 0
16230 0.0981818 0.625 588.75 0.360784 0.5 0 0
16240 0.0987822 0.6875 589.438 0.360784 0.5 0 0
16250 0.0987822 0.6875 589.438 0.360784 0.5 0 0
16260 0.0986296 0.75 590.188 0.360784 0.5 0 0
16270 0.0986296 0.75 590.188 0.356863 0.5 0 0
16280 0.0985179 0.625 590.812 0.356863 0.5 0 0
16290 0.0985179 0.625 590.812 0.356863 0.5 0 0
16300 0.0982122 0.6875 591.5 0.356863 0.5 0 0
16310 0.0982122 0.6875 591.5 0.352941 0.5 0 0
16320 0.0975091 0.75 592.25 0.352941 0.5 0 0
16330 0.0975091 0.75 592.25 0.356863 0.5 0 0
16340 0.097555 0.625 592.875 0.356863 0.5 0 0
16350 0.097555 0.625 592.875 0.360784 0.5 0 0
16360 0.0973313 0.5625 593.438 0.360784 0.5 0 0
16370 0.0973313 0.5625 593.438 0.360784 0.5 0 0
16380 0.0968795 0.6875 594.125 0.360784 0.5 0 0
16390 0.0968795 0.6875 594.125 0.360784 0.5 0 0
16400 0.0956657 0.6875 594.812 0.352941 0.5 0 0
16410 0.0956657 0.6875 594.812 0.34902 0.5 0 0
16420 0.0936789 0.8125 595.625 0.34902 0.5 0 0
16430 0.0936789 0.8125 595.625 0.34902 0.5 0 0
16440 0.0937293 0.6875 596.312 0.352941 0.5 0 0
16450 0.0937293 0.6875 596.312 0.352941 0.5 0 0
16460 0.0929865 0.6875 597 0.34902 0.5 0 0
16470 0.0929865 0.6875 597 0.345098 0.5 0 0
16480 0.0917378 0.6875 597.688 0.345098 0.5 0 0
16490 0.0917378 0.6875 597.688 0.345098 0.5 0 0
16500 0.0906952 0.625 598.312 0.345098 0.5 0 0
16510 0.0906952 0.625 598.312 0.345098 0.5 0 0
16520 0.0904344 0.6875 599 0.345098 0.5 0 0
16530 0.0904344 0.6875 599 0.345098 0.5 0 0
16540 0.0903013 0.6875 599.688 0.345098 0.5 0 0
16550 0.0903013 0.6875 599.688 0.345098 0.5 0 0
16560 0.0902493 0.625 600.312 0.345098 0.5 0 0
16570 0.0902493 0.625 600.312 0.345098 0.5 0 0
16580 0.0896042 0.625 600.938 0.345098 0.5 0 0
16590 0.0896042 0.625 600.938 0.345098 0.5 0 0
16600 0.089585 0.625 601.562 0.345098 0.5 0 0
16610 0.089585 0.625 601.562 0.345098 0.5 0 0
16620 0.0895849 0.6875 602.25 0.345098 0.5 0 0
16630 0.0895849 0.6875 602.25 0.345098 0.5 0 0
16640 0.0895849 0.75 603 0.345098 0.5 0 0
16650 0.0895849 0.75 603 0.345098 0.5 0 0
16660 0.0895814 0.75 603.75 0.345098 0.5 0 0
16670 0.0895814 0.75 603.75 0.345098 0.5 0 0
16680 0.0895739 0.75 604.5 0.345098 0.5 0 0
16690 0.0895739 0.75 604.5 0.345098 0.5 0 0
16700 0.0895682 0.75 605.25 0.345098 0.5 0 0
16710 0.0895682 0.75 605.25 0.345098 0.5 0 0
16720 0.0894255 0.875 606.125 0.345098 0.5 0 0
16730 0.0894255 0.875 606.125 0.345098 0.5 0 0
16740 0.0893449 0.9375 607.062 0.345098 0.5 0 0
16750 0.0893449 0.9375 607.062 0.345098 0.5 0 0
16760 0.088713 0.875 607.938 0.345098 0.5 0 0
16770 0.088713 0.875 607.938 0.345098 0.5 0 0
16780 0.088713 0.875 608.812 0.345098 0.5 0 0
16790 0.088713 0.875 608.812 0.345098 0.5 0 0
16800 0.088713 0.875 609.688 0.345098 0.5 0 0
16810 0.088713 0.875 609.688 0.345098 0.5 0 0
16820 0.0886875 0.875 610.562 0.345098 0.5 0 0
16830 0.0886875 0.875 610.562 0.345098 0.5 0 0
16840 0.0886875 0.875 611.438 0.345098 0.5 0 0
16850 0.0886875 0.875 611.438 0.345098 0.5 0 0
16860 0.0886783 0.875 612.312 0.345098 0.5 0 0
16870 0.0886783 0.875 612.312 0.345098 0.5 0 0
16880 0.0885978 0.6875 613 0.345098 0.5 0 0
16890 0.0885978 0.6875 613 0.345098 0.5 0 0
16900 0.0885822 0.75 613.75 0.345098 0.5 0 0
16910 0.0885822 0.75 613.75 0.345098 0.5 0 0
16920 0.0885744 0.75 614.5 0.345098 0.5 0 0
16930 0.0885744 0.75 614.5 0.345098 0.5 0 0
16940 0.0885742 0.625 615.125 0.345098 0.5 0 0
16950 0.0885742 0.625 615.125 0.345098 0.5 0 0
16960 0.0885742 0.5625 615.688 0.345098 0.5 0 0
16970 0.0885742 0.5625 615.688 0.345098 0.5 0 0
16980 0.0883101 0.9375 616.625 0.345098 0.5 0 0
16990 0.0883101 0.9375 616.625 0.345098 0.5 0 0
17000 0.0877036 0.9375 617.562 0.345098 0.5 0 0
17010 0.0877036 0.9375 617.562 0.345098 0.5 0 0
17020 0.0875743 0.9375 618.5 0.345098 0.5 0 0
17030 0.0875743 0.9375 618.5 0.345098 0.5 0 0
17040 0.0873625 1 619.5 0.345098 0.5 0 0
17050 0.0873625 1 619.5 0.345098 0.5 0 0
17060 0.0872786 1 620.5 0.345098 0.5 0 0
17070 0.0872786 1 620.5 0.345098 0.5 0 0
17080 0.0872778 0.9375 621.438 0.345098 0.5 0 0
17090 0.0872778 0.9375 621.438 0.345098 0.5 0 0
17100 0.0872712 0.9375 622.375 0.345098 0.5 0 0
17110 0.0872712 0.9375 622.375 0.345098 0.5 0 0
17120 0.0872599 0.9375 623.312 0.345098 0.5 0 0
17130 0.0872599 0.9375 623.312 0.345098 0.5 0 0
17140 0.0872467 1 624.312 0.345098 0.5 0 0
17150 0.0872467 1 624.312 0.345098 0.5 0 0
17160 0.0871045 0.875 625.188 0.345098 0.5 0 0
17170 0.0871045 0.875 625.188 0.345098 0.5 0 0
17180 0.0867937 0.8125 626 0.345098 0.5 0 0
17190 0.0867937 0.8125 626 0.345098 0.5 0 0
17200 0.0867926 0.8125 626.812 0.345098 0.5 0 0
17210 0.0867926 0.8125 626.812 0.345098 0.5 0 0
17220 0.086787 0.9375 627.75 0.345098 0.5 0 0
17230 0.086787 0.9375 627.75 0.345098 0.5 0 0
17240 0.0867693 0.9375 628.688 0.345098 0.5 0 0
17250 0.0867693 0.9375 628.688 0.345098 0.5 0 0
17260 0.0867679 0.9375 629.625 0.345098 0.5 0 0
17270 0.0867679 0.9375 629.625 0.345098 0.5 0 0
17280 0.0867679 0.9375 630.562 0.345098 0.5 0 0
17290 0.0867679 0.9375 630.562 0.345098 0.5 0 0
17300 0.0867679 0.9375 631.5 0.345098 0.5 0 0
17310 0.0867679 0.9375 631.5 0.345098 0.5 0 0
17320 0.0867667 0.9375 632.438 0.345098 0.5 0 0
17330 0.0867667 0.9375 632.438 0.345098 0.5 0 0
17340 0.0867554 0.9375 633.375 0.345098 0.5 0 0
17350 0.0867554 0.9375 633.375 0.345098 0.5 0 0
17360 0.0863377 1 634.375 0.345098 0.5 0 0
17370 0.0863377 1 634.375 0.345098 0.5 0 0
17380 0.086313 0.875 635.25 0.345098 0.5 0 0
17390 0.086313 0.875 635.25 0.345098 0.5 0 0
17400 0.0862967 1 636.25 0.345098 0.5 0 0
17410 0.0862967 1 636.25 0.345098 0.5 0 0
17420 0.0862934 1 637.25 0.345098 0.5 0 0
17430 0.0862934 1 637.25 0.345098 0.5 0 0
17440 0.0862934 1 638.25 0.345098 0.5 0 0
17450 0.0862934 1 638.25 0.345098 0.5 0 0
17460 0.0862768 1 639.25 0.345098 0.5 0 0
17470 0.0862768 1 639.25 0.345098 0.5 0 0
17480 0.0862322 0.9375 640.188 0.345098 0.5 0 0
17490 0.0862322 0.9375 640.188 0.345098 0.5 0 0
17500 0.0861923 0.875 641.062 0.345098 0.5 0 0
17510 0.0861923 0.875 641.062 0.345098 0.5 0 0
17520 0.086179 0.875 641.938 0.345098 0.5 0 0
17530 0.086179 0.875 641.938 0.345098 0.5 0 0
17540 0.0861773 0.9375 642.875 0.345098 0.5 0 0
17550 0.0861773 0.9375 642.875 0.345098 0.5 0 0
17560 0.0861773 0.9375 643.812 0.345098 0.5 0 0
17570 0.0861773 0.9375 643.812 0.345098 0.5 0 0
17580 0.0861773 0.9375 644.75 0.345098 0.5 0 0
17590 0.0861773 0.9375 644.75 0.345098 0.5 0 0
17600 0.0861545 0.8125 645.562 0.345098 0.5 0 0
17610 0.0861545 0.8125 645.562 0.345098 0.5 0 0
17620 0.0860951 0.9375 646.5 0.345098 0.5 0 0
17630 0.0860951 0.9375 646.5 0.345098 0.5 0 0
17640 0.0860814 0.9375 647.438 0.345098 0.5 0 0
17650 0.0860814 0.9375 647.438 0.345098 0.5 0 0
17660 0.0860771 0.9375 648.375 0.345098 0.5 0 0
17670 0.0860771 0.9375 648.375 0.345098 0.5 0 0
17680 0.0860771 0.875 649.25 0.345098 0.5 0 0
17690 0.0860771 0.875 649.25 0.345098 0.5 0 0
17700 0.086075 0.9375 650.188 0.345098 0.5 0 0
17710 0.086075 0.9375 650.188 0.345098 0.5 0 0
17720 0.0860173 0.9375 651.125 0.345098 0.5 0 0
17730 0.0860173 0.9375 651.125 0.345098 0.5 0 0
17740 0.0859838 0.8125 651.938 0.345098 0.5 0 0
17750 0.0859838 0.8125 651.938 0.345098 0.5 0 0
17760 0.0859433 0.8125 652.75 0.345098 0.5 0 0
17770 0.0859433 0.8125 652.75 0.345098 0.5 0 0
17780 0.0859247 0.875 653.625 0.345098 0.5 0 0
17790 0.0859247 0.875 653.625 0.345098 0.5 0 0
17800 0.085903 0.875 654.5 0.345098 0.5 0 0
17810 0.085903 0.875 654.5 0.345098 0.5 0 0
17820 0.0859011 0.8125 655.312 0.345098 0.5 0 0
17830 0.0859011 0.8125 655.312 0.345098 0.5 0 0
17840 0.0858845 0.75 656.062 0.345098 0.5 0 0
17850 0.0858845 0.75 656.062 0.345098 0.5 0 0
17860 0.0858779 0.8125 656.875 0.345098 0.5 0 0
17870 0.0858779 0.8125 656.875 0.345098 0.5 0 0
17880 0.0858779 0.875 657.75 0.345098 0.5 0 0
17890 0.0858779 0.875 657.75 0.345098 0.5 0 0
17900 0.0858706 0.625 658.375 0.345098 0.5 0 0
17910 0.0858706 0.625 658.375 0.345098 0.5 0 0
17920 0.0857804 0.8125 659.188 0.345098 0.5 0 0
17930 0.0857804 0.8125 659.188 0.345098 0.5 0 0
17940 0.0857386 0.875 660.062 0.345098 0.5 0 0
17950 0.0857386 0.875 660.062 0.345098 0.5 0 0
17960 0.0854603 0.875 660.938 0.345098 0.5 0 0
17970 0.0854603 0.875 660.938 0.345098 0.5 0 0
17980 0.0851938 0.9375 661.875 0.345098 0.5 0 0
17990 0.0851938 0.9375 661.875 0.345098 0.5 0 0
18000 0.0849922 1 662.875 0.345098 0.5 0 0
18010 0.0849922 1 662.875 0.345098 0.5 0 0
18020 0.0849978 1 663.875 0.345098 0.5 0 0
18030 0.0849978 1 663.875 0.345098 0.5 0 0
18040 0.0850015 1 664.875 0.345098 0.5 0 0
18050 0.0850015 1 664.875 0.345098 0.5 0 0
18060 0.0850018 0.9375 665.812 0.345098 0.5 0 0
18070 0.0850018 0.9375 665.812 0.345098 0.5 0 0
18080 0.0849868 1 666.812 0.345098 0.5 0 0
18090 0.0849868 1 666.812 0.345098 0.5 0 0
18100 0.0849745 1 667.812 0.345098 0.5 0 0
18110 0.0849745 1 667.812 0.345098 0.5 0 0
18120 0.0849535 0.875 668.688 0.345098 0.5 0 0
18130 0.0849535 0.875 668.688 0.345098 0.5 0 0
18140 0.0847631 0.8125 669.5 0.345098 0.5 0 0
18150 0.0847631 0.8125 669.5 0.345098 0.5 0 0
18160 0.0847373 0.8125 670.312 0.345098 0.5 0 0
18170 0.0847373 0.8125 670.312 0.345098 0.5 0 0
18180 0.0847359 0.875 671.188 0.345098 0.5 0 0
18190 0.0847359 0.875 671.188 0.345098 0.5 0 0
18200 0.0847317 0.875 672.062 0.34902 0.5 0 0
18210 0.0847317 0.875 672.062 0.34902 0.5 0 0
18220 0.0847026 0.875 672.938 0.345098 0.5 0 0
18230 0.0847026 0.875 672.938 0.345098 0.5 0 0
18240 0.0846502 0.9375 673.875 0.345098 0.5 0 0
18250 0.0846502 0.9375 673.875 0.345098 0.5 0 0
18260 0.08463 0.8125 674.688 0.345098 0.5 0 0
18270 0.08463 0.8125 674.688 0.345098 0.5 0 0
18280 0.0846239 1 675.688 0.345098 0.5 0 0
18290 0.0846239 1 675.688 0.345098 0.5 0 0
18300 0.0846207 1 676.688 0.345098 0.5 0 0
18310 0.0846207 1 676.688 0.34902 0.5 0 0
18320 0.0846062 0.9375 677.625 0.34902 0.5 0 0
18330 0.0846062 0.9375 677.625 0.345098 0.5 0 0
18340 0.084561 0.9375 678.562 0.345098 0.5 0 0
18350 0.084561 0.9375 678.562 0.345098 0.5 0 0
18360 0.0845466 0.875 679.438 0.345098 0.5 0 0
18370 0.0845466 0.875 679.438 0.345098 0.5 0 0
18380 0.0845018 0.8125 680.25 0.34902 0.5 0 0
18390 0.0845018 0.8125 680.25 0.34902 0.5 0 0
18400 0.0844761 0.9375 681.188 0.345098 0.5 0 0
18410 0.0844761 0.9375 681.188 0.345098 0.5 0 0
18420 0.0844687 0.9375 682.125 0.345098 0.5 0 0
18430 0.0844687 0.9375 682.125 0.34902 0.5 0 0
18440 0.0844687 0.9375 683.062 0.345098 0.5 0 0
18450 0.0844687 0.9375 683.062 0.345098 0.5 0 0
18460 0.0844579 0.9375 684 0.34902 0.5 0 0
18470 0.0844579 0.9375 684 0.345098 0.5 0 0
18480 0.0844447 0.9375 684.938 0.34902 0.5 0 0
18490 0.0844447 0.9375 684.938 0.345098 0.5 0 0
18500 0.0844158 0.9375 685.875 0.345098 0.5 0 0
18510 0.0844158 0.9375 685.875 0.345098 0.5 0 0
18520 0.084399 0.9375 686.812 0.345098 0.5 0 0
18530 0.084399 0.9375 686.812 0.345098 0.5 0 0
18540 0.0843772 0.9375 687.75 0.345098 0.5 0 0
18550 0.0843772 0.9375 687.75 0.345098 0.5 0 0
18560 0.0843712 0.875 688.625 0.34902 0.5 0 0
18570 0.0843712 0.875 688.625 0.34902 0.5 0 0
18580 0.0843712 0.75 689.375 0.34902 0.5 0 0
18590 0.0843712 0.75 689.375 0.345098 0.5 0 0
18600 0.0843703 0.5 689.875 0.345098 0.5 0 0
18610 0.0843703 0.5 689.875 0.345098 0.5 0 0
18620 0.0842711 0.8125 690.688 0.34902 0.5 0 0
18630 0.0842711 0.8125 690.688 0.345098 0.5 0 0
18640 0.0842264 0.8125 691.5 0.345098 0.5 0 0
18650 0.0842264 0.8125 691.5 0.345098 0.5 0 0
18660 0.0841885 0.8125 692.312 0.345098 0.5 0 0
18670 0.0841885 0.8125 692.312 0.345098 0.5 0 0
18680 0.0841847 0.8125 693.125 0.345098 0.5 0 0
18690 0.0841847 0.8125 693.125 0.345098 0.5 0 0
18700 0.0841336 0.8125 693.938 0.345098 0.5 0 0
18710 0.0841336 0.8125 693.938 0.345098 0.5 0 0
18720 0.0841204 0.8125 694.75 0.345098 0.5 0 0
18730 0.0841204 0.8125 694.75 0.345098 0.5 0 0
18740 0.0840954 0.75 695.5 0.345098 0.5 0 0
18750 0.0840954 0.75 695.5 0.345098 0.5 0 0
18760 0.0840549 0.75 696.25 0.345098 0.5 0 0
18770 0.0840549 0.75 696.25 0.345098 0.5 0 0
18780 0.0840254 0.75 697 0.345098 0.5 0 0
18790 0.0840254 0.75 697 0.345098 0.5 0 0
18800 0.083993 0.8125 697.812 0.345098 0.5 0 0
18810 0.083993 0.8125 697.812 0.34902 0.5 0 0
18820 0.0838959 0.8125 698.625 0.345098 0.5 0 0
18830 0.0838959 0.8125 698.625 0.345098 0.5 0 0
18840 0.08387 0.8125 699.438 0.345098 0.5 0 0
18850 0.08387 0.8125 699.438 0.345098 0.5 0 0
18860 0.0838439 0.8125 700.25 0.345098 0.5 0 0
18870 0.0838439 0.8125 700.25 0.34902 0.5 0 0
18880 0.083822 0.875 701.125 0.345098 0.5 0 0
18890 0.083822 0.875 701.125 0.345098 0.5 0 0
18900 0.0838089 0.875 702 0.345098 0.5 0 0
18910 0.0838089 0.875 702 0.34902 0.5 0 0
18920 0.083795 0.8125 702.812 0.345098 0.5 0 0
18930 0.083795 0.8125 702.812 0.345098 0.5 0 0
18940 0.083779 0.8125 703.625 0.345098 0.5 0 0
18950 0.083779 0.8125 703.625 0.345098 0.5 0 0
18960 0.0837651 0.8125 704.438 0.345098 0.5 0 0
18970 0.0837651 0.8125 704.438 0.345098 0.5 0 0
18980 0.083765 0.8125 705.25 0.345098 0.5 0 0
18990 0.083765 0.8125 705.25 0.345098 0.5 0 0
19000 0.083765 0.8125 706.062 0.345098 0.5 0 0
19010 0.083765 0.8125 706.062 0.345098 0.5 0 0
19020 0.0837552 0.8125 706.875 0.345098 0.5 0 0
19030 0.0837552 0.8125 706.875 0.345098 0.5 0 0
19040 0.0837417 0.75 707.625 0.345098 0.5 0 0
19050 0.0837417 0.75 707.625 0.34902 0.5 0 0
19060 0.0843519 0.8125 708.438 0.345098 0.5 0 0
19070 0.0843519 0.8125 708.438 0.345098 0.5 0 0
19080 0.0846073 0.8125 709.25 0.345098 0.5 0 0
19090 0.0846073 0.8125 709.25 0.345098 0.5 0 0
19100 0.0850263 0.8125 710.062 0.345098 0.5 0 0
19110 0.0850263 0.8125 710.062 0.34902 0.5 0 0
19120 0.0851364 0.75 710.812 0.34902 0.5 0 0
19130 0.0851364 0.75 710.812 0.34902 0.5 0 0
19140 0.08547 0.75 711.562 0.34902 0.5 0 0
19150 0.08547 0.75 711.562 0.34902 0.5 0 0
19160 0.0856488 0.75 712.312 0.34902 0.5 0 0
19170 0.0856488 0.75 712.312 0.34902 0.5 0 0
19180 0.0860553 0.5625 712.875 0.34902 0.5 0 0
19190 0.0860553 0.5625 712.875 0.34902 0.5 0 0
19200 0.0861573 0.6875 713.562 0.34902 0.5 0 0
19210 0.0861573 0.6875 713.562 0.34902 0.5 0 0
19220 0.0861684 0.8125 714.375 0.34902 0.5 0 0
19230 0.0861684 0.8125 714.375 0.34902 0.5 0 0
19240 0.0859412 0.8125 715.188 0.34902 0.5 0 0
19250 0.0859412 0.8125 715.188 0.345098 0.5 0 0
19260 0.0849096 0.8125 716 0.345098 0.5 0 0
19270 0.0849096 0.8125 716 0.345098 0.5 0 0
19280 0.0833227 0.875 716.875 0.34902 0.5 0 0
19290 0.0833227 0.875 716.875 0.345098 0.5 0 0
19300 0.0832132 0.875 717.75 0.34902 0.5 0 0
19310 0.0832132 0.875 717.75 0.34902 0.5 0 0
19320 0.0831911 0.875 718.625 0.34902 0.5 0 0
19330 0.0831911 0.875 718.625 0.34902 0.5 0 0
19340 0.0831717 0.875 719.5 0.34902 0.5 0 0
19350 0.0831717 0.875 719.5 0.34902 0.5 0 0
19360 0.0831717 0.75 720.25 0.34902 0.5 0 0
19370 0.0831717 0.75 720.25 0.34902 0.5 0 0
19380 0.0831717 0.9375 721.188 0.34902 0.5 0 0
19390 0.0831717 0.9375 721.188 0.34902 0.5 0 0
19400 0.0831717 0.9375 722.125 0.34902 0.5 0 0
19410 0.0831717 0.9375 722.125 0.34902 0.5 0 0
19420 0.0831717 0.8125 722.938 0.34902 0.5 0 0
19430 0.0831717 0.8125 722.938 0.34902 0.5 0 0
19440 0.0831137 0.9375 723.875 0.34902 0.5 0 0
19450 0.0831137 0.9375 723.875 0.34902 0.5 0 0
19460 0.0830133 1 724.875 0.34902 0.5 0 0
19470 0.0830133 1 724.875 0.34902 0.5 0 0
19480 0.0830132 1 725.875 0.34902 0.5 0 0
19490 0.0830132 1 725.875 0.34902 0.5 0 0
19500 0.0830132 1 726.875 0.34902 0.5 0 0
19510 0.0830132 1 726.875 0.34902 0.5 0 0
19520 0.0830132 1 727.875 0.34902 0.5 0 0
19530 0.0830132 1 727.875 0.34902 0.5 0 0
19540 0.0830132 0.8125 728.688 0.34902 0.5 0 0
19550 0.0830132 0.8125 728.688 0.34902 0.5 0 0
19560 0.0830058 0.8125 729.5 0.34902 0.5 0 0
19570 0.0830058 0.8125 729.5 0.34902 0.5 0 0
19580 0.0829646 0.9375 730.438 0.34902 0.5 0 0
19590 0.0829646 0.9375 730.438 0.34902 0.5 0 0
19600 0.0827264 0.875 731.312 0.34902 0.5 0 0
19610 0.0827264 0.875 731.312 0.34902 0.5 0 0
19620 0.0827243 0.875 732.188 0.34902 0.5 0 0
19630 0.0827243 0.875 732.188 0.34902 0.5 0 0
19640 0.0827243 0.875 733.062 0.34902 0.5 0 0
19650 0.0827243 0.875 733.062 0.34902 0.5 0 0
19660 0.0827243 0.8125 733.875 0.34902 0.5 0 0
19670 0.0827243 0.8125 733.875 0.34902 0.5 0 0
19680 0.0825014 0.8125 734.688 0.34902 0.5 0 0
19690 0.0825014 0.8125 734.688 0.34902 0.5 0 0
19700 0.0823909 0.8125 735.5 0.34902 0.5 0 0
19710 0.0823909 0.8125 735.5 0.34902 0.5 0 0
19720 0.0823604 0.875 736.375 0.34902 0.5 0 0
19730 0.0823604 0.875 736.375 0.34902 0.5 0 0
19740 0.0823286 0.875 737.25 0.34902 0.5 0 0
19750 0.0823286 0.875 737.25 0.34902 0.5 0 0
19760 0.0823264 0.875 738.125 0.34902 0.5 0 0
19770 0.0823264 0.875 738.125 0.34902 0.5 0 0
19780 0.0823264 0.75 738.875 0.34902 0.5 0 0
19790 0.0823264 0.75 738.875 0.34902 0.5 0 0
19800 0.0823264 0.75 739.625 0.34902 0.5 0 0
19810 0.0823264 0.75 739.625 0.34902 0.5 0 0
19820 0.0823264 0.8125 740.438 0.34902 0.5 0 0
19830 0.0823264 0.8125 740.438 0.34902 0.5 0 0
19840 0.0823196 0.75 741.188 0.34902 0.5 0 0
19850 0.0823196 0.75 741.188 0.34902 0.5 0 0
19860 0.0823147 0.75 741.938 0.34902 0.5 0 0
19870 0.0823147 0.75 741.938 0.34902 0.5 0 0
19880 0.0823107 1 742.938 0.34902 0.5 0 0
19890 0.0823107 1 742.938 0.34902 0.5 0 0
19900 0.0823107 1 743.938 0.34902 0.5 0 0
19910 0.0823107 1 743.938 0.34902 0.5 0 0
19920 0.0823107 1 744.938 0.34902 0.5 0 0
19930 0.0823107 1 744.938 0.34902 0.5 0 0
19940 0.0822977 0.9375 745.875 0.34902 0.5 0 0
19950 0.0822977 0.9375 745.875 0.34902 0.5 0 0
19960 0.0820279 0.9375 746.812 0.34902 0.5 0 0
19970 0.0820279 0.9375 746.812 0.34902 0.5 0 0
19980 0.0820279 1 747.812 0.34902 0.5 0 0
19990 0.0820279 1 747.812 0.34902 0.5 0 0
20000 0.0820279 1 748.812 0.34902 0.5 0 0
20010 0.0820279 1 748.812 0.34902 0.5 0 0
