0 0.137361 0 0 0.5 0.5 0 0
10 0.137361 0 0 0.686275 0.5 0 0
20 0.136577 0.4375 0.4375 0.741176 0.5 0 0
30 0.136577 0.4375 0.4375 0.670588 0.5 0 0
40 0.136797 0.4375 0.875 0.792157 0.5 0 0
50 0.136797 0.4375 0.875 0.670588 0.5 0 0
60 0.137069 0.5625 1.4375 0.709804 0.5 0 0
70 0.137069 0.5625 1.4375 0.792157 0.5 0 0
80 0.137263 0.5625 2 0.72549 0.5 0 0
90 0.137263 0.5625 2 0.619608 0.5 0 0
100 0.137383 0.5625 2.5625 0.807843 0.5 0 0
110 0.137383 0.5625 2.5625 0.760784 0.5 0 0
120 0.13747 0.5625 3.125 0.72549 0.5 0 0
130 0.13747 0.5625 3.125 0.690196 0.5 0 0
140 0.135797 0.5625 3.6875 0.678431 0.5 0 0
150 0.135797 0.5625 3.6875 0.635294 0.5 0 0
160 0.135418 0.4375 4.125 0.807843 0.5 0 0
170 0.135418 0.4375 4.125 0.619608 0.5 0 0
180 0.135489 0.3125 4.4375 0.65098 0.5 0 0
190 0.135489 0.3125 4.4375 0.666667 0.5 0 0
200 0.135444 0.4375 4.875 0.670588 0.5 0 0
210 0.135444 0.4375 4.875 0.65098 0.5 0 0
220 0.135641 0.5625 5.4375 0.741176 0.5 0 0
230 0.135641 0.5625 5.4375 0.721569 0.5 0 0
240 0.135546 0.4375 5.875 0.670588 0.5 0 0
250 0.135546 0.4375 5.875 0.635294 0.5 0 0
260 0.135424 0.5 6.375 0.709804 0.5 0 0
270 0.135424 0.5 6.375 0.690196 0.5 0 0
280 0.135256 0.5 6.875 0.756863 0.5 0 0
290 0.135256 0.5 6.875 0.709804 0.5 0 0
300 0.135964 0.5 7.375 0.603922 0.5 0 0
310 0.135964 0.5 7.375 0.670588 0.5 0 0
320 0.135964 0.5 7.875 0.745098 0.5 0 0
330 0.135964 0.5 7.875 0.768627 0.5 0 0
340 0.135964 0.625 8.5 0.635294 0.5 0 0
350 0.135964 0.625 8.5 0.678431 0.5 0 0
360 0.135964 0.5 9 0.670588 0.5 0 0
370 0.135964 0.5 9 0.615686 0.5 0 0
380 0.136386 0.5 9.5 0.721569 0.5 0 0
390 0.136386 0.5 9.5 0.756863 0.5 0 0
400 0.136449 0.5 10 0.709804 0.5 0 0
410 0.136449 0.5 10 0.768627 0.5 0 0
420 0.136389 0.5625 10.5625 0.713725 0.5 0 0
430 0.136389 0.5625 10.5625 0.643137 0.5 0 0
440 0.136988 0.5625 11.125 0.615686 0.5 0 0
450 0.136988 0.5625 11.125 0.772549 0.5 0 0
460 0.137094 0.5625 11.6875 0.698039 0.5 0 0
470 0.137094 0.5625 11.6875 0.647059 0.5 0 0
480 0.137323 0.6875 12.375 0.764706 0.5 0 0
490 0.137323 0.6875 12.375 0.596078 0.5 0 0
500 0.13676 0.6875 13.0625 0.670588 0.5 0 0
510 0.13676 0.6875 13.0625 0.678431 0.5 0 0
520 0.136634 0.6875 13.75 0.670588 0.5 0 0
530 0.136634 0.6875 13.75 0.592157 0.5 0 0
540 0.136375 0.625 14.375 0.596078 0.5 0 0
550 0.136375 0.625 14.375 0.709804 0.5 0 0
560 0.136074 0.5625 14.9375 0.666667 0.5 0 0
570 0.136074 0.5625 14.9375 0.635294 0.5 0 0
580 0.135776 0.5625 15.5 0.713725 0.5 0 0
590 0.135776 0.5625 15.5 0.709804 0.5 0 0
600 0.135743 0.625 16.125 0.709804 0.5 0 0
610 0.135743 0.625 16.125 0.768627 0.5 0 0
620 0.135706 0.5625 16.6875 0.635294 0.5 0 0
630 0.135706 0.5625 16.6875 0.639216 0.5 0 0
640 0.135689 0.5 17.1875 0.643137 0.5 0 0
650 0.135689 0.5 17.1875 0.635294 0.5 0 0
660 0.13567 0.5625 17.75 0.670588 0.5 0 0
670 0.13567 0.5625 17.75 0.678431 0.5 0 0
680 0.13567 0.5625 18.3125 0.678431 0.5 0 0
690 0.13567 0.5625 18.3125 0.690196 0.5 0 0
700 0.13567 0.5625 18.875 0.615686 0.5 0 0
710 0.13567 0.5625 18.875 0.635294 0.5 0 0
720 0.135689 0.5 19.375 0.670588 0.5 0 0
730 0.135689 0.5 19.375 0.741176 0.5 0 0
740 0.135736 0.5 19.875 0.768627 0.5 0 0
750 0.135736 0.5 19.875 0.639216 0.5 0 0
760 0.135638 0.625 20.5 0.65098 0.5 0 0
770 0.135638 0.625 20.5 0.6 0.5 0 0
780 0.135664 0.625 21.125 0.741176 0.5 0 0
790 0.135664 0.625 21.125 0.584314 0.5 0 0
800 0.135715 0.6875 21.8125 0.741176 0.5 0 0
810 0.135715 0.6875 21.8125 0.678431 0.5 0 0
820 0.135758 0.6875 22.5 0.584314 0.5 0 0
830 0.135758 0.6875 22.5 0.639216 0.5 0 0
840 0.135745 0.6875 23.1875 0.647059 0.5 0 0
850 0.135745 0.6875 23.1875 0.705882 0.5 0 0
860 0.135802 0.75 23.9375 0.717647 0.5 0 0
870 0.135802 0.75 23.9375 0.741176 0.5 0 0
880 0.13584 0.5 24.4375 0.666667 0.5 0 0
890 0.13584 0.5 24.4375 0.741176 0.5 0 0
900 0.135808 0.5625 25 0.745098 0.5 0 0
910 0.135808 0.5625 25 0.635294 0.5 0 0
920 0.136025 0.5625 25.5625 0.709804 0.5 0 0
930 0.136025 0.5625 25.5625 0.635294 0.5 0 0
940 0.136115 0.5625 26.125 0.666667 0.5 0 0
950 0.136115 0.5625 26.125 0.709804 0.5 0 0
960 0.136155 0.5625 26.6875 0.596078 0.5 0 0
970 0.136155 0.5625 26.6875 0.631373 0.5 0 0
980 0.136155 0.4375 27.125 0.709804 0.5 0 0
990 0.136155 0.4375 27.125 0.666667 0.5 0 0
1000 0.136155 0.4375 27.5625 0.65098 0.5 0 0
1010 0.136155 0.4375 27.5625 0.631373 0.5 0 0
1020 0.136063 0.1875 27.75 0.615686 0.5 0 0
1030 0.136063 0.1875 27.75 0.741176 0.5 0 0
1040 0.135921 0.3125 28.0625 0.678431 0.5 0 0
1050 0.135921 0.3125 28.0625 0.745098 0.5 0 0
1060 0.135814 0.375 28.4375 0.631373 0.5 0 0
1070 0.135814 0.375 28.4375 0.768627 0.5 0 0
1080 0.135748 0.375 28.8125 0.623529 0.5 0 0
1090 0.135748 0.375 28.8125 0.631373 0.5 0 0
1100 0.135745 0.4375 29.25 0.741176 0.5 0 0
1110 0.135745 0.4375 29.25 0.65098 0.5 0 0
1120 0.135757 0.5625 29.8125 0.65098 0.5 0 0
1130 0.135757 0.5625 29.8125 0.611765 0.5 0 0
1140 0.135811 0.5625 30.375 0.615686 0.5 0 0
1150 0.135811 0.5625 30.375 0.611765 0.5 0 0
1160 0.135826 0.5625 30.9375 0.745098 0.5 0 0
1170 0.135826 0.5625 30.9375 0.596078 0.5 0 0
1180 0.13584 0.5625 31.5 0.678431 0.5 0 0
1190 0.13584 0.5625 31.5 0.619608 0.5 0 0
1200 0.13586 0.625 32.125 0.741176 0.5 0 0
1210 0.13586 0.625 32.125 0.709804 0.5 0 0
1220 0.135878 0.625 32.75 0.741176 0.5 0 0
1230 0.135878 0.625 32.75 0.741176 0.5 0 0
1240 0.135878 0.5 33.25 0.768627 0.5 0 0
1250 0.135878 0.5 33.25 0.607843 0.5 0 0
1260 0.135843 0.5625 33.8125 0.615686 0.5 0 0
1270 0.135843 0.5625 33.8125 0.768627 0.5 0 0
1280 0.135532 0.5625 34.375 0.588235 0.5 0 0
1290 0.135532 0.5625 34.375 0.745098 0.5 0 0
1300 0.135506 0.5 34.875 0.639216 0.5 0 0
1310 0.135506 0.5 34.875 0.709804 0.5 0 0
1320 0.135506 0.4375 35.3125 0.741176 0.5 0 0
1330 0.135506 0.4375 35.3125 0.764706 0.5 0 0
1340 0.135506 0.4375 35.75 0.67451 0.5 0 0
1350 0.135506 0.4375 35.75 0.635294 0.5 0 0
1360 0.135506 0.3125 36.0625 0.666667 0.5 0 0
1370 0.135506 0.3125 36.0625 0.745098 0.5 0 0
1380 0.135506 0.4375 36.5 0.639216 0.5 0 0
1390 0.135506 0.4375 36.5 0.745098 0.5 0 0
1400 0.135506 0.375 36.875 0.670588 0.5 0 0
1410 0.135506 0.375 36.875 0.635294 0.5 0 0
1420 0.135506 0.4375 37.3125 0.639216 0.5 0 0
1430 0.135506 0.4375 37.3125 0.631373 0.5 0 0
1440 0.135506 0.5 37.8125 0.670588 0.5 0 0
1450 0.135506 0.5 37.8125 0.65098 0.5 0 0
1460 0.135506 0.5 38.3125 0.584314 0.5 0 0
1470 0.135506 0.5 38.3125 0.768627 0.5 0 0
1480 0.135506 0.5 38.8125 0.741176 0.5 0 0
1490 0.135506 0.5 38.8125 0.67451 0.5 0 0
1500 0.135506 0.5 39.3125 0.611765 0.5 0 0
1510 0.135506 0.5 39.3125 0.741176 0.5 0 0
1520 0.135506 0.5 39.8125 0.572549 0.5 0 0
1530 0.135506 0.5 39.8125 0.745098 0.5 0 0
1540 0.135506 0.5 40.3125 0.67451 0.5 0 0
1550 0.135506 0.5 40.3125 0.615686 0.5 0 0
1560 0.135506 0.5 40.8125 0.635294 0.5 0 0
1570 0.135506 0.5 40.8125 0.666667 0.5 0 0
1580 0.135506 0.5625 41.375 0.615686 0.5 0 0
1590 0.135506 0.5625 41.375 0.639216 0.5 0 0
1600 0.135265 0.5625 41.9375 0.584314 0.5 0 0
1610 0.135265 0.5625 41.9375 0.6 0.5 0 0
1620 0.135263 0.5625 42.5 0.709804 0.5 0 0
1630 0.135263 0.5625 42.5 0.611765 0.5 0 0
1640 0.135263 0.5625 43.0625 0.615686 0.5 0 0
1650 0.135263 0.5625 43.0625 0.737255 0.5 0 0
1660 0.135263 0.5625 43.625 0.615686 0.5 0 0
1670 0.135263 0.5625 43.625 0.745098 0.5 0 0
1680 0.135263 0.5625 44.1875 0.678431 0.5 0 0
1690 0.135263 0.5625 44.1875 0.745098 0.5 0 0
1700 0.135147 0.5625 44.75 0.584314 0.5 0 0
1710 0.135147 0.5625 44.75 0.741176 0.5 0 0
1720 0.135068 0.5625 45.3125 0.666667 0.5 0 0
1730 0.135068 0.5625 45.3125 0.768627 0.5 0 0
1740 0.135046 0.5625 45.875 0.666667 0.5 0 0
1750 0.135046 0.5625 45.875 0.65098 0.5 0 0
1760 0.135052 0.4375 46.3125 0.596078 0.5 0 0
1770 0.135052 0.4375 46.3125 0.764706 0.5 0 0
1780 0.135057 0.4375 46.75 0.737255 0.5 0 0
1790 0.135057 0.4375 46.75 0.584314 0.5 0 0
1800 0.135063 0.375 47.125 0.603922 0.5 0 0
1810 0.135063 0.375 47.125 0.737255 0.5 0 0
1820 0.135068 0.5 47.625 0.607843 0.5 0 0
1830 0.135068 0.5 47.625 0.741176 0.5 0 0
1840 0.135068 0.5625 48.1875 0.619608 0.5 0 0
1850 0.135068 0.5625 48.1875 0.670588 0.5 0 0
1860 0.135068 0.5625 48.75 0.741176 0.5 0 0
1870 0.135068 0.5625 48.75 0.666667 0.5 0 0
1880 0.135038 0.5625 49.3125 0.611765 0.5 0 0
1890 0.135038 0.5625 49.3125 0.709804 0.5 0 0
1900 0.135038 0.6875 50 0.623529 0.5 0 0
1910 0.135038 0.6875 50 0.619608 0.5 0 0
1920 0.135038 0.6875 50.6875 0.764706 0.5 0 0
1930 0.135038 0.6875 50.6875 0.65098 0.5 0 0
1940 0.135038 0.625 51.3125 0.607843 0.5 0 0
1950 0.135038 0.625 51.3125 0.611765 0.5 0 0
1960 0.135038 0.6875 52 0.666667 0.5 0 0
1970 0.135038 0.6875 52 0.666667 0.5 0 0
1980 0.135038 0.75 52.75 0.678431 0.5 0 0
1990 0.135038 0.75 52.75 0.6 0.5 0 0
2000 0.135038 0.9375 53.6875 0.631373 0.5 0 0
2010 0.135038 0.9375 53.6875 0.709804 0.5 0 0
2020 0.135038 0.875 54.5625 0.709804 0.5 0 0
2030 0.135038 0.875 54.5625 0.623529 0.5 0 0
2040 0.135038 0.8125 55.375 0.619608 0.5 0 0
2050 0.135038 0.8125 55.375 0.596078 0.5 0 0
2060 0.135038 0.875 56.25 0.552941 0.5 0 0
2070 0.135038 0.875 56.25 0.6 0.5 0 0
2080 0.135038 0.875 57.125 0.580392 0.5 0 0
2090 0.135038 0.875 57.125 0.709804 0.5 0 0
2100 0.134917 0.6875 57.8125 0.631373 0.5 0 0
2110 0.134917 0.6875 57.8125 0.745098 0.5 0 0
2120 0.134827 0.75 58.5625 0.741176 0.5 0 0
2130 0.134827 0.75 58.5625 0.603922 0.5 0 0
2140 0.13483 0.8125 59.375 0.588235 0.5 0 0
2150 0.13483 0.8125 59.375 0.678431 0.5 0 0
2160 0.134843 0.8125 60.1875 0.678431 0.5 0 0
2170 0.134843 0.8125 60.1875 0.764706 0.5 0 0
2180 0.134843 0.75 60.9375 0.619608 0.5 0 0
2190 0.134843 0.75 60.9375 0.576471 0.5 0 0
2200 0.134849 0.8125 61.75 0.619608 0.5 0 0
2210 0.134849 0.8125 61.75 0.572549 0.5 0 0
2220 0.134845 0.875 62.625 0.67451 0.5 0 0
2230 0.134845 0.875 62.625 0.623529 0.5 0 0
2240 0.13484 0.6875 63.3125 0.584314 0.5 0 0
2250 0.13484 0.6875 63.3125 0.619608 0.5 0 0
2260 0.134837 0.6875 64 0.67451 0.5 0 0
2270 0.134837 0.6875 64 0.709804 0.5 0 0
2280 0.134834 0.6875 64.6875 0.568627 0.5 0 0
2290 0.134834 0.6875 64.6875 0.631373 0.5 0 0
2300 0.134833 0.6875 65.375 0.639216 0.5 0 0
2310 0.134833 0.6875 65.375 0.619608 0.5 0 0
2320 0.134833 0.6875 66.0625 0.596078 0.5 0 0
2330 0.134833 0.6875 66.0625 0.639216 0.5 0 0
2340 0.134833 0.5625 66.625 0.666667 0.5 0 0
2350 0.134833 0.5625 66.625 0.705882 0.5 0 0
2360 0.134831 0.75 67.375 0.733333 0.5 0 0
2370 0.134831 0.75 67.375 0.576471 0.5 0 0
2380 0.134827 0.75 68.125 0.545098 0.5 0 0
2390 0.134827 0.75 68.125 0.631373 0.5 0 0
2400 0.134827 0.875 69 0.607843 0.5 0 0
2410 0.134827 0.875 69 0.733333 0.5 0 0
2420 0.13482 0.875 69.875 0.67451 0.5 0 0
2430 0.13482 0.875 69.875 0.662745 0.5 0 0
2440 0.134755 0.8125 70.6875 0.6 0.5 0 0
2450 0.134755 0.8125 70.6875 0.576471 0.5 0 0
2460 0.134752 0.875 71.5625 0.584314 0.5 0 0
2470 0.134752 0.875 71.5625 0.65098 0.5 0 0
2480 0.134747 0.9375 72.5 0.733333 0.5 0 0
2490 0.134747 0.9375 72.5 0.603922 0.5 0 0
2500 0.134746 0.9375 73.4375 0.768627 0.5 0 0
2510 0.134746 0.9375 73.4375 0.556863 0.5 0 0
2520 0.134746 0.8125 74.25 0.568627 0.5 0 0
2530 0.134746 0.8125 74.25 0.6 0.5 0 0
2540 0.134742 0.875 75.125 0.584314 0.5 0 0
2550 0.134742 0.875 75.125 0.768627 0.5 0 0
2560 0.134725 0.875 76 0.647059 0.5 0 0
2570 0.134725 0.875 76 0.764706 0.5 0 0
2580 0.134715 0.8125 76.8125 0.607843 0.5 0 0
2590 0.134715 0.8125 76.8125 0.662745 0.5 0 0
2600 0.13471 0.8125 77.625 0.603922 0.5 0 0
2610 0.13471 0.8125 77.625 0.556863 0.5 0 0
2620 0.1347 0.6875 78.3125 0.572549 0.5 0 0
2630 0.1347 0.6875 78.3125 0.737255 0.5 0 0
2640 0.134666 0.6875 79 0.588235 0.5 0 0
2650 0.134666 0.6875 79 0.592157 0.5 0 0
2660 0.134651 0.6875 79.6875 0.560784 0.5 0 0
2670 0.134651 0.6875 79.6875 0.615686 0.5 0 0
2680 0.134646 0.75 80.4375 0.592157 0.5 0 0
2690 0.134646 0.75 80.4375 0.576471 0.5 0 0
2700 0.134644 0.75 81.1875 0.576471 0.5 0 0
2710 0.134644 0.75 81.1875 0.584314 0.5 0 0
2720 0.134644 0.75 81.9375 0.556863 0.5 0 0
2730 0.134644 0.75 81.9375 0.568627 0.5 0 0
2740 0.134638 0.75 82.6875 0.627451 0.5 0 0
2750 0.134638 0.75 82.6875 0.733333 0.5 0 0
2760 0.134631 0.6875 83.375 0.627451 0.5 0 0
2770 0.134631 0.6875 83.375 0.635294 0.5 0 0
2780 0.133987 0.8125 84.1875 0.6 0.5 0 0
2790 0.133987 0.8125 84.1875 0.564706 0.5 0 0
2800 0.13391 0.8125 85 0.6 0.5 0 0
2810 0.13391 0.8125 85 0.662745 0.5 0 0
2820 0.13391 0.8125 85.8125 0.737255 0.5 0 0
2830 0.13391 0.8125 85.8125 0.647059 0.5 0 0
2840 0.13391 0.8125 86.625 0.588235 0.5 0 0
2850 0.13391 0.8125 86.625 0.588235 0.5 0 0
2860 0.13391 0.8125 87.4375 0.588235 0.5 0 0
2870 0.13391 0.8125 87.4375 0.572549 0.5 0 0
2880 0.133906 0.8125 88.25 0.635294 0.5 0 0
2890 0.133906 0.8125 88.25 0.6 0.5 0 0
2900 0.133902 0.8125 89.0625 0.552941 0.5 0 0
2910 0.133902 0.8125 89.0625 0.607843 0.5 0 0
2920 0.134077 0.8125 89.875 0.733333 0.5 0 0
2930 0.134077 0.8125 89.875 0.564706 0.5 0 0
2940 0.134092 0.75 90.625 0.576471 0.5 0 0
2950 0.134092 0.75 90.625 0.6 0.5 0 0
2960 0.134092 0.8125 91.4375 0.592157 0.5 0 0
2970 0.134092 0.8125 91.4375 0.611765 0.5 0 0
2980 0.134092 0.875 92.3125 0.576471 0.5 0 0
2990 0.134092 0.875 92.3125 0.588235 0.5 0 0
3000 0.134088 0.8125 93.125 0.6 0.5 0 0
3010 0.134088 0.8125 93.125 0.615686 0.5 0 0
3020 0.134069 0.6875 93.8125 0.54902 0.5 0 0
3030 0.134069 0.6875 93.8125 0.580392 0.5 0 0
3040 0.134054 0.875 94.6875 0.552941 0.5 0 0
3050 0.134054 0.875 94.6875 0.588235 0.5 0 0
3060 0.134029 0.8125 95.5 0.584314 0.5 0 0
3070 0.134029 0.8125 95.5 0.584314 0.5 0 0
3080 0.134026 0.8125 96.3125 0.541176 0.5 0 0
3090 0.134026 0.8125 96.3125 0.576471 0.5 0 0
3100 0.134026 0.875 97.1875 0.596078 0.5 0 0
3110 0.134026 0.875 97.1875 0.584314 0.5 0 0
3120 0.134021 0.875 98.0625 0.670588 0.5 0 0
3130 0.134021 0.875 98.0625 0.741176 0.5 0 0
3140 0.13402 0.875 98.9375 0.552941 0.5 0 0
3150 0.13402 0.875 98.9375 0.631373 0.5 0 0
3160 0.134015 0.875 99.8125 0.662745 0.5 0 0
3170 0.134015 0.875 99.8125 0.741176 0.5 0 0
3180 0.134012 0.875 100.688 0.584314 0.5 0 0
3190 0.134012 0.875 100.688 0.568627 0.5 0 0
3200 0.134012 0.6875 101.375 0.556863 0.5 0 0
3210 0.134012 0.6875 101.375 0.741176 0.5 0 0
3220 0.134001 0.75 102.125 0.584314 0.5 0 0
3230 0.134001 0.75 102.125 0.572549 0.5 0 0
3240 0.133997 0.8125 102.938 0.631373 0.5 0 0
3250 0.133997 0.8125 102.938 0.588235 0.5 0 0
3260 0.133994 0.75 103.688 0.584314 0.5 0 0
3270 0.133994 0.75 103.688 0.756863 0.5 0 0
3280 0.133945 0.8125 104.5 0.662745 0.5 0 0
3290 0.133945 0.8125 104.5 0.572549 0.5 0 0
3300 0.133937 0.8125 105.312 0.662745 0.5 0 0
3310 0.133937 0.8125 105.312 0.564706 0.5 0 0
3320 0.133937 0.625 105.938 0.662745 0.5 0 0
3330 0.133937 0.625 105.938 0.733333 0.5 0 0
3340 0.133933 0.6875 106.625 0.576471 0.5 0 0
3350 0.133933 0.6875 106.625 0.596078 0.5 0 0
3360 0.133933 0.875 107.5 0.631373 0.5 0 0
3370 0.133933 0.875 107.5 0.576471 0.5 0 0
3380 0.133931 0.8125 108.312 0.552941 0.5 0 0
3390 0.133931 0.8125 108.312 0.545098 0.5 0 0
3400 0.13393 0.8125 109.125 0.588235 0.5 0 0
3410 0.13393 0.8125 109.125 0.662745 0.5 0 0
3420 0.133941 0.8125 109.938 0.572549 0.5 0 0
3430 0.133941 0.8125 109.938 0.572549 0.5 0 0
3440 0.133941 0.75 110.688 0.596078 0.5 0 0
3450 0.133941 0.75 110.688 0.556863 0.5 0 0
3460 0.133897 0.75 111.438 0.556863 0.5 0 0
3470 0.133897 0.75 111.438 0.576471 0.5 0 0
3480 0.133872 0.75 112.188 0.552941 0.5 0 0
3490 0.133872 0.75 112.188 0.733333 0.5 0 0
3500 0.133872 0.6875 112.875 0.666667 0.5 0 0
3510 0.133872 0.6875 112.875 0.737255 0.5 0 0
3520 0.133872 0.6875 113.562 0.552941 0.5 0 0
3530 0.133872 0.6875 113.562 0.596078 0.5 0 0
3540 0.133869 0.6875 114.25 0.576471 0.5 0 0
3550 0.133869 0.6875 114.25 0.576471 0.5 0 0
3560 0.133869 0.6875 114.938 0.54902 0.5 0 0
3570 0.133869 0.6875 114.938 0.560784 0.5 0 0
3580 0.133869 0.75 115.688 0.741176 0.5 0 0
3590 0.133869 0.75 115.688 0.564706 0.5 0 0
3600 0.133869 0.75 116.438 0.572549 0.5 0 0
3610 0.133869 0.75 116.438 0.552941 0.5 0 0
3620 0.133869 0.6875 117.125 0.580392 0.5 0 0
3630 0.133869 0.6875 117.125 0.733333 0.5 0 0
3640 0.133869 0.6875 117.812 0.552941 0.5 0 0
3650 0.133869 0.6875 117.812 0.564706 0.5 0 0
3660 0.133869 0.6875 118.5 0.572549 0.5 0 0
3670 0.133869 0.6875 118.5 0.576471 0.5 0 0
3680 0.133869 0.6875 119.188 0.596078 0.5 0 0
3690 0.133869 0.6875 119.188 0.545098 0.5 0 0
3700 0.133869 0.75 119.938 0.615686 0.5 0 0
3710 0.133869 0.75 119.938 0.662745 0.5 0 0
3720 0.133535 0.75 120.688 0.552941 0.5 0 0
3730 0.133535 0.75 120.688 0.552941 0.5 0 0
3740 0.131602 0.75 121.438 0.729412 0.5 0 0
3750 0.131602 0.75 121.438 0.658824 0.5 0 0
3760 0.131044 0.75 122.188 0.627451 0.5 0 0
3770 0.131044 0.75 122.188 0.635294 0.5 0 0
3780 0.131041 0.75 122.938 0.635294 0.5 0 0
3790 0.131041 0.75 122.938 0.627451 0.5 0 0
3800 0.131007 0.6875 123.625 0.764706 0.5 0 0
3810 0.131007 0.6875 123.625 0.615686 0.5 0 0
3820 0.130947 0.6875 124.312 0.611765 0.5 0 0
3830 0.130947 0.6875 124.312 0.65098 0.5 0 0
3840 0.13094 0.6875 125 0.596078 0.5 0 0
3850 0.13094 0.6875 125 0.741176 0.5 0 0
3860 0.13094 0.6875 125.688 0.607843 0.5 0 0
3870 0.13094 0.6875 125.688 0.603922 0.5 0 0
3880 0.13094 0.6875 126.375 0.752941 0.5 0 0
3890 0.13094 0.6875 126.375 0.592157 0.5 0 0
3900 0.130929 0.6875 127.062 0.572549 0.5 0 0
3910 0.130929 0.6875 127.062 0.658824 0.5 0 0
3920 0.130858 0.6875 127.75 0.733333 0.5 0 0
3930 0.130858 0.6875 127.75 0.592157 0.5 0 0
3940 0.130544 0.75 128.5 0.694118 0.5 0 0
3950 0.130544 0.75 128.5 0.564706 0.5 0 0
3960 0.130437 0.75 129.25 0.568627 0.5 0 0
3970 0.130437 0.75 129.25 0.733333 0.5 0 0
3980 0.130398 0.625 129.875 0.615686 0.5 0 0
3990 0.130398 0.625 129.875 0.67451 0.5 0 0
4000 0.130398 0.75 130.625 0.619608 0.5 0 0
4010 0.130398 0.75 130.625 0.733333 0.5 0 0
4020 0.130398 0.75 131.375 0.694118 0.5 0 0
4030 0.130398 0.75 131.375 0.635294 0.5 0 0
4040 0.130379 0.8125 132.188 0.615686 0.5 0 0
4050 0.130379 0.8125 132.188 0.694118 0.5 0 0
4060 0.13035 0.8125 133 0.592157 0.5 0 0
4070 0.13035 0.8125 133 0.592157 0.5 0 0
4080 0.130307 0.75 133.75 0.584314 0.5 0 0
4090 0.130307 0.75 133.75 0.568627 0.5 0 0
4100 0.130276 0.75 134.5 0.662745 0.5 0 0
4110 0.130276 0.75 134.5 0.580392 0.5 0 0
4120 0.130275 0.75 135.25 0.564706 0.5 0 0
4130 0.130275 0.75 135.25 0.639216 0.5 0 0
4140 0.130273 0.6875 135.938 0.552941 0.5 0 0
4150 0.130273 0.6875 135.938 0.65098 0.5 0 0
4160 0.130117 0.6875 136.625 0.592157 0.5 0 0
4170 0.130117 0.6875 136.625 0.627451 0.5 0 0
4180 0.130065 0.6875 137.312 0.584314 0.5 0 0
4190 0.130065 0.6875 137.312 0.572549 0.5 0 0
4200 0.130029 0.6875 138 0.627451 0.5 0 0
4210 0.130029 0.6875 138 0.647059 0.5 0 0
4220 0.130008 0.75 138.75 0.580392 0.5 0 0
4230 0.130008 0.75 138.75 0.627451 0.5 0 0
4240 0.129991 0.75 139.5 0.647059 0.5 0 0
4250 0.129991 0.75 139.5 0.619608 0.5 0 0
4260 0.129991 0.6875 140.188 0.580392 0.5 0 0
4270 0.129991 0.6875 140.188 0.733333 0.5 0 0
4280 0.129991 0.6875 140.875 0.568627 0.5 0 0
4290 0.129991 0.6875 140.875 0.560784 0.5 0 0
4300 0.129952 0.625 141.5 0.603922 0.5 0 0
4310 0.129952 0.625 141.5 0.647059 0.5 0 0
4320 0.129845 0.625 142.125 0.752941 0.5 0 0
4330 0.129845 0.625 142.125 0.752941 0.5 0 0
4340 0.129613 0.8125 142.938 0.584314 0.5 0 0
4350 0.129613 0.8125 142.938 0.603922 0.5 0 0
4360 0.129437 0.8125 143.75 0.603922 0.5 0 0
4370 0.129437 0.8125 143.75 0.764706 0.5 0 0
4380 0.129437 0.8125 144.562 0.627451 0.5 0 0
4390 0.129437 0.8125 144.562 0.694118 0.5 0 0
4400 0.129437 0.875 145.438 0.568627 0.5 0 0
4410 0.129437 0.875 145.438 0.619608 0.5 0 0
4420 0.129437 0.875 146.312 0.615686 0.5 0 0
4430 0.129437 0.875 146.312 0.619608 0.5 0 0
4440 0.129434 0.875 147.188 0.576471 0.5 0 0
4450 0.129434 0.875 147.188 0.662745 0.5 0 0
4460 0.1294 0.8125 148 0.615686 0.5 0 0
4470 0.1294 0.8125 148 0.619608 0.5 0 0
4480 0.129172 0.875 148.875 0.568627 0.5 0 0
4490 0.129172 0.875 148.875 0.733333 0.5 0 0
4500 0.128939 0.875 149.75 0.560784 0.5 0 0
4510 0.128939 0.875 149.75 0.576471 0.5 0 0
4520 0.128633 0.875 150.625 0.603922 0.5 0 0
4530 0.128633 0.875 150.625 0.568627 0.5 0 0
4540 0.128633 0.75 151.375 0.619608 0.5 0 0
4550 0.128633 0.75 151.375 0.623529 0.5 0 0
4560 0.128633 0.75 152.125 0.662745 0.5 0 0
4570 0.128633 0.75 152.125 0.615686 0.5 0 0
4580 0.128633 0.75 152.875 0.623529 0.5 0 0
4590 0.128633 0.75 152.875 0.603922 0.5 0 0
4600 0.128633 0.9375 153.812 0.545098 0.5 0 0
4610 0.128633 0.9375 153.812 0.584314 0.5 0 0
4620 0.128594 0.875 154.688 0.662745 0.5 0 0
4630 0.128594 0.875 154.688 0.584314 0.5 0 0
4640 0.128546 0.875 155.562 0.72549 0.5 0 0
4650 0.128546 0.875 155.562 0.556863 0.5 0 0
4660 0.128502 0.875 156.438 0.552941 0.5 0 0
4670 0.128502 0.875 156.438 0.72549 0.5 0 0
4680 0.128502 0.875 157.312 0.752941 0.5 0 0
4690 0.128502 0.875 157.312 0.6 0.5 0 0
4700 0.128502 0.875 158.188 0.647059 0.5 0 0
4710 0.128502 0.875 158.188 0.694118 0.5 0 0
4720 0.128502 0.8125 159 0.568627 0.5 0 0
4730 0.128502 0.8125 159 0.623529 0.5 0 0
4740 0.128482 0.875 159.875 0.752941 0.5 0 0
4750 0.128482 0.875 159.875 0.603922 0.5 0 0
4760 0.128446 0.9375 160.812 0.615686 0.5 0 0
4770 0.128446 0.9375 160.812 0.65098 0.5 0 0
4780 0.128406 0.9375 161.75 0.576471 0.5 0 0
4790 0.128406 0.9375 161.75 0.619608 0.5 0 0
4800 0.128387 0.9375 162.688 0.627451 0.5 0 0
4810 0.128387 0.9375 162.688 0.607843 0.5 0 0
4820 0.128379 0.9375 163.625 0.588235 0.5 0 0
4830 0.128379 0.9375 163.625 0.615686 0.5 0 0
4840 0.128378 0.9375 164.562 0.576471 0.5 0 0
4850 0.128378 0.9375 164.562 0.584314 0.5 0 0
4860 0.127419 0.875 165.438 0.623529 0.5 0 0
4870 0.127419 0.875 165.438 0.572549 0.5 0 0
4880 0.127192 0.8125 166.25 0.52549 0.5 0 0
4890 0.127192 0.8125 166.25 0.541176 0.5 0 0
4900 0.126904 0.875 167.125 0.513725 0.5 0 0
4910 0.126904 0.875 167.125 0.521569 0.5 0 0
4920 0.126674 0.9375 168.062 0.505882 0.5 0 0
4930 0.126674 0.9375 168.062 0.501961 0.5 0 0
4940 0.126397 0.875 168.938 0.498039 0.5 0 0
4950 0.126397 0.875 168.938 0.498039 0.5 0 0
4960 0.125842 0.9375 169.875 0.498039 0.5 0 0
4970 0.125842 0.9375 169.875 0.498039 0.5 0 0
4980 0.125614 0.9375 170.812 0.494118 0.5 0 0
4990 0.125614 0.9375 170.812 0.498039 0.5 0 0
5000 0.125238 1 171.812 0.498039 0.5 0 0
5010 0.125238 1 171.812 0.498039 0.5 0 0
5020 0.124588 1 172.812 0.494118 0.5 0 0
5030 0.124588 1 172.812 0.498039 0.5 0 0
5040 0.124319 1 173.812 0.494118 0.5 0 0
5050 0.124319 1 173.812 0.494118 0.5 0 0
5060 0.124225 1 174.812 0.498039 0.5 0 0
5070 0.124225 1 174.812 0.498039 0.5 0 0
5080 0.123699 0.9375 175.75 0.494118 0.5 0 0
5090 0.123699 0.9375 175.75 0.494118 0.5 0 0
5100 0.123582 0.875 176.625 0.494118 0.5 0 0
5110 0.123582 0.875 176.625 0.494118 0.5 0 0
5120 0.123489 0.875 177.5 0.494118 0.5 0 0
5130 0.123489 0.875 177.5 0.494118 0.5 0 0
5140 0.123447 0.875 178.375 0.490196 0.5 0 0
5150 0.123447 0.875 178.375 0.494118 0.5 0 0
5160 0.12327 0.875 179.25 0.494118 0.5 0 0
5170 0.12327 0.875 179.25 0.494118 0.5 0 0
5180 0.12324 0.875 180.125 0.490196 0.5 0 0
5190 0.12324 0.875 180.125 0.494118 0.5 0 0
5200 0.123214 0.875 181 0.494118 0.5 0 0
5210 0.123214 0.875 181 0.494118 0.5 0 0
5220 0.123181 0.875 181.875 0.490196 0.5 0 0
5230 0.123181 0.875 181.875 0.494118 0.5 0 0
5240 0.123154 0.875 182.75 0.490196 0.5 0 0
5250 0.123154 0.875 182.75 0.490196 0.5 0 0
5260 0.123127 0.875 183.625 0.490196 0.5 0 0
5270 0.123127 0.875 183.625 0.494118 0.5 0 0
5280 0.123099 0.875 184.5 0.490196 0.5 0 0
5290 0.123099 0.875 184.5 0.490196 0.5 0 0
5300 0.123079 0.9375 185.438 0.490196 0.5 0 0
5310 0.123079 0.9375 185.438 0.490196 0.5 0 0
5320 0.123053 0.875 186.312 0.494118 0.5 0 0
5330 0.123053 0.875 186.312 0.490196 0.5 0 0
5340 0.123034 0.875 187.188 0.494118 0.5 0 0
5350 0.123034 0.875 187.188 0.494118 0.5 0 0
5360 0.122829 0.9375 188.125 0.494118 0.5 0 0
5370 0.122829 0.9375 188.125 0.494118 0.5 0 0
5380 0.122805 0.9375 189.062 0.490196 0.5 0 0
5390 0.122805 0.9375 189.062 0.490196 0.5 0 0
5400 0.122797 0.75 189.812 0.494118 0.5 0 0
5410 0.122797 0.75 189.812 0.494118 0.5 0 0
5420 0.122786 0.8125 190.625 0.490196 0.5 0 0
5430 0.122786 0.8125 190.625 0.494118 0.5 0 0
5440 0.122669 0.875 191.5 0.494118 0.5 0 0
5450 0.122669 0.875 191.5 0.490196 0.5 0 0
5460 0.1225 0.9375 192.438 0.490196 0.5 0 0
5470 0.1225 0.9375 192.438 0.490196 0.5 0 0
5480 0.122494 0.875 193.312 0.494118 0.5 0 0
5490 0.122494 0.875 193.312 0.494118 0.5 0 0
5500 0.122487 0.875 194.188 0.494118 0.5 0 0
5510 0.122487 0.875 194.188 0.494118 0.5 0 0
5520 0.122487 0.75 194.938 0.490196 0.5 0 0
5530 0.122487 0.75 194.938 0.494118 0.5 0 0
5540 0.122487 0.875 195.812 0.490196 0.5 0 0
5550 0.122487 0.875 195.812 0.490196 0.5 0 0
5560 0.122436 0.8125 196.625 0.494118 0.5 0 0
5570 0.122436 0.8125 196.625 0.490196 0.5 0 0
5580 0.122217 0.8125 197.438 0.494118 0.5 0 0
5590 0.122217 0.8125 197.438 0.490196 0.5 0 0
5600 0.122168 0.875 198.312 0.494118 0.5 0 0
5610 0.122168 0.875 198.312 0.490196 0.5 0 0
5620 0.12215 0.875 199.188 0.494118 0.5 0 0
5630 0.12215 0.875 199.188 0.490196 0.5 0 0
5640 0.122138 0.875 200.062 0.494118 0.5 0 0
5650 0.122138 0.875 200.062 0.494118 0.5 0 0
5660 0.122127 0.875 200.938 0.490196 0.5 0 0
5670 0.122127 0.875 200.938 0.490196 0.5 0 0
5680 0.122115 0.875 201.812 0.494118 0.5 0 0
5690 0.122115 0.875 201.812 0.490196 0.5 0 0
5700 0.122108 0.6875 202.5 0.490196 0.5 0 0
5710 0.122108 0.6875 202.5 0.490196 0.5 0 0
5720 0.122066 0.9375 203.438 0.490196 0.5 0 0
5730 0.122066 0.9375 203.438 0.490196 0.5 0 0
5740 0.122041 0.9375 204.375 0.490196 0.5 0 0
5750 0.122041 0.9375 204.375 0.490196 0.5 0 0
5760 0.122012 0.9375 205.312 0.490196 0.5 0 0
5770 0.122012 0.9375 205.312 0.486275 0.5 0 0
5780 0.121988 0.875 206.188 0.486275 0.5 0 0
5790 0.121988 0.875 206.188 0.486275 0.5 0 0
5800 0.12197 0.875 207.062 0.486275 0.5 0 0
5810 0.12197 0.875 207.062 0.486275 0.5 0 0
5820 0.121939 0.9375 208 0.490196 0.5 0 0
5830 0.121939 0.9375 208 0.486275 0.5 0 0
5840 0.121889 0.875 208.875 0.490196 0.5 0 0
5850 0.121889 0.875 208.875 0.490196 0.5 0 0
5860 0.121883 0.9375 209.812 0.490196 0.5 0 0
5870 0.121883 0.9375 209.812 0.486275 0.5 0 0
5880 0.121884 0.9375 210.75 0.490196 0.5 0 0
5890 0.121884 0.9375 210.75 0.490196 0.5 0 0
5900 0.121884 0.9375 211.688 0.490196 0.5 0 0
5910 0.121884 0.9375 211.688 0.490196 0.5 0 0
5920 0.121877 0.9375 212.625 0.490196 0.5 0 0
5930 0.121877 0.9375 212.625 0.490196 0.5 0 0
5940 0.121866 0.875 213.5 0.490196 0.5 0 0
5950 0.121866 0.875 213.5 0.486275 0.5 0 0
5960 0.121861 0.75 214.25 0.490196 0.5 0 0
5970 0.121861 0.75 214.25 0.490196 0.5 0 0
5980 0.121796 0.875 215.125 0.490196 0.5 0 0
5990 0.121796 0.875 215.125 0.490196 0.5 0 0
6000 0.121796 0.875 216 0.490196 0.5 0 0
6010 0.121796 0.875 216 0.490196 0.5 0 0
6020 0.121796 0.875 216.875 0.486275 0.5 0 0
6030 0.121796 0.875 216.875 0.490196 0.5 0 0
6040 0.121791 0.875 217.75 0.486275 0.5 0 0
6050 0.121791 0.875 217.75 0.490196 0.5 0 0
6060 0.121779 0.875 218.625 0.490196 0.5 0 0
6070 0.121779 0.875 218.625 0.490196 0.5 0 0
6080 0.121773 0.875 219.5 0.486275 0.5 0 0
6090 0.121773 0.875 219.5 0.490196 0.5 0 0
6100 0.121773 0.875 220.375 0.490196 0.5 0 0
6110 0.121773 0.875 220.375 0.490196 0.5 0 0
6120 0.121767 0.875 221.25 0.486275 0.5 0 0
6130 0.121767 0.875 221.25 0.486275 0.5 0 0
6140 0.121763 0.875 222.125 0.490196 0.5 0 0
6150 0.121763 0.875 222.125 0.490196 0.5 0 0
6160 0.121637 0.75 222.875 0.490196 0.5 0 0
6170 0.121637 0.75 222.875 0.486275 0.5 0 0
6180 0.121626 0.75 223.625 0.486275 0.5 0 0
6190 0.121626 0.75 223.625 0.490196 0.5 0 0
6200 0.121687 0.6875 224.312 0.490196 0.5 0 0
6210 0.121687 0.6875 224.312 0.490196 0.5 0 0
6220 0.121696 0.8125 225.125 0.486275 0.5 0 0
6230 0.121696 0.8125 225.125 0.490196 0.5 0 0
6240 0.121696 0.8125 225.938 0.490196 0.5 0 0
6250 0.121696 0.8125 225.938 0.490196 0.5 0 0
6260 0.121594 0.875 226.812 0.490196 0.5 0 0
6270 0.121594 0.875 226.812 0.490196 0.5 0 0
6280 0.121363 0.875 227.688 0.490196 0.5 0 0
6290 0.121363 0.875 227.688 0.490196 0.5 0 0
6300 0.121355 0.875 228.562 0.490196 0.5 0 0
6310 0.121355 0.875 228.562 0.490196 0.5 0 0
6320 0.121347 0.75 229.312 0.490196 0.5 0 0
6330 0.121347 0.75 229.312 0.486275 0.5 0 0
6340 0.121343 0.8125 230.125 0.490196 0.5 0 0
6350 0.121343 0.8125 230.125 0.490196 0.5 0 0
6360 0.121339 0.8125 230.938 0.490196 0.5 0 0
6370 0.121339 0.8125 230.938 0.490196 0.5 0 0
6380 0.121505 0.875 231.812 0.486275 0.5 0 0
6390 0.121505 0.875 231.812 0.490196 0.5 0 0
6400 0.121684 0.875 232.688 0.490196 0.5 0 0
6410 0.121684 0.875 232.688 0.490196 0.5 0 0
6420 0.121681 0.875 233.562 0.486275 0.5 0 0
6430 0.121681 0.875 233.562 0.490196 0.5 0 0
6440 0.12182 0.875 234.438 0.486275 0.5 0 0
6450 0.12182 0.875 234.438 0.47451 0.5 0 0
6460 0.122082 0.875 235.312 0.47451 0.5 0 0
6470 0.122082 0.875 235.312 0.470588 0.5 0 0
6480 0.122276 0.75 236.062 0.466667 0.5 0 0
6490 0.122276 0.75 236.062 0.462745 0.5 0 0
6500 0.122328 1 237.062 0.466667 0.5 0 0
6510 0.122328 1 237.062 0.462745 0.5 0 0
6520 0.12234 1 238.062 0.462745 0.5 0 0
6530 0.12234 1 238.062 0.462745 0.5 0 0
6540 0.122358 1 239.062 0.462745 0.5 0 0
6550 0.122358 1 239.062 0.458824 0.5 0 0
6560 0.122373 1 240.062 0.462745 0.5 0 0
6570 0.122373 1 240.062 0.458824 0.5 0 0
6580 0.122382 1 241.062 0.462745 0.5 0 0
6590 0.122382 1 241.062 0.458824 0.5 0 0
6600 0.122385 1 242.062 0.458824 0.5 0 0
6610 0.122385 1 242.062 0.458824 0.5 0 0
6620 0.122338 1 243.062 0.458824 0.5 0 0
6630 0.122338 1 243.062 0.458824 0.5 0 0
6640 0.122219 0.875 243.938 0.458824 0.5 0 0
6650 0.122219 0.875 243.938 0.458824 0.5 0 0
6660 0.122173 1 244.938 0.454902 0.5 0 0
6670 0.122173 1 244.938 0.454902 0.5 0 0
6680 0.121971 1 245.938 0.454902 0.5 0 0
6690 0.121971 1 245.938 0.454902 0.5 0 0
6700 0.121967 1 246.938 0.454902 0.5 0 0
6710 0.121967 1 246.938 0.454902 0.5 0 0
6720 0.121941 1 247.938 0.454902 0.5 0 0
6730 0.121941 1 247.938 0.454902 0.5 0 0
6740 0.121943 1 248.938 0.454902 0.5 0 0
6750 0.121943 1 248.938 0.454902 0.5 0 0
6760 0.121934 1 249.938 0.454902 0.5 0 0
6770 0.121934 1 249.938 0.45098 0.5 0 0
6780 0.12193 1 250.938 0.45098 0.5 0 0
6790 0.12193 1 250.938 0.45098 0.5 0 0
6800 0.121893 0.9375 251.875 0.45098 0.5 0 0
6810 0.121893 0.9375 251.875 0.45098 0.5 0 0
6820 0.121888 0.9375 252.812 0.45098 0.5 0 0
6830 0.121888 0.9375 252.812 0.45098 0.5 0 0
6840 0.121937 0.875 253.688 0.447059 0.5 0 0
6850 0.121937 0.875 253.688 0.447059 0.5 0 0
6860 0.122018 0.9375 254.625 0.447059 0.5 0 0
6870 0.122018 0.9375 254.625 0.45098 0.5 0 0
6880 0.122005 0.875 255.5 0.447059 0.5 0 0
6890 0.122005 0.875 255.5 0.45098 0.5 0 0
6900 0.121983 0.875 256.375 0.447059 0.5 0 0
6910 0.121983 0.875 256.375 0.447059 0.5 0 0
6920 0.121279 0.875 257.25 0.45098 0.5 0 0
6930 0.121279 0.875 257.25 0.45098 0.5 0 0
6940 0.121128 0.8125 258.062 0.45098 0.5 0 0
6950 0.121128 0.8125 258.062 0.447059 0.5 0 0
6960 0.120447 0.8125 258.875 0.447059 0.5 0 0
6970 0.120447 0.8125 258.875 0.447059 0.5 0 0
6980 0.119991 0.8125 259.688 0.447059 0.5 0 0
6990 0.119991 0.8125 259.688 0.45098 0.5 0 0
7000 0.119683 0.8125 260.5 0.45098 0.5 0 0
7010 0.119683 0.8125 260.5 0.45098 0.5 0 0
7020 0.119458 0.9375 261.438 0.45098 0.5 0 0
7030 0.119458 0.9375 261.438 0.45098 0.5 0 0
7040 0.11943 0.9375 262.375 0.45098 0.5 0 0
7050 0.11943 0.9375 262.375 0.447059 0.5 0 0
7060 0.119414 0.9375 263.312 0.45098 0.5 0 0
7070 0.119414 0.9375 263.312 0.45098 0.5 0 0
7080 0.119412 0.9375 264.25 0.447059 0.5 0 0
7090 0.119412 0.9375 264.25 0.447059 0.5 0 0
7100 0.1194 0.9375 265.188 0.45098 0.5 0 0
7110 0.1194 0.9375 265.188 0.447059 0.5 0 0
7120 0.119359 0.875 266.062 0.45098 0.5 0 0
7130 0.119359 0.875 266.062 0.45098 0.5 0 0
7140 0.119308 0.875 266.938 0.447059 0.5 0 0
7150 0.119308 0.875 266.938 0.447059 0.5 0 0
7160 0.119193 0.75 267.688 0.45098 0.5 0 0
7170 0.119193 0.75 267.688 0.45098 0.5 0 0
7180 0.119137 0.8125 268.5 0.447059 0.5 0 0
7190 0.119137 0.8125 268.5 0.45098 0.5 0 0
7200 0.119132 0.8125 269.312 0.447059 0.5 0 0
7210 0.119132 0.8125 269.312 0.447059 0.5 0 0
7220 0.119129 0.9375 270.25 0.447059 0.5 0 0
7230 0.119129 0.9375 270.25 0.45098 0.5 0 0
7240 0.119122 0.9375 271.188 0.45098 0.5 0 0
7250 0.119122 0.9375 271.188 0.45098 0.5 0 0
7260 0.119109 0.9375 272.125 0.45098 0.5 0 0
7270 0.119109 0.9375 272.125 0.447059 0.5 0 0
7280 0.119085 0.9375 273.062 0.45098 0.5 0 0
7290 0.119085 0.9375 273.062 0.45098 0.5 0 0
7300 0.119077 0.875 273.938 0.447059 0.5 0 0
7310 0.119077 0.875 273.938 0.447059 0.5 0 0
7320 0.119081 0.9375 274.875 0.45098 0.5 0 0
7330 0.119081 0.9375 274.875 0.45098 0.5 0 0
7340 0.119079 0.9375 275.812 0.447059 0.5 0 0
7350 0.119079 0.9375 275.812 0.447059 0.5 0 0
7360 0.119101 0.875 276.688 0.447059 0.5 0 0
7370 0.119101 0.875 276.688 0.447059 0.5 0 0
7380 0.119103 0.9375 277.625 0.447059 0.5 0 0
7390 0.119103 0.9375 277.625 0.447059 0.5 0 0
7400 0.119106 0.9375 278.562 0.447059 0.5 0 0
7410 0.119106 0.9375 278.562 0.447059 0.5 0 0
7420 0.119119 0.875 279.438 0.447059 0.5 0 0
7430 0.119119 0.875 279.438 0.447059 0.5 0 0
7440 0.119211 0.9375 280.375 0.447059 0.5 0 0
7450 0.119211 0.9375 280.375 0.447059 0.5 0 0
7460 0.119294 0.875 281.25 0.447059 0.5 0 0
7470 0.119294 0.875 281.25 0.447059 0.5 0 0
7480 0.119333 0.875 282.125 0.45098 0.5 0 0
7490 0.119333 0.875 282.125 0.447059 0.5 0 0
7500 0.119338 0.8125 282.938 0.447059 0.5 0 0
7510 0.119338 0.8125 282.938 0.447059 0.5 0 0
7520 0.119338 0.8125 283.75 0.447059 0.5 0 0
7530 0.119338 0.8125 283.75 0.447059 0.5 0 0
7540 0.119338 0.8125 284.562 0.447059 0.5 0 0
7550 0.119338 0.8125 284.562 0.447059 0.5 0 0
7560 0.119333 0.8125 285.375 0.447059 0.5 0 0
7570 0.119333 0.8125 285.375 0.447059 0.5 0 0
7580 0.119313 0.8125 286.188 0.447059 0.5 0 0
7590 0.119313 0.8125 286.188 0.447059 0.5 0 0
7600 0.119287 0.875 287.062 0.447059 0.5 0 0
7610 0.119287 0.875 287.062 0.447059 0.5 0 0
7620 0.119287 0.875 287.938 0.447059 0.5 0 0
7630 0.119287 0.875 287.938 0.447059 0.5 0 0
7640 0.119287 0.875 288.812 0.447059 0.5 0 0
7650 0.119287 0.875 288.812 0.447059 0.5 0 0
7660 0.119284 0.875 289.688 0.45098 0.5 0 0
7670 0.119284 0.875 289.688 0.447059 0.5 0 0
7680 0.119272 0.875 290.562 0.447059 0.5 0 0
7690 0.119272 0.875 290.562 0.447059 0.5 0 0
7700 0.1192 0.8125 291.375 0.447059 0.5 0 0
7710 0.1192 0.8125 291.375 0.447059 0.5 0 0
7720 0.118997 0.8125 292.188 0.447059 0.5 0 0
7730 0.118997 0.8125 292.188 0.443137 0.5 0 0
7740 0.118931 0.8125 293 0.447059 0.5 0 0
7750 0.118931 0.8125 293 0.443137 0.5 0 0
7760 0.118943 0.8125 293.812 0.447059 0.5 0 0
7770 0.118943 0.8125 293.812 0.447059 0.5 0 0
7780 0.118938 0.875 294.688 0.447059 0.5 0 0
7790 0.118938 0.875 294.688 0.447059 0.5 0 0
7800 0.118881 0.875 295.562 0.447059 0.5 0 0
7810 0.118881 0.875 295.562 0.447059 0.5 0 0
7820 0.118841 0.9375 296.5 0.443137 0.5 0 0
7830 0.118841 0.9375 296.5 0.447059 0.5 0 0
7840 0.11883 0.9375 297.438 0.447059 0.5 0 0
7850 0.11883 0.9375 297.438 0.447059 0.5 0 0
7860 0.118828 0.9375 298.375 0.447059 0.5 0 0
7870 0.118828 0.9375 298.375 0.447059 0.5 0 0
7880 0.118904 0.75 299.125 0.447059 0.5 0 0
7890 0.118904 0.75 299.125 0.443137 0.5 0 0
7900 0.118906 0.75 299.875 0.447059 0.5 0 0
7910 0.118906 0.75 299.875 0.447059 0.5 0 0
7920 0.118906 0.875 300.75 0.447059 0.5 0 0
7930 0.118906 0.875 300.75 0.447059 0.5 0 0
7940 0.118881 0.875 301.625 0.447059 0.5 0 0
7950 0.118881 0.875 301.625 0.447059 0.5 0 0
7960 0.118782 0.8125 302.438 0.443137 0.5 0 0
7970 0.118782 0.8125 302.438 0.443137 0.5 0 0
7980 0.118643 0.8125 303.25 0.447059 0.5 0 0
7990 0.118643 0.8125 303.25 0.447059 0.5 0 0
8000 0.118644 0.875 304.125 0.447059 0.5 0 0
8010 0.118644 0.875 304.125 0.447059 0.5 0 0
8020 0.118635 0.8125 304.938 0.447059 0.5 0 0
8030 0.118635 0.8125 304.938 0.447059 0.5 0 0
8040 0.118631 0.875 305.812 0.443137 0.5 0 0
8050 0.118631 0.875 305.812 0.443137 0.5 0 0
8060 0.118617 0.9375 306.75 0.447059 0.5 0 0
8070 0.118617 0.9375 306.75 0.447059 0.5 0 0
8080 0.118611 0.9375 307.688 0.443137 0.5 0 0
8090 0.118611 0.9375 307.688 0.447059 0.5 0 0
8100 0.118605 0.9375 308.625 0.447059 0.5 0 0
8110 0.118605 0.9375 308.625 0.447059 0.5 0 0
8120 0.1186 0.9375 309.562 0.443137 0.5 0 0
8130 0.1186 0.9375 309.562 0.447059 0.5 0 0
8140 0.11859 0.9375 310.5 0.447059 0.5 0 0
8150 0.11859 0.9375 310.5 0.443137 0.5 0 0
8160 0.118591 0.875 311.375 0.443137 0.5 0 0
8170 0.118591 0.875 311.375 0.447059 0.5 0 0
8180 0.118574 0.9375 312.312 0.443137 0.5 0 0
8190 0.118574 0.9375 312.312 0.447059 0.5 0 0
8200 0.118561 0.9375 313.25 0.447059 0.5 0 0
8210 0.118561 0.9375 313.25 0.443137 0.5 0 0
8220 0.11856 0.9375 314.188 0.447059 0.5 0 0
8230 0.11856 0.9375 314.188 0.443137 0.5 0 0
8240 0.118939 0.875 315.062 0.443137 0.5 0 0
8250 0.118939 0.875 315.062 0.443137 0.5 0 0
8260 0.119262 0.9375 316 0.439216 0.5 0 0
8270 0.119262 0.9375 316 0.439216 0.5 0 0
8280 0.119486 0.9375 316.938 0.443137 0.5 0 0
8290 0.119486 0.9375 316.938 0.443137 0.5 0 0
8300 0.119588 0.875 317.812 0.443137 0.5 0 0
8310 0.119588 0.875 317.812 0.443137 0.5 0 0
8320 0.119366 0.9375 318.75 0.443137 0.5 0 0
8330 0.119366 0.9375 318.75 0.443137 0.5 0 0
8340 0.119327 0.9375 319.688 0.443137 0.5 0 0
8350 0.119327 0.9375 319.688 0.443137 0.5 0 0
8360 0.11934 0.9375 320.625 0.443137 0.5 0 0
8370 0.11934 0.9375 320.625 0.443137 0.5 0 0
8380 0.119351 1 321.625 0.439216 0.5 0 0
8390 0.119351 1 321.625 0.443137 0.5 0 0
8400 0.119357 1 322.625 0.443137 0.5 0 0
8410 0.119357 1 322.625 0.443137 0.5 0 0
8420 0.119358 1 323.625 0.443137 0.5 0 0
8430 0.119358 1 323.625 0.443137 0.5 0 0
8440 0.119362 1 324.625 0.443137 0.5 0 0
8450 0.119362 1 324.625 0.443137 0.5 0 0
8460 0.119362 1 325.625 0.439216 0.5 0 0
8470 0.119362 1 325.625 0.439216 0.5 0 0
8480 0.11937 1 326.625 0.439216 0.5 0 0
8490 0.11937 1 326.625 0.443137 0.5 0 0
8500 0.119412 1 327.625 0.439216 0.5 0 0
8510 0.119412 1 327.625 0.443137 0.5 0 0
8520 0.119455 1 328.625 0.439216 0.5 0 0
8530 0.119455 1 328.625 0.443137 0.5 0 0
8540 0.11949 1 329.625 0.443137 0.5 0 0
8550 0.11949 1 329.625 0.439216 0.5 0 0
8560 0.119515 1 330.625 0.443137 0.5 0 0
8570 0.119515 1 330.625 0.443137 0.5 0 0
8580 0.119537 1 331.625 0.443137 0.5 0 0
8590 0.119537 1 331.625 0.443137 0.5 0 0
8600 0.119551 0.9375 332.562 0.443137 0.5 0 0
8610 0.119551 0.9375 332.562 0.439216 0.5 0 0
8620 0.119569 1 333.562 0.443137 0.5 0 0
8630 0.119569 1 333.562 0.443137 0.5 0 0
8640 0.119603 0.9375 334.5 0.443137 0.5 0 0
8650 0.119603 0.9375 334.5 0.443137 0.5 0 0
8660 0.119664 0.8125 335.312 0.443137 0.5 0 0
8670 0.119664 0.8125 335.312 0.439216 0.5 0 0
8680 0.119713 1 336.312 0.443137 0.5 0 0
8690 0.119713 1 336.312 0.443137 0.5 0 0
8700 0.119752 1 337.312 0.443137 0.5 0 0
8710 0.119752 1 337.312 0.443137 0.5 0 0
8720 0.119805 1 338.312 0.443137 0.5 0 0
8730 0.119805 1 338.312 0.439216 0.5 0 0
8740 0.119872 1 339.312 0.443137 0.5 0 0
8750 0.119872 1 339.312 0.443137 0.5 0 0
8760 0.119915 1 340.312 0.443137 0.5 0 0
8770 0.119915 1 340.312 0.443137 0.5 0 0
8780 0.119981 1 341.312 0.443137 0.5 0 0
8790 0.119981 1 341.312 0.443137 0.5 0 0
8800 0.120039 0.9375 342.25 0.443137 0.5 0 0
8810 0.120039 0.9375 342.25 0.443137 0.5 0 0
8820 0.120122 1 343.25 0.447059 0.5 0 0
8830 0.120122 1 343.25 0.45098 0.5 0 0
8840 0.12017 1 344.25 0.45098 0.5 0 0
8850 0.12017 1 344.25 0.45098 0.5 0 0
8860 0.120167 1 345.25 0.45098 0.5 0 0
8870 0.120167 1 345.25 0.45098 0.5 0 0
8880 0.120172 1 346.25 0.45098 0.5 0 0
8890 0.120172 1 346.25 0.45098 0.5 0 0
8900 0.120201 1 347.25 0.45098 0.5 0 0
8910 0.120201 1 347.25 0.45098 0.5 0 0
8920 0.120265 0.9375 348.188 0.45098 0.5 0 0
8930 0.120265 0.9375 348.188 0.45098 0.5 0 0
8940 0.120304 0.875 349.062 0.45098 0.5 0 0
8950 0.120304 0.875 349.062 0.45098 0.5 0 0
8960 0.120341 0.875 349.938 0.45098 0.5 0 0
8970 0.120341 0.875 349.938 0.45098 0.5 0 0
8980 0.12036 0.875 350.812 0.45098 0.5 0 0
8990 0.12036 0.875 350.812 0.454902 0.5 0 0
9000 0.120374 0.875 351.688 0.45098 0.5 0 0
9010 0.120374 0.875 351.688 0.454902 0.5 0 0
9020 0.120388 0.875 352.562 0.454902 0.5 0 0
9030 0.120388 0.875 352.562 0.454902 0.5 0 0
9040 0.120391 0.875 353.438 0.454902 0.5 0 0
9050 0.120391 0.875 353.438 0.454902 0.5 0 0
9060 0.120458 0.8125 354.25 0.454902 0.5 0 0
9070 0.120458 0.8125 354.25 0.45098 0.5 0 0
9080 0.120585 0.9375 355.188 0.454902 0.5 0 0
9090 0.120585 0.9375 355.188 0.454902 0.5 0 0
9100 0.120583 1 356.188 0.45098 0.5 0 0
9110 0.120583 1 356.188 0.454902 0.5 0 0
9120 0.120585 1 357.188 0.454902 0.5 0 0
9130 0.120585 1 357.188 0.454902 0.5 0 0
9140 0.120553 0.9375 358.125 0.45098 0.5 0 0
9150 0.120553 0.9375 358.125 0.45098 0.5 0 0
9160 0.120138 1 359.125 0.45098 0.5 0 0
9170 0.120138 1 359.125 0.454902 0.5 0 0
9180 0.12001 1 360.125 0.454902 0.5 0 0
9190 0.12001 1 360.125 0.454902 0.5 0 0
9200 0.120025 0.9375 361.062 0.454902 0.5 0 0
9210 0.120025 0.9375 361.062 0.454902 0.5 0 0
9220 0.120061 0.9375 362 0.45098 0.5 0 0
9230 0.120061 0.9375 362 0.45098 0.5 0 0
9240 0.120064 0.9375 362.938 0.45098 0.5 0 0
9250 0.120064 0.9375 362.938 0.454902 0.5 0 0
9260 0.120062 0.875 363.812 0.45098 0.5 0 0
9270 0.120062 0.875 363.812 0.45098 0.5 0 0
9280 0.120062 0.9375 364.75 0.454902 0.5 0 0
9290 0.120062 0.9375 364.75 0.45098 0.5 0 0
9300 0.120044 0.875 365.625 0.454902 0.5 0 0
9310 0.120044 0.875 365.625 0.454902 0.5 0 0
9320 0.120028 0.9375 366.562 0.454902 0.5 0 0
9330 0.120028 0.9375 366.562 0.454902 0.5 0 0
9340 0.120078 0.9375 367.5 0.454902 0.5 0 0
9350 0.120078 0.9375 367.5 0.45098 0.5 0 0
9360 0.12008 0.9375 368.438 0.454902 0.5 0 0
9370 0.12008 0.9375 368.438 0.454902 0.5 0 0
9380 0.120129 1 369.438 0.45098 0.5 0 0
9390 0.120129 1 369.438 0.454902 0.5 0 0
9400 0.120222 1 370.438 0.454902 0.5 0 0
9410 0.120222 1 370.438 0.454902 0.5 0 0
9420 0.120226 0.875 371.312 0.454902 0.5 0 0
9430 0.120226 0.875 371.312 0.45098 0.5 0 0
9440 0.12018 0.875 372.188 0.454902 0.5 0 0
9450 0.12018 0.875 372.188 0.454902 0.5 0 0
9460 0.120152 0.875 373.062 0.454902 0.5 0 0
9470 0.120152 0.875 373.062 0.454902 0.5 0 0
9480 0.120168 0.75 373.812 0.454902 0.5 0 0
9490 0.120168 0.75 373.812 0.454902 0.5 0 0
9500 0.12026 0.8125 374.625 0.45098 0.5 0 0
9510 0.12026 0.8125 374.625 0.454902 0.5 0 0
9520 0.120278 0.8125 375.438 0.458824 0.5 0 0
9530 0.120278 0.8125 375.438 0.454902 0.5 0 0
9540 0.119973 0.8125 376.25 0.454902 0.5 0 0
9550 0.119973 0.8125 376.25 0.458824 0.5 0 0
9560 0.119901 0.8125 377.062 0.458824 0.5 0 0
9570 0.119901 0.8125 377.062 0.454902 0.5 0 0
9580 0.119901 0.8125 377.875 0.454902 0.5 0 0
9590 0.119901 0.8125 377.875 0.454902 0.5 0 0
9600 0.119901 0.8125 378.688 0.458824 0.5 0 0
9610 0.119901 0.8125 378.688 0.458824 0.5 0 0
9620 0.119901 0.875 379.562 0.454902 0.5 0 0
9630 0.119901 0.875 379.562 0.458824 0.5 0 0
9640 0.119899 0.8125 380.375 0.454902 0.5 0 0
9650 0.119899 0.8125 380.375 0.454902 0.5 0 0
9660 0.119822 0.875 381.25 0.454902 0.5 0 0
9670 0.119822 0.875 381.25 0.454902 0.5 0 0
9680 0.119822 0.875 382.125 0.458824 0.5 0 0
9690 0.119822 0.875 382.125 0.454902 0.5 0 0
9700 0.119822 0.875 383 0.454902 0.5 0 0
9710 0.119822 0.875 383 0.454902 0.5 0 0
9720 0.119822 0.8125 383.812 0.454902 0.5 0 0
9730 0.119822 0.8125 383.812 0.454902 0.5 0 0
9740 0.11982 0.75 384.562 0.458824 0.5 0 0
9750 0.11982 0.75 384.562 0.454902 0.5 0 0
9760 0.119817 0.8125 385.375 0.454902 0.5 0 0
9770 0.119817 0.8125 385.375 0.458824 0.5 0 0
9780 0.119817 0.8125 386.188 0.454902 0.5 0 0
9790 0.119817 0.8125 386.188 0.454902 0.5 0 0
9800 0.119817 0.8125 387 0.454902 0.5 0 0
9810 0.119817 0.8125 387 0.454902 0.5 0 0
9820 0.119817 0.8125 387.812 0.454902 0.5 0 0
9830 0.119817 0.8125 387.812 0.454902 0.5 0 0
9840 0.119815 0.8125 388.625 0.454902 0.5 0 0
9850 0.119815 0.8125 388.625 0.454902 0.5 0 0
9860 0.119813 0.75 389.375 0.454902 0.5 0 0
9870 0.119813 0.75 389.375 0.458824 0.5 0 0
9880 0.11981 0.6875 390.062 0.454902 0.5 0 0
9890 0.11981 0.6875 390.062 0.454902 0.5 0 0
9900 0.119807 0.6875 390.75 0.454902 0.5 0 0
9910 0.119807 0.6875 390.75 0.45098 0.5 0 0
9920 0.119807 0.75 391.5 0.454902 0.5 0 0
9930 0.119807 0.75 391.5 0.454902 0.5 0 0
9940 0.119807 0.875 392.375 0.454902 0.5 0 0
9950 0.119807 0.875 392.375 0.454902 0.5 0 0
9960 0.119807 1 393.375 0.458824 0.5 0 0
9970 0.119807 1 393.375 0.454902 0.5 0 0
9980 0.119805 1 394.375 0.454902 0.5 0 0
9990 0.119805 1 394.375 0.454902 0.5 0 0
10000 0.119805 0.9375 395.312 0.454902 0.5 0 0
10010 0.119805 0.9375 395.312 0.454902 0.5 0 0
10020 0.119804 0.875 396.188 0.454902 0.5 0 0
10030 0.119804 0.875 396.188 0.454902 0.5 0 0
10040 0.119804 0.875 397.062 0.454902 0.5 0 0
10050 0.119804 0.875 397.062 0.454902 0.5 0 0
10060 0.119802 0.8125 397.875 0.454902 0.5 0 0
10070 0.119802 0.8125 397.875 0.454902 0.5 0 0
10080 0.119798 0.875 398.75 0.454902 0.5 0 0
10090 0.119798 0.875 398.75 0.458824 0.5 0 0
10100 0.119797 1 399.75 0.454902 0.5 0 0
10110 0.119797 1 399.75 0.45098 0.5 0 0
10120 0.119795 1 400.75 0.454902 0.5 0 0
10130 0.119795 1 400.75 0.45098 0.5 0 0
10140 0.119793 1 401.75 0.454902 0.5 0 0
10150 0.119793 1 401.75 0.454902 0.5 0 0
10160 0.119793 0.9375 402.688 0.454902 0.5 0 0
10170 0.119793 0.9375 402.688 0.454902 0.5 0 0
10180 0.119617 0.875 403.562 0.454902 0.5 0 0
10190 0.119617 0.875 403.562 0.454902 0.5 0 0
10200 0.119608 0.875 404.438 0.454902 0.5 0 0
10210 0.119608 0.875 404.438 0.454902 0.5 0 0
10220 0.119606 1 405.438 0.458824 0.5 0 0
10230 0.119606 1 405.438 0.454902 0.5 0 0
10240 0.119604 0.9375 406.375 0.454902 0.5 0 0
10250 0.119604 0.9375 406.375 0.454902 0.5 0 0
10260 0.119603 0.875 407.25 0.454902 0.5 0 0
10270 0.119603 0.875 407.25 0.458824 0.5 0 0
10280 0.119603 0.8125 408.062 0.458824 0.5 0 0
10290 0.119603 0.8125 408.062 0.454902 0.5 0 0
10300 0.119602 0.875 408.938 0.454902 0.5 0 0
10310 0.119602 0.875 408.938 0.454902 0.5 0 0
10320 0.119466 0.875 409.812 0.454902 0.5 0 0
10330 0.119466 0.875 409.812 0.454902 0.5 0 0
10340 0.119466 0.875 410.688 0.454902 0.5 0 0
10350 0.119466 0.875 410.688 0.45098 0.5 0 0
10360 0.119464 0.9375 411.625 0.454902 0.5 0 0
10370 0.119464 0.9375 411.625 0.454902 0.5 0 0
10380 0.118914 0.9375 412.562 0.458824 0.5 0 0
10390 0.118914 0.9375 412.562 0.454902 0.5 0 0
10400 0.118867 1 413.562 0.454902 0.5 0 0
10410 0.118867 1 413.562 0.458824 0.5 0 0
10420 0.118846 0.875 414.438 0.454902 0.5 0 0
10430 0.118846 0.875 414.438 0.454902 0.5 0 0
10440 0.118733 0.875 415.312 0.454902 0.5 0 0
10450 0.118733 0.875 415.312 0.45098 0.5 0 0
10460 0.118725 0.75 416.062 0.458824 0.5 0 0
10470 0.118725 0.75 416.062 0.454902 0.5 0 0
10480 0.118725 0.875 416.938 0.454902 0.5 0 0
10490 0.118725 0.875 416.938 0.454902 0.5 0 0
10500 0.118679 0.875 417.812 0.454902 0.5 0 0
10510 0.118679 0.875 417.812 0.454902 0.5 0 0
10520 0.118627 0.75 418.562 0.454902 0.5 0 0
10530 0.118627 0.75 418.562 0.458824 0.5 0 0
10540 0.118627 0.875 419.438 0.454902 0.5 0 0
10550 0.118627 0.875 419.438 0.454902 0.5 0 0
10560 0.118627 0.875 420.312 0.458824 0.5 0 0
10570 0.118627 0.875 420.312 0.454902 0.5 0 0
10580 0.118622 0.875 421.188 0.454902 0.5 0 0
10590 0.118622 0.875 421.188 0.454902 0.5 0 0
10600 0.118618 0.9375 422.125 0.458824 0.5 0 0
10610 0.118618 0.9375 422.125 0.458824 0.5 0 0
10620 0.118657 0.8125 422.938 0.45098 0.5 0 0
10630 0.118657 0.8125 422.938 0.458824 0.5 0 0
10640 0.118689 0.875 423.812 0.458824 0.5 0 0
10650 0.118689 0.875 423.812 0.458824 0.5 0 0
10660 0.118757 0.875 424.688 0.458824 0.5 0 0
10670 0.118757 0.875 424.688 0.454902 0.5 0 0
10680 0.118801 0.875 425.562 0.454902 0.5 0 0
10690 0.118801 0.875 425.562 0.458824 0.5 0 0
10700 0.118817 0.9375 426.5 0.458824 0.5 0 0
10710 0.118817 0.9375 426.5 0.454902 0.5 0 0
10720 0.118818 0.875 427.375 0.458824 0.5 0 0
10730 0.118818 0.875 427.375 0.458824 0.5 0 0
10740 0.118796 0.8125 428.188 0.462745 0.5 0 0
10750 0.118796 0.8125 428.188 0.458824 0.5 0 0
10760 0.11879 0.875 429.062 0.458824 0.5 0 0
10770 0.11879 0.875 429.062 0.458824 0.5 0 0
10780 0.118618 0.875 429.938 0.458824 0.5 0 0
10790 0.118618 0.875 429.938 0.458824 0.5 0 0
10800 0.118523 0.8125 430.75 0.458824 0.5 0 0
10810 0.118523 0.8125 430.75 0.458824 0.5 0 0
10820 0.118539 0.8125 431.562 0.462745 0.5 0 0
10830 0.118539 0.8125 431.562 0.458824 0.5 0 0
10840 0.118558 0.8125 432.375 0.458824 0.5 0 0
10850 0.118558 0.8125 432.375 0.462745 0.5 0 0
10860 0.118763 0.75 433.125 0.462745 0.5 0 0
10870 0.118763 0.75 433.125 0.462745 0.5 0 0
10880 0.119202 0.75 433.875 0.462745 0.5 0 0
10890 0.119202 0.75 433.875 0.462745 0.5 0 0
10900 0.119241 0.75 434.625 0.458824 0.5 0 0
10910 0.119241 0.75 434.625 0.462745 0.5 0 0
10920 0.119411 0.75 435.375 0.462745 0.5 0 0
10930 0.119411 0.75 435.375 0.466667 0.5 0 0
10940 0.11953 0.6875 436.062 0.466667 0.5 0 0
10950 0.11953 0.6875 436.062 0.466667 0.5 0 0
10960 0.119532 0.9375 437 0.466667 0.5 0 0
10970 0.119532 0.9375 437 0.466667 0.5 0 0
10980 0.119534 0.9375 437.938 0.466667 0.5 0 0
10990 0.119534 0.9375 437.938 0.466667 0.5 0 0
11000 0.119535 0.9375 438.875 0.466667 0.5 0 0
11010 0.119535 0.9375 438.875 0.466667 0.5 0 0
11020 0.119535 0.875 439.75 0.462745 0.5 0 0
11030 0.119535 0.875 439.75 0.466667 0.5 0 0
11040 0.119535 0.875 440.625 0.466667 0.5 0 0
11050 0.119535 0.875 440.625 0.466667 0.5 0 0
11060 0.119535 0.6875 441.312 0.466667 0.5 0 0
11070 0.119535 0.6875 441.312 0.466667 0.5 0 0
11080 0.119551 0.625 441.938 0.466667 0.5 0 0
11090 0.119551 0.625 441.938 0.466667 0.5 0 0
11100 0.119551 0.75 442.688 0.466667 0.5 0 0
11110 0.119551 0.75 442.688 0.466667 0.5 0 0
11120 0.119551 0.8125 443.5 0.462745 0.5 0 0
11130 0.119551 0.8125 443.5 0.462745 0.5 0 0
11140 0.119551 0.8125 444.312 0.466667 0.5 0 0
11150 0.119551 0.8125 444.312 0.470588 0.5 0 0
11160 0.119551 0.875 445.188 0.466667 0.5 0 0
11170 0.119551 0.875 445.188 0.466667 0.5 0 0
11180 0.119551 0.875 446.062 0.462745 0.5 0 0
11190 0.119551 0.875 446.062 0.466667 0.5 0 0
11200 0.119551 0.8125 446.875 0.466667 0.5 0 0
11210 0.119551 0.8125 446.875 0.466667 0.5 0 0
11220 0.119551 0.8125 447.688 0.466667 0.5 0 0
11230 0.119551 0.8125 447.688 0.466667 0.5 0 0
11240 0.119551 0.6875 448.375 0.466667 0.5 0 0
11250 0.119551 0.6875 448.375 0.462745 0.5 0 0
11260 0.119551 0.8125 449.188 0.466667 0.5 0 0
11270 0.119551 0.8125 449.188 0.466667 0.5 0 0
11280 0.119551 0.8125 450 0.470588 0.5 0 0
11290 0.119551 0.8125 450 0.466667 0.5 0 0
11300 0.119551 0.6875 450.688 0.466667 0.5 0 0
11310 0.119551 0.6875 450.688 0.466667 0.5 0 0
11320 0.119551 0.6875 451.375 0.470588 0.5 0 0
11330 0.119551 0.6875 451.375 0.466667 0.5 0 0
11340 0.119551 0.75 452.125 0.462745 0.5 0 0
11350 0.119551 0.75 452.125 0.466667 0.5 0 0
11360 0.119551 0.8125 452.938 0.470588 0.5 0 0
11370 0.119551 0.8125 452.938 0.466667 0.5 0 0
11380 0.119551 0.75 453.688 0.466667 0.5 0 0
11390 0.119551 0.75 453.688 0.470588 0.5 0 0
11400 0.119551 0.8125 454.5 0.466667 0.5 0 0
11410 0.119551 0.8125 454.5 0.466667 0.5 0 0
11420 0.119551 0.8125 455.312 0.466667 0.5 0 0
11430 0.119551 0.8125 455.312 0.470588 0.5 0 0
11440 0.119551 0.875 456.188 0.466667 0.5 0 0
11450 0.119551 0.875 456.188 0.466667 0.5 0 0
11460 0.119551 0.9375 457.125 0.462745 0.5 0 0
11470 0.119551 0.9375 457.125 0.470588 0.5 0 0
11480 0.119551 0.9375 458.062 0.466667 0.5 0 0
11490 0.119551 0.9375 458.062 0.466667 0.5 0 0
11500 0.119551 0.9375 459 0.466667 0.5 0 0
11510 0.119551 0.9375 459 0.466667 0.5 0 0
11520 0.119551 0.6875 459.688 0.466667 0.5 0 0
11530 0.119551 0.6875 459.688 0.466667 0.5 0 0
11540 0.119551 0.8125 460.5 0.466667 0.5 0 0
11550 0.119551 0.8125 460.5 0.462745 0.5 0 0
11560 0.119551 0.75 461.25 0.466667 0.5 0 0
11570 0.119551 0.75 461.25 0.466667 0.5 0 0
11580 0.119551 0.75 462 0.466667 0.5 0 0
11590 0.119551 0.75 462 0.470588 0.5 0 0
11600 0.119551 0.6875 462.688 0.466667 0.5 0 0
11610 0.119551 0.6875 462.688 0.466667 0.5 0 0
11620 0.119551 0.8125 463.5 0.466667 0.5 0 0
11630 0.119551 0.8125 463.5 0.466667 0.5 0 0
11640 0.119551 0.75 464.25 0.466667 0.5 0 0
11650 0.119551 0.75 464.25 0.466667 0.5 0 0
11660 0.119551 0.8125 465.062 0.466667 0.5 0 0
11670 0.119551 0.8125 465.062 0.466667 0.5 0 0
11680 0.119551 0.8125 465.875 0.466667 0.5 0 0
11690 0.119551 0.8125 465.875 0.466667 0.5 0 0
11700 0.119551 0.6875 466.562 0.466667 0.5 0 0
11710 0.119551 0.6875 466.562 0.466667 0.5 0 0
11720 0.119551 0.8125 467.375 0.466667 0.5 0 0
11730 0.119551 0.8125 467.375 0.466667 0.5 0 0
11740 0.119551 0.875 468.25 0.466667 0.5 0 0
11750 0.119551 0.875 468.25 0.462745 0.5 0 0
11760 0.119551 0.8125 469.062 0.466667 0.5 0 0
11770 0.119551 0.8125 469.062 0.466667 0.5 0 0
11780 0.119551 0.75 469.812 0.466667 0.5 0 0
11790 0.119551 0.75 469.812 0.470588 0.5 0 0
11800 0.119551 0.875 470.688 0.466667 0.5 0 0
11810 0.119551 0.875 470.688 0.470588 0.5 0 0
11820 0.119551 0.875 471.562 0.466667 0.5 0 0
11830 0.119551 0.875 471.562 0.466667 0.5 0 0
11840 0.119551 0.875 472.438 0.466667 0.5 0 0
11850 0.119551 0.875 472.438 0.470588 0.5 0 0
11860 0.119807 0.8125 473.25 0.47451 0.5 0 0
11870 0.119807 0.8125 473.25 0.470588 0.5 0 0
11880 0.119839 0.8125 474.062 0.470588 0.5 0 0
11890 0.119839 0.8125 474.062 0.470588 0.5 0 0
11900 0.11987 0.875 474.938 0.47451 0.5 0 0
11910 0.11987 0.875 474.938 0.478431 0.5 0 0
11920 0.119877 0.9375 475.875 0.470588 0.5 0 0
11930 0.119877 0.9375 475.875 0.47451 0.5 0 0
11940 0.119877 0.8125 476.688 0.47451 0.5 0 0
11950 0.119877 0.8125 476.688 0.47451 0.5 0 0
11960 0.119877 0.875 477.562 0.47451 0.5 0 0
11970 0.119877 0.875 477.562 0.47451 0.5 0 0
11980 0.119877 0.8125 478.375 0.47451 0.5 0 0
11990 0.119877 0.8125 478.375 0.47451 0.5 0 0
12000 0.119877 0.8125 479.188 0.47451 0.5 0 0
12010 0.119877 0.8125 479.188 0.47451 0.5 0 0
12020 0.119877 0.75 479.938 0.47451 0.5 0 0
12030 0.119877 0.75 479.938 0.47451 0.5 0 0
12040 0.119877 0.75 480.688 0.47451 0.5 0 0
12050 0.119877 0.75 480.688 0.47451 0.5 0 0
12060 0.119877 0.75 481.438 0.470588 0.5 0 0
12070 0.119877 0.75 481.438 0.470588 0.5 0 0
12080 0.119877 0.8125 482.25 0.470588 0.5 0 0
12090 0.119877 0.8125 482.25 0.47451 0.5 0 0
12100 0.119877 0.8125 483.062 0.478431 0.5 0 0
12110 0.119877 0.8125 483.062 0.47451 0.5 0 0
12120 0.119873 0.875 483.938 0.470588 0.5 0 0
12130 0.119873 0.875 483.938 0.47451 0.5 0 0
12140 0.119867 0.9375 484.875 0.470588 0.5 0 0
12150 0.119867 0.9375 484.875 0.47451 0.5 0 0
12160 0.119862 0.875 485.75 0.47451 0.5 0 0
12170 0.119862 0.875 485.75 0.47451 0.5 0 0
12180 0.119862 0.875 486.625 0.47451 0.5 0 0
12190 0.119862 0.875 486.625 0.478431 0.5 0 0
12200 0.119859 0.875 487.5 0.47451 0.5 0 0
12210 0.119859 0.875 487.5 0.47451 0.5 0 0
12220 0.119859 0.875 488.375 0.47451 0.5 0 0
12230 0.119859 0.875 488.375 0.47451 0.5 0 0
12240 0.119854 0.875 489.25 0.47451 0.5 0 0
12250 0.119854 0.875 489.25 0.47451 0.5 0 0
12260 0.11983 0.8125 490.062 0.47451 0.5 0 0
12270 0.11983 0.8125 490.062 0.47451 0.5 0 0
12280 0.11983 0.875 490.938 0.47451 0.5 0 0
12290 0.11983 0.875 490.938 0.470588 0.5 0 0
12300 0.11983 1 491.938 0.478431 0.5 0 0
12310 0.11983 1 491.938 0.47451 0.5 0 0
12320 0.11983 1 492.938 0.47451 0.5 0 0
12330 0.11983 1 492.938 0.470588 0.5 0 0
12340 0.11983 1 493.938 0.470588 0.5 0 0
12350 0.11983 1 493.938 0.47451 0.5 0 0
12360 0.11983 1 494.938 0.47451 0.5 0 0
12370 0.11983 1 494.938 0.47451 0.5 0 0
12380 0.11983 1 495.938 0.47451 0.5 0 0
12390 0.11983 1 495.938 0.47451 0.5 0 0
12400 0.11983 0.8125 496.75 0.478431 0.5 0 0
12410 0.11983 0.8125 496.75 0.470588 0.5 0 0
12420 0.11983 1 497.75 0.470588 0.5 0 0
12430 0.11983 1 497.75 0.47451 0.5 0 0
12440 0.11983 1 498.75 0.470588 0.5 0 0
12450 0.11983 1 498.75 0.47451 0.5 0 0
12460 0.11983 1 499.75 0.47451 0.5 0 0
12470 0.11983 1 499.75 0.47451 0.5 0 0
12480 0.11983 1 500.75 0.47451 0.5 0 0
12490 0.11983 1 500.75 0.47451 0.5 0 0
12500 0.11983 0.9375 501.688 0.478431 0.5 0 0
12510 0.11983 0.9375 501.688 0.470588 0.5 0 0
12520 0.119854 0.9375 502.625 0.470588 0.5 0 0
12530 0.119854 0.9375 502.625 0.47451 0.5 0 0
12540 0.119882 0.9375 503.562 0.478431 0.5 0 0
12550 0.119882 0.9375 503.562 0.47451 0.5 0 0
12560 0.119907 0.9375 504.5 0.47451 0.5 0 0
12570 0.119907 0.9375 504.5 0.478431 0.5 0 0
12580 0.11993 1 505.5 0.47451 0.5 0 0
12590 0.11993 1 505.5 0.478431 0.5 0 0
12600 0.119965 0.9375 506.438 0.47451 0.5 0 0
12610 0.119965 0.9375 506.438 0.478431 0.5 0 0
12620 0.119973 0.9375 507.375 0.47451 0.5 0 0
12630 0.119973 0.9375 507.375 0.47451 0.5 0 0
12640 0.119973 0.9375 508.312 0.47451 0.5 0 0
12650 0.119973 0.9375 508.312 0.470588 0.5 0 0
12660 0.119973 0.9375 509.25 0.47451 0.5 0 0
12670 0.119973 0.9375 509.25 0.478431 0.5 0 0
12680 0.119973 0.9375 510.188 0.470588 0.5 0 0
12690 0.119973 0.9375 510.188 0.47451 0.5 0 0
12700 0.119973 0.875 511.062 0.478431 0.5 0 0
12710 0.119973 0.875 511.062 0.47451 0.5 0 0
12720 0.119976 0.9375 512 0.47451 0.5 0 0
12730 0.119976 0.9375 512 0.47451 0.5 0 0
12740 0.119976 0.875 512.875 0.47451 0.5 0 0
12750 0.119976 0.875 512.875 0.478431 0.5 0 0
12760 0.119976 0.9375 513.812 0.47451 0.5 0 0
12770 0.119976 0.9375 513.812 0.47451 0.5 0 0
12780 0.119976 1 514.812 0.47451 0.5 0 0
12790 0.119976 1 514.812 0.47451 0.5 0 0
12800 0.119976 1 515.812 0.47451 0.5 0 0
12810 0.119976 1 515.812 0.478431 0.5 0 0
12820 0.119976 1 516.812 0.478431 0.5 0 0
12830 0.119976 1 516.812 0.47451 0.5 0 0
12840 0.119976 0.9375 517.75 0.478431 0.5 0 0
12850 0.119976 0.9375 517.75 0.47451 0.5 0 0
12860 0.119976 0.9375 518.688 0.47451 0.5 0 0
12870 0.119976 0.9375 518.688 0.47451 0.5 0 0
12880 0.119976 0.9375 519.625 0.47451 0.5 0 0
12890 0.119976 0.9375 519.625 0.47451 0.5 0 0
12900 0.119976 0.9375 520.562 0.478431 0.5 0 0
12910 0.119976 0.9375 520.562 0.478431 0.5 0 0
12920 0.119976 0.9375 521.5 0.478431 0.5 0 0
12930 0.119976 0.9375 521.5 0.478431 0.5 0 0
12940 0.119976 0.9375 522.438 0.47451 0.5 0 0
12950 0.119976 0.9375 522.438 0.478431 0.5 0 0
12960 0.119976 1 523.438 0.478431 0.5 0 0
12970 0.119976 1 523.438 0.47451 0.5 0 0
12980 0.119976 1 524.438 0.470588 0.5 0 0
12990 0.119976 1 524.438 0.47451 0.5 0 0
13000 0.119976 1 525.438 0.47451 0.5 0 0
13010 0.119976 1 525.438 0.47451 0.5 0 0
13020 0.119976 1 526.438 0.478431 0.5 0 0
13030 0.119976 1 526.438 0.478431 0.5 0 0
13040 0.119976 0.9375 527.375 0.478431 0.5 0 0
13050 0.119976 0.9375 527.375 0.478431 0.5 0 0
13060 0.119976 0.875 528.25 0.478431 0.5 0 0
13070 0.119976 0.875 528.25 0.478431 0.5 0 0
13080 0.119976 0.9375 529.188 0.470588 0.5 0 0
13090 0.119976 0.9375 529.188 0.478431 0.5 0 0
13100 0.119976 0.9375 530.125 0.478431 0.5 0 0
13110 0.119976 0.9375 530.125 0.478431 0.5 0 0
13120 0.119976 0.9375 531.062 0.478431 0.5 0 0
13130 0.119976 0.9375 531.062 0.478431 0.5 0 0
13140 0.119976 0.875 531.938 0.47451 0.5 0 0
13150 0.119976 0.875 531.938 0.478431 0.5 0 0
13160 0.119976 0.9375 532.875 0.47451 0.5 0 0
13170 0.119976 0.9375 532.875 0.470588 0.5 0 0
13180 0.119976 0.9375 533.812 0.47451 0.5 0 0
13190 0.119976 0.9375 533.812 0.47451 0.5 0 0
13200 0.119976 0.9375 534.75 0.478431 0.5 0 0
13210 0.119976 0.9375 534.75 0.47451 0.5 0 0
13220 0.119976 0.9375 535.688 0.47451 0.5 0 0
13230 0.119976 0.9375 535.688 0.470588 0.5 0 0
13240 0.119976 1 536.688 0.47451 0.5 0 0
13250 0.119976 1 536.688 0.478431 0.5 0 0
13260 0.119976 1 537.688 0.47451 0.5 0 0
13270 0.119976 1 537.688 0.47451 0.5 0 0
13280 0.119976 1 538.688 0.478431 0.5 0 0
13290 0.119976 1 538.688 0.478431 0.5 0 0
13300 0.119976 1 539.688 0.470588 0.5 0 0
13310 0.119976 1 539.688 0.47451 0.5 0 0
13320 0.119976 0.9375 540.625 0.47451 0.5 0 0
13330 0.119976 0.9375 540.625 0.478431 0.5 0 0
13340 0.119972 1 541.625 0.47451 0.5 0 0
13350 0.119972 1 541.625 0.47451 0.5 0 0
13360 0.119972 1 542.625 0.47451 0.5 0 0
13370 0.119972 1 542.625 0.47451 0.5 0 0
13380 0.119972 1 543.625 0.478431 0.5 0 0
13390 0.119972 1 543.625 0.478431 0.5 0 0
13400 0.119972 1 544.625 0.47451 0.5 0 0
13410 0.119972 1 544.625 0.478431 0.5 0 0
13420 0.119972 1 545.625 0.478431 0.5 0 0
13430 0.119972 1 545.625 0.47451 0.5 0 0
13440 0.119959 0.8125 546.438 0.47451 0.5 0 0
13450 0.119959 0.8125 546.438 0.47451 0.5 0 0
13460 0.119949 1 547.438 0.478431 0.5 0 0
13470 0.119949 1 547.438 0.47451 0.5 0 0
13480 0.119945 0.9375 548.375 0.470588 0.5 0 0
13490 0.119945 0.9375 548.375 0.478431 0.5 0 0
13500 0.119945 0.9375 549.312 0.478431 0.5 0 0
13510 0.119945 0.9375 549.312 0.47451 0.5 0 0
13520 0.119945 0.9375 550.25 0.47451 0.5 0 0
13530 0.119945 0.9375 550.25 0.478431 0.5 0 0
13540 0.119942 0.9375 551.188 0.47451 0.5 0 0
13550 0.119942 0.9375 551.188 0.478431 0.5 0 0
13560 0.119934 0.875 552.062 0.47451 0.5 0 0
13570 0.119934 0.875 552.062 0.478431 0.5 0 0
13580 0.119927 0.875 552.938 0.47451 0.5 0 0
13590 0.119927 0.875 552.938 0.47451 0.5 0 0
13600 0.119925 0.875 553.812 0.47451 0.5 0 0
13610 0.119925 0.875 553.812 0.478431 0.5 0 0
13620 0.119925 0.875 554.688 0.478431 0.5 0 0
13630 0.119925 0.875 554.688 0.47451 0.5 0 0
13640 0.119925 0.9375 555.625 0.47451 0.5 0 0
13650 0.119925 0.9375 555.625 0.478431 0.5 0 0
13660 0.11992 0.875 556.5 0.478431 0.5 0 0
13670 0.11992 0.875 556.5 0.478431 0.5 0 0
13680 0.11991 0.9375 557.438 0.47451 0.5 0 0
13690 0.11991 0.9375 557.438 0.478431 0.5 0 0
13700 0.119902 0.9375 558.375 0.478431 0.5 0 0
13710 0.119902 0.9375 558.375 0.478431 0.5 0 0
13720 0.119902 0.8125 559.188 0.47451 0.5 0 0
13730 0.119902 0.8125 559.188 0.47451 0.5 0 0
13740 0.119902 0.8125 560 0.47451 0.5 0 0
13750 0.119902 0.8125 560 0.47451 0.5 0 0
13760 0.119902 0.875 560.875 0.478431 0.5 0 0
13770 0.119902 0.875 560.875 0.47451 0.5 0 0
13780 0.119899 0.75 561.625 0.478431 0.5 0 0
13790 0.119899 0.75 561.625 0.478431 0.5 0 0
13800 0.119888 0.8125 562.438 0.47451 0.5 0 0
13810 0.119888 0.8125 562.438 0.478431 0.5 0 0
13820 0.11987 0.8125 563.25 0.478431 0.5 0 0
13830 0.11987 0.8125 563.25 0.478431 0.5 0 0
13840 0.119828 0.8125 564.062 0.47451 0.5 0 0
13850 0.119828 0.8125 564.062 0.47451 0.5 0 0
13860 0.119822 0.8125 564.875 0.478431 0.5 0 0
13870 0.119822 0.8125 564.875 0.47451 0.5 0 0
13880 0.119814 0.8125 565.688 0.47451 0.5 0 0
13890 0.119814 0.8125 565.688 0.47451 0.5 0 0
13900 0.11981 0.8125 566.5 0.47451 0.5 0 0
13910 0.11981 0.8125 566.5 0.47451 0.5 0 0
13920 0.119806 0.8125 567.312 0.47451 0.5 0 0
13930 0.119806 0.8125 567.312 0.47451 0.5 0 0
13940 0.119796 0.8125 568.125 0.47451 0.5 0 0
13950 0.119796 0.8125 568.125 0.47451 0.5 0 0
13960 0.119773 0.8125 568.938 0.478431 0.5 0 0
13970 0.119773 0.8125 568.938 0.478431 0.5 0 0
13980 0.119506 0.875 569.812 0.470588 0.5 0 0
13990 0.119506 0.875 569.812 0.470588 0.5 0 0
14000 0.119421 0.75 570.562 0.466667 0.5 0 0
14010 0.119421 0.75 570.562 0.466667 0.5 0 0
14020 0.11922 0.875 571.438 0.458824 0.5 0 0
14030 0.11922 0.875 571.438 0.458824 0.5 0 0
14040 0.119214 0.875 572.312 0.458824 0.5 0 0
14050 0.119214 0.875 572.312 0.458824 0.5 0 0
14060 0.119214 0.875 573.188 0.458824 0.5 0 0
14070 0.119214 0.875 573.188 0.458824 0.5 0 0
14080 0.119214 0.875 574.062 0.458824 0.5 0 0
14090 0.119214 0.875 574.062 0.462745 0.5 0 0
14100 0.1192 0.875 574.938 0.454902 0.5 0 0
14110 0.1192 0.875 574.938 0.458824 0.5 0 0
14120 0.119172 0.75 575.688 0.458824 0.5 0 0
14130 0.119172 0.75 575.688 0.454902 0.5 0 0
14140 0.11908 0.75 576.438 0.454902 0.5 0 0
14150 0.11908 0.75 576.438 0.454902 0.5 0 0
14160 0.119056 0.75 577.188 0.454902 0.5 0 0
14170 0.119056 0.75 577.188 0.458824 0.5 0 0
14180 0.119048 0.75 577.938 0.454902 0.5 0 0
14190 0.119048 0.75 577.938 0.454902 0.5 0 0
14200 0.119019 0.6875 578.625 0.458824 0.5 0 0
14210 0.119019 0.6875 578.625 0.454902 0.5 0 0
14220 0.118985 0.6875 579.312 0.454902 0.5 0 0
14230 0.118985 0.6875 579.312 0.454902 0.5 0 0
14240 0.118985 0.5625 579.875 0.454902 0.5 0 0
14250 0.118985 0.5625 579.875 0.454902 0.5 0 0
14260 0.118932 0.6875 580.562 0.454902 0.5 0 0
14270 0.118932 0.6875 580.562 0.45098 0.5 0 0
14280 0.118753 0.6875 581.25 0.454902 0.5 0 0
14290 0.118753 0.6875 581.25 0.454902 0.5 0 0
14300 0.118753 0.75 582 0.454902 0.5 0 0
14310 0.118753 0.75 582 0.454902 0.5 0 0
14320 0.118753 0.6875 582.688 0.454902 0.5 0 0
14330 0.118753 0.6875 582.688 0.454902 0.5 0 0
14340 0.118753 0.6875 583.375 0.454902 0.5 0 0
14350 0.118753 0.6875 583.375 0.454902 0.5 0 0
14360 0.118753 0.6875 584.062 0.454902 0.5 0 0
14370 0.118753 0.6875 584.062 0.45098 0.5 0 0
14380 0.118753 0.625 584.688 0.454902 0.5 0 0
14390 0.118753 0.625 584.688 0.447059 0.5 0 0
14400 0.117658 0.625 585.312 0.458824 0.5 0 0
14410 0.117658 0.625 585.312 0.466667 0.5 0 0
14420 0.11767 0.6875 586 0.466667 0.5 0 0
14430 0.11767 0.6875 586 0.466667 0.5 0 0
14440 0.117708 0.6875 586.688 0.462745 0.5 0 0
14450 0.117708 0.6875 586.688 0.462745 0.5 0 0
14460 0.117746 0.6875 587.375 0.462745 0.5 0 0
14470 0.117746 0.6875 587.375 0.466667 0.5 0 0
14480 0.117786 0.6875 588.062 0.466667 0.5 0 0
14490 0.117786 0.6875 588.062 0.466667 0.5 0 0
14500 0.117837 0.625 588.688 0.466667 0.5 0 0
14510 0.117837 0.625 588.688 0.470588 0.5 0 0
14520 0.118108 0.5 589.188 0.470588 0.5 0 0
14530 0.118108 0.5 589.188 0.470588 0.5 0 0
14540 0.118404 0.5 589.688 0.470588 0.5 0 0
14550 0.118404 0.5 589.688 0.47451 0.5 0 0
14560 0.118585 0.75 590.438 0.470588 0.5 0 0
14570 0.118585 0.75 590.438 0.466667 0.5 0 0
14580 0.11856 0.6875 591.125 0.466667 0.5 0 0
14590 0.11856 0.6875 591.125 0.466667 0.5 0 0
14600 0.118531 0.6875 591.812 0.462745 0.5 0 0
14610 0.118531 0.6875 591.812 0.462745 0.5 0 0
14620 0.118526 0.6875 592.5 0.462745 0.5 0 0
14630 0.118526 0.6875 592.5 0.462745 0.5 0 0
14640 0.118429 0.5 593 0.458824 0.5 0 0
14650 0.118429 0.5 593 0.454902 0.5 0 0
14660 0.118103 0.5625 593.562 0.45098 0.5 0 0
14670 0.118103 0.5625 593.562 0.443137 0.5 0 0
14680 0.117304 0.5625 594.125 0.435294 0.5 0 0
14690 0.117304 0.5625 594.125 0.427451 0.5 0 0
14700 0.117029 0.5625 594.688 0.427451 0.5 0 0
14710 0.117029 0.5625 594.688 0.427451 0.5 0 0
14720 0.116976 0.5625 595.25 0.427451 0.5 0 0
14730 0.116976 0.5625 595.25 0.427451 0.5 0 0
14740 0.116975 0.5625 595.812 0.427451 0.5 0 0
14750 0.116975 0.5625 595.812 0.427451 0.5 0 0
14760 0.116975 0.5 596.312 0.427451 0.5 0 0
14770 0.116975 0.5 596.312 0.427451 0.5 0 0
14780 0.116975 0.5 596.812 0.427451 0.5 0 0
14790 0.116975 0.5 596.812 0.427451 0.5 0 0
14800 0.116975 0.375 597.188 0.427451 0.5 0 0
14810 0.116975 0.375 597.188 0.427451 0.5 0 0
14820 0.116835 0.375 597.562 0.427451 0.5 0 0
14830 0.116835 0.375 597.562 0.427451 0.5 0 0
14840 0.116906 0.4375 598 0.427451 0.5 0 0
14850 0.116906 0.4375 598 0.427451 0.5 0 0
14860 0.116907 0.4375 598.438 0.427451 0.5 0 0
14870 0.116907 0.4375 598.438 0.427451 0.5 0 0
14880 0.116906 0.5 598.938 0.427451 0.5 0 0
14890 0.116906 0.5 598.938 0.427451 0.5 0 0
14900 0.116902 0.5 599.438 0.427451 0.5 0 0
14910 0.116902 0.5 599.438 0.427451 0.5 0 0
14920 0.116895 0.5 599.938 0.427451 0.5 0 0
14930 0.116895 0.5 599.938 0.427451 0.5 0 0
14940 0.11725 0.5 600.438 0.423529 0.5 0 0
14950 0.11725 0.5 600.438 0.419608 0.5 0 0
14960 0.117937 0.5 600.938 0.419608 0.5 0 0
14970 0.117937 0.5 600.938 0.419608 0.5 0 0
14980 0.11868 0.5625 601.5 0.419608 0.5 0 0
14990 0.11868 0.5625 601.5 0.423529 0.5 0 0
15000 0.119038 0.5625 602.062 0.423529 0.5 0 0
15010 0.119038 0.5625 602.062 0.419608 0.5 0 0
15020 0.119076 0.625 602.688 0.423529 0.5 0 0
15030 0.119076 0.625 602.688 0.419608 0.5 0 0
15040 0.119082 0.625 603.312 0.423529 0.5 0 0
15050 0.119082 0.625 603.312 0.419608 0.5 0 0
15060 0.119087 0.5625 603.875 0.419608 0.5 0 0
15070 0.119087 0.5625 603.875 0.419608 0.5 0 0
15080 0.119089 0.5 604.375 0.419608 0.5 0 0
15090 0.119089 0.5 604.375 0.423529 0.5 0 0
15100 0.119081 0.4375 604.812 0.419608 0.5 0 0
15110 0.119081 0.4375 604.812 0.423529 0.5 0 0
15120 0.11886 0.5 605.312 0.419608 0.5 0 0
15130 0.11886 0.5 605.312 0.423529 0.5 0 0
15140 0.11876 0.5 605.812 0.419608 0.5 0 0
15150 0.11876 0.5 605.812 0.423529 0.5 0 0
15160 0.118779 0.5625 606.375 0.419608 0.5 0 0
15170 0.118779 0.5625 606.375 0.419608 0.5 0 0
15180 0.118797 0.5625 606.938 0.419608 0.5 0 0
15190 0.118797 0.5625 606.938 0.419608 0.5 0 0
15200 0.118809 0.5625 607.5 0.419608 0.5 0 0
15210 0.118809 0.5625 607.5 0.423529 0.5 0 0
15220 0.118828 0.5625 608.062 0.419608 0.5 0 0
15230 0.118828 0.5625 608.062 0.419608 0.5 0 0
15240 0.118842 0.5625 608.625 0.419608 0.5 0 0
15250 0.118842 0.5625 608.625 0.419608 0.5 0 0
15260 0.118855 0.5625 609.188 0.419608 0.5 0 0
15270 0.118855 0.5625 609.188 0.419608 0.5 0 0
15280 0.118868 0.5 609.688 0.419608 0.5 0 0
15290 0.118868 0.5 609.688 0.419608 0.5 0 0
15300 0.119116 0.5625 610.25 0.415686 0.5 0 0
15310 0.119116 0.5625 610.25 0.415686 0.5 0 0
15320 0.1191 0.5625 610.812 0.415686 0.5 0 0
15330 0.1191 0.5625 610.812 0.415686 0.5 0 0
15340 0.119131 0.5625 611.375 0.415686 0.5 0 0
15350 0.119131 0.5625 611.375 0.415686 0.5 0 0
15360 0.11914 0.5625 611.938 0.411765 0.5 0 0
15370 0.11914 0.5625 611.938 0.415686 0.5 0 0
15380 0.119143 0.5625 612.5 0.415686 0.5 0 0
15390 0.119143 0.5625 612.5 0.415686 0.5 0 0
15400 0.119147 0.5625 613.062 0.415686 0.5 0 0
15410 0.119147 0.5625 613.062 0.415686 0.5 0 0
15420 0.119158 0.5625 613.625 0.415686 0.5 0 0
15430 0.119158 0.5625 613.625 0.415686 0.5 0 0
15440 0.119165 0.5625 614.188 0.415686 0.5 0 0
15450 0.119165 0.5625 614.188 0.415686 0.5 0 0
15460 0.11916 0.5625 614.75 0.415686 0.5 0 0
15470 0.11916 0.5625 614.75 0.415686 0.5 0 0
15480 0.119141 0.5625 615.312 0.415686 0.5 0 0
15490 0.119141 0.5625 615.312 0.415686 0.5 0 0
15500 0.119126 0.5625 615.875 0.415686 0.5 0 0
15510 0.119126 0.5625 615.875 0.411765 0.5 0 0
15520 0.11911 0.5625 616.438 0.411765 0.5 0 0
15530 0.11911 0.5625 616.438 0.415686 0.5 0 0
15540 0.119079 0.5 616.938 0.415686 0.5 0 0
15550 0.119079 0.5 616.938 0.411765 0.5 0 0
15560 0.119078 0.5 617.438 0.415686 0.5 0 0
15570 0.119078 0.5 617.438 0.415686 0.5 0 0
15580 0.119079 0.5625 618 0.415686 0.5 0 0
15590 0.119079 0.5625 618 0.415686 0.5 0 0
15600 0.119081 0.5625 618.562 0.415686 0.5 0 0
15610 0.119081 0.5625 618.562 0.415686 0.5 0 0
15620 0.119113 0.5625 619.125 0.415686 0.5 0 0
15630 0.119113 0.5625 619.125 0.415686 0.5 0 0
15640 0.119158 0.625 619.75 0.415686 0.5 0 0
15650 0.119158 0.625 619.75 0.415686 0.5 0 0
15660 0.119214 0.625 620.375 0.411765 0.5 0 0
15670 0.119214 0.625 620.375 0.411765 0.5 0 0
15680 0.119294 0.625 621 0.411765 0.5 0 0
15690 0.119294 0.625 621 0.411765 0.5 0 0
15700 0.119392 0.6875 621.688 0.411765 0.5 0 0
15710 0.119392 0.6875 621.688 0.411765 0.5 0 0
15720 0.119493 0.75 622.438 0.411765 0.5 0 0
15730 0.119493 0.75 622.438 0.411765 0.5 0 0
15740 0.119622 0.625 623.062 0.411765 0.5 0 0
15750 0.119622 0.625 623.062 0.411765 0.5 0 0
15760 0.119751 0.75 623.812 0.411765 0.5 0 0
15770 0.119751 0.75 623.812 0.411765 0.5 0 0
15780 0.119874 0.6875 624.5 0.411765 0.5 0 0
15790 0.119874 0.6875 624.5 0.411765 0.5 0 0
15800 0.120035 0.6875 625.188 0.411765 0.5 0 0
15810 0.120035 0.6875 625.188 0.411765 0.5 0 0
15820 0.120106 0.6875 625.875 0.407843 0.5 0 0
15830 0.120106 0.6875 625.875 0.407843 0.5 0 0
15840 0.119619 0.75 626.625 0.407843 0.5 0 0
15850 0.119619 0.75 626.625 0.411765 0.5 0 0
15860 0.119666 0.75 627.375 0.411765 0.5 0 0
15870 0.119666 0.75 627.375 0.407843 0.5 0 0
15880 0.119715 0.75 628.125 0.411765 0.5 0 0
15890 0.119715 0.75 628.125 0.411765 0.5 0 0
15900 0.11976 0.75 628.875 0.411765 0.5 0 0
15910 0.11976 0.75 628.875 0.411765 0.5 0 0
15920 0.1198 0.75 629.625 0.407843 0.5 0 0
15930 0.1198 0.75 629.625 0.407843 0.5 0 0
15940 0.119833 0.75 630.375 0.411765 0.5 0 0
15950 0.119833 0.75 630.375 0.411765 0.5 0 0
15960 0.119856 0.75 631.125 0.407843 0.5 0 0
15970 0.119856 0.75 631.125 0.407843 0.5 0 0
15980 0.119816 0.75 631.875 0.403922 0.5 0 0
15990 0.119816 0.75 631.875 0.407843 0.5 0 0
16000 0.119581 0.75 632.625 0.407843 0.5 0 0
16010 0.119581 0.75 632.625 0.403922 0.5 0 0
16020 0.119449 0.75 633.375 0.407843 0.5 0 0
16030 0.119449 0.75 633.375 0.403922 0.5 0 0
16040 0.119443 0.625 634 0.403922 0.5 0 0
16050 0.119443 0.625 634 0.403922 0.5 0 0
16060 0.11948 0.625 634.625 0.403922 0.5 0 0
16070 0.11948 0.625 634.625 0.403922 0.5 0 0
16080 0.11955 0.5625 635.188 0.403922 0.5 0 0
16090 0.11955 0.5625 635.188 0.403922 0.5 0 0
16100 0.119646 0.625 635.812 0.403922 0.5 0 0
16110 0.119646 0.625 635.812 0.403922 0.5 0 0
16120 0.119844 0.625 636.438 0.403922 0.5 0 0
16130 0.119844 0.625 636.438 0.403922 0.5 0 0
16140 0.119977 0.625 637.062 0.403922 0.5 0 0
16150 0.119977 0.625 637.062 0.403922 0.5 0 0
16160 0.119798 0.625 637.688 0.403922 0.5 0 0
16170 0.119798 0.625 637.688 0.403922 0.5 0 0
16180 0.119842 0.625 638.312 0.403922 0.5 0 0
16190 0.119842 0.625 638.312 0.403922 0.5 0 0
16200 0.119659 0.625 638.938 0.403922 0.5 0 0
16210 0.119659 0.625 638.938 0.403922 0.5 0 0
16220 0.119714 0.625 639.562 0.403922 0.5 0 0
16230 0.119714 0.625 639.562 0.403922 0.5 0 0
16240 0.1198 0.625 640.188 0.403922 0.5 0 0
16250 0.1198 0.625 640.188 0.403922 0.5 0 0
16260 0.119849 0.5625 640.75 0.403922 0.5 0 0
16270 0.119849 0.5625 640.75 0.403922 0.5 0 0
16280 0.119887 0.5625 641.312 0.403922 0.5 0 0
16290 0.119887 0.5625 641.312 0.403922 0.5 0 0
16300 0.119933 0.625 641.938 0.403922 0.5 0 0
16310 0.119933 0.625 641.938 0.403922 0.5 0 0
16320 0.119976 0.5625 642.5 0.403922 0.5 0 0
16330 0.119976 0.5625 642.5 0.403922 0.5 0 0
16340 0.120015 0.5 643 0.403922 0.5 0 0
16350 0.120015 0.5 643 0.403922 0.5 0 0
16360 0.120053 0.5 643.5 0.403922 0.5 0 0
16370 0.120053 0.5 643.5 0.403922 0.5 0 0
16380 0.120152 0.5625 644.062 0.403922 0.5 0 0
16390 0.120152 0.5625 644.062 0.403922 0.5 0 0
16400 0.120172 0.5625 644.625 0.403922 0.5 0 0
16410 0.120172 0.5625 644.625 0.403922 0.5 0 0
16420 0.120174 0.5625 645.188 0.403922 0.5 0 0
16430 0.120174 0.5625 645.188 0.403922 0.5 0 0
16440 0.120174 0.5625 645.75 0.403922 0.5 0 0
16450 0.120174 0.5625 645.75 0.403922 0.5 0 0
16460 0.120174 0.5625 646.312 0.403922 0.5 0 0
16470 0.120174 0.5625 646.312 0.403922 0.5 0 0
16480 0.120606 0.5625 646.875 0.403922 0.5 0 0
16490 0.120606 0.5625 646.875 0.403922 0.5 0 0
16500 0.120547 0.5625 647.438 0.403922 0.5 0 0
16510 0.120547 0.5625 647.438 0.403922 0.5 0 0
16520 0.12058 0.625 648.062 0.403922 0.5 0 0
16530 0.12058 0.625 648.062 0.403922 0.5 0 0
16540 0.12081 0.625 648.688 0.403922 0.5 0 0
16550 0.12081 0.625 648.688 0.403922 0.5 0 0
16560 0.120827 0.625 649.312 0.403922 0.5 0 0
16570 0.120827 0.625 649.312 0.403922 0.5 0 0
16580 0.12086 0.625 649.938 0.403922 0.5 0 0
16590 0.12086 0.625 649.938 0.403922 0.5 0 0
16600 0.120889 0.625 650.562 0.403922 0.5 0 0
16610 0.120889 0.625 650.562 0.403922 0.5 0 0
16620 0.120912 0.5 651.062 0.403922 0.5 0 0
16630 0.120912 0.5 651.062 0.403922 0.5 0 0
16640 0.120925 0.5625 651.625 0.403922 0.5 0 0
16650 0.120925 0.5625 651.625 0.403922 0.5 0 0
16660 0.120932 0.5625 652.188 0.403922 0.5 0 0
16670 0.120932 0.5625 652.188 0.403922 0.5 0 0
16680 0.120935 0.5625 652.75 0.403922 0.5 0 0
16690 0.120935 0.5625 652.75 0.403922 0.5 0 0
16700 0.120937 0.5625 653.312 0.403922 0.5 0 0
16710 0.120937 0.5625 653.312 0.403922 0.5 0 0
16720 0.120945 0.4375 653.75 0.403922 0.5 0 0
16730 0.120945 0.4375 653.75 0.403922 0.5 0 0
16740 0.120945 0.5 654.25 0.403922 0.5 0 0
16750 0.120945 0.5 654.25 0.403922 0.5 0 0
16760 0.121012 0.5625 654.812 0.403922 0.5 0 0
16770 0.121012 0.5625 654.812 0.403922 0.5 0 0
16780 0.121037 0.5625 655.375 0.403922 0.5 0 0
16790 0.121037 0.5625 655.375 0.403922 0.5 0 0
16800 0.121084 0.625 656 0.403922 0.5 0 0
16810 0.121084 0.625 656 0.403922 0.5 0 0
16820 0.121096 0.625 656.625 0.403922 0.5 0 0
16830 0.121096 0.625 656.625 0.403922 0.5 0 0
16840 0.121109 0.625 657.25 0.403922 0.5 0 0
16850 0.121109 0.625 657.25 0.403922 0.5 0 0
16860 0.121145 0.5625 657.812 0.403922 0.5 0 0
16870 0.121145 0.5625 657.812 0.403922 0.5 0 0
16880 0.121583 0.625 658.438 0.403922 0.5 0 0
16890 0.121583 0.625 658.438 0.403922 0.5 0 0
16900 0.122081 0.625 659.062 0.403922 0.5 0 0
16910 0.122081 0.625 659.062 0.403922 0.5 0 0
16920 0.122301 0.625 659.688 0.407843 0.5 0 0
16930 0.122301 0.625 659.688 0.407843 0.5 0 0
16940 0.122301 0.625 660.312 0.403922 0.5 0 0
16950 0.122301 0.625 660.312 0.403922 0.5 0 0
16960 0.122301 0.625 660.938 0.403922 0.5 0 0
16970 0.122301 0.625 660.938 0.407843 0.5 0 0
16980 0.122301 0.625 661.562 0.407843 0.5 0 0
16990 0.122301 0.625 661.562 0.403922 0.5 0 0
17000 0.122301 0.625 662.188 0.403922 0.5 0 0
17010 0.122301 0.625 662.188 0.407843 0.5 0 0
17020 0.12233 0.5625 662.75 0.407843 0.5 0 0
17030 0.12233 0.5625 662.75 0.403922 0.5 0 0
17040 0.122383 0.5 663.25 0.403922 0.5 0 0
17050 0.122383 0.5 663.25 0.403922 0.5 0 0
17060 0.122454 0.5625 663.812 0.403922 0.5 0 0
17070 0.122454 0.5625 663.812 0.407843 0.5 0 0
17080 0.122535 0.5625 664.375 0.403922 0.5 0 0
17090 0.122535 0.5625 664.375 0.407843 0.5 0 0
17100 0.122535 0.5 664.875 0.403922 0.5 0 0
17110 0.122535 0.5 664.875 0.407843 0.5 0 0
17120 0.122535 0.5 665.375 0.403922 0.5 0 0
17130 0.122535 0.5 665.375 0.403922 0.5 0 0
17140 0.122538 0.5 665.875 0.403922 0.5 0 0
17150 0.122538 0.5 665.875 0.403922 0.5 0 0
17160 0.12263 0.5 666.375 0.407843 0.5 0 0
17170 0.12263 0.5 666.375 0.407843 0.5 0 0
17180 0.122876 0.4375 666.812 0.407843 0.5 0 0
17190 0.122876 0.4375 666.812 0.407843 0.5 0 0
17200 0.122894 0.4375 667.25 0.407843 0.5 0 0
17210 0.122894 0.4375 667.25 0.407843 0.5 0 0
17220 0.122905 0.4375 667.688 0.407843 0.5 0 0
17230 0.122905 0.4375 667.688 0.407843 0.5 0 0
17240 0.122919 0.375 668.062 0.407843 0.5 0 0
17250 0.122919 0.375 668.062 0.407843 0.5 0 0
17260 0.12293 0.5 668.562 0.407843 0.5 0 0
17270 0.12293 0.5 668.562 0.407843 0.5 0 0
17280 0.122944 0.4375 669 0.407843 0.5 0 0
17290 0.122944 0.4375 669 0.407843 0.5 0 0
17300 0.123046 0.5 669.5 0.407843 0.5 0 0
17310 0.123046 0.5 669.5 0.407843 0.5 0 0
17320 0.123133 0.625 670.125 0.407843 0.5 0 0
17330 0.123133 0.625 670.125 0.407843 0.5 0 0
17340 0.12329 0.6875 670.812 0.407843 0.5 0 0
17350 0.12329 0.6875 670.812 0.407843 0.5 0 0
17360 0.123306 0.6875 671.5 0.407843 0.5 0 0
17370 0.123306 0.6875 671.5 0.407843 0.5 0 0
17380 0.123313 0.6875 672.188 0.407843 0.5 0 0
17390 0.123313 0.6875 672.188 0.407843 0.5 0 0
17400 0.12332 0.625 672.812 0.407843 0.5 0 0
17410 0.12332 0.625 672.812 0.407843 0.5 0 0
17420 0.123324 0.625 673.438 0.407843 0.5 0 0
17430 0.123324 0.625 673.438 0.407843 0.5 0 0
17440 0.123324 0.625 674.062 0.407843 0.5 0 0
17450 0.123324 0.625 674.062 0.407843 0.5 0 0
17460 0.123324 0.5 674.562 0.407843 0.5 0 0
17470 0.123324 0.5 674.562 0.407843 0.5 0 0
17480 0.123324 0.5 675.062 0.407843 0.5 0 0
17490 0.123324 0.5 675.062 0.407843 0.5 0 0
17500 0.123405 0.625 675.688 0.407843 0.5 0 0
17510 0.123405 0.625 675.688 0.407843 0.5 0 0
17520 0.124221 0.6875 676.375 0.407843 0.5 0 0
17530 0.124221 0.6875 676.375 0.403922 0.5 0 0
17540 0.124235 0.6875 677.062 0.403922 0.5 0 0
17550 0.124235 0.6875 677.062 0.403922 0.5 0 0
17560 0.124181 0.6875 677.75 0.403922 0.5 0 0
17570 0.124181 0.6875 677.75 0.403922 0.5 0 0
17580 0.124125 0.6875 678.438 0.403922 0.5 0 0
17590 0.124125 0.6875 678.438 0.403922 0.5 0 0
17600 0.124134 0.6875 679.125 0.4 0.5 0 0
17610 0.124134 0.6875 679.125 0.4 0.5 0 0
17620 0.124058 0.6875 679.812 0.4 0.5 0 0
17630 0.124058 0.6875 679.812 0.4 0.5 0 0
17640 0.124137 0.5625 680.375 0.4 0.5 0 0
17650 0.124137 0.5625 680.375 0.4 0.5 0 0
17660 0.124167 0.625 681 0.4 0.5 0 0
17670 0.124167 0.625 681 0.4 0.5 0 0
17680 0.124079 0.625 681.625 0.4 0.5 0 0
17690 0.124079 0.625 681.625 0.4 0.5 0 0
17700 0.124012 0.625 682.25 0.4 0.5 0 0
17710 0.124012 0.625 682.25 0.4 0.5 0 0
17720 0.123946 0.625 682.875 0.4 0.5 0 0
17730 0.123946 0.625 682.875 0.4 0.5 0 0
17740 0.123893 0.625 683.5 0.4 0.5 0 0
17750 0.123893 0.625 683.5 0.396078 0.5 0 0
17760 0.123842 0.5625 684.062 0.396078 0.5 0 0
17770 0.123842 0.5625 684.062 0.396078 0.5 0 0
17780 0.12367 0.5 684.562 0.396078 0.5 0 0
17790 0.12367 0.5 684.562 0.396078 0.5 0 0
17800 0.123875 0.5 685.062 0.396078 0.5 0 0
17810 0.123875 0.5 685.062 0.396078 0.5 0 0
17820 0.123859 0.5625 685.625 0.396078 0.5 0 0
17830 0.123859 0.5625 685.625 0.396078 0.5 0 0
17840 0.123838 0.5625 686.188 0.396078 0.5 0 0
17850 0.123838 0.5625 686.188 0.396078 0.5 0 0
17860 0.12353 0.5625 686.75 0.396078 0.5 0 0
17870 0.12353 0.5625 686.75 0.396078 0.5 0 0
17880 0.123176 0.5625 687.312 0.396078 0.5 0 0
17890 0.123176 0.5625 687.312 0.396078 0.5 0 0
17900 0.122868 0.5625 687.875 0.396078 0.5 0 0
17910 0.122868 0.5625 687.875 0.396078 0.5 0 0
17920 0.12287 0.5625 688.438 0.396078 0.5 0 0
17930 0.12287 0.5625 688.438 0.396078 0.5 0 0
17940 0.12287 0.5625 689 0.396078 0.5 0 0
17950 0.12287 0.5625 689 0.396078 0.5 0 0
17960 0.12287 0.5 689.5 0.396078 0.5 0 0
17970 0.12287 0.5 689.5 0.396078 0.5 0 0
17980 0.12287 0.5 690 0.396078 0.5 0 0
17990 0.12287 0.5 690 0.396078 0.5 0 0
18000 0.12273 0.5 690.5 0.396078 0.5 0 0
18010 0.12273 0.5 690.5 0.396078 0.5 0 0
18020 0.122687 0.5625 691.062 0.396078 0.5 0 0
18030 0.122687 0.5625 691.062 0.396078 0.5 0 0
18040 0.122674 0.5625 691.625 0.396078 0.5 0 0
18050 0.122674 0.5625 691.625 0.396078 0.5 0 0
18060 0.122674 0.5625 692.188 0.396078 0.5 0 0
18070 0.122674 0.5625 692.188 0.396078 0.5 0 0
18080 0.122733 0.5625 692.75 0.396078 0.5 0 0
18090 0.122733 0.5625 692.75 0.396078 0.5 0 0
18100 0.12277 0.5625 693.312 0.396078 0.5 0 0
18110 0.12277 0.5625 693.312 0.396078 0.5 0 0
18120 0.122805 0.5625 693.875 0.396078 0.5 0 0
18130 0.122805 0.5625 693.875 0.396078 0.5 0 0
18140 0.122843 0.5625 694.438 0.392157 0.5 0 0
18150 0.122843 0.5625 694.438 0.396078 0.5 0 0
18160 0.122886 0.625 695.062 0.396078 0.5 0 0
18170 0.122886 0.625 695.062 0.396078 0.5 0 0
18180 0.12296 0.75 695.812 0.396078 0.5 0 0
18190 0.12296 0.75 695.812 0.396078 0.5 0 0
18200 0.123434 0.75 696.562 0.396078 0.5 0 0
18210 0.123434 0.75 696.562 0.396078 0.5 0 0
18220 0.123696 0.875 697.438 0.396078 0.5 0 0
18230 0.123696 0.875 697.438 0.396078 0.5 0 0
18240 0.123792 0.875 698.312 0.396078 0.5 0 0
18250 0.123792 0.875 698.312 0.396078 0.5 0 0
18260 0.123864 0.875 699.188 0.396078 0.5 0 0
18270 0.123864 0.875 699.188 0.396078 0.5 0 0
18280 0.12392 0.6875 699.875 0.396078 0.5 0 0
18290 0.12392 0.6875 699.875 0.396078 0.5 0 0
18300 0.123967 0.6875 700.562 0.396078 0.5 0 0
18310 0.123967 0.6875 700.562 0.396078 0.5 0 0
18320 0.124006 0.75 701.312 0.396078 0.5 0 0
18330 0.124006 0.75 701.312 0.396078 0.5 0 0
18340 0.124036 0.625 701.938 0.396078 0.5 0 0
18350 0.124036 0.625 701.938 0.396078 0.5 0 0
18360 0.123984 0.75 702.688 0.396078 0.5 0 0
18370 0.123984 0.75 702.688 0.396078 0.5 0 0
18380 0.123961 0.75 703.438 0.396078 0.5 0 0
18390 0.123961 0.75 703.438 0.396078 0.5 0 0
18400 0.124019 0.6875 704.125 0.396078 0.5 0 0
18410 0.124019 0.6875 704.125 0.396078 0.5 0 0
18420 0.123949 0.75 704.875 0.396078 0.5 0 0
18430 0.123949 0.75 704.875 0.396078 0.5 0 0
18440 0.123952 0.75 705.625 0.396078 0.5 0 0
18450 0.123952 0.75 705.625 0.396078 0.5 0 0
18460 0.123979 0.75 706.375 0.396078 0.5 0 0
18470 0.123979 0.75 706.375 0.396078 0.5 0 0
18480 0.124003 0.625 707 0.396078 0.5 0 0
18490 0.124003 0.625 707 0.396078 0.5 0 0
18500 0.124031 0.625 707.625 0.396078 0.5 0 0
18510 0.124031 0.625 707.625 0.396078 0.5 0 0
18520 0.124052 0.5 708.125 0.396078 0.5 0 0
18530 0.124052 0.5 708.125 0.396078 0.5 0 0
18540 0.12428 0.6875 708.812 0.396078 0.5 0 0
18550 0.12428 0.6875 708.812 0.396078 0.5 0 0
18560 0.12428 0.5625 709.375 0.396078 0.5 0 0
18570 0.12428 0.5625 709.375 0.396078 0.5 0 0
18580 0.124268 0.625 710 0.396078 0.5 0 0
18590 0.124268 0.625 710 0.396078 0.5 0 0
18600 0.124598 0.75 710.75 0.396078 0.5 0 0
18610 0.124598 0.75 710.75 0.396078 0.5 0 0
18620 0.126887 0.875 711.625 0.4 0.5 0 0
18630 0.126887 0.875 711.625 0.396078 0.5 0 0
18640 0.127092 0.875 712.5 0.4 0.5 0 0
18650 0.127092 0.875 712.5 0.4 0.5 0 0
18660 0.127136 0.875 713.375 0.396078 0.5 0 0
18670 0.127136 0.875 713.375 0.396078 0.5 0 0
18680 0.127176 0.8125 714.188 0.4 0.5 0 0
18690 0.127176 0.8125 714.188 0.396078 0.5 0 0
18700 0.127197 0.8125 715 0.396078 0.5 0 0
18710 0.127197 0.8125 715 0.4 0.5 0 0
18720 0.127209 0.6875 715.688 0.4 0.5 0 0
18730 0.127209 0.6875 715.688 0.396078 0.5 0 0
18740 0.127243 0.8125 716.5 0.4 0.5 0 0
18750 0.127243 0.8125 716.5 0.396078 0.5 0 0
18760 0.127272 0.8125 717.312 0.396078 0.5 0 0
18770 0.127272 0.8125 717.312 0.396078 0.5 0 0
18780 0.127363 0.8125 718.125 0.396078 0.5 0 0
18790 0.127363 0.8125 718.125 0.396078 0.5 0 0
18800 0.127418 0.8125 718.938 0.396078 0.5 0 0
18810 0.127418 0.8125 718.938 0.396078 0.5 0 0
18820 0.127348 0.875 719.812 0.396078 0.5 0 0
18830 0.127348 0.875 719.812 0.396078 0.5 0 0
18840 0.127288 0.875 720.688 0.396078 0.5 0 0
18850 0.127288 0.875 720.688 0.392157 0.5 0 0
18860 0.127456 0.9375 721.625 0.392157 0.5 0 0
18870 0.127456 0.9375 721.625 0.392157 0.5 0 0
18880 0.127481 0.9375 722.562 0.392157 0.5 0 0
18890 0.127481 0.9375 722.562 0.392157 0.5 0 0
18900 0.12742 0.9375 723.5 0.392157 0.5 0 0
18910 0.12742 0.9375 723.5 0.392157 0.5 0 0
18920 0.127369 0.9375 724.438 0.392157 0.5 0 0
18930 0.127369 0.9375 724.438 0.392157 0.5 0 0
18940 0.127298 0.9375 725.375 0.392157 0.5 0 0
18950 0.127298 0.9375 725.375 0.392157 0.5 0 0
18960 0.127207 0.8125 726.188 0.392157 0.5 0 0
18970 0.127207 0.8125 726.188 0.392157 0.5 0 0
18980 0.126914 0.75 726.938 0.396078 0.5 0 0
18990 0.126914 0.75 726.938 0.392157 0.5 0 0
19000 0.126905 0.8125 727.75 0.396078 0.5 0 0
19010 0.126905 0.8125 727.75 0.392157 0.5 0 0
19020 0.126899 0.8125 728.562 0.396078 0.5 0 0
19030 0.126899 0.8125 728.562 0.392157 0.5 0 0
19040 0.126612 0.8125 729.375 0.392157 0.5 0 0
19050 0.126612 0.8125 729.375 0.396078 0.5 0 0
19060 0.126408 0.8125 730.188 0.392157 0.5 0 0
19070 0.126408 0.8125 730.188 0.392157 0.5 0 0
19080 0.126069 0.8125 731 0.396078 0.5 0 0
19090 0.126069 0.8125 731 0.392157 0.5 0 0
19100 0.126153 0.625 731.625 0.392157 0.5 0 0
19110 0.126153 0.625 731.625 0.396078 0.5 0 0
19120 0.126138 0.625 732.25 0.392157 0.5 0 0
19130 0.126138 0.625 732.25 0.392157 0.5 0 0
19140 0.126138 0.6875 732.938 0.392157 0.5 0 0
19150 0.126138 0.6875 732.938 0.392157 0.5 0 0
19160 0.126223 0.75 733.688 0.392157 0.5 0 0
19170 0.126223 0.75 733.688 0.392157 0.5 0 0
19180 0.126225 0.75 734.438 0.392157 0.5 0 0
19190 0.126225 0.75 734.438 0.392157 0.5 0 0
19200 0.126256 0.625 735.062 0.392157 0.5 0 0
19210 0.126256 0.625 735.062 0.392157 0.5 0 0
19220 0.126279 0.75 735.812 0.392157 0.5 0 0
19230 0.126279 0.75 735.812 0.392157 0.5 0 0
19240 0.126313 0.75 736.562 0.392157 0.5 0 0
19250 0.126313 0.75 736.562 0.392157 0.5 0 0
19260 0.126343 0.75 737.312 0.392157 0.5 0 0
19270 0.126343 0.75 737.312 0.392157 0.5 0 0
19280 0.126379 0.75 738.062 0.392157 0.5 0 0
19290 0.126379 0.75 738.062 0.392157 0.5 0 0
19300 0.126408 0.6875 738.75 0.392157 0.5 0 0
19310 0.126408 0.6875 738.75 0.392157 0.5 0 0
19320 0.126463 0.5625 739.312 0.388235 0.5 0 0
19330 0.126463 0.5625 739.312 0.392157 0.5 0 0
19340 0.126516 0.6875 740 0.388235 0.5 0 0
19350 0.126516 0.6875 740 0.392157 0.5 0 0
19360 0.126562 0.6875 740.688 0.388235 0.5 0 0
19370 0.126562 0.6875 740.688 0.392157 0.5 0 0
19380 0.126673 0.6875 741.375 0.388235 0.5 0 0
19390 0.126673 0.6875 741.375 0.388235 0.5 0 0
19400 0.126833 0.6875 742.062 0.388235 0.5 0 0
19410 0.126833 0.6875 742.062 0.388235 0.5 0 0
19420 0.126995 0.75 742.812 0.388235 0.5 0 0
19430 0.126995 0.75 742.812 0.388235 0.5 0 0
19440 0.127137 0.75 743.562 0.388235 0.5 0 0
19450 0.127137 0.75 743.562 0.388235 0.5 0 0
19460 0.127284 0.875 744.438 0.388235 0.5 0 0
19470 0.127284 0.875 744.438 0.388235 0.5 0 0
19480 0.127372 0.875 745.312 0.388235 0.5 0 0
19490 0.127372 0.875 745.312 0.388235 0.5 0 0
19500 0.127614 0.8125 746.125 0.388235 0.5 0 0
19510 0.127614 0.8125 746.125 0.388235 0.5 0 0
19520 0.127934 0.8125 746.938 0.388235 0.5 0 0
19530 0.127934 0.8125 746.938 0.388235 0.5 0 0
19540 0.128516 0.8125 747.75 0.388235 0.5 0 0
19550 0.128516 0.8125 747.75 0.388235 0.5 0 0
19560 0.129442 0.6875 748.438 0.392157 0.5 0 0
19570 0.129442 0.6875 748.438 0.388235 0.5 0 0
19580 0.12963 0.6875 749.125 0.392157 0.5 0 0
19590 0.12963 0.6875 749.125 0.392157 0.5 0 0
19600 0.129877 0.6875 749.812 0.388235 0.5 0 0
19610 0.129877 0.6875 749.812 0.388235 0.5 0 0
19620 0.129194 0.5 750.312 0.380392 0.5 0 0
19630 0.129194 0.5 750.312 0.380392 0.5 0 0
19640 0.128112 0.6875 751 0.380392 0.5 0 0
19650 0.128112 0.6875 751 0.384314 0.5 0 0
19660 0.127472 0.75 751.75 0.380392 0.5 0 0
19670 0.127472 0.75 751.75 0.384314 0.5 0 0
19680 0.127322 0.75 752.5 0.380392 0.5 0 0
19690 0.127322 0.75 752.5 0.384314 0.5 0 0
19700 0.127315 0.75 753.25 0.384314 0.5 0 0
19710 0.127315 0.75 753.25 0.384314 0.5 0 0
19720 0.126738 0.75 754 0.384314 0.5 0 0
19730 0.126738 0.75 754 0.380392 0.5 0 0
19740 0.126583 0.75 754.75 0.384314 0.5 0 0
19750 0.126583 0.75 754.75 0.384314 0.5 0 0
19760 0.126361 0.75 755.5 0.384314 0.5 0 0
19770 0.126361 0.75 755.5 0.384314 0.5 0 0
19780 0.126406 0.6875 756.188 0.384314 0.5 0 0
19790 0.126406 0.6875 756.188 0.384314 0.5 0 0
19800 0.126354 0.75 756.938 0.384314 0.5 0 0
19810 0.126354 0.75 756.938 0.384314 0.5 0 0
19820 0.126361 0.75 757.688 0.384314 0.5 0 0
19830 0.126361 0.75 757.688 0.380392 0.5 0 0
19840 0.126367 0.75 758.438 0.380392 0.5 0 0
19850 0.126367 0.75 758.438 0.384314 0.5 0 0
19860 0.126367 0.75 759.188 0.380392 0.5 0 0
19870 0.126367 0.75 759.188 0.380392 0.5 0 0
19880 0.12638 0.75 759.938 0.384314 0.5 0 0
19890 0.12638 0.75 759.938 0.384314 0.5 0 0
19900 0.126398 0.6875 760.625 0.384314 0.5 0 0
19910 0.126398 0.6875 760.625 0.384314 0.5 0 0
19920 0.126416 0.75 761.375 0.384314 0.5 0 0
19930 0.126416 0.75 761.375 0.380392 0.5 0 0
19940 0.126432 0.75 762.125 0.384314 0.5 0 0
19950 0.126432 0.75 762.125 0.380392 0.5 0 0
19960 0.126449 0.75 762.875 0.380392 0.5 0 0
19970 0.126449 0.75 762.875 0.380392 0.5 0 0
19980 0.126465 0.75 763.625 0.380392 0.5 0 0
19990 0.126465 0.75 763.625 0.384314 0.5 0 0
20000 0.126482 0.6875 764.312 0.384314 0.5 0 0
20010 0.126482 0.6875 764.312 0.384314 0.5 0 0
