0 0.114964 0 0 0.5 0.5 0 0
10 0.114964 0 0 0.729412 0.5 0 0
20 0.118446 0.5 0.5 0.686275 0.5 0 0
30 0.118446 0.5 0.5 0.690196 0.5 0 0
40 0.118443 0.5 1 0.760784 0.5 0 0
50 0.118443 0.5 1 0.835294 0.5 0 0
60 0.11865 0.5625 1.5625 0.709804 0.5 0 0
70 0.11865 0.5625 1.5625 0.709804 0.5 0 0
80 0.119141 0.5625 2.125 0.843137 0.5 0 0
90 0.119141 0.5625 2.125 0.768627 0.5 0 0
100 0.120326 0.5625 2.6875 0.760784 0.5 0 0
110 0.120326 0.5625 2.6875 0.733333 0.5 0 0
120 0.120685 0.5 3.1875 0.729412 0.5 0 0
130 0.120685 0.5 3.1875 0.690196 0.5 0 0
140 0.120721 0.375 3.5625 0.796078 0.5 0 0
150 0.120721 0.375 3.5625 0.737255 0.5 0 0
160 0.119128 0.5 4.0625 0.756863 0.5 0 0
170 0.119128 0.5 4.0625 0.823529 0.5 0 0
180 0.118504 0.5625 4.625 0.776471 0.5 0 0
190 0.118504 0.5625 4.625 0.760784 0.5 0 0
200 0.118189 0.5625 5.1875 0.721569 0.5 0 0
210 0.118189 0.5625 5.1875 0.721569 0.5 0 0
220 0.118285 0.4375 5.625 0.815686 0.5 0 0
230 0.118285 0.4375 5.625 0.815686 0.5 0 0
240 0.119332 0.4375 6.0625 0.772549 0.5 0 0
250 0.119332 0.4375 6.0625 0.843137 0.5 0 0
260 0.120602 0.3125 6.375 0.741176 0.5 0 0
270 0.120602 0.3125 6.375 0.823529 0.5 0 0
280 0.122012 0.3125 6.6875 0.764706 0.5 0 0
290 0.122012 0.3125 6.6875 0.721569 0.5 0 0
300 0.123603 0.375 7.0625 0.694118 0.5 0 0
310 0.123603 0.375 7.0625 0.823529 0.5 0 0
320 0.125801 0.375 7.4375 0.717647 0.5 0 0
330 0.125801 0.375 7.4375 0.756863 0.5 0 0
340 0.127553 0.4375 7.875 0.768627 0.5 0 0
350 0.127553 0.4375 7.875 0.756863 0.5 0 0
360 0.127693 0.4375 8.3125 0.737255 0.5 0 0
370 0.127693 0.4375 8.3125 0.74902 0.5 0 0
380 0.127512 0.375 8.6875 0.792157 0.5 0 0
390 0.127512 0.375 8.6875 0.74902 0.5 0 0
400 0.126589 0.375 9.0625 0.788235 0.5 0 0
410 0.126589 0.375 9.0625 0.623529 0.5 0 0
420 0.126415 0.375 9.4375 0.568627 0.5 0 0
430 0.126415 0.375 9.4375 0.541176 0.5 0 0
440 0.12569 0.375 9.8125 0.521569 0.5 0 0
450 0.12569 0.375 9.8125 0.501961 0.5 0 0
460 0.123765 0.5625 10.375 0.494118 0.5 0 0
470 0.123765 0.5625 10.375 0.501961 0.5 0 0
480 0.122512 0.5625 10.9375 0.494118 0.5 0 0
490 0.122512 0.5625 10.9375 0.501961 0.5 0 0
500 0.122411 0.5 11.4375 0.494118 0.5 0 0
510 0.122411 0.5 11.4375 0.490196 0.5 0 0
520 0.122307 0.5 11.9375 0.486275 0.5 0 0
530 0.122307 0.5 11.9375 0.490196 0.5 0 0
540 0.122127 0.5625 12.5 0.490196 0.5 0 0
550 0.122127 0.5625 12.5 0.505882 0.5 0 0
560 0.121967 0.625 13.125 0.490196 0.5 0 0
570 0.121967 0.625 13.125 0.486275 0.5 0 0
580 0.121838 0.625 13.75 0.505882 0.5 0 0
590 0.121838 0.625 13.75 0.494118 0.5 0 0
600 0.121707 0.625 14.375 0.490196 0.5 0 0
610 0.121707 0.625 14.375 0.494118 0.5 0 0
620 0.121574 0.625 15 0.490196 0.5 0 0
630 0.121574 0.625 15 0.490196 0.5 0 0
640 0.121447 0.625 15.625 0.482353 0.5 0 0
650 0.121447 0.625 15.625 0.490196 0.5 0 0
660 0.121341 0.5625 16.1875 0.490196 0.5 0 0
670 0.121341 0.5625 16.1875 0.494118 0.5 0 0
680 0.121253 0.5625 16.75 0.486275 0.5 0 0
690 0.121253 0.5625 16.75 0.494118 0.5 0 0
700 0.121163 0.5625 17.3125 0.482353 0.5 0 0
710 0.121163 0.5625 17.3125 0.501961 0.5 0 0
720 0.121064 0.5625 17.875 0.486275 0.5 0 0
730 0.121064 0.5625 17.875 0.482353 0.5 0 0
740 0.12098 0.5625 18.4375 0.486275 0.5 0 0
750 0.12098 0.5625 18.4375 0.498039 0.5 0 0
760 0.120917 0.5625 19 0.490196 0.5 0 0
770 0.120917 0.5625 19 0.494118 0.5 0 0
780 0.120878 0.625 19.625 0.490196 0.5 0 0
790 0.120878 0.625 19.625 0.498039 0.5 0 0
800 0.120756 0.625 20.25 0.486275 0.5 0 0
810 0.120756 0.625 20.25 0.494118 0.5 0 0
820 0.120288 0.75 21 0.498039 0.5 0 0
830 0.120288 0.75 21 0.486275 0.5 0 0
840 0.120124 0.75 21.75 0.494118 0.5 0 0
850 0.120124 0.75 21.75 0.494118 0.5 0 0
860 0.120076 0.75 22.5 0.498039 0.5 0 0
870 0.120076 0.75 22.5 0.513725 0.5 0 0
880 0.120025 0.75 23.25 0.505882 0.5 0 0
890 0.120025 0.75 23.25 0.498039 0.5 0 0
900 0.119984 0.6875 23.9375 0.501961 0.5 0 0
910 0.119984 0.6875 23.9375 0.494118 0.5 0 0
920 0.119812 0.5625 24.5 0.501961 0.5 0 0
930 0.119812 0.5625 24.5 0.490196 0.5 0 0
940 0.119553 0.4375 24.9375 0.501961 0.5 0 0
950 0.119553 0.4375 24.9375 0.490196 0.5 0 0
960 0.119274 0.5625 25.5 0.498039 0.5 0 0
970 0.119274 0.5625 25.5 0.478431 0.5 0 0
980 0.117083 0.9375 26.4375 0.466667 0.5 0 0
990 0.117083 0.9375 26.4375 0.470588 0.5 0 0
1000 0.106225 0.875 27.3125 0.470588 0.5 0 0
1010 0.106225 0.875 27.3125 0.470588 0.5 0 0
1020 0.104232 0.75 28.0625 0.466667 0.5 0 0
1030 0.104232 0.75 28.0625 0.466667 0.5 0 0
1040 0.104174 0.875 28.9375 0.466667 0.5 0 0
1050 0.104174 0.875 28.9375 0.466667 0.5 0 0
1060 0.104174 0.875 29.8125 0.466667 0.5 0 0
1070 0.104174 0.875 29.8125 0.466667 0.5 0 0
1080 0.104096 0.9375 30.75 0.466667 0.5 0 0
1090 0.104096 0.9375 30.75 0.466667 0.5 0 0
1100 0.103912 0.9375 31.6875 0.466667 0.5 0 0
1110 0.103912 0.9375 31.6875 0.466667 0.5 0 0
1120 0.103597 0.875 32.5625 0.466667 0.5 0 0
1130 0.103597 0.875 32.5625 0.466667 0.5 0 0
1140 0.103477 0.8125 33.375 0.466667 0.5 0 0
1150 0.103477 0.8125 33.375 0.466667 0.5 0 0
1160 0.103433 0.8125 34.1875 0.470588 0.5 0 0
1170 0.103433 0.8125 34.1875 0.466667 0.5 0 0
1180 0.103431 0.8125 35 0.466667 0.5 0 0
1190 0.103431 0.8125 35 0.466667 0.5 0 0
1200 0.103392 0.75 35.75 0.470588 0.5 0 0
1210 0.103392 0.75 35.75 0.466667 0.5 0 0
1220 0.103379 0.75 36.5 0.470588 0.5 0 0
1230 0.103379 0.75 36.5 0.470588 0.5 0 0
1240 0.103347 0.8125 37.3125 0.466667 0.5 0 0
1250 0.103347 0.8125 37.3125 0.466667 0.5 0 0
1260 0.103287 0.8125 38.125 0.466667 0.5 0 0
1270 0.103287 0.8125 38.125 0.466667 0.5 0 0
1280 0.1032 0.8125 38.9375 0.466667 0.5 0 0
1290 0.1032 0.8125 38.9375 0.470588 0.5 0 0
1300 0.10313 0.8125 39.75 0.466667 0.5 0 0
1310 0.10313 0.8125 39.75 0.466667 0.5 0 0
1320 0.103077 0.8125 40.5625 0.466667 0.5 0 0
1330 0.103077 0.8125 40.5625 0.470588 0.5 0 0
1340 0.103013 0.8125 41.375 0.466667 0.5 0 0
1350 0.103013 0.8125 41.375 0.466667 0.5 0 0
1360 0.102961 0.6875 42.0625 0.470588 0.5 0 0
1370 0.102961 0.6875 42.0625 0.466667 0.5 0 0
1380 0.102555 0.4375 42.5 0.466667 0.5 0 0
1390 0.102555 0.4375 42.5 0.466667 0.5 0 0
1400 0.10242 0.6875 43.1875 0.466667 0.5 0 0
1410 0.10242 0.6875 43.1875 0.466667 0.5 0 0
1420 0.102366 0.8125 44 0.466667 0.5 0 0
1430 0.102366 0.8125 44 0.470588 0.5 0 0
1440 0.102364 0.8125 44.8125 0.470588 0.5 0 0
1450 0.102364 0.8125 44.8125 0.470588 0.5 0 0
1460 0.102364 0.8125 45.625 0.470588 0.5 0 0
1470 0.102364 0.8125 45.625 0.470588 0.5 0 0
1480 0.102359 0.8125 46.4375 0.470588 0.5 0 0
1490 0.102359 0.8125 46.4375 0.466667 0.5 0 0
1500 0.102325 0.75 47.1875 0.466667 0.5 0 0
1510 0.102325 0.75 47.1875 0.466667 0.5 0 0
1520 0.102216 0.6875 47.875 0.466667 0.5 0 0
1530 0.102216 0.6875 47.875 0.470588 0.5 0 0
1540 0.102207 0.625 48.5 0.466667 0.5 0 0
1550 0.102207 0.625 48.5 0.466667 0.5 0 0
1560 0.102198 0.625 49.125 0.466667 0.5 0 0
1570 0.102198 0.625 49.125 0.466667 0.5 0 0
1580 0.102189 0.625 49.75 0.466667 0.5 0 0
1590 0.102189 0.625 49.75 0.466667 0.5 0 0
1600 0.102497 0.625 50.375 0.466667 0.5 0 0
1610 0.102497 0.625 50.375 0.462745 0.5 0 0
1620 0.102837 0.625 51 0.454902 0.5 0 0
1630 0.102837 0.625 51 0.447059 0.5 0 0
1640 0.102861 0.625 51.625 0.447059 0.5 0 0
1650 0.102861 0.625 51.625 0.45098 0.5 0 0
1660 0.102881 0.625 52.25 0.447059 0.5 0 0
1670 0.102881 0.625 52.25 0.45098 0.5 0 0
1680 0.102867 0.5625 52.8125 0.447059 0.5 0 0
1690 0.102867 0.5625 52.8125 0.447059 0.5 0 0
1700 0.102843 0.625 53.4375 0.447059 0.5 0 0
1710 0.102843 0.625 53.4375 0.447059 0.5 0 0
1720 0.10282 0.625 54.0625 0.447059 0.5 0 0
1730 0.10282 0.625 54.0625 0.447059 0.5 0 0
1740 0.102815 0.6875 54.75 0.447059 0.5 0 0
1750 0.102815 0.6875 54.75 0.447059 0.5 0 0
1760 0.102809 0.6875 55.4375 0.447059 0.5 0 0
1770 0.102809 0.6875 55.4375 0.447059 0.5 0 0
1780 0.102809 0.625 56.0625 0.447059 0.5 0 0
1790 0.102809 0.625 56.0625 0.447059 0.5 0 0
1800 0.102799 0.8125 56.875 0.447059 0.5 0 0
1810 0.102799 0.8125 56.875 0.447059 0.5 0 0
1820 0.102799 0.75 57.625 0.447059 0.5 0 0
1830 0.102799 0.75 57.625 0.447059 0.5 0 0
1840 0.102736 0.75 58.375 0.447059 0.5 0 0
1850 0.102736 0.75 58.375 0.447059 0.5 0 0
1860 0.102702 0.75 59.125 0.447059 0.5 0 0
1870 0.102702 0.75 59.125 0.447059 0.5 0 0
1880 0.102678 0.75 59.875 0.447059 0.5 0 0
1890 0.102678 0.75 59.875 0.447059 0.5 0 0
1900 0.102675 0.75 60.625 0.447059 0.5 0 0
1910 0.102675 0.75 60.625 0.447059 0.5 0 0
1920 0.102848 0.6875 61.3125 0.447059 0.5 0 0
1930 0.102848 0.6875 61.3125 0.447059 0.5 0 0
1940 0.102834 0.8125 62.125 0.447059 0.5 0 0
1950 0.102834 0.8125 62.125 0.447059 0.5 0 0
1960 0.102796 0.8125 62.9375 0.447059 0.5 0 0
1970 0.102796 0.8125 62.9375 0.447059 0.5 0 0
1980 0.102783 0.8125 63.75 0.447059 0.5 0 0
1990 0.102783 0.8125 63.75 0.447059 0.5 0 0
2000 0.102496 0.8125 64.5625 0.447059 0.5 0 0
2010 0.102496 0.8125 64.5625 0.447059 0.5 0 0
2020 0.102172 0.8125 65.375 0.447059 0.5 0 0
2030 0.102172 0.8125 65.375 0.443137 0.5 0 0
2040 0.10217 0.6875 66.0625 0.447059 0.5 0 0
2050 0.10217 0.6875 66.0625 0.447059 0.5 0 0
2060 0.10217 0.6875 66.75 0.447059 0.5 0 0
2070 0.10217 0.6875 66.75 0.447059 0.5 0 0
2080 0.102187 0.5625 67.3125 0.447059 0.5 0 0
2090 0.102187 0.5625 67.3125 0.447059 0.5 0 0
2100 0.1022 0.625 67.9375 0.443137 0.5 0 0
2110 0.1022 0.625 67.9375 0.443137 0.5 0 0
2120 0.102213 0.625 68.5625 0.443137 0.5 0 0
2130 0.102213 0.625 68.5625 0.443137 0.5 0 0
2140 0.102223 0.625 69.1875 0.443137 0.5 0 0
2150 0.102223 0.625 69.1875 0.439216 0.5 0 0
2160 0.102228 0.625 69.8125 0.439216 0.5 0 0
2170 0.102228 0.625 69.8125 0.439216 0.5 0 0
2180 0.102255 0.625 70.4375 0.443137 0.5 0 0
2190 0.102255 0.625 70.4375 0.439216 0.5 0 0
2200 0.102257 0.625 71.0625 0.439216 0.5 0 0
2210 0.102257 0.625 71.0625 0.439216 0.5 0 0
2220 0.102252 0.625 71.6875 0.439216 0.5 0 0
2230 0.102252 0.625 71.6875 0.439216 0.5 0 0
2240 0.102246 0.625 72.3125 0.439216 0.5 0 0
2250 0.102246 0.625 72.3125 0.435294 0.5 0 0
2260 0.10223 0.6875 73 0.435294 0.5 0 0
2270 0.10223 0.6875 73 0.435294 0.5 0 0
2280 0.102193 0.8125 73.8125 0.435294 0.5 0 0
2290 0.102193 0.8125 73.8125 0.435294 0.5 0 0
2300 0.102164 0.8125 74.625 0.435294 0.5 0 0
2310 0.102164 0.8125 74.625 0.435294 0.5 0 0
2320 0.102155 0.8125 75.4375 0.435294 0.5 0 0
2330 0.102155 0.8125 75.4375 0.435294 0.5 0 0
2340 0.102148 0.8125 76.25 0.435294 0.5 0 0
2350 0.102148 0.8125 76.25 0.435294 0.5 0 0
2360 0.102135 0.75 77 0.435294 0.5 0 0
2370 0.102135 0.75 77 0.435294 0.5 0 0
2380 0.102098 0.8125 77.8125 0.435294 0.5 0 0
2390 0.102098 0.8125 77.8125 0.435294 0.5 0 0
2400 0.102092 0.5625 78.375 0.435294 0.5 0 0
2410 0.102092 0.5625 78.375 0.435294 0.5 0 0
2420 0.102092 0.6875 79.0625 0.435294 0.5 0 0
2430 0.102092 0.6875 79.0625 0.435294 0.5 0 0
2440 0.102091 0.6875 79.75 0.435294 0.5 0 0
2450 0.102091 0.6875 79.75 0.435294 0.5 0 0
2460 0.102091 0.6875 80.4375 0.435294 0.5 0 0
2470 0.102091 0.6875 80.4375 0.435294 0.5 0 0
2480 0.10209 0.6875 81.125 0.435294 0.5 0 0
2490 0.10209 0.6875 81.125 0.435294 0.5 0 0
2500 0.10209 0.5625 81.6875 0.435294 0.5 0 0
2510 0.10209 0.5625 81.6875 0.435294 0.5 0 0
2520 0.102081 0.625 82.3125 0.435294 0.5 0 0
2530 0.102081 0.625 82.3125 0.435294 0.5 0 0
2540 0.102071 0.625 82.9375 0.435294 0.5 0 0
2550 0.102071 0.625 82.9375 0.435294 0.5 0 0
2560 0.102065 0.75 83.6875 0.435294 0.5 0 0
2570 0.102065 0.75 83.6875 0.435294 0.5 0 0
2580 0.10206 0.75 84.4375 0.435294 0.5 0 0
2590 0.10206 0.75 84.4375 0.435294 0.5 0 0
2600 0.102056 0.75 85.1875 0.439216 0.5 0 0
2610 0.102056 0.75 85.1875 0.435294 0.5 0 0
2620 0.102051 0.8125 86 0.439216 0.5 0 0
2630 0.102051 0.8125 86 0.435294 0.5 0 0
2640 0.102013 0.8125 86.8125 0.435294 0.5 0 0
2650 0.102013 0.8125 86.8125 0.435294 0.5 0 0
2660 0.101995 0.625 87.4375 0.435294 0.5 0 0
2670 0.101995 0.625 87.4375 0.435294 0.5 0 0
2680 0.102021 0.75 88.1875 0.435294 0.5 0 0
2690 0.102021 0.75 88.1875 0.435294 0.5 0 0
2700 0.102021 0.75 88.9375 0.435294 0.5 0 0
2710 0.102021 0.75 88.9375 0.435294 0.5 0 0
2720 0.102017 0.75 89.6875 0.435294 0.5 0 0
2730 0.102017 0.75 89.6875 0.435294 0.5 0 0
2740 0.102013 0.8125 90.5 0.435294 0.5 0 0
2750 0.102013 0.8125 90.5 0.435294 0.5 0 0
2760 0.102007 0.8125 91.3125 0.435294 0.5 0 0
2770 0.102007 0.8125 91.3125 0.439216 0.5 0 0
2780 0.102003 0.8125 92.125 0.435294 0.5 0 0
2790 0.102003 0.8125 92.125 0.435294 0.5 0 0
2800 0.101999 0.9375 93.0625 0.435294 0.5 0 0
2810 0.101999 0.9375 93.0625 0.435294 0.5 0 0
2820 0.101995 0.9375 94 0.435294 0.5 0 0
2830 0.101995 0.9375 94 0.435294 0.5 0 0
2840 0.101992 0.9375 94.9375 0.439216 0.5 0 0
2850 0.101992 0.9375 94.9375 0.435294 0.5 0 0
2860 0.101983 0.6875 95.625 0.435294 0.5 0 0
2870 0.101983 0.6875 95.625 0.435294 0.5 0 0
2880 0.10198 0.875 96.5 0.435294 0.5 0 0
2890 0.10198 0.875 96.5 0.439216 0.5 0 0
2900 0.101976 0.875 97.375 0.435294 0.5 0 0
2910 0.101976 0.875 97.375 0.435294 0.5 0 0
2920 0.101973 0.75 98.125 0.435294 0.5 0 0
2930 0.101973 0.75 98.125 0.435294 0.5 0 0
2940 0.101968 0.6875 98.8125 0.435294 0.5 0 0
2950 0.101968 0.6875 98.8125 0.435294 0.5 0 0
2960 0.101856 0.6875 99.5 0.431373 0.5 0 0
2970 0.101856 0.6875 99.5 0.427451 0.5 0 0
2980 0.101586 0.8125 100.312 0.427451 0.5 0 0
2990 0.101586 0.8125 100.312 0.423529 0.5 0 0
3000 0.101502 0.75 101.062 0.423529 0.5 0 0
3010 0.101502 0.75 101.062 0.423529 0.5 0 0
3020 0.100578 0.9375 102 0.423529 0.5 0 0
3030 0.100578 0.9375 102 0.423529 0.5 0 0
3040 0.0996894 0.9375 102.938 0.423529 0.5 0 0
3050 0.0996894 0.9375 102.938 0.423529 0.5 0 0
3060 0.0995261 0.9375 103.875 0.423529 0.5 0 0
3070 0.0995261 0.9375 103.875 0.423529 0.5 0 0
3080 0.0994626 0.9375 104.812 0.423529 0.5 0 0
3090 0.0994626 0.9375 104.812 0.423529 0.5 0 0
3100 0.0993704 0.9375 105.75 0.423529 0.5 0 0
3110 0.0993704 0.9375 105.75 0.423529 0.5 0 0
3120 0.0992901 0.875 106.625 0.423529 0.5 0 0
3130 0.0992901 0.875 106.625 0.423529 0.5 0 0
3140 0.09908 0.875 107.5 0.423529 0.5 0 0
3150 0.09908 0.875 107.5 0.423529 0.5 0 0
3160 0.0988846 0.9375 108.438 0.423529 0.5 0 0
3170 0.0988846 0.9375 108.438 0.423529 0.5 0 0
3180 0.0988085 0.875 109.312 0.423529 0.5 0 0
3190 0.0988085 0.875 109.312 0.423529 0.5 0 0
3200 0.098731 0.875 110.188 0.423529 0.5 0 0
3210 0.098731 0.875 110.188 0.423529 0.5 0 0
3220 0.0986078 0.875 111.062 0.423529 0.5 0 0
3230 0.0986078 0.875 111.062 0.423529 0.5 0 0
3240 0.0985803 0.875 111.938 0.423529 0.5 0 0
3250 0.0985803 0.875 111.938 0.423529 0.5 0 0
3260 0.0985143 0.8125 112.75 0.423529 0.5 0 0
3270 0.0985143 0.8125 112.75 0.423529 0.5 0 0
3280 0.0984848 0.6875 113.438 0.423529 0.5 0 0
3290 0.0984848 0.6875 113.438 0.423529 0.5 0 0
3300 0.0984384 0.75 114.188 0.423529 0.5 0 0
3310 0.0984384 0.75 114.188 0.423529 0.5 0 0
3320 0.0984107 0.8125 115 0.423529 0.5 0 0
3330 0.0984107 0.8125 115 0.423529 0.5 0 0
3340 0.0984027 0.8125 115.812 0.423529 0.5 0 0
3350 0.0984027 0.8125 115.812 0.423529 0.5 0 0
3360 0.0983887 0.875 116.688 0.423529 0.5 0 0
3370 0.0983887 0.875 116.688 0.423529 0.5 0 0
3380 0.0956862 0.875 117.562 0.423529 0.5 0 0
3390 0.0956862 0.875 117.562 0.423529 0.5 0 0
3400 0.0947197 0.75 118.312 0.423529 0.5 0 0
3410 0.0947197 0.75 118.312 0.423529 0.5 0 0
3420 0.0947132 0.875 119.188 0.423529 0.5 0 0
3430 0.0947132 0.875 119.188 0.423529 0.5 0 0
3440 0.0947112 0.875 120.062 0.423529 0.5 0 0
3450 0.0947112 0.875 120.062 0.423529 0.5 0 0
3460 0.0947097 0.875 120.938 0.423529 0.5 0 0
3470 0.0947097 0.875 120.938 0.423529 0.5 0 0
3480 0.0947064 0.875 121.812 0.423529 0.5 0 0
3490 0.0947064 0.875 121.812 0.423529 0.5 0 0
3500 0.0943258 0.9375 122.75 0.423529 0.5 0 0
3510 0.0943258 0.9375 122.75 0.423529 0.5 0 0
3520 0.093996 0.8125 123.562 0.423529 0.5 0 0
3530 0.093996 0.8125 123.562 0.423529 0.5 0 0
3540 0.0940409 0.75 124.312 0.423529 0.5 0 0
3550 0.0940409 0.75 124.312 0.423529 0.5 0 0
3560 0.0940986 0.875 125.188 0.423529 0.5 0 0
3570 0.0940986 0.875 125.188 0.419608 0.5 0 0
3580 0.0941031 0.9375 126.125 0.423529 0.5 0 0
3590 0.0941031 0.9375 126.125 0.423529 0.5 0 0
3600 0.0941614 0.9375 127.062 0.419608 0.5 0 0
3610 0.0941614 0.9375 127.062 0.419608 0.5 0 0
3620 0.0941888 0.9375 128 0.419608 0.5 0 0
3630 0.0941888 0.9375 128 0.419608 0.5 0 0
3640 0.0935972 1 129 0.419608 0.5 0 0
3650 0.0935972 1 129 0.419608 0.5 0 0
3660 0.0931403 1 130 0.419608 0.5 0 0
3670 0.0931403 1 130 0.419608 0.5 0 0
3680 0.0929257 1 131 0.419608 0.5 0 0
3690 0.0929257 1 131 0.419608 0.5 0 0
3700 0.0926129 1 132 0.419608 0.5 0 0
3710 0.0926129 1 132 0.419608 0.5 0 0
3720 0.0920776 1 133 0.419608 0.5 0 0
3730 0.0920776 1 133 0.415686 0.5 0 0
3740 0.0920611 1 134 0.419608 0.5 0 0
3750 0.0920611 1 134 0.419608 0.5 0 0
3760 0.0920827 1 135 0.419608 0.5 0 0
3770 0.0920827 1 135 0.419608 0.5 0 0
3780 0.0921013 0.9375 135.938 0.419608 0.5 0 0
3790 0.0921013 0.9375 135.938 0.419608 0.5 0 0
3800 0.0921166 0.9375 136.875 0.419608 0.5 0 0
3810 0.0921166 0.9375 136.875 0.419608 0.5 0 0
3820 0.092108 0.875 137.75 0.419608 0.5 0 0
3830 0.092108 0.875 137.75 0.419608 0.5 0 0
3840 0.0918792 0.9375 138.688 0.419608 0.5 0 0
3850 0.0918792 0.9375 138.688 0.419608 0.5 0 0
3860 0.0916406 0.9375 139.625 0.419608 0.5 0 0
3870 0.0916406 0.9375 139.625 0.419608 0.5 0 0
3880 0.0916579 0.9375 140.562 0.419608 0.5 0 0
3890 0.0916579 0.9375 140.562 0.419608 0.5 0 0
3900 0.0916773 0.9375 141.5 0.419608 0.5 0 0
3910 0.0916773 0.9375 141.5 0.419608 0.5 0 0
3920 0.0916972 0.9375 142.438 0.419608 0.5 0 0
3930 0.0916972 0.9375 142.438 0.419608 0.5 0 0
3940 0.0916889 0.9375 143.375 0.419608 0.5 0 0
3950 0.0916889 0.9375 143.375 0.419608 0.5 0 0
3960 0.0916552 0.9375 144.312 0.419608 0.5 0 0
3970 0.0916552 0.9375 144.312 0.419608 0.5 0 0
3980 0.0915089 0.9375 145.25 0.419608 0.5 0 0
3990 0.0915089 0.9375 145.25 0.419608 0.5 0 0
4000 0.0913899 0.8125 146.062 0.419608 0.5 0 0
4010 0.0913899 0.8125 146.062 0.415686 0.5 0 0
4020 0.0911781 0.9375 147 0.415686 0.5 0 0
4030 0.0911781 0.9375 147 0.415686 0.5 0 0
4040 0.0909534 0.9375 147.938 0.415686 0.5 0 0
4050 0.0909534 0.9375 147.938 0.415686 0.5 0 0
4060 0.0908763 0.9375 148.875 0.415686 0.5 0 0
4070 0.0908763 0.9375 148.875 0.415686 0.5 0 0
4080 0.0908514 0.875 149.75 0.411765 0.5 0 0
4090 0.0908514 0.875 149.75 0.411765 0.5 0 0
4100 0.0908488 0.875 150.625 0.415686 0.5 0 0
4110 0.0908488 0.875 150.625 0.415686 0.5 0 0
4120 0.0908393 0.875 151.5 0.411765 0.5 0 0
4130 0.0908393 0.875 151.5 0.411765 0.5 0 0
4140 0.090834 0.8125 152.312 0.415686 0.5 0 0
4150 0.090834 0.8125 152.312 0.411765 0.5 0 0
4160 0.0907873 0.875 153.188 0.415686 0.5 0 0
4170 0.0907873 0.875 153.188 0.411765 0.5 0 0
4180 0.0907497 0.875 154.062 0.411765 0.5 0 0
4190 0.0907497 0.875 154.062 0.411765 0.5 0 0
4200 0.0907238 0.8125 154.875 0.411765 0.5 0 0
4210 0.0907238 0.8125 154.875 0.411765 0.5 0 0
4220 0.090716 0.8125 155.688 0.411765 0.5 0 0
4230 0.090716 0.8125 155.688 0.411765 0.5 0 0
4240 0.090702 0.8125 156.5 0.411765 0.5 0 0
4250 0.090702 0.8125 156.5 0.411765 0.5 0 0
4260 0.0906926 0.9375 157.438 0.411765 0.5 0 0
4270 0.0906926 0.9375 157.438 0.411765 0.5 0 0
4280 0.0906233 0.9375 158.375 0.411765 0.5 0 0
4290 0.0906233 0.9375 158.375 0.411765 0.5 0 0
4300 0.0905169 0.9375 159.312 0.411765 0.5 0 0
4310 0.0905169 0.9375 159.312 0.411765 0.5 0 0
4320 0.0904234 0.9375 160.25 0.411765 0.5 0 0
4330 0.0904234 0.9375 160.25 0.411765 0.5 0 0
4340 0.0903972 0.9375 161.188 0.411765 0.5 0 0
4350 0.0903972 0.9375 161.188 0.411765 0.5 0 0
4360 0.0903796 0.875 162.062 0.411765 0.5 0 0
4370 0.0903796 0.875 162.062 0.411765 0.5 0 0
4380 0.0903684 0.8125 162.875 0.411765 0.5 0 0
4390 0.0903684 0.8125 162.875 0.411765 0.5 0 0
4400 0.090293 0.8125 163.688 0.411765 0.5 0 0
4410 0.090293 0.8125 163.688 0.411765 0.5 0 0
4420 0.0901801 0.8125 164.5 0.411765 0.5 0 0
4430 0.0901801 0.8125 164.5 0.411765 0.5 0 0
4440 0.0901378 0.8125 165.312 0.411765 0.5 0 0
4450 0.0901378 0.8125 165.312 0.411765 0.5 0 0
4460 0.0901247 0.8125 166.125 0.411765 0.5 0 0
4470 0.0901247 0.8125 166.125 0.411765 0.5 0 0
4480 0.0901181 0.8125 166.938 0.411765 0.5 0 0
4490 0.0901181 0.8125 166.938 0.411765 0.5 0 0
4500 0.090086 0.8125 167.75 0.411765 0.5 0 0
4510 0.090086 0.8125 167.75 0.411765 0.5 0 0
4520 0.0900513 0.8125 168.562 0.411765 0.5 0 0
4530 0.0900513 0.8125 168.562 0.411765 0.5 0 0
4540 0.0899843 0.8125 169.375 0.411765 0.5 0 0
4550 0.0899843 0.8125 169.375 0.411765 0.5 0 0
4560 0.0898632 0.75 170.125 0.411765 0.5 0 0
4570 0.0898632 0.75 170.125 0.411765 0.5 0 0
4580 0.089826 0.75 170.875 0.411765 0.5 0 0
4590 0.089826 0.75 170.875 0.411765 0.5 0 0
4600 0.0897598 0.75 171.625 0.411765 0.5 0 0
4610 0.0897598 0.75 171.625 0.411765 0.5 0 0
4620 0.0897185 0.75 172.375 0.411765 0.5 0 0
4630 0.0897185 0.75 172.375 0.411765 0.5 0 0
4640 0.089713 0.75 173.125 0.411765 0.5 0 0
4650 0.089713 0.75 173.125 0.411765 0.5 0 0
4660 0.0896385 0.75 173.875 0.411765 0.5 0 0
4670 0.0896385 0.75 173.875 0.411765 0.5 0 0
4680 0.0895236 0.875 174.75 0.411765 0.5 0 0
4690 0.0895236 0.875 174.75 0.411765 0.5 0 0
4700 0.0893283 0.8125 175.562 0.411765 0.5 0 0
4710 0.0893283 0.8125 175.562 0.411765 0.5 0 0
4720 0.0888001 0.9375 176.5 0.411765 0.5 0 0
4730 0.0888001 0.9375 176.5 0.415686 0.5 0 0
4740 0.0883486 0.9375 177.438 0.411765 0.5 0 0
4750 0.0883486 0.9375 177.438 0.411765 0.5 0 0
4760 0.0882497 0.9375 178.375 0.415686 0.5 0 0
4770 0.0882497 0.9375 178.375 0.411765 0.5 0 0
4780 0.0882103 0.9375 179.312 0.415686 0.5 0 0
4790 0.0882103 0.9375 179.312 0.411765 0.5 0 0
4800 0.0881521 0.9375 180.25 0.411765 0.5 0 0
4810 0.0881521 0.9375 180.25 0.415686 0.5 0 0
4820 0.0881045 0.9375 181.188 0.415686 0.5 0 0
4830 0.0881045 0.9375 181.188 0.411765 0.5 0 0
4840 0.0883323 0.875 182.062 0.411765 0.5 0 0
4850 0.0883323 0.875 182.062 0.411765 0.5 0 0
4860 0.0884004 0.875 182.938 0.411765 0.5 0 0
4870 0.0884004 0.875 182.938 0.411765 0.5 0 0
4880 0.0883871 0.875 183.812 0.411765 0.5 0 0
4890 0.0883871 0.875 183.812 0.411765 0.5 0 0
4900 0.0883166 0.875 184.688 0.411765 0.5 0 0
4910 0.0883166 0.875 184.688 0.411765 0.5 0 0
4920 0.0883479 0.875 185.562 0.411765 0.5 0 0
4930 0.0883479 0.875 185.562 0.411765 0.5 0 0
4940 0.0883517 0.9375 186.5 0.411765 0.5 0 0
4950 0.0883517 0.9375 186.5 0.411765 0.5 0 0
4960 0.0883542 0.9375 187.438 0.411765 0.5 0 0
4970 0.0883542 0.9375 187.438 0.411765 0.5 0 0
4980 0.0883503 0.9375 188.375 0.411765 0.5 0 0
4990 0.0883503 0.9375 188.375 0.411765 0.5 0 0
5000 0.0883666 0.8125 189.188 0.411765 0.5 0 0
5010 0.0883666 0.8125 189.188 0.411765 0.5 0 0
5020 0.0883459 0.6875 189.875 0.411765 0.5 0 0
5030 0.0883459 0.6875 189.875 0.411765 0.5 0 0
5040 0.0883541 0.75 190.625 0.411765 0.5 0 0
5050 0.0883541 0.75 190.625 0.407843 0.5 0 0
5060 0.0883395 0.75 191.375 0.411765 0.5 0 0
5070 0.0883395 0.75 191.375 0.411765 0.5 0 0
5080 0.0883315 0.75 192.125 0.407843 0.5 0 0
5090 0.0883315 0.75 192.125 0.411765 0.5 0 0
5100 0.0884833 0.8125 192.938 0.407843 0.5 0 0
5110 0.0884833 0.8125 192.938 0.407843 0.5 0 0
5120 0.0884862 0.8125 193.75 0.411765 0.5 0 0
5130 0.0884862 0.8125 193.75 0.407843 0.5 0 0
5140 0.0884815 0.8125 194.562 0.407843 0.5 0 0
5150 0.0884815 0.8125 194.562 0.407843 0.5 0 0
5160 0.0884708 0.9375 195.5 0.407843 0.5 0 0
5170 0.0884708 0.9375 195.5 0.407843 0.5 0 0
5180 0.0885245 0.9375 196.438 0.407843 0.5 0 0
5190 0.0885245 0.9375 196.438 0.407843 0.5 0 0
5200 0.0885732 0.9375 197.375 0.407843 0.5 0 0
5210 0.0885732 0.9375 197.375 0.407843 0.5 0 0
5220 0.0886231 0.9375 198.312 0.407843 0.5 0 0
5230 0.0886231 0.9375 198.312 0.407843 0.5 0 0
5240 0.0886448 0.9375 199.25 0.407843 0.5 0 0
5250 0.0886448 0.9375 199.25 0.407843 0.5 0 0
5260 0.0886454 0.9375 200.188 0.407843 0.5 0 0
5270 0.0886454 0.9375 200.188 0.407843 0.5 0 0
5280 0.0886571 0.875 201.062 0.407843 0.5 0 0
5290 0.0886571 0.875 201.062 0.407843 0.5 0 0
5300 0.0886458 0.875 201.938 0.407843 0.5 0 0
5310 0.0886458 0.875 201.938 0.407843 0.5 0 0
5320 0.0886419 0.875 202.812 0.407843 0.5 0 0
5330 0.0886419 0.875 202.812 0.407843 0.5 0 0
5340 0.0886425 0.875 203.688 0.407843 0.5 0 0
5350 0.0886425 0.875 203.688 0.407843 0.5 0 0
5360 0.0886783 0.8125 204.5 0.407843 0.5 0 0
5370 0.0886783 0.8125 204.5 0.407843 0.5 0 0
5380 0.0876486 0.875 205.375 0.407843 0.5 0 0
5390 0.0876486 0.875 205.375 0.407843 0.5 0 0
5400 0.0872857 0.875 206.25 0.407843 0.5 0 0
5410 0.0872857 0.875 206.25 0.407843 0.5 0 0
5420 0.0870823 0.9375 207.188 0.407843 0.5 0 0
5430 0.0870823 0.9375 207.188 0.407843 0.5 0 0
5440 0.0868244 0.875 208.062 0.407843 0.5 0 0
5450 0.0868244 0.875 208.062 0.407843 0.5 0 0
5460 0.0868154 1 209.062 0.403922 0.5 0 0
5470 0.0868154 1 209.062 0.407843 0.5 0 0
5480 0.0868153 1 210.062 0.407843 0.5 0 0
5490 0.0868153 1 210.062 0.403922 0.5 0 0
5500 0.0868221 1 211.062 0.407843 0.5 0 0
5510 0.0868221 1 211.062 0.407843 0.5 0 0
5520 0.0867972 1 212.062 0.403922 0.5 0 0
5530 0.0867972 1 212.062 0.403922 0.5 0 0
5540 0.0867875 1 213.062 0.403922 0.5 0 0
5550 0.0867875 1 213.062 0.403922 0.5 0 0
5560 0.0867857 0.875 213.938 0.403922 0.5 0 0
5570 0.0867857 0.875 213.938 0.403922 0.5 0 0
5580 0.0867889 0.8125 214.75 0.403922 0.5 0 0
5590 0.0867889 0.8125 214.75 0.403922 0.5 0 0
5600 0.0867837 0.8125 215.562 0.403922 0.5 0 0
5610 0.0867837 0.8125 215.562 0.403922 0.5 0 0
5620 0.0866102 0.8125 216.375 0.403922 0.5 0 0
5630 0.0866102 0.8125 216.375 0.403922 0.5 0 0
5640 0.0866074 0.8125 217.188 0.403922 0.5 0 0
5650 0.0866074 0.8125 217.188 0.403922 0.5 0 0
5660 0.0865818 0.8125 218 0.403922 0.5 0 0
5670 0.0865818 0.8125 218 0.403922 0.5 0 0
5680 0.0865784 0.8125 218.812 0.403922 0.5 0 0
5690 0.0865784 0.8125 218.812 0.403922 0.5 0 0
5700 0.0865519 0.75 219.562 0.403922 0.5 0 0
5710 0.0865519 0.75 219.562 0.403922 0.5 0 0
5720 0.0865109 0.75 220.312 0.403922 0.5 0 0
5730 0.0865109 0.75 220.312 0.403922 0.5 0 0
5740 0.0863796 0.75 221.062 0.403922 0.5 0 0
5750 0.0863796 0.75 221.062 0.403922 0.5 0 0
5760 0.0861709 0.625 221.688 0.403922 0.5 0 0
5770 0.0861709 0.625 221.688 0.403922 0.5 0 0
5780 0.0860368 0.625 222.312 0.403922 0.5 0 0
5790 0.0860368 0.625 222.312 0.403922 0.5 0 0
5800 0.0860392 0.75 223.062 0.403922 0.5 0 0
5810 0.0860392 0.75 223.062 0.403922 0.5 0 0
5820 0.0860392 0.625 223.688 0.403922 0.5 0 0
5830 0.0860392 0.625 223.688 0.403922 0.5 0 0
5840 0.0860392 0.625 224.312 0.403922 0.5 0 0
5850 0.0860392 0.625 224.312 0.403922 0.5 0 0
5860 0.086037 0.625 224.938 0.403922 0.5 0 0
5870 0.086037 0.625 224.938 0.403922 0.5 0 0
5880 0.0860234 0.6875 225.625 0.403922 0.5 0 0
5890 0.0860234 0.6875 225.625 0.403922 0.5 0 0
5900 0.0859468 0.75 226.375 0.403922 0.5 0 0
5910 0.0859468 0.75 226.375 0.403922 0.5 0 0
5920 0.0859607 0.75 227.125 0.403922 0.5 0 0
5930 0.0859607 0.75 227.125 0.403922 0.5 0 0
5940 0.0859687 0.75 227.875 0.403922 0.5 0 0
5950 0.0859687 0.75 227.875 0.403922 0.5 0 0
5960 0.0859738 0.75 228.625 0.403922 0.5 0 0
5970 0.0859738 0.75 228.625 0.403922 0.5 0 0
5980 0.0859742 0.75 229.375 0.4 0.5 0 0
5990 0.0859742 0.75 229.375 0.4 0.5 0 0
6000 0.0859743 0.75 230.125 0.403922 0.5 0 0
6010 0.0859743 0.75 230.125 0.403922 0.5 0 0
6020 0.0858821 0.6875 230.812 0.4 0.5 0 0
6030 0.0858821 0.6875 230.812 0.403922 0.5 0 0
6040 0.0858829 0.6875 231.5 0.403922 0.5 0 0
6050 0.0858829 0.6875 231.5 0.4 0.5 0 0
6060 0.0858828 0.6875 232.188 0.4 0.5 0 0
6070 0.0858828 0.6875 232.188 0.4 0.5 0 0
6080 0.085877 0.6875 232.875 0.4 0.5 0 0
6090 0.085877 0.6875 232.875 0.4 0.5 0 0
6100 0.0858742 0.6875 233.562 0.4 0.5 0 0
6110 0.0858742 0.6875 233.562 0.4 0.5 0 0
6120 0.0858759 0.6875 234.25 0.4 0.5 0 0
6130 0.0858759 0.6875 234.25 0.4 0.5 0 0
6140 0.0858946 0.5625 234.812 0.4 0.5 0 0
6150 0.0858946 0.5625 234.812 0.4 0.5 0 0
6160 0.0859432 0.5625 235.375 0.4 0.5 0 0
6170 0.0859432 0.5625 235.375 0.4 0.5 0 0
6180 0.0860184 0.5625 235.938 0.396078 0.5 0 0
6190 0.0860184 0.5625 235.938 0.396078 0.5 0 0
6200 0.0860558 0.625 236.562 0.396078 0.5 0 0
6210 0.0860558 0.625 236.562 0.396078 0.5 0 0
6220 0.0859658 0.625 237.188 0.4 0.5 0 0
6230 0.0859658 0.625 237.188 0.396078 0.5 0 0
6240 0.0858989 0.625 237.812 0.396078 0.5 0 0
6250 0.0858989 0.625 237.812 0.396078 0.5 0 0
6260 0.0859023 0.6875 238.5 0.396078 0.5 0 0
6270 0.0859023 0.6875 238.5 0.396078 0.5 0 0
6280 0.0859055 0.6875 239.188 0.396078 0.5 0 0
6290 0.0859055 0.6875 239.188 0.396078 0.5 0 0
6300 0.0859097 0.6875 239.875 0.4 0.5 0 0
6310 0.0859097 0.6875 239.875 0.396078 0.5 0 0
6320 0.0859102 0.6875 240.562 0.396078 0.5 0 0
6330 0.0859102 0.6875 240.562 0.396078 0.5 0 0
6340 0.0859133 0.8125 241.375 0.396078 0.5 0 0
6350 0.0859133 0.8125 241.375 0.396078 0.5 0 0
6360 0.0859214 0.6875 242.062 0.396078 0.5 0 0
6370 0.0859214 0.6875 242.062 0.396078 0.5 0 0
6380 0.0859331 0.6875 242.75 0.4 0.5 0 0
6390 0.0859331 0.6875 242.75 0.396078 0.5 0 0
6400 0.0859399 0.6875 243.438 0.396078 0.5 0 0
6410 0.0859399 0.6875 243.438 0.396078 0.5 0 0
6420 0.0859368 0.6875 244.125 0.396078 0.5 0 0
6430 0.0859368 0.6875 244.125 0.396078 0.5 0 0
6440 0.0859564 0.5625 244.688 0.396078 0.5 0 0
6450 0.0859564 0.5625 244.688 0.396078 0.5 0 0
6460 0.0858259 0.75 245.438 0.396078 0.5 0 0
6470 0.0858259 0.75 245.438 0.396078 0.5 0 0
6480 0.0858246 0.75 246.188 0.396078 0.5 0 0
6490 0.0858246 0.75 246.188 0.396078 0.5 0 0
6500 0.0858257 0.75 246.938 0.396078 0.5 0 0
6510 0.0858257 0.75 246.938 0.396078 0.5 0 0
6520 0.0858257 0.875 247.812 0.396078 0.5 0 0
6530 0.0858257 0.875 247.812 0.396078 0.5 0 0
6540 0.0859165 0.8125 248.625 0.396078 0.5 0 0
6550 0.0859165 0.8125 248.625 0.396078 0.5 0 0
6560 0.0860031 0.8125 249.438 0.396078 0.5 0 0
6570 0.0860031 0.8125 249.438 0.396078 0.5 0 0
6580 0.0860037 0.75 250.188 0.396078 0.5 0 0
6590 0.0860037 0.75 250.188 0.396078 0.5 0 0
6600 0.0859794 0.75 250.938 0.396078 0.5 0 0
6610 0.0859794 0.75 250.938 0.4 0.5 0 0
6620 0.0859707 0.75 251.688 0.396078 0.5 0 0
6630 0.0859707 0.75 251.688 0.396078 0.5 0 0
6640 0.0859702 0.75 252.438 0.396078 0.5 0 0
6650 0.0859702 0.75 252.438 0.396078 0.5 0 0
6660 0.0859669 0.6875 253.125 0.396078 0.5 0 0
6670 0.0859669 0.6875 253.125 0.396078 0.5 0 0
6680 0.0859404 0.6875 253.812 0.396078 0.5 0 0
6690 0.0859404 0.6875 253.812 0.396078 0.5 0 0
6700 0.0859371 0.6875 254.5 0.396078 0.5 0 0
6710 0.0859371 0.6875 254.5 0.396078 0.5 0 0
6720 0.0859349 0.75 255.25 0.396078 0.5 0 0
6730 0.0859349 0.75 255.25 0.396078 0.5 0 0
6740 0.085765 0.875 256.125 0.396078 0.5 0 0
6750 0.085765 0.875 256.125 0.396078 0.5 0 0
6760 0.085744 0.75 256.875 0.396078 0.5 0 0
6770 0.085744 0.75 256.875 0.396078 0.5 0 0
6780 0.0857421 0.875 257.75 0.4 0.5 0 0
6790 0.0857421 0.875 257.75 0.396078 0.5 0 0
6800 0.0857382 1 258.75 0.396078 0.5 0 0
6810 0.0857382 1 258.75 0.396078 0.5 0 0
6820 0.0856852 1 259.75 0.396078 0.5 0 0
6830 0.0856852 1 259.75 0.396078 0.5 0 0
6840 0.0856807 1 260.75 0.396078 0.5 0 0
6850 0.0856807 1 260.75 0.396078 0.5 0 0
6860 0.085678 0.875 261.625 0.396078 0.5 0 0
6870 0.085678 0.875 261.625 0.396078 0.5 0 0
6880 0.085678 1 262.625 0.396078 0.5 0 0
6890 0.085678 1 262.625 0.396078 0.5 0 0
6900 0.085677 1 263.625 0.396078 0.5 0 0
6910 0.085677 1 263.625 0.396078 0.5 0 0
6920 0.0856766 1 264.625 0.396078 0.5 0 0
6930 0.0856766 1 264.625 0.396078 0.5 0 0
6940 0.0856738 0.875 265.5 0.4 0.5 0 0
6950 0.0856738 0.875 265.5 0.396078 0.5 0 0
6960 0.0856683 0.8125 266.312 0.396078 0.5 0 0
6970 0.0856683 0.8125 266.312 0.396078 0.5 0 0
6980 0.0856656 0.625 266.938 0.396078 0.5 0 0
6990 0.0856656 0.625 266.938 0.396078 0.5 0 0
7000 0.0856277 0.75 267.688 0.396078 0.5 0 0
7010 0.0856277 0.75 267.688 0.396078 0.5 0 0
7020 0.0856277 0.75 268.438 0.396078 0.5 0 0
7030 0.0856277 0.75 268.438 0.396078 0.5 0 0
7040 0.0856277 0.6875 269.125 0.396078 0.5 0 0
7050 0.0856277 0.6875 269.125 0.396078 0.5 0 0
7060 0.0856277 0.6875 269.812 0.396078 0.5 0 0
7070 0.0856277 0.6875 269.812 0.396078 0.5 0 0
7080 0.0856158 0.6875 270.5 0.396078 0.5 0 0
7090 0.0856158 0.6875 270.5 0.396078 0.5 0 0
7100 0.0855574 0.6875 271.188 0.396078 0.5 0 0
7110 0.0855574 0.6875 271.188 0.396078 0.5 0 0
7120 0.0855242 0.75 271.938 0.396078 0.5 0 0
7130 0.0855242 0.75 271.938 0.396078 0.5 0 0
7140 0.0855128 0.75 272.688 0.396078 0.5 0 0
7150 0.0855128 0.75 272.688 0.396078 0.5 0 0
7160 0.0855119 0.75 273.438 0.396078 0.5 0 0
7170 0.0855119 0.75 273.438 0.396078 0.5 0 0
7180 0.0855103 0.75 274.188 0.396078 0.5 0 0
7190 0.0855103 0.75 274.188 0.396078 0.5 0 0
7200 0.0854806 0.75 274.938 0.396078 0.5 0 0
7210 0.0854806 0.75 274.938 0.396078 0.5 0 0
7220 0.0854724 0.75 275.688 0.396078 0.5 0 0
7230 0.0854724 0.75 275.688 0.396078 0.5 0 0
7240 0.0854391 0.75 276.438 0.396078 0.5 0 0
7250 0.0854391 0.75 276.438 0.396078 0.5 0 0
7260 0.0854288 0.75 277.188 0.396078 0.5 0 0
7270 0.0854288 0.75 277.188 0.396078 0.5 0 0
7280 0.085428 0.8125 278 0.396078 0.5 0 0
7290 0.085428 0.8125 278 0.396078 0.5 0 0
7300 0.0854275 0.8125 278.812 0.396078 0.5 0 0
7310 0.0854275 0.8125 278.812 0.396078 0.5 0 0
7320 0.0854275 0.8125 279.625 0.396078 0.5 0 0
7330 0.0854275 0.8125 279.625 0.396078 0.5 0 0
7340 0.0854253 0.8125 280.438 0.396078 0.5 0 0
7350 0.0854253 0.8125 280.438 0.396078 0.5 0 0
7360 0.0854173 0.75 281.188 0.396078 0.5 0 0
7370 0.0854173 0.75 281.188 0.396078 0.5 0 0
7380 0.0854101 0.5625 281.75 0.396078 0.5 0 0
7390 0.0854101 0.5625 281.75 0.396078 0.5 0 0
7400 0.0854094 0.5625 282.312 0.396078 0.5 0 0
7410 0.0854094 0.5625 282.312 0.396078 0.5 0 0
7420 0.0853843 0.75 283.062 0.396078 0.5 0 0
7430 0.0853843 0.75 283.062 0.396078 0.5 0 0
7440 0.0852552 0.75 283.812 0.396078 0.5 0 0
7450 0.0852552 0.75 283.812 0.396078 0.5 0 0
7460 0.0852512 0.75 284.562 0.396078 0.5 0 0
7470 0.0852512 0.75 284.562 0.396078 0.5 0 0
7480 0.0852437 0.75 285.312 0.396078 0.5 0 0
7490 0.0852437 0.75 285.312 0.396078 0.5 0 0
7500 0.0852431 0.75 286.062 0.396078 0.5 0 0
7510 0.0852431 0.75 286.062 0.396078 0.5 0 0
7520 0.0852431 0.75 286.812 0.396078 0.5 0 0
7530 0.0852431 0.75 286.812 0.396078 0.5 0 0
7540 0.0852427 0.6875 287.5 0.396078 0.5 0 0
7550 0.0852427 0.6875 287.5 0.396078 0.5 0 0
7560 0.085618 0.75 288.25 0.396078 0.5 0 0
7570 0.085618 0.75 288.25 0.4 0.5 0 0
7580 0.0861573 0.75 289 0.396078 0.5 0 0
7590 0.0861573 0.75 289 0.396078 0.5 0 0
7600 0.0873256 0.625 289.625 0.392157 0.5 0 0
7610 0.0873256 0.625 289.625 0.392157 0.5 0 0
7620 0.0885706 0.625 290.25 0.396078 0.5 0 0
7630 0.0885706 0.625 290.25 0.396078 0.5 0 0
7640 0.0888604 0.625 290.875 0.396078 0.5 0 0
7650 0.0888604 0.625 290.875 0.396078 0.5 0 0
7660 0.0888492 0.75 291.625 0.396078 0.5 0 0
7670 0.0888492 0.75 291.625 0.396078 0.5 0 0
7680 0.0887848 0.75 292.375 0.396078 0.5 0 0
7690 0.0887848 0.75 292.375 0.396078 0.5 0 0
7700 0.0887203 0.6875 293.062 0.396078 0.5 0 0
7710 0.0887203 0.6875 293.062 0.396078 0.5 0 0
7720 0.0887195 0.6875 293.75 0.396078 0.5 0 0
7730 0.0887195 0.6875 293.75 0.396078 0.5 0 0
7740 0.088374 0.8125 294.562 0.396078 0.5 0 0
7750 0.088374 0.8125 294.562 0.396078 0.5 0 0
7760 0.0881511 0.6875 295.25 0.396078 0.5 0 0
7770 0.0881511 0.6875 295.25 0.396078 0.5 0 0
7780 0.0881511 0.6875 295.938 0.396078 0.5 0 0
7790 0.0881511 0.6875 295.938 0.396078 0.5 0 0
7800 0.0881468 0.625 296.562 0.396078 0.5 0 0
7810 0.0881468 0.625 296.562 0.396078 0.5 0 0
7820 0.0881349 0.625 297.188 0.396078 0.5 0 0
7830 0.0881349 0.625 297.188 0.396078 0.5 0 0
7840 0.0881267 0.625 297.812 0.396078 0.5 0 0
7850 0.0881267 0.625 297.812 0.396078 0.5 0 0
7860 0.0880689 0.625 298.438 0.396078 0.5 0 0
7870 0.0880689 0.625 298.438 0.396078 0.5 0 0
7880 0.0877047 0.6875 299.125 0.396078 0.5 0 0
7890 0.0877047 0.6875 299.125 0.396078 0.5 0 0
7900 0.0877012 0.6875 299.812 0.396078 0.5 0 0
7910 0.0877012 0.6875 299.812 0.396078 0.5 0 0
7920 0.0876942 0.6875 300.5 0.396078 0.5 0 0
7930 0.0876942 0.6875 300.5 0.396078 0.5 0 0
7940 0.0876933 0.6875 301.188 0.396078 0.5 0 0
7950 0.0876933 0.6875 301.188 0.396078 0.5 0 0
7960 0.0876947 0.6875 301.875 0.396078 0.5 0 0
7970 0.0876947 0.6875 301.875 0.396078 0.5 0 0
7980 0.087701 0.6875 302.562 0.396078 0.5 0 0
7990 0.087701 0.6875 302.562 0.396078 0.5 0 0
8000 0.0877054 0.5625 303.125 0.396078 0.5 0 0
8010 0.0877054 0.5625 303.125 0.396078 0.5 0 0
8020 0.0877062 0.5 303.625 0.396078 0.5 0 0
8030 0.0877062 0.5 303.625 0.396078 0.5 0 0
8040 0.0876545 0.375 304 0.396078 0.5 0 0
8050 0.0876545 0.375 304 0.396078 0.5 0 0
8060 0.0876158 0.5 304.5 0.396078 0.5 0 0
8070 0.0876158 0.5 304.5 0.396078 0.5 0 0
8080 0.0875986 0.5 305 0.396078 0.5 0 0
8090 0.0875986 0.5 305 0.396078 0.5 0 0
8100 0.087561 0.5625 305.562 0.396078 0.5 0 0
8110 0.087561 0.5625 305.562 0.396078 0.5 0 0
8120 0.0870893 0.5625 306.125 0.392157 0.5 0 0
8130 0.0870893 0.5625 306.125 0.392157 0.5 0 0
8140 0.0865133 0.625 306.75 0.392157 0.5 0 0
8150 0.0865133 0.625 306.75 0.392157 0.5 0 0
8160 0.0864597 0.625 307.375 0.388235 0.5 0 0
8170 0.0864597 0.625 307.375 0.392157 0.5 0 0
8180 0.0864726 0.625 308 0.392157 0.5 0 0
8190 0.0864726 0.625 308 0.392157 0.5 0 0
8200 0.0864843 0.625 308.625 0.388235 0.5 0 0
8210 0.0864843 0.625 308.625 0.392157 0.5 0 0
8220 0.0864822 0.5625 309.188 0.392157 0.5 0 0
8230 0.0864822 0.5625 309.188 0.392157 0.5 0 0
8240 0.0875817 0.5625 309.75 0.392157 0.5 0 0
8250 0.0875817 0.5625 309.75 0.392157 0.5 0 0
8260 0.0888276 0.4375 310.188 0.392157 0.5 0 0
8270 0.0888276 0.4375 310.188 0.392157 0.5 0 0
8280 0.0894504 0.5 310.688 0.392157 0.5 0 0
8290 0.0894504 0.5 310.688 0.392157 0.5 0 0
8300 0.0895309 0.5 311.188 0.392157 0.5 0 0
8310 0.0895309 0.5 311.188 0.388235 0.5 0 0
8320 0.0890979 0.375 311.562 0.388235 0.5 0 0
8330 0.0890979 0.375 311.562 0.388235 0.5 0 0
8340 0.089865 0.375 311.938 0.388235 0.5 0 0
8350 0.089865 0.375 311.938 0.388235 0.5 0 0
8360 0.0909657 0.375 312.312 0.384314 0.5 0 0
8370 0.0909657 0.375 312.312 0.388235 0.5 0 0
8380 0.0910194 0.4375 312.75 0.384314 0.5 0 0
8390 0.0910194 0.4375 312.75 0.384314 0.5 0 0
8400 0.0906469 0.4375 313.188 0.384314 0.5 0 0
8410 0.0906469 0.4375 313.188 0.384314 0.5 0 0
8420 0.0887105 0.4375 313.625 0.384314 0.5 0 0
8430 0.0887105 0.4375 313.625 0.380392 0.5 0 0
8440 0.0883217 0.4375 314.062 0.384314 0.5 0 0
8450 0.0883217 0.4375 314.062 0.380392 0.5 0 0
8460 0.0897083 0.5 314.562 0.380392 0.5 0 0
8470 0.0897083 0.5 314.562 0.380392 0.5 0 0
8480 0.0904759 0.5 315.062 0.380392 0.5 0 0
8490 0.0904759 0.5 315.062 0.380392 0.5 0 0
8500 0.0909524 0.5 315.562 0.376471 0.5 0 0
8510 0.0909524 0.5 315.562 0.376471 0.5 0 0
8520 0.0904055 0.375 315.938 0.376471 0.5 0 0
8530 0.0904055 0.375 315.938 0.376471 0.5 0 0
8540 0.089927 0.5 316.438 0.372549 0.5 0 0
8550 0.089927 0.5 316.438 0.372549 0.5 0 0
8560 0.0893006 0.5 316.938 0.372549 0.5 0 0
8570 0.0893006 0.5 316.938 0.368627 0.5 0 0
8580 0.088847 0.5 317.438 0.368627 0.5 0 0
8590 0.088847 0.5 317.438 0.368627 0.5 0 0
8600 0.0891624 0.5 317.938 0.368627 0.5 0 0
8610 0.0891624 0.5 317.938 0.368627 0.5 0 0
8620 0.0885747 0.5625 318.5 0.368627 0.5 0 0
8630 0.0885747 0.5625 318.5 0.368627 0.5 0 0
8640 0.0873315 0.5625 319.062 0.368627 0.5 0 0
8650 0.0873315 0.5625 319.062 0.368627 0.5 0 0
8660 0.0867422 0.5625 319.625 0.368627 0.5 0 0
8670 0.0867422 0.5625 319.625 0.368627 0.5 0 0
8680 0.08652 0.5625 320.188 0.368627 0.5 0 0
8690 0.08652 0.5625 320.188 0.368627 0.5 0 0
8700 0.0864976 0.5625 320.75 0.368627 0.5 0 0
8710 0.0864976 0.5625 320.75 0.368627 0.5 0 0
8720 0.0869372 0.5625 321.312 0.368627 0.5 0 0
8730 0.0869372 0.5625 321.312 0.364706 0.5 0 0
8740 0.0874344 0.5625 321.875 0.364706 0.5 0 0
8750 0.0874344 0.5625 321.875 0.364706 0.5 0 0
8760 0.0877384 0.5625 322.438 0.364706 0.5 0 0
8770 0.0877384 0.5625 322.438 0.364706 0.5 0 0
8780 0.0873758 0.625 323.062 0.364706 0.5 0 0
8790 0.0873758 0.625 323.062 0.364706 0.5 0 0
8800 0.0872824 0.5625 323.625 0.364706 0.5 0 0
8810 0.0872824 0.5625 323.625 0.364706 0.5 0 0
8820 0.0868437 0.5625 324.188 0.364706 0.5 0 0
8830 0.0868437 0.5625 324.188 0.364706 0.5 0 0
8840 0.0862403 0.625 324.812 0.364706 0.5 0 0
8850 0.0862403 0.625 324.812 0.364706 0.5 0 0
8860 0.0858514 0.625 325.438 0.364706 0.5 0 0
8870 0.0858514 0.625 325.438 0.360784 0.5 0 0
8880 0.0856424 0.625 326.062 0.364706 0.5 0 0
8890 0.0856424 0.625 326.062 0.364706 0.5 0 0
8900 0.085161 0.625 326.688 0.364706 0.5 0 0
8910 0.085161 0.625 326.688 0.364706 0.5 0 0
8920 0.0844118 0.625 327.312 0.364706 0.5 0 0
8930 0.0844118 0.625 327.312 0.364706 0.5 0 0
8940 0.0843214 0.625 327.938 0.364706 0.5 0 0
8950 0.0843214 0.625 327.938 0.364706 0.5 0 0
8960 0.0843212 0.75 328.688 0.364706 0.5 0 0
8970 0.0843212 0.75 328.688 0.360784 0.5 0 0
8980 0.0843212 0.75 329.438 0.364706 0.5 0 0
8990 0.0843212 0.75 329.438 0.364706 0.5 0 0
9000 0.0843212 0.875 330.312 0.360784 0.5 0 0
9010 0.0843212 0.875 330.312 0.364706 0.5 0 0
9020 0.0843095 0.875 331.188 0.364706 0.5 0 0
9030 0.0843095 0.875 331.188 0.360784 0.5 0 0
9040 0.0842975 0.9375 332.125 0.360784 0.5 0 0
9050 0.0842975 0.9375 332.125 0.364706 0.5 0 0
9060 0.0842849 0.9375 333.062 0.364706 0.5 0 0
9070 0.0842849 0.9375 333.062 0.364706 0.5 0 0
9080 0.0842827 0.9375 334 0.360784 0.5 0 0
9090 0.0842827 0.9375 334 0.364706 0.5 0 0
9100 0.0842827 0.9375 334.938 0.364706 0.5 0 0
9110 0.0842827 0.9375 334.938 0.364706 0.5 0 0
9120 0.0842827 0.875 335.812 0.364706 0.5 0 0
9130 0.0842827 0.875 335.812 0.364706 0.5 0 0
9140 0.0842772 0.875 336.688 0.364706 0.5 0 0
9150 0.0842772 0.875 336.688 0.360784 0.5 0 0
9160 0.0842366 0.6875 337.375 0.364706 0.5 0 0
9170 0.0842366 0.6875 337.375 0.360784 0.5 0 0
9180 0.0842237 0.8125 338.188 0.364706 0.5 0 0
9190 0.0842237 0.8125 338.188 0.360784 0.5 0 0
9200 0.0842236 0.875 339.062 0.364706 0.5 0 0
9210 0.0842236 0.875 339.062 0.364706 0.5 0 0
9220 0.0842236 0.875 339.938 0.364706 0.5 0 0
9230 0.0842236 0.875 339.938 0.364706 0.5 0 0
9240 0.0842236 0.875 340.812 0.364706 0.5 0 0
9250 0.0842236 0.875 340.812 0.364706 0.5 0 0
9260 0.0842165 0.8125 341.625 0.364706 0.5 0 0
9270 0.0842165 0.8125 341.625 0.360784 0.5 0 0
9280 0.0842105 0.8125 342.438 0.360784 0.5 0 0
9290 0.0842105 0.8125 342.438 0.364706 0.5 0 0
9300 0.0842053 0.9375 343.375 0.364706 0.5 0 0
9310 0.0842053 0.9375 343.375 0.360784 0.5 0 0
9320 0.0842017 0.8125 344.188 0.360784 0.5 0 0
9330 0.0842017 0.8125 344.188 0.364706 0.5 0 0
9340 0.0842017 0.8125 345 0.360784 0.5 0 0
9350 0.0842017 0.8125 345 0.364706 0.5 0 0
9360 0.0842008 0.875 345.875 0.364706 0.5 0 0
9370 0.0842008 0.875 345.875 0.364706 0.5 0 0
9380 0.0841888 0.875 346.75 0.364706 0.5 0 0
9390 0.0841888 0.875 346.75 0.364706 0.5 0 0
9400 0.084177 0.875 347.625 0.364706 0.5 0 0
9410 0.084177 0.875 347.625 0.364706 0.5 0 0
9420 0.0841767 0.8125 348.438 0.364706 0.5 0 0
9430 0.0841767 0.8125 348.438 0.364706 0.5 0 0
9440 0.084172 0.9375 349.375 0.364706 0.5 0 0
9450 0.084172 0.9375 349.375 0.364706 0.5 0 0
9460 0.084172 0.875 350.25 0.364706 0.5 0 0
9470 0.084172 0.875 350.25 0.364706 0.5 0 0
9480 0.084167 1 351.25 0.364706 0.5 0 0
9490 0.084167 1 351.25 0.364706 0.5 0 0
9500 0.0841519 1 352.25 0.364706 0.5 0 0
9510 0.0841519 1 352.25 0.364706 0.5 0 0
9520 0.0841337 1 353.25 0.360784 0.5 0 0
9530 0.0841337 1 353.25 0.364706 0.5 0 0
9540 0.0841316 1 354.25 0.360784 0.5 0 0
9550 0.0841316 1 354.25 0.364706 0.5 0 0
9560 0.0841316 1 355.25 0.364706 0.5 0 0
9570 0.0841316 1 355.25 0.364706 0.5 0 0
9580 0.0841316 1 356.25 0.364706 0.5 0 0
9590 0.0841316 1 356.25 0.364706 0.5 0 0
9600 0.0841277 0.8125 357.062 0.364706 0.5 0 0
9610 0.0841277 0.8125 357.062 0.364706 0.5 0 0
9620 0.0841189 0.75 357.812 0.364706 0.5 0 0
9630 0.0841189 0.75 357.812 0.364706 0.5 0 0
9640 0.0840931 0.625 358.438 0.360784 0.5 0 0
9650 0.0840931 0.625 358.438 0.364706 0.5 0 0
9660 0.0840443 0.75 359.188 0.364706 0.5 0 0
9670 0.0840443 0.75 359.188 0.364706 0.5 0 0
9680 0.0840427 0.875 360.062 0.364706 0.5 0 0
9690 0.0840427 0.875 360.062 0.364706 0.5 0 0
9700 0.0840377 0.9375 361 0.364706 0.5 0 0
9710 0.0840377 0.9375 361 0.364706 0.5 0 0
9720 0.0840309 0.9375 361.938 0.360784 0.5 0 0
9730 0.0840309 0.9375 361.938 0.364706 0.5 0 0
9740 0.0840274 0.9375 362.875 0.364706 0.5 0 0
9750 0.0840274 0.9375 362.875 0.364706 0.5 0 0
9760 0.0840235 0.9375 363.812 0.364706 0.5 0 0
9770 0.0840235 0.9375 363.812 0.364706 0.5 0 0
9780 0.0840209 0.9375 364.75 0.360784 0.5 0 0
9790 0.0840209 0.9375 364.75 0.364706 0.5 0 0
9800 0.084015 0.9375 365.688 0.364706 0.5 0 0
9810 0.084015 0.9375 365.688 0.360784 0.5 0 0
9820 0.0840133 0.9375 366.625 0.364706 0.5 0 0
9830 0.0840133 0.9375 366.625 0.364706 0.5 0 0
9840 0.0840081 1 367.625 0.364706 0.5 0 0
9850 0.0840081 1 367.625 0.364706 0.5 0 0
9860 0.0840064 1 368.625 0.364706 0.5 0 0
9870 0.0840064 1 368.625 0.364706 0.5 0 0
9880 0.0840018 1 369.625 0.364706 0.5 0 0
9890 0.0840018 1 369.625 0.364706 0.5 0 0
9900 0.0839971 0.875 370.5 0.360784 0.5 0 0
9910 0.0839971 0.875 370.5 0.364706 0.5 0 0
9920 0.0839915 0.9375 371.438 0.364706 0.5 0 0
9930 0.0839915 0.9375 371.438 0.360784 0.5 0 0
9940 0.0839852 0.9375 372.375 0.364706 0.5 0 0
9950 0.0839852 0.9375 372.375 0.364706 0.5 0 0
9960 0.0839778 0.9375 373.312 0.364706 0.5 0 0
9970 0.0839778 0.9375 373.312 0.360784 0.5 0 0
9980 0.0839767 0.9375 374.25 0.364706 0.5 0 0
9990 0.0839767 0.9375 374.25 0.360784 0.5 0 0
10000 0.0839767 0.9375 375.188 0.360784 0.5 0 0
10010 0.0839767 0.9375 375.188 0.364706 0.5 0 0
10020 0.0839719 0.9375 376.125 0.364706 0.5 0 0
10030 0.0839719 0.9375 376.125 0.364706 0.5 0 0
10040 0.0839668 0.875 377 0.364706 0.5 0 0
10050 0.0839668 0.875 377 0.364706 0.5 0 0
10060 0.0839579 0.875 377.875 0.364706 0.5 0 0
10070 0.0839579 0.875 377.875 0.364706 0.5 0 0
10080 0.0839522 0.875 378.75 0.364706 0.5 0 0
10090 0.0839522 0.875 378.75 0.360784 0.5 0 0
10100 0.0839485 0.875 379.625 0.364706 0.5 0 0
10110 0.0839485 0.875 379.625 0.364706 0.5 0 0
10120 0.0839474 0.875 380.5 0.360784 0.5 0 0
10130 0.0839474 0.875 380.5 0.360784 0.5 0 0
10140 0.0839438 0.875 381.375 0.364706 0.5 0 0
10150 0.0839438 0.875 381.375 0.364706 0.5 0 0
10160 0.0839356 0.875 382.25 0.364706 0.5 0 0
10170 0.0839356 0.875 382.25 0.364706 0.5 0 0
10180 0.0839238 0.9375 383.188 0.364706 0.5 0 0
10190 0.0839238 0.9375 383.188 0.364706 0.5 0 0
10200 0.0839229 0.9375 384.125 0.364706 0.5 0 0
10210 0.0839229 0.9375 384.125 0.364706 0.5 0 0
10220 0.0839176 0.9375 385.062 0.360784 0.5 0 0
10230 0.0839176 0.9375 385.062 0.364706 0.5 0 0
10240 0.083916 0.9375 386 0.364706 0.5 0 0
10250 0.083916 0.9375 386 0.364706 0.5 0 0
10260 0.0839101 0.875 386.875 0.364706 0.5 0 0
10270 0.0839101 0.875 386.875 0.364706 0.5 0 0
10280 0.0838841 0.8125 387.688 0.364706 0.5 0 0
10290 0.0838841 0.8125 387.688 0.364706 0.5 0 0
10300 0.0838521 0.9375 388.625 0.364706 0.5 0 0
10310 0.0838521 0.9375 388.625 0.364706 0.5 0 0
10320 0.0838521 0.9375 389.562 0.364706 0.5 0 0
10330 0.0838521 0.9375 389.562 0.364706 0.5 0 0
10340 0.0838442 0.9375 390.5 0.360784 0.5 0 0
10350 0.0838442 0.9375 390.5 0.364706 0.5 0 0
10360 0.0838414 1 391.5 0.364706 0.5 0 0
10370 0.0838414 1 391.5 0.364706 0.5 0 0
10380 0.083841 1 392.5 0.364706 0.5 0 0
10390 0.083841 1 392.5 0.364706 0.5 0 0
10400 0.0838371 1 393.5 0.364706 0.5 0 0
10410 0.0838371 1 393.5 0.364706 0.5 0 0
10420 0.083762 0.875 394.375 0.364706 0.5 0 0
10430 0.083762 0.875 394.375 0.364706 0.5 0 0
10440 0.0837422 0.875 395.25 0.364706 0.5 0 0
10450 0.0837422 0.875 395.25 0.364706 0.5 0 0
10460 0.0837422 0.9375 396.188 0.364706 0.5 0 0
10470 0.0837422 0.9375 396.188 0.364706 0.5 0 0
10480 0.0837422 0.9375 397.125 0.364706 0.5 0 0
10490 0.0837422 0.9375 397.125 0.360784 0.5 0 0
10500 0.0837422 1 398.125 0.364706 0.5 0 0
10510 0.0837422 1 398.125 0.364706 0.5 0 0
10520 0.0837422 1 399.125 0.364706 0.5 0 0
10530 0.0837422 1 399.125 0.360784 0.5 0 0
10540 0.0837422 0.9375 400.062 0.364706 0.5 0 0
10550 0.0837422 0.9375 400.062 0.364706 0.5 0 0
10560 0.0837422 0.9375 401 0.364706 0.5 0 0
10570 0.0837422 0.9375 401 0.360784 0.5 0 0
10580 0.0837422 0.9375 401.938 0.364706 0.5 0 0
10590 0.0837422 0.9375 401.938 0.364706 0.5 0 0
10600 0.0837422 1 402.938 0.364706 0.5 0 0
10610 0.0837422 1 402.938 0.364706 0.5 0 0
10620 0.0837422 0.9375 403.875 0.364706 0.5 0 0
10630 0.0837422 0.9375 403.875 0.364706 0.5 0 0
10640 0.0837422 1 404.875 0.364706 0.5 0 0
10650 0.0837422 1 404.875 0.364706 0.5 0 0
10660 0.0837422 1 405.875 0.364706 0.5 0 0
10670 0.0837422 1 405.875 0.364706 0.5 0 0
10680 0.0837422 1 406.875 0.364706 0.5 0 0
10690 0.0837422 1 406.875 0.364706 0.5 0 0
10700 0.0837422 1 407.875 0.364706 0.5 0 0
10710 0.0837422 1 407.875 0.364706 0.5 0 0
10720 0.0837408 0.875 408.75 0.364706 0.5 0 0
10730 0.0837408 0.875 408.75 0.364706 0.5 0 0
10740 0.0837362 0.875 409.625 0.360784 0.5 0 0
10750 0.0837362 0.875 409.625 0.364706 0.5 0 0
10760 0.0837323 0.875 410.5 0.364706 0.5 0 0
10770 0.0837323 0.875 410.5 0.364706 0.5 0 0
10780 0.0837323 0.875 411.375 0.360784 0.5 0 0
10790 0.0837323 0.875 411.375 0.360784 0.5 0 0
10800 0.0837323 0.875 412.25 0.364706 0.5 0 0
10810 0.0837323 0.875 412.25 0.364706 0.5 0 0
10820 0.0837303 0.875 413.125 0.364706 0.5 0 0
10830 0.0837303 0.875 413.125 0.364706 0.5 0 0
10840 0.0837266 1 414.125 0.364706 0.5 0 0
10850 0.0837266 1 414.125 0.360784 0.5 0 0
10860 0.0837231 1 415.125 0.360784 0.5 0 0
10870 0.0837231 1 415.125 0.360784 0.5 0 0
10880 0.0837157 0.9375 416.062 0.364706 0.5 0 0
10890 0.0837157 0.9375 416.062 0.364706 0.5 0 0
10900 0.0837155 0.9375 417 0.364706 0.5 0 0
10910 0.0837155 0.9375 417 0.360784 0.5 0 0
10920 0.0837155 0.875 417.875 0.364706 0.5 0 0
10930 0.0837155 0.875 417.875 0.364706 0.5 0 0
10940 0.0837155 0.875 418.75 0.364706 0.5 0 0
10950 0.0837155 0.875 418.75 0.364706 0.5 0 0
10960 0.0837155 0.8125 419.562 0.364706 0.5 0 0
10970 0.0837155 0.8125 419.562 0.364706 0.5 0 0
10980 0.0837085 0.9375 420.5 0.364706 0.5 0 0
10990 0.0837085 0.9375 420.5 0.364706 0.5 0 0
11000 0.0837042 1 421.5 0.364706 0.5 0 0
11010 0.0837042 1 421.5 0.364706 0.5 0 0
11020 0.0837042 1 422.5 0.364706 0.5 0 0
11030 0.0837042 1 422.5 0.364706 0.5 0 0
11040 0.0837042 1 423.5 0.364706 0.5 0 0
11050 0.0837042 1 423.5 0.364706 0.5 0 0
11060 0.0837042 1 424.5 0.364706 0.5 0 0
11070 0.0837042 1 424.5 0.364706 0.5 0 0
11080 0.0837034 1 425.5 0.364706 0.5 0 0
11090 0.0837034 1 425.5 0.364706 0.5 0 0
11100 0.0836954 0.9375 426.438 0.360784 0.5 0 0
11110 0.0836954 0.9375 426.438 0.364706 0.5 0 0
11120 0.0836886 1 427.438 0.364706 0.5 0 0
11130 0.0836886 1 427.438 0.364706 0.5 0 0
11140 0.0836883 1 428.438 0.364706 0.5 0 0
11150 0.0836883 1 428.438 0.364706 0.5 0 0
11160 0.0836883 1 429.438 0.364706 0.5 0 0
11170 0.0836883 1 429.438 0.360784 0.5 0 0
11180 0.0836883 1 430.438 0.364706 0.5 0 0
11190 0.0836883 1 430.438 0.364706 0.5 0 0
11200 0.0836883 0.9375 431.375 0.364706 0.5 0 0
11210 0.0836883 0.9375 431.375 0.360784 0.5 0 0
11220 0.0836509 0.875 432.25 0.364706 0.5 0 0
11230 0.0836509 0.875 432.25 0.364706 0.5 0 0
11240 0.0836509 0.875 433.125 0.364706 0.5 0 0
11250 0.0836509 0.875 433.125 0.364706 0.5 0 0
11260 0.0836509 0.8125 433.938 0.364706 0.5 0 0
11270 0.0836509 0.8125 433.938 0.364706 0.5 0 0
11280 0.0836509 0.875 434.812 0.360784 0.5 0 0
11290 0.0836509 0.875 434.812 0.364706 0.5 0 0
11300 0.0836509 0.875 435.688 0.364706 0.5 0 0
11310 0.0836509 0.875 435.688 0.364706 0.5 0 0
11320 0.0836509 0.875 436.562 0.364706 0.5 0 0
11330 0.0836509 0.875 436.562 0.364706 0.5 0 0
11340 0.0836509 0.875 437.438 0.364706 0.5 0 0
11350 0.0836509 0.875 437.438 0.364706 0.5 0 0
11360 0.0836509 0.875 438.312 0.364706 0.5 0 0
11370 0.0836509 0.875 438.312 0.364706 0.5 0 0
11380 0.0836509 0.875 439.188 0.364706 0.5 0 0
11390 0.0836509 0.875 439.188 0.364706 0.5 0 0
11400 0.0836509 0.875 440.062 0.364706 0.5 0 0
11410 0.0836509 0.875 440.062 0.364706 0.5 0 0
11420 0.0836509 0.875 440.938 0.360784 0.5 0 0
11430 0.0836509 0.875 440.938 0.364706 0.5 0 0
11440 0.0836509 0.875 441.812 0.364706 0.5 0 0
11450 0.0836509 0.875 441.812 0.364706 0.5 0 0
11460 0.0836509 0.875 442.688 0.360784 0.5 0 0
11470 0.0836509 0.875 442.688 0.364706 0.5 0 0
11480 0.0836509 0.875 443.562 0.364706 0.5 0 0
11490 0.0836509 0.875 443.562 0.360784 0.5 0 0
11500 0.0836509 0.875 444.438 0.364706 0.5 0 0
11510 0.0836509 0.875 444.438 0.364706 0.5 0 0
11520 0.0836509 0.875 445.312 0.364706 0.5 0 0
11530 0.0836509 0.875 445.312 0.364706 0.5 0 0
11540 0.0836509 0.875 446.188 0.364706 0.5 0 0
11550 0.0836509 0.875 446.188 0.364706 0.5 0 0
11560 0.0836509 0.875 447.062 0.364706 0.5 0 0
11570 0.0836509 0.875 447.062 0.364706 0.5 0 0
11580 0.0836509 0.875 447.938 0.364706 0.5 0 0
11590 0.0836509 0.875 447.938 0.364706 0.5 0 0
11600 0.0836509 0.875 448.812 0.364706 0.5 0 0
11610 0.0836509 0.875 448.812 0.364706 0.5 0 0
11620 0.0836509 0.75 449.562 0.360784 0.5 0 0
11630 0.0836509 0.75 449.562 0.364706 0.5 0 0
11640 0.0836509 0.75 450.312 0.364706 0.5 0 0
11650 0.0836509 0.75 450.312 0.364706 0.5 0 0
11660 0.0836509 0.875 451.188 0.364706 0.5 0 0
11670 0.0836509 0.875 451.188 0.364706 0.5 0 0
11680 0.0836509 0.9375 452.125 0.364706 0.5 0 0
11690 0.0836509 0.9375 452.125 0.364706 0.5 0 0
11700 0.0836509 0.9375 453.062 0.364706 0.5 0 0
11710 0.0836509 0.9375 453.062 0.360784 0.5 0 0
11720 0.0836509 0.875 453.938 0.364706 0.5 0 0
11730 0.0836509 0.875 453.938 0.364706 0.5 0 0
11740 0.0836509 0.875 454.812 0.364706 0.5 0 0
11750 0.0836509 0.875 454.812 0.364706 0.5 0 0
11760 0.0836509 0.875 455.688 0.360784 0.5 0 0
11770 0.0836509 0.875 455.688 0.364706 0.5 0 0
11780 0.0836428 0.875 456.562 0.364706 0.5 0 0
11790 0.0836428 0.875 456.562 0.360784 0.5 0 0
11800 0.083642 0.9375 457.5 0.360784 0.5 0 0
11810 0.083642 0.9375 457.5 0.360784 0.5 0 0
11820 0.083642 0.9375 458.438 0.360784 0.5 0 0
11830 0.083642 0.9375 458.438 0.360784 0.5 0 0
11840 0.083642 0.9375 459.375 0.364706 0.5 0 0
11850 0.083642 0.9375 459.375 0.364706 0.5 0 0
11860 0.083642 0.9375 460.312 0.364706 0.5 0 0
11870 0.083642 0.9375 460.312 0.364706 0.5 0 0
11880 0.083642 0.8125 461.125 0.364706 0.5 0 0
11890 0.083642 0.8125 461.125 0.364706 0.5 0 0
11900 0.083642 0.875 462 0.360784 0.5 0 0
11910 0.083642 0.875 462 0.364706 0.5 0 0
11920 0.083642 0.875 462.875 0.364706 0.5 0 0
11930 0.083642 0.875 462.875 0.360784 0.5 0 0
11940 0.083642 0.875 463.75 0.364706 0.5 0 0
11950 0.083642 0.875 463.75 0.364706 0.5 0 0
11960 0.083642 0.9375 464.688 0.364706 0.5 0 0
11970 0.083642 0.9375 464.688 0.364706 0.5 0 0
11980 0.083642 0.875 465.562 0.364706 0.5 0 0
11990 0.083642 0.875 465.562 0.364706 0.5 0 0
12000 0.083628 0.75 466.312 0.364706 0.5 0 0
12010 0.083628 0.75 466.312 0.364706 0.5 0 0
12020 0.0836211 0.8125 467.125 0.364706 0.5 0 0
12030 0.0836211 0.8125 467.125 0.364706 0.5 0 0
12040 0.0836211 0.9375 468.062 0.364706 0.5 0 0
12050 0.0836211 0.9375 468.062 0.364706 0.5 0 0
12060 0.0836211 0.9375 469 0.364706 0.5 0 0
12070 0.0836211 0.9375 469 0.360784 0.5 0 0
12080 0.0836211 0.9375 469.938 0.360784 0.5 0 0
12090 0.0836211 0.9375 469.938 0.364706 0.5 0 0
12100 0.0836211 0.9375 470.875 0.364706 0.5 0 0
12110 0.0836211 0.9375 470.875 0.364706 0.5 0 0
12120 0.0836211 0.8125 471.688 0.364706 0.5 0 0
12130 0.0836211 0.8125 471.688 0.364706 0.5 0 0
12140 0.0836211 0.8125 472.5 0.364706 0.5 0 0
12150 0.0836211 0.8125 472.5 0.364706 0.5 0 0
12160 0.0836211 0.75 473.25 0.364706 0.5 0 0
12170 0.0836211 0.75 473.25 0.364706 0.5 0 0
12180 0.0836211 0.8125 474.062 0.364706 0.5 0 0
12190 0.0836211 0.8125 474.062 0.364706 0.5 0 0
12200 0.0836211 0.8125 474.875 0.364706 0.5 0 0
12210 0.0836211 0.8125 474.875 0.364706 0.5 0 0
12220 0.0836211 0.8125 475.688 0.364706 0.5 0 0
12230 0.0836211 0.8125 475.688 0.364706 0.5 0 0
12240 0.0836211 0.875 476.562 0.364706 0.5 0 0
12250 0.0836211 0.875 476.562 0.364706 0.5 0 0
12260 0.0836211 0.875 477.438 0.360784 0.5 0 0
12270 0.0836211 0.875 477.438 0.364706 0.5 0 0
12280 0.0836211 0.8125 478.25 0.364706 0.5 0 0
12290 0.0836211 0.8125 478.25 0.364706 0.5 0 0
12300 0.0836211 0.8125 479.062 0.364706 0.5 0 0
12310 0.0836211 0.8125 479.062 0.364706 0.5 0 0
12320 0.0836211 0.8125 479.875 0.360784 0.5 0 0
12330 0.0836211 0.8125 479.875 0.364706 0.5 0 0
12340 0.0836211 0.9375 480.812 0.364706 0.5 0 0
12350 0.0836211 0.9375 480.812 0.364706 0.5 0 0
12360 0.0836211 0.9375 481.75 0.360784 0.5 0 0
12370 0.0836211 0.9375 481.75 0.364706 0.5 0 0
12380 0.0836211 0.9375 482.688 0.364706 0.5 0 0
12390 0.0836211 0.9375 482.688 0.364706 0.5 0 0
12400 0.0836211 0.9375 483.625 0.364706 0.5 0 0
12410 0.0836211 0.9375 483.625 0.364706 0.5 0 0
12420 0.0836211 0.9375 484.562 0.364706 0.5 0 0
12430 0.0836211 0.9375 484.562 0.364706 0.5 0 0
12440 0.0836211 0.9375 485.5 0.364706 0.5 0 0
12450 0.0836211 0.9375 485.5 0.364706 0.5 0 0
12460 0.0836192 0.9375 486.438 0.360784 0.5 0 0
12470 0.0836192 0.9375 486.438 0.364706 0.5 0 0
12480 0.0836171 0.9375 487.375 0.364706 0.5 0 0
12490 0.0836171 0.9375 487.375 0.364706 0.5 0 0
12500 0.0836171 0.9375 488.312 0.360784 0.5 0 0
12510 0.0836171 0.9375 488.312 0.364706 0.5 0 0
12520 0.0836136 0.9375 489.25 0.364706 0.5 0 0
12530 0.0836136 0.9375 489.25 0.364706 0.5 0 0
12540 0.0836135 0.8125 490.062 0.364706 0.5 0 0
12550 0.0836135 0.8125 490.062 0.360784 0.5 0 0
12560 0.0836106 0.8125 490.875 0.364706 0.5 0 0
12570 0.0836106 0.8125 490.875 0.360784 0.5 0 0
12580 0.0836086 0.8125 491.688 0.364706 0.5 0 0
12590 0.0836086 0.8125 491.688 0.364706 0.5 0 0
12600 0.0836072 0.8125 492.5 0.364706 0.5 0 0
12610 0.0836072 0.8125 492.5 0.360784 0.5 0 0
12620 0.0836252 0.8125 493.312 0.364706 0.5 0 0
12630 0.0836252 0.8125 493.312 0.364706 0.5 0 0
12640 0.0836198 0.8125 494.125 0.364706 0.5 0 0
12650 0.0836198 0.8125 494.125 0.360784 0.5 0 0
12660 0.0838973 0.75 494.875 0.364706 0.5 0 0
12670 0.0838973 0.75 494.875 0.364706 0.5 0 0
12680 0.084266 0.75 495.625 0.364706 0.5 0 0
12690 0.084266 0.75 495.625 0.364706 0.5 0 0
12700 0.0845531 0.8125 496.438 0.364706 0.5 0 0
12710 0.0845531 0.8125 496.438 0.364706 0.5 0 0
12720 0.0848528 0.875 497.312 0.364706 0.5 0 0
12730 0.0848528 0.875 497.312 0.368627 0.5 0 0
12740 0.0851899 0.875 498.188 0.368627 0.5 0 0
12750 0.0851899 0.875 498.188 0.368627 0.5 0 0
12760 0.0850498 0.875 499.062 0.368627 0.5 0 0
12770 0.0850498 0.875 499.062 0.364706 0.5 0 0
12780 0.084108 0.875 499.938 0.360784 0.5 0 0
12790 0.084108 0.875 499.938 0.356863 0.5 0 0
12800 0.0829633 0.875 500.812 0.352941 0.5 0 0
12810 0.0829633 0.875 500.812 0.356863 0.5 0 0
12820 0.0819696 0.875 501.688 0.360784 0.5 0 0
12830 0.0819696 0.875 501.688 0.360784 0.5 0 0
12840 0.0818647 0.8125 502.5 0.360784 0.5 0 0
12850 0.0818647 0.8125 502.5 0.360784 0.5 0 0
12860 0.0817598 0.8125 503.312 0.360784 0.5 0 0
12870 0.0817598 0.8125 503.312 0.352941 0.5 0 0
12880 0.0800688 0.6875 504 0.352941 0.5 0 0
12890 0.0800688 0.6875 504 0.352941 0.5 0 0
12900 0.0793535 0.6875 504.688 0.352941 0.5 0 0
12910 0.0793535 0.6875 504.688 0.352941 0.5 0 0
12920 0.0792612 0.6875 505.375 0.352941 0.5 0 0
12930 0.0792612 0.6875 505.375 0.352941 0.5 0 0
12940 0.0792591 0.6875 506.062 0.352941 0.5 0 0
12950 0.0792591 0.6875 506.062 0.352941 0.5 0 0
12960 0.0792582 0.625 506.688 0.352941 0.5 0 0
12970 0.0792582 0.625 506.688 0.352941 0.5 0 0
12980 0.0792563 0.8125 507.5 0.352941 0.5 0 0
12990 0.0792563 0.8125 507.5 0.352941 0.5 0 0
13000 0.0792535 0.8125 508.312 0.352941 0.5 0 0
13010 0.0792535 0.8125 508.312 0.352941 0.5 0 0
13020 0.0792525 0.8125 509.125 0.352941 0.5 0 0
13030 0.0792525 0.8125 509.125 0.352941 0.5 0 0
13040 0.0792514 0.8125 509.938 0.352941 0.5 0 0
13050 0.0792514 0.8125 509.938 0.352941 0.5 0 0
13060 0.0792514 0.8125 510.75 0.352941 0.5 0 0
13070 0.0792514 0.8125 510.75 0.352941 0.5 0 0
13080 0.0792484 0.8125 511.562 0.352941 0.5 0 0
13090 0.0792484 0.8125 511.562 0.352941 0.5 0 0
13100 0.0792451 0.8125 512.375 0.352941 0.5 0 0
13110 0.0792451 0.8125 512.375 0.352941 0.5 0 0
13120 0.0792425 0.875 513.25 0.352941 0.5 0 0
13130 0.0792425 0.875 513.25 0.352941 0.5 0 0
13140 0.0792415 0.875 514.125 0.352941 0.5 0 0
13150 0.0792415 0.875 514.125 0.352941 0.5 0 0
13160 0.0792415 0.875 515 0.352941 0.5 0 0
13170 0.0792415 0.875 515 0.352941 0.5 0 0
13180 0.0792415 0.875 515.875 0.352941 0.5 0 0
13190 0.0792415 0.875 515.875 0.352941 0.5 0 0
13200 0.0792405 0.875 516.75 0.352941 0.5 0 0
13210 0.0792405 0.875 516.75 0.352941 0.5 0 0
13220 0.0792382 0.75 517.5 0.352941 0.5 0 0
13230 0.0792382 0.75 517.5 0.352941 0.5 0 0
13240 0.0792364 0.625 518.125 0.352941 0.5 0 0
13250 0.0792364 0.625 518.125 0.352941 0.5 0 0
13260 0.0792338 0.6875 518.812 0.352941 0.5 0 0
13270 0.0792338 0.6875 518.812 0.352941 0.5 0 0
13280 0.0792325 0.75 519.562 0.352941 0.5 0 0
13290 0.0792325 0.75 519.562 0.352941 0.5 0 0
13300 0.0792318 0.75 520.312 0.352941 0.5 0 0
13310 0.0792318 0.75 520.312 0.352941 0.5 0 0
13320 0.079231 0.875 521.188 0.352941 0.5 0 0
13330 0.079231 0.875 521.188 0.352941 0.5 0 0
13340 0.0792295 0.875 522.062 0.352941 0.5 0 0
13350 0.0792295 0.875 522.062 0.352941 0.5 0 0
13360 0.0792277 0.875 522.938 0.352941 0.5 0 0
13370 0.0792277 0.875 522.938 0.352941 0.5 0 0
13380 0.0792714 0.875 523.812 0.352941 0.5 0 0
13390 0.0792714 0.875 523.812 0.356863 0.5 0 0
13400 0.0800817 0.875 524.688 0.356863 0.5 0 0
13410 0.0800817 0.875 524.688 0.356863 0.5 0 0
13420 0.0804959 0.8125 525.5 0.356863 0.5 0 0
13430 0.0804959 0.8125 525.5 0.356863 0.5 0 0
13440 0.0811376 0.8125 526.312 0.356863 0.5 0 0
13450 0.0811376 0.8125 526.312 0.352941 0.5 0 0
13460 0.0816954 0.8125 527.125 0.356863 0.5 0 0
13470 0.0816954 0.8125 527.125 0.356863 0.5 0 0
13480 0.0817085 0.6875 527.812 0.356863 0.5 0 0
13490 0.0817085 0.6875 527.812 0.356863 0.5 0 0
13500 0.0816787 0.625 528.438 0.356863 0.5 0 0
13510 0.0816787 0.625 528.438 0.352941 0.5 0 0
13520 0.0814971 0.625 529.062 0.352941 0.5 0 0
13530 0.0814971 0.625 529.062 0.34902 0.5 0 0
13540 0.0810445 0.625 529.688 0.34902 0.5 0 0
13550 0.0810445 0.625 529.688 0.352941 0.5 0 0
13560 0.0804526 0.625 530.312 0.352941 0.5 0 0
13570 0.0804526 0.625 530.312 0.352941 0.5 0 0
13580 0.0803385 0.625 530.938 0.352941 0.5 0 0
13590 0.0803385 0.625 530.938 0.352941 0.5 0 0
13600 0.0800083 0.625 531.562 0.356863 0.5 0 0
13610 0.0800083 0.625 531.562 0.352941 0.5 0 0
13620 0.0797545 0.5625 532.125 0.356863 0.5 0 0
13630 0.0797545 0.5625 532.125 0.356863 0.5 0 0
13640 0.0799135 0.5625 532.688 0.356863 0.5 0 0
13650 0.0799135 0.5625 532.688 0.356863 0.5 0 0
13660 0.0798892 0.6875 533.375 0.356863 0.5 0 0
13670 0.0798892 0.6875 533.375 0.356863 0.5 0 0
13680 0.0795399 0.6875 534.062 0.356863 0.5 0 0
13690 0.0795399 0.6875 534.062 0.356863 0.5 0 0
13700 0.0788116 0.6875 534.75 0.352941 0.5 0 0
13710 0.0788116 0.6875 534.75 0.34902 0.5 0 0
13720 0.0772934 0.75 535.5 0.345098 0.5 0 0
13730 0.0772934 0.75 535.5 0.345098 0.5 0 0
13740 0.076452 0.75 536.25 0.345098 0.5 0 0
13750 0.076452 0.75 536.25 0.345098 0.5 0 0
13760 0.0761124 0.875 537.125 0.345098 0.5 0 0
13770 0.0761124 0.875 537.125 0.34902 0.5 0 0
13780 0.0760163 0.875 538 0.34902 0.5 0 0
13790 0.0760163 0.875 538 0.34902 0.5 0 0
13800 0.0760152 0.875 538.875 0.34902 0.5 0 0
13810 0.0760152 0.875 538.875 0.345098 0.5 0 0
13820 0.0760138 0.875 539.75 0.34902 0.5 0 0
13830 0.0760138 0.875 539.75 0.34902 0.5 0 0
13840 0.0760125 0.9375 540.688 0.345098 0.5 0 0
13850 0.0760125 0.9375 540.688 0.34902 0.5 0 0
13860 0.0758333 0.875 541.562 0.34902 0.5 0 0
13870 0.0758333 0.875 541.562 0.34902 0.5 0 0
13880 0.0753481 0.875 542.438 0.34902 0.5 0 0
13890 0.0753481 0.875 542.438 0.34902 0.5 0 0
13900 0.0751154 0.8125 543.25 0.34902 0.5 0 0
13910 0.0751154 0.8125 543.25 0.34902 0.5 0 0
13920 0.0749158 0.8125 544.062 0.34902 0.5 0 0
13930 0.0749158 0.8125 544.062 0.34902 0.5 0 0
13940 0.0748824 0.8125 544.875 0.34902 0.5 0 0
13950 0.0748824 0.8125 544.875 0.34902 0.5 0 0
13960 0.0748188 0.75 545.625 0.34902 0.5 0 0
13970 0.0748188 0.75 545.625 0.34902 0.5 0 0
13980 0.0746071 0.8125 546.438 0.34902 0.5 0 0
13990 0.0746071 0.8125 546.438 0.34902 0.5 0 0
14000 0.0744648 0.8125 547.25 0.34902 0.5 0 0
14010 0.0744648 0.8125 547.25 0.34902 0.5 0 0
14020 0.0743715 0.8125 548.062 0.34902 0.5 0 0
14030 0.0743715 0.8125 548.062 0.34902 0.5 0 0
14040 0.0743413 0.8125 548.875 0.34902 0.5 0 0
14050 0.0743413 0.8125 548.875 0.34902 0.5 0 0
14060 0.0733265 0.875 549.75 0.352941 0.5 0 0
14070 0.0733265 0.875 549.75 0.352941 0.5 0 0
14080 0.0729483 0.875 550.625 0.352941 0.5 0 0
14090 0.0729483 0.875 550.625 0.352941 0.5 0 0
14100 0.0738213 0.875 551.5 0.352941 0.5 0 0
14110 0.0738213 0.875 551.5 0.352941 0.5 0 0
14120 0.073975 0.875 552.375 0.352941 0.5 0 0
14130 0.073975 0.875 552.375 0.352941 0.5 0 0
14140 0.074273 0.875 553.25 0.352941 0.5 0 0
14150 0.074273 0.875 553.25 0.352941 0.5 0 0
14160 0.0746401 0.8125 554.062 0.34902 0.5 0 0
14170 0.0746401 0.8125 554.062 0.34902 0.5 0 0
14180 0.0749969 0.8125 554.875 0.34902 0.5 0 0
14190 0.0749969 0.8125 554.875 0.34902 0.5 0 0
14200 0.0750923 0.8125 555.688 0.34902 0.5 0 0
14210 0.0750923 0.8125 555.688 0.34902 0.5 0 0
14220 0.0749524 0.75 556.438 0.34902 0.5 0 0
14230 0.0749524 0.75 556.438 0.34902 0.5 0 0
14240 0.0744653 0.6875 557.125 0.345098 0.5 0 0
14250 0.0744653 0.6875 557.125 0.345098 0.5 0 0
14260 0.0741724 0.8125 557.938 0.345098 0.5 0 0
14270 0.0741724 0.8125 557.938 0.345098 0.5 0 0
14280 0.07403 0.875 558.812 0.345098 0.5 0 0
14290 0.07403 0.875 558.812 0.345098 0.5 0 0
14300 0.0739654 0.9375 559.75 0.345098 0.5 0 0
14310 0.0739654 0.9375 559.75 0.345098 0.5 0 0
14320 0.0735602 1 560.75 0.345098 0.5 0 0
14330 0.0735602 1 560.75 0.345098 0.5 0 0
14340 0.073179 0.9375 561.688 0.345098 0.5 0 0
14350 0.073179 0.9375 561.688 0.34902 0.5 0 0
14360 0.0729544 1 562.688 0.34902 0.5 0 0
14370 0.0729544 1 562.688 0.345098 0.5 0 0
14380 0.0728637 1 563.688 0.34902 0.5 0 0
14390 0.0728637 1 563.688 0.34902 0.5 0 0
14400 0.0727827 1 564.688 0.34902 0.5 0 0
14410 0.0727827 1 564.688 0.34902 0.5 0 0
14420 0.0726632 0.875 565.562 0.345098 0.5 0 0
14430 0.0726632 0.875 565.562 0.345098 0.5 0 0
14440 0.0724906 0.875 566.438 0.34902 0.5 0 0
14450 0.0724906 0.875 566.438 0.34902 0.5 0 0
14460 0.0724664 0.9375 567.375 0.34902 0.5 0 0
14470 0.0724664 0.9375 567.375 0.34902 0.5 0 0
14480 0.0724122 0.875 568.25 0.34902 0.5 0 0
14490 0.0724122 0.875 568.25 0.345098 0.5 0 0
14500 0.0723917 0.875 569.125 0.34902 0.5 0 0
14510 0.0723917 0.875 569.125 0.34902 0.5 0 0
14520 0.0717753 0.9375 570.062 0.356863 0.5 0 0
14530 0.0717753 0.9375 570.062 0.360784 0.5 0 0
14540 0.0712108 0.875 570.938 0.360784 0.5 0 0
14550 0.0712108 0.875 570.938 0.360784 0.5 0 0
14560 0.0712046 0.875 571.812 0.360784 0.5 0 0
14570 0.0712046 0.875 571.812 0.360784 0.5 0 0
14580 0.0711824 0.9375 572.75 0.360784 0.5 0 0
14590 0.0711824 0.9375 572.75 0.360784 0.5 0 0
14600 0.0711801 0.8125 573.562 0.360784 0.5 0 0
14610 0.0711801 0.8125 573.562 0.364706 0.5 0 0
14620 0.0711801 0.875 574.438 0.364706 0.5 0 0
14630 0.0711801 0.875 574.438 0.360784 0.5 0 0
14640 0.0711801 0.75 575.188 0.360784 0.5 0 0
14650 0.0711801 0.75 575.188 0.360784 0.5 0 0
14660 0.0711801 0.75 575.938 0.360784 0.5 0 0
14670 0.0711801 0.75 575.938 0.360784 0.5 0 0
14680 0.0710514 0.5625 576.5 0.360784 0.5 0 0
14690 0.0710514 0.5625 576.5 0.364706 0.5 0 0
14700 0.0708285 0.8125 577.312 0.364706 0.5 0 0
14710 0.0708285 0.8125 577.312 0.364706 0.5 0 0
14720 0.0708283 0.75 578.062 0.360784 0.5 0 0
14730 0.0708283 0.75 578.062 0.364706 0.5 0 0
14740 0.0708283 0.75 578.812 0.364706 0.5 0 0
14750 0.0708283 0.75 578.812 0.364706 0.5 0 0
14760 0.0708283 0.875 579.688 0.364706 0.5 0 0
14770 0.0708283 0.875 579.688 0.364706 0.5 0 0
14780 0.0708283 0.875 580.562 0.360784 0.5 0 0
14790 0.0708283 0.875 580.562 0.364706 0.5 0 0
14800 0.0707579 0.8125 581.375 0.364706 0.5 0 0
14810 0.0707579 0.8125 581.375 0.364706 0.5 0 0
14820 0.0706896 0.75 582.125 0.364706 0.5 0 0
14830 0.0706896 0.75 582.125 0.360784 0.5 0 0
14840 0.0706846 0.8125 582.938 0.364706 0.5 0 0
14850 0.0706846 0.8125 582.938 0.364706 0.5 0 0
14860 0.0706846 0.875 583.812 0.364706 0.5 0 0
14870 0.0706846 0.875 583.812 0.364706 0.5 0 0
14880 0.0706846 0.875 584.688 0.360784 0.5 0 0
14890 0.0706846 0.875 584.688 0.360784 0.5 0 0
14900 0.0706833 0.875 585.562 0.364706 0.5 0 0
14910 0.0706833 0.875 585.562 0.364706 0.5 0 0
14920 0.0706663 0.8125 586.375 0.360784 0.5 0 0
14930 0.0706663 0.8125 586.375 0.364706 0.5 0 0
14940 0.0706014 0.75 587.125 0.364706 0.5 0 0
14950 0.0706014 0.75 587.125 0.368627 0.5 0 0
14960 0.0703091 0.8125 587.938 0.364706 0.5 0 0
14970 0.0703091 0.8125 587.938 0.364706 0.5 0 0
14980 0.0700289 0.625 588.562 0.368627 0.5 0 0
14990 0.0700289 0.625 588.562 0.364706 0.5 0 0
15000 0.0700033 0.625 589.188 0.368627 0.5 0 0
15010 0.0700033 0.625 589.188 0.364706 0.5 0 0
15020 0.0700033 0.625 589.812 0.368627 0.5 0 0
15030 0.0700033 0.625 589.812 0.364706 0.5 0 0
15040 0.0700033 0.5625 590.375 0.364706 0.5 0 0
15050 0.0700033 0.5625 590.375 0.364706 0.5 0 0
15060 0.0700033 0.625 591 0.364706 0.5 0 0
15070 0.0700033 0.625 591 0.364706 0.5 0 0
15080 0.0699802 0.625 591.625 0.364706 0.5 0 0
15090 0.0699802 0.625 591.625 0.360784 0.5 0 0
15100 0.069869 0.625 592.25 0.368627 0.5 0 0
15110 0.069869 0.625 592.25 0.368627 0.5 0 0
15120 0.0696386 0.625 592.875 0.364706 0.5 0 0
15130 0.0696386 0.625 592.875 0.364706 0.5 0 0
15140 0.0696256 0.625 593.5 0.368627 0.5 0 0
15150 0.0696256 0.625 593.5 0.368627 0.5 0 0
15160 0.0696217 0.5625 594.062 0.368627 0.5 0 0
15170 0.0696217 0.5625 594.062 0.364706 0.5 0 0
15180 0.0696143 0.5 594.562 0.364706 0.5 0 0
15190 0.0696143 0.5 594.562 0.368627 0.5 0 0
15200 0.0696042 0.5 595.062 0.364706 0.5 0 0
15210 0.0696042 0.5 595.062 0.364706 0.5 0 0
15220 0.0697527 0.5 595.562 0.364706 0.5 0 0
15230 0.0697527 0.5 595.562 0.368627 0.5 0 0
15240 0.0704048 0.375 595.938 0.368627 0.5 0 0
15250 0.0704048 0.375 595.938 0.360784 0.5 0 0
15260 0.0714522 0.5 596.438 0.360784 0.5 0 0
15270 0.0714522 0.5 596.438 0.356863 0.5 0 0
15280 0.0724499 0.5625 597 0.352941 0.5 0 0
15290 0.0724499 0.5625 597 0.356863 0.5 0 0
15300 0.0732193 0.6875 597.688 0.356863 0.5 0 0
15310 0.0732193 0.6875 597.688 0.356863 0.5 0 0
15320 0.0740675 0.6875 598.375 0.356863 0.5 0 0
15330 0.0740675 0.6875 598.375 0.360784 0.5 0 0
15340 0.0754343 0.625 599 0.364706 0.5 0 0
15350 0.0754343 0.625 599 0.364706 0.5 0 0
15360 0.0755967 0.625 599.625 0.368627 0.5 0 0
15370 0.0755967 0.625 599.625 0.368627 0.5 0 0
15380 0.0755967 0.625 600.25 0.364706 0.5 0 0
15390 0.0755967 0.625 600.25 0.368627 0.5 0 0
15400 0.0755762 0.6875 600.938 0.364706 0.5 0 0
15410 0.0755762 0.6875 600.938 0.364706 0.5 0 0
15420 0.0757949 0.5 601.438 0.364706 0.5 0 0
15430 0.0757949 0.5 601.438 0.364706 0.5 0 0
15440 0.0757288 0.375 601.812 0.364706 0.5 0 0
15450 0.0757288 0.375 601.812 0.360784 0.5 0 0
15460 0.0754251 0.625 602.438 0.360784 0.5 0 0
15470 0.0754251 0.625 602.438 0.360784 0.5 0 0
15480 0.075169 0.625 603.062 0.360784 0.5 0 0
15490 0.075169 0.625 603.062 0.360784 0.5 0 0
15500 0.0750594 0.5625 603.625 0.360784 0.5 0 0
15510 0.0750594 0.5625 603.625 0.360784 0.5 0 0
15520 0.0749519 0.4375 604.062 0.360784 0.5 0 0
15530 0.0749519 0.4375 604.062 0.360784 0.5 0 0
15540 0.0749193 0.75 604.812 0.360784 0.5 0 0
15550 0.0749193 0.75 604.812 0.360784 0.5 0 0
15560 0.0748736 0.75 605.562 0.360784 0.5 0 0
15570 0.0748736 0.75 605.562 0.356863 0.5 0 0
15580 0.0743942 0.8125 606.375 0.356863 0.5 0 0
15590 0.0743942 0.8125 606.375 0.356863 0.5 0 0
15600 0.0740652 0.8125 607.188 0.356863 0.5 0 0
15610 0.0740652 0.8125 607.188 0.356863 0.5 0 0
15620 0.073808 0.8125 608 0.356863 0.5 0 0
15630 0.073808 0.8125 608 0.356863 0.5 0 0
15640 0.0736089 0.75 608.75 0.356863 0.5 0 0
15650 0.0736089 0.75 608.75 0.356863 0.5 0 0
15660 0.0734647 0.75 609.5 0.356863 0.5 0 0
15670 0.0734647 0.75 609.5 0.356863 0.5 0 0
15680 0.0734136 0.8125 610.312 0.356863 0.5 0 0
15690 0.0734136 0.8125 610.312 0.356863 0.5 0 0
15700 0.073378 0.8125 611.125 0.356863 0.5 0 0
15710 0.073378 0.8125 611.125 0.356863 0.5 0 0
15720 0.0733481 0.8125 611.938 0.356863 0.5 0 0
15730 0.0733481 0.8125 611.938 0.356863 0.5 0 0
15740 0.0733154 0.8125 612.75 0.356863 0.5 0 0
15750 0.0733154 0.8125 612.75 0.356863 0.5 0 0
15760 0.0732637 0.8125 613.562 0.356863 0.5 0 0
15770 0.0732637 0.8125 613.562 0.356863 0.5 0 0
15780 0.0732333 0.8125 614.375 0.356863 0.5 0 0
15790 0.0732333 0.8125 614.375 0.356863 0.5 0 0
15800 0.0732117 0.875 615.25 0.356863 0.5 0 0
15810 0.0732117 0.875 615.25 0.356863 0.5 0 0
15820 0.0731774 0.875 616.125 0.356863 0.5 0 0
15830 0.0731774 0.875 616.125 0.356863 0.5 0 0
15840 0.0731578 0.875 617 0.356863 0.5 0 0
15850 0.0731578 0.875 617 0.356863 0.5 0 0
15860 0.0731077 0.875 617.875 0.356863 0.5 0 0
15870 0.0731077 0.875 617.875 0.356863 0.5 0 0
15880 0.0730383 0.875 618.75 0.356863 0.5 0 0
15890 0.0730383 0.875 618.75 0.356863 0.5 0 0
15900 0.0729699 0.75 619.5 0.356863 0.5 0 0
15910 0.0729699 0.75 619.5 0.356863 0.5 0 0
15920 0.0728258 0.6875 620.188 0.356863 0.5 0 0
15930 0.0728258 0.6875 620.188 0.356863 0.5 0 0
15940 0.072717 0.6875 620.875 0.356863 0.5 0 0
15950 0.072717 0.6875 620.875 0.356863 0.5 0 0
15960 0.072627 0.625 621.5 0.356863 0.5 0 0
15970 0.072627 0.625 621.5 0.356863 0.5 0 0
15980 0.0725223 0.625 622.125 0.356863 0.5 0 0
15990 0.0725223 0.625 622.125 0.356863 0.5 0 0
16000 0.0724385 0.625 622.75 0.356863 0.5 0 0
16010 0.0724385 0.625 622.75 0.356863 0.5 0 0
16020 0.0723641 0.625 623.375 0.356863 0.5 0 0
16030 0.0723641 0.625 623.375 0.356863 0.5 0 0
16040 0.0725232 0.625 624 0.356863 0.5 0 0
16050 0.0725232 0.625 624 0.356863 0.5 0 0
16060 0.0725956 0.625 624.625 0.356863 0.5 0 0
16070 0.0725956 0.625 624.625 0.356863 0.5 0 0
16080 0.0725575 0.75 625.375 0.356863 0.5 0 0
16090 0.0725575 0.75 625.375 0.356863 0.5 0 0
16100 0.0728053 0.8125 626.188 0.356863 0.5 0 0
16110 0.0728053 0.8125 626.188 0.356863 0.5 0 0
16120 0.0729239 0.8125 627 0.356863 0.5 0 0
16130 0.0729239 0.8125 627 0.352941 0.5 0 0
16140 0.0734383 0.8125 627.812 0.356863 0.5 0 0
16150 0.0734383 0.8125 627.812 0.356863 0.5 0 0
16160 0.0735366 0.875 628.688 0.356863 0.5 0 0
16170 0.0735366 0.875 628.688 0.356863 0.5 0 0
16180 0.0735718 0.875 629.562 0.356863 0.5 0 0
16190 0.0735718 0.875 629.562 0.356863 0.5 0 0
16200 0.0735868 0.75 630.312 0.356863 0.5 0 0
16210 0.0735868 0.75 630.312 0.356863 0.5 0 0
16220 0.073584 0.75 631.062 0.356863 0.5 0 0
16230 0.073584 0.75 631.062 0.356863 0.5 0 0
16240 0.0735267 0.8125 631.875 0.356863 0.5 0 0
16250 0.0735267 0.8125 631.875 0.356863 0.5 0 0
16260 0.0735419 0.625 632.5 0.356863 0.5 0 0
16270 0.0735419 0.625 632.5 0.356863 0.5 0 0
16280 0.0735222 0.75 633.25 0.356863 0.5 0 0
16290 0.0735222 0.75 633.25 0.356863 0.5 0 0
16300 0.0735169 0.75 634 0.356863 0.5 0 0
16310 0.0735169 0.75 634 0.356863 0.5 0 0
16320 0.0734423 0.75 634.75 0.356863 0.5 0 0
16330 0.0734423 0.75 634.75 0.356863 0.5 0 0
16340 0.0735027 0.75 635.5 0.352941 0.5 0 0
16350 0.0735027 0.75 635.5 0.356863 0.5 0 0
16360 0.0734776 0.875 636.375 0.352941 0.5 0 0
16370 0.0734776 0.875 636.375 0.352941 0.5 0 0
16380 0.0734964 0.875 637.25 0.356863 0.5 0 0
16390 0.0734964 0.875 637.25 0.356863 0.5 0 0
16400 0.0734812 0.75 638 0.352941 0.5 0 0
16410 0.0734812 0.75 638 0.356863 0.5 0 0
16420 0.0734564 0.8125 638.812 0.352941 0.5 0 0
16430 0.0734564 0.8125 638.812 0.352941 0.5 0 0
16440 0.0734142 0.8125 639.625 0.352941 0.5 0 0
16450 0.0734142 0.8125 639.625 0.352941 0.5 0 0
16460 0.0734205 0.9375 640.562 0.352941 0.5 0 0
16470 0.0734205 0.9375 640.562 0.352941 0.5 0 0
16480 0.0734309 0.9375 641.5 0.352941 0.5 0 0
16490 0.0734309 0.9375 641.5 0.352941 0.5 0 0
16500 0.0734321 0.9375 642.438 0.352941 0.5 0 0
16510 0.0734321 0.9375 642.438 0.352941 0.5 0 0
16520 0.0734434 0.9375 643.375 0.352941 0.5 0 0
16530 0.0734434 0.9375 643.375 0.352941 0.5 0 0
16540 0.0734462 0.9375 644.312 0.352941 0.5 0 0
16550 0.0734462 0.9375 644.312 0.352941 0.5 0 0
16560 0.0734522 0.9375 645.25 0.352941 0.5 0 0
16570 0.0734522 0.9375 645.25 0.352941 0.5 0 0
16580 0.0734269 0.9375 646.188 0.352941 0.5 0 0
16590 0.0734269 0.9375 646.188 0.352941 0.5 0 0
16600 0.0733866 0.875 647.062 0.352941 0.5 0 0
16610 0.0733866 0.875 647.062 0.352941 0.5 0 0
16620 0.0733472 0.875 647.938 0.352941 0.5 0 0
16630 0.0733472 0.875 647.938 0.352941 0.5 0 0
16640 0.0733066 0.75 648.688 0.352941 0.5 0 0
16650 0.0733066 0.75 648.688 0.352941 0.5 0 0
16660 0.073259 0.75 649.438 0.352941 0.5 0 0
16670 0.073259 0.75 649.438 0.352941 0.5 0 0
16680 0.0732187 0.75 650.188 0.352941 0.5 0 0
16690 0.0732187 0.75 650.188 0.34902 0.5 0 0
16700 0.073141 0.75 650.938 0.352941 0.5 0 0
16710 0.073141 0.75 650.938 0.352941 0.5 0 0
16720 0.0731162 0.75 651.688 0.352941 0.5 0 0
16730 0.0731162 0.75 651.688 0.352941 0.5 0 0
16740 0.0729809 0.75 652.438 0.352941 0.5 0 0
16750 0.0729809 0.75 652.438 0.352941 0.5 0 0
16760 0.0727482 0.8125 653.25 0.352941 0.5 0 0
16770 0.0727482 0.8125 653.25 0.352941 0.5 0 0
16780 0.0724299 0.8125 654.062 0.34902 0.5 0 0
16790 0.0724299 0.8125 654.062 0.34902 0.5 0 0
16800 0.0720136 0.8125 654.875 0.34902 0.5 0 0
16810 0.0720136 0.8125 654.875 0.34902 0.5 0 0
16820 0.0718067 0.8125 655.688 0.34902 0.5 0 0
16830 0.0718067 0.8125 655.688 0.34902 0.5 0 0
16840 0.0716745 0.8125 656.5 0.34902 0.5 0 0
16850 0.0716745 0.8125 656.5 0.34902 0.5 0 0
16860 0.0716058 0.8125 657.312 0.34902 0.5 0 0
16870 0.0716058 0.8125 657.312 0.34902 0.5 0 0
16880 0.0715759 0.8125 658.125 0.34902 0.5 0 0
16890 0.0715759 0.8125 658.125 0.34902 0.5 0 0
16900 0.0715369 0.75 658.875 0.34902 0.5 0 0
16910 0.0715369 0.75 658.875 0.34902 0.5 0 0
16920 0.0714671 0.75 659.625 0.34902 0.5 0 0
16930 0.0714671 0.75 659.625 0.34902 0.5 0 0
16940 0.0713904 0.75 660.375 0.352941 0.5 0 0
16950 0.0713904 0.75 660.375 0.34902 0.5 0 0
16960 0.0712992 0.75 661.125 0.352941 0.5 0 0
16970 0.0712992 0.75 661.125 0.352941 0.5 0 0
16980 0.0712226 0.75 661.875 0.352941 0.5 0 0
16990 0.0712226 0.75 661.875 0.352941 0.5 0 0
17000 0.071187 0.75 662.625 0.352941 0.5 0 0
17010 0.071187 0.75 662.625 0.352941 0.5 0 0
17020 0.0711855 0.75 663.375 0.352941 0.5 0 0
17030 0.0711855 0.75 663.375 0.352941 0.5 0 0
17040 0.071457 0.8125 664.188 0.352941 0.5 0 0
17050 0.071457 0.8125 664.188 0.352941 0.5 0 0
17060 0.0718245 0.8125 665 0.352941 0.5 0 0
17070 0.0718245 0.8125 665 0.352941 0.5 0 0
17080 0.0720419 0.8125 665.812 0.352941 0.5 0 0
17090 0.0720419 0.8125 665.812 0.352941 0.5 0 0
17100 0.0721476 0.8125 666.625 0.352941 0.5 0 0
17110 0.0721476 0.8125 666.625 0.352941 0.5 0 0
17120 0.0721812 0.8125 667.438 0.352941 0.5 0 0
17130 0.0721812 0.8125 667.438 0.352941 0.5 0 0
17140 0.0721821 0.75 668.188 0.352941 0.5 0 0
17150 0.0721821 0.75 668.188 0.352941 0.5 0 0
17160 0.0721835 0.6875 668.875 0.352941 0.5 0 0
17170 0.0721835 0.6875 668.875 0.352941 0.5 0 0
17180 0.072185 0.75 669.625 0.352941 0.5 0 0
17190 0.072185 0.75 669.625 0.352941 0.5 0 0
17200 0.0721689 0.75 670.375 0.352941 0.5 0 0
17210 0.0721689 0.75 670.375 0.352941 0.5 0 0
17220 0.0721481 0.75 671.125 0.352941 0.5 0 0
17230 0.0721481 0.75 671.125 0.352941 0.5 0 0
17240 0.0721028 0.8125 671.938 0.352941 0.5 0 0
17250 0.0721028 0.8125 671.938 0.356863 0.5 0 0
17260 0.0704439 0.8125 672.75 0.356863 0.5 0 0
17270 0.0704439 0.8125 672.75 0.352941 0.5 0 0
17280 0.0704371 0.8125 673.562 0.356863 0.5 0 0
17290 0.0704371 0.8125 673.562 0.356863 0.5 0 0
17300 0.0704719 0.8125 674.375 0.356863 0.5 0 0
17310 0.0704719 0.8125 674.375 0.352941 0.5 0 0
17320 0.0705116 0.8125 675.188 0.352941 0.5 0 0
17330 0.0705116 0.8125 675.188 0.352941 0.5 0 0
17340 0.0705464 0.8125 676 0.356863 0.5 0 0
17350 0.0705464 0.8125 676 0.352941 0.5 0 0
17360 0.0706342 0.8125 676.812 0.352941 0.5 0 0
17370 0.0706342 0.8125 676.812 0.352941 0.5 0 0
17380 0.0705227 0.6875 677.5 0.352941 0.5 0 0
17390 0.0705227 0.6875 677.5 0.352941 0.5 0 0
17400 0.0705001 0.8125 678.312 0.352941 0.5 0 0
17410 0.0705001 0.8125 678.312 0.352941 0.5 0 0
17420 0.070555 0.875 679.188 0.352941 0.5 0 0
17430 0.070555 0.875 679.188 0.352941 0.5 0 0
17440 0.0708418 0.875 680.062 0.352941 0.5 0 0
17450 0.0708418 0.875 680.062 0.352941 0.5 0 0
17460 0.0709796 0.875 680.938 0.352941 0.5 0 0
17470 0.0709796 0.875 680.938 0.352941 0.5 0 0
17480 0.0710368 0.875 681.812 0.352941 0.5 0 0
17490 0.0710368 0.875 681.812 0.352941 0.5 0 0
17500 0.0710695 0.75 682.562 0.352941 0.5 0 0
17510 0.0710695 0.75 682.562 0.352941 0.5 0 0
17520 0.0711232 0.8125 683.375 0.352941 0.5 0 0
17530 0.0711232 0.8125 683.375 0.352941 0.5 0 0
17540 0.0711907 1 684.375 0.34902 0.5 0 0
17550 0.0711907 1 684.375 0.34902 0.5 0 0
17560 0.0711713 1 685.375 0.34902 0.5 0 0
17570 0.0711713 1 685.375 0.34902 0.5 0 0
17580 0.0711323 1 686.375 0.34902 0.5 0 0
17590 0.0711323 1 686.375 0.34902 0.5 0 0
17600 0.0710948 0.9375 687.312 0.34902 0.5 0 0
17610 0.0710948 0.9375 687.312 0.34902 0.5 0 0
17620 0.0710602 1 688.312 0.34902 0.5 0 0
17630 0.0710602 1 688.312 0.34902 0.5 0 0
17640 0.0710047 0.9375 689.25 0.34902 0.5 0 0
17650 0.0710047 0.9375 689.25 0.34902 0.5 0 0
17660 0.0709347 0.9375 690.188 0.34902 0.5 0 0
17670 0.0709347 0.9375 690.188 0.34902 0.5 0 0
17680 0.0707609 0.8125 691 0.34902 0.5 0 0
17690 0.0707609 0.8125 691 0.34902 0.5 0 0
17700 0.0706571 0.8125 691.812 0.34902 0.5 0 0
17710 0.0706571 0.8125 691.812 0.34902 0.5 0 0
17720 0.0705358 0.9375 692.75 0.34902 0.5 0 0
17730 0.0705358 0.9375 692.75 0.34902 0.5 0 0
17740 0.0705221 0.9375 693.688 0.345098 0.5 0 0
17750 0.0705221 0.9375 693.688 0.34902 0.5 0 0
17760 0.0705243 0.8125 694.5 0.345098 0.5 0 0
17770 0.0705243 0.8125 694.5 0.345098 0.5 0 0
17780 0.0705619 0.875 695.375 0.345098 0.5 0 0
17790 0.0705619 0.875 695.375 0.345098 0.5 0 0
17800 0.0706179 0.875 696.25 0.345098 0.5 0 0
17810 0.0706179 0.875 696.25 0.345098 0.5 0 0
17820 0.0706282 0.875 697.125 0.345098 0.5 0 0
17830 0.0706282 0.875 697.125 0.345098 0.5 0 0
17840 0.0707018 0.75 697.875 0.345098 0.5 0 0
17850 0.0707018 0.75 697.875 0.345098 0.5 0 0
17860 0.0707811 0.8125 698.688 0.345098 0.5 0 0
17870 0.0707811 0.8125 698.688 0.345098 0.5 0 0
17880 0.0708533 0.8125 699.5 0.345098 0.5 0 0
17890 0.0708533 0.8125 699.5 0.345098 0.5 0 0
17900 0.0709146 0.75 700.25 0.345098 0.5 0 0
17910 0.0709146 0.75 700.25 0.345098 0.5 0 0
17920 0.0709585 0.8125 701.062 0.345098 0.5 0 0
17930 0.0709585 0.8125 701.062 0.345098 0.5 0 0
17940 0.0709918 0.8125 701.875 0.345098 0.5 0 0
17950 0.0709918 0.8125 701.875 0.345098 0.5 0 0
17960 0.0710448 0.875 702.75 0.345098 0.5 0 0
17970 0.0710448 0.875 702.75 0.345098 0.5 0 0
17980 0.0710523 0.9375 703.688 0.345098 0.5 0 0
17990 0.0710523 0.9375 703.688 0.341176 0.5 0 0
18000 0.071 0.9375 704.625 0.345098 0.5 0 0
18010 0.071 0.9375 704.625 0.345098 0.5 0 0
18020 0.0710011 0.9375 705.562 0.345098 0.5 0 0
18030 0.0710011 0.9375 705.562 0.345098 0.5 0 0
18040 0.0709598 0.9375 706.5 0.345098 0.5 0 0
18050 0.0709598 0.9375 706.5 0.341176 0.5 0 0
18060 0.0708859 0.9375 707.438 0.345098 0.5 0 0
18070 0.0708859 0.9375 707.438 0.341176 0.5 0 0
18080 0.0709549 0.875 708.312 0.341176 0.5 0 0
18090 0.0709549 0.875 708.312 0.341176 0.5 0 0
18100 0.0710315 0.875 709.188 0.341176 0.5 0 0
18110 0.0710315 0.875 709.188 0.341176 0.5 0 0
18120 0.0710644 0.875 710.062 0.341176 0.5 0 0
18130 0.0710644 0.875 710.062 0.341176 0.5 0 0
18140 0.0711437 0.875 710.938 0.341176 0.5 0 0
18150 0.0711437 0.875 710.938 0.341176 0.5 0 0
18160 0.0712068 0.8125 711.75 0.341176 0.5 0 0
18170 0.0712068 0.8125 711.75 0.341176 0.5 0 0
18180 0.0710644 0.8125 712.562 0.341176 0.5 0 0
18190 0.0710644 0.8125 712.562 0.341176 0.5 0 0
18200 0.0707706 0.875 713.438 0.341176 0.5 0 0
18210 0.0707706 0.875 713.438 0.341176 0.5 0 0
18220 0.070468 0.875 714.312 0.341176 0.5 0 0
18230 0.070468 0.875 714.312 0.341176 0.5 0 0
18240 0.0697076 0.875 715.188 0.341176 0.5 0 0
18250 0.0697076 0.875 715.188 0.341176 0.5 0 0
18260 0.0691559 0.875 716.062 0.345098 0.5 0 0
18270 0.0691559 0.875 716.062 0.345098 0.5 0 0
18280 0.0692116 0.875 716.938 0.345098 0.5 0 0
18290 0.0692116 0.875 716.938 0.345098 0.5 0 0
18300 0.0692852 0.875 717.812 0.345098 0.5 0 0
18310 0.0692852 0.875 717.812 0.341176 0.5 0 0
18320 0.069374 0.875 718.688 0.341176 0.5 0 0
18330 0.069374 0.875 718.688 0.341176 0.5 0 0
18340 0.0694158 0.8125 719.5 0.341176 0.5 0 0
18350 0.0694158 0.8125 719.5 0.341176 0.5 0 0
18360 0.0694456 0.75 720.25 0.341176 0.5 0 0
18370 0.0694456 0.75 720.25 0.341176 0.5 0 0
18380 0.0694719 0.75 721 0.341176 0.5 0 0
18390 0.0694719 0.75 721 0.341176 0.5 0 0
18400 0.069495 0.75 721.75 0.341176 0.5 0 0
18410 0.069495 0.75 721.75 0.341176 0.5 0 0
18420 0.0693731 0.875 722.625 0.341176 0.5 0 0
18430 0.0693731 0.875 722.625 0.341176 0.5 0 0
18440 0.0693998 0.8125 723.438 0.341176 0.5 0 0
18450 0.0693998 0.8125 723.438 0.341176 0.5 0 0
18460 0.069413 0.8125 724.25 0.345098 0.5 0 0
18470 0.069413 0.8125 724.25 0.341176 0.5 0 0
18480 0.06945 0.8125 725.062 0.341176 0.5 0 0
18490 0.06945 0.8125 725.062 0.341176 0.5 0 0
18500 0.0694767 0.8125 725.875 0.341176 0.5 0 0
18510 0.0694767 0.8125 725.875 0.341176 0.5 0 0
18520 0.0694203 0.75 726.625 0.341176 0.5 0 0
18530 0.0694203 0.75 726.625 0.341176 0.5 0 0
18540 0.0694696 0.75 727.375 0.341176 0.5 0 0
18550 0.0694696 0.75 727.375 0.341176 0.5 0 0
18560 0.0698337 0.8125 728.188 0.341176 0.5 0 0
18570 0.0698337 0.8125 728.188 0.341176 0.5 0 0
18580 0.0699428 0.75 728.938 0.341176 0.5 0 0
18590 0.0699428 0.75 728.938 0.341176 0.5 0 0
18600 0.0699892 0.75 729.688 0.341176 0.5 0 0
18610 0.0699892 0.75 729.688 0.341176 0.5 0 0
18620 0.0700246 0.75 730.438 0.341176 0.5 0 0
18630 0.0700246 0.75 730.438 0.341176 0.5 0 0
18640 0.0700673 0.75 731.188 0.341176 0.5 0 0
18650 0.0700673 0.75 731.188 0.341176 0.5 0 0
18660 0.0701187 0.75 731.938 0.341176 0.5 0 0
18670 0.0701187 0.75 731.938 0.341176 0.5 0 0
18680 0.0701805 0.8125 732.75 0.341176 0.5 0 0
18690 0.0701805 0.8125 732.75 0.341176 0.5 0 0
18700 0.0702136 0.8125 733.562 0.341176 0.5 0 0
18710 0.0702136 0.8125 733.562 0.341176 0.5 0 0
18720 0.0702543 0.875 734.438 0.341176 0.5 0 0
18730 0.0702543 0.875 734.438 0.341176 0.5 0 0
18740 0.0702374 0.875 735.312 0.341176 0.5 0 0
18750 0.0702374 0.875 735.312 0.341176 0.5 0 0
18760 0.0702233 0.875 736.188 0.341176 0.5 0 0
18770 0.0702233 0.875 736.188 0.341176 0.5 0 0
18780 0.0702461 0.875 737.062 0.337255 0.5 0 0
18790 0.0702461 0.875 737.062 0.341176 0.5 0 0
18800 0.0702505 0.875 737.938 0.341176 0.5 0 0
18810 0.0702505 0.875 737.938 0.337255 0.5 0 0
18820 0.0702522 0.875 738.812 0.341176 0.5 0 0
18830 0.0702522 0.875 738.812 0.337255 0.5 0 0
18840 0.0702051 0.8125 739.625 0.341176 0.5 0 0
18850 0.0702051 0.8125 739.625 0.341176 0.5 0 0
18860 0.0701345 0.8125 740.438 0.341176 0.5 0 0
18870 0.0701345 0.8125 740.438 0.341176 0.5 0 0
18880 0.0700659 0.8125 741.25 0.337255 0.5 0 0
18890 0.0700659 0.8125 741.25 0.337255 0.5 0 0
18900 0.0699982 0.8125 742.062 0.337255 0.5 0 0
18910 0.0699982 0.8125 742.062 0.341176 0.5 0 0
18920 0.0686762 0.875 742.938 0.341176 0.5 0 0
18930 0.0686762 0.875 742.938 0.341176 0.5 0 0
18940 0.0681747 0.875 743.812 0.341176 0.5 0 0
18950 0.0681747 0.875 743.812 0.341176 0.5 0 0
18960 0.0672731 0.75 744.562 0.341176 0.5 0 0
18970 0.0672731 0.75 744.562 0.341176 0.5 0 0
18980 0.0669487 0.75 745.312 0.341176 0.5 0 0
18990 0.0669487 0.75 745.312 0.341176 0.5 0 0
19000 0.0669161 0.8125 746.125 0.341176 0.5 0 0
19010 0.0669161 0.8125 746.125 0.341176 0.5 0 0
19020 0.0669191 0.75 746.875 0.341176 0.5 0 0
19030 0.0669191 0.75 746.875 0.341176 0.5 0 0
19040 0.066928 0.6875 747.562 0.345098 0.5 0 0
19050 0.066928 0.6875 747.562 0.341176 0.5 0 0
19060 0.0668801 0.75 748.312 0.341176 0.5 0 0
19070 0.0668801 0.75 748.312 0.341176 0.5 0 0
19080 0.0668896 0.75 749.062 0.341176 0.5 0 0
19090 0.0668896 0.75 749.062 0.341176 0.5 0 0
19100 0.0667533 0.75 749.812 0.341176 0.5 0 0
19110 0.0667533 0.75 749.812 0.341176 0.5 0 0
19120 0.0667761 0.8125 750.625 0.341176 0.5 0 0
19130 0.0667761 0.8125 750.625 0.341176 0.5 0 0
19140 0.0668058 0.8125 751.438 0.341176 0.5 0 0
19150 0.0668058 0.8125 751.438 0.341176 0.5 0 0
19160 0.066839 0.6875 752.125 0.341176 0.5 0 0
19170 0.066839 0.6875 752.125 0.341176 0.5 0 0
19180 0.0668748 0.6875 752.812 0.341176 0.5 0 0
19190 0.0668748 0.6875 752.812 0.341176 0.5 0 0
19200 0.0669045 0.8125 753.625 0.341176 0.5 0 0
19210 0.0669045 0.8125 753.625 0.341176 0.5 0 0
19220 0.0669324 0.875 754.5 0.337255 0.5 0 0
19230 0.0669324 0.875 754.5 0.341176 0.5 0 0
19240 0.0669592 0.875 755.375 0.337255 0.5 0 0
19250 0.0669592 0.875 755.375 0.337255 0.5 0 0
19260 0.0669536 0.875 756.25 0.337255 0.5 0 0
19270 0.0669536 0.875 756.25 0.337255 0.5 0 0
19280 0.0669428 0.875 757.125 0.337255 0.5 0 0
19290 0.0669428 0.875 757.125 0.337255 0.5 0 0
19300 0.0668924 0.875 758 0.337255 0.5 0 0
19310 0.0668924 0.875 758 0.337255 0.5 0 0
19320 0.0668645 0.875 758.875 0.337255 0.5 0 0
19330 0.0668645 0.875 758.875 0.337255 0.5 0 0
19340 0.0668794 0.8125 759.688 0.337255 0.5 0 0
19350 0.0668794 0.8125 759.688 0.337255 0.5 0 0
19360 0.0668998 0.8125 760.5 0.337255 0.5 0 0
19370 0.0668998 0.8125 760.5 0.337255 0.5 0 0
19380 0.0669061 0.8125 761.312 0.337255 0.5 0 0
19390 0.0669061 0.8125 761.312 0.337255 0.5 0 0
19400 0.0669194 0.75 762.062 0.337255 0.5 0 0
19410 0.0669194 0.75 762.062 0.337255 0.5 0 0
19420 0.0669708 0.75 762.812 0.337255 0.5 0 0
19430 0.0669708 0.75 762.812 0.337255 0.5 0 0
19440 0.0669723 0.8125 763.625 0.337255 0.5 0 0
19450 0.0669723 0.8125 763.625 0.337255 0.5 0 0
19460 0.0669675 0.8125 764.438 0.337255 0.5 0 0
19470 0.0669675 0.8125 764.438 0.337255 0.5 0 0
19480 0.0669752 0.8125 765.25 0.337255 0.5 0 0
19490 0.0669752 0.8125 765.25 0.337255 0.5 0 0
19500 0.0669835 0.8125 766.062 0.337255 0.5 0 0
19510 0.0669835 0.8125 766.062 0.337255 0.5 0 0
19520 0.0670133 0.8125 766.875 0.337255 0.5 0 0
19530 0.0670133 0.8125 766.875 0.337255 0.5 0 0
19540 0.0670505 0.8125 767.688 0.333333 0.5 0 0
19550 0.0670505 0.8125 767.688 0.337255 0.5 0 0
19560 0.0670623 0.75 768.438 0.333333 0.5 0 0
19570 0.0670623 0.75 768.438 0.333333 0.5 0 0
19580 0.0670702 0.6875 769.125 0.333333 0.5 0 0
19590 0.0670702 0.6875 769.125 0.333333 0.5 0 0
19600 0.0670624 0.6875 769.812 0.333333 0.5 0 0
19610 0.0670624 0.6875 769.812 0.333333 0.5 0 0
19620 0.0670664 0.6875 770.5 0.333333 0.5 0 0
19630 0.0670664 0.6875 770.5 0.333333 0.5 0 0
19640 0.067079 0.75 771.25 0.329412 0.5 0 0
19650 0.067079 0.75 771.25 0.329412 0.5 0 0
19660 0.067103 0.75 772 0.329412 0.5 0 0
19670 0.067103 0.75 772 0.329412 0.5 0 0
19680 0.0671084 0.75 772.75 0.329412 0.5 0 0
19690 0.0671084 0.75 772.75 0.329412 0.5 0 0
19700 0.0671284 0.75 773.5 0.329412 0.5 0 0
19710 0.0671284 0.75 773.5 0.329412 0.5 0 0
19720 0.0671374 0.75 774.25 0.329412 0.5 0 0
19730 0.0671374 0.75 774.25 0.329412 0.5 0 0
19740 0.0671778 0.625 774.875 0.329412 0.5 0 0
19750 0.0671778 0.625 774.875 0.329412 0.5 0 0
19760 0.067311 0.5625 775.438 0.329412 0.5 0 0
19770 0.067311 0.5625 775.438 0.329412 0.5 0 0
19780 0.0673519 0.5625 776 0.329412 0.5 0 0
19790 0.0673519 0.5625 776 0.329412 0.5 0 0
19800 0.0671323 0.6875 776.688 0.329412 0.5 0 0
19810 0.0671323 0.6875 776.688 0.329412 0.5 0 0
19820 0.066965 0.6875 777.375 0.329412 0.5 0 0
19830 0.066965 0.6875 777.375 0.329412 0.5 0 0
19840 0.0668939 0.6875 778.062 0.329412 0.5 0 0
19850 0.0668939 0.6875 778.062 0.329412 0.5 0 0
19860 0.0667993 0.6875 778.75 0.329412 0.5 0 0
19870 0.0667993 0.6875 778.75 0.329412 0.5 0 0
19880 0.0667007 0.6875 779.438 0.329412 0.5 0 0
19890 0.0667007 0.6875 779.438 0.329412 0.5 0 0
19900 0.0665741 0.75 780.188 0.329412 0.5 0 0
19910 0.0665741 0.75 780.188 0.329412 0.5 0 0
19920 0.0663652 0.8125 781 0.329412 0.5 0 0
19930 0.0663652 0.8125 781 0.329412 0.5 0 0
19940 0.0663278 0.875 781.875 0.329412 0.5 0 0
19950 0.0663278 0.875 781.875 0.329412 0.5 0 0
19960 0.0663032 0.875 782.75 0.329412 0.5 0 0
19970 0.0663032 0.875 782.75 0.329412 0.5 0 0
19980 0.0662643 0.75 783.5 0.329412 0.5 0 0
19990 0.0662643 0.75 783.5 0.329412 0.5 0 0
20000 0.0661885 0.75 784.25 0.329412 0.5 0 0
20010 0.0661885 0.75 784.25 0.329412 0.5 0 0
