0 0.105563 0 0 0.5 0.5 0 0
10 0.105563 0 0 0.745098 0.5 0 0
20 0.104394 0.375 0.375 0.611765 0.5 0 0
30 0.104394 0.375 0.375 0.65098 0.5 0 0
40 0.103567 0.5 0.875 0.745098 0.5 0 0
50 0.103567 0.5 0.875 0.690196 0.5 0 0
60 0.103581 0.5 1.375 0.670588 0.5 0 0
70 0.103581 0.5 1.375 0.623529 0.5 0 0
80 0.104087 0.5625 1.9375 0.670588 0.5 0 0
90 0.104087 0.5625 1.9375 0.611765 0.5 0 0
100 0.105312 0.625 2.5625 0.631373 0.5 0 0
110 0.105312 0.625 2.5625 0.690196 0.5 0 0
120 0.106351 0.5 3.0625 0.745098 0.5 0 0
130 0.106351 0.5 3.0625 0.643137 0.5 0 0
140 0.107247 0.5 3.5625 0.741176 0.5 0 0
150 0.107247 0.5 3.5625 0.682353 0.5 0 0
160 0.107948 0.5 4.0625 0.619608 0.5 0 0
170 0.107948 0.5 4.0625 0.788235 0.5 0 0
180 0.1081 0.5625 4.625 0.619608 0.5 0 0
190 0.1081 0.5625 4.625 0.588235 0.5 0 0
200 0.107706 0.5625 5.1875 0.780392 0.5 0 0
210 0.107706 0.5625 5.1875 0.580392 0.5 0 0
220 0.107035 0.25 5.4375 0.584314 0.5 0 0
230 0.107035 0.25 5.4375 0.603922 0.5 0 0
240 0.106574 0.1875 5.625 0.694118 0.5 0 0
250 0.106574 0.1875 5.625 0.615686 0.5 0 0
260 0.106059 0.1875 5.8125 0.596078 0.5 0 0
270 0.106059 0.1875 5.8125 0.596078 0.5 0 0
280 0.105578 0.125 5.9375 0.584314 0.5 0 0
290 0.105578 0.125 5.9375 0.619608 0.5 0 0
300 0.105528 0.25 6.1875 0.741176 0.5 0 0
310 0.105528 0.25 6.1875 0.788235 0.5 0 0
320 0.105507 0.25 6.4375 0.627451 0.5 0 0
330 0.105507 0.25 6.4375 0.627451 0.5 0 0
340 0.105268 0.25 6.6875 0.643137 0.5 0 0
350 0.105268 0.25 6.6875 0.658824 0.5 0 0
360 0.104985 0.125 6.8125 0.643137 0.5 0 0
370 0.104985 0.125 6.8125 0.615686 0.5 0 0
380 0.104535 0.1875 7 0.647059 0.5 0 0
390 0.104535 0.1875 7 0.603922 0.5 0 0
400 0.104222 0.3125 7.3125 0.658824 0.5 0 0
410 0.104222 0.3125 7.3125 0.768627 0.5 0 0
420 0.104287 0.3125 7.625 0.588235 0.5 0 0
430 0.104287 0.3125 7.625 0.627451 0.5 0 0
440 0.104581 0.3125 7.9375 0.619608 0.5 0 0
450 0.104581 0.3125 7.9375 0.643137 0.5 0 0
460 0.104915 0.375 8.3125 0.623529 0.5 0 0
470 0.104915 0.375 8.3125 0.670588 0.5 0 0
480 0.105099 0.375 8.6875 0.611765 0.5 0 0
490 0.105099 0.375 8.6875 0.768627 0.5 0 0
500 0.104817 0.4375 9.125 0.768627 0.5 0 0
510 0.104817 0.4375 9.125 0.745098 0.5 0 0
520 0.10477 0.4375 9.5625 0.768627 0.5 0 0
530 0.10477 0.4375 9.5625 0.745098 0.5 0 0
540 0.104679 0.4375 10 0.737255 0.5 0 0
550 0.104679 0.4375 10 0.666667 0.5 0 0
560 0.104582 0.4375 10.4375 0.776471 0.5 0 0
570 0.104582 0.4375 10.4375 0.666667 0.5 0 0
580 0.104498 0.375 10.8125 0.741176 0.5 0 0
590 0.104498 0.375 10.8125 0.666667 0.5 0 0
600 0.104471 0.375 11.1875 0.670588 0.5 0 0
610 0.104471 0.375 11.1875 0.666667 0.5 0 0
620 0.104386 0.375 11.5625 0.666667 0.5 0 0
630 0.104386 0.375 11.5625 0.658824 0.5 0 0
640 0.104331 0.375 11.9375 0.666667 0.5 0 0
650 0.104331 0.375 11.9375 0.709804 0.5 0 0
660 0.10429 0.3125 12.25 0.635294 0.5 0 0
670 0.10429 0.3125 12.25 0.741176 0.5 0 0
680 0.104208 0.4375 12.6875 0.705882 0.5 0 0
690 0.104208 0.4375 12.6875 0.647059 0.5 0 0
700 0.104118 0.5625 13.25 0.741176 0.5 0 0
710 0.104118 0.5625 13.25 0.768627 0.5 0 0
720 0.104093 0.5625 13.8125 0.611765 0.5 0 0
730 0.104093 0.5625 13.8125 0.67451 0.5 0 0
740 0.104038 0.5625 14.375 0.639216 0.5 0 0
750 0.104038 0.5625 14.375 0.768627 0.5 0 0
760 0.103972 0.5625 14.9375 0.65098 0.5 0 0
770 0.103972 0.5625 14.9375 0.768627 0.5 0 0
780 0.103948 0.5625 15.5 0.631373 0.5 0 0
790 0.103948 0.5625 15.5 0.764706 0.5 0 0
800 0.103929 0.5625 16.0625 0.745098 0.5 0 0
810 0.103929 0.5625 16.0625 0.65098 0.5 0 0
820 0.103914 0.5625 16.625 0.67451 0.5 0 0
830 0.103914 0.5625 16.625 0.741176 0.5 0 0
840 0.103847 0.625 17.25 0.74902 0.5 0 0
850 0.103847 0.625 17.25 0.615686 0.5 0 0
860 0.10381 0.625 17.875 0.65098 0.5 0 0
870 0.10381 0.625 17.875 0.666667 0.5 0 0
880 0.103804 0.75 18.625 0.776471 0.5 0 0
890 0.103804 0.75 18.625 0.678431 0.5 0 0
900 0.103767 0.8125 19.4375 0.737255 0.5 0 0
910 0.103767 0.8125 19.4375 0.631373 0.5 0 0
920 0.103767 0.8125 20.25 0.741176 0.5 0 0
930 0.103767 0.8125 20.25 0.741176 0.5 0 0
940 0.103767 0.8125 21.0625 0.635294 0.5 0 0
950 0.103767 0.8125 21.0625 0.741176 0.5 0 0
960 0.103759 0.75 21.8125 0.74902 0.5 0 0
970 0.103759 0.75 21.8125 0.733333 0.5 0 0
980 0.103748 0.6875 22.5 0.717647 0.5 0 0
990 0.103748 0.6875 22.5 0.635294 0.5 0 0
1000 0.103746 0.6875 23.1875 0.737255 0.5 0 0
1010 0.103746 0.6875 23.1875 0.768627 0.5 0 0
1020 0.103737 0.4375 23.625 0.74902 0.5 0 0
1030 0.103737 0.4375 23.625 0.768627 0.5 0 0
1040 0.10373 0.5625 24.1875 0.65098 0.5 0 0
1050 0.10373 0.5625 24.1875 0.658824 0.5 0 0
1060 0.103728 0.5625 24.75 0.639216 0.5 0 0
1070 0.103728 0.5625 24.75 0.705882 0.5 0 0
1080 0.103721 0.5625 25.3125 0.74902 0.5 0 0
1090 0.103721 0.5625 25.3125 0.768627 0.5 0 0
1100 0.103538 0.6875 26 0.717647 0.5 0 0
1110 0.103538 0.6875 26 0.631373 0.5 0 0
1120 0.103533 0.75 26.75 0.764706 0.5 0 0
1130 0.103533 0.75 26.75 0.658824 0.5 0 0
1140 0.103527 0.625 27.375 0.768627 0.5 0 0
1150 0.103527 0.625 27.375 0.764706 0.5 0 0
1160 0.103518 0.75 28.125 0.74902 0.5 0 0
1170 0.103518 0.75 28.125 0.768627 0.5 0 0
1180 0.103518 0.75 28.875 0.768627 0.5 0 0
1190 0.103518 0.75 28.875 0.658824 0.5 0 0
1200 0.1035 0.8125 29.6875 0.67451 0.5 0 0
1210 0.1035 0.8125 29.6875 0.635294 0.5 0 0
1220 0.103502 0.8125 30.5 0.768627 0.5 0 0
1230 0.103502 0.8125 30.5 0.666667 0.5 0 0
1240 0.103491 0.8125 31.3125 0.776471 0.5 0 0
1250 0.103491 0.8125 31.3125 0.678431 0.5 0 0
1260 0.103482 0.8125 32.125 0.639216 0.5 0 0
1270 0.103482 0.8125 32.125 0.607843 0.5 0 0
1280 0.103475 0.6875 32.8125 0.670588 0.5 0 0
1290 0.103475 0.6875 32.8125 0.639216 0.5 0 0
1300 0.103475 0.6875 33.5 0.686275 0.5 0 0
1310 0.103475 0.6875 33.5 0.764706 0.5 0 0
1320 0.103475 0.8125 34.3125 0.764706 0.5 0 0
1330 0.103475 0.8125 34.3125 0.741176 0.5 0 0
1340 0.103475 0.8125 35.125 0.670588 0.5 0 0
1350 0.103475 0.8125 35.125 0.67451 0.5 0 0
1360 0.10347 0.75 35.875 0.74902 0.5 0 0
1370 0.10347 0.75 35.875 0.745098 0.5 0 0
1380 0.103468 0.625 36.5 0.658824 0.5 0 0
1390 0.103468 0.625 36.5 0.74902 0.5 0 0
1400 0.103459 0.75 37.25 0.737255 0.5 0 0
1410 0.103459 0.75 37.25 0.6 0.5 0 0
1420 0.103459 0.6875 37.9375 0.768627 0.5 0 0
1430 0.103459 0.6875 37.9375 0.768627 0.5 0 0
1440 0.103459 0.6875 38.625 0.662745 0.5 0 0
1450 0.103459 0.6875 38.625 0.666667 0.5 0 0
1460 0.103458 0.5625 39.1875 0.717647 0.5 0 0
1470 0.103458 0.5625 39.1875 0.737255 0.5 0 0
1480 0.103452 0.625 39.8125 0.607843 0.5 0 0
1490 0.103452 0.625 39.8125 0.705882 0.5 0 0
1500 0.103427 0.625 40.4375 0.737255 0.5 0 0
1510 0.103427 0.625 40.4375 0.737255 0.5 0 0
1520 0.103423 0.6875 41.125 0.737255 0.5 0 0
1530 0.103423 0.6875 41.125 0.705882 0.5 0 0
1540 0.103423 0.6875 41.8125 0.741176 0.5 0 0
1550 0.103423 0.6875 41.8125 0.764706 0.5 0 0
1560 0.103422 0.6875 42.5 0.635294 0.5 0 0
1570 0.103422 0.6875 42.5 0.741176 0.5 0 0
1580 0.10342 0.6875 43.1875 0.737255 0.5 0 0
1590 0.10342 0.6875 43.1875 0.745098 0.5 0 0
1600 0.10341 0.6875 43.875 0.709804 0.5 0 0
1610 0.10341 0.6875 43.875 0.741176 0.5 0 0
1620 0.103408 0.6875 44.5625 0.686275 0.5 0 0
1630 0.103408 0.6875 44.5625 0.717647 0.5 0 0
1640 0.103408 0.875 45.4375 0.611765 0.5 0 0
1650 0.103408 0.875 45.4375 0.74902 0.5 0 0
1660 0.103378 0.875 46.3125 0.768627 0.5 0 0
1670 0.103378 0.875 46.3125 0.666667 0.5 0 0
1680 0.103378 0.875 47.1875 0.741176 0.5 0 0
1690 0.103378 0.875 47.1875 0.631373 0.5 0 0
1700 0.103376 0.875 48.0625 0.678431 0.5 0 0
1710 0.103376 0.875 48.0625 0.678431 0.5 0 0
1720 0.103358 0.9375 49 0.768627 0.5 0 0
1730 0.103358 0.9375 49 0.666667 0.5 0 0
1740 0.103287 0.875 49.875 0.768627 0.5 0 0
1750 0.103287 0.875 49.875 0.717647 0.5 0 0
1760 0.103281 0.8125 50.6875 0.709804 0.5 0 0
1770 0.103281 0.8125 50.6875 0.741176 0.5 0 0
1780 0.103281 0.8125 51.5 0.647059 0.5 0 0
1790 0.103281 0.8125 51.5 0.741176 0.5 0 0
1800 0.103265 0.8125 52.3125 0.74902 0.5 0 0
1810 0.103265 0.8125 52.3125 0.615686 0.5 0 0
1820 0.103265 0.8125 53.125 0.635294 0.5 0 0
1830 0.103265 0.8125 53.125 0.666667 0.5 0 0
1840 0.103265 0.8125 53.9375 0.74902 0.5 0 0
1850 0.103265 0.8125 53.9375 0.670588 0.5 0 0
1860 0.103265 0.8125 54.75 0.737255 0.5 0 0
1870 0.103265 0.8125 54.75 0.768627 0.5 0 0
1880 0.103265 0.9375 55.6875 0.745098 0.5 0 0
1890 0.103265 0.9375 55.6875 0.639216 0.5 0 0
1900 0.103265 0.9375 56.625 0.709804 0.5 0 0
1910 0.103265 0.9375 56.625 0.741176 0.5 0 0
1920 0.103265 0.6875 57.3125 0.631373 0.5 0 0
1930 0.103265 0.6875 57.3125 0.764706 0.5 0 0
1940 0.103214 0.8125 58.125 0.74902 0.5 0 0
1950 0.103214 0.8125 58.125 0.74902 0.5 0 0
1960 0.103212 0.8125 58.9375 0.741176 0.5 0 0
1970 0.103212 0.8125 58.9375 0.643137 0.5 0 0
1980 0.10277 0.875 59.8125 0.639216 0.5 0 0
1990 0.10277 0.875 59.8125 0.588235 0.5 0 0
2000 0.101561 0.875 60.6875 0.560784 0.5 0 0
2010 0.101561 0.875 60.6875 0.592157 0.5 0 0
2020 0.100288 0.875 61.5625 0.611765 0.5 0 0
2030 0.100288 0.875 61.5625 0.694118 0.5 0 0
2040 0.0985418 0.75 62.3125 0.741176 0.5 0 0
2050 0.0985418 0.75 62.3125 0.717647 0.5 0 0
2060 0.0973417 0.8125 63.125 0.517647 0.5 0 0
2070 0.0973417 0.8125 63.125 0.517647 0.5 0 0
2080 0.0965854 0.8125 63.9375 0.517647 0.5 0 0
2090 0.0965854 0.8125 63.9375 0.517647 0.5 0 0
2100 0.0961616 0.875 64.8125 0.513725 0.5 0 0
2110 0.0961616 0.875 64.8125 0.517647 0.5 0 0
2120 0.0962608 0.875 65.6875 0.517647 0.5 0 0
2130 0.0962608 0.875 65.6875 0.517647 0.5 0 0
2140 0.0967467 0.75 66.4375 0.521569 0.5 0 0
2150 0.0967467 0.75 66.4375 0.521569 0.5 0 0
2160 0.0967842 0.75 67.1875 0.517647 0.5 0 0
2170 0.0967842 0.75 67.1875 0.517647 0.5 0 0
2180 0.0969871 0.75 67.9375 0.509804 0.5 0 0
2190 0.0969871 0.75 67.9375 0.490196 0.5 0 0
2200 0.096738 0.6875 68.625 0.470588 0.5 0 0
2210 0.096738 0.6875 68.625 0.458824 0.5 0 0
2220 0.0965494 0.625 69.25 0.45098 0.5 0 0
2230 0.0965494 0.625 69.25 0.447059 0.5 0 0
2240 0.0963378 0.625 69.875 0.447059 0.5 0 0
2250 0.0963378 0.625 69.875 0.447059 0.5 0 0
2260 0.096185 0.625 70.5 0.447059 0.5 0 0
2270 0.096185 0.625 70.5 0.447059 0.5 0 0
2280 0.096164 0.5625 71.0625 0.447059 0.5 0 0
2290 0.096164 0.5625 71.0625 0.447059 0.5 0 0
2300 0.096164 0.625 71.6875 0.447059 0.5 0 0
2310 0.096164 0.625 71.6875 0.45098 0.5 0 0
2320 0.0960407 0.75 72.4375 0.447059 0.5 0 0
2330 0.0960407 0.75 72.4375 0.447059 0.5 0 0
2340 0.0950879 0.625 73.0625 0.447059 0.5 0 0
2350 0.0950879 0.625 73.0625 0.447059 0.5 0 0
2360 0.0946744 0.6875 73.75 0.447059 0.5 0 0
2370 0.0946744 0.6875 73.75 0.447059 0.5 0 0
2380 0.0941731 0.75 74.5 0.447059 0.5 0 0
2390 0.0941731 0.75 74.5 0.447059 0.5 0 0
2400 0.0940602 0.75 75.25 0.45098 0.5 0 0
2410 0.0940602 0.75 75.25 0.447059 0.5 0 0
2420 0.0940165 0.75 76 0.447059 0.5 0 0
2430 0.0940165 0.75 76 0.447059 0.5 0 0
2440 0.0939779 0.6875 76.6875 0.447059 0.5 0 0
2450 0.0939779 0.6875 76.6875 0.447059 0.5 0 0
2460 0.0939414 0.6875 77.375 0.447059 0.5 0 0
2470 0.0939414 0.6875 77.375 0.447059 0.5 0 0
2480 0.0938585 0.625 78 0.45098 0.5 0 0
2490 0.0938585 0.625 78 0.447059 0.5 0 0
2500 0.0938585 0.625 78.625 0.447059 0.5 0 0
2510 0.0938585 0.625 78.625 0.447059 0.5 0 0
2520 0.0938585 0.6875 79.3125 0.447059 0.5 0 0
2530 0.0938585 0.6875 79.3125 0.447059 0.5 0 0
2540 0.0938585 0.6875 80 0.447059 0.5 0 0
2550 0.0938585 0.6875 80 0.447059 0.5 0 0
2560 0.0938585 0.6875 80.6875 0.45098 0.5 0 0
2570 0.0938585 0.6875 80.6875 0.447059 0.5 0 0
2580 0.0938585 0.6875 81.375 0.447059 0.5 0 0
2590 0.0938585 0.6875 81.375 0.447059 0.5 0 0
2600 0.0938585 0.5625 81.9375 0.45098 0.5 0 0
2610 0.0938585 0.5625 81.9375 0.447059 0.5 0 0
2620 0.093772 0.5625 82.5 0.447059 0.5 0 0
2630 0.093772 0.5625 82.5 0.45098 0.5 0 0
2640 0.093772 0.5625 83.0625 0.45098 0.5 0 0
2650 0.093772 0.5625 83.0625 0.447059 0.5 0 0
2660 0.093772 0.625 83.6875 0.447059 0.5 0 0
2670 0.093772 0.625 83.6875 0.447059 0.5 0 0
2680 0.0937775 0.625 84.3125 0.447059 0.5 0 0
2690 0.0937775 0.625 84.3125 0.447059 0.5 0 0
2700 0.0937765 0.6875 85 0.447059 0.5 0 0
2710 0.0937765 0.6875 85 0.45098 0.5 0 0
2720 0.0937764 0.75 85.75 0.447059 0.5 0 0
2730 0.0937764 0.75 85.75 0.447059 0.5 0 0
2740 0.0937764 0.75 86.5 0.447059 0.5 0 0
2750 0.0937764 0.75 86.5 0.45098 0.5 0 0
2760 0.0937764 0.75 87.25 0.447059 0.5 0 0
2770 0.0937764 0.75 87.25 0.447059 0.5 0 0
2780 0.0937764 0.75 88 0.447059 0.5 0 0
2790 0.0937764 0.75 88 0.447059 0.5 0 0
2800 0.0937764 0.625 88.625 0.447059 0.5 0 0
2810 0.0937764 0.625 88.625 0.45098 0.5 0 0
2820 0.0937764 0.625 89.25 0.45098 0.5 0 0
2830 0.0937764 0.625 89.25 0.45098 0.5 0 0
2840 0.0937895 0.625 89.875 0.447059 0.5 0 0
2850 0.0937895 0.625 89.875 0.443137 0.5 0 0
2860 0.0947998 0.625 90.5 0.443137 0.5 0 0
2870 0.0947998 0.625 90.5 0.439216 0.5 0 0
2880 0.0955118 0.5 91 0.443137 0.5 0 0
2890 0.0955118 0.5 91 0.443137 0.5 0 0
2900 0.0959143 0.625 91.625 0.443137 0.5 0 0
2910 0.0959143 0.625 91.625 0.443137 0.5 0 0
2920 0.0963539 0.6875 92.3125 0.443137 0.5 0 0
2930 0.0963539 0.6875 92.3125 0.443137 0.5 0 0
2940 0.0966504 0.6875 93 0.439216 0.5 0 0
2950 0.0966504 0.6875 93 0.439216 0.5 0 0
2960 0.0967245 0.75 93.75 0.435294 0.5 0 0
2970 0.0967245 0.75 93.75 0.435294 0.5 0 0
2980 0.0964974 0.8125 94.5625 0.435294 0.5 0 0
2990 0.0964974 0.8125 94.5625 0.435294 0.5 0 0
3000 0.0964762 0.8125 95.375 0.435294 0.5 0 0
3010 0.0964762 0.8125 95.375 0.435294 0.5 0 0
3020 0.096602 0.8125 96.1875 0.435294 0.5 0 0
3030 0.096602 0.8125 96.1875 0.435294 0.5 0 0
3040 0.096653 0.8125 97 0.435294 0.5 0 0
3050 0.096653 0.8125 97 0.431373 0.5 0 0
3060 0.0966515 0.75 97.75 0.435294 0.5 0 0
3070 0.0966515 0.75 97.75 0.435294 0.5 0 0
3080 0.0966322 0.875 98.625 0.431373 0.5 0 0
3090 0.0966322 0.875 98.625 0.431373 0.5 0 0
3100 0.0965495 0.875 99.5 0.431373 0.5 0 0
3110 0.0965495 0.875 99.5 0.431373 0.5 0 0
3120 0.0964662 0.8125 100.312 0.431373 0.5 0 0
3130 0.0964662 0.8125 100.312 0.431373 0.5 0 0
3140 0.0962917 0.9375 101.25 0.431373 0.5 0 0
3150 0.0962917 0.9375 101.25 0.427451 0.5 0 0
3160 0.0962601 0.9375 102.188 0.427451 0.5 0 0
3170 0.0962601 0.9375 102.188 0.427451 0.5 0 0
3180 0.0962605 0.9375 103.125 0.427451 0.5 0 0
3190 0.0962605 0.9375 103.125 0.427451 0.5 0 0
3200 0.0962593 0.9375 104.062 0.427451 0.5 0 0
3210 0.0962593 0.9375 104.062 0.427451 0.5 0 0
3220 0.0962611 0.9375 105 0.427451 0.5 0 0
3230 0.0962611 0.9375 105 0.427451 0.5 0 0
3240 0.0962648 0.9375 105.938 0.427451 0.5 0 0
3250 0.0962648 0.9375 105.938 0.427451 0.5 0 0
3260 0.0962622 0.9375 106.875 0.423529 0.5 0 0
3270 0.0962622 0.9375 106.875 0.427451 0.5 0 0
3280 0.0962537 0.875 107.75 0.427451 0.5 0 0
3290 0.0962537 0.875 107.75 0.427451 0.5 0 0
3300 0.096214 0.8125 108.562 0.423529 0.5 0 0
3310 0.096214 0.8125 108.562 0.423529 0.5 0 0
3320 0.0959658 0.8125 109.375 0.423529 0.5 0 0
3330 0.0959658 0.8125 109.375 0.423529 0.5 0 0
3340 0.0959598 0.75 110.125 0.423529 0.5 0 0
3350 0.0959598 0.75 110.125 0.423529 0.5 0 0
3360 0.0959548 0.6875 110.812 0.423529 0.5 0 0
3370 0.0959548 0.6875 110.812 0.423529 0.5 0 0
3380 0.0959366 0.75 111.562 0.423529 0.5 0 0
3390 0.0959366 0.75 111.562 0.423529 0.5 0 0
3400 0.0958025 0.6875 112.25 0.423529 0.5 0 0
3410 0.0958025 0.6875 112.25 0.423529 0.5 0 0
3420 0.0957893 0.75 113 0.423529 0.5 0 0
3430 0.0957893 0.75 113 0.423529 0.5 0 0
3440 0.0957283 0.625 113.625 0.423529 0.5 0 0
3450 0.0957283 0.625 113.625 0.423529 0.5 0 0
3460 0.0957327 0.625 114.25 0.423529 0.5 0 0
3470 0.0957327 0.625 114.25 0.423529 0.5 0 0
3480 0.0957349 0.6875 114.938 0.423529 0.5 0 0
3490 0.0957349 0.6875 114.938 0.423529 0.5 0 0
3500 0.0957437 0.8125 115.75 0.423529 0.5 0 0
3510 0.0957437 0.8125 115.75 0.423529 0.5 0 0
3520 0.095695 0.8125 116.562 0.423529 0.5 0 0
3530 0.095695 0.8125 116.562 0.423529 0.5 0 0
3540 0.0957015 0.8125 117.375 0.423529 0.5 0 0
3550 0.0957015 0.8125 117.375 0.423529 0.5 0 0
3560 0.0957095 0.8125 118.188 0.423529 0.5 0 0
3570 0.0957095 0.8125 118.188 0.423529 0.5 0 0
3580 0.0957174 0.625 118.812 0.423529 0.5 0 0
3590 0.0957174 0.625 118.812 0.423529 0.5 0 0
3600 0.0957246 0.8125 119.625 0.423529 0.5 0 0
3610 0.0957246 0.8125 119.625 0.423529 0.5 0 0
3620 0.0957302 0.8125 120.438 0.423529 0.5 0 0
3630 0.0957302 0.8125 120.438 0.423529 0.5 0 0
3640 0.0955786 0.9375 121.375 0.423529 0.5 0 0
3650 0.0955786 0.9375 121.375 0.423529 0.5 0 0
3660 0.0955406 0.9375 122.312 0.423529 0.5 0 0
3670 0.0955406 0.9375 122.312 0.423529 0.5 0 0
3680 0.0955428 0.9375 123.25 0.423529 0.5 0 0
3690 0.0955428 0.9375 123.25 0.423529 0.5 0 0
3700 0.0955449 0.9375 124.188 0.423529 0.5 0 0
3710 0.0955449 0.9375 124.188 0.423529 0.5 0 0
3720 0.0955482 0.9375 125.125 0.423529 0.5 0 0
3730 0.0955482 0.9375 125.125 0.423529 0.5 0 0
3740 0.0955524 0.9375 126.062 0.423529 0.5 0 0
3750 0.0955524 0.9375 126.062 0.423529 0.5 0 0
3760 0.0955557 0.8125 126.875 0.423529 0.5 0 0
3770 0.0955557 0.8125 126.875 0.423529 0.5 0 0
3780 0.0955598 0.8125 127.688 0.423529 0.5 0 0
3790 0.0955598 0.8125 127.688 0.423529 0.5 0 0
3800 0.0955636 0.8125 128.5 0.423529 0.5 0 0
3810 0.0955636 0.8125 128.5 0.423529 0.5 0 0
3820 0.0955673 0.8125 129.312 0.423529 0.5 0 0
3830 0.0955673 0.8125 129.312 0.423529 0.5 0 0
3840 0.0955706 0.75 130.062 0.423529 0.5 0 0
3850 0.0955706 0.75 130.062 0.423529 0.5 0 0
3860 0.0955741 0.75 130.812 0.423529 0.5 0 0
3870 0.0955741 0.75 130.812 0.423529 0.5 0 0
3880 0.0955773 0.75 131.562 0.423529 0.5 0 0
3890 0.0955773 0.75 131.562 0.423529 0.5 0 0
3900 0.095578 0.8125 132.375 0.423529 0.5 0 0
3910 0.095578 0.8125 132.375 0.423529 0.5 0 0
3920 0.0955793 0.6875 133.062 0.423529 0.5 0 0
3930 0.0955793 0.6875 133.062 0.423529 0.5 0 0
3940 0.0955813 0.8125 133.875 0.423529 0.5 0 0
3950 0.0955813 0.8125 133.875 0.423529 0.5 0 0
3960 0.0954644 0.9375 134.812 0.423529 0.5 0 0
3970 0.0954644 0.9375 134.812 0.423529 0.5 0 0
3980 0.095466 0.9375 135.75 0.423529 0.5 0 0
3990 0.095466 0.9375 135.75 0.423529 0.5 0 0
4000 0.0954675 0.875 136.625 0.423529 0.5 0 0
4010 0.0954675 0.875 136.625 0.423529 0.5 0 0
4020 0.0954684 0.9375 137.562 0.423529 0.5 0 0
4030 0.0954684 0.9375 137.562 0.423529 0.5 0 0
4040 0.0954676 0.9375 138.5 0.423529 0.5 0 0
4050 0.0954676 0.9375 138.5 0.423529 0.5 0 0
4060 0.0954827 0.9375 139.438 0.423529 0.5 0 0
4070 0.0954827 0.9375 139.438 0.423529 0.5 0 0
4080 0.0955013 0.875 140.312 0.423529 0.5 0 0
4090 0.0955013 0.875 140.312 0.423529 0.5 0 0
4100 0.0955198 0.875 141.188 0.423529 0.5 0 0
4110 0.0955198 0.875 141.188 0.423529 0.5 0 0
4120 0.0955376 0.875 142.062 0.423529 0.5 0 0
4130 0.0955376 0.875 142.062 0.419608 0.5 0 0
4140 0.0955536 0.875 142.938 0.423529 0.5 0 0
4150 0.0955536 0.875 142.938 0.423529 0.5 0 0
4160 0.0955693 0.875 143.812 0.423529 0.5 0 0
4170 0.0955693 0.875 143.812 0.423529 0.5 0 0
4180 0.0955866 0.875 144.688 0.419608 0.5 0 0
4190 0.0955866 0.875 144.688 0.419608 0.5 0 0
4200 0.0956042 0.875 145.562 0.419608 0.5 0 0
4210 0.0956042 0.875 145.562 0.419608 0.5 0 0
4220 0.0956178 0.875 146.438 0.419608 0.5 0 0
4230 0.0956178 0.875 146.438 0.419608 0.5 0 0
4240 0.0956274 0.8125 147.25 0.419608 0.5 0 0
4250 0.0956274 0.8125 147.25 0.419608 0.5 0 0
4260 0.0956369 0.875 148.125 0.419608 0.5 0 0
4270 0.0956369 0.875 148.125 0.419608 0.5 0 0
4280 0.0956434 0.9375 149.062 0.419608 0.5 0 0
4290 0.0956434 0.9375 149.062 0.419608 0.5 0 0
4300 0.0956517 0.9375 150 0.419608 0.5 0 0
4310 0.0956517 0.9375 150 0.419608 0.5 0 0
4320 0.0956606 0.9375 150.938 0.419608 0.5 0 0
4330 0.0956606 0.9375 150.938 0.419608 0.5 0 0
4340 0.0956691 0.6875 151.625 0.419608 0.5 0 0
4350 0.0956691 0.6875 151.625 0.419608 0.5 0 0
4360 0.0956772 0.8125 152.438 0.419608 0.5 0 0
4370 0.0956772 0.8125 152.438 0.419608 0.5 0 0
4380 0.095684 0.8125 153.25 0.419608 0.5 0 0
4390 0.095684 0.8125 153.25 0.419608 0.5 0 0
4400 0.0956907 0.8125 154.062 0.419608 0.5 0 0
4410 0.0956907 0.8125 154.062 0.419608 0.5 0 0
4420 0.0956969 0.875 154.938 0.419608 0.5 0 0
4430 0.0956969 0.875 154.938 0.419608 0.5 0 0
4440 0.0957037 0.8125 155.75 0.419608 0.5 0 0
4450 0.0957037 0.8125 155.75 0.419608 0.5 0 0
4460 0.0954947 0.8125 156.562 0.419608 0.5 0 0
4470 0.0954947 0.8125 156.562 0.419608 0.5 0 0
4480 0.095505 0.9375 157.5 0.419608 0.5 0 0
4490 0.095505 0.9375 157.5 0.419608 0.5 0 0
4500 0.0955141 0.9375 158.438 0.419608 0.5 0 0
4510 0.0955141 0.9375 158.438 0.419608 0.5 0 0
4520 0.0955233 0.9375 159.375 0.419608 0.5 0 0
4530 0.0955233 0.9375 159.375 0.419608 0.5 0 0
4540 0.0955106 0.9375 160.312 0.419608 0.5 0 0
4550 0.0955106 0.9375 160.312 0.419608 0.5 0 0
4560 0.0955206 0.9375 161.25 0.419608 0.5 0 0
4570 0.0955206 0.9375 161.25 0.415686 0.5 0 0
4580 0.0955339 0.8125 162.062 0.415686 0.5 0 0
4590 0.0955339 0.8125 162.062 0.415686 0.5 0 0
4600 0.0955382 1 163.062 0.415686 0.5 0 0
4610 0.0955382 1 163.062 0.415686 0.5 0 0
4620 0.0955403 1 164.062 0.415686 0.5 0 0
4630 0.0955403 1 164.062 0.415686 0.5 0 0
4640 0.0955447 1 165.062 0.415686 0.5 0 0
4650 0.0955447 1 165.062 0.415686 0.5 0 0
4660 0.0955805 0.8125 165.875 0.415686 0.5 0 0
4670 0.0955805 0.8125 165.875 0.415686 0.5 0 0
4680 0.0956137 0.8125 166.688 0.415686 0.5 0 0
4690 0.0956137 0.8125 166.688 0.415686 0.5 0 0
4700 0.0956765 0.875 167.562 0.415686 0.5 0 0
4710 0.0956765 0.875 167.562 0.415686 0.5 0 0
4720 0.0957104 0.9375 168.5 0.415686 0.5 0 0
4730 0.0957104 0.9375 168.5 0.415686 0.5 0 0
4740 0.0956771 0.75 169.25 0.415686 0.5 0 0
4750 0.0956771 0.75 169.25 0.415686 0.5 0 0
4760 0.0956528 0.75 170 0.415686 0.5 0 0
4770 0.0956528 0.75 170 0.415686 0.5 0 0
4780 0.0956501 0.8125 170.812 0.415686 0.5 0 0
4790 0.0956501 0.8125 170.812 0.415686 0.5 0 0
4800 0.0956478 0.8125 171.625 0.415686 0.5 0 0
4810 0.0956478 0.8125 171.625 0.415686 0.5 0 0
4820 0.0956477 0.6875 172.312 0.415686 0.5 0 0
4830 0.0956477 0.6875 172.312 0.415686 0.5 0 0
4840 0.0956462 0.875 173.188 0.415686 0.5 0 0
4850 0.0956462 0.875 173.188 0.415686 0.5 0 0
4860 0.0956445 0.8125 174 0.415686 0.5 0 0
4870 0.0956445 0.8125 174 0.415686 0.5 0 0
4880 0.0953514 0.8125 174.812 0.415686 0.5 0 0
4890 0.0953514 0.8125 174.812 0.415686 0.5 0 0
4900 0.0950594 0.8125 175.625 0.415686 0.5 0 0
4910 0.0950594 0.8125 175.625 0.415686 0.5 0 0
4920 0.0950555 0.8125 176.438 0.415686 0.5 0 0
4930 0.0950555 0.8125 176.438 0.415686 0.5 0 0
4940 0.0950538 0.75 177.188 0.415686 0.5 0 0
4950 0.0950538 0.75 177.188 0.415686 0.5 0 0
4960 0.0950529 0.5625 177.75 0.415686 0.5 0 0
4970 0.0950529 0.5625 177.75 0.415686 0.5 0 0
4980 0.0948286 0.8125 178.562 0.415686 0.5 0 0
4990 0.0948286 0.8125 178.562 0.415686 0.5 0 0
5000 0.0948254 0.75 179.312 0.415686 0.5 0 0
5010 0.0948254 0.75 179.312 0.415686 0.5 0 0
5020 0.0945304 0.75 180.062 0.415686 0.5 0 0
5030 0.0945304 0.75 180.062 0.415686 0.5 0 0
5040 0.094503 0.75 180.812 0.415686 0.5 0 0
5050 0.094503 0.75 180.812 0.415686 0.5 0 0
5060 0.0944635 0.75 181.562 0.415686 0.5 0 0
5070 0.0944635 0.75 181.562 0.415686 0.5 0 0
5080 0.0944624 0.75 182.312 0.415686 0.5 0 0
5090 0.0944624 0.75 182.312 0.415686 0.5 0 0
5100 0.0944624 0.75 183.062 0.415686 0.5 0 0
5110 0.0944624 0.75 183.062 0.415686 0.5 0 0
5120 0.0944624 0.625 183.688 0.415686 0.5 0 0
5130 0.0944624 0.625 183.688 0.415686 0.5 0 0
5140 0.0944624 0.6875 184.375 0.415686 0.5 0 0
5150 0.0944624 0.6875 184.375 0.415686 0.5 0 0
5160 0.0944607 0.6875 185.062 0.415686 0.5 0 0
5170 0.0944607 0.6875 185.062 0.415686 0.5 0 0
5180 0.0944607 0.6875 185.75 0.415686 0.5 0 0
5190 0.0944607 0.6875 185.75 0.415686 0.5 0 0
5200 0.0944607 0.6875 186.438 0.415686 0.5 0 0
5210 0.0944607 0.6875 186.438 0.415686 0.5 0 0
5220 0.0944607 0.6875 187.125 0.415686 0.5 0 0
5230 0.0944607 0.6875 187.125 0.415686 0.5 0 0
5240 0.0944297 0.625 187.75 0.415686 0.5 0 0
5250 0.0944297 0.625 187.75 0.415686 0.5 0 0
5260 0.094418 0.6875 188.438 0.415686 0.5 0 0
5270 0.094418 0.6875 188.438 0.415686 0.5 0 0
5280 0.0944107 0.6875 189.125 0.415686 0.5 0 0
5290 0.0944107 0.6875 189.125 0.415686 0.5 0 0
5300 0.0943995 0.75 189.875 0.415686 0.5 0 0
5310 0.0943995 0.75 189.875 0.415686 0.5 0 0
5320 0.094388 0.75 190.625 0.415686 0.5 0 0
5330 0.094388 0.75 190.625 0.415686 0.5 0 0
5340 0.094388 0.75 191.375 0.415686 0.5 0 0
5350 0.094388 0.75 191.375 0.415686 0.5 0 0
5360 0.0943866 0.75 192.125 0.415686 0.5 0 0
5370 0.0943866 0.75 192.125 0.415686 0.5 0 0
5380 0.094376 0.5 192.625 0.415686 0.5 0 0
5390 0.094376 0.5 192.625 0.415686 0.5 0 0
5400 0.0943499 0.625 193.25 0.415686 0.5 0 0
5410 0.0943499 0.625 193.25 0.415686 0.5 0 0
5420 0.0943373 0.625 193.875 0.415686 0.5 0 0
5430 0.0943373 0.625 193.875 0.415686 0.5 0 0
5440 0.0943234 0.5625 194.438 0.415686 0.5 0 0
5450 0.0943234 0.5625 194.438 0.415686 0.5 0 0
5460 0.094314 0.5625 195 0.415686 0.5 0 0
5470 0.094314 0.5625 195 0.415686 0.5 0 0
5480 0.0942462 0.625 195.625 0.415686 0.5 0 0
5490 0.0942462 0.625 195.625 0.415686 0.5 0 0
5500 0.0939892 0.6875 196.312 0.415686 0.5 0 0
5510 0.0939892 0.6875 196.312 0.415686 0.5 0 0
5520 0.0939892 0.6875 197 0.415686 0.5 0 0
5530 0.0939892 0.6875 197 0.415686 0.5 0 0
5540 0.0939881 0.6875 197.688 0.415686 0.5 0 0
5550 0.0939881 0.6875 197.688 0.415686 0.5 0 0
5560 0.0939871 0.6875 198.375 0.415686 0.5 0 0
5570 0.0939871 0.6875 198.375 0.415686 0.5 0 0
5580 0.0939871 0.625 199 0.415686 0.5 0 0
5590 0.0939871 0.625 199 0.415686 0.5 0 0
5600 0.093986 0.625 199.625 0.415686 0.5 0 0
5610 0.093986 0.625 199.625 0.415686 0.5 0 0
5620 0.093983 0.75 200.375 0.415686 0.5 0 0
5630 0.093983 0.75 200.375 0.415686 0.5 0 0
5640 0.0939819 0.75 201.125 0.415686 0.5 0 0
5650 0.0939819 0.75 201.125 0.415686 0.5 0 0
5660 0.0939819 0.75 201.875 0.415686 0.5 0 0
5670 0.0939819 0.75 201.875 0.415686 0.5 0 0
5680 0.0939819 0.75 202.625 0.415686 0.5 0 0
5690 0.0939819 0.75 202.625 0.415686 0.5 0 0
5700 0.0939819 0.75 203.375 0.415686 0.5 0 0
5710 0.0939819 0.75 203.375 0.415686 0.5 0 0
5720 0.0939819 0.75 204.125 0.415686 0.5 0 0
5730 0.0939819 0.75 204.125 0.415686 0.5 0 0
5740 0.0939771 0.6875 204.812 0.415686 0.5 0 0
5750 0.0939771 0.6875 204.812 0.415686 0.5 0 0
5760 0.0939681 0.6875 205.5 0.415686 0.5 0 0
5770 0.0939681 0.6875 205.5 0.415686 0.5 0 0
5780 0.093902 0.625 206.125 0.415686 0.5 0 0
5790 0.093902 0.625 206.125 0.415686 0.5 0 0
5800 0.093889 0.6875 206.812 0.415686 0.5 0 0
5810 0.093889 0.6875 206.812 0.415686 0.5 0 0
5820 0.093889 0.6875 207.5 0.415686 0.5 0 0
5830 0.093889 0.6875 207.5 0.415686 0.5 0 0
5840 0.093889 0.6875 208.188 0.415686 0.5 0 0
5850 0.093889 0.6875 208.188 0.415686 0.5 0 0
5860 0.093889 0.6875 208.875 0.415686 0.5 0 0
5870 0.093889 0.6875 208.875 0.415686 0.5 0 0
5880 0.093889 0.6875 209.562 0.415686 0.5 0 0
5890 0.093889 0.6875 209.562 0.415686 0.5 0 0
5900 0.0938834 0.625 210.188 0.415686 0.5 0 0
5910 0.0938834 0.625 210.188 0.415686 0.5 0 0
5920 0.0938754 0.625 210.812 0.415686 0.5 0 0
5930 0.0938754 0.625 210.812 0.415686 0.5 0 0
5940 0.0938754 0.5 211.312 0.415686 0.5 0 0
5950 0.0938754 0.5 211.312 0.415686 0.5 0 0
5960 0.0938754 0.4375 211.75 0.415686 0.5 0 0
5970 0.0938754 0.4375 211.75 0.415686 0.5 0 0
5980 0.0938754 0.4375 212.188 0.415686 0.5 0 0
5990 0.0938754 0.4375 212.188 0.415686 0.5 0 0
6000 0.093843 0.6875 212.875 0.415686 0.5 0 0
6010 0.093843 0.6875 212.875 0.415686 0.5 0 0
6020 0.0938003 0.6875 213.562 0.415686 0.5 0 0
6030 0.0938003 0.6875 213.562 0.415686 0.5 0 0
6040 0.0937954 0.625 214.188 0.415686 0.5 0 0
6050 0.0937954 0.625 214.188 0.415686 0.5 0 0
6060 0.0937954 0.8125 215 0.415686 0.5 0 0
6070 0.0937954 0.8125 215 0.415686 0.5 0 0
6080 0.0937954 0.8125 215.812 0.415686 0.5 0 0
6090 0.0937954 0.8125 215.812 0.415686 0.5 0 0
6100 0.0937954 0.8125 216.625 0.415686 0.5 0 0
6110 0.0937954 0.8125 216.625 0.415686 0.5 0 0
6120 0.0937954 0.6875 217.312 0.415686 0.5 0 0
6130 0.0937954 0.6875 217.312 0.415686 0.5 0 0
6140 0.0937954 0.6875 218 0.415686 0.5 0 0
6150 0.0937954 0.6875 218 0.415686 0.5 0 0
6160 0.0937954 0.6875 218.688 0.415686 0.5 0 0
6170 0.0937954 0.6875 218.688 0.415686 0.5 0 0
6180 0.0939372 0.6875 219.375 0.415686 0.5 0 0
6190 0.0939372 0.6875 219.375 0.415686 0.5 0 0
6200 0.093925 0.6875 220.062 0.415686 0.5 0 0
6210 0.093925 0.6875 220.062 0.415686 0.5 0 0
6220 0.0942022 0.6875 220.75 0.415686 0.5 0 0
6230 0.0942022 0.6875 220.75 0.415686 0.5 0 0
6240 0.0949731 0.6875 221.438 0.411765 0.5 0 0
6250 0.0949731 0.6875 221.438 0.415686 0.5 0 0
6260 0.0959466 0.6875 222.125 0.415686 0.5 0 0
6270 0.0959466 0.6875 222.125 0.415686 0.5 0 0
6280 0.0965137 0.75 222.875 0.415686 0.5 0 0
6290 0.0965137 0.75 222.875 0.415686 0.5 0 0
6300 0.0968807 0.8125 223.688 0.415686 0.5 0 0
6310 0.0968807 0.8125 223.688 0.415686 0.5 0 0
6320 0.0970502 0.8125 224.5 0.411765 0.5 0 0
6330 0.0970502 0.8125 224.5 0.403922 0.5 0 0
6340 0.096725 0.75 225.25 0.4 0.5 0 0
6350 0.096725 0.75 225.25 0.396078 0.5 0 0
6360 0.0964915 0.75 226 0.4 0.5 0 0
6370 0.0964915 0.75 226 0.4 0.5 0 0
6380 0.0964246 0.875 226.875 0.4 0.5 0 0
6390 0.0964246 0.875 226.875 0.4 0.5 0 0
6400 0.0963546 0.8125 227.688 0.4 0.5 0 0
6410 0.0963546 0.8125 227.688 0.4 0.5 0 0
6420 0.0961136 0.875 228.562 0.4 0.5 0 0
6430 0.0961136 0.875 228.562 0.4 0.5 0 0
6440 0.0960667 0.875 229.438 0.4 0.5 0 0
6450 0.0960667 0.875 229.438 0.4 0.5 0 0
6460 0.0957967 0.8125 230.25 0.4 0.5 0 0
6470 0.0957967 0.8125 230.25 0.4 0.5 0 0
6480 0.0956755 0.8125 231.062 0.4 0.5 0 0
6490 0.0956755 0.8125 231.062 0.4 0.5 0 0
6500 0.0956747 0.8125 231.875 0.4 0.5 0 0
6510 0.0956747 0.8125 231.875 0.4 0.5 0 0
6520 0.0956724 0.875 232.75 0.4 0.5 0 0
6530 0.0956724 0.875 232.75 0.4 0.5 0 0
6540 0.0952493 0.875 233.625 0.4 0.5 0 0
6550 0.0952493 0.875 233.625 0.4 0.5 0 0
6560 0.0951572 0.75 234.375 0.4 0.5 0 0
6570 0.0951572 0.75 234.375 0.4 0.5 0 0
6580 0.0949967 0.875 235.25 0.4 0.5 0 0
6590 0.0949967 0.875 235.25 0.4 0.5 0 0
6600 0.0949027 0.875 236.125 0.4 0.5 0 0
6610 0.0949027 0.875 236.125 0.4 0.5 0 0
6620 0.0949023 0.875 237 0.4 0.5 0 0
6630 0.0949023 0.875 237 0.4 0.5 0 0
6640 0.0949011 0.875 237.875 0.4 0.5 0 0
6650 0.0949011 0.875 237.875 0.4 0.5 0 0
6660 0.0948832 0.875 238.75 0.4 0.5 0 0
6670 0.0948832 0.875 238.75 0.4 0.5 0 0
6680 0.0948821 0.875 239.625 0.4 0.5 0 0
6690 0.0948821 0.875 239.625 0.4 0.5 0 0
6700 0.0948284 0.625 240.25 0.4 0.5 0 0
6710 0.0948284 0.625 240.25 0.4 0.5 0 0
6720 0.0947671 0.6875 240.938 0.4 0.5 0 0
6730 0.0947671 0.6875 240.938 0.4 0.5 0 0
6740 0.0947544 0.6875 241.625 0.4 0.5 0 0
6750 0.0947544 0.6875 241.625 0.4 0.5 0 0
6760 0.0947529 0.625 242.25 0.4 0.5 0 0
6770 0.0947529 0.625 242.25 0.4 0.5 0 0
6780 0.0947503 0.6875 242.938 0.4 0.5 0 0
6790 0.0947503 0.6875 242.938 0.4 0.5 0 0
6800 0.0947482 0.6875 243.625 0.4 0.5 0 0
6810 0.0947482 0.6875 243.625 0.4 0.5 0 0
6820 0.0947391 0.6875 244.312 0.4 0.5 0 0
6830 0.0947391 0.6875 244.312 0.4 0.5 0 0
6840 0.0947295 0.8125 245.125 0.4 0.5 0 0
6850 0.0947295 0.8125 245.125 0.4 0.5 0 0
6860 0.0947249 0.8125 245.938 0.4 0.5 0 0
6870 0.0947249 0.8125 245.938 0.4 0.5 0 0
6880 0.0947236 0.75 246.688 0.4 0.5 0 0
6890 0.0947236 0.75 246.688 0.4 0.5 0 0
6900 0.0947233 0.75 247.438 0.4 0.5 0 0
6910 0.0947233 0.75 247.438 0.4 0.5 0 0
6920 0.0947233 0.75 248.188 0.4 0.5 0 0
6930 0.0947233 0.75 248.188 0.4 0.5 0 0
6940 0.0946476 0.625 248.812 0.4 0.5 0 0
6950 0.0946476 0.625 248.812 0.4 0.5 0 0
6960 0.0946342 0.75 249.562 0.4 0.5 0 0
6970 0.0946342 0.75 249.562 0.4 0.5 0 0
6980 0.094616 0.8125 250.375 0.4 0.5 0 0
6990 0.094616 0.8125 250.375 0.4 0.5 0 0
7000 0.0945234 0.8125 251.188 0.4 0.5 0 0
7010 0.0945234 0.8125 251.188 0.4 0.5 0 0
7020 0.0945234 0.8125 252 0.4 0.5 0 0
7030 0.0945234 0.8125 252 0.4 0.5 0 0
7040 0.0945158 0.8125 252.812 0.4 0.5 0 0
7050 0.0945158 0.8125 252.812 0.4 0.5 0 0
7060 0.0945109 0.8125 253.625 0.4 0.5 0 0
7070 0.0945109 0.8125 253.625 0.4 0.5 0 0
7080 0.0945034 0.75 254.375 0.4 0.5 0 0
7090 0.0945034 0.75 254.375 0.4 0.5 0 0
7100 0.0944823 0.6875 255.062 0.4 0.5 0 0
7110 0.0944823 0.6875 255.062 0.4 0.5 0 0
7120 0.0944823 0.8125 255.875 0.4 0.5 0 0
7130 0.0944823 0.8125 255.875 0.4 0.5 0 0
7140 0.0944823 0.75 256.625 0.4 0.5 0 0
7150 0.0944823 0.75 256.625 0.4 0.5 0 0
7160 0.0944759 0.8125 257.438 0.4 0.5 0 0
7170 0.0944759 0.8125 257.438 0.4 0.5 0 0
7180 0.094472 0.8125 258.25 0.4 0.5 0 0
7190 0.094472 0.8125 258.25 0.4 0.5 0 0
7200 0.0944659 0.8125 259.062 0.4 0.5 0 0
7210 0.0944659 0.8125 259.062 0.4 0.5 0 0
7220 0.09448 0.8125 259.875 0.396078 0.5 0 0
7230 0.09448 0.8125 259.875 0.396078 0.5 0 0
7240 0.0950825 0.6875 260.562 0.396078 0.5 0 0
7250 0.0950825 0.6875 260.562 0.396078 0.5 0 0
7260 0.095693 0.6875 261.25 0.396078 0.5 0 0
7270 0.095693 0.6875 261.25 0.396078 0.5 0 0
7280 0.096042 0.6875 261.938 0.396078 0.5 0 0
7290 0.096042 0.6875 261.938 0.396078 0.5 0 0
7300 0.0966372 0.6875 262.625 0.396078 0.5 0 0
7310 0.0966372 0.6875 262.625 0.396078 0.5 0 0
7320 0.0974035 0.625 263.25 0.396078 0.5 0 0
7330 0.0974035 0.625 263.25 0.396078 0.5 0 0
7340 0.0979393 0.75 264 0.396078 0.5 0 0
7350 0.0979393 0.75 264 0.396078 0.5 0 0
7360 0.0983717 0.75 264.75 0.396078 0.5 0 0
7370 0.0983717 0.75 264.75 0.396078 0.5 0 0
7380 0.0986968 0.6875 265.438 0.396078 0.5 0 0
7390 0.0986968 0.6875 265.438 0.392157 0.5 0 0
7400 0.0982133 0.6875 266.125 0.388235 0.5 0 0
7410 0.0982133 0.6875 266.125 0.392157 0.5 0 0
7420 0.0978371 0.75 266.875 0.392157 0.5 0 0
7430 0.0978371 0.75 266.875 0.392157 0.5 0 0
7440 0.0977555 0.6875 267.562 0.388235 0.5 0 0
7450 0.0977555 0.6875 267.562 0.388235 0.5 0 0
7460 0.0975228 0.6875 268.25 0.388235 0.5 0 0
7470 0.0975228 0.6875 268.25 0.388235 0.5 0 0
7480 0.0968931 0.6875 268.938 0.388235 0.5 0 0
7490 0.0968931 0.6875 268.938 0.384314 0.5 0 0
7500 0.0963342 0.75 269.688 0.384314 0.5 0 0
7510 0.0963342 0.75 269.688 0.384314 0.5 0 0
7520 0.0958405 0.75 270.438 0.384314 0.5 0 0
7530 0.0958405 0.75 270.438 0.384314 0.5 0 0
7540 0.0956177 0.75 271.188 0.384314 0.5 0 0
7550 0.0956177 0.75 271.188 0.384314 0.5 0 0
7560 0.0950952 0.75 271.938 0.384314 0.5 0 0
7570 0.0950952 0.75 271.938 0.384314 0.5 0 0
7580 0.0949202 0.75 272.688 0.384314 0.5 0 0
7590 0.0949202 0.75 272.688 0.384314 0.5 0 0
7600 0.094901 0.6875 273.375 0.384314 0.5 0 0
7610 0.094901 0.6875 273.375 0.384314 0.5 0 0
7620 0.0947932 0.75 274.125 0.384314 0.5 0 0
7630 0.0947932 0.75 274.125 0.384314 0.5 0 0
7640 0.0947488 0.75 274.875 0.384314 0.5 0 0
7650 0.0947488 0.75 274.875 0.384314 0.5 0 0
7660 0.0947449 0.8125 275.688 0.384314 0.5 0 0
7670 0.0947449 0.8125 275.688 0.384314 0.5 0 0
7680 0.0947449 0.8125 276.5 0.384314 0.5 0 0
7690 0.0947449 0.8125 276.5 0.384314 0.5 0 0
7700 0.0947449 0.8125 277.312 0.384314 0.5 0 0
7710 0.0947449 0.8125 277.312 0.384314 0.5 0 0
7720 0.0947073 0.8125 278.125 0.384314 0.5 0 0
7730 0.0947073 0.8125 278.125 0.384314 0.5 0 0
7740 0.094664 0.5625 278.688 0.384314 0.5 0 0
7750 0.094664 0.5625 278.688 0.384314 0.5 0 0
7760 0.0945533 0.6875 279.375 0.384314 0.5 0 0
7770 0.0945533 0.6875 279.375 0.384314 0.5 0 0
7780 0.0948224 0.6875 280.062 0.384314 0.5 0 0
7790 0.0948224 0.6875 280.062 0.384314 0.5 0 0
7800 0.0961504 0.75 280.812 0.384314 0.5 0 0
7810 0.0961504 0.75 280.812 0.384314 0.5 0 0
7820 0.0969889 0.75 281.562 0.384314 0.5 0 0
7830 0.0969889 0.75 281.562 0.384314 0.5 0 0
7840 0.0975101 0.75 282.312 0.384314 0.5 0 0
7850 0.0975101 0.75 282.312 0.384314 0.5 0 0
7860 0.0977169 0.75 283.062 0.384314 0.5 0 0
7870 0.0977169 0.75 283.062 0.380392 0.5 0 0
7880 0.0978099 0.75 283.812 0.384314 0.5 0 0
7890 0.0978099 0.75 283.812 0.384314 0.5 0 0
7900 0.0976746 0.75 284.562 0.384314 0.5 0 0
7910 0.0976746 0.75 284.562 0.380392 0.5 0 0
7920 0.0974973 0.6875 285.25 0.380392 0.5 0 0
7930 0.0974973 0.6875 285.25 0.376471 0.5 0 0
7940 0.0970055 0.6875 285.938 0.376471 0.5 0 0
7950 0.0970055 0.6875 285.938 0.376471 0.5 0 0
7960 0.0962654 0.6875 286.625 0.376471 0.5 0 0
7970 0.0962654 0.6875 286.625 0.376471 0.5 0 0
7980 0.0960377 0.6875 287.312 0.376471 0.5 0 0
7990 0.0960377 0.6875 287.312 0.376471 0.5 0 0
8000 0.0958108 0.6875 288 0.376471 0.5 0 0
8010 0.0958108 0.6875 288 0.376471 0.5 0 0
8020 0.0958657 0.6875 288.688 0.376471 0.5 0 0
8030 0.0958657 0.6875 288.688 0.380392 0.5 0 0
8040 0.0962255 0.6875 289.375 0.380392 0.5 0 0
8050 0.0962255 0.6875 289.375 0.380392 0.5 0 0
8060 0.0964825 0.75 290.125 0.380392 0.5 0 0
8070 0.0964825 0.75 290.125 0.380392 0.5 0 0
8080 0.0957197 0.8125 290.938 0.376471 0.5 0 0
8090 0.0957197 0.8125 290.938 0.376471 0.5 0 0
8100 0.0938111 0.875 291.812 0.376471 0.5 0 0
8110 0.0938111 0.875 291.812 0.372549 0.5 0 0
8120 0.0929641 0.875 292.688 0.372549 0.5 0 0
8130 0.0929641 0.875 292.688 0.368627 0.5 0 0
8140 0.0921547 0.875 293.562 0.368627 0.5 0 0
8150 0.0921547 0.875 293.562 0.368627 0.5 0 0
8160 0.0916387 0.875 294.438 0.368627 0.5 0 0
8170 0.0916387 0.875 294.438 0.368627 0.5 0 0
8180 0.0914548 0.875 295.312 0.368627 0.5 0 0
8190 0.0914548 0.875 295.312 0.368627 0.5 0 0
8200 0.0922299 0.9375 296.25 0.368627 0.5 0 0
8210 0.0922299 0.9375 296.25 0.372549 0.5 0 0
8220 0.0925587 0.9375 297.188 0.372549 0.5 0 0
8230 0.0925587 0.9375 297.188 0.372549 0.5 0 0
8240 0.0924828 0.9375 298.125 0.372549 0.5 0 0
8250 0.0924828 0.9375 298.125 0.372549 0.5 0 0
8260 0.0924319 0.9375 299.062 0.372549 0.5 0 0
8270 0.0924319 0.9375 299.062 0.372549 0.5 0 0
8280 0.0919758 0.9375 300 0.368627 0.5 0 0
8290 0.0919758 0.9375 300 0.368627 0.5 0 0
8300 0.0916082 0.875 300.875 0.368627 0.5 0 0
8310 0.0916082 0.875 300.875 0.368627 0.5 0 0
8320 0.0907348 1 301.875 0.368627 0.5 0 0
8330 0.0907348 1 301.875 0.364706 0.5 0 0
8340 0.0904964 1 302.875 0.364706 0.5 0 0
8350 0.0904964 1 302.875 0.364706 0.5 0 0
8360 0.0903087 1 303.875 0.364706 0.5 0 0
8370 0.0903087 1 303.875 0.364706 0.5 0 0
8380 0.0901383 1 304.875 0.364706 0.5 0 0
8390 0.0901383 1 304.875 0.364706 0.5 0 0
8400 0.0899561 1 305.875 0.364706 0.5 0 0
8410 0.0899561 1 305.875 0.364706 0.5 0 0
8420 0.0896971 1 306.875 0.364706 0.5 0 0
8430 0.0896971 1 306.875 0.364706 0.5 0 0
8440 0.089441 1 307.875 0.364706 0.5 0 0
8450 0.089441 1 307.875 0.364706 0.5 0 0
8460 0.0891444 1 308.875 0.364706 0.5 0 0
8470 0.0891444 1 308.875 0.364706 0.5 0 0
8480 0.0889541 1 309.875 0.364706 0.5 0 0
8490 0.0889541 1 309.875 0.364706 0.5 0 0
8500 0.088788 1 310.875 0.364706 0.5 0 0
8510 0.088788 1 310.875 0.364706 0.5 0 0
8520 0.0885663 1 311.875 0.364706 0.5 0 0
8530 0.0885663 1 311.875 0.368627 0.5 0 0
8540 0.0882259 0.875 312.75 0.364706 0.5 0 0
8550 0.0882259 0.875 312.75 0.368627 0.5 0 0
8560 0.0879902 0.9375 313.688 0.364706 0.5 0 0
8570 0.0879902 0.9375 313.688 0.368627 0.5 0 0
8580 0.0879275 0.875 314.562 0.368627 0.5 0 0
8590 0.0879275 0.875 314.562 0.364706 0.5 0 0
8600 0.0872482 0.875 315.438 0.368627 0.5 0 0
8610 0.0872482 0.875 315.438 0.364706 0.5 0 0
8620 0.0862923 0.875 316.312 0.364706 0.5 0 0
8630 0.0862923 0.875 316.312 0.368627 0.5 0 0
8640 0.086198 0.875 317.188 0.364706 0.5 0 0
8650 0.086198 0.875 317.188 0.368627 0.5 0 0
8660 0.0861187 0.9375 318.125 0.364706 0.5 0 0
8670 0.0861187 0.9375 318.125 0.368627 0.5 0 0
8680 0.0860527 0.9375 319.062 0.368627 0.5 0 0
8690 0.0860527 0.9375 319.062 0.368627 0.5 0 0
8700 0.0859421 0.875 319.938 0.368627 0.5 0 0
8710 0.0859421 0.875 319.938 0.368627 0.5 0 0
8720 0.0858906 0.875 320.812 0.368627 0.5 0 0
8730 0.0858906 0.875 320.812 0.368627 0.5 0 0
8740 0.0858641 0.875 321.688 0.368627 0.5 0 0
8750 0.0858641 0.875 321.688 0.364706 0.5 0 0
8760 0.0858519 0.875 322.562 0.368627 0.5 0 0
8770 0.0858519 0.875 322.562 0.368627 0.5 0 0
8780 0.0858338 0.9375 323.5 0.368627 0.5 0 0
8790 0.0858338 0.9375 323.5 0.368627 0.5 0 0
8800 0.0855409 0.9375 324.438 0.368627 0.5 0 0
8810 0.0855409 0.9375 324.438 0.368627 0.5 0 0
8820 0.0851439 0.8125 325.25 0.368627 0.5 0 0
8830 0.0851439 0.8125 325.25 0.368627 0.5 0 0
8840 0.0848286 0.875 326.125 0.368627 0.5 0 0
8850 0.0848286 0.875 326.125 0.368627 0.5 0 0
8860 0.0848071 0.875 327 0.364706 0.5 0 0
8870 0.0848071 0.875 327 0.368627 0.5 0 0
8880 0.0848017 0.8125 327.812 0.368627 0.5 0 0
8890 0.0848017 0.8125 327.812 0.368627 0.5 0 0
8900 0.0847818 0.8125 328.625 0.368627 0.5 0 0
8910 0.0847818 0.8125 328.625 0.368627 0.5 0 0
8920 0.0847713 0.8125 329.438 0.368627 0.5 0 0
8930 0.0847713 0.8125 329.438 0.368627 0.5 0 0
8940 0.0846429 0.8125 330.25 0.368627 0.5 0 0
8950 0.0846429 0.8125 330.25 0.368627 0.5 0 0
8960 0.0845627 0.9375 331.188 0.368627 0.5 0 0
8970 0.0845627 0.9375 331.188 0.368627 0.5 0 0
8980 0.0845455 0.9375 332.125 0.368627 0.5 0 0
8990 0.0845455 0.9375 332.125 0.368627 0.5 0 0
9000 0.0845413 1 333.125 0.368627 0.5 0 0
9010 0.0845413 1 333.125 0.368627 0.5 0 0
9020 0.0845394 1 334.125 0.368627 0.5 0 0
9030 0.0845394 1 334.125 0.368627 0.5 0 0
9040 0.0845246 0.875 335 0.364706 0.5 0 0
9050 0.0845246 0.875 335 0.368627 0.5 0 0
9060 0.0844868 0.875 335.875 0.368627 0.5 0 0
9070 0.0844868 0.875 335.875 0.364706 0.5 0 0
9080 0.0844321 1 336.875 0.368627 0.5 0 0
9090 0.0844321 1 336.875 0.368627 0.5 0 0
9100 0.0844057 1 337.875 0.368627 0.5 0 0
9110 0.0844057 1 337.875 0.368627 0.5 0 0
9120 0.0844058 0.875 338.75 0.368627 0.5 0 0
9130 0.0844058 0.875 338.75 0.364706 0.5 0 0
9140 0.0843812 1 339.75 0.368627 0.5 0 0
9150 0.0843812 1 339.75 0.368627 0.5 0 0
9160 0.0843221 1 340.75 0.368627 0.5 0 0
9170 0.0843221 1 340.75 0.368627 0.5 0 0
9180 0.0842317 1 341.75 0.368627 0.5 0 0
9190 0.0842317 1 341.75 0.368627 0.5 0 0
9200 0.0839771 1 342.75 0.368627 0.5 0 0
9210 0.0839771 1 342.75 0.368627 0.5 0 0
9220 0.0839032 1 343.75 0.368627 0.5 0 0
9230 0.0839032 1 343.75 0.368627 0.5 0 0
9240 0.083863 1 344.75 0.368627 0.5 0 0
9250 0.083863 1 344.75 0.368627 0.5 0 0
9260 0.0838412 1 345.75 0.368627 0.5 0 0
9270 0.0838412 1 345.75 0.368627 0.5 0 0
9280 0.0836211 0.9375 346.688 0.368627 0.5 0 0
9290 0.0836211 0.9375 346.688 0.368627 0.5 0 0
9300 0.0835984 0.9375 347.625 0.368627 0.5 0 0
9310 0.0835984 0.9375 347.625 0.368627 0.5 0 0
9320 0.0835767 0.9375 348.562 0.368627 0.5 0 0
9330 0.0835767 0.9375 348.562 0.368627 0.5 0 0
9340 0.0835553 0.9375 349.5 0.368627 0.5 0 0
9350 0.0835553 0.9375 349.5 0.368627 0.5 0 0
9360 0.0835419 0.875 350.375 0.364706 0.5 0 0
9370 0.0835419 0.875 350.375 0.368627 0.5 0 0
9380 0.0835202 0.875 351.25 0.368627 0.5 0 0
9390 0.0835202 0.875 351.25 0.364706 0.5 0 0
9400 0.0833101 0.8125 352.062 0.368627 0.5 0 0
9410 0.0833101 0.8125 352.062 0.368627 0.5 0 0
9420 0.0832288 0.8125 352.875 0.368627 0.5 0 0
9430 0.0832288 0.8125 352.875 0.368627 0.5 0 0
9440 0.0831911 0.9375 353.812 0.368627 0.5 0 0
9450 0.0831911 0.9375 353.812 0.368627 0.5 0 0
9460 0.0831754 0.9375 354.75 0.368627 0.5 0 0
9470 0.0831754 0.9375 354.75 0.368627 0.5 0 0
9480 0.0831607 0.9375 355.688 0.368627 0.5 0 0
9490 0.0831607 0.9375 355.688 0.368627 0.5 0 0
9500 0.0831409 0.9375 356.625 0.368627 0.5 0 0
9510 0.0831409 0.9375 356.625 0.368627 0.5 0 0
9520 0.0830855 0.9375 357.562 0.368627 0.5 0 0
9530 0.0830855 0.9375 357.562 0.368627 0.5 0 0
9540 0.0830207 0.9375 358.5 0.368627 0.5 0 0
9550 0.0830207 0.9375 358.5 0.368627 0.5 0 0
9560 0.0829592 0.75 359.25 0.368627 0.5 0 0
9570 0.0829592 0.75 359.25 0.368627 0.5 0 0
9580 0.0829324 0.75 360 0.368627 0.5 0 0
9590 0.0829324 0.75 360 0.368627 0.5 0 0
9600 0.082923 0.625 360.625 0.368627 0.5 0 0
9610 0.082923 0.625 360.625 0.368627 0.5 0 0
9620 0.0829129 0.875 361.5 0.368627 0.5 0 0
9630 0.0829129 0.875 361.5 0.368627 0.5 0 0
9640 0.0828559 0.9375 362.438 0.368627 0.5 0 0
9650 0.0828559 0.9375 362.438 0.368627 0.5 0 0
9660 0.0827997 0.9375 363.375 0.368627 0.5 0 0
9670 0.0827997 0.9375 363.375 0.368627 0.5 0 0
9680 0.082561 0.875 364.25 0.368627 0.5 0 0
9690 0.082561 0.875 364.25 0.368627 0.5 0 0
9700 0.0824053 0.9375 365.188 0.368627 0.5 0 0
9710 0.0824053 0.9375 365.188 0.368627 0.5 0 0
9720 0.0824005 0.9375 366.125 0.368627 0.5 0 0
9730 0.0824005 0.9375 366.125 0.368627 0.5 0 0
9740 0.0823953 0.875 367 0.368627 0.5 0 0
9750 0.0823953 0.875 367 0.368627 0.5 0 0
9760 0.0823623 0.75 367.75 0.368627 0.5 0 0
9770 0.0823623 0.75 367.75 0.368627 0.5 0 0
9780 0.0823344 0.75 368.5 0.368627 0.5 0 0
9790 0.0823344 0.75 368.5 0.368627 0.5 0 0
9800 0.0823105 0.625 369.125 0.368627 0.5 0 0
9810 0.0823105 0.625 369.125 0.368627 0.5 0 0
9820 0.0823018 0.8125 369.938 0.368627 0.5 0 0
9830 0.0823018 0.8125 369.938 0.368627 0.5 0 0
9840 0.0822978 0.875 370.812 0.368627 0.5 0 0
9850 0.0822978 0.875 370.812 0.368627 0.5 0 0
9860 0.0822934 0.875 371.688 0.368627 0.5 0 0
9870 0.0822934 0.875 371.688 0.368627 0.5 0 0
9880 0.0822791 0.875 372.562 0.368627 0.5 0 0
9890 0.0822791 0.875 372.562 0.368627 0.5 0 0
9900 0.0822572 0.875 373.438 0.368627 0.5 0 0
9910 0.0822572 0.875 373.438 0.368627 0.5 0 0
9920 0.0822423 0.875 374.312 0.368627 0.5 0 0
9930 0.0822423 0.875 374.312 0.368627 0.5 0 0
9940 0.0822423 0.8125 375.125 0.368627 0.5 0 0
9950 0.0822423 0.8125 375.125 0.368627 0.5 0 0
9960 0.0822423 0.75 375.875 0.368627 0.5 0 0
9970 0.0822423 0.75 375.875 0.368627 0.5 0 0
9980 0.0822315 0.875 376.75 0.368627 0.5 0 0
9990 0.0822315 0.875 376.75 0.368627 0.5 0 0
10000 0.0822236 0.875 377.625 0.368627 0.5 0 0
10010 0.0822236 0.875 377.625 0.368627 0.5 0 0
10020 0.0822044 0.6875 378.312 0.368627 0.5 0 0
10030 0.0822044 0.6875 378.312 0.368627 0.5 0 0
10040 0.0821983 0.6875 379 0.368627 0.5 0 0
10050 0.0821983 0.6875 379 0.368627 0.5 0 0
10060 0.0821983 0.75 379.75 0.368627 0.5 0 0
10070 0.0821983 0.75 379.75 0.368627 0.5 0 0
10080 0.0821811 0.75 380.5 0.368627 0.5 0 0
10090 0.0821811 0.75 380.5 0.368627 0.5 0 0
10100 0.0821793 0.75 381.25 0.368627 0.5 0 0
10110 0.0821793 0.75 381.25 0.368627 0.5 0 0
10120 0.0823584 0.8125 382.062 0.368627 0.5 0 0
10130 0.0823584 0.8125 382.062 0.368627 0.5 0 0
10140 0.0823658 0.75 382.812 0.368627 0.5 0 0
10150 0.0823658 0.75 382.812 0.368627 0.5 0 0
10160 0.0823535 0.6875 383.5 0.368627 0.5 0 0
10170 0.0823535 0.6875 383.5 0.368627 0.5 0 0
10180 0.0823534 0.6875 384.188 0.368627 0.5 0 0
10190 0.0823534 0.6875 384.188 0.368627 0.5 0 0
10200 0.0823534 0.8125 385 0.368627 0.5 0 0
10210 0.0823534 0.8125 385 0.368627 0.5 0 0
10220 0.0823292 0.8125 385.812 0.368627 0.5 0 0
10230 0.0823292 0.8125 385.812 0.368627 0.5 0 0
10240 0.0825976 0.8125 386.625 0.368627 0.5 0 0
10250 0.0825976 0.8125 386.625 0.368627 0.5 0 0
10260 0.0834714 0.8125 387.438 0.368627 0.5 0 0
10270 0.0834714 0.8125 387.438 0.372549 0.5 0 0
10280 0.0839646 0.875 388.312 0.372549 0.5 0 0
10290 0.0839646 0.875 388.312 0.372549 0.5 0 0
10300 0.0839513 0.875 389.188 0.372549 0.5 0 0
10310 0.0839513 0.875 389.188 0.372549 0.5 0 0
10320 0.0839817 0.875 390.062 0.372549 0.5 0 0
10330 0.0839817 0.875 390.062 0.372549 0.5 0 0
10340 0.0835488 0.875 390.938 0.368627 0.5 0 0
10350 0.0835488 0.875 390.938 0.368627 0.5 0 0
10360 0.0831161 0.8125 391.75 0.368627 0.5 0 0
10370 0.0831161 0.8125 391.75 0.368627 0.5 0 0
10380 0.0814521 0.8125 392.562 0.364706 0.5 0 0
10390 0.0814521 0.8125 392.562 0.368627 0.5 0 0
10400 0.0811237 0.8125 393.375 0.368627 0.5 0 0
10410 0.0811237 0.8125 393.375 0.368627 0.5 0 0
10420 0.0811027 0.75 394.125 0.368627 0.5 0 0
10430 0.0811027 0.75 394.125 0.368627 0.5 0 0
10440 0.0810882 0.8125 394.938 0.368627 0.5 0 0
10450 0.0810882 0.8125 394.938 0.368627 0.5 0 0
10460 0.0810804 0.875 395.812 0.368627 0.5 0 0
10470 0.0810804 0.875 395.812 0.368627 0.5 0 0
10480 0.0809776 0.875 396.688 0.368627 0.5 0 0
10490 0.0809776 0.875 396.688 0.368627 0.5 0 0
10500 0.0809775 0.875 397.562 0.368627 0.5 0 0
10510 0.0809775 0.875 397.562 0.368627 0.5 0 0
10520 0.0809699 0.875 398.438 0.368627 0.5 0 0
10530 0.0809699 0.875 398.438 0.364706 0.5 0 0
10540 0.0809645 0.875 399.312 0.368627 0.5 0 0
10550 0.0809645 0.875 399.312 0.368627 0.5 0 0
10560 0.0809464 0.875 400.188 0.368627 0.5 0 0
10570 0.0809464 0.875 400.188 0.368627 0.5 0 0
10580 0.080932 0.875 401.062 0.368627 0.5 0 0
10590 0.080932 0.875 401.062 0.368627 0.5 0 0
10600 0.0809453 0.8125 401.875 0.368627 0.5 0 0
10610 0.0809453 0.8125 401.875 0.368627 0.5 0 0
10620 0.0809033 0.8125 402.688 0.368627 0.5 0 0
10630 0.0809033 0.8125 402.688 0.368627 0.5 0 0
10640 0.0808784 0.75 403.438 0.368627 0.5 0 0
10650 0.0808784 0.75 403.438 0.368627 0.5 0 0
10660 0.0808694 0.8125 404.25 0.368627 0.5 0 0
10670 0.0808694 0.8125 404.25 0.368627 0.5 0 0
10680 0.0808276 0.875 405.125 0.368627 0.5 0 0
10690 0.0808276 0.875 405.125 0.368627 0.5 0 0
10700 0.0808025 0.8125 405.938 0.368627 0.5 0 0
10710 0.0808025 0.8125 405.938 0.368627 0.5 0 0
10720 0.0810208 0.8125 406.75 0.368627 0.5 0 0
10730 0.0810208 0.8125 406.75 0.368627 0.5 0 0
10740 0.0808439 0.9375 407.688 0.368627 0.5 0 0
10750 0.0808439 0.9375 407.688 0.368627 0.5 0 0
10760 0.0804033 0.9375 408.625 0.368627 0.5 0 0
10770 0.0804033 0.9375 408.625 0.368627 0.5 0 0
10780 0.0802808 0.9375 409.562 0.368627 0.5 0 0
10790 0.0802808 0.9375 409.562 0.368627 0.5 0 0
10800 0.0798261 0.9375 410.5 0.364706 0.5 0 0
10810 0.0798261 0.9375 410.5 0.364706 0.5 0 0
10820 0.0795302 0.9375 411.438 0.368627 0.5 0 0
10830 0.0795302 0.9375 411.438 0.368627 0.5 0 0
10840 0.0794136 0.8125 412.25 0.368627 0.5 0 0
10850 0.0794136 0.8125 412.25 0.364706 0.5 0 0
10860 0.0793167 0.875 413.125 0.364706 0.5 0 0
10870 0.0793167 0.875 413.125 0.364706 0.5 0 0
10880 0.0792384 0.875 414 0.368627 0.5 0 0
10890 0.0792384 0.875 414 0.368627 0.5 0 0
10900 0.0791273 0.8125 414.812 0.368627 0.5 0 0
10910 0.0791273 0.8125 414.812 0.368627 0.5 0 0
10920 0.0790036 0.8125 415.625 0.368627 0.5 0 0
10930 0.0790036 0.8125 415.625 0.368627 0.5 0 0
10940 0.0787331 0.9375 416.562 0.368627 0.5 0 0
10950 0.0787331 0.9375 416.562 0.368627 0.5 0 0
10960 0.0786879 0.9375 417.5 0.368627 0.5 0 0
10970 0.0786879 0.9375 417.5 0.368627 0.5 0 0
10980 0.0785534 1 418.5 0.368627 0.5 0 0
10990 0.0785534 1 418.5 0.368627 0.5 0 0
11000 0.078464 1 419.5 0.368627 0.5 0 0
11010 0.078464 1 419.5 0.368627 0.5 0 0
11020 0.0783958 1 420.5 0.368627 0.5 0 0
11030 0.0783958 1 420.5 0.368627 0.5 0 0
11040 0.0783079 1 421.5 0.368627 0.5 0 0
11050 0.0783079 1 421.5 0.368627 0.5 0 0
11060 0.0782307 1 422.5 0.368627 0.5 0 0
11070 0.0782307 1 422.5 0.368627 0.5 0 0
11080 0.0782085 0.9375 423.438 0.368627 0.5 0 0
11090 0.0782085 0.9375 423.438 0.368627 0.5 0 0
11100 0.0781535 0.9375 424.375 0.368627 0.5 0 0
11110 0.0781535 0.9375 424.375 0.368627 0.5 0 0
11120 0.0781079 0.9375 425.312 0.368627 0.5 0 0
11130 0.0781079 0.9375 425.312 0.368627 0.5 0 0
11140 0.0780673 0.9375 426.25 0.368627 0.5 0 0
11150 0.0780673 0.9375 426.25 0.368627 0.5 0 0
11160 0.0779948 0.9375 427.188 0.368627 0.5 0 0
11170 0.0779948 0.9375 427.188 0.368627 0.5 0 0
11180 0.0779153 1 428.188 0.368627 0.5 0 0
11190 0.0779153 1 428.188 0.368627 0.5 0 0
11200 0.0778952 1 429.188 0.368627 0.5 0 0
11210 0.0778952 1 429.188 0.368627 0.5 0 0
11220 0.0778515 1 430.188 0.368627 0.5 0 0
11230 0.0778515 1 430.188 0.368627 0.5 0 0
11240 0.0778354 1 431.188 0.368627 0.5 0 0
11250 0.0778354 1 431.188 0.368627 0.5 0 0
11260 0.0777801 1 432.188 0.368627 0.5 0 0
11270 0.0777801 1 432.188 0.368627 0.5 0 0
11280 0.0777392 1 433.188 0.368627 0.5 0 0
11290 0.0777392 1 433.188 0.368627 0.5 0 0
11300 0.0776809 1 434.188 0.368627 0.5 0 0
11310 0.0776809 1 434.188 0.368627 0.5 0 0
11320 0.0776589 0.9375 435.125 0.368627 0.5 0 0
11330 0.0776589 0.9375 435.125 0.368627 0.5 0 0
11340 0.0776144 1 436.125 0.368627 0.5 0 0
11350 0.0776144 1 436.125 0.368627 0.5 0 0
11360 0.0775924 1 437.125 0.368627 0.5 0 0
11370 0.0775924 1 437.125 0.368627 0.5 0 0
11380 0.0775643 1 438.125 0.368627 0.5 0 0
11390 0.0775643 1 438.125 0.368627 0.5 0 0
11400 0.0774932 1 439.125 0.368627 0.5 0 0
11410 0.0774932 1 439.125 0.368627 0.5 0 0
11420 0.0774758 1 440.125 0.368627 0.5 0 0
11430 0.0774758 1 440.125 0.368627 0.5 0 0
11440 0.0774737 1 441.125 0.368627 0.5 0 0
11450 0.0774737 1 441.125 0.372549 0.5 0 0
11460 0.0774619 0.875 442 0.368627 0.5 0 0
11470 0.0774619 0.875 442 0.368627 0.5 0 0
11480 0.077427 0.8125 442.812 0.368627 0.5 0 0
11490 0.077427 0.8125 442.812 0.368627 0.5 0 0
11500 0.0773996 0.9375 443.75 0.372549 0.5 0 0
11510 0.0773996 0.9375 443.75 0.368627 0.5 0 0
11520 0.0773573 0.875 444.625 0.372549 0.5 0 0
11530 0.0773573 0.875 444.625 0.368627 0.5 0 0
11540 0.0773456 0.9375 445.562 0.368627 0.5 0 0
11550 0.0773456 0.9375 445.562 0.368627 0.5 0 0
11560 0.0773455 0.9375 446.5 0.368627 0.5 0 0
11570 0.0773455 0.9375 446.5 0.368627 0.5 0 0
11580 0.0773286 0.9375 447.438 0.368627 0.5 0 0
11590 0.0773286 0.9375 447.438 0.368627 0.5 0 0
11600 0.0773002 1 448.438 0.368627 0.5 0 0
11610 0.0773002 1 448.438 0.368627 0.5 0 0
11620 0.0772492 0.9375 449.375 0.372549 0.5 0 0
11630 0.0772492 0.9375 449.375 0.368627 0.5 0 0
11640 0.0771977 0.9375 450.312 0.368627 0.5 0 0
11650 0.0771977 0.9375 450.312 0.368627 0.5 0 0
11660 0.077193 1 451.312 0.368627 0.5 0 0
11670 0.077193 1 451.312 0.368627 0.5 0 0
11680 0.0771843 1 452.312 0.368627 0.5 0 0
11690 0.0771843 1 452.312 0.368627 0.5 0 0
11700 0.0771623 1 453.312 0.368627 0.5 0 0
11710 0.0771623 1 453.312 0.368627 0.5 0 0
11720 0.077133 1 454.312 0.372549 0.5 0 0
11730 0.077133 1 454.312 0.368627 0.5 0 0
11740 0.0771052 0.9375 455.25 0.372549 0.5 0 0
11750 0.0771052 0.9375 455.25 0.372549 0.5 0 0
11760 0.0770615 0.9375 456.188 0.372549 0.5 0 0
11770 0.0770615 0.9375 456.188 0.372549 0.5 0 0
11780 0.0770387 0.9375 457.125 0.372549 0.5 0 0
11790 0.0770387 0.9375 457.125 0.372549 0.5 0 0
11800 0.0769907 0.9375 458.062 0.372549 0.5 0 0
11810 0.0769907 0.9375 458.062 0.368627 0.5 0 0
11820 0.0769525 0.9375 459 0.372549 0.5 0 0
11830 0.0769525 0.9375 459 0.368627 0.5 0 0
11840 0.0769184 0.9375 459.938 0.368627 0.5 0 0
11850 0.0769184 0.9375 459.938 0.368627 0.5 0 0
11860 0.0768868 0.9375 460.875 0.372549 0.5 0 0
11870 0.0768868 0.9375 460.875 0.372549 0.5 0 0
11880 0.0768522 0.9375 461.812 0.368627 0.5 0 0
11890 0.0768522 0.9375 461.812 0.372549 0.5 0 0
11900 0.0768215 0.9375 462.75 0.372549 0.5 0 0
11910 0.0768215 0.9375 462.75 0.368627 0.5 0 0
11920 0.0767847 0.9375 463.688 0.372549 0.5 0 0
11930 0.0767847 0.9375 463.688 0.368627 0.5 0 0
11940 0.0767098 0.9375 464.625 0.372549 0.5 0 0
11950 0.0767098 0.9375 464.625 0.372549 0.5 0 0
11960 0.0766438 0.9375 465.562 0.368627 0.5 0 0
11970 0.0766438 0.9375 465.562 0.372549 0.5 0 0
11980 0.0766328 0.9375 466.5 0.368627 0.5 0 0
11990 0.0766328 0.9375 466.5 0.372549 0.5 0 0
12000 0.0766215 0.9375 467.438 0.372549 0.5 0 0
12010 0.0766215 0.9375 467.438 0.372549 0.5 0 0
12020 0.0766126 0.9375 468.375 0.372549 0.5 0 0
12030 0.0766126 0.9375 468.375 0.372549 0.5 0 0
12040 0.0765946 0.9375 469.312 0.372549 0.5 0 0
12050 0.0765946 0.9375 469.312 0.372549 0.5 0 0
12060 0.0765168 0.9375 470.25 0.372549 0.5 0 0
12070 0.0765168 0.9375 470.25 0.372549 0.5 0 0
12080 0.0764612 0.9375 471.188 0.372549 0.5 0 0
12090 0.0764612 0.9375 471.188 0.372549 0.5 0 0
12100 0.0764502 0.9375 472.125 0.372549 0.5 0 0
12110 0.0764502 0.9375 472.125 0.372549 0.5 0 0
12120 0.0764023 0.875 473 0.372549 0.5 0 0
12130 0.0764023 0.875 473 0.372549 0.5 0 0
12140 0.0763821 0.875 473.875 0.372549 0.5 0 0
12150 0.0763821 0.875 473.875 0.372549 0.5 0 0
12160 0.0764136 0.9375 474.812 0.372549 0.5 0 0
12170 0.0764136 0.9375 474.812 0.372549 0.5 0 0
12180 0.0764381 0.875 475.688 0.372549 0.5 0 0
12190 0.0764381 0.875 475.688 0.372549 0.5 0 0
12200 0.0764225 0.875 476.562 0.372549 0.5 0 0
12210 0.0764225 0.875 476.562 0.372549 0.5 0 0
12220 0.076418 0.875 477.438 0.372549 0.5 0 0
12230 0.076418 0.875 477.438 0.372549 0.5 0 0
12240 0.076418 0.875 478.312 0.372549 0.5 0 0
12250 0.076418 0.875 478.312 0.372549 0.5 0 0
12260 0.076418 0.8125 479.125 0.372549 0.5 0 0
12270 0.076418 0.8125 479.125 0.372549 0.5 0 0
12280 0.0763905 0.8125 479.938 0.372549 0.5 0 0
12290 0.0763905 0.8125 479.938 0.372549 0.5 0 0
12300 0.0763621 0.8125 480.75 0.372549 0.5 0 0
12310 0.0763621 0.8125 480.75 0.372549 0.5 0 0
12320 0.0763443 0.875 481.625 0.372549 0.5 0 0
12330 0.0763443 0.875 481.625 0.372549 0.5 0 0
12340 0.0763174 0.875 482.5 0.372549 0.5 0 0
12350 0.0763174 0.875 482.5 0.372549 0.5 0 0
12360 0.076292 0.875 483.375 0.372549 0.5 0 0
12370 0.076292 0.875 483.375 0.372549 0.5 0 0
12380 0.076283 0.875 484.25 0.372549 0.5 0 0
12390 0.076283 0.875 484.25 0.372549 0.5 0 0
12400 0.076283 0.75 485 0.372549 0.5 0 0
12410 0.076283 0.75 485 0.372549 0.5 0 0
12420 0.0762493 0.75 485.75 0.372549 0.5 0 0
12430 0.0762493 0.75 485.75 0.372549 0.5 0 0
12440 0.0762157 0.875 486.625 0.372549 0.5 0 0
12450 0.0762157 0.875 486.625 0.372549 0.5 0 0
12460 0.0761949 0.875 487.5 0.372549 0.5 0 0
12470 0.0761949 0.875 487.5 0.372549 0.5 0 0
12480 0.0761915 0.875 488.375 0.372549 0.5 0 0
12490 0.0761915 0.875 488.375 0.372549 0.5 0 0
12500 0.0761885 0.875 489.25 0.372549 0.5 0 0
12510 0.0761885 0.875 489.25 0.372549 0.5 0 0
12520 0.0761737 0.875 490.125 0.372549 0.5 0 0
12530 0.0761737 0.875 490.125 0.372549 0.5 0 0
12540 0.0761384 0.875 491 0.372549 0.5 0 0
12550 0.0761384 0.875 491 0.372549 0.5 0 0
12560 0.0761076 0.8125 491.812 0.372549 0.5 0 0
12570 0.0761076 0.8125 491.812 0.372549 0.5 0 0
12580 0.0761916 0.8125 492.625 0.372549 0.5 0 0
12590 0.0761916 0.8125 492.625 0.372549 0.5 0 0
12600 0.0762906 0.8125 493.438 0.372549 0.5 0 0
12610 0.0762906 0.8125 493.438 0.372549 0.5 0 0
12620 0.0772201 0.8125 494.25 0.376471 0.5 0 0
12630 0.0772201 0.8125 494.25 0.376471 0.5 0 0
12640 0.0773611 0.8125 495.062 0.372549 0.5 0 0
12650 0.0773611 0.8125 495.062 0.376471 0.5 0 0
12660 0.0773455 0.8125 495.875 0.372549 0.5 0 0
12670 0.0773455 0.8125 495.875 0.372549 0.5 0 0
12680 0.0773117 0.8125 496.688 0.376471 0.5 0 0
12690 0.0773117 0.8125 496.688 0.376471 0.5 0 0
12700 0.0774609 0.8125 497.5 0.376471 0.5 0 0
12710 0.0774609 0.8125 497.5 0.376471 0.5 0 0
12720 0.0780337 0.875 498.375 0.380392 0.5 0 0
12730 0.0780337 0.875 498.375 0.376471 0.5 0 0
12740 0.0789271 0.875 499.25 0.376471 0.5 0 0
12750 0.0789271 0.875 499.25 0.376471 0.5 0 0
12760 0.0794859 0.875 500.125 0.376471 0.5 0 0
12770 0.0794859 0.875 500.125 0.376471 0.5 0 0
12780 0.0794914 0.875 501 0.376471 0.5 0 0
12790 0.0794914 0.875 501 0.372549 0.5 0 0
12800 0.0793043 0.875 501.875 0.372549 0.5 0 0
12810 0.0793043 0.875 501.875 0.372549 0.5 0 0
12820 0.0786408 0.9375 502.812 0.372549 0.5 0 0
12830 0.0786408 0.9375 502.812 0.372549 0.5 0 0
12840 0.077169 0.9375 503.75 0.368627 0.5 0 0
12850 0.077169 0.9375 503.75 0.372549 0.5 0 0
12860 0.0770558 0.8125 504.562 0.372549 0.5 0 0
12870 0.0770558 0.8125 504.562 0.372549 0.5 0 0
12880 0.077115 0.8125 505.375 0.368627 0.5 0 0
12890 0.077115 0.8125 505.375 0.368627 0.5 0 0
12900 0.0773094 0.8125 506.188 0.368627 0.5 0 0
12910 0.0773094 0.8125 506.188 0.372549 0.5 0 0
12920 0.0775231 0.875 507.062 0.372549 0.5 0 0
12930 0.0775231 0.875 507.062 0.368627 0.5 0 0
12940 0.0778591 0.8125 507.875 0.372549 0.5 0 0
12950 0.0778591 0.8125 507.875 0.372549 0.5 0 0
12960 0.0796628 0.8125 508.688 0.372549 0.5 0 0
12970 0.0796628 0.8125 508.688 0.372549 0.5 0 0
12980 0.0802845 0.8125 509.5 0.372549 0.5 0 0
12990 0.0802845 0.8125 509.5 0.372549 0.5 0 0
13000 0.0804388 0.8125 510.312 0.376471 0.5 0 0
13010 0.0804388 0.8125 510.312 0.376471 0.5 0 0
13020 0.0820209 0.875 511.188 0.376471 0.5 0 0
13030 0.0820209 0.875 511.188 0.380392 0.5 0 0
13040 0.0827728 0.875 512.062 0.380392 0.5 0 0
13050 0.0827728 0.875 512.062 0.380392 0.5 0 0
13060 0.0831486 0.8125 512.875 0.380392 0.5 0 0
13070 0.0831486 0.8125 512.875 0.380392 0.5 0 0
13080 0.0837441 0.8125 513.688 0.384314 0.5 0 0
13090 0.0837441 0.8125 513.688 0.380392 0.5 0 0
13100 0.0836346 0.9375 514.625 0.380392 0.5 0 0
13110 0.0836346 0.9375 514.625 0.380392 0.5 0 0
13120 0.0835906 0.875 515.5 0.380392 0.5 0 0
13130 0.0835906 0.875 515.5 0.380392 0.5 0 0
13140 0.0835368 0.9375 516.438 0.380392 0.5 0 0
13150 0.0835368 0.9375 516.438 0.380392 0.5 0 0
13160 0.0834733 0.9375 517.375 0.380392 0.5 0 0
13170 0.0834733 0.9375 517.375 0.380392 0.5 0 0
13180 0.0834025 0.9375 518.312 0.380392 0.5 0 0
13190 0.0834025 0.9375 518.312 0.380392 0.5 0 0
13200 0.0833619 0.8125 519.125 0.380392 0.5 0 0
13210 0.0833619 0.8125 519.125 0.376471 0.5 0 0
13220 0.0834918 0.8125 519.938 0.376471 0.5 0 0
13230 0.0834918 0.8125 519.938 0.380392 0.5 0 0
13240 0.0836119 0.625 520.562 0.376471 0.5 0 0
13250 0.0836119 0.625 520.562 0.376471 0.5 0 0
13260 0.0834321 0.75 521.312 0.380392 0.5 0 0
13270 0.0834321 0.75 521.312 0.376471 0.5 0 0
13280 0.0836491 0.875 522.188 0.376471 0.5 0 0
13290 0.0836491 0.875 522.188 0.372549 0.5 0 0
13300 0.0839403 0.9375 523.125 0.372549 0.5 0 0
13310 0.0839403 0.9375 523.125 0.372549 0.5 0 0
13320 0.0841588 0.9375 524.062 0.372549 0.5 0 0
13330 0.0841588 0.9375 524.062 0.372549 0.5 0 0
13340 0.0840733 0.9375 525 0.372549 0.5 0 0
13350 0.0840733 0.9375 525 0.372549 0.5 0 0
13360 0.0840651 0.9375 525.938 0.372549 0.5 0 0
13370 0.0840651 0.9375 525.938 0.372549 0.5 0 0
13380 0.0839164 0.875 526.812 0.372549 0.5 0 0
13390 0.0839164 0.875 526.812 0.372549 0.5 0 0
13400 0.0838306 0.875 527.688 0.372549 0.5 0 0
13410 0.0838306 0.875 527.688 0.372549 0.5 0 0
13420 0.0837542 1 528.688 0.372549 0.5 0 0
13430 0.0837542 1 528.688 0.372549 0.5 0 0
13440 0.0836162 1 529.688 0.372549 0.5 0 0
13450 0.0836162 1 529.688 0.372549 0.5 0 0
13460 0.0835557 1 530.688 0.372549 0.5 0 0
13470 0.0835557 1 530.688 0.372549 0.5 0 0
13480 0.0835004 1 531.688 0.372549 0.5 0 0
13490 0.0835004 1 531.688 0.372549 0.5 0 0
13500 0.0834282 0.9375 532.625 0.372549 0.5 0 0
13510 0.0834282 0.9375 532.625 0.372549 0.5 0 0
13520 0.0833595 0.9375 533.562 0.372549 0.5 0 0
13530 0.0833595 0.9375 533.562 0.372549 0.5 0 0
13540 0.0833246 1 534.562 0.372549 0.5 0 0
13550 0.0833246 1 534.562 0.372549 0.5 0 0
13560 0.0832759 1 535.562 0.372549 0.5 0 0
13570 0.0832759 1 535.562 0.372549 0.5 0 0
13580 0.0832544 1 536.562 0.372549 0.5 0 0
13590 0.0832544 1 536.562 0.372549 0.5 0 0
13600 0.0831894 1 537.562 0.372549 0.5 0 0
13610 0.0831894 1 537.562 0.372549 0.5 0 0
13620 0.0831696 1 538.562 0.372549 0.5 0 0
13630 0.0831696 1 538.562 0.372549 0.5 0 0
13640 0.0831696 1 539.562 0.372549 0.5 0 0
13650 0.0831696 1 539.562 0.372549 0.5 0 0
13660 0.0831392 0.875 540.438 0.372549 0.5 0 0
13670 0.0831392 0.875 540.438 0.372549 0.5 0 0
13680 0.0831229 1 541.438 0.372549 0.5 0 0
13690 0.0831229 1 541.438 0.372549 0.5 0 0
13700 0.0830712 1 542.438 0.372549 0.5 0 0
13710 0.0830712 1 542.438 0.372549 0.5 0 0
13720 0.0828735 0.6875 543.125 0.372549 0.5 0 0
13730 0.0828735 0.6875 543.125 0.372549 0.5 0 0
13740 0.0828536 0.8125 543.938 0.372549 0.5 0 0
13750 0.0828536 0.8125 543.938 0.372549 0.5 0 0
13760 0.0828406 0.875 544.812 0.372549 0.5 0 0
13770 0.0828406 0.875 544.812 0.372549 0.5 0 0
13780 0.0828131 0.875 545.688 0.372549 0.5 0 0
13790 0.0828131 0.875 545.688 0.372549 0.5 0 0
13800 0.0827726 0.75 546.438 0.372549 0.5 0 0
13810 0.0827726 0.75 546.438 0.372549 0.5 0 0
13820 0.0827443 0.9375 547.375 0.372549 0.5 0 0
13830 0.0827443 0.9375 547.375 0.372549 0.5 0 0
13840 0.0827137 0.9375 548.312 0.372549 0.5 0 0
13850 0.0827137 0.9375 548.312 0.372549 0.5 0 0
13860 0.0827023 0.875 549.188 0.372549 0.5 0 0
13870 0.0827023 0.875 549.188 0.372549 0.5 0 0
13880 0.0826882 0.75 549.938 0.372549 0.5 0 0
13890 0.0826882 0.75 549.938 0.372549 0.5 0 0
13900 0.0825936 0.8125 550.75 0.372549 0.5 0 0
13910 0.0825936 0.8125 550.75 0.372549 0.5 0 0
13920 0.0824326 0.75 551.5 0.372549 0.5 0 0
13930 0.0824326 0.75 551.5 0.372549 0.5 0 0
13940 0.0824136 0.75 552.25 0.372549 0.5 0 0
13950 0.0824136 0.75 552.25 0.372549 0.5 0 0
13960 0.0823934 0.75 553 0.372549 0.5 0 0
13970 0.0823934 0.75 553 0.372549 0.5 0 0
13980 0.0823863 0.75 553.75 0.372549 0.5 0 0
13990 0.0823863 0.75 553.75 0.372549 0.5 0 0
14000 0.0823756 0.8125 554.562 0.372549 0.5 0 0
14010 0.0823756 0.8125 554.562 0.372549 0.5 0 0
14020 0.0823661 0.625 555.188 0.372549 0.5 0 0
14030 0.0823661 0.625 555.188 0.372549 0.5 0 0
14040 0.0821998 0.75 555.938 0.372549 0.5 0 0
14050 0.0821998 0.75 555.938 0.372549 0.5 0 0
14060 0.0821058 0.75 556.688 0.372549 0.5 0 0
14070 0.0821058 0.75 556.688 0.372549 0.5 0 0
14080 0.082198 0.8125 557.5 0.372549 0.5 0 0
14090 0.082198 0.8125 557.5 0.372549 0.5 0 0
14100 0.0822574 0.8125 558.312 0.372549 0.5 0 0
14110 0.0822574 0.8125 558.312 0.372549 0.5 0 0
14120 0.0822604 0.875 559.188 0.372549 0.5 0 0
14130 0.0822604 0.875 559.188 0.368627 0.5 0 0
14140 0.082057 0.875 560.062 0.368627 0.5 0 0
14150 0.082057 0.875 560.062 0.368627 0.5 0 0
14160 0.0816123 0.9375 561 0.368627 0.5 0 0
14170 0.0816123 0.9375 561 0.372549 0.5 0 0
14180 0.0813057 0.9375 561.938 0.372549 0.5 0 0
14190 0.0813057 0.9375 561.938 0.372549 0.5 0 0
14200 0.0812403 0.875 562.812 0.372549 0.5 0 0
14210 0.0812403 0.875 562.812 0.372549 0.5 0 0
14220 0.0812218 0.875 563.688 0.368627 0.5 0 0
14230 0.0812218 0.875 563.688 0.372549 0.5 0 0
14240 0.0811992 0.875 564.562 0.372549 0.5 0 0
14250 0.0811992 0.875 564.562 0.368627 0.5 0 0
14260 0.0811353 0.875 565.438 0.368627 0.5 0 0
14270 0.0811353 0.875 565.438 0.368627 0.5 0 0
14280 0.0811254 0.875 566.312 0.372549 0.5 0 0
14290 0.0811254 0.875 566.312 0.368627 0.5 0 0
14300 0.0810933 0.9375 567.25 0.368627 0.5 0 0
14310 0.0810933 0.9375 567.25 0.368627 0.5 0 0
14320 0.0810734 0.9375 568.188 0.368627 0.5 0 0
14330 0.0810734 0.9375 568.188 0.368627 0.5 0 0
14340 0.0809941 0.9375 569.125 0.368627 0.5 0 0
14350 0.0809941 0.9375 569.125 0.368627 0.5 0 0
14360 0.0809536 0.9375 570.062 0.368627 0.5 0 0
14370 0.0809536 0.9375 570.062 0.368627 0.5 0 0
14380 0.0809521 0.9375 571 0.368627 0.5 0 0
14390 0.0809521 0.9375 571 0.368627 0.5 0 0
14400 0.0809162 0.875 571.875 0.368627 0.5 0 0
14410 0.0809162 0.875 571.875 0.368627 0.5 0 0
14420 0.0808447 0.875 572.75 0.368627 0.5 0 0
14430 0.0808447 0.875 572.75 0.368627 0.5 0 0
14440 0.0807691 0.875 573.625 0.368627 0.5 0 0
14450 0.0807691 0.875 573.625 0.368627 0.5 0 0
14460 0.0806718 0.875 574.5 0.368627 0.5 0 0
14470 0.0806718 0.875 574.5 0.368627 0.5 0 0
14480 0.0806522 0.6875 575.188 0.368627 0.5 0 0
14490 0.0806522 0.6875 575.188 0.368627 0.5 0 0
14500 0.0804642 0.8125 576 0.368627 0.5 0 0
14510 0.0804642 0.8125 576 0.368627 0.5 0 0
14520 0.0798463 0.75 576.75 0.384314 0.5 0 0
14530 0.0798463 0.75 576.75 0.447059 0.5 0 0
14540 0.0796182 0.875 577.625 0.4 0.5 0 0
14550 0.0796182 0.875 577.625 0.517647 0.5 0 0
14560 0.0795858 0.875 578.5 0.517647 0.5 0 0
14570 0.0795858 0.875 578.5 0.411765 0.5 0 0
14580 0.0795662 0.8125 579.312 0.407843 0.5 0 0
14590 0.0795662 0.8125 579.312 0.576471 0.5 0 0
14600 0.0795451 0.8125 580.125 0.443137 0.5 0 0
14610 0.0795451 0.8125 580.125 0.576471 0.5 0 0
14620 0.0795311 0.875 581 0.396078 0.5 0 0
14630 0.0795311 0.875 581 0.454902 0.5 0 0
14640 0.0796072 0.875 581.875 0.443137 0.5 0 0
14650 0.0796072 0.875 581.875 0.368627 0.5 0 0
14660 0.0797312 0.875 582.75 0.368627 0.5 0 0
14670 0.0797312 0.875 582.75 0.368627 0.5 0 0
14680 0.0803594 0.875 583.625 0.368627 0.5 0 0
14690 0.0803594 0.875 583.625 0.368627 0.5 0 0
14700 0.0804997 0.875 584.5 0.368627 0.5 0 0
14710 0.0804997 0.875 584.5 0.368627 0.5 0 0
14720 0.0804818 0.8125 585.312 0.368627 0.5 0 0
14730 0.0804818 0.8125 585.312 0.368627 0.5 0 0
14740 0.0804636 0.875 586.188 0.368627 0.5 0 0
14750 0.0804636 0.875 586.188 0.368627 0.5 0 0
14760 0.0804606 1 587.188 0.368627 0.5 0 0
14770 0.0804606 1 587.188 0.368627 0.5 0 0
14780 0.0804717 0.9375 588.125 0.368627 0.5 0 0
14790 0.0804717 0.9375 588.125 0.368627 0.5 0 0
14800 0.0804849 0.875 589 0.368627 0.5 0 0
14810 0.0804849 0.875 589 0.368627 0.5 0 0
14820 0.0804618 0.9375 589.938 0.368627 0.5 0 0
14830 0.0804618 0.9375 589.938 0.368627 0.5 0 0
14840 0.0804364 0.9375 590.875 0.368627 0.5 0 0
14850 0.0804364 0.9375 590.875 0.368627 0.5 0 0
14860 0.0804256 0.8125 591.688 0.368627 0.5 0 0
14870 0.0804256 0.8125 591.688 0.368627 0.5 0 0
14880 0.0808205 0.875 592.562 0.368627 0.5 0 0
14890 0.0808205 0.875 592.562 0.368627 0.5 0 0
14900 0.0813362 0.75 593.312 0.368627 0.5 0 0
14910 0.0813362 0.75 593.312 0.368627 0.5 0 0
14920 0.0820444 0.625 593.938 0.368627 0.5 0 0
14930 0.0820444 0.625 593.938 0.368627 0.5 0 0
14940 0.0825225 0.6875 594.625 0.368627 0.5 0 0
14950 0.0825225 0.6875 594.625 0.368627 0.5 0 0
14960 0.082748 0.625 595.25 0.368627 0.5 0 0
14970 0.082748 0.625 595.25 0.368627 0.5 0 0
14980 0.0830614 0.625 595.875 0.368627 0.5 0 0
14990 0.0830614 0.625 595.875 0.368627 0.5 0 0
15000 0.0832939 0.6875 596.562 0.372549 0.5 0 0
15010 0.0832939 0.6875 596.562 0.368627 0.5 0 0
15020 0.083205 0.8125 597.375 0.372549 0.5 0 0
15030 0.083205 0.8125 597.375 0.372549 0.5 0 0
15040 0.0832201 0.8125 598.188 0.372549 0.5 0 0
15050 0.0832201 0.8125 598.188 0.372549 0.5 0 0
15060 0.0832238 0.8125 599 0.368627 0.5 0 0
15070 0.0832238 0.8125 599 0.368627 0.5 0 0
15080 0.0832421 0.875 599.875 0.372549 0.5 0 0
15090 0.0832421 0.875 599.875 0.372549 0.5 0 0
15100 0.0832818 0.875 600.75 0.372549 0.5 0 0
15110 0.0832818 0.875 600.75 0.372549 0.5 0 0
15120 0.0833344 0.875 601.625 0.368627 0.5 0 0
15130 0.0833344 0.875 601.625 0.368627 0.5 0 0
15140 0.0831634 0.875 602.5 0.368627 0.5 0 0
15150 0.0831634 0.875 602.5 0.368627 0.5 0 0
15160 0.0826364 0.875 603.375 0.368627 0.5 0 0
15170 0.0826364 0.875 603.375 0.368627 0.5 0 0
15180 0.0824583 0.9375 604.312 0.368627 0.5 0 0
15190 0.0824583 0.9375 604.312 0.368627 0.5 0 0
15200 0.0824789 0.8125 605.125 0.368627 0.5 0 0
15210 0.0824789 0.8125 605.125 0.368627 0.5 0 0
15220 0.0825006 0.75 605.875 0.368627 0.5 0 0
15230 0.0825006 0.75 605.875 0.368627 0.5 0 0
15240 0.082477 0.875 606.75 0.368627 0.5 0 0
15250 0.082477 0.875 606.75 0.368627 0.5 0 0
15260 0.0824854 0.9375 607.688 0.368627 0.5 0 0
15270 0.0824854 0.9375 607.688 0.368627 0.5 0 0
15280 0.0824893 0.9375 608.625 0.368627 0.5 0 0
15290 0.0824893 0.9375 608.625 0.368627 0.5 0 0
15300 0.0824937 0.875 609.5 0.368627 0.5 0 0
15310 0.0824937 0.875 609.5 0.368627 0.5 0 0
15320 0.0825076 0.875 610.375 0.368627 0.5 0 0
15330 0.0825076 0.875 610.375 0.368627 0.5 0 0
15340 0.0825645 0.875 611.25 0.368627 0.5 0 0
15350 0.0825645 0.875 611.25 0.364706 0.5 0 0
15360 0.0825134 0.875 612.125 0.364706 0.5 0 0
15370 0.0825134 0.875 612.125 0.364706 0.5 0 0
15380 0.080495 0.9375 613.062 0.364706 0.5 0 0
15390 0.080495 0.9375 613.062 0.364706 0.5 0 0
15400 0.0803179 0.9375 614 0.364706 0.5 0 0
15410 0.0803179 0.9375 614 0.364706 0.5 0 0
15420 0.0803375 0.9375 614.938 0.364706 0.5 0 0
15430 0.0803375 0.9375 614.938 0.364706 0.5 0 0
15440 0.0803367 0.875 615.812 0.364706 0.5 0 0
15450 0.0803367 0.875 615.812 0.364706 0.5 0 0
15460 0.0803299 0.8125 616.625 0.364706 0.5 0 0
15470 0.0803299 0.8125 616.625 0.364706 0.5 0 0
15480 0.080331 0.875 617.5 0.364706 0.5 0 0
15490 0.080331 0.875 617.5 0.364706 0.5 0 0
15500 0.0802536 0.875 618.375 0.364706 0.5 0 0
15510 0.0802536 0.875 618.375 0.364706 0.5 0 0
15520 0.0802226 0.875 619.25 0.364706 0.5 0 0
15530 0.0802226 0.875 619.25 0.364706 0.5 0 0
15540 0.0802136 0.875 620.125 0.364706 0.5 0 0
15550 0.0802136 0.875 620.125 0.364706 0.5 0 0
15560 0.0802109 0.9375 621.062 0.364706 0.5 0 0
15570 0.0802109 0.9375 621.062 0.364706 0.5 0 0
15580 0.0802107 0.9375 622 0.364706 0.5 0 0
15590 0.0802107 0.9375 622 0.364706 0.5 0 0
15600 0.0801811 0.9375 622.938 0.364706 0.5 0 0
15610 0.0801811 0.9375 622.938 0.364706 0.5 0 0
15620 0.0801108 0.9375 623.875 0.364706 0.5 0 0
15630 0.0801108 0.9375 623.875 0.364706 0.5 0 0
15640 0.0799269 0.9375 624.812 0.364706 0.5 0 0
15650 0.0799269 0.9375 624.812 0.364706 0.5 0 0
15660 0.0799085 0.875 625.688 0.364706 0.5 0 0
15670 0.0799085 0.875 625.688 0.364706 0.5 0 0
15680 0.0799085 0.75 626.438 0.364706 0.5 0 0
15690 0.0799085 0.75 626.438 0.364706 0.5 0 0
15700 0.0799027 0.75 627.188 0.364706 0.5 0 0
15710 0.0799027 0.75 627.188 0.364706 0.5 0 0
15720 0.0799027 0.75 627.938 0.360784 0.5 0 0
15730 0.0799027 0.75 627.938 0.364706 0.5 0 0
15740 0.0799027 0.6875 628.625 0.364706 0.5 0 0
15750 0.0799027 0.6875 628.625 0.364706 0.5 0 0
15760 0.0798857 0.5625 629.188 0.364706 0.5 0 0
15770 0.0798857 0.5625 629.188 0.364706 0.5 0 0
15780 0.079853 0.75 629.938 0.364706 0.5 0 0
15790 0.079853 0.75 629.938 0.364706 0.5 0 0
15800 0.0798406 0.75 630.688 0.364706 0.5 0 0
15810 0.0798406 0.75 630.688 0.364706 0.5 0 0
15820 0.0797995 0.8125 631.5 0.364706 0.5 0 0
15830 0.0797995 0.8125 631.5 0.364706 0.5 0 0
15840 0.0797611 0.875 632.375 0.364706 0.5 0 0
15850 0.0797611 0.875 632.375 0.364706 0.5 0 0
15860 0.0797249 0.9375 633.312 0.364706 0.5 0 0
15870 0.0797249 0.9375 633.312 0.364706 0.5 0 0
15880 0.0796151 0.875 634.188 0.364706 0.5 0 0
15890 0.0796151 0.875 634.188 0.364706 0.5 0 0
15900 0.078651 0.875 635.062 0.364706 0.5 0 0
15910 0.078651 0.875 635.062 0.368627 0.5 0 0
15920 0.0772709 0.875 635.938 0.368627 0.5 0 0
15930 0.0772709 0.875 635.938 0.368627 0.5 0 0
15940 0.0758482 0.875 636.812 0.372549 0.5 0 0
15950 0.0758482 0.875 636.812 0.372549 0.5 0 0
15960 0.0751372 0.875 637.688 0.372549 0.5 0 0
15970 0.0751372 0.875 637.688 0.372549 0.5 0 0
15980 0.0749649 0.8125 638.5 0.372549 0.5 0 0
15990 0.0749649 0.8125 638.5 0.372549 0.5 0 0
16000 0.0755151 0.8125 639.312 0.368627 0.5 0 0
16010 0.0755151 0.8125 639.312 0.368627 0.5 0 0
16020 0.0758928 0.8125 640.125 0.368627 0.5 0 0
16030 0.0758928 0.8125 640.125 0.368627 0.5 0 0
16040 0.0761873 0.8125 640.938 0.368627 0.5 0 0
16050 0.0761873 0.8125 640.938 0.368627 0.5 0 0
16060 0.0763576 0.875 641.812 0.368627 0.5 0 0
16070 0.0763576 0.875 641.812 0.368627 0.5 0 0
16080 0.0765698 0.9375 642.75 0.368627 0.5 0 0
16090 0.0765698 0.9375 642.75 0.368627 0.5 0 0
16100 0.0764602 0.9375 643.688 0.368627 0.5 0 0
16110 0.0764602 0.9375 643.688 0.372549 0.5 0 0
16120 0.0764201 0.9375 644.625 0.368627 0.5 0 0
16130 0.0764201 0.9375 644.625 0.368627 0.5 0 0
16140 0.0763606 0.9375 645.562 0.372549 0.5 0 0
16150 0.0763606 0.9375 645.562 0.372549 0.5 0 0
16160 0.0762797 0.9375 646.5 0.368627 0.5 0 0
16170 0.0762797 0.9375 646.5 0.368627 0.5 0 0
16180 0.0762025 0.9375 647.438 0.368627 0.5 0 0
16190 0.0762025 0.9375 647.438 0.372549 0.5 0 0
16200 0.0761421 0.9375 648.375 0.372549 0.5 0 0
16210 0.0761421 0.9375 648.375 0.372549 0.5 0 0
16220 0.0761319 0.9375 649.312 0.368627 0.5 0 0
16230 0.0761319 0.9375 649.312 0.372549 0.5 0 0
16240 0.07613 0.9375 650.25 0.368627 0.5 0 0
16250 0.07613 0.9375 650.25 0.368627 0.5 0 0
16260 0.0759939 0.9375 651.188 0.368627 0.5 0 0
16270 0.0759939 0.9375 651.188 0.368627 0.5 0 0
16280 0.0759813 0.9375 652.125 0.368627 0.5 0 0
16290 0.0759813 0.9375 652.125 0.368627 0.5 0 0
16300 0.0759695 0.9375 653.062 0.368627 0.5 0 0
16310 0.0759695 0.9375 653.062 0.368627 0.5 0 0
16320 0.0759813 0.9375 654 0.364706 0.5 0 0
16330 0.0759813 0.9375 654 0.364706 0.5 0 0
16340 0.0761005 0.9375 654.938 0.364706 0.5 0 0
16350 0.0761005 0.9375 654.938 0.364706 0.5 0 0
16360 0.0762463 0.9375 655.875 0.364706 0.5 0 0
16370 0.0762463 0.9375 655.875 0.364706 0.5 0 0
16380 0.0764214 0.9375 656.812 0.364706 0.5 0 0
16390 0.0764214 0.9375 656.812 0.364706 0.5 0 0
16400 0.0765706 0.9375 657.75 0.364706 0.5 0 0
16410 0.0765706 0.9375 657.75 0.364706 0.5 0 0
16420 0.0766705 0.875 658.625 0.364706 0.5 0 0
16430 0.0766705 0.875 658.625 0.364706 0.5 0 0
16440 0.0767334 0.875 659.5 0.364706 0.5 0 0
16450 0.0767334 0.875 659.5 0.364706 0.5 0 0
16460 0.0768236 0.875 660.375 0.364706 0.5 0 0
16470 0.0768236 0.875 660.375 0.364706 0.5 0 0
16480 0.0769031 0.875 661.25 0.364706 0.5 0 0
16490 0.0769031 0.875 661.25 0.364706 0.5 0 0
16500 0.0769795 0.875 662.125 0.364706 0.5 0 0
16510 0.0769795 0.875 662.125 0.364706 0.5 0 0
16520 0.0770512 0.875 663 0.364706 0.5 0 0
16530 0.0770512 0.875 663 0.364706 0.5 0 0
16540 0.077106 0.8125 663.812 0.364706 0.5 0 0
16550 0.077106 0.8125 663.812 0.364706 0.5 0 0
16560 0.0771586 0.6875 664.5 0.364706 0.5 0 0
16570 0.0771586 0.6875 664.5 0.364706 0.5 0 0
16580 0.0770774 0.75 665.25 0.364706 0.5 0 0
16590 0.0770774 0.75 665.25 0.364706 0.5 0 0
16600 0.0768805 0.75 666 0.364706 0.5 0 0
16610 0.0768805 0.75 666 0.364706 0.5 0 0
16620 0.0768839 0.875 666.875 0.364706 0.5 0 0
16630 0.0768839 0.875 666.875 0.364706 0.5 0 0
16640 0.0769044 0.9375 667.812 0.364706 0.5 0 0
16650 0.0769044 0.9375 667.812 0.360784 0.5 0 0
16660 0.0768595 0.9375 668.75 0.364706 0.5 0 0
16670 0.0768595 0.9375 668.75 0.364706 0.5 0 0
16680 0.0759388 0.9375 669.688 0.364706 0.5 0 0
16690 0.0759388 0.9375 669.688 0.364706 0.5 0 0
16700 0.0757955 0.875 670.562 0.360784 0.5 0 0
16710 0.0757955 0.875 670.562 0.360784 0.5 0 0
16720 0.0758639 0.9375 671.5 0.364706 0.5 0 0
16730 0.0758639 0.9375 671.5 0.360784 0.5 0 0
16740 0.0759372 0.875 672.375 0.360784 0.5 0 0
16750 0.0759372 0.875 672.375 0.360784 0.5 0 0
16760 0.0759592 0.9375 673.312 0.364706 0.5 0 0
16770 0.0759592 0.9375 673.312 0.364706 0.5 0 0
16780 0.075966 0.875 674.188 0.364706 0.5 0 0
16790 0.075966 0.875 674.188 0.364706 0.5 0 0
16800 0.0760519 0.8125 675 0.364706 0.5 0 0
16810 0.0760519 0.8125 675 0.364706 0.5 0 0
16820 0.0761135 0.9375 675.938 0.360784 0.5 0 0
16830 0.0761135 0.9375 675.938 0.364706 0.5 0 0
16840 0.076201 0.9375 676.875 0.364706 0.5 0 0
16850 0.076201 0.9375 676.875 0.364706 0.5 0 0
16860 0.0762408 0.9375 677.812 0.360784 0.5 0 0
16870 0.0762408 0.9375 677.812 0.360784 0.5 0 0
16880 0.0762688 0.875 678.688 0.364706 0.5 0 0
16890 0.0762688 0.875 678.688 0.364706 0.5 0 0
16900 0.0762624 0.9375 679.625 0.364706 0.5 0 0
16910 0.0762624 0.9375 679.625 0.364706 0.5 0 0
16920 0.076258 0.875 680.5 0.364706 0.5 0 0
16930 0.076258 0.875 680.5 0.364706 0.5 0 0
16940 0.0762669 0.9375 681.438 0.364706 0.5 0 0
16950 0.0762669 0.9375 681.438 0.360784 0.5 0 0
16960 0.0762786 0.9375 682.375 0.360784 0.5 0 0
16970 0.0762786 0.9375 682.375 0.364706 0.5 0 0
16980 0.0767397 0.9375 683.312 0.360784 0.5 0 0
16990 0.0767397 0.9375 683.312 0.360784 0.5 0 0
17000 0.0769404 0.9375 684.25 0.360784 0.5 0 0
17010 0.0769404 0.9375 684.25 0.360784 0.5 0 0
17020 0.0772112 0.875 685.125 0.360784 0.5 0 0
17030 0.0772112 0.875 685.125 0.360784 0.5 0 0
17040 0.0775142 0.875 686 0.364706 0.5 0 0
17050 0.0775142 0.875 686 0.360784 0.5 0 0
17060 0.0777392 0.875 686.875 0.360784 0.5 0 0
17070 0.0777392 0.875 686.875 0.360784 0.5 0 0
17080 0.0777724 0.875 687.75 0.364706 0.5 0 0
17090 0.0777724 0.875 687.75 0.364706 0.5 0 0
17100 0.0777888 0.875 688.625 0.360784 0.5 0 0
17110 0.0777888 0.875 688.625 0.364706 0.5 0 0
17120 0.0778395 0.875 689.5 0.360784 0.5 0 0
17130 0.0778395 0.875 689.5 0.364706 0.5 0 0
17140 0.077879 0.8125 690.312 0.360784 0.5 0 0
17150 0.077879 0.8125 690.312 0.364706 0.5 0 0
17160 0.0779249 0.8125 691.125 0.364706 0.5 0 0
17170 0.0779249 0.8125 691.125 0.364706 0.5 0 0
17180 0.0779915 0.9375 692.062 0.364706 0.5 0 0
17190 0.0779915 0.9375 692.062 0.364706 0.5 0 0
17200 0.0780399 0.9375 693 0.364706 0.5 0 0
17210 0.0780399 0.9375 693 0.364706 0.5 0 0
17220 0.0780895 0.9375 693.938 0.364706 0.5 0 0
17230 0.0780895 0.9375 693.938 0.364706 0.5 0 0
17240 0.0781057 0.9375 694.875 0.364706 0.5 0 0
17250 0.0781057 0.9375 694.875 0.364706 0.5 0 0
17260 0.0781174 1 695.875 0.364706 0.5 0 0
17270 0.0781174 1 695.875 0.364706 0.5 0 0
17280 0.0781334 1 696.875 0.364706 0.5 0 0
17290 0.0781334 1 696.875 0.364706 0.5 0 0
17300 0.07815 0.9375 697.812 0.364706 0.5 0 0
17310 0.07815 0.9375 697.812 0.364706 0.5 0 0
17320 0.0781854 0.9375 698.75 0.364706 0.5 0 0
17330 0.0781854 0.9375 698.75 0.364706 0.5 0 0
17340 0.0782111 0.75 699.5 0.364706 0.5 0 0
17350 0.0782111 0.75 699.5 0.364706 0.5 0 0
17360 0.0782678 0.75 700.25 0.364706 0.5 0 0
17370 0.0782678 0.75 700.25 0.364706 0.5 0 0
17380 0.0782188 0.75 701 0.364706 0.5 0 0
17390 0.0782188 0.75 701 0.364706 0.5 0 0
17400 0.0778585 0.875 701.875 0.364706 0.5 0 0
17410 0.0778585 0.875 701.875 0.364706 0.5 0 0
17420 0.0773328 0.9375 702.812 0.364706 0.5 0 0
17430 0.0773328 0.9375 702.812 0.364706 0.5 0 0
17440 0.07722 1 703.812 0.364706 0.5 0 0
17450 0.07722 1 703.812 0.364706 0.5 0 0
17460 0.0769324 1 704.812 0.364706 0.5 0 0
17470 0.0769324 1 704.812 0.364706 0.5 0 0
17480 0.0767932 1 705.812 0.364706 0.5 0 0
17490 0.0767932 1 705.812 0.360784 0.5 0 0
17500 0.076767 1 706.812 0.360784 0.5 0 0
17510 0.076767 1 706.812 0.360784 0.5 0 0
17520 0.0760533 1 707.812 0.364706 0.5 0 0
17530 0.0760533 1 707.812 0.364706 0.5 0 0
17540 0.0755815 0.9375 708.75 0.364706 0.5 0 0
17550 0.0755815 0.9375 708.75 0.364706 0.5 0 0
17560 0.0755117 0.9375 709.688 0.364706 0.5 0 0
17570 0.0755117 0.9375 709.688 0.364706 0.5 0 0
17580 0.0754311 1 710.688 0.364706 0.5 0 0
17590 0.0754311 1 710.688 0.364706 0.5 0 0
17600 0.074866 1 711.688 0.364706 0.5 0 0
17610 0.074866 1 711.688 0.368627 0.5 0 0
17620 0.0745552 1 712.688 0.368627 0.5 0 0
17630 0.0745552 1 712.688 0.368627 0.5 0 0
17640 0.0743516 1 713.688 0.368627 0.5 0 0
17650 0.0743516 1 713.688 0.368627 0.5 0 0
17660 0.0742774 0.9375 714.625 0.368627 0.5 0 0
17670 0.0742774 0.9375 714.625 0.368627 0.5 0 0
17680 0.07428 1 715.625 0.368627 0.5 0 0
17690 0.07428 1 715.625 0.368627 0.5 0 0
17700 0.0742746 1 716.625 0.372549 0.5 0 0
17710 0.0742746 1 716.625 0.372549 0.5 0 0
17720 0.0742006 1 717.625 0.368627 0.5 0 0
17730 0.0742006 1 717.625 0.368627 0.5 0 0
17740 0.0741733 1 718.625 0.368627 0.5 0 0
17750 0.0741733 1 718.625 0.372549 0.5 0 0
17760 0.0741926 0.9375 719.562 0.368627 0.5 0 0
17770 0.0741926 0.9375 719.562 0.372549 0.5 0 0
17780 0.0741954 1 720.562 0.368627 0.5 0 0
17790 0.0741954 1 720.562 0.368627 0.5 0 0
17800 0.0742086 1 721.562 0.368627 0.5 0 0
17810 0.0742086 1 721.562 0.368627 0.5 0 0
17820 0.0742094 1 722.562 0.372549 0.5 0 0
17830 0.0742094 1 722.562 0.368627 0.5 0 0
17840 0.0742207 1 723.562 0.372549 0.5 0 0
17850 0.0742207 1 723.562 0.372549 0.5 0 0
17860 0.0742287 0.9375 724.5 0.368627 0.5 0 0
17870 0.0742287 0.9375 724.5 0.368627 0.5 0 0
17880 0.0742309 0.9375 725.438 0.368627 0.5 0 0
17890 0.0742309 0.9375 725.438 0.368627 0.5 0 0
17900 0.0742194 0.8125 726.25 0.372549 0.5 0 0
17910 0.0742194 0.8125 726.25 0.372549 0.5 0 0
17920 0.0733153 1 727.25 0.372549 0.5 0 0
17930 0.0733153 1 727.25 0.372549 0.5 0 0
17940 0.0733011 1 728.25 0.372549 0.5 0 0
17950 0.0733011 1 728.25 0.372549 0.5 0 0
17960 0.0733258 1 729.25 0.372549 0.5 0 0
17970 0.0733258 1 729.25 0.372549 0.5 0 0
17980 0.0733534 1 730.25 0.368627 0.5 0 0
17990 0.0733534 1 730.25 0.368627 0.5 0 0
18000 0.0733943 1 731.25 0.368627 0.5 0 0
18010 0.0733943 1 731.25 0.368627 0.5 0 0
18020 0.0734328 0.9375 732.188 0.372549 0.5 0 0
18030 0.0734328 0.9375 732.188 0.368627 0.5 0 0
18040 0.0734737 0.9375 733.125 0.368627 0.5 0 0
18050 0.0734737 0.9375 733.125 0.368627 0.5 0 0
18060 0.0735132 0.9375 734.062 0.368627 0.5 0 0
18070 0.0735132 0.9375 734.062 0.368627 0.5 0 0
18080 0.0735559 0.9375 735 0.368627 0.5 0 0
18090 0.0735559 0.9375 735 0.368627 0.5 0 0
18100 0.0735939 0.9375 735.938 0.368627 0.5 0 0
18110 0.0735939 0.9375 735.938 0.368627 0.5 0 0
18120 0.0735895 0.875 736.812 0.364706 0.5 0 0
18130 0.0735895 0.875 736.812 0.368627 0.5 0 0
18140 0.0736289 0.875 737.688 0.368627 0.5 0 0
18150 0.0736289 0.875 737.688 0.364706 0.5 0 0
18160 0.0737045 0.9375 738.625 0.368627 0.5 0 0
18170 0.0737045 0.9375 738.625 0.368627 0.5 0 0
18180 0.0737408 0.9375 739.562 0.364706 0.5 0 0
18190 0.0737408 0.9375 739.562 0.368627 0.5 0 0
18200 0.0737596 1 740.562 0.364706 0.5 0 0
18210 0.0737596 1 740.562 0.364706 0.5 0 0
18220 0.07379 1 741.562 0.372549 0.5 0 0
18230 0.07379 1 741.562 0.364706 0.5 0 0
18240 0.0738194 1 742.562 0.364706 0.5 0 0
18250 0.0738194 1 742.562 0.368627 0.5 0 0
18260 0.0738723 1 743.562 0.368627 0.5 0 0
18270 0.0738723 1 743.562 0.372549 0.5 0 0
18280 0.0740294 0.9375 744.5 0.372549 0.5 0 0
18290 0.0740294 0.9375 744.5 0.368627 0.5 0 0
18300 0.0741437 1 745.5 0.368627 0.5 0 0
18310 0.0741437 1 745.5 0.364706 0.5 0 0
18320 0.0740977 1 746.5 0.368627 0.5 0 0
18330 0.0740977 1 746.5 0.368627 0.5 0 0
18340 0.0740704 1 747.5 0.368627 0.5 0 0
18350 0.0740704 1 747.5 0.364706 0.5 0 0
18360 0.0740942 1 748.5 0.368627 0.5 0 0
18370 0.0740942 1 748.5 0.368627 0.5 0 0
18380 0.0741003 1 749.5 0.368627 0.5 0 0
18390 0.0741003 1 749.5 0.372549 0.5 0 0
18400 0.0740026 1 750.5 0.368627 0.5 0 0
18410 0.0740026 1 750.5 0.372549 0.5 0 0
18420 0.0737279 0.9375 751.438 0.372549 0.5 0 0
18430 0.0737279 0.9375 751.438 0.372549 0.5 0 0
18440 0.0737098 0.8125 752.25 0.376471 0.5 0 0
18450 0.0737098 0.8125 752.25 0.372549 0.5 0 0
18460 0.0736971 0.9375 753.188 0.368627 0.5 0 0
18470 0.0736971 0.9375 753.188 0.372549 0.5 0 0
18480 0.0737131 1 754.188 0.368627 0.5 0 0
18490 0.0737131 1 754.188 0.372549 0.5 0 0
18500 0.0737321 1 755.188 0.372549 0.5 0 0
18510 0.0737321 1 755.188 0.372549 0.5 0 0
18520 0.07375 1 756.188 0.372549 0.5 0 0
18530 0.07375 1 756.188 0.368627 0.5 0 0
18540 0.073764 1 757.188 0.376471 0.5 0 0
18550 0.073764 1 757.188 0.372549 0.5 0 0
18560 0.0737693 0.9375 758.125 0.368627 0.5 0 0
18570 0.0737693 0.9375 758.125 0.376471 0.5 0 0
18580 0.0737453 0.8125 758.938 0.368627 0.5 0 0
18590 0.0737453 0.8125 758.938 0.376471 0.5 0 0
18600 0.0735576 1 759.938 0.372549 0.5 0 0
18610 0.0735576 1 759.938 0.368627 0.5 0 0
18620 0.0735701 1 760.938 0.372549 0.5 0 0
18630 0.0735701 1 760.938 0.372549 0.5 0 0
18640 0.0735843 0.875 761.812 0.372549 0.5 0 0
18650 0.0735843 0.875 761.812 0.372549 0.5 0 0
18660 0.0735986 0.9375 762.75 0.372549 0.5 0 0
18670 0.0735986 0.9375 762.75 0.372549 0.5 0 0
18680 0.0736108 0.9375 763.688 0.368627 0.5 0 0
18690 0.0736108 0.9375 763.688 0.372549 0.5 0 0
18700 0.0736248 0.875 764.562 0.368627 0.5 0 0
18710 0.0736248 0.875 764.562 0.364706 0.5 0 0
18720 0.0736355 0.9375 765.5 0.372549 0.5 0 0
18730 0.0736355 0.9375 765.5 0.368627 0.5 0 0
18740 0.0736488 0.8125 766.312 0.372549 0.5 0 0
18750 0.0736488 0.8125 766.312 0.372549 0.5 0 0
18760 0.0736599 0.9375 767.25 0.372549 0.5 0 0
18770 0.0736599 0.9375 767.25 0.372549 0.5 0 0
18780 0.0736503 1 768.25 0.368627 0.5 0 0
18790 0.0736503 1 768.25 0.368627 0.5 0 0
18800 0.0736505 1 769.25 0.364706 0.5 0 0
18810 0.0736505 1 769.25 0.368627 0.5 0 0
18820 0.0736615 1 770.25 0.368627 0.5 0 0
18830 0.0736615 1 770.25 0.368627 0.5 0 0
18840 0.073672 1 771.25 0.368627 0.5 0 0
18850 0.073672 1 771.25 0.368627 0.5 0 0
18860 0.0736828 1 772.25 0.372549 0.5 0 0
18870 0.0736828 1 772.25 0.372549 0.5 0 0
18880 0.0736925 1 773.25 0.372549 0.5 0 0
18890 0.0736925 1 773.25 0.368627 0.5 0 0
18900 0.0737027 0.9375 774.188 0.376471 0.5 0 0
18910 0.0737027 0.9375 774.188 0.368627 0.5 0 0
18920 0.0737176 0.9375 775.125 0.372549 0.5 0 0
18930 0.0737176 0.9375 775.125 0.372549 0.5 0 0
18940 0.0737261 1 776.125 0.372549 0.5 0 0
18950 0.0737261 1 776.125 0.368627 0.5 0 0
18960 0.0737375 1 777.125 0.368627 0.5 0 0
18970 0.0737375 1 777.125 0.368627 0.5 0 0
18980 0.0737378 1 778.125 0.372549 0.5 0 0
18990 0.0737378 1 778.125 0.372549 0.5 0 0
19000 0.0736688 1 779.125 0.368627 0.5 0 0
19010 0.0736688 1 779.125 0.372549 0.5 0 0
19020 0.0735271 0.9375 780.062 0.372549 0.5 0 0
19030 0.0735271 0.9375 780.062 0.427451 0.5 0 0
19040 0.0730708 0.9375 781 0.411765 0.5 0 0
19050 0.0730708 0.9375 781 0.447059 0.5 0 0
19060 0.0732964 0.9375 781.938 0.380392 0.5 0 0
19070 0.0732964 0.9375 781.938 0.423529 0.5 0 0
19080 0.073446 0.9375 782.875 0.396078 0.5 0 0
19090 0.073446 0.9375 782.875 0.470588 0.5 0 0
19100 0.0734341 0.9375 783.812 0.372549 0.5 0 0
19110 0.0734341 0.9375 783.812 0.419608 0.5 0 0
19120 0.0735325 0.9375 784.75 0.431373 0.5 0 0
19130 0.0735325 0.9375 784.75 0.454902 0.5 0 0
19140 0.0736977 0.8125 785.562 0.419608 0.5 0 0
19150 0.0736977 0.8125 785.562 0.458824 0.5 0 0
19160 0.0739477 0.875 786.438 0.427451 0.5 0 0
19170 0.0739477 0.875 786.438 0.45098 0.5 0 0
19180 0.0741752 1 787.438 0.466667 0.5 0 0
19190 0.0741752 1 787.438 0.494118 0.5 0 0
19200 0.0744133 1 788.438 0.388235 0.5 0 0
19210 0.0744133 1 788.438 0.454902 0.5 0 0
19220 0.0746304 1 789.438 0.576471 0.5 0 0
19230 0.0746304 1 789.438 0.505882 0.5 0 0
19240 0.0748238 0.9375 790.375 0.419608 0.5 0 0
19250 0.0748238 0.9375 790.375 0.498039 0.5 0 0
19260 0.0749263 0.9375 791.312 0.419608 0.5 0 0
19270 0.0749263 0.9375 791.312 0.509804 0.5 0 0
19280 0.0749743 0.875 792.188 0.498039 0.5 0 0
19290 0.0749743 0.875 792.188 0.458824 0.5 0 0
19300 0.0750181 0.875 793.062 0.45098 0.5 0 0
19310 0.0750181 0.875 793.062 0.439216 0.5 0 0
19320 0.0752211 0.75 793.812 0.505882 0.5 0 0
19330 0.0752211 0.75 793.812 0.376471 0.5 0 0
19340 0.0754481 0.625 794.438 0.470588 0.5 0 0
19350 0.0754481 0.625 794.438 0.372549 0.5 0 0
19360 0.075486 0.5 794.938 0.541176 0.5 0 0
19370 0.075486 0.5 794.938 0.501961 0.5 0 0
19380 0.0754636 0.4375 795.375 0.545098 0.5 0 0
19390 0.0754636 0.4375 795.375 0.427451 0.5 0 0
19400 0.0754625 0.4375 795.812 0.392157 0.5 0 0
19410 0.0754625 0.4375 795.812 0.435294 0.5 0 0
19420 0.0754625 0.5625 796.375 0.439216 0.5 0 0
19430 0.0754625 0.5625 796.375 0.419608 0.5 0 0
19440 0.0754625 0.5625 796.938 0.447059 0.5 0 0
19450 0.0754625 0.5625 796.938 0.384314 0.5 0 0
19460 0.0754561 0.6875 797.625 0.576471 0.5 0 0
19470 0.0754561 0.6875 797.625 0.454902 0.5 0 0
19480 0.0754402 0.6875 798.312 0.376471 0.5 0 0
19490 0.0754402 0.6875 798.312 0.419608 0.5 0 0
19500 0.0754258 0.6875 799 0.494118 0.5 0 0
19510 0.0754258 0.6875 799 0.380392 0.5 0 0
19520 0.0754036 0.6875 799.688 0.427451 0.5 0 0
19530 0.0754036 0.6875 799.688 0.427451 0.5 0 0
19540 0.0754032 0.6875 800.375 0.498039 0.5 0 0
19550 0.0754032 0.6875 800.375 0.466667 0.5 0 0
19560 0.0754032 0.6875 801.062 0.494118 0.5 0 0
19570 0.0754032 0.6875 801.062 0.490196 0.5 0 0
19580 0.0754032 0.75 801.812 0.427451 0.5 0 0
19590 0.0754032 0.75 801.812 0.427451 0.5 0 0
19600 0.0753803 0.75 802.562 0.392157 0.5 0 0
19610 0.0753803 0.75 802.562 0.454902 0.5 0 0
19620 0.0753449 0.75 803.312 0.376471 0.5 0 0
19630 0.0753449 0.75 803.312 0.498039 0.5 0 0
19640 0.0753137 0.8125 804.125 0.568627 0.5 0 0
19650 0.0753137 0.8125 804.125 0.419608 0.5 0 0
19660 0.0753016 0.8125 804.938 0.490196 0.5 0 0
19670 0.0753016 0.8125 804.938 0.505882 0.5 0 0
19680 0.0753015 0.6875 805.625 0.486275 0.5 0 0
19690 0.0753015 0.6875 805.625 0.376471 0.5 0 0
19700 0.0752813 0.75 806.375 0.423529 0.5 0 0
19710 0.0752813 0.75 806.375 0.568627 0.5 0 0
19720 0.0752358 0.8125 807.188 0.478431 0.5 0 0
19730 0.0752358 0.8125 807.188 0.478431 0.5 0 0
19740 0.0751872 0.875 808.062 0.478431 0.5 0 0
19750 0.0751872 0.875 808.062 0.447059 0.5 0 0
19760 0.0751633 0.875 808.938 0.435294 0.5 0 0
19770 0.0751633 0.875 808.938 0.419608 0.5 0 0
19780 0.0751628 0.875 809.812 0.6 0.5 0 0
19790 0.0751628 0.875 809.812 0.435294 0.5 0 0
19800 0.0751628 0.8125 810.625 0.576471 0.5 0 0
19810 0.0751628 0.8125 810.625 0.427451 0.5 0 0
19820 0.0751405 0.875 811.5 0.498039 0.5 0 0
19830 0.0751405 0.875 811.5 0.419608 0.5 0 0
19840 0.075096 0.875 812.375 0.576471 0.5 0 0
19850 0.075096 0.875 812.375 0.470588 0.5 0 0
19860 0.0750494 0.875 813.25 0.427451 0.5 0 0
19870 0.0750494 0.875 813.25 0.541176 0.5 0 0
19880 0.0750136 0.8125 814.062 0.568627 0.5 0 0
19890 0.0750136 0.8125 814.062 0.380392 0.5 0 0
19900 0.0750136 0.875 814.938 0.419608 0.5 0 0
19910 0.0750136 0.875 814.938 0.490196 0.5 0 0
19920 0.0750136 0.875 815.812 0.439216 0.5 0 0
19930 0.0750136 0.875 815.812 0.392157 0.5 0 0
19940 0.0749864 0.875 816.688 0.494118 0.5 0 0
19950 0.0749864 0.875 816.688 0.470588 0.5 0 0
19960 0.0749336 0.875 817.562 0.427451 0.5 0 0
19970 0.0749336 0.875 817.562 0.466667 0.5 0 0
19980 0.0748925 0.75 818.312 0.454902 0.5 0 0
19990 0.0748925 0.75 818.312 0.411765 0.5 0 0
20000 0.0748667 0.875 819.188 0.466667 0.5 0 0
20010 0.0748667 0.875 819.188 0.498039 0.5 0 0
