0 0.117101 0 0 0.5 0.5 0 0
10 0.117101 0 0 0.666667 0.5 0 0
20 0.117011 0.25 0.25 0.596078 0.5 0 0
30 0.117011 0.25 0.25 0.572549 0.5 0 0
40 0.118517 0.416667 0.666667 0.564706 0.5 0 0
50 0.118517 0.416667 0.666667 0.572549 0.5 0 0
60 0.118964 0.416667 1.08333 0.576471 0.5 0 0
70 0.118964 0.416667 1.08333 0.54902 0.5 0 0
80 0.119113 0.416667 1.5 0.611765 0.5 0 0
90 0.119113 0.416667 1.5 0.572549 0.5 0 0
100 0.119304 0.416667 1.91667 0.611765 0.5 0 0
110 0.119304 0.416667 1.91667 0.564706 0.5 0 0
120 0.119697 0.333333 2.25 0.611765 0.5 0 0
130 0.119697 0.333333 2.25 0.576471 0.5 0 0
140 0.119831 0.333333 2.58333 0.584314 0.5 0 0
150 0.119831 0.333333 2.58333 0.596078 0.5 0 0
160 0.120359 0.333333 2.91667 0.611765 0.5 0 0
170 0.120359 0.333333 2.91667 0.588235 0.5 0 0
180 0.120441 0.333333 3.25 0.564706 0.5 0 0
190 0.120441 0.333333 3.25 0.635294 0.5 0 0
200 0.120204 0.333333 3.58333 0.572549 0.5 0 0
210 0.120204 0.333333 3.58333 0.564706 0.5 0 0
220 0.120026 0.333333 3.91667 0.588235 0.5 0 0
230 0.120026 0.333333 3.91667 0.596078 0.5 0 0
240 0.119987 0.333333 4.25 0.572549 0.5 0 0
250 0.119987 0.333333 4.25 0.603922 0.5 0 0
260 0.119987 0.333333 4.58333 0.556863 0.5 0 0
270 0.119987 0.333333 4.58333 0.611765 0.5 0 0
280 0.119987 0.333333 4.91667 0.635294 0.5 0 0
290 0.119987 0.333333 4.91667 0.588235 0.5 0 0
300 0.119987 0.333333 5.25 0.596078 0.5 0 0
310 0.119987 0.333333 5.25 0.576471 0.5 0 0
320 0.119987 0.333333 5.58333 0.611765 0.5 0 0
330 0.119987 0.333333 5.58333 0.603922 0.5 0 0
340 0.119987 0.25 5.83333 0.576471 0.5 0 0
350 0.119987 0.25 5.83333 0.576471 0.5 0 0
360 0.119987 0.166667 6 0.584314 0.5 0 0
370 0.119987 0.166667 6 0.623529 0.5 0 0
380 0.119988 0.333333 6.33333 0.588235 0.5 0 0
390 0.119988 0.333333 6.33333 0.596078 0.5 0 0
400 0.120119 0.333333 6.66667 0.611765 0.5 0 0
410 0.120119 0.333333 6.66667 0.666667 0.5 0 0
420 0.120379 0.333333 7 0.611765 0.5 0 0
430 0.120379 0.333333 7 0.556863 0.5 0 0
440 0.120373 0.333333 7.33333 0.584314 0.5 0 0
450 0.120373 0.333333 7.33333 0.611765 0.5 0 0
460 0.120317 0.333333 7.66667 0.588235 0.5 0 0
470 0.120317 0.333333 7.66667 0.588235 0.5 0 0
480 0.120256 0.333333 8 0.572549 0.5 0 0
490 0.120256 0.333333 8 0.588235 0.5 0 0
500 0.120163 0.5 8.5 0.576471 0.5 0 0
510 0.120163 0.5 8.5 0.576471 0.5 0 0
520 0.120078 0.5 9 0.741176 0.5 0 0
530 0.120078 0.5 9 0.603922 0.5 0 0
540 0.119999 0.5 9.5 0.564706 0.5 0 0
550 0.119999 0.5 9.5 0.576471 0.5 0 0
560 0.119924 0.5 10 0.564706 0.5 0 0
570 0.119924 0.5 10 0.635294 0.5 0 0
580 0.119863 0.5 10.5 0.564706 0.5 0 0
590 0.119863 0.5 10.5 0.564706 0.5 0 0
600 0.119817 0.666667 11.1667 0.733333 0.5 0 0
610 0.119817 0.666667 11.1667 0.576471 0.5 0 0
620 0.119786 0.583333 11.75 0.584314 0.5 0 0
630 0.119786 0.583333 11.75 0.572549 0.5 0 0
640 0.119765 0.416667 12.1667 0.564706 0.5 0 0
650 0.119765 0.416667 12.1667 0.576471 0.5 0 0
660 0.119754 0.416667 12.5833 0.588235 0.5 0 0
670 0.119754 0.416667 12.5833 0.596078 0.5 0 0
680 0.119199 0.333333 12.9167 0.607843 0.5 0 0
690 0.119199 0.333333 12.9167 0.627451 0.5 0 0
700 0.118315 0.333333 13.25 0.745098 0.5 0 0
710 0.118315 0.333333 13.25 0.568627 0.5 0 0
720 0.117307 0.333333 13.5833 0.52549 0.5 0 0
730 0.117307 0.333333 13.5833 0.478431 0.5 0 0
740 0.116391 0.416667 14 0.470588 0.5 0 0
750 0.116391 0.416667 14 0.470588 0.5 0 0
760 0.115568 0.416667 14.4167 0.470588 0.5 0 0
770 0.115568 0.416667 14.4167 0.47451 0.5 0 0
780 0.115302 0.416667 14.8333 0.470588 0.5 0 0
790 0.115302 0.416667 14.8333 0.470588 0.5 0 0
800 0.115302 0.416667 15.25 0.470588 0.5 0 0
810 0.115302 0.416667 15.25 0.466667 0.5 0 0
820 0.115302 0.416667 15.6667 0.470588 0.5 0 0
830 0.115302 0.416667 15.6667 0.470588 0.5 0 0
840 0.115302 0.416667 16.0833 0.470588 0.5 0 0
850 0.115302 0.416667 16.0833 0.470588 0.5 0 0
860 0.115302 0.416667 16.5 0.462745 0.5 0 0
870 0.115302 0.416667 16.5 0.466667 0.5 0 0
880 0.115302 0.333333 16.8333 0.466667 0.5 0 0
890 0.115302 0.333333 16.8333 0.47451 0.5 0 0
900 0.115085 0.333333 17.1667 0.466667 0.5 0 0
910 0.115085 0.333333 17.1667 0.462745 0.5 0 0
920 0.114786 0.333333 17.5 0.458824 0.5 0 0
930 0.114786 0.333333 17.5 0.454902 0.5 0 0
940 0.113997 0.25 17.75 0.454902 0.5 0 0
950 0.113997 0.25 17.75 0.45098 0.5 0 0
960 0.113079 0.333333 18.0833 0.45098 0.5 0 0
970 0.113079 0.333333 18.0833 0.45098 0.5 0 0
980 0.11292 0.333333 18.4167 0.443137 0.5 0 0
990 0.11292 0.333333 18.4167 0.439216 0.5 0 0
1000 0.112448 0.416667 18.8333 0.435294 0.5 0 0
1010 0.112448 0.416667 18.8333 0.427451 0.5 0 0
1020 0.111343 0.416667 19.25 0.427451 0.5 0 0
1030 0.111343 0.416667 19.25 0.423529 0.5 0 0
1040 0.110749 0.416667 19.6667 0.423529 0.5 0 0
1050 0.110749 0.416667 19.6667 0.423529 0.5 0 0
1060 0.110428 0.416667 20.0833 0.423529 0.5 0 0
1070 0.110428 0.416667 20.0833 0.423529 0.5 0 0
1080 0.110369 0.416667 20.5 0.423529 0.5 0 0
1090 0.110369 0.416667 20.5 0.423529 0.5 0 0
1100 0.110369 0.416667 20.9167 0.419608 0.5 0 0
1110 0.110369 0.416667 20.9167 0.423529 0.5 0 0
1120 0.110369 0.416667 21.3333 0.423529 0.5 0 0
1130 0.110369 0.416667 21.3333 0.423529 0.5 0 0
1140 0.110369 0.416667 21.75 0.423529 0.5 0 0
1150 0.110369 0.416667 21.75 0.423529 0.5 0 0
1160 0.110369 0.416667 22.1667 0.423529 0.5 0 0
1170 0.110369 0.416667 22.1667 0.423529 0.5 0 0
1180 0.110369 0.5 22.6667 0.423529 0.5 0 0
1190 0.110369 0.5 22.6667 0.423529 0.5 0 0
1200 0.110369 0.5 23.1667 0.423529 0.5 0 0
1210 0.110369 0.5 23.1667 0.423529 0.5 0 0
1220 0.110369 0.5 23.6667 0.423529 0.5 0 0
1230 0.110369 0.5 23.6667 0.423529 0.5 0 0
1240 0.110369 0.5 24.1667 0.423529 0.5 0 0
1250 0.110369 0.5 24.1667 0.423529 0.5 0 0
1260 0.110369 0.5 24.6667 0.423529 0.5 0 0
1270 0.110369 0.5 24.6667 0.423529 0.5 0 0
1280 0.110369 0.5 25.1667 0.423529 0.5 0 0
1290 0.110369 0.5 25.1667 0.419608 0.5 0 0
1300 0.110369 0.5 25.6667 0.423529 0.5 0 0
1310 0.110369 0.5 25.6667 0.419608 0.5 0 0
1320 0.110379 0.5 26.1667 0.423529 0.5 0 0
1330 0.110379 0.5 26.1667 0.423529 0.5 0 0
1340 0.110402 0.5 26.6667 0.423529 0.5 0 0
1350 0.110402 0.5 26.6667 0.423529 0.5 0 0
1360 0.110417 0.5 27.1667 0.423529 0.5 0 0
1370 0.110417 0.5 27.1667 0.423529 0.5 0 0
1380 0.110417 0.5 27.6667 0.423529 0.5 0 0
1390 0.110417 0.5 27.6667 0.423529 0.5 0 0
1400 0.110435 0.5 28.1667 0.423529 0.5 0 0
1410 0.110435 0.5 28.1667 0.423529 0.5 0 0
1420 0.110965 0.5 28.6667 0.423529 0.5 0 0
1430 0.110965 0.5 28.6667 0.423529 0.5 0 0
1440 0.111289 0.5 29.1667 0.423529 0.5 0 0
1450 0.111289 0.5 29.1667 0.423529 0.5 0 0
1460 0.11135 0.5 29.6667 0.423529 0.5 0 0
1470 0.11135 0.5 29.6667 0.419608 0.5 0 0
1480 0.111348 0.583333 30.25 0.423529 0.5 0 0
1490 0.111348 0.583333 30.25 0.419608 0.5 0 0
1500 0.111341 0.583333 30.8333 0.419608 0.5 0 0
1510 0.111341 0.583333 30.8333 0.423529 0.5 0 0
1520 0.111339 0.583333 31.4167 0.423529 0.5 0 0
1530 0.111339 0.583333 31.4167 0.423529 0.5 0 0
1540 0.111339 0.583333 32 0.419608 0.5 0 0
1550 0.111339 0.583333 32 0.423529 0.5 0 0
1560 0.111339 0.583333 32.5833 0.423529 0.5 0 0
1570 0.111339 0.583333 32.5833 0.423529 0.5 0 0
1580 0.111339 0.583333 33.1667 0.423529 0.5 0 0
1590 0.111339 0.583333 33.1667 0.423529 0.5 0 0
1600 0.111334 0.583333 33.75 0.423529 0.5 0 0
1610 0.111334 0.583333 33.75 0.423529 0.5 0 0
1620 0.11133 0.583333 34.3333 0.423529 0.5 0 0
1630 0.11133 0.583333 34.3333 0.419608 0.5 0 0
1640 0.111322 0.5 34.8333 0.423529 0.5 0 0
1650 0.111322 0.5 34.8333 0.419608 0.5 0 0
1660 0.11132 0.583333 35.4167 0.423529 0.5 0 0
1670 0.11132 0.583333 35.4167 0.419608 0.5 0 0
1680 0.111271 0.666667 36.0833 0.419608 0.5 0 0
1690 0.111271 0.666667 36.0833 0.423529 0.5 0 0
1700 0.111271 0.666667 36.75 0.423529 0.5 0 0
1710 0.111271 0.666667 36.75 0.419608 0.5 0 0
1720 0.111271 0.666667 37.4167 0.423529 0.5 0 0
1730 0.111271 0.666667 37.4167 0.423529 0.5 0 0
1740 0.111271 0.666667 38.0833 0.419608 0.5 0 0
1750 0.111271 0.666667 38.0833 0.419608 0.5 0 0
1760 0.111272 0.666667 38.75 0.423529 0.5 0 0
1770 0.111272 0.666667 38.75 0.419608 0.5 0 0
1780 0.111272 0.583333 39.3333 0.419608 0.5 0 0
1790 0.111272 0.583333 39.3333 0.423529 0.5 0 0
1800 0.111272 0.583333 39.9167 0.423529 0.5 0 0
1810 0.111272 0.583333 39.9167 0.419608 0.5 0 0
1820 0.111272 0.583333 40.5 0.423529 0.5 0 0
1830 0.111272 0.583333 40.5 0.423529 0.5 0 0
1840 0.110622 0.75 41.25 0.419608 0.5 0 0
1850 0.110622 0.75 41.25 0.423529 0.5 0 0
1860 0.10973 0.833333 42.0833 0.419608 0.5 0 0
1870 0.10973 0.833333 42.0833 0.419608 0.5 0 0
1880 0.109659 0.833333 42.9167 0.423529 0.5 0 0
1890 0.109659 0.833333 42.9167 0.423529 0.5 0 0
1900 0.10962 0.833333 43.75 0.423529 0.5 0 0
1910 0.10962 0.833333 43.75 0.423529 0.5 0 0
1920 0.109617 0.833333 44.5833 0.423529 0.5 0 0
1930 0.109617 0.833333 44.5833 0.423529 0.5 0 0
1940 0.109616 0.75 45.3333 0.423529 0.5 0 0
1950 0.109616 0.75 45.3333 0.419608 0.5 0 0
1960 0.10959 0.75 46.0833 0.419608 0.5 0 0
1970 0.10959 0.75 46.0833 0.419608 0.5 0 0
1980 0.109585 0.583333 46.6667 0.423529 0.5 0 0
1990 0.109585 0.583333 46.6667 0.419608 0.5 0 0
2000 0.109579 0.666667 47.3333 0.423529 0.5 0 0
2010 0.109579 0.666667 47.3333 0.423529 0.5 0 0
2020 0.109577 0.666667 48 0.419608 0.5 0 0
2030 0.109577 0.666667 48 0.415686 0.5 0 0
2040 0.108594 0.666667 48.6667 0.415686 0.5 0 0
2050 0.108594 0.666667 48.6667 0.411765 0.5 0 0
2060 0.107226 0.75 49.4167 0.411765 0.5 0 0
2070 0.107226 0.75 49.4167 0.411765 0.5 0 0
2080 0.106514 0.833333 50.25 0.411765 0.5 0 0
2090 0.106514 0.833333 50.25 0.411765 0.5 0 0
2100 0.106408 0.833333 51.0833 0.411765 0.5 0 0
2110 0.106408 0.833333 51.0833 0.411765 0.5 0 0
2120 0.106284 0.833333 51.9167 0.411765 0.5 0 0
2130 0.106284 0.833333 51.9167 0.411765 0.5 0 0
2140 0.10612 0.833333 52.75 0.411765 0.5 0 0
2150 0.10612 0.833333 52.75 0.411765 0.5 0 0
2160 0.105998 0.833333 53.5833 0.411765 0.5 0 0
2170 0.105998 0.833333 53.5833 0.411765 0.5 0 0
2180 0.105988 0.833333 54.4167 0.411765 0.5 0 0
2190 0.105988 0.833333 54.4167 0.411765 0.5 0 0
2200 0.105985 0.833333 55.25 0.411765 0.5 0 0
2210 0.105985 0.833333 55.25 0.411765 0.5 0 0
2220 0.105981 0.833333 56.0833 0.411765 0.5 0 0
2230 0.105981 0.833333 56.0833 0.411765 0.5 0 0
2240 0.105979 0.833333 56.9167 0.411765 0.5 0 0
2250 0.105979 0.833333 56.9167 0.411765 0.5 0 0
2260 0.105978 0.833333 57.75 0.411765 0.5 0 0
2270 0.105978 0.833333 57.75 0.411765 0.5 0 0
2280 0.105971 0.75 58.5 0.411765 0.5 0 0
2290 0.105971 0.75 58.5 0.411765 0.5 0 0
2300 0.105952 0.666667 59.1667 0.411765 0.5 0 0
2310 0.105952 0.666667 59.1667 0.411765 0.5 0 0
2320 0.105953 0.666667 59.8333 0.411765 0.5 0 0
2330 0.105953 0.666667 59.8333 0.411765 0.5 0 0
2340 0.105953 0.666667 60.5 0.411765 0.5 0 0
2350 0.105953 0.666667 60.5 0.411765 0.5 0 0
2360 0.105956 0.666667 61.1667 0.411765 0.5 0 0
2370 0.105956 0.666667 61.1667 0.411765 0.5 0 0
2380 0.105964 0.583333 61.75 0.411765 0.5 0 0
2390 0.105964 0.583333 61.75 0.411765 0.5 0 0
2400 0.105971 0.666667 62.4167 0.411765 0.5 0 0
2410 0.105971 0.666667 62.4167 0.411765 0.5 0 0
2420 0.105977 0.833333 63.25 0.411765 0.5 0 0
2430 0.105977 0.833333 63.25 0.411765 0.5 0 0
2440 0.105981 0.833333 64.0833 0.411765 0.5 0 0
2450 0.105981 0.833333 64.0833 0.411765 0.5 0 0
2460 0.105981 0.833333 64.9167 0.411765 0.5 0 0
2470 0.105981 0.833333 64.9167 0.411765 0.5 0 0
2480 0.105981 0.833333 65.75 0.411765 0.5 0 0
2490 0.105981 0.833333 65.75 0.411765 0.5 0 0
2500 0.105981 0.833333 66.5833 0.411765 0.5 0 0
2510 0.105981 0.833333 66.5833 0.411765 0.5 0 0
2520 0.105981 0.75 67.3333 0.411765 0.5 0 0
2530 0.105981 0.75 67.3333 0.411765 0.5 0 0
2540 0.106003 0.583333 67.9167 0.411765 0.5 0 0
2550 0.106003 0.583333 67.9167 0.411765 0.5 0 0
2560 0.106004 0.833333 68.75 0.411765 0.5 0 0
2570 0.106004 0.833333 68.75 0.411765 0.5 0 0
2580 0.106004 0.833333 69.5833 0.411765 0.5 0 0
2590 0.106004 0.833333 69.5833 0.411765 0.5 0 0
2600 0.105934 0.833333 70.4167 0.411765 0.5 0 0
2610 0.105934 0.833333 70.4167 0.411765 0.5 0 0
2620 0.10593 0.833333 71.25 0.411765 0.5 0 0
2630 0.10593 0.833333 71.25 0.411765 0.5 0 0
2640 0.105924 0.833333 72.0833 0.411765 0.5 0 0
2650 0.105924 0.833333 72.0833 0.411765 0.5 0 0
2660 0.10592 0.833333 72.9167 0.411765 0.5 0 0
2670 0.10592 0.833333 72.9167 0.411765 0.5 0 0
2680 0.105917 0.916667 73.8333 0.411765 0.5 0 0
2690 0.105917 0.916667 73.8333 0.411765 0.5 0 0
2700 0.105913 0.75 74.5833 0.411765 0.5 0 0
2710 0.105913 0.75 74.5833 0.411765 0.5 0 0
2720 0.105909 0.75 75.3333 0.411765 0.5 0 0
2730 0.105909 0.75 75.3333 0.411765 0.5 0 0
2740 0.105904 0.75 76.0833 0.411765 0.5 0 0
2750 0.105904 0.75 76.0833 0.411765 0.5 0 0
2760 0.105901 0.75 76.8333 0.411765 0.5 0 0
2770 0.105901 0.75 76.8333 0.411765 0.5 0 0
2780 0.105899 0.666667 77.5 0.411765 0.5 0 0
2790 0.105899 0.666667 77.5 0.411765 0.5 0 0
2800 0.105616 0.583333 78.0833 0.411765 0.5 0 0
2810 0.105616 0.583333 78.0833 0.407843 0.5 0 0
2820 0.105527 0.833333 78.9167 0.411765 0.5 0 0
2830 0.105527 0.833333 78.9167 0.407843 0.5 0 0
2840 0.10567 0.666667 79.5833 0.407843 0.5 0 0
2850 0.10567 0.666667 79.5833 0.407843 0.5 0 0
2860 0.105742 0.666667 80.25 0.407843 0.5 0 0
2870 0.105742 0.666667 80.25 0.407843 0.5 0 0
2880 0.105797 0.666667 80.9167 0.407843 0.5 0 0
2890 0.105797 0.666667 80.9167 0.407843 0.5 0 0
2900 0.105828 0.666667 81.5833 0.407843 0.5 0 0
2910 0.105828 0.666667 81.5833 0.407843 0.5 0 0
2920 0.105861 0.583333 82.1667 0.407843 0.5 0 0
2930 0.105861 0.583333 82.1667 0.407843 0.5 0 0
2940 0.105702 0.583333 82.75 0.407843 0.5 0 0
2950 0.105702 0.583333 82.75 0.407843 0.5 0 0
2960 0.105684 0.583333 83.3333 0.407843 0.5 0 0
2970 0.105684 0.583333 83.3333 0.403922 0.5 0 0
2980 0.106025 0.666667 84 0.403922 0.5 0 0
2990 0.106025 0.666667 84 0.403922 0.5 0 0
3000 0.105949 0.666667 84.6667 0.403922 0.5 0 0
3010 0.105949 0.666667 84.6667 0.403922 0.5 0 0
3020 0.10587 0.75 85.4167 0.403922 0.5 0 0
3030 0.10587 0.75 85.4167 0.403922 0.5 0 0
3040 0.105761 0.75 86.1667 0.403922 0.5 0 0
3050 0.105761 0.75 86.1667 0.403922 0.5 0 0
3060 0.105718 0.75 86.9167 0.403922 0.5 0 0
3070 0.105718 0.75 86.9167 0.403922 0.5 0 0
3080 0.105491 0.666667 87.5833 0.403922 0.5 0 0
3090 0.105491 0.666667 87.5833 0.403922 0.5 0 0
3100 0.105473 0.5 88.0833 0.403922 0.5 0 0
3110 0.105473 0.5 88.0833 0.4 0.5 0 0
3120 0.105337 0.416667 88.5 0.403922 0.5 0 0
3130 0.105337 0.416667 88.5 0.4 0.5 0 0
3140 0.105289 0.5 89 0.4 0.5 0 0
3150 0.105289 0.5 89 0.4 0.5 0 0
3160 0.105285 0.583333 89.5833 0.4 0.5 0 0
3170 0.105285 0.583333 89.5833 0.4 0.5 0 0
3180 0.105282 0.666667 90.25 0.4 0.5 0 0
3190 0.105282 0.666667 90.25 0.4 0.5 0 0
3200 0.105271 0.666667 90.9167 0.4 0.5 0 0
3210 0.105271 0.666667 90.9167 0.4 0.5 0 0
3220 0.105257 0.666667 91.5833 0.4 0.5 0 0
3230 0.105257 0.666667 91.5833 0.4 0.5 0 0
3240 0.10525 0.666667 92.25 0.4 0.5 0 0
3250 0.10525 0.666667 92.25 0.4 0.5 0 0
3260 0.104669 0.75 93 0.4 0.5 0 0
3270 0.104669 0.75 93 0.403922 0.5 0 0
3280 0.104087 0.583333 93.5833 0.403922 0.5 0 0
3290 0.104087 0.583333 93.5833 0.403922 0.5 0 0
3300 0.104119 0.5 94.0833 0.403922 0.5 0 0
3310 0.104119 0.5 94.0833 0.403922 0.5 0 0
3320 0.104115 0.5 94.5833 0.403922 0.5 0 0
3330 0.104115 0.5 94.5833 0.403922 0.5 0 0
3340 0.104225 0.5 95.0833 0.403922 0.5 0 0
3350 0.104225 0.5 95.0833 0.403922 0.5 0 0
3360 0.10423 0.5 95.5833 0.403922 0.5 0 0
3370 0.10423 0.5 95.5833 0.403922 0.5 0 0
3380 0.104257 0.5 96.0833 0.403922 0.5 0 0
3390 0.104257 0.5 96.0833 0.403922 0.5 0 0
3400 0.104299 0.666667 96.75 0.403922 0.5 0 0
3410 0.104299 0.666667 96.75 0.403922 0.5 0 0
3420 0.104338 0.666667 97.4167 0.403922 0.5 0 0
3430 0.104338 0.666667 97.4167 0.403922 0.5 0 0
3440 0.104366 0.666667 98.0833 0.403922 0.5 0 0
3450 0.104366 0.666667 98.0833 0.403922 0.5 0 0
3460 0.104294 0.583333 98.6667 0.403922 0.5 0 0
3470 0.104294 0.583333 98.6667 0.403922 0.5 0 0
3480 0.104292 0.416667 99.0833 0.403922 0.5 0 0
3490 0.104292 0.416667 99.0833 0.403922 0.5 0 0
3500 0.104292 0.416667 99.5 0.403922 0.5 0 0
3510 0.104292 0.416667 99.5 0.403922 0.5 0 0
3520 0.104254 0.5 100 0.403922 0.5 0 0
3530 0.104254 0.5 100 0.403922 0.5 0 0
3540 0.104406 0.583333 100.583 0.403922 0.5 0 0
3550 0.104406 0.583333 100.583 0.4 0.5 0 0
3560 0.104669 0.583333 101.167 0.4 0.5 0 0
3570 0.104669 0.583333 101.167 0.4 0.5 0 0
3580 0.104703 0.583333 101.75 0.4 0.5 0 0
3590 0.104703 0.583333 101.75 0.4 0.5 0 0
3600 0.104765 0.583333 102.333 0.4 0.5 0 0
3610 0.104765 0.583333 102.333 0.4 0.5 0 0
3620 0.10522 0.666667 103 0.4 0.5 0 0
3630 0.10522 0.666667 103 0.4 0.5 0 0
3640 0.105223 0.75 103.75 0.4 0.5 0 0
3650 0.105223 0.75 103.75 0.4 0.5 0 0
3660 0.105249 0.75 104.5 0.4 0.5 0 0
3670 0.105249 0.75 104.5 0.4 0.5 0 0
3680 0.105249 0.75 105.25 0.4 0.5 0 0
3690 0.105249 0.75 105.25 0.4 0.5 0 0
3700 0.105251 0.75 106 0.4 0.5 0 0
3710 0.105251 0.75 106 0.4 0.5 0 0
3720 0.10525 0.666667 106.667 0.4 0.5 0 0
3730 0.10525 0.666667 106.667 0.4 0.5 0 0
3740 0.105249 0.666667 107.333 0.396078 0.5 0 0
3750 0.105249 0.666667 107.333 0.396078 0.5 0 0
3760 0.105246 0.5 107.833 0.4 0.5 0 0
3770 0.105246 0.5 107.833 0.4 0.5 0 0
3780 0.105242 0.5 108.333 0.396078 0.5 0 0
3790 0.105242 0.5 108.333 0.396078 0.5 0 0
3800 0.105237 0.5 108.833 0.396078 0.5 0 0
3810 0.105237 0.5 108.833 0.396078 0.5 0 0
3820 0.105232 0.5 109.333 0.396078 0.5 0 0
3830 0.105232 0.5 109.333 0.396078 0.5 0 0
3840 0.105227 0.5 109.833 0.396078 0.5 0 0
3850 0.105227 0.5 109.833 0.396078 0.5 0 0
3860 0.105219 0.5 110.333 0.396078 0.5 0 0
3870 0.105219 0.5 110.333 0.396078 0.5 0 0
3880 0.105506 0.666667 111 0.396078 0.5 0 0
3890 0.105506 0.666667 111 0.396078 0.5 0 0
3900 0.105521 0.666667 111.667 0.396078 0.5 0 0
3910 0.105521 0.666667 111.667 0.396078 0.5 0 0
3920 0.105526 0.666667 112.333 0.396078 0.5 0 0
3930 0.105526 0.666667 112.333 0.396078 0.5 0 0
3940 0.105537 0.666667 113 0.396078 0.5 0 0
3950 0.105537 0.666667 113 0.396078 0.5 0 0
3960 0.105521 0.666667 113.667 0.396078 0.5 0 0
3970 0.105521 0.666667 113.667 0.396078 0.5 0 0
3980 0.105504 0.75 114.417 0.396078 0.5 0 0
3990 0.105504 0.75 114.417 0.396078 0.5 0 0
4000 0.105495 0.75 115.167 0.396078 0.5 0 0
4010 0.105495 0.75 115.167 0.396078 0.5 0 0
4020 0.105489 0.75 115.917 0.396078 0.5 0 0
4030 0.105489 0.75 115.917 0.396078 0.5 0 0
4040 0.105482 0.666667 116.583 0.396078 0.5 0 0
4050 0.105482 0.666667 116.583 0.396078 0.5 0 0
4060 0.105476 0.666667 117.25 0.396078 0.5 0 0
4070 0.105476 0.666667 117.25 0.396078 0.5 0 0
4080 0.105476 0.666667 117.917 0.392157 0.5 0 0
4090 0.105476 0.666667 117.917 0.396078 0.5 0 0
4100 0.105476 0.583333 118.5 0.396078 0.5 0 0
4110 0.105476 0.583333 118.5 0.396078 0.5 0 0
4120 0.105476 0.583333 119.083 0.396078 0.5 0 0
4130 0.105476 0.583333 119.083 0.396078 0.5 0 0
4140 0.105476 0.583333 119.667 0.396078 0.5 0 0
4150 0.105476 0.583333 119.667 0.392157 0.5 0 0
4160 0.105476 0.583333 120.25 0.396078 0.5 0 0
4170 0.105476 0.583333 120.25 0.396078 0.5 0 0
4180 0.105476 0.666667 120.917 0.392157 0.5 0 0
4190 0.105476 0.666667 120.917 0.396078 0.5 0 0
4200 0.105476 0.666667 121.583 0.396078 0.5 0 0
4210 0.105476 0.666667 121.583 0.396078 0.5 0 0
4220 0.105481 0.75 122.333 0.396078 0.5 0 0
4230 0.105481 0.75 122.333 0.396078 0.5 0 0
4240 0.105482 0.75 123.083 0.396078 0.5 0 0
4250 0.105482 0.75 123.083 0.396078 0.5 0 0
4260 0.105491 0.833333 123.917 0.396078 0.5 0 0
4270 0.105491 0.833333 123.917 0.392157 0.5 0 0
4280 0.1055 0.833333 124.75 0.392157 0.5 0 0
4290 0.1055 0.833333 124.75 0.396078 0.5 0 0
4300 0.105521 0.833333 125.583 0.392157 0.5 0 0
4310 0.105521 0.833333 125.583 0.392157 0.5 0 0
4320 0.105546 0.833333 126.417 0.392157 0.5 0 0
4330 0.105546 0.833333 126.417 0.392157 0.5 0 0
4340 0.105563 0.833333 127.25 0.392157 0.5 0 0
4350 0.105563 0.833333 127.25 0.392157 0.5 0 0
4360 0.105558 0.833333 128.083 0.392157 0.5 0 0
4370 0.105558 0.833333 128.083 0.392157 0.5 0 0
4380 0.10554 0.75 128.833 0.392157 0.5 0 0
4390 0.10554 0.75 128.833 0.392157 0.5 0 0
4400 0.105525 0.833333 129.667 0.392157 0.5 0 0
4410 0.105525 0.833333 129.667 0.392157 0.5 0 0
4420 0.105516 0.916667 130.583 0.392157 0.5 0 0
4430 0.105516 0.916667 130.583 0.392157 0.5 0 0
4440 0.105446 0.916667 131.5 0.392157 0.5 0 0
4450 0.105446 0.916667 131.5 0.392157 0.5 0 0
4460 0.10541 0.916667 132.417 0.388235 0.5 0 0
4470 0.10541 0.916667 132.417 0.388235 0.5 0 0
4480 0.105391 0.916667 133.333 0.388235 0.5 0 0
4490 0.105391 0.916667 133.333 0.388235 0.5 0 0
4500 0.105388 0.916667 134.25 0.392157 0.5 0 0
4510 0.105388 0.916667 134.25 0.388235 0.5 0 0
4520 0.105392 0.916667 135.167 0.388235 0.5 0 0
4530 0.105392 0.916667 135.167 0.388235 0.5 0 0
4540 0.105396 0.833333 136 0.388235 0.5 0 0
4550 0.105396 0.833333 136 0.388235 0.5 0 0
4560 0.105407 0.75 136.75 0.388235 0.5 0 0
4570 0.105407 0.75 136.75 0.388235 0.5 0 0
4580 0.105426 0.916667 137.667 0.388235 0.5 0 0
4590 0.105426 0.916667 137.667 0.384314 0.5 0 0
4600 0.105465 0.833333 138.5 0.384314 0.5 0 0
4610 0.105465 0.833333 138.5 0.384314 0.5 0 0
4620 0.105337 0.833333 139.333 0.384314 0.5 0 0
4630 0.105337 0.833333 139.333 0.384314 0.5 0 0
4640 0.105195 0.833333 140.167 0.384314 0.5 0 0
4650 0.105195 0.833333 140.167 0.384314 0.5 0 0
4660 0.10498 0.916667 141.083 0.384314 0.5 0 0
4670 0.10498 0.916667 141.083 0.384314 0.5 0 0
4680 0.104916 0.916667 142 0.384314 0.5 0 0
4690 0.104916 0.916667 142 0.384314 0.5 0 0
4700 0.104843 0.916667 142.917 0.384314 0.5 0 0
4710 0.104843 0.916667 142.917 0.384314 0.5 0 0
4720 0.10478 0.916667 143.833 0.384314 0.5 0 0
4730 0.10478 0.916667 143.833 0.384314 0.5 0 0
4740 0.10473 0.833333 144.667 0.384314 0.5 0 0
4750 0.10473 0.833333 144.667 0.384314 0.5 0 0
4760 0.10466 0.833333 145.5 0.384314 0.5 0 0
4770 0.10466 0.833333 145.5 0.384314 0.5 0 0
4780 0.104614 1 146.5 0.384314 0.5 0 0
4790 0.104614 1 146.5 0.384314 0.5 0 0
4800 0.104465 0.833333 147.333 0.384314 0.5 0 0
4810 0.104465 0.833333 147.333 0.384314 0.5 0 0
4820 0.103778 0.833333 148.167 0.384314 0.5 0 0
4830 0.103778 0.833333 148.167 0.384314 0.5 0 0
4840 0.103523 0.833333 149 0.384314 0.5 0 0
4850 0.103523 0.833333 149 0.384314 0.5 0 0
4860 0.103076 0.833333 149.833 0.384314 0.5 0 0
4870 0.103076 0.833333 149.833 0.384314 0.5 0 0
4880 0.102784 0.833333 150.667 0.384314 0.5 0 0
4890 0.102784 0.833333 150.667 0.384314 0.5 0 0
4900 0.102133 0.833333 151.5 0.384314 0.5 0 0
4910 0.102133 0.833333 151.5 0.384314 0.5 0 0
4920 0.101908 0.833333 152.333 0.384314 0.5 0 0
4930 0.101908 0.833333 152.333 0.384314 0.5 0 0
4940 0.101907 0.833333 153.167 0.384314 0.5 0 0
4950 0.101907 0.833333 153.167 0.384314 0.5 0 0
4960 0.101906 0.833333 154 0.384314 0.5 0 0
4970 0.101906 0.833333 154 0.384314 0.5 0 0
4980 0.101851 0.916667 154.917 0.384314 0.5 0 0
4990 0.101851 0.916667 154.917 0.384314 0.5 0 0
5000 0.10185 0.833333 155.75 0.384314 0.5 0 0
5010 0.10185 0.833333 155.75 0.384314 0.5 0 0
5020 0.101842 0.833333 156.583 0.384314 0.5 0 0
5030 0.101842 0.833333 156.583 0.384314 0.5 0 0
5040 0.101814 0.833333 157.417 0.384314 0.5 0 0
5050 0.101814 0.833333 157.417 0.384314 0.5 0 0
5060 0.101792 0.833333 158.25 0.384314 0.5 0 0
5070 0.101792 0.833333 158.25 0.384314 0.5 0 0
5080 0.101767 0.666667 158.917 0.384314 0.5 0 0
5090 0.101767 0.666667 158.917 0.384314 0.5 0 0
5100 0.101735 0.666667 159.583 0.384314 0.5 0 0
5110 0.101735 0.666667 159.583 0.384314 0.5 0 0
5120 0.101743 0.666667 160.25 0.384314 0.5 0 0
5130 0.101743 0.666667 160.25 0.384314 0.5 0 0
5140 0.10175 0.666667 160.917 0.384314 0.5 0 0
5150 0.10175 0.666667 160.917 0.384314 0.5 0 0
5160 0.101757 0.583333 161.5 0.384314 0.5 0 0
5170 0.101757 0.583333 161.5 0.384314 0.5 0 0
5180 0.101763 0.583333 162.083 0.384314 0.5 0 0
5190 0.101763 0.583333 162.083 0.384314 0.5 0 0
5200 0.101613 0.666667 162.75 0.384314 0.5 0 0
5210 0.101613 0.666667 162.75 0.384314 0.5 0 0
5220 0.101519 0.666667 163.417 0.384314 0.5 0 0
5230 0.101519 0.666667 163.417 0.384314 0.5 0 0
5240 0.101518 0.666667 164.083 0.384314 0.5 0 0
5250 0.101518 0.666667 164.083 0.384314 0.5 0 0
5260 0.101525 0.666667 164.75 0.380392 0.5 0 0
5270 0.101525 0.666667 164.75 0.384314 0.5 0 0
5280 0.101549 0.666667 165.417 0.384314 0.5 0 0
5290 0.101549 0.666667 165.417 0.384314 0.5 0 0
5300 0.10157 0.666667 166.083 0.380392 0.5 0 0
5310 0.10157 0.666667 166.083 0.380392 0.5 0 0
5320 0.101727 0.416667 166.5 0.380392 0.5 0 0
5330 0.101727 0.416667 166.5 0.376471 0.5 0 0
5340 0.101837 0.333333 166.833 0.376471 0.5 0 0
5350 0.101837 0.333333 166.833 0.376471 0.5 0 0
5360 0.101431 0.333333 167.167 0.376471 0.5 0 0
5370 0.101431 0.333333 167.167 0.380392 0.5 0 0
5380 0.101774 0.5 167.667 0.376471 0.5 0 0
5390 0.101774 0.5 167.667 0.376471 0.5 0 0
5400 0.102154 0.5 168.167 0.376471 0.5 0 0
5410 0.102154 0.5 168.167 0.372549 0.5 0 0
5420 0.102289 0.583333 168.75 0.372549 0.5 0 0
5430 0.102289 0.583333 168.75 0.372549 0.5 0 0
5440 0.102126 0.583333 169.333 0.376471 0.5 0 0
5450 0.102126 0.583333 169.333 0.376471 0.5 0 0
5460 0.102093 0.583333 169.917 0.372549 0.5 0 0
5470 0.102093 0.583333 169.917 0.376471 0.5 0 0
5480 0.102035 0.583333 170.5 0.372549 0.5 0 0
5490 0.102035 0.583333 170.5 0.376471 0.5 0 0
5500 0.102051 0.583333 171.083 0.372549 0.5 0 0
5510 0.102051 0.583333 171.083 0.372549 0.5 0 0
5520 0.102007 0.583333 171.667 0.376471 0.5 0 0
5530 0.102007 0.583333 171.667 0.376471 0.5 0 0
5540 0.10202 0.583333 172.25 0.376471 0.5 0 0
5550 0.10202 0.583333 172.25 0.372549 0.5 0 0
5560 0.102034 0.583333 172.833 0.372549 0.5 0 0
5570 0.102034 0.583333 172.833 0.376471 0.5 0 0
5580 0.102049 0.583333 173.417 0.372549 0.5 0 0
5590 0.102049 0.583333 173.417 0.372549 0.5 0 0
5600 0.102066 0.583333 174 0.376471 0.5 0 0
5610 0.102066 0.583333 174 0.372549 0.5 0 0
5620 0.102085 0.583333 174.583 0.376471 0.5 0 0
5630 0.102085 0.583333 174.583 0.376471 0.5 0 0
5640 0.102103 0.583333 175.167 0.376471 0.5 0 0
5650 0.102103 0.583333 175.167 0.376471 0.5 0 0
5660 0.102103 0.583333 175.75 0.376471 0.5 0 0
5670 0.102103 0.583333 175.75 0.376471 0.5 0 0
5680 0.102103 0.583333 176.333 0.376471 0.5 0 0
5690 0.102103 0.583333 176.333 0.376471 0.5 0 0
5700 0.102103 0.5 176.833 0.376471 0.5 0 0
5710 0.102103 0.5 176.833 0.376471 0.5 0 0
5720 0.102111 0.583333 177.417 0.372549 0.5 0 0
5730 0.102111 0.583333 177.417 0.376471 0.5 0 0
5740 0.102124 0.583333 178 0.372549 0.5 0 0
5750 0.102124 0.583333 178 0.376471 0.5 0 0
5760 0.102134 0.583333 178.583 0.376471 0.5 0 0
5770 0.102134 0.583333 178.583 0.372549 0.5 0 0
5780 0.102145 0.583333 179.167 0.372549 0.5 0 0
5790 0.102145 0.583333 179.167 0.376471 0.5 0 0
5800 0.102154 0.583333 179.75 0.376471 0.5 0 0
5810 0.102154 0.583333 179.75 0.372549 0.5 0 0
5820 0.102167 0.416667 180.167 0.376471 0.5 0 0
5830 0.102167 0.416667 180.167 0.376471 0.5 0 0
5840 0.102178 0.416667 180.583 0.376471 0.5 0 0
5850 0.102178 0.416667 180.583 0.376471 0.5 0 0
5860 0.102185 0.583333 181.167 0.376471 0.5 0 0
5870 0.102185 0.583333 181.167 0.376471 0.5 0 0
5880 0.102193 0.583333 181.75 0.376471 0.5 0 0
5890 0.102193 0.583333 181.75 0.376471 0.5 0 0
5900 0.102199 0.583333 182.333 0.372549 0.5 0 0
5910 0.102199 0.583333 182.333 0.372549 0.5 0 0
5920 0.102205 0.583333 182.917 0.376471 0.5 0 0
5930 0.102205 0.583333 182.917 0.376471 0.5 0 0
5940 0.102205 0.583333 183.5 0.376471 0.5 0 0
5950 0.102205 0.583333 183.5 0.376471 0.5 0 0
5960 0.102205 0.583333 184.083 0.372549 0.5 0 0
5970 0.102205 0.583333 184.083 0.372549 0.5 0 0
5980 0.102205 0.583333 184.667 0.376471 0.5 0 0
5990 0.102205 0.583333 184.667 0.376471 0.5 0 0
6000 0.102205 0.583333 185.25 0.376471 0.5 0 0
6010 0.102205 0.583333 185.25 0.376471 0.5 0 0
6020 0.102205 0.583333 185.833 0.376471 0.5 0 0
6030 0.102205 0.583333 185.833 0.376471 0.5 0 0
6040 0.10221 0.583333 186.417 0.376471 0.5 0 0
6050 0.10221 0.583333 186.417 0.376471 0.5 0 0
6060 0.102209 0.583333 187 0.372549 0.5 0 0
6070 0.102209 0.583333 187 0.372549 0.5 0 0
6080 0.102211 0.583333 187.583 0.376471 0.5 0 0
6090 0.102211 0.583333 187.583 0.372549 0.5 0 0
6100 0.102215 0.583333 188.167 0.376471 0.5 0 0
6110 0.102215 0.583333 188.167 0.376471 0.5 0 0
6120 0.102215 0.583333 188.75 0.376471 0.5 0 0
6130 0.102215 0.583333 188.75 0.376471 0.5 0 0
6140 0.102215 0.5 189.25 0.372549 0.5 0 0
6150 0.102215 0.5 189.25 0.376471 0.5 0 0
6160 0.102215 0.333333 189.583 0.372549 0.5 0 0
6170 0.102215 0.333333 189.583 0.376471 0.5 0 0
6180 0.102216 0.583333 190.167 0.376471 0.5 0 0
6190 0.102216 0.583333 190.167 0.376471 0.5 0 0
6200 0.102216 0.583333 190.75 0.376471 0.5 0 0
6210 0.102216 0.583333 190.75 0.376471 0.5 0 0
6220 0.102216 0.583333 191.333 0.376471 0.5 0 0
6230 0.102216 0.583333 191.333 0.376471 0.5 0 0
6240 0.102216 0.583333 191.917 0.376471 0.5 0 0
6250 0.102216 0.583333 191.917 0.376471 0.5 0 0
6260 0.102216 0.583333 192.5 0.372549 0.5 0 0
6270 0.102216 0.583333 192.5 0.376471 0.5 0 0
6280 0.102216 0.583333 193.083 0.372549 0.5 0 0
6290 0.102216 0.583333 193.083 0.376471 0.5 0 0
6300 0.102217 0.583333 193.667 0.376471 0.5 0 0
6310 0.102217 0.583333 193.667 0.376471 0.5 0 0
6320 0.102217 0.583333 194.25 0.376471 0.5 0 0
6330 0.102217 0.583333 194.25 0.376471 0.5 0 0
6340 0.102217 0.583333 194.833 0.376471 0.5 0 0
6350 0.102217 0.583333 194.833 0.376471 0.5 0 0
6360 0.102217 0.583333 195.417 0.376471 0.5 0 0
6370 0.102217 0.583333 195.417 0.376471 0.5 0 0
6380 0.102217 0.583333 196 0.376471 0.5 0 0
6390 0.102217 0.583333 196 0.376471 0.5 0 0
6400 0.102218 0.5 196.5 0.376471 0.5 0 0
6410 0.102218 0.5 196.5 0.376471 0.5 0 0
6420 0.102218 0.583333 197.083 0.376471 0.5 0 0
6430 0.102218 0.583333 197.083 0.376471 0.5 0 0
6440 0.102218 0.583333 197.667 0.376471 0.5 0 0
6450 0.102218 0.583333 197.667 0.376471 0.5 0 0
6460 0.102219 0.583333 198.25 0.376471 0.5 0 0
6470 0.102219 0.583333 198.25 0.376471 0.5 0 0
6480 0.102219 0.583333 198.833 0.376471 0.5 0 0
6490 0.102219 0.583333 198.833 0.376471 0.5 0 0
6500 0.102221 0.583333 199.417 0.376471 0.5 0 0
6510 0.102221 0.583333 199.417 0.376471 0.5 0 0
6520 0.102222 0.583333 200 0.372549 0.5 0 0
6530 0.102222 0.583333 200 0.376471 0.5 0 0
6540 0.102223 0.5 200.5 0.376471 0.5 0 0
6550 0.102223 0.5 200.5 0.376471 0.5 0 0
6560 0.102271 0.5 201 0.376471 0.5 0 0
6570 0.102271 0.5 201 0.376471 0.5 0 0
6580 0.102279 0.5 201.5 0.372549 0.5 0 0
6590 0.102279 0.5 201.5 0.376471 0.5 0 0
6600 0.10228 0.333333 201.833 0.376471 0.5 0 0
6610 0.10228 0.333333 201.833 0.376471 0.5 0 0
6620 0.10228 0.166667 202 0.376471 0.5 0 0
6630 0.10228 0.166667 202 0.376471 0.5 0 0
6640 0.10228 0.333333 202.333 0.376471 0.5 0 0
6650 0.10228 0.333333 202.333 0.376471 0.5 0 0
6660 0.102303 0.333333 202.667 0.376471 0.5 0 0
6670 0.102303 0.333333 202.667 0.376471 0.5 0 0
6680 0.102588 0.333333 203 0.376471 0.5 0 0
6690 0.102588 0.333333 203 0.372549 0.5 0 0
6700 0.102742 0.333333 203.333 0.376471 0.5 0 0
6710 0.102742 0.333333 203.333 0.376471 0.5 0 0
6720 0.102488 0.5 203.833 0.372549 0.5 0 0
6730 0.102488 0.5 203.833 0.368627 0.5 0 0
6740 0.101716 0.75 204.583 0.368627 0.5 0 0
6750 0.101716 0.75 204.583 0.364706 0.5 0 0
6760 0.100878 0.75 205.333 0.368627 0.5 0 0
6770 0.100878 0.75 205.333 0.364706 0.5 0 0
6780 0.100058 0.75 206.083 0.368627 0.5 0 0
6790 0.100058 0.75 206.083 0.368627 0.5 0 0
6800 0.0997798 0.75 206.833 0.368627 0.5 0 0
6810 0.0997798 0.75 206.833 0.364706 0.5 0 0
6820 0.099748 0.75 207.583 0.368627 0.5 0 0
6830 0.099748 0.75 207.583 0.368627 0.5 0 0
6840 0.0996108 0.5 208.083 0.368627 0.5 0 0
6850 0.0996108 0.5 208.083 0.368627 0.5 0 0
6860 0.0992708 0.5 208.583 0.368627 0.5 0 0
6870 0.0992708 0.5 208.583 0.368627 0.5 0 0
6880 0.0992355 0.666667 209.25 0.368627 0.5 0 0
6890 0.0992355 0.666667 209.25 0.368627 0.5 0 0
6900 0.0992422 0.666667 209.917 0.368627 0.5 0 0
6910 0.0992422 0.666667 209.917 0.368627 0.5 0 0
6920 0.0992478 0.583333 210.5 0.364706 0.5 0 0
6930 0.0992478 0.583333 210.5 0.368627 0.5 0 0
6940 0.0992497 0.583333 211.083 0.368627 0.5 0 0
6950 0.0992497 0.583333 211.083 0.368627 0.5 0 0
6960 0.0992497 0.75 211.833 0.368627 0.5 0 0
6970 0.0992497 0.75 211.833 0.368627 0.5 0 0
6980 0.0992497 0.416667 212.25 0.368627 0.5 0 0
6990 0.0992497 0.416667 212.25 0.368627 0.5 0 0
7000 0.0992497 0.5 212.75 0.364706 0.5 0 0
7010 0.0992497 0.5 212.75 0.368627 0.5 0 0
7020 0.0992497 0.666667 213.417 0.368627 0.5 0 0
7030 0.0992497 0.666667 213.417 0.368627 0.5 0 0
7040 0.0992497 0.833333 214.25 0.368627 0.5 0 0
7050 0.0992497 0.833333 214.25 0.368627 0.5 0 0
7060 0.0992497 0.833333 215.083 0.368627 0.5 0 0
7070 0.0992497 0.833333 215.083 0.368627 0.5 0 0
7080 0.0992497 0.916667 216 0.368627 0.5 0 0
7090 0.0992497 0.916667 216 0.364706 0.5 0 0
7100 0.0992497 0.916667 216.917 0.368627 0.5 0 0
7110 0.0992497 0.916667 216.917 0.364706 0.5 0 0
7120 0.0992497 0.833333 217.75 0.368627 0.5 0 0
7130 0.0992497 0.833333 217.75 0.368627 0.5 0 0
7140 0.0992497 0.833333 218.583 0.368627 0.5 0 0
7150 0.0992497 0.833333 218.583 0.368627 0.5 0 0
7160 0.0992497 0.833333 219.417 0.364706 0.5 0 0
7170 0.0992497 0.833333 219.417 0.368627 0.5 0 0
7180 0.0992497 0.833333 220.25 0.364706 0.5 0 0
7190 0.0992497 0.833333 220.25 0.368627 0.5 0 0
7200 0.0992497 0.916667 221.167 0.368627 0.5 0 0
7210 0.0992497 0.916667 221.167 0.364706 0.5 0 0
7220 0.0992497 0.916667 222.083 0.368627 0.5 0 0
7230 0.0992497 0.916667 222.083 0.368627 0.5 0 0
7240 0.0992497 0.916667 223 0.364706 0.5 0 0
7250 0.0992497 0.916667 223 0.364706 0.5 0 0
7260 0.0992497 0.75 223.75 0.368627 0.5 0 0
7270 0.0992497 0.75 223.75 0.368627 0.5 0 0
7280 0.0992497 0.916667 224.667 0.368627 0.5 0 0
7290 0.0992497 0.916667 224.667 0.368627 0.5 0 0
7300 0.0992497 0.666667 225.333 0.364706 0.5 0 0
7310 0.0992497 0.666667 225.333 0.368627 0.5 0 0
7320 0.0992497 0.666667 226 0.368627 0.5 0 0
7330 0.0992497 0.666667 226 0.368627 0.5 0 0
7340 0.0992497 0.833333 226.833 0.368627 0.5 0 0
7350 0.0992497 0.833333 226.833 0.368627 0.5 0 0
7360 0.0992497 0.75 227.583 0.364706 0.5 0 0
7370 0.0992497 0.75 227.583 0.368627 0.5 0 0
7380 0.0992497 0.916667 228.5 0.364706 0.5 0 0
7390 0.0992497 0.916667 228.5 0.368627 0.5 0 0
7400 0.0992497 0.916667 229.417 0.368627 0.5 0 0
7410 0.0992497 0.916667 229.417 0.368627 0.5 0 0
7420 0.0992508 0.916667 230.333 0.368627 0.5 0 0
7430 0.0992508 0.916667 230.333 0.368627 0.5 0 0
7440 0.0992544 0.916667 231.25 0.368627 0.5 0 0
7450 0.0992544 0.916667 231.25 0.368627 0.5 0 0
7460 0.0992589 0.916667 232.167 0.368627 0.5 0 0
7470 0.0992589 0.916667 232.167 0.368627 0.5 0 0
7480 0.0992624 0.833333 233 0.364706 0.5 0 0
7490 0.0992624 0.833333 233 0.364706 0.5 0 0
7500 0.0992655 0.666667 233.667 0.368627 0.5 0 0
7510 0.0992655 0.666667 233.667 0.364706 0.5 0 0
7520 0.09928 0.5 234.167 0.368627 0.5 0 0
7530 0.09928 0.5 234.167 0.364706 0.5 0 0
7540 0.0993115 0.333333 234.5 0.368627 0.5 0 0
7550 0.0993115 0.333333 234.5 0.368627 0.5 0 0
7560 0.0992996 0.5 235 0.368627 0.5 0 0
7570 0.0992996 0.5 235 0.368627 0.5 0 0
7580 0.0992996 0.5 235.5 0.368627 0.5 0 0
7590 0.0992996 0.5 235.5 0.368627 0.5 0 0
7600 0.0992245 0.5 236 0.368627 0.5 0 0
7610 0.0992245 0.5 236 0.368627 0.5 0 0
7620 0.0989396 0.5 236.5 0.368627 0.5 0 0
7630 0.0989396 0.5 236.5 0.364706 0.5 0 0
7640 0.0988172 0.666667 237.167 0.368627 0.5 0 0
7650 0.0988172 0.666667 237.167 0.368627 0.5 0 0
7660 0.0988172 0.666667 237.833 0.368627 0.5 0 0
7670 0.0988172 0.666667 237.833 0.368627 0.5 0 0
7680 0.0987685 0.666667 238.5 0.364706 0.5 0 0
7690 0.0987685 0.666667 238.5 0.368627 0.5 0 0
7700 0.098751 0.666667 239.167 0.368627 0.5 0 0
7710 0.098751 0.666667 239.167 0.368627 0.5 0 0
7720 0.098751 0.666667 239.833 0.368627 0.5 0 0
7730 0.098751 0.666667 239.833 0.368627 0.5 0 0
7740 0.098751 0.666667 240.5 0.368627 0.5 0 0
7750 0.098751 0.666667 240.5 0.368627 0.5 0 0
7760 0.098751 0.333333 240.833 0.368627 0.5 0 0
7770 0.098751 0.333333 240.833 0.368627 0.5 0 0
7780 0.098751 0.5 241.333 0.368627 0.5 0 0
7790 0.098751 0.5 241.333 0.368627 0.5 0 0
7800 0.098751 0.666667 242 0.364706 0.5 0 0
7810 0.098751 0.666667 242 0.368627 0.5 0 0
7820 0.098751 0.666667 242.667 0.368627 0.5 0 0
7830 0.098751 0.666667 242.667 0.368627 0.5 0 0
7840 0.098751 0.666667 243.333 0.368627 0.5 0 0
7850 0.098751 0.666667 243.333 0.368627 0.5 0 0
7860 0.098751 0.666667 244 0.368627 0.5 0 0
7870 0.098751 0.666667 244 0.368627 0.5 0 0
7880 0.098751 0.5 244.5 0.368627 0.5 0 0
7890 0.098751 0.5 244.5 0.364706 0.5 0 0
7900 0.098751 0.75 245.25 0.368627 0.5 0 0
7910 0.098751 0.75 245.25 0.368627 0.5 0 0
7920 0.098751 0.75 246 0.368627 0.5 0 0
7930 0.098751 0.75 246 0.368627 0.5 0 0
7940 0.098751 0.75 246.75 0.368627 0.5 0 0
7950 0.098751 0.75 246.75 0.368627 0.5 0 0
7960 0.098751 0.75 247.5 0.368627 0.5 0 0
7970 0.098751 0.75 247.5 0.368627 0.5 0 0
7980 0.098751 0.75 248.25 0.368627 0.5 0 0
7990 0.098751 0.75 248.25 0.368627 0.5 0 0
8000 0.098751 0.583333 248.833 0.364706 0.5 0 0
8010 0.098751 0.583333 248.833 0.364706 0.5 0 0
8020 0.0988292 0.416667 249.25 0.368627 0.5 0 0
8030 0.0988292 0.416667 249.25 0.364706 0.5 0 0
8040 0.0989184 0.5 249.75 0.364706 0.5 0 0
8050 0.0989184 0.5 249.75 0.364706 0.5 0 0
8060 0.0991953 0.583333 250.333 0.364706 0.5 0 0
8070 0.0991953 0.583333 250.333 0.364706 0.5 0 0
8080 0.0993638 0.583333 250.917 0.364706 0.5 0 0
8090 0.0993638 0.583333 250.917 0.364706 0.5 0 0
8100 0.0994543 0.75 251.667 0.364706 0.5 0 0
8110 0.0994543 0.75 251.667 0.360784 0.5 0 0
8120 0.0995416 0.75 252.417 0.360784 0.5 0 0
8130 0.0995416 0.75 252.417 0.360784 0.5 0 0
8140 0.0996536 0.75 253.167 0.360784 0.5 0 0
8150 0.0996536 0.75 253.167 0.360784 0.5 0 0
8160 0.0997906 0.75 253.917 0.360784 0.5 0 0
8170 0.0997906 0.75 253.917 0.364706 0.5 0 0
8180 0.0999276 0.75 254.667 0.360784 0.5 0 0
8190 0.0999276 0.75 254.667 0.360784 0.5 0 0
8200 0.0999997 0.583333 255.25 0.364706 0.5 0 0
8210 0.0999997 0.583333 255.25 0.360784 0.5 0 0
8220 0.100048 0.583333 255.833 0.364706 0.5 0 0
8230 0.100048 0.583333 255.833 0.364706 0.5 0 0
8240 0.10009 0.583333 256.417 0.364706 0.5 0 0
8250 0.10009 0.583333 256.417 0.364706 0.5 0 0
8260 0.100121 0.75 257.167 0.360784 0.5 0 0
8270 0.100121 0.75 257.167 0.364706 0.5 0 0
8280 0.100231 0.666667 257.833 0.364706 0.5 0 0
8290 0.100231 0.666667 257.833 0.364706 0.5 0 0
8300 0.101138 0.666667 258.5 0.368627 0.5 0 0
8310 0.101138 0.666667 258.5 0.368627 0.5 0 0
8320 0.10142 0.666667 259.167 0.368627 0.5 0 0
8330 0.10142 0.666667 259.167 0.368627 0.5 0 0
8340 0.101434 0.666667 259.833 0.372549 0.5 0 0
8350 0.101434 0.666667 259.833 0.368627 0.5 0 0
8360 0.100792 0.666667 260.5 0.368627 0.5 0 0
8370 0.100792 0.666667 260.5 0.364706 0.5 0 0
8380 0.10041 0.583333 261.083 0.364706 0.5 0 0
8390 0.10041 0.583333 261.083 0.364706 0.5 0 0
8400 0.0993461 0.583333 261.667 0.360784 0.5 0 0
8410 0.0993461 0.583333 261.667 0.356863 0.5 0 0
8420 0.0977213 0.5 262.167 0.356863 0.5 0 0
8430 0.0977213 0.5 262.167 0.360784 0.5 0 0
8440 0.0971285 0.5 262.667 0.360784 0.5 0 0
8450 0.0971285 0.5 262.667 0.360784 0.5 0 0
8460 0.0966411 0.5 263.167 0.364706 0.5 0 0
8470 0.0966411 0.5 263.167 0.372549 0.5 0 0
8480 0.0961408 0.5 263.667 0.372549 0.5 0 0
8490 0.0961408 0.5 263.667 0.360784 0.5 0 0
8500 0.0952132 0.416667 264.083 0.356863 0.5 0 0
8510 0.0952132 0.416667 264.083 0.356863 0.5 0 0
8520 0.0943064 0.5 264.583 0.356863 0.5 0 0
8530 0.0943064 0.5 264.583 0.356863 0.5 0 0
8540 0.0936786 0.5 265.083 0.356863 0.5 0 0
8550 0.0936786 0.5 265.083 0.356863 0.5 0 0
8560 0.0936759 0.5 265.583 0.356863 0.5 0 0
8570 0.0936759 0.5 265.583 0.356863 0.5 0 0
8580 0.094094 0.5 266.083 0.356863 0.5 0 0
8590 0.094094 0.5 266.083 0.356863 0.5 0 0
8600 0.0944539 0.5 266.583 0.352941 0.5 0 0
8610 0.0944539 0.5 266.583 0.352941 0.5 0 0
8620 0.0932182 0.5 267.083 0.352941 0.5 0 0
8630 0.0932182 0.5 267.083 0.352941 0.5 0 0
8640 0.0928295 0.333333 267.417 0.34902 0.5 0 0
8650 0.0928295 0.333333 267.417 0.34902 0.5 0 0
8660 0.0928561 0.5 267.917 0.34902 0.5 0 0
8670 0.0928561 0.5 267.917 0.34902 0.5 0 0
8680 0.0922412 0.583333 268.5 0.345098 0.5 0 0
8690 0.0922412 0.583333 268.5 0.345098 0.5 0 0
8700 0.0908515 0.583333 269.083 0.345098 0.5 0 0
8710 0.0908515 0.583333 269.083 0.345098 0.5 0 0
8720 0.0901405 0.583333 269.667 0.345098 0.5 0 0
8730 0.0901405 0.583333 269.667 0.345098 0.5 0 0
8740 0.0900964 0.583333 270.25 0.345098 0.5 0 0
8750 0.0900964 0.583333 270.25 0.345098 0.5 0 0
8760 0.089757 0.583333 270.833 0.345098 0.5 0 0
8770 0.089757 0.583333 270.833 0.345098 0.5 0 0
8780 0.0896517 0.5 271.333 0.345098 0.5 0 0
8790 0.0896517 0.5 271.333 0.345098 0.5 0 0
8800 0.0893598 0.5 271.833 0.345098 0.5 0 0
8810 0.0893598 0.5 271.833 0.345098 0.5 0 0
8820 0.0893593 0.5 272.333 0.345098 0.5 0 0
8830 0.0893593 0.5 272.333 0.345098 0.5 0 0
8840 0.089329 0.5 272.833 0.345098 0.5 0 0
8850 0.089329 0.5 272.833 0.345098 0.5 0 0
8860 0.0893079 0.583333 273.417 0.345098 0.5 0 0
8870 0.0893079 0.583333 273.417 0.345098 0.5 0 0
8880 0.0893079 0.583333 274 0.345098 0.5 0 0
8890 0.0893079 0.583333 274 0.345098 0.5 0 0
8900 0.0893079 0.583333 274.583 0.345098 0.5 0 0
8910 0.0893079 0.583333 274.583 0.345098 0.5 0 0
8920 0.0893079 0.583333 275.167 0.345098 0.5 0 0
8930 0.0893079 0.583333 275.167 0.345098 0.5 0 0
8940 0.0893079 0.583333 275.75 0.345098 0.5 0 0
8950 0.0893079 0.583333 275.75 0.345098 0.5 0 0
8960 0.0893079 0.583333 276.333 0.345098 0.5 0 0
8970 0.0893079 0.583333 276.333 0.345098 0.5 0 0
8980 0.0893079 0.583333 276.917 0.345098 0.5 0 0
8990 0.0893079 0.583333 276.917 0.345098 0.5 0 0
9000 0.0893079 0.583333 277.5 0.345098 0.5 0 0
9010 0.0893079 0.583333 277.5 0.345098 0.5 0 0
9020 0.0893079 0.583333 278.083 0.345098 0.5 0 0
9030 0.0893079 0.583333 278.083 0.345098 0.5 0 0
9040 0.0893079 0.583333 278.667 0.345098 0.5 0 0
9050 0.0893079 0.583333 278.667 0.345098 0.5 0 0
9060 0.0893079 0.5 279.167 0.345098 0.5 0 0
9070 0.0893079 0.5 279.167 0.345098 0.5 0 0
9080 0.0893079 0.583333 279.75 0.345098 0.5 0 0
9090 0.0893079 0.583333 279.75 0.345098 0.5 0 0
9100 0.0893079 0.583333 280.333 0.345098 0.5 0 0
9110 0.0893079 0.583333 280.333 0.345098 0.5 0 0
9120 0.0893079 0.583333 280.917 0.345098 0.5 0 0
9130 0.0893079 0.583333 280.917 0.345098 0.5 0 0
9140 0.0893079 0.583333 281.5 0.345098 0.5 0 0
9150 0.0893079 0.583333 281.5 0.345098 0.5 0 0
9160 0.0893079 0.583333 282.083 0.345098 0.5 0 0
9170 0.0893079 0.583333 282.083 0.345098 0.5 0 0
9180 0.0893079 0.5 282.583 0.345098 0.5 0 0
9190 0.0893079 0.5 282.583 0.345098 0.5 0 0
9200 0.0893079 0.5 283.083 0.345098 0.5 0 0
9210 0.0893079 0.5 283.083 0.345098 0.5 0 0
9220 0.0893079 0.5 283.583 0.345098 0.5 0 0
9230 0.0893079 0.5 283.583 0.345098 0.5 0 0
9240 0.0893079 0.5 284.083 0.345098 0.5 0 0
9250 0.0893079 0.5 284.083 0.345098 0.5 0 0
9260 0.0893079 0.5 284.583 0.345098 0.5 0 0
9270 0.0893079 0.5 284.583 0.345098 0.5 0 0
9280 0.0893079 0.5 285.083 0.345098 0.5 0 0
9290 0.0893079 0.5 285.083 0.345098 0.5 0 0
9300 0.0893079 0.5 285.583 0.345098 0.5 0 0
9310 0.0893079 0.5 285.583 0.345098 0.5 0 0
9320 0.0893079 0.5 286.083 0.345098 0.5 0 0
9330 0.0893079 0.5 286.083 0.345098 0.5 0 0
9340 0.0893079 0.5 286.583 0.345098 0.5 0 0
9350 0.0893079 0.5 286.583 0.345098 0.5 0 0
9360 0.0893079 0.583333 287.167 0.345098 0.5 0 0
9370 0.0893079 0.583333 287.167 0.345098 0.5 0 0
9380 0.0893079 0.583333 287.75 0.345098 0.5 0 0
9390 0.0893079 0.583333 287.75 0.345098 0.5 0 0
9400 0.0893079 0.583333 288.333 0.345098 0.5 0 0
9410 0.0893079 0.583333 288.333 0.345098 0.5 0 0
9420 0.0893079 0.583333 288.917 0.345098 0.5 0 0
9430 0.0893079 0.583333 288.917 0.345098 0.5 0 0
9440 0.0893079 0.583333 289.5 0.345098 0.5 0 0
9450 0.0893079 0.583333 289.5 0.345098 0.5 0 0
9460 0.0893079 0.75 290.25 0.345098 0.5 0 0
9470 0.0893079 0.75 290.25 0.345098 0.5 0 0
9480 0.0893079 0.666667 290.917 0.345098 0.5 0 0
9490 0.0893079 0.666667 290.917 0.345098 0.5 0 0
9500 0.0893079 0.833333 291.75 0.345098 0.5 0 0
9510 0.0893079 0.833333 291.75 0.345098 0.5 0 0
9520 0.0893079 0.833333 292.583 0.345098 0.5 0 0
9530 0.0893079 0.833333 292.583 0.345098 0.5 0 0
9540 0.0893079 0.916667 293.5 0.345098 0.5 0 0
9550 0.0893079 0.916667 293.5 0.345098 0.5 0 0
9560 0.0893079 0.916667 294.417 0.345098 0.5 0 0
9570 0.0893079 0.916667 294.417 0.345098 0.5 0 0
9580 0.0893079 0.916667 295.333 0.345098 0.5 0 0
9590 0.0893079 0.916667 295.333 0.345098 0.5 0 0
9600 0.0893079 0.916667 296.25 0.345098 0.5 0 0
9610 0.0893079 0.916667 296.25 0.345098 0.5 0 0
9620 0.0893079 0.916667 297.167 0.345098 0.5 0 0
9630 0.0893079 0.916667 297.167 0.345098 0.5 0 0
9640 0.0893079 0.916667 298.083 0.345098 0.5 0 0
9650 0.0893079 0.916667 298.083 0.345098 0.5 0 0
9660 0.0893079 0.916667 299 0.345098 0.5 0 0
9670 0.0893079 0.916667 299 0.345098 0.5 0 0
9680 0.0893079 1 300 0.345098 0.5 0 0
9690 0.0893079 1 300 0.345098 0.5 0 0
9700 0.0893079 1 301 0.345098 0.5 0 0
9710 0.0893079 1 301 0.345098 0.5 0 0
9720 0.0893079 1 302 0.345098 0.5 0 0
9730 0.0893079 1 302 0.345098 0.5 0 0
9740 0.0893079 1 303 0.345098 0.5 0 0
9750 0.0893079 1 303 0.345098 0.5 0 0
9760 0.0893079 1 304 0.345098 0.5 0 0
9770 0.0893079 1 304 0.345098 0.5 0 0
9780 0.0893079 0.833333 304.833 0.345098 0.5 0 0
9790 0.0893079 0.833333 304.833 0.345098 0.5 0 0
9800 0.0893079 0.75 305.583 0.345098 0.5 0 0
9810 0.0893079 0.75 305.583 0.345098 0.5 0 0
9820 0.0893079 0.916667 306.5 0.345098 0.5 0 0
9830 0.0893079 0.916667 306.5 0.345098 0.5 0 0
9840 0.0893079 0.916667 307.417 0.345098 0.5 0 0
9850 0.0893079 0.916667 307.417 0.345098 0.5 0 0
9860 0.0893079 0.916667 308.333 0.345098 0.5 0 0
9870 0.0893079 0.916667 308.333 0.345098 0.5 0 0
9880 0.0893079 0.916667 309.25 0.345098 0.5 0 0
9890 0.0893079 0.916667 309.25 0.345098 0.5 0 0
9900 0.089307 0.916667 310.167 0.345098 0.5 0 0
9910 0.089307 0.916667 310.167 0.345098 0.5 0 0
9920 0.089307 0.916667 311.083 0.345098 0.5 0 0
9930 0.089307 0.916667 311.083 0.345098 0.5 0 0
9940 0.089307 0.666667 311.75 0.345098 0.5 0 0
9950 0.089307 0.666667 311.75 0.345098 0.5 0 0
9960 0.089307 0.666667 312.417 0.345098 0.5 0 0
9970 0.089307 0.666667 312.417 0.345098 0.5 0 0
9980 0.089307 0.75 313.167 0.345098 0.5 0 0
9990 0.089307 0.75 313.167 0.345098 0.5 0 0
10000 0.089307 0.75 313.917 0.345098 0.5 0 0
10010 0.089307 0.75 313.917 0.345098 0.5 0 0
10020 0.089307 0.666667 314.583 0.345098 0.5 0 0
10030 0.089307 0.666667 314.583 0.345098 0.5 0 0
10040 0.089307 0.666667 315.25 0.345098 0.5 0 0
10050 0.089307 0.666667 315.25 0.345098 0.5 0 0
10060 0.089307 0.75 316 0.345098 0.5 0 0
10070 0.089307 0.75 316 0.345098 0.5 0 0
10080 0.089307 0.833333 316.833 0.345098 0.5 0 0
10090 0.089307 0.833333 316.833 0.345098 0.5 0 0
10100 0.089307 0.833333 317.667 0.345098 0.5 0 0
10110 0.089307 0.833333 317.667 0.345098 0.5 0 0
10120 0.089307 0.666667 318.333 0.345098 0.5 0 0
10130 0.089307 0.666667 318.333 0.345098 0.5 0 0
10140 0.089307 0.666667 319 0.345098 0.5 0 0
10150 0.089307 0.666667 319 0.345098 0.5 0 0
10160 0.089307 0.75 319.75 0.345098 0.5 0 0
10170 0.089307 0.75 319.75 0.345098 0.5 0 0
10180 0.089307 0.833333 320.583 0.345098 0.5 0 0
10190 0.089307 0.833333 320.583 0.345098 0.5 0 0
10200 0.089307 0.833333 321.417 0.345098 0.5 0 0
10210 0.089307 0.833333 321.417 0.345098 0.5 0 0
10220 0.089307 0.833333 322.25 0.345098 0.5 0 0
10230 0.089307 0.833333 322.25 0.345098 0.5 0 0
10240 0.089307 0.75 323 0.345098 0.5 0 0
10250 0.089307 0.75 323 0.345098 0.5 0 0
10260 0.089307 0.75 323.75 0.345098 0.5 0 0
10270 0.089307 0.75 323.75 0.345098 0.5 0 0
10280 0.089307 0.833333 324.583 0.345098 0.5 0 0
10290 0.089307 0.833333 324.583 0.345098 0.5 0 0
10300 0.089307 0.916667 325.5 0.345098 0.5 0 0
10310 0.089307 0.916667 325.5 0.345098 0.5 0 0
10320 0.089307 0.916667 326.417 0.345098 0.5 0 0
10330 0.089307 0.916667 326.417 0.345098 0.5 0 0
10340 0.089307 0.916667 327.333 0.345098 0.5 0 0
10350 0.089307 0.916667 327.333 0.345098 0.5 0 0
10360 0.089307 1 328.333 0.345098 0.5 0 0
10370 0.089307 1 328.333 0.345098 0.5 0 0
10380 0.089307 1 329.333 0.345098 0.5 0 0
10390 0.089307 1 329.333 0.345098 0.5 0 0
10400 0.089307 1 330.333 0.345098 0.5 0 0
10410 0.089307 1 330.333 0.345098 0.5 0 0
10420 0.089307 0.75 331.083 0.345098 0.5 0 0
10430 0.089307 0.75 331.083 0.345098 0.5 0 0
10440 0.089307 0.75 331.833 0.345098 0.5 0 0
10450 0.089307 0.75 331.833 0.345098 0.5 0 0
10460 0.089307 0.666667 332.5 0.345098 0.5 0 0
10470 0.089307 0.666667 332.5 0.345098 0.5 0 0
10480 0.089307 0.75 333.25 0.345098 0.5 0 0
10490 0.089307 0.75 333.25 0.345098 0.5 0 0
10500 0.089307 0.75 334 0.345098 0.5 0 0
10510 0.089307 0.75 334 0.345098 0.5 0 0
10520 0.089307 0.916667 334.917 0.345098 0.5 0 0
10530 0.089307 0.916667 334.917 0.345098 0.5 0 0
10540 0.089307 0.916667 335.833 0.345098 0.5 0 0
10550 0.089307 0.916667 335.833 0.345098 0.5 0 0
10560 0.089307 0.916667 336.75 0.345098 0.5 0 0
10570 0.089307 0.916667 336.75 0.345098 0.5 0 0
10580 0.089307 0.833333 337.583 0.345098 0.5 0 0
10590 0.089307 0.833333 337.583 0.345098 0.5 0 0
10600 0.089307 0.75 338.333 0.345098 0.5 0 0
10610 0.089307 0.75 338.333 0.345098 0.5 0 0
10620 0.089307 0.75 339.083 0.345098 0.5 0 0
10630 0.089307 0.75 339.083 0.345098 0.5 0 0
10640 0.089307 0.75 339.833 0.345098 0.5 0 0
10650 0.089307 0.75 339.833 0.345098 0.5 0 0
10660 0.089307 0.583333 340.417 0.345098 0.5 0 0
10670 0.089307 0.583333 340.417 0.345098 0.5 0 0
10680 0.089307 0.583333 341 0.345098 0.5 0 0
10690 0.089307 0.583333 341 0.345098 0.5 0 0
10700 0.089307 0.583333 341.583 0.345098 0.5 0 0
10710 0.089307 0.583333 341.583 0.345098 0.5 0 0
10720 0.089307 0.583333 342.167 0.345098 0.5 0 0
10730 0.089307 0.583333 342.167 0.345098 0.5 0 0
10740 0.089307 0.666667 342.833 0.345098 0.5 0 0
10750 0.089307 0.666667 342.833 0.345098 0.5 0 0
10760 0.089307 0.666667 343.5 0.345098 0.5 0 0
10770 0.089307 0.666667 343.5 0.345098 0.5 0 0
10780 0.089307 0.666667 344.167 0.345098 0.5 0 0
10790 0.089307 0.666667 344.167 0.345098 0.5 0 0
10800 0.089307 0.916667 345.083 0.345098 0.5 0 0
10810 0.089307 0.916667 345.083 0.345098 0.5 0 0
10820 0.089307 0.833333 345.917 0.345098 0.5 0 0
10830 0.089307 0.833333 345.917 0.345098 0.5 0 0
10840 0.089307 0.916667 346.833 0.345098 0.5 0 0
10850 0.089307 0.916667 346.833 0.345098 0.5 0 0
10860 0.089307 0.916667 347.75 0.345098 0.5 0 0
10870 0.089307 0.916667 347.75 0.345098 0.5 0 0
10880 0.089307 0.916667 348.667 0.345098 0.5 0 0
10890 0.089307 0.916667 348.667 0.345098 0.5 0 0
10900 0.089307 0.833333 349.5 0.345098 0.5 0 0
10910 0.089307 0.833333 349.5 0.345098 0.5 0 0
10920 0.089307 0.833333 350.333 0.345098 0.5 0 0
10930 0.089307 0.833333 350.333 0.345098 0.5 0 0
10940 0.089307 0.75 351.083 0.345098 0.5 0 0
10950 0.089307 0.75 351.083 0.345098 0.5 0 0
10960 0.089307 0.916667 352 0.345098 0.5 0 0
10970 0.089307 0.916667 352 0.345098 0.5 0 0
10980 0.089307 0.916667 352.917 0.345098 0.5 0 0
10990 0.089307 0.916667 352.917 0.345098 0.5 0 0
11000 0.089307 0.666667 353.583 0.345098 0.5 0 0
11010 0.089307 0.666667 353.583 0.345098 0.5 0 0
11020 0.089307 0.75 354.333 0.345098 0.5 0 0
11030 0.089307 0.75 354.333 0.345098 0.5 0 0
11040 0.089307 0.833333 355.167 0.345098 0.5 0 0
11050 0.089307 0.833333 355.167 0.345098 0.5 0 0
11060 0.089307 0.833333 356 0.345098 0.5 0 0
11070 0.089307 0.833333 356 0.345098 0.5 0 0
11080 0.089307 0.916667 356.917 0.345098 0.5 0 0
11090 0.089307 0.916667 356.917 0.345098 0.5 0 0
11100 0.089307 1 357.917 0.345098 0.5 0 0
11110 0.089307 1 357.917 0.345098 0.5 0 0
11120 0.089307 0.833333 358.75 0.345098 0.5 0 0
11130 0.089307 0.833333 358.75 0.345098 0.5 0 0
11140 0.089307 0.916667 359.667 0.345098 0.5 0 0
11150 0.089307 0.916667 359.667 0.345098 0.5 0 0
11160 0.089307 0.916667 360.583 0.345098 0.5 0 0
11170 0.089307 0.916667 360.583 0.345098 0.5 0 0
11180 0.089307 0.833333 361.417 0.345098 0.5 0 0
11190 0.089307 0.833333 361.417 0.345098 0.5 0 0
11200 0.089307 0.75 362.167 0.345098 0.5 0 0
11210 0.089307 0.75 362.167 0.345098 0.5 0 0
11220 0.089307 0.75 362.917 0.345098 0.5 0 0
11230 0.089307 0.75 362.917 0.345098 0.5 0 0
11240 0.089307 0.75 363.667 0.345098 0.5 0 0
11250 0.089307 0.75 363.667 0.345098 0.5 0 0
11260 0.089307 0.666667 364.333 0.345098 0.5 0 0
11270 0.089307 0.666667 364.333 0.345098 0.5 0 0
11280 0.089307 0.666667 365 0.345098 0.5 0 0
11290 0.089307 0.666667 365 0.345098 0.5 0 0
11300 0.089307 0.75 365.75 0.345098 0.5 0 0
11310 0.089307 0.75 365.75 0.345098 0.5 0 0
11320 0.089307 0.75 366.5 0.345098 0.5 0 0
11330 0.089307 0.75 366.5 0.345098 0.5 0 0
11340 0.089307 0.833333 367.333 0.345098 0.5 0 0
11350 0.089307 0.833333 367.333 0.345098 0.5 0 0
11360 0.089307 0.833333 368.167 0.345098 0.5 0 0
11370 0.089307 0.833333 368.167 0.345098 0.5 0 0
11380 0.089307 0.833333 369 0.345098 0.5 0 0
11390 0.089307 0.833333 369 0.345098 0.5 0 0
11400 0.089307 1 370 0.345098 0.5 0 0
11410 0.089307 1 370 0.345098 0.5 0 0
11420 0.089307 0.916667 370.917 0.345098 0.5 0 0
11430 0.089307 0.916667 370.917 0.345098 0.5 0 0
11440 0.089307 0.916667 371.833 0.345098 0.5 0 0
11450 0.089307 0.916667 371.833 0.345098 0.5 0 0
11460 0.089307 0.833333 372.667 0.345098 0.5 0 0
11470 0.089307 0.833333 372.667 0.345098 0.5 0 0
11480 0.089307 0.916667 373.583 0.345098 0.5 0 0
11490 0.089307 0.916667 373.583 0.345098 0.5 0 0
11500 0.089307 0.916667 374.5 0.345098 0.5 0 0
11510 0.089307 0.916667 374.5 0.345098 0.5 0 0
11520 0.089307 0.75 375.25 0.345098 0.5 0 0
11530 0.089307 0.75 375.25 0.345098 0.5 0 0
11540 0.089307 0.916667 376.167 0.345098 0.5 0 0
11550 0.089307 0.916667 376.167 0.345098 0.5 0 0
11560 0.089307 0.916667 377.083 0.345098 0.5 0 0
11570 0.089307 0.916667 377.083 0.345098 0.5 0 0
11580 0.089307 0.916667 378 0.345098 0.5 0 0
11590 0.089307 0.916667 378 0.345098 0.5 0 0
11600 0.089307 0.833333 378.833 0.345098 0.5 0 0
11610 0.089307 0.833333 378.833 0.345098 0.5 0 0
11620 0.089307 0.75 379.583 0.345098 0.5 0 0
11630 0.089307 0.75 379.583 0.345098 0.5 0 0
11640 0.089307 0.666667 380.25 0.345098 0.5 0 0
11650 0.089307 0.666667 380.25 0.345098 0.5 0 0
11660 0.089307 0.583333 380.833 0.345098 0.5 0 0
11670 0.089307 0.583333 380.833 0.345098 0.5 0 0
11680 0.089307 0.583333 381.417 0.345098 0.5 0 0
11690 0.089307 0.583333 381.417 0.345098 0.5 0 0
11700 0.089307 0.416667 381.833 0.345098 0.5 0 0
11710 0.089307 0.416667 381.833 0.345098 0.5 0 0
11720 0.089307 0.75 382.583 0.345098 0.5 0 0
11730 0.089307 0.75 382.583 0.345098 0.5 0 0
11740 0.089307 0.833333 383.417 0.345098 0.5 0 0
11750 0.089307 0.833333 383.417 0.345098 0.5 0 0
11760 0.089307 0.833333 384.25 0.345098 0.5 0 0
11770 0.089307 0.833333 384.25 0.345098 0.5 0 0
11780 0.089307 1 385.25 0.345098 0.5 0 0
11790 0.089307 1 385.25 0.345098 0.5 0 0
11800 0.089307 1 386.25 0.345098 0.5 0 0
11810 0.089307 1 386.25 0.345098 0.5 0 0
11820 0.089307 1 387.25 0.345098 0.5 0 0
11830 0.089307 1 387.25 0.345098 0.5 0 0
11840 0.089307 0.916667 388.167 0.345098 0.5 0 0
11850 0.089307 0.916667 388.167 0.345098 0.5 0 0
11860 0.089307 0.75 388.917 0.345098 0.5 0 0
11870 0.089307 0.75 388.917 0.345098 0.5 0 0
11880 0.089307 0.916667 389.833 0.345098 0.5 0 0
11890 0.089307 0.916667 389.833 0.345098 0.5 0 0
11900 0.089307 0.916667 390.75 0.345098 0.5 0 0
11910 0.089307 0.916667 390.75 0.345098 0.5 0 0
11920 0.089307 0.916667 391.667 0.345098 0.5 0 0
11930 0.089307 0.916667 391.667 0.345098 0.5 0 0
11940 0.089307 0.916667 392.583 0.345098 0.5 0 0
11950 0.089307 0.916667 392.583 0.345098 0.5 0 0
11960 0.089307 0.833333 393.417 0.345098 0.5 0 0
11970 0.089307 0.833333 393.417 0.345098 0.5 0 0
11980 0.089307 0.75 394.167 0.345098 0.5 0 0
11990 0.089307 0.75 394.167 0.345098 0.5 0 0
12000 0.089307 0.75 394.917 0.345098 0.5 0 0
12010 0.089307 0.75 394.917 0.345098 0.5 0 0
12020 0.089307 0.583333 395.5 0.345098 0.5 0 0
12030 0.089307 0.583333 395.5 0.345098 0.5 0 0
12040 0.089307 0.5 396 0.345098 0.5 0 0
12050 0.089307 0.5 396 0.345098 0.5 0 0
12060 0.089307 0.583333 396.583 0.345098 0.5 0 0
12070 0.089307 0.583333 396.583 0.345098 0.5 0 0
12080 0.089307 0.583333 397.167 0.345098 0.5 0 0
12090 0.089307 0.583333 397.167 0.345098 0.5 0 0
12100 0.089341 0.666667 397.833 0.345098 0.5 0 0
12110 0.089341 0.666667 397.833 0.345098 0.5 0 0
12120 0.0897308 0.666667 398.5 0.345098 0.5 0 0
12130 0.0897308 0.666667 398.5 0.345098 0.5 0 0
12140 0.0899607 0.75 399.25 0.345098 0.5 0 0
12150 0.0899607 0.75 399.25 0.345098 0.5 0 0
12160 0.0909714 0.75 400 0.34902 0.5 0 0
12170 0.0909714 0.75 400 0.34902 0.5 0 0
12180 0.0917744 0.75 400.75 0.34902 0.5 0 0
12190 0.0917744 0.75 400.75 0.34902 0.5 0 0
12200 0.0924516 0.75 401.5 0.34902 0.5 0 0
12210 0.0924516 0.75 401.5 0.34902 0.5 0 0
12220 0.0935001 0.666667 402.167 0.34902 0.5 0 0
12230 0.0935001 0.666667 402.167 0.352941 0.5 0 0
12240 0.0944332 0.75 402.917 0.352941 0.5 0 0
12250 0.0944332 0.75 402.917 0.356863 0.5 0 0
12260 0.0950507 0.833333 403.75 0.356863 0.5 0 0
12270 0.0950507 0.833333 403.75 0.356863 0.5 0 0
12280 0.0952305 0.833333 404.583 0.356863 0.5 0 0
12290 0.0952305 0.833333 404.583 0.356863 0.5 0 0
12300 0.0956279 0.833333 405.417 0.360784 0.5 0 0
12310 0.0956279 0.833333 405.417 0.360784 0.5 0 0
12320 0.095931 0.833333 406.25 0.368627 0.5 0 0
12330 0.095931 0.833333 406.25 0.368627 0.5 0 0
12340 0.0960578 0.75 407 0.372549 0.5 0 0
12350 0.0960578 0.75 407 0.372549 0.5 0 0
12360 0.0958566 0.75 407.75 0.372549 0.5 0 0
12370 0.0958566 0.75 407.75 0.372549 0.5 0 0
12380 0.095102 0.75 408.5 0.364706 0.5 0 0
12390 0.095102 0.75 408.5 0.356863 0.5 0 0
12400 0.0942019 0.75 409.25 0.352941 0.5 0 0
12410 0.0942019 0.75 409.25 0.345098 0.5 0 0
12420 0.0918165 0.666667 409.917 0.34902 0.5 0 0
12430 0.0918165 0.666667 409.917 0.34902 0.5 0 0
12440 0.0906703 0.666667 410.583 0.352941 0.5 0 0
12450 0.0906703 0.666667 410.583 0.34902 0.5 0 0
12460 0.0903706 0.666667 411.25 0.352941 0.5 0 0
12470 0.0903706 0.666667 411.25 0.34902 0.5 0 0
12480 0.0901534 0.583333 411.833 0.34902 0.5 0 0
12490 0.0901534 0.583333 411.833 0.352941 0.5 0 0
12500 0.0901419 0.583333 412.417 0.34902 0.5 0 0
12510 0.0901419 0.583333 412.417 0.34902 0.5 0 0
12520 0.0897912 0.666667 413.083 0.34902 0.5 0 0
12530 0.0897912 0.666667 413.083 0.34902 0.5 0 0
12540 0.0895332 0.666667 413.75 0.352941 0.5 0 0
12550 0.0895332 0.666667 413.75 0.352941 0.5 0 0
12560 0.0894862 0.75 414.5 0.34902 0.5 0 0
12570 0.0894862 0.75 414.5 0.352941 0.5 0 0
12580 0.0892502 0.75 415.25 0.34902 0.5 0 0
12590 0.0892502 0.75 415.25 0.352941 0.5 0 0
12600 0.0891018 0.666667 415.917 0.34902 0.5 0 0
12610 0.0891018 0.666667 415.917 0.34902 0.5 0 0
12620 0.0891018 0.666667 416.583 0.352941 0.5 0 0
12630 0.0891018 0.666667 416.583 0.34902 0.5 0 0
12640 0.0891018 0.666667 417.25 0.352941 0.5 0 0
12650 0.0891018 0.666667 417.25 0.34902 0.5 0 0
12660 0.0889092 0.666667 417.917 0.352941 0.5 0 0
12670 0.0889092 0.666667 417.917 0.34902 0.5 0 0
12680 0.0889079 0.666667 418.583 0.352941 0.5 0 0
12690 0.0889079 0.666667 418.583 0.352941 0.5 0 0
12700 0.0889079 0.666667 419.25 0.34902 0.5 0 0
12710 0.0889079 0.666667 419.25 0.34902 0.5 0 0
12720 0.0889079 0.75 420 0.352941 0.5 0 0
12730 0.0889079 0.75 420 0.352941 0.5 0 0
12740 0.0889079 0.75 420.75 0.34902 0.5 0 0
12750 0.0889079 0.75 420.75 0.34902 0.5 0 0
12760 0.0889079 0.75 421.5 0.352941 0.5 0 0
12770 0.0889079 0.75 421.5 0.352941 0.5 0 0
12780 0.089043 0.75 422.25 0.34902 0.5 0 0
12790 0.089043 0.75 422.25 0.34902 0.5 0 0
12800 0.0890437 0.75 423 0.34902 0.5 0 0
12810 0.0890437 0.75 423 0.352941 0.5 0 0
12820 0.0890437 0.75 423.75 0.34902 0.5 0 0
12830 0.0890437 0.75 423.75 0.34902 0.5 0 0
12840 0.0890437 0.75 424.5 0.352941 0.5 0 0
12850 0.0890437 0.75 424.5 0.34902 0.5 0 0
12860 0.0890437 0.583333 425.083 0.352941 0.5 0 0
12870 0.0890437 0.583333 425.083 0.352941 0.5 0 0
12880 0.0894541 0.583333 425.667 0.352941 0.5 0 0
12890 0.0894541 0.583333 425.667 0.352941 0.5 0 0
12900 0.0896096 0.5 426.167 0.352941 0.5 0 0
12910 0.0896096 0.5 426.167 0.352941 0.5 0 0
12920 0.0896096 0.25 426.417 0.352941 0.5 0 0
12930 0.0896096 0.25 426.417 0.34902 0.5 0 0
12940 0.0901251 0.583333 427 0.34902 0.5 0 0
12950 0.0901251 0.583333 427 0.345098 0.5 0 0
12960 0.0908573 0.583333 427.583 0.345098 0.5 0 0
12970 0.0908573 0.583333 427.583 0.341176 0.5 0 0
12980 0.0915351 0.583333 428.167 0.341176 0.5 0 0
12990 0.0915351 0.583333 428.167 0.345098 0.5 0 0
13000 0.0924508 0.583333 428.75 0.34902 0.5 0 0
13010 0.0924508 0.583333 428.75 0.34902 0.5 0 0
13020 0.0929607 0.416667 429.167 0.352941 0.5 0 0
13030 0.0929607 0.416667 429.167 0.352941 0.5 0 0
13040 0.0930088 0.666667 429.833 0.352941 0.5 0 0
13050 0.0930088 0.666667 429.833 0.352941 0.5 0 0
13060 0.0928155 0.666667 430.5 0.34902 0.5 0 0
13070 0.0928155 0.666667 430.5 0.34902 0.5 0 0
13080 0.0920596 0.666667 431.167 0.341176 0.5 0 0
13090 0.0920596 0.666667 431.167 0.337255 0.5 0 0
13100 0.0904597 0.666667 431.833 0.337255 0.5 0 0
13110 0.0904597 0.666667 431.833 0.337255 0.5 0 0
13120 0.0898354 0.666667 432.5 0.337255 0.5 0 0
13130 0.0898354 0.666667 432.5 0.337255 0.5 0 0
13140 0.0898395 0.5 433 0.337255 0.5 0 0
13150 0.0898395 0.5 433 0.337255 0.5 0 0
13160 0.0900907 0.416667 433.417 0.337255 0.5 0 0
13170 0.0900907 0.416667 433.417 0.337255 0.5 0 0
13180 0.0894853 0.25 433.667 0.337255 0.5 0 0
13190 0.0894853 0.25 433.667 0.337255 0.5 0 0
13200 0.0892818 0.416667 434.083 0.337255 0.5 0 0
13210 0.0892818 0.416667 434.083 0.337255 0.5 0 0
13220 0.0894862 0.5 434.583 0.337255 0.5 0 0
13230 0.0894862 0.5 434.583 0.337255 0.5 0 0
13240 0.0897758 0.5 435.083 0.341176 0.5 0 0
13250 0.0897758 0.5 435.083 0.341176 0.5 0 0
13260 0.0900009 0.5 435.583 0.341176 0.5 0 0
13270 0.0900009 0.5 435.583 0.345098 0.5 0 0
13280 0.0901637 0.5 436.083 0.345098 0.5 0 0
13290 0.0901637 0.5 436.083 0.345098 0.5 0 0
13300 0.0901476 0.5 436.583 0.34902 0.5 0 0
13310 0.0901476 0.5 436.583 0.34902 0.5 0 0
13320 0.0899044 0.666667 437.25 0.34902 0.5 0 0
13330 0.0899044 0.666667 437.25 0.345098 0.5 0 0
13340 0.0896826 0.333333 437.583 0.345098 0.5 0 0
13350 0.0896826 0.333333 437.583 0.337255 0.5 0 0
13360 0.0878842 0.416667 438 0.333333 0.5 0 0
13370 0.0878842 0.416667 438 0.333333 0.5 0 0
13380 0.086773 0.416667 438.417 0.333333 0.5 0 0
13390 0.086773 0.416667 438.417 0.333333 0.5 0 0
13400 0.087559 0.583333 439 0.333333 0.5 0 0
13410 0.087559 0.583333 439 0.333333 0.5 0 0
13420 0.0881961 0.583333 439.583 0.337255 0.5 0 0
13430 0.0881961 0.583333 439.583 0.341176 0.5 0 0
13440 0.0882556 0.5 440.083 0.337255 0.5 0 0
13450 0.0882556 0.5 440.083 0.337255 0.5 0 0
13460 0.0872849 0.583333 440.667 0.337255 0.5 0 0
13470 0.0872849 0.583333 440.667 0.337255 0.5 0 0
13480 0.0860462 0.583333 441.25 0.337255 0.5 0 0
13490 0.0860462 0.583333 441.25 0.337255 0.5 0 0
13500 0.0854637 0.583333 441.833 0.337255 0.5 0 0
13510 0.0854637 0.583333 441.833 0.337255 0.5 0 0
13520 0.08401 0.583333 442.417 0.329412 0.5 0 0
13530 0.08401 0.583333 442.417 0.329412 0.5 0 0
13540 0.0825765 0.583333 443 0.329412 0.5 0 0
13550 0.0825765 0.583333 443 0.329412 0.5 0 0
13560 0.0820631 0.583333 443.583 0.32549 0.5 0 0
13570 0.0820631 0.583333 443.583 0.32549 0.5 0 0
13580 0.0818602 0.583333 444.167 0.32549 0.5 0 0
13590 0.0818602 0.583333 444.167 0.329412 0.5 0 0
13600 0.0817584 0.5 444.667 0.329412 0.5 0 0
13610 0.0817584 0.5 444.667 0.32549 0.5 0 0
13620 0.0815714 0.583333 445.25 0.329412 0.5 0 0
13630 0.0815714 0.583333 445.25 0.329412 0.5 0 0
13640 0.0815693 0.5 445.75 0.329412 0.5 0 0
13650 0.0815693 0.5 445.75 0.329412 0.5 0 0
13660 0.0813706 0.5 446.25 0.329412 0.5 0 0
13670 0.0813706 0.5 446.25 0.329412 0.5 0 0
13680 0.0810902 0.5 446.75 0.32549 0.5 0 0
13690 0.0810902 0.5 446.75 0.32549 0.5 0 0
13700 0.0810901 0.583333 447.333 0.329412 0.5 0 0
13710 0.0810901 0.583333 447.333 0.329412 0.5 0 0
13720 0.0810901 0.583333 447.917 0.329412 0.5 0 0
13730 0.0810901 0.583333 447.917 0.329412 0.5 0 0
13740 0.0810901 0.666667 448.583 0.32549 0.5 0 0
13750 0.0810901 0.666667 448.583 0.329412 0.5 0 0
13760 0.0810901 0.666667 449.25 0.329412 0.5 0 0
13770 0.0810901 0.666667 449.25 0.329412 0.5 0 0
13780 0.0810901 0.666667 449.917 0.329412 0.5 0 0
13790 0.0810901 0.666667 449.917 0.329412 0.5 0 0
13800 0.0810901 0.666667 450.583 0.329412 0.5 0 0
13810 0.0810901 0.666667 450.583 0.32549 0.5 0 0
13820 0.0810901 0.666667 451.25 0.329412 0.5 0 0
13830 0.0810901 0.666667 451.25 0.329412 0.5 0 0
13840 0.0810901 0.5 451.75 0.32549 0.5 0 0
13850 0.0810901 0.5 451.75 0.329412 0.5 0 0
13860 0.0810901 0.5 452.25 0.329412 0.5 0 0
13870 0.0810901 0.5 452.25 0.329412 0.5 0 0
13880 0.0810901 0.583333 452.833 0.329412 0.5 0 0
13890 0.0810901 0.583333 452.833 0.329412 0.5 0 0
13900 0.0810901 0.583333 453.417 0.329412 0.5 0 0
13910 0.0810901 0.583333 453.417 0.32549 0.5 0 0
13920 0.0810901 0.583333 454 0.329412 0.5 0 0
13930 0.0810901 0.583333 454 0.32549 0.5 0 0
13940 0.0810901 0.666667 454.667 0.329412 0.5 0 0
13950 0.0810901 0.666667 454.667 0.329412 0.5 0 0
13960 0.0810901 0.666667 455.333 0.329412 0.5 0 0
13970 0.0810901 0.666667 455.333 0.32549 0.5 0 0
13980 0.0810901 0.75 456.083 0.329412 0.5 0 0
13990 0.0810901 0.75 456.083 0.329412 0.5 0 0
14000 0.0810901 0.75 456.833 0.329412 0.5 0 0
14010 0.0810901 0.75 456.833 0.32549 0.5 0 0
14020 0.0810901 0.75 457.583 0.329412 0.5 0 0
14030 0.0810901 0.75 457.583 0.329412 0.5 0 0
14040 0.0810901 0.583333 458.167 0.32549 0.5 0 0
14050 0.0810901 0.583333 458.167 0.329412 0.5 0 0
14060 0.081086 0.583333 458.75 0.32549 0.5 0 0
14070 0.081086 0.583333 458.75 0.329412 0.5 0 0
14080 0.0810825 0.583333 459.333 0.329412 0.5 0 0
14090 0.0810825 0.583333 459.333 0.329412 0.5 0 0
14100 0.0810825 0.5 459.833 0.329412 0.5 0 0
14110 0.0810825 0.5 459.833 0.329412 0.5 0 0
14120 0.0810825 0.5 460.333 0.329412 0.5 0 0
14130 0.0810825 0.5 460.333 0.329412 0.5 0 0
14140 0.0810825 0.5 460.833 0.329412 0.5 0 0
14150 0.0810825 0.5 460.833 0.329412 0.5 0 0
14160 0.0810825 0.583333 461.417 0.32549 0.5 0 0
14170 0.0810825 0.583333 461.417 0.329412 0.5 0 0
14180 0.0810825 0.583333 462 0.32549 0.5 0 0
14190 0.0810825 0.583333 462 0.329412 0.5 0 0
14200 0.0810182 0.916667 462.917 0.329412 0.5 0 0
14210 0.0810182 0.916667 462.917 0.329412 0.5 0 0
14220 0.0810152 0.916667 463.833 0.329412 0.5 0 0
14230 0.0810152 0.916667 463.833 0.329412 0.5 0 0
14240 0.0810152 1 464.833 0.329412 0.5 0 0
14250 0.0810152 1 464.833 0.32549 0.5 0 0
14260 0.0810152 1 465.833 0.329412 0.5 0 0
14270 0.0810152 1 465.833 0.329412 0.5 0 0
14280 0.0810152 1 466.833 0.329412 0.5 0 0
14290 0.0810152 1 466.833 0.329412 0.5 0 0
14300 0.0810152 1 467.833 0.329412 0.5 0 0
14310 0.0810152 1 467.833 0.329412 0.5 0 0
14320 0.0810083 0.916667 468.75 0.329412 0.5 0 0
14330 0.0810083 0.916667 468.75 0.32549 0.5 0 0
14340 0.080991 0.916667 469.667 0.329412 0.5 0 0
14350 0.080991 0.916667 469.667 0.329412 0.5 0 0
14360 0.080991 1 470.667 0.329412 0.5 0 0
14370 0.080991 1 470.667 0.329412 0.5 0 0
14380 0.080991 0.916667 471.583 0.329412 0.5 0 0
14390 0.080991 0.916667 471.583 0.32549 0.5 0 0
14400 0.080991 0.75 472.333 0.329412 0.5 0 0
14410 0.080991 0.75 472.333 0.329412 0.5 0 0
14420 0.080991 0.75 473.083 0.32549 0.5 0 0
14430 0.080991 0.75 473.083 0.329412 0.5 0 0
14440 0.080991 0.75 473.833 0.32549 0.5 0 0
14450 0.080991 0.75 473.833 0.329412 0.5 0 0
14460 0.080991 0.75 474.583 0.32549 0.5 0 0
14470 0.080991 0.75 474.583 0.32549 0.5 0 0
14480 0.080991 0.75 475.333 0.329412 0.5 0 0
14490 0.080991 0.75 475.333 0.329412 0.5 0 0
14500 0.080991 0.5 475.833 0.329412 0.5 0 0
14510 0.080991 0.5 475.833 0.329412 0.5 0 0
14520 0.080991 0.75 476.583 0.329412 0.5 0 0
14530 0.080991 0.75 476.583 0.32549 0.5 0 0
14540 0.080991 0.75 477.333 0.329412 0.5 0 0
14550 0.080991 0.75 477.333 0.329412 0.5 0 0
14560 0.080991 0.75 478.083 0.329412 0.5 0 0
14570 0.080991 0.75 478.083 0.329412 0.5 0 0
14580 0.080991 0.833333 478.917 0.329412 0.5 0 0
14590 0.080991 0.833333 478.917 0.329412 0.5 0 0
14600 0.080991 0.75 479.667 0.329412 0.5 0 0
14610 0.080991 0.75 479.667 0.329412 0.5 0 0
14620 0.080991 0.583333 480.25 0.329412 0.5 0 0
14630 0.080991 0.583333 480.25 0.329412 0.5 0 0
14640 0.080991 0.583333 480.833 0.329412 0.5 0 0
14650 0.080991 0.583333 480.833 0.329412 0.5 0 0
14660 0.080991 0.666667 481.5 0.329412 0.5 0 0
14670 0.080991 0.666667 481.5 0.32549 0.5 0 0
14680 0.080991 0.75 482.25 0.329412 0.5 0 0
14690 0.080991 0.75 482.25 0.32549 0.5 0 0
14700 0.080991 0.75 483 0.329412 0.5 0 0
14710 0.080991 0.75 483 0.329412 0.5 0 0
14720 0.080991 1 484 0.329412 0.5 0 0
14730 0.080991 1 484 0.329412 0.5 0 0
14740 0.080991 1 485 0.329412 0.5 0 0
14750 0.080991 1 485 0.329412 0.5 0 0
14760 0.080991 1 486 0.329412 0.5 0 0
14770 0.080991 1 486 0.329412 0.5 0 0
14780 0.080991 0.75 486.75 0.329412 0.5 0 0
14790 0.080991 0.75 486.75 0.329412 0.5 0 0
14800 0.080991 0.75 487.5 0.329412 0.5 0 0
14810 0.080991 0.75 487.5 0.329412 0.5 0 0
14820 0.080991 0.583333 488.083 0.329412 0.5 0 0
14830 0.080991 0.583333 488.083 0.329412 0.5 0 0
14840 0.080991 0.583333 488.667 0.329412 0.5 0 0
14850 0.080991 0.583333 488.667 0.32549 0.5 0 0
14860 0.080991 0.75 489.417 0.329412 0.5 0 0
14870 0.080991 0.75 489.417 0.329412 0.5 0 0
14880 0.080991 0.75 490.167 0.329412 0.5 0 0
14890 0.080991 0.75 490.167 0.329412 0.5 0 0
14900 0.080991 0.666667 490.833 0.329412 0.5 0 0
14910 0.080991 0.666667 490.833 0.329412 0.5 0 0
14920 0.080991 0.666667 491.5 0.32549 0.5 0 0
14930 0.080991 0.666667 491.5 0.32549 0.5 0 0
14940 0.080991 0.75 492.25 0.329412 0.5 0 0
14950 0.080991 0.75 492.25 0.32549 0.5 0 0
14960 0.080991 0.583333 492.833 0.329412 0.5 0 0
14970 0.080991 0.583333 492.833 0.32549 0.5 0 0
14980 0.080991 0.583333 493.417 0.32549 0.5 0 0
14990 0.080991 0.583333 493.417 0.329412 0.5 0 0
15000 0.080991 0.666667 494.083 0.329412 0.5 0 0
15010 0.080991 0.666667 494.083 0.329412 0.5 0 0
15020 0.080991 0.833333 494.917 0.329412 0.5 0 0
15030 0.080991 0.833333 494.917 0.329412 0.5 0 0
15040 0.080991 0.833333 495.75 0.329412 0.5 0 0
15050 0.080991 0.833333 495.75 0.32549 0.5 0 0
15060 0.080991 0.833333 496.583 0.329412 0.5 0 0
15070 0.080991 0.833333 496.583 0.329412 0.5 0 0
15080 0.080991 0.916667 497.5 0.32549 0.5 0 0
15090 0.080991 0.916667 497.5 0.32549 0.5 0 0
15100 0.080991 0.916667 498.417 0.329412 0.5 0 0
15110 0.080991 0.916667 498.417 0.329412 0.5 0 0
15120 0.080991 0.916667 499.333 0.329412 0.5 0 0
15130 0.080991 0.916667 499.333 0.329412 0.5 0 0
15140 0.080991 0.916667 500.25 0.329412 0.5 0 0
15150 0.080991 0.916667 500.25 0.329412 0.5 0 0
15160 0.080991 0.916667 501.167 0.329412 0.5 0 0
15170 0.080991 0.916667 501.167 0.32549 0.5 0 0
15180 0.080991 1 502.167 0.329412 0.5 0 0
15190 0.080991 1 502.167 0.329412 0.5 0 0
15200 0.080991 1 503.167 0.329412 0.5 0 0
15210 0.080991 1 503.167 0.32549 0.5 0 0
15220 0.080991 1 504.167 0.329412 0.5 0 0
15230 0.080991 1 504.167 0.329412 0.5 0 0
15240 0.080991 1 505.167 0.329412 0.5 0 0
15250 0.080991 1 505.167 0.329412 0.5 0 0
15260 0.080991 0.75 505.917 0.329412 0.5 0 0
15270 0.080991 0.75 505.917 0.329412 0.5 0 0
15280 0.080991 0.833333 506.75 0.329412 0.5 0 0
15290 0.080991 0.833333 506.75 0.32549 0.5 0 0
15300 0.080991 0.833333 507.583 0.329412 0.5 0 0
15310 0.080991 0.833333 507.583 0.32549 0.5 0 0
15320 0.0809716 1 508.583 0.329412 0.5 0 0
15330 0.0809716 1 508.583 0.329412 0.5 0 0
15340 0.0809711 1 509.583 0.329412 0.5 0 0
15350 0.0809711 1 509.583 0.329412 0.5 0 0
15360 0.0809706 1 510.583 0.32549 0.5 0 0
15370 0.0809706 1 510.583 0.329412 0.5 0 0
15380 0.080968 1 511.583 0.329412 0.5 0 0
15390 0.080968 1 511.583 0.32549 0.5 0 0
15400 0.0809667 1 512.583 0.329412 0.5 0 0
15410 0.0809667 1 512.583 0.329412 0.5 0 0
15420 0.0809663 1 513.583 0.329412 0.5 0 0
15430 0.0809663 1 513.583 0.329412 0.5 0 0
15440 0.0809657 0.916667 514.5 0.32549 0.5 0 0
15450 0.0809657 0.916667 514.5 0.329412 0.5 0 0
15460 0.0809651 0.916667 515.417 0.32549 0.5 0 0
15470 0.0809651 0.916667 515.417 0.329412 0.5 0 0
15480 0.0809651 0.916667 516.333 0.32549 0.5 0 0
15490 0.0809651 0.916667 516.333 0.329412 0.5 0 0
15500 0.0809651 0.916667 517.25 0.329412 0.5 0 0
15510 0.0809651 0.916667 517.25 0.329412 0.5 0 0
15520 0.0809651 0.833333 518.083 0.32549 0.5 0 0
15530 0.0809651 0.833333 518.083 0.329412 0.5 0 0
15540 0.0809633 0.833333 518.917 0.329412 0.5 0 0
15550 0.0809633 0.833333 518.917 0.329412 0.5 0 0
15560 0.0809562 0.916667 519.833 0.329412 0.5 0 0
15570 0.0809562 0.916667 519.833 0.329412 0.5 0 0
15580 0.0809538 0.916667 520.75 0.32549 0.5 0 0
15590 0.0809538 0.916667 520.75 0.329412 0.5 0 0
15600 0.0809538 0.916667 521.667 0.329412 0.5 0 0
15610 0.0809538 0.916667 521.667 0.329412 0.5 0 0
15620 0.0809532 0.916667 522.583 0.329412 0.5 0 0
15630 0.0809532 0.916667 522.583 0.329412 0.5 0 0
15640 0.0809511 0.916667 523.5 0.329412 0.5 0 0
15650 0.0809511 0.916667 523.5 0.329412 0.5 0 0
15660 0.0809495 0.916667 524.417 0.329412 0.5 0 0
15670 0.0809495 0.916667 524.417 0.329412 0.5 0 0
15680 0.080948 0.833333 525.25 0.329412 0.5 0 0
15690 0.080948 0.833333 525.25 0.329412 0.5 0 0
15700 0.0809478 0.833333 526.083 0.329412 0.5 0 0
15710 0.0809478 0.833333 526.083 0.329412 0.5 0 0
15720 0.0809478 0.833333 526.917 0.32549 0.5 0 0
15730 0.0809478 0.833333 526.917 0.329412 0.5 0 0
15740 0.0809475 0.75 527.667 0.32549 0.5 0 0
15750 0.0809475 0.75 527.667 0.329412 0.5 0 0
15760 0.0809471 0.75 528.417 0.32549 0.5 0 0
15770 0.0809471 0.75 528.417 0.32549 0.5 0 0
15780 0.0809471 0.666667 529.083 0.329412 0.5 0 0
15790 0.0809471 0.666667 529.083 0.329412 0.5 0 0
15800 0.0809471 0.833333 529.917 0.329412 0.5 0 0
15810 0.0809471 0.833333 529.917 0.329412 0.5 0 0
15820 0.0809466 0.916667 530.833 0.32549 0.5 0 0
15830 0.0809466 0.916667 530.833 0.329412 0.5 0 0
15840 0.0809466 1 531.833 0.329412 0.5 0 0
15850 0.0809466 1 531.833 0.329412 0.5 0 0
15860 0.0809436 1 532.833 0.329412 0.5 0 0
15870 0.0809436 1 532.833 0.32549 0.5 0 0
15880 0.0809428 1 533.833 0.329412 0.5 0 0
15890 0.0809428 1 533.833 0.329412 0.5 0 0
15900 0.0809428 1 534.833 0.329412 0.5 0 0
15910 0.0809428 1 534.833 0.329412 0.5 0 0
15920 0.0809428 0.833333 535.667 0.329412 0.5 0 0
15930 0.0809428 0.833333 535.667 0.329412 0.5 0 0
15940 0.0809428 0.916667 536.583 0.329412 0.5 0 0
15950 0.0809428 0.916667 536.583 0.329412 0.5 0 0
15960 0.0809424 0.916667 537.5 0.329412 0.5 0 0
15970 0.0809424 0.916667 537.5 0.329412 0.5 0 0
15980 0.0809421 0.916667 538.417 0.329412 0.5 0 0
15990 0.0809421 0.916667 538.417 0.32549 0.5 0 0
16000 0.0809415 0.916667 539.333 0.329412 0.5 0 0
16010 0.0809415 0.916667 539.333 0.329412 0.5 0 0
16020 0.0809405 0.916667 540.25 0.329412 0.5 0 0
16030 0.0809405 0.916667 540.25 0.329412 0.5 0 0
16040 0.0809405 0.833333 541.083 0.329412 0.5 0 0
16050 0.0809405 0.833333 541.083 0.329412 0.5 0 0
16060 0.0809405 0.666667 541.75 0.329412 0.5 0 0
16070 0.0809405 0.666667 541.75 0.329412 0.5 0 0
16080 0.0809386 0.833333 542.583 0.329412 0.5 0 0
16090 0.0809386 0.833333 542.583 0.329412 0.5 0 0
16100 0.0809386 0.833333 543.417 0.32549 0.5 0 0
16110 0.0809386 0.833333 543.417 0.329412 0.5 0 0
16120 0.0809386 0.916667 544.333 0.329412 0.5 0 0
16130 0.0809386 0.916667 544.333 0.32549 0.5 0 0
16140 0.0809383 0.916667 545.25 0.329412 0.5 0 0
16150 0.0809383 0.916667 545.25 0.329412 0.5 0 0
16160 0.0809379 0.916667 546.167 0.329412 0.5 0 0
16170 0.0809379 0.916667 546.167 0.32549 0.5 0 0
16180 0.0809379 0.916667 547.083 0.329412 0.5 0 0
16190 0.0809379 0.916667 547.083 0.329412 0.5 0 0
16200 0.0809379 0.916667 548 0.32549 0.5 0 0
16210 0.0809379 0.916667 548 0.32549 0.5 0 0
16220 0.0809379 0.916667 548.917 0.329412 0.5 0 0
16230 0.0809379 0.916667 548.917 0.329412 0.5 0 0
16240 0.0809379 0.833333 549.75 0.329412 0.5 0 0
16250 0.0809379 0.833333 549.75 0.329412 0.5 0 0
16260 0.0809371 0.833333 550.583 0.329412 0.5 0 0
16270 0.0809371 0.833333 550.583 0.329412 0.5 0 0
16280 0.0809368 0.916667 551.5 0.329412 0.5 0 0
16290 0.0809368 0.916667 551.5 0.329412 0.5 0 0
16300 0.0809368 0.916667 552.417 0.329412 0.5 0 0
16310 0.0809368 0.916667 552.417 0.32549 0.5 0 0
16320 0.0809368 0.916667 553.333 0.329412 0.5 0 0
16330 0.0809368 0.916667 553.333 0.329412 0.5 0 0
16340 0.0809368 0.916667 554.25 0.329412 0.5 0 0
16350 0.0809368 0.916667 554.25 0.329412 0.5 0 0
16360 0.0809368 0.916667 555.167 0.329412 0.5 0 0
16370 0.0809368 0.916667 555.167 0.329412 0.5 0 0
16380 0.0809368 0.916667 556.083 0.329412 0.5 0 0
16390 0.0809368 0.916667 556.083 0.329412 0.5 0 0
16400 0.0809368 0.833333 556.917 0.329412 0.5 0 0
16410 0.0809368 0.833333 556.917 0.32549 0.5 0 0
16420 0.0809353 0.916667 557.833 0.329412 0.5 0 0
16430 0.0809353 0.916667 557.833 0.329412 0.5 0 0
16440 0.0809284 0.916667 558.75 0.329412 0.5 0 0
16450 0.0809284 0.916667 558.75 0.329412 0.5 0 0
16460 0.080922 1 559.75 0.32549 0.5 0 0
16470 0.080922 1 559.75 0.32549 0.5 0 0
16480 0.0809168 1 560.75 0.32549 0.5 0 0
16490 0.0809168 1 560.75 0.32549 0.5 0 0
16500 0.0809122 1 561.75 0.329412 0.5 0 0
16510 0.0809122 1 561.75 0.329412 0.5 0 0
16520 0.0809023 0.916667 562.667 0.329412 0.5 0 0
16530 0.0809023 0.916667 562.667 0.329412 0.5 0 0
16540 0.0809023 0.916667 563.583 0.32549 0.5 0 0
16550 0.0809023 0.916667 563.583 0.329412 0.5 0 0
16560 0.0809023 0.916667 564.5 0.329412 0.5 0 0
16570 0.0809023 0.916667 564.5 0.329412 0.5 0 0
16580 0.0809023 1 565.5 0.329412 0.5 0 0
16590 0.0809023 1 565.5 0.329412 0.5 0 0
16600 0.0809023 1 566.5 0.32549 0.5 0 0
16610 0.0809023 1 566.5 0.329412 0.5 0 0
16620 0.0809023 0.916667 567.417 0.329412 0.5 0 0
16630 0.0809023 0.916667 567.417 0.329412 0.5 0 0
16640 0.0809023 0.916667 568.333 0.329412 0.5 0 0
16650 0.0809023 0.916667 568.333 0.329412 0.5 0 0
16660 0.0809023 0.916667 569.25 0.329412 0.5 0 0
16670 0.0809023 0.916667 569.25 0.329412 0.5 0 0
16680 0.0809023 0.916667 570.167 0.329412 0.5 0 0
16690 0.0809023 0.916667 570.167 0.329412 0.5 0 0
16700 0.0808918 0.916667 571.083 0.329412 0.5 0 0
16710 0.0808918 0.916667 571.083 0.329412 0.5 0 0
16720 0.0807721 0.916667 572 0.329412 0.5 0 0
16730 0.0807721 0.916667 572 0.32549 0.5 0 0
16740 0.0807721 0.916667 572.917 0.329412 0.5 0 0
16750 0.0807721 0.916667 572.917 0.32549 0.5 0 0
16760 0.0807721 0.916667 573.833 0.329412 0.5 0 0
16770 0.0807721 0.916667 573.833 0.32549 0.5 0 0
16780 0.0807721 0.916667 574.75 0.329412 0.5 0 0
16790 0.0807721 0.916667 574.75 0.329412 0.5 0 0
16800 0.0807721 0.916667 575.667 0.329412 0.5 0 0
16810 0.0807721 0.916667 575.667 0.329412 0.5 0 0
16820 0.0807721 0.75 576.417 0.329412 0.5 0 0
16830 0.0807721 0.75 576.417 0.329412 0.5 0 0
16840 0.0807721 0.833333 577.25 0.329412 0.5 0 0
16850 0.0807721 0.833333 577.25 0.329412 0.5 0 0
16860 0.0807721 0.833333 578.083 0.329412 0.5 0 0
16870 0.0807721 0.833333 578.083 0.329412 0.5 0 0
16880 0.0807721 0.833333 578.917 0.329412 0.5 0 0
16890 0.0807721 0.833333 578.917 0.329412 0.5 0 0
16900 0.0807721 0.833333 579.75 0.32549 0.5 0 0
16910 0.0807721 0.833333 579.75 0.32549 0.5 0 0
16920 0.0808209 0.833333 580.583 0.32549 0.5 0 0
16930 0.0808209 0.833333 580.583 0.329412 0.5 0 0
16940 0.0814691 0.833333 581.417 0.329412 0.5 0 0
16950 0.0814691 0.833333 581.417 0.329412 0.5 0 0
16960 0.0818469 0.833333 582.25 0.329412 0.5 0 0
16970 0.0818469 0.833333 582.25 0.329412 0.5 0 0
16980 0.0824627 0.833333 583.083 0.329412 0.5 0 0
16990 0.0824627 0.833333 583.083 0.329412 0.5 0 0
17000 0.0830498 0.833333 583.917 0.333333 0.5 0 0
17010 0.0830498 0.833333 583.917 0.333333 0.5 0 0
17020 0.0835274 0.833333 584.75 0.333333 0.5 0 0
17030 0.0835274 0.833333 584.75 0.333333 0.5 0 0
17040 0.0836854 0.833333 585.583 0.333333 0.5 0 0
17050 0.0836854 0.833333 585.583 0.333333 0.5 0 0
17060 0.0837458 0.75 586.333 0.333333 0.5 0 0
17070 0.0837458 0.75 586.333 0.333333 0.5 0 0
17080 0.0836315 0.833333 587.167 0.337255 0.5 0 0
17090 0.0836315 0.833333 587.167 0.337255 0.5 0 0
17100 0.0832808 0.833333 588 0.341176 0.5 0 0
17110 0.0832808 0.833333 588 0.341176 0.5 0 0
17120 0.0826606 0.833333 588.833 0.341176 0.5 0 0
17130 0.0826606 0.833333 588.833 0.341176 0.5 0 0
17140 0.0817856 0.833333 589.667 0.341176 0.5 0 0
17150 0.0817856 0.833333 589.667 0.337255 0.5 0 0
17160 0.0804131 0.833333 590.5 0.32549 0.5 0 0
17170 0.0804131 0.833333 590.5 0.321569 0.5 0 0
17180 0.0792651 0.833333 591.333 0.321569 0.5 0 0
17190 0.0792651 0.833333 591.333 0.321569 0.5 0 0
17200 0.079087 0.833333 592.167 0.32549 0.5 0 0
17210 0.079087 0.833333 592.167 0.32549 0.5 0 0
17220 0.0790869 0.833333 593 0.321569 0.5 0 0
17230 0.0790869 0.833333 593 0.317647 0.5 0 0
17240 0.0783848 0.75 593.75 0.317647 0.5 0 0
17250 0.0783848 0.75 593.75 0.321569 0.5 0 0
17260 0.0772131 0.833333 594.583 0.317647 0.5 0 0
17270 0.0772131 0.833333 594.583 0.317647 0.5 0 0
17280 0.0768258 0.916667 595.5 0.321569 0.5 0 0
17290 0.0768258 0.916667 595.5 0.317647 0.5 0 0
17300 0.0767364 0.916667 596.417 0.317647 0.5 0 0
17310 0.0767364 0.916667 596.417 0.317647 0.5 0 0
17320 0.0767295 0.916667 597.333 0.321569 0.5 0 0
17330 0.0767295 0.916667 597.333 0.321569 0.5 0 0
17340 0.0767295 0.916667 598.25 0.317647 0.5 0 0
17350 0.0767295 0.916667 598.25 0.321569 0.5 0 0
17360 0.0767295 0.916667 599.167 0.321569 0.5 0 0
17370 0.0767295 0.916667 599.167 0.321569 0.5 0 0
17380 0.0767295 0.916667 600.083 0.317647 0.5 0 0
17390 0.0767295 0.916667 600.083 0.321569 0.5 0 0
17400 0.0767295 0.833333 600.917 0.321569 0.5 0 0
17410 0.0767295 0.833333 600.917 0.321569 0.5 0 0
17420 0.0767295 0.833333 601.75 0.317647 0.5 0 0
17430 0.0767295 0.833333 601.75 0.321569 0.5 0 0
17440 0.0767295 0.916667 602.667 0.321569 0.5 0 0
17450 0.0767295 0.916667 602.667 0.321569 0.5 0 0
17460 0.0767295 0.916667 603.583 0.321569 0.5 0 0
17470 0.0767295 0.916667 603.583 0.321569 0.5 0 0
17480 0.0767295 0.916667 604.5 0.321569 0.5 0 0
17490 0.0767295 0.916667 604.5 0.317647 0.5 0 0
17500 0.0767295 0.916667 605.417 0.317647 0.5 0 0
17510 0.0767295 0.916667 605.417 0.321569 0.5 0 0
17520 0.0767295 0.916667 606.333 0.317647 0.5 0 0
17530 0.0767295 0.916667 606.333 0.321569 0.5 0 0
17540 0.0767295 0.916667 607.25 0.317647 0.5 0 0
17550 0.0767295 0.916667 607.25 0.321569 0.5 0 0
17560 0.0767295 0.916667 608.167 0.321569 0.5 0 0
17570 0.0767295 0.916667 608.167 0.321569 0.5 0 0
17580 0.0767295 0.916667 609.083 0.317647 0.5 0 0
17590 0.0767295 0.916667 609.083 0.321569 0.5 0 0
17600 0.0767295 0.833333 609.917 0.321569 0.5 0 0
17610 0.0767295 0.833333 609.917 0.317647 0.5 0 0
17620 0.0767295 0.75 610.667 0.321569 0.5 0 0
17630 0.0767295 0.75 610.667 0.321569 0.5 0 0
17640 0.0767295 0.833333 611.5 0.321569 0.5 0 0
17650 0.0767295 0.833333 611.5 0.317647 0.5 0 0
17660 0.0767295 0.833333 612.333 0.321569 0.5 0 0
17670 0.0767295 0.833333 612.333 0.321569 0.5 0 0
17680 0.0767295 0.916667 613.25 0.317647 0.5 0 0
17690 0.0767295 0.916667 613.25 0.317647 0.5 0 0
17700 0.0767295 0.916667 614.167 0.321569 0.5 0 0
17710 0.0767295 0.916667 614.167 0.317647 0.5 0 0
17720 0.0767295 0.916667 615.083 0.317647 0.5 0 0
17730 0.0767295 0.916667 615.083 0.321569 0.5 0 0
17740 0.0767295 0.916667 616 0.317647 0.5 0 0
17750 0.0767295 0.916667 616 0.321569 0.5 0 0
17760 0.0767295 1 617 0.317647 0.5 0 0
17770 0.0767295 1 617 0.321569 0.5 0 0
17780 0.0767295 1 618 0.321569 0.5 0 0
17790 0.0767295 1 618 0.317647 0.5 0 0
17800 0.0767295 1 619 0.321569 0.5 0 0
17810 0.0767295 1 619 0.321569 0.5 0 0
17820 0.0767295 1 620 0.321569 0.5 0 0
17830 0.0767295 1 620 0.321569 0.5 0 0
17840 0.0767295 1 621 0.317647 0.5 0 0
17850 0.0767295 1 621 0.321569 0.5 0 0
17860 0.0767295 1 622 0.321569 0.5 0 0
17870 0.0767295 1 622 0.321569 0.5 0 0
17880 0.0767295 0.75 622.75 0.317647 0.5 0 0
17890 0.0767295 0.75 622.75 0.321569 0.5 0 0
17900 0.0767295 1 623.75 0.317647 0.5 0 0
17910 0.0767295 1 623.75 0.321569 0.5 0 0
17920 0.0767295 1 624.75 0.317647 0.5 0 0
17930 0.0767295 1 624.75 0.317647 0.5 0 0
17940 0.0767295 0.916667 625.667 0.321569 0.5 0 0
17950 0.0767295 0.916667 625.667 0.321569 0.5 0 0
17960 0.0767295 1 626.667 0.317647 0.5 0 0
17970 0.0767295 1 626.667 0.321569 0.5 0 0
17980 0.0767295 1 627.667 0.321569 0.5 0 0
17990 0.0767295 1 627.667 0.317647 0.5 0 0
18000 0.0767295 1 628.667 0.321569 0.5 0 0
18010 0.0767295 1 628.667 0.321569 0.5 0 0
18020 0.0767295 0.916667 629.583 0.321569 0.5 0 0
18030 0.0767295 0.916667 629.583 0.321569 0.5 0 0
18040 0.0767295 1 630.583 0.321569 0.5 0 0
18050 0.0767295 1 630.583 0.321569 0.5 0 0
18060 0.0767295 0.916667 631.5 0.317647 0.5 0 0
18070 0.0767295 0.916667 631.5 0.321569 0.5 0 0
18080 0.0767295 1 632.5 0.317647 0.5 0 0
18090 0.0767295 1 632.5 0.321569 0.5 0 0
18100 0.0767295 1 633.5 0.321569 0.5 0 0
18110 0.0767295 1 633.5 0.321569 0.5 0 0
18120 0.0767295 1 634.5 0.321569 0.5 0 0
18130 0.0767295 1 634.5 0.321569 0.5 0 0
18140 0.0767295 1 635.5 0.317647 0.5 0 0
18150 0.0767295 1 635.5 0.317647 0.5 0 0
18160 0.0767295 0.833333 636.333 0.317647 0.5 0 0
18170 0.0767295 0.833333 636.333 0.321569 0.5 0 0
18180 0.076686 1 637.333 0.317647 0.5 0 0
18190 0.076686 1 637.333 0.321569 0.5 0 0
18200 0.0766695 1 638.333 0.317647 0.5 0 0
18210 0.0766695 1 638.333 0.317647 0.5 0 0
18220 0.0766683 1 639.333 0.321569 0.5 0 0
18230 0.0766683 1 639.333 0.321569 0.5 0 0
18240 0.0766683 1 640.333 0.321569 0.5 0 0
18250 0.0766683 1 640.333 0.321569 0.5 0 0
18260 0.0766683 1 641.333 0.321569 0.5 0 0
18270 0.0766683 1 641.333 0.321569 0.5 0 0
18280 0.0766683 1 642.333 0.317647 0.5 0 0
18290 0.0766683 1 642.333 0.321569 0.5 0 0
18300 0.0766683 0.833333 643.167 0.321569 0.5 0 0
18310 0.0766683 0.833333 643.167 0.321569 0.5 0 0
18320 0.0766683 0.833333 644 0.321569 0.5 0 0
18330 0.0766683 0.833333 644 0.321569 0.5 0 0
18340 0.0766683 1 645 0.321569 0.5 0 0
18350 0.0766683 1 645 0.317647 0.5 0 0
18360 0.0766683 1 646 0.321569 0.5 0 0
18370 0.0766683 1 646 0.321569 0.5 0 0
18380 0.0766683 1 647 0.321569 0.5 0 0
18390 0.0766683 1 647 0.321569 0.5 0 0
18400 0.0766683 1 648 0.321569 0.5 0 0
18410 0.0766683 1 648 0.321569 0.5 0 0
18420 0.0766683 1 649 0.317647 0.5 0 0
18430 0.0766683 1 649 0.321569 0.5 0 0
18440 0.0766683 1 650 0.321569 0.5 0 0
18450 0.0766683 1 650 0.321569 0.5 0 0
18460 0.0766683 1 651 0.321569 0.5 0 0
18470 0.0766683 1 651 0.321569 0.5 0 0
18480 0.076668 1 652 0.321569 0.5 0 0
18490 0.076668 1 652 0.321569 0.5 0 0
18500 0.0766676 1 653 0.317647 0.5 0 0
18510 0.0766676 1 653 0.321569 0.5 0 0
18520 0.0766676 1 654 0.321569 0.5 0 0
18530 0.0766676 1 654 0.321569 0.5 0 0
18540 0.0766676 1 655 0.321569 0.5 0 0
18550 0.0766676 1 655 0.317647 0.5 0 0
18560 0.0766676 1 656 0.321569 0.5 0 0
18570 0.0766676 1 656 0.317647 0.5 0 0
18580 0.0766672 1 657 0.317647 0.5 0 0
18590 0.0766672 1 657 0.317647 0.5 0 0
18600 0.0766669 1 658 0.317647 0.5 0 0
18610 0.0766669 1 658 0.321569 0.5 0 0
18620 0.0766669 1 659 0.321569 0.5 0 0
18630 0.0766669 1 659 0.321569 0.5 0 0
18640 0.0766668 1 660 0.321569 0.5 0 0
18650 0.0766668 1 660 0.321569 0.5 0 0
18660 0.0766666 1 661 0.321569 0.5 0 0
18670 0.0766666 1 661 0.321569 0.5 0 0
18680 0.0766665 1 662 0.321569 0.5 0 0
18690 0.0766665 1 662 0.321569 0.5 0 0
18700 0.0766664 1 663 0.317647 0.5 0 0
18710 0.0766664 1 663 0.317647 0.5 0 0
18720 0.0766663 1 664 0.321569 0.5 0 0
18730 0.0766663 1 664 0.317647 0.5 0 0
18740 0.0766662 1 665 0.321569 0.5 0 0
18750 0.0766662 1 665 0.321569 0.5 0 0
18760 0.0766661 0.916667 665.917 0.317647 0.5 0 0
18770 0.0766661 0.916667 665.917 0.321569 0.5 0 0
18780 0.0766657 0.916667 666.833 0.321569 0.5 0 0
18790 0.0766657 0.916667 666.833 0.321569 0.5 0 0
18800 0.0766652 0.916667 667.75 0.321569 0.5 0 0
18810 0.0766652 0.916667 667.75 0.321569 0.5 0 0
18820 0.0766652 0.916667 668.667 0.321569 0.5 0 0
18830 0.0766652 0.916667 668.667 0.321569 0.5 0 0
18840 0.0766651 0.916667 669.583 0.317647 0.5 0 0
18850 0.0766651 0.916667 669.583 0.321569 0.5 0 0
18860 0.0766651 0.916667 670.5 0.321569 0.5 0 0
18870 0.0766651 0.916667 670.5 0.321569 0.5 0 0
18880 0.0766651 0.916667 671.417 0.317647 0.5 0 0
18890 0.0766651 0.916667 671.417 0.317647 0.5 0 0
18900 0.0766649 0.916667 672.333 0.321569 0.5 0 0
18910 0.0766649 0.916667 672.333 0.321569 0.5 0 0
18920 0.0766648 0.916667 673.25 0.317647 0.5 0 0
18930 0.0766648 0.916667 673.25 0.321569 0.5 0 0
18940 0.0766649 0.916667 674.167 0.317647 0.5 0 0
18950 0.0766649 0.916667 674.167 0.317647 0.5 0 0
18960 0.0766649 0.916667 675.083 0.321569 0.5 0 0
18970 0.0766649 0.916667 675.083 0.321569 0.5 0 0
18980 0.0776164 0.916667 676 0.321569 0.5 0 0
18990 0.0776164 0.916667 676 0.321569 0.5 0 0
19000 0.0791111 0.916667 676.917 0.321569 0.5 0 0
19010 0.0791111 0.916667 676.917 0.32549 0.5 0 0
19020 0.0802746 0.916667 677.833 0.321569 0.5 0 0
19030 0.0802746 0.916667 677.833 0.321569 0.5 0 0
19040 0.0811821 0.916667 678.75 0.32549 0.5 0 0
19050 0.0811821 0.916667 678.75 0.32549 0.5 0 0
19060 0.0812928 0.916667 679.667 0.32549 0.5 0 0
19070 0.0812928 0.916667 679.667 0.32549 0.5 0 0
19080 0.081407 0.916667 680.583 0.32549 0.5 0 0
19090 0.081407 0.916667 680.583 0.32549 0.5 0 0
19100 0.0815744 0.916667 681.5 0.32549 0.5 0 0
19110 0.0815744 0.916667 681.5 0.321569 0.5 0 0
19120 0.0815817 0.916667 682.417 0.321569 0.5 0 0
19130 0.0815817 0.916667 682.417 0.321569 0.5 0 0
19140 0.0812345 0.916667 683.333 0.317647 0.5 0 0
19150 0.0812345 0.916667 683.333 0.321569 0.5 0 0
19160 0.0803966 0.916667 684.25 0.32549 0.5 0 0
19170 0.0803966 0.916667 684.25 0.321569 0.5 0 0
19180 0.0799716 0.916667 685.167 0.321569 0.5 0 0
19190 0.0799716 0.916667 685.167 0.32549 0.5 0 0
19200 0.0795371 0.916667 686.083 0.321569 0.5 0 0
19210 0.0795371 0.916667 686.083 0.317647 0.5 0 0
19220 0.0783005 0.916667 687 0.317647 0.5 0 0
19230 0.0783005 0.916667 687 0.317647 0.5 0 0
19240 0.0777388 0.916667 687.917 0.317647 0.5 0 0
19250 0.0777388 0.916667 687.917 0.317647 0.5 0 0
19260 0.0770785 0.916667 688.833 0.317647 0.5 0 0
19270 0.0770785 0.916667 688.833 0.317647 0.5 0 0
19280 0.0763828 0.916667 689.75 0.317647 0.5 0 0
19290 0.0763828 0.916667 689.75 0.317647 0.5 0 0
19300 0.0757704 0.833333 690.583 0.317647 0.5 0 0
19310 0.0757704 0.833333 690.583 0.317647 0.5 0 0
19320 0.0756814 0.833333 691.417 0.317647 0.5 0 0
19330 0.0756814 0.833333 691.417 0.317647 0.5 0 0
19340 0.0756239 0.833333 692.25 0.317647 0.5 0 0
19350 0.0756239 0.833333 692.25 0.317647 0.5 0 0
19360 0.0756202 0.833333 693.083 0.317647 0.5 0 0
19370 0.0756202 0.833333 693.083 0.317647 0.5 0 0
19380 0.0756203 0.833333 693.917 0.317647 0.5 0 0
19390 0.0756203 0.833333 693.917 0.317647 0.5 0 0
19400 0.0756203 0.833333 694.75 0.317647 0.5 0 0
19410 0.0756203 0.833333 694.75 0.317647 0.5 0 0
19420 0.0756203 0.833333 695.583 0.313725 0.5 0 0
19430 0.0756203 0.833333 695.583 0.317647 0.5 0 0
19440 0.0756205 0.833333 696.417 0.317647 0.5 0 0
19450 0.0756205 0.833333 696.417 0.317647 0.5 0 0
19460 0.0756207 0.833333 697.25 0.317647 0.5 0 0
19470 0.0756207 0.833333 697.25 0.317647 0.5 0 0
19480 0.0756207 0.833333 698.083 0.317647 0.5 0 0
19490 0.0756207 0.833333 698.083 0.317647 0.5 0 0
19500 0.0756207 0.75 698.833 0.317647 0.5 0 0
19510 0.0756207 0.75 698.833 0.317647 0.5 0 0
19520 0.0756207 0.833333 699.667 0.317647 0.5 0 0
19530 0.0756207 0.833333 699.667 0.317647 0.5 0 0
19540 0.0756208 0.833333 700.5 0.317647 0.5 0 0
19550 0.0756208 0.833333 700.5 0.317647 0.5 0 0
19560 0.0756208 0.916667 701.417 0.317647 0.5 0 0
19570 0.0756208 0.916667 701.417 0.317647 0.5 0 0
19580 0.0756235 0.916667 702.333 0.317647 0.5 0 0
19590 0.0756235 0.916667 702.333 0.317647 0.5 0 0
19600 0.0756236 0.916667 703.25 0.317647 0.5 0 0
19610 0.0756236 0.916667 703.25 0.317647 0.5 0 0
19620 0.0756236 0.75 704 0.317647 0.5 0 0
19630 0.0756236 0.75 704 0.317647 0.5 0 0
19640 0.0756236 0.833333 704.833 0.317647 0.5 0 0
19650 0.0756236 0.833333 704.833 0.317647 0.5 0 0
19660 0.0756236 0.916667 705.75 0.317647 0.5 0 0
19670 0.0756236 0.916667 705.75 0.317647 0.5 0 0
19680 0.0756236 0.916667 706.667 0.317647 0.5 0 0
19690 0.0756236 0.916667 706.667 0.317647 0.5 0 0
19700 0.0756236 0.916667 707.583 0.317647 0.5 0 0
19710 0.0756236 0.916667 707.583 0.317647 0.5 0 0
19720 0.0756236 0.916667 708.5 0.317647 0.5 0 0
19730 0.0756236 0.916667 708.5 0.317647 0.5 0 0
19740 0.0756236 0.833333 709.333 0.317647 0.5 0 0
19750 0.0756236 0.833333 709.333 0.317647 0.5 0 0
19760 0.0756241 0.916667 710.25 0.317647 0.5 0 0
19770 0.0756241 0.916667 710.25 0.317647 0.5 0 0
19780 0.0756247 0.916667 711.167 0.317647 0.5 0 0
19790 0.0756247 0.916667 711.167 0.317647 0.5 0 0
19800 0.0756247 0.916667 712.083 0.317647 0.5 0 0
19810 0.0756247 0.916667 712.083 0.317647 0.5 0 0
19820 0.0756247 0.916667 713 0.317647 0.5 0 0
19830 0.0756247 0.916667 713 0.317647 0.5 0 0
19840 0.0756247 1 714 0.317647 0.5 0 0
19850 0.0756247 1 714 0.317647 0.5 0 0
19860 0.0756056 1 715 0.317647 0.5 0 0
19870 0.0756056 1 715 0.317647 0.5 0 0
19880 0.0756056 1 716 0.317647 0.5 0 0
19890 0.0756056 1 716 0.317647 0.5 0 0
19900 0.0756056 1 717 0.317647 0.5 0 0
19910 0.0756056 1 717 0.317647 0.5 0 0
19920 0.0756056 1 718 0.313725 0.5 0 0
19930 0.0756056 1 718 0.317647 0.5 0 0
19940 0.0756056 1 719 0.317647 0.5 0 0
19950 0.0756056 1 719 0.317647 0.5 0 0
19960 0.0756056 0.75 719.75 0.317647 0.5 0 0
19970 0.0756056 0.75 719.75 0.317647 0.5 0 0
19980 0.0756088 1 720.75 0.317647 0.5 0 0
19990 0.0756088 1 720.75 0.317647 0.5 0 0
20000 0.0756088 1 721.75 0.317647 0.5 0 0
20010 0.0756088 1 721.75 0.317647 0.5 0 0
