0 0.0843088 0 0 0.5 0.5 0 0
10 0.0843088 0 0 0.709804 0.5 0 0
20 0.0836363 0.333333 0.333333 0.827451 0.5 0 0
30 0.0836363 0.333333 0.333333 0.827451 0.5 0 0
40 0.0855162 0.333333 0.666667 0.827451 0.5 0 0
50 0.0855162 0.333333 0.666667 0.843137 0.5 0 0
60 0.0870204 0.333333 1 0.643137 0.5 0 0
70 0.0870204 0.333333 1 0.827451 0.5 0 0
80 0.0881473 0.333333 1.33333 0.788235 0.5 0 0
90 0.0881473 0.333333 1.33333 0.843137 0.5 0 0
100 0.0890905 0.416667 1.75 0.843137 0.5 0 0
110 0.0890905 0.416667 1.75 0.831373 0.5 0 0
120 0.0896955 0.416667 2.16667 0.698039 0.5 0 0
130 0.0896955 0.416667 2.16667 0.717647 0.5 0 0
140 0.0902675 0.25 2.41667 0.65098 0.5 0 0
150 0.0902675 0.25 2.41667 0.772549 0.5 0 0
160 0.0907015 0.25 2.66667 0.733333 0.5 0 0
170 0.0907015 0.25 2.66667 0.839216 0.5 0 0
180 0.0915106 0.25 2.91667 0.717647 0.5 0 0
190 0.0915106 0.25 2.91667 0.839216 0.5 0 0
200 0.0920789 0 2.91667 0.768627 0.5 0 0
210 0.0920789 0 2.91667 0.717647 0.5 0 0
220 0.0925253 0 2.91667 0.737255 0.5 0 0
230 0.0925253 0 2.91667 0.843137 0.5 0 0
240 0.0925693 0 2.91667 0.713725 0.5 0 0
250 0.0925693 0 2.91667 0.827451 0.5 0 0
260 0.0924926 0 2.91667 0.65098 0.5 0 0
270 0.0924926 0 2.91667 0.698039 0.5 0 0
280 0.0928173 0 2.91667 0.768627 0.5 0 0
290 0.0928173 0 2.91667 0.737255 0.5 0 0
300 0.092891 0 2.91667 0.827451 0.5 0 0
310 0.092891 0 2.91667 0.827451 0.5 0 0
320 0.0930844 0 2.91667 0.733333 0.5 0 0
330 0.0930844 0 2.91667 0.701961 0.5 0 0
340 0.0935893 0 2.91667 0.764706 0.5 0 0
350 0.0935893 0 2.91667 0.713725 0.5 0 0
360 0.0937414 0 2.91667 0.654902 0.5 0 0
370 0.0937414 0 2.91667 0.709804 0.5 0 0
380 0.0937415 0 2.91667 0.843137 0.5 0 0
390 0.0937415 0 2.91667 0.843137 0.5 0 0
400 0.0937415 0 2.91667 0.713725 0.5 0 0
410 0.0937415 0 2.91667 0.768627 0.5 0 0
420 0.0933071 0 2.91667 0.843137 0.5 0 0
430 0.0933071 0 2.91667 0.827451 0.5 0 0
440 0.0931195 0 2.91667 0.85098 0.5 0 0
450 0.0931195 0 2.91667 0.764706 0.5 0 0
460 0.0931195 0 2.91667 0.682353 0.5 0 0
470 0.0931195 0 2.91667 0.733333 0.5 0 0
480 0.0931195 0.0833333 3 0.772549 0.5 0 0
490 0.0931195 0.0833333 3 0.698039 0.5 0 0
500 0.0932785 0.0833333 3.08333 0.839216 0.5 0 0
510 0.0932785 0.0833333 3.08333 0.733333 0.5 0 0
520 0.0938502 0.0833333 3.16667 0.827451 0.5 0 0
530 0.0938502 0.0833333 3.16667 0.784314 0.5 0 0
540 0.0945619 0.0833333 3.25 0.776471 0.5 0 0
550 0.0945619 0.0833333 3.25 0.772549 0.5 0 0
560 0.0946645 0.166667 3.41667 0.713725 0.5 0 0
570 0.0946645 0.166667 3.41667 0.737255 0.5 0 0
580 0.0947037 0.0833333 3.5 0.709804 0.5 0 0
590 0.0947037 0.0833333 3.5 0.768627 0.5 0 0
600 0.0946778 0.0833333 3.58333 0.811765 0.5 0 0
610 0.0946778 0.0833333 3.58333 0.811765 0.5 0 0
620 0.0946922 0.0833333 3.66667 0.682353 0.5 0 0
630 0.0946922 0.0833333 3.66667 0.729412 0.5 0 0
640 0.094765 0.0833333 3.75 0.811765 0.5 0 0
650 0.094765 0.0833333 3.75 0.831373 0.5 0 0
660 0.094789 0.0833333 3.83333 0.831373 0.5 0 0
670 0.094789 0.0833333 3.83333 0.737255 0.5 0 0
680 0.0948352 0.0833333 3.91667 0.690196 0.5 0 0
690 0.0948352 0.0833333 3.91667 0.733333 0.5 0 0
700 0.0952254 0 3.91667 0.643137 0.5 0 0
710 0.0952254 0 3.91667 0.8 0.5 0 0
720 0.0955482 0 3.91667 0.643137 0.5 0 0
730 0.0955482 0 3.91667 0.6 0.5 0 0
740 0.096196 0 3.91667 0.568627 0.5 0 0
750 0.096196 0 3.91667 0.54902 0.5 0 0
760 0.0968113 0 3.91667 0.541176 0.5 0 0
770 0.0968113 0 3.91667 0.529412 0.5 0 0
780 0.0966106 0.166667 4.08333 0.521569 0.5 0 0
790 0.0966106 0.166667 4.08333 0.521569 0.5 0 0
800 0.0962663 0.166667 4.25 0.517647 0.5 0 0
810 0.0962663 0.166667 4.25 0.517647 0.5 0 0
820 0.0962781 0.166667 4.41667 0.521569 0.5 0 0
830 0.0962781 0.166667 4.41667 0.513725 0.5 0 0
840 0.096294 0.166667 4.58333 0.517647 0.5 0 0
850 0.096294 0.166667 4.58333 0.517647 0.5 0 0
860 0.0963085 0.166667 4.75 0.513725 0.5 0 0
870 0.0963085 0.166667 4.75 0.513725 0.5 0 0
880 0.096328 0.166667 4.91667 0.513725 0.5 0 0
890 0.096328 0.166667 4.91667 0.517647 0.5 0 0
900 0.0963848 0.25 5.16667 0.509804 0.5 0 0
910 0.0963848 0.25 5.16667 0.509804 0.5 0 0
920 0.0962228 0.25 5.41667 0.513725 0.5 0 0
930 0.0962228 0.25 5.41667 0.509804 0.5 0 0
940 0.0962214 0.25 5.66667 0.509804 0.5 0 0
950 0.0962214 0.25 5.66667 0.509804 0.5 0 0
960 0.0962503 0.25 5.91667 0.505882 0.5 0 0
970 0.0962503 0.25 5.91667 0.505882 0.5 0 0
980 0.0959869 0.25 6.16667 0.501961 0.5 0 0
990 0.0959869 0.25 6.16667 0.505882 0.5 0 0
1000 0.0959418 0.25 6.41667 0.505882 0.5 0 0
1010 0.0959418 0.25 6.41667 0.498039 0.5 0 0
1020 0.095971 0.25 6.66667 0.501961 0.5 0 0
1030 0.095971 0.25 6.66667 0.501961 0.5 0 0
1040 0.0960025 0.25 6.91667 0.501961 0.5 0 0
1050 0.0960025 0.25 6.91667 0.498039 0.5 0 0
1060 0.0960313 0.25 7.16667 0.498039 0.5 0 0
1070 0.0960313 0.25 7.16667 0.498039 0.5 0 0
1080 0.0960714 0.25 7.41667 0.498039 0.5 0 0
1090 0.0960714 0.25 7.41667 0.498039 0.5 0 0
1100 0.0959507 0.25 7.66667 0.498039 0.5 0 0
1110 0.0959507 0.25 7.66667 0.498039 0.5 0 0
1120 0.0959786 0.25 7.91667 0.494118 0.5 0 0
1130 0.0959786 0.25 7.91667 0.494118 0.5 0 0
1140 0.0960066 0.25 8.16667 0.494118 0.5 0 0
1150 0.0960066 0.25 8.16667 0.494118 0.5 0 0
1160 0.0960308 0.25 8.41667 0.498039 0.5 0 0
1170 0.0960308 0.25 8.41667 0.494118 0.5 0 0
1180 0.0960566 0.25 8.66667 0.498039 0.5 0 0
1190 0.0960566 0.25 8.66667 0.498039 0.5 0 0
1200 0.0960928 0.25 8.91667 0.494118 0.5 0 0
1210 0.0960928 0.25 8.91667 0.494118 0.5 0 0
1220 0.0961516 0.25 9.16667 0.494118 0.5 0 0
1230 0.0961516 0.25 9.16667 0.494118 0.5 0 0
1240 0.0962096 0.25 9.41667 0.494118 0.5 0 0
1250 0.0962096 0.25 9.41667 0.494118 0.5 0 0
1260 0.0962681 0.25 9.66667 0.490196 0.5 0 0
1270 0.0962681 0.25 9.66667 0.494118 0.5 0 0
1280 0.0963858 0.25 9.91667 0.490196 0.5 0 0
1290 0.0963858 0.25 9.91667 0.490196 0.5 0 0
1300 0.0968563 0.25 10.1667 0.486275 0.5 0 0
1310 0.0968563 0.25 10.1667 0.486275 0.5 0 0
1320 0.0970778 0.333333 10.5 0.486275 0.5 0 0
1330 0.0970778 0.333333 10.5 0.486275 0.5 0 0
1340 0.0971774 0.5 11 0.478431 0.5 0 0
1350 0.0971774 0.5 11 0.482353 0.5 0 0
1360 0.0972683 0.583333 11.5833 0.482353 0.5 0 0
1370 0.0972683 0.583333 11.5833 0.478431 0.5 0 0
1380 0.0973515 0.583333 12.1667 0.478431 0.5 0 0
1390 0.0973515 0.583333 12.1667 0.478431 0.5 0 0
1400 0.097439 0.583333 12.75 0.478431 0.5 0 0
1410 0.097439 0.583333 12.75 0.47451 0.5 0 0
1420 0.0975638 0.583333 13.3333 0.47451 0.5 0 0
1430 0.0975638 0.583333 13.3333 0.470588 0.5 0 0
1440 0.0975371 0.583333 13.9167 0.470588 0.5 0 0
1450 0.0975371 0.583333 13.9167 0.466667 0.5 0 0
1460 0.0973406 0.583333 14.5 0.466667 0.5 0 0
1470 0.0973406 0.583333 14.5 0.466667 0.5 0 0
1480 0.097188 0.583333 15.0833 0.466667 0.5 0 0
1490 0.097188 0.583333 15.0833 0.466667 0.5 0 0
1500 0.0970169 0.583333 15.6667 0.466667 0.5 0 0
1510 0.0970169 0.583333 15.6667 0.466667 0.5 0 0
1520 0.09698 0.583333 16.25 0.462745 0.5 0 0
1530 0.09698 0.583333 16.25 0.462745 0.5 0 0
1540 0.0970152 0.583333 16.8333 0.466667 0.5 0 0
1550 0.0970152 0.583333 16.8333 0.466667 0.5 0 0
1560 0.0970287 0.583333 17.4167 0.466667 0.5 0 0
1570 0.0970287 0.583333 17.4167 0.462745 0.5 0 0
1580 0.0968788 0.5 17.9167 0.462745 0.5 0 0
1590 0.0968788 0.5 17.9167 0.462745 0.5 0 0
1600 0.0965358 0.583333 18.5 0.462745 0.5 0 0
1610 0.0965358 0.583333 18.5 0.462745 0.5 0 0
1620 0.0965268 0.583333 19.0833 0.462745 0.5 0 0
1630 0.0965268 0.583333 19.0833 0.462745 0.5 0 0
1640 0.0965425 0.583333 19.6667 0.462745 0.5 0 0
1650 0.0965425 0.583333 19.6667 0.462745 0.5 0 0
1660 0.0965557 0.583333 20.25 0.462745 0.5 0 0
1670 0.0965557 0.583333 20.25 0.466667 0.5 0 0
1680 0.0965631 0.583333 20.8333 0.462745 0.5 0 0
1690 0.0965631 0.583333 20.8333 0.462745 0.5 0 0
1700 0.0965648 0.583333 21.4167 0.462745 0.5 0 0
1710 0.0965648 0.583333 21.4167 0.462745 0.5 0 0
1720 0.0965649 0.583333 22 0.462745 0.5 0 0
1730 0.0965649 0.583333 22 0.462745 0.5 0 0
1740 0.0965591 0.583333 22.5833 0.462745 0.5 0 0
1750 0.0965591 0.583333 22.5833 0.462745 0.5 0 0
1760 0.0965529 0.583333 23.1667 0.462745 0.5 0 0
1770 0.0965529 0.583333 23.1667 0.462745 0.5 0 0
1780 0.0965111 0.5 23.6667 0.466667 0.5 0 0
1790 0.0965111 0.5 23.6667 0.458824 0.5 0 0
1800 0.0968702 0.5 24.1667 0.458824 0.5 0 0
1810 0.0968702 0.5 24.1667 0.454902 0.5 0 0
1820 0.0972285 0.5 24.6667 0.454902 0.5 0 0
1830 0.0972285 0.5 24.6667 0.454902 0.5 0 0
1840 0.0976648 0.5 25.1667 0.454902 0.5 0 0
1850 0.0976648 0.5 25.1667 0.45098 0.5 0 0
1860 0.0977298 0.5 25.6667 0.45098 0.5 0 0
1870 0.0977298 0.5 25.6667 0.45098 0.5 0 0
1880 0.0979911 0.416667 26.0833 0.447059 0.5 0 0
1890 0.0979911 0.416667 26.0833 0.447059 0.5 0 0
1900 0.0986626 0.416667 26.5 0.447059 0.5 0 0
1910 0.0986626 0.416667 26.5 0.447059 0.5 0 0
1920 0.0990323 0.416667 26.9167 0.45098 0.5 0 0
1930 0.0990323 0.416667 26.9167 0.45098 0.5 0 0
1940 0.0988335 0.416667 27.3333 0.447059 0.5 0 0
1950 0.0988335 0.416667 27.3333 0.447059 0.5 0 0
1960 0.0988139 0.416667 27.75 0.447059 0.5 0 0
1970 0.0988139 0.416667 27.75 0.447059 0.5 0 0
1980 0.0986334 0.416667 28.1667 0.447059 0.5 0 0
1990 0.0986334 0.416667 28.1667 0.45098 0.5 0 0
2000 0.0984827 0.333333 28.5 0.447059 0.5 0 0
2010 0.0984827 0.333333 28.5 0.439216 0.5 0 0
2020 0.0996197 0.333333 28.8333 0.435294 0.5 0 0
2030 0.0996197 0.333333 28.8333 0.439216 0.5 0 0
2040 0.100134 0.333333 29.1667 0.439216 0.5 0 0
2050 0.100134 0.333333 29.1667 0.439216 0.5 0 0
2060 0.100453 0.333333 29.5 0.439216 0.5 0 0
2070 0.100453 0.333333 29.5 0.439216 0.5 0 0
2080 0.100431 0.333333 29.8333 0.439216 0.5 0 0
2090 0.100431 0.333333 29.8333 0.435294 0.5 0 0
2100 0.100875 0.333333 30.1667 0.435294 0.5 0 0
2110 0.100875 0.333333 30.1667 0.431373 0.5 0 0
2120 0.10118 0.333333 30.5 0.431373 0.5 0 0
2130 0.10118 0.333333 30.5 0.431373 0.5 0 0
2140 0.100891 0.333333 30.8333 0.435294 0.5 0 0
2150 0.100891 0.333333 30.8333 0.427451 0.5 0 0
2160 0.101142 0.333333 31.1667 0.427451 0.5 0 0
2170 0.101142 0.333333 31.1667 0.427451 0.5 0 0
2180 0.101499 0.166667 31.3333 0.423529 0.5 0 0
2190 0.101499 0.166667 31.3333 0.423529 0.5 0 0
2200 0.102073 0.166667 31.5 0.423529 0.5 0 0
2210 0.102073 0.166667 31.5 0.423529 0.5 0 0
2220 0.10192 0.166667 31.6667 0.419608 0.5 0 0
2230 0.10192 0.166667 31.6667 0.419608 0.5 0 0
2240 0.10209 0.166667 31.8333 0.415686 0.5 0 0
2250 0.10209 0.166667 31.8333 0.415686 0.5 0 0
2260 0.102097 0.166667 32 0.415686 0.5 0 0
2270 0.102097 0.166667 32 0.411765 0.5 0 0
2280 0.102454 0.166667 32.1667 0.415686 0.5 0 0
2290 0.102454 0.166667 32.1667 0.411765 0.5 0 0
2300 0.102568 0.166667 32.3333 0.411765 0.5 0 0
2310 0.102568 0.166667 32.3333 0.411765 0.5 0 0
2320 0.102693 0.166667 32.5 0.411765 0.5 0 0
2330 0.102693 0.166667 32.5 0.411765 0.5 0 0
2340 0.102972 0.166667 32.6667 0.407843 0.5 0 0
2350 0.102972 0.166667 32.6667 0.407843 0.5 0 0
2360 0.102419 0.166667 32.8333 0.407843 0.5 0 0
2370 0.102419 0.166667 32.8333 0.407843 0.5 0 0
2380 0.101672 0.166667 33 0.403922 0.5 0 0
2390 0.101672 0.166667 33 0.403922 0.5 0 0
2400 0.101177 0.166667 33.1667 0.403922 0.5 0 0
2410 0.101177 0.166667 33.1667 0.403922 0.5 0 0
2420 0.101395 0.166667 33.3333 0.403922 0.5 0 0
2430 0.101395 0.166667 33.3333 0.4 0.5 0 0
2440 0.100733 0.166667 33.5 0.4 0.5 0 0
2450 0.100733 0.166667 33.5 0.4 0.5 0 0
2460 0.0998719 0 33.5 0.396078 0.5 0 0
2470 0.0998719 0 33.5 0.4 0.5 0 0
2480 0.0992658 0 33.5 0.396078 0.5 0 0
2490 0.0992658 0 33.5 0.396078 0.5 0 0
2500 0.0991144 0 33.5 0.396078 0.5 0 0
2510 0.0991144 0 33.5 0.396078 0.5 0 0
2520 0.0990302 0 33.5 0.396078 0.5 0 0
2530 0.0990302 0 33.5 0.4 0.5 0 0
2540 0.0988997 0 33.5 0.396078 0.5 0 0
2550 0.0988997 0 33.5 0.396078 0.5 0 0
2560 0.0987958 0 33.5 0.396078 0.5 0 0
2570 0.0987958 0 33.5 0.4 0.5 0 0
2580 0.098781 0 33.5 0.396078 0.5 0 0
2590 0.098781 0 33.5 0.396078 0.5 0 0
2600 0.0990711 0 33.5 0.4 0.5 0 0
2610 0.0990711 0 33.5 0.4 0.5 0 0
2620 0.0998727 0 33.5 0.4 0.5 0 0
2630 0.0998727 0 33.5 0.4 0.5 0 0
2640 0.100523 0 33.5 0.4 0.5 0 0
2650 0.100523 0 33.5 0.4 0.5 0 0
2660 0.101019 0 33.5 0.4 0.5 0 0
2670 0.101019 0 33.5 0.4 0.5 0 0
2680 0.101514 0 33.5 0.4 0.5 0 0
2690 0.101514 0 33.5 0.4 0.5 0 0
2700 0.102001 0 33.5 0.4 0.5 0 0
2710 0.102001 0 33.5 0.4 0.5 0 0
2720 0.102407 0 33.5 0.396078 0.5 0 0
2730 0.102407 0 33.5 0.396078 0.5 0 0
2740 0.1022 0 33.5 0.392157 0.5 0 0
2750 0.1022 0 33.5 0.392157 0.5 0 0
2760 0.101329 0 33.5 0.396078 0.5 0 0
2770 0.101329 0 33.5 0.396078 0.5 0 0
2780 0.101123 0 33.5 0.396078 0.5 0 0
2790 0.101123 0 33.5 0.396078 0.5 0 0
2800 0.102174 0 33.5 0.396078 0.5 0 0
2810 0.102174 0 33.5 0.396078 0.5 0 0
2820 0.102689 0 33.5 0.396078 0.5 0 0
2830 0.102689 0 33.5 0.396078 0.5 0 0
2840 0.103134 0 33.5 0.392157 0.5 0 0
2850 0.103134 0 33.5 0.396078 0.5 0 0
2860 0.103133 0 33.5 0.392157 0.5 0 0
2870 0.103133 0 33.5 0.392157 0.5 0 0
2880 0.103202 0 33.5 0.392157 0.5 0 0
2890 0.103202 0 33.5 0.392157 0.5 0 0
2900 0.103409 0 33.5 0.388235 0.5 0 0
2910 0.103409 0 33.5 0.388235 0.5 0 0
2920 0.102806 0 33.5 0.384314 0.5 0 0
2930 0.102806 0 33.5 0.384314 0.5 0 0
2940 0.102111 0 33.5 0.384314 0.5 0 0
2950 0.102111 0 33.5 0.380392 0.5 0 0
2960 0.10074 0 33.5 0.380392 0.5 0 0
2970 0.10074 0 33.5 0.384314 0.5 0 0
2980 0.100848 0 33.5 0.380392 0.5 0 0
2990 0.100848 0 33.5 0.380392 0.5 0 0
3000 0.101582 0 33.5 0.384314 0.5 0 0
3010 0.101582 0 33.5 0.380392 0.5 0 0
3020 0.101014 0 33.5 0.380392 0.5 0 0
3030 0.101014 0 33.5 0.380392 0.5 0 0
3040 0.0995163 0 33.5 0.380392 0.5 0 0
3050 0.0995163 0 33.5 0.380392 0.5 0 0
3060 0.0985584 0 33.5 0.380392 0.5 0 0
3070 0.0985584 0 33.5 0.380392 0.5 0 0
3080 0.0991564 0 33.5 0.380392 0.5 0 0
3090 0.0991564 0 33.5 0.380392 0.5 0 0
3100 0.0998954 0 33.5 0.380392 0.5 0 0
3110 0.0998954 0 33.5 0.376471 0.5 0 0
3120 0.0996997 0 33.5 0.376471 0.5 0 0
3130 0.0996997 0 33.5 0.376471 0.5 0 0
3140 0.0982673 0 33.5 0.376471 0.5 0 0
3150 0.0982673 0 33.5 0.376471 0.5 0 0
3160 0.0980282 0 33.5 0.376471 0.5 0 0
3170 0.0980282 0 33.5 0.376471 0.5 0 0
3180 0.0980278 0 33.5 0.376471 0.5 0 0
3190 0.0980278 0 33.5 0.376471 0.5 0 0
3200 0.0980278 0 33.5 0.376471 0.5 0 0
3210 0.0980278 0 33.5 0.376471 0.5 0 0
3220 0.0976949 0 33.5 0.376471 0.5 0 0
3230 0.0976949 0 33.5 0.376471 0.5 0 0
3240 0.097601 0 33.5 0.376471 0.5 0 0
3250 0.097601 0 33.5 0.376471 0.5 0 0
3260 0.097601 0 33.5 0.376471 0.5 0 0
3270 0.097601 0 33.5 0.376471 0.5 0 0
3280 0.097601 0 33.5 0.376471 0.5 0 0
3290 0.097601 0 33.5 0.376471 0.5 0 0
3300 0.097601 0 33.5 0.376471 0.5 0 0
3310 0.097601 0 33.5 0.376471 0.5 0 0
3320 0.0975706 0 33.5 0.376471 0.5 0 0
3330 0.0975706 0 33.5 0.376471 0.5 0 0
3340 0.0975706 0 33.5 0.376471 0.5 0 0
3350 0.0975706 0 33.5 0.376471 0.5 0 0
3360 0.0975706 0 33.5 0.376471 0.5 0 0
3370 0.0975706 0 33.5 0.376471 0.5 0 0
3380 0.0975923 0 33.5 0.376471 0.5 0 0
3390 0.0975923 0 33.5 0.376471 0.5 0 0
3400 0.0976768 0 33.5 0.376471 0.5 0 0
3410 0.0976768 0 33.5 0.376471 0.5 0 0
3420 0.0976768 0 33.5 0.376471 0.5 0 0
3430 0.0976768 0 33.5 0.376471 0.5 0 0
3440 0.0976768 0 33.5 0.376471 0.5 0 0
3450 0.0976768 0 33.5 0.376471 0.5 0 0
3460 0.0977979 0 33.5 0.376471 0.5 0 0
3470 0.0977979 0 33.5 0.376471 0.5 0 0
3480 0.0981403 0 33.5 0.376471 0.5 0 0
3490 0.0981403 0 33.5 0.376471 0.5 0 0
3500 0.0988097 0 33.5 0.376471 0.5 0 0
3510 0.0988097 0 33.5 0.376471 0.5 0 0
3520 0.0993897 0 33.5 0.380392 0.5 0 0
3530 0.0993897 0 33.5 0.380392 0.5 0 0
3540 0.0997185 0 33.5 0.380392 0.5 0 0
3550 0.0997185 0 33.5 0.380392 0.5 0 0
3560 0.0996927 0 33.5 0.376471 0.5 0 0
3570 0.0996927 0 33.5 0.376471 0.5 0 0
3580 0.0994273 0 33.5 0.372549 0.5 0 0
3590 0.0994273 0 33.5 0.372549 0.5 0 0
3600 0.0987417 0 33.5 0.368627 0.5 0 0
3610 0.0987417 0 33.5 0.368627 0.5 0 0
3620 0.0974556 0 33.5 0.368627 0.5 0 0
3630 0.0974556 0 33.5 0.368627 0.5 0 0
3640 0.0971073 0 33.5 0.368627 0.5 0 0
3650 0.0971073 0 33.5 0.372549 0.5 0 0
3660 0.0966917 0 33.5 0.368627 0.5 0 0
3670 0.0966917 0 33.5 0.372549 0.5 0 0
3680 0.0960168 0 33.5 0.372549 0.5 0 0
3690 0.0960168 0 33.5 0.372549 0.5 0 0
3700 0.0961462 0 33.5 0.368627 0.5 0 0
3710 0.0961462 0 33.5 0.368627 0.5 0 0
3720 0.0968573 0 33.5 0.368627 0.5 0 0
3730 0.0968573 0 33.5 0.368627 0.5 0 0
3740 0.0976821 0 33.5 0.368627 0.5 0 0
3750 0.0976821 0 33.5 0.372549 0.5 0 0
3760 0.0979347 0 33.5 0.372549 0.5 0 0
3770 0.0979347 0 33.5 0.372549 0.5 0 0
3780 0.0980348 0 33.5 0.372549 0.5 0 0
3790 0.0980348 0 33.5 0.372549 0.5 0 0
3800 0.0980171 0 33.5 0.372549 0.5 0 0
3810 0.0980171 0 33.5 0.368627 0.5 0 0
3820 0.0977116 0 33.5 0.364706 0.5 0 0
3830 0.0977116 0 33.5 0.364706 0.5 0 0
3840 0.0962787 0 33.5 0.360784 0.5 0 0
3850 0.0962787 0 33.5 0.360784 0.5 0 0
3860 0.0953941 0 33.5 0.360784 0.5 0 0
3870 0.0953941 0 33.5 0.360784 0.5 0 0
3880 0.0952533 0 33.5 0.364706 0.5 0 0
3890 0.0952533 0 33.5 0.364706 0.5 0 0
3900 0.0955828 0 33.5 0.368627 0.5 0 0
3910 0.0955828 0 33.5 0.368627 0.5 0 0
3920 0.0956663 0 33.5 0.368627 0.5 0 0
3930 0.0956663 0 33.5 0.360784 0.5 0 0
3940 0.0946636 0 33.5 0.356863 0.5 0 0
3950 0.0946636 0 33.5 0.356863 0.5 0 0
3960 0.0935537 0 33.5 0.356863 0.5 0 0
3970 0.0935537 0 33.5 0.356863 0.5 0 0
3980 0.093159 0 33.5 0.360784 0.5 0 0
3990 0.093159 0 33.5 0.360784 0.5 0 0
4000 0.093293 0 33.5 0.360784 0.5 0 0
4010 0.093293 0 33.5 0.356863 0.5 0 0
4020 0.092744 0 33.5 0.356863 0.5 0 0
4030 0.092744 0 33.5 0.356863 0.5 0 0
4040 0.0915373 0 33.5 0.352941 0.5 0 0
4050 0.0915373 0 33.5 0.352941 0.5 0 0
4060 0.0906782 0 33.5 0.356863 0.5 0 0
4070 0.0906782 0 33.5 0.356863 0.5 0 0
4080 0.090102 0 33.5 0.356863 0.5 0 0
4090 0.090102 0 33.5 0.356863 0.5 0 0
4100 0.0900976 0 33.5 0.356863 0.5 0 0
4110 0.0900976 0 33.5 0.356863 0.5 0 0
4120 0.0904656 0 33.5 0.356863 0.5 0 0
4130 0.0904656 0 33.5 0.356863 0.5 0 0
4140 0.0906114 0 33.5 0.356863 0.5 0 0
4150 0.0906114 0 33.5 0.356863 0.5 0 0
4160 0.0904071 0 33.5 0.356863 0.5 0 0
4170 0.0904071 0 33.5 0.356863 0.5 0 0
4180 0.0910578 0 33.5 0.356863 0.5 0 0
4190 0.0910578 0 33.5 0.356863 0.5 0 0
4200 0.0922332 0 33.5 0.356863 0.5 0 0
4210 0.0922332 0 33.5 0.356863 0.5 0 0
4220 0.0932464 0 33.5 0.356863 0.5 0 0
4230 0.0932464 0 33.5 0.360784 0.5 0 0
4240 0.0936756 0 33.5 0.360784 0.5 0 0
4250 0.0936756 0 33.5 0.360784 0.5 0 0
4260 0.0937733 0 33.5 0.360784 0.5 0 0
4270 0.0937733 0 33.5 0.360784 0.5 0 0
4280 0.0937744 0 33.5 0.360784 0.5 0 0
4290 0.0937744 0 33.5 0.360784 0.5 0 0
4300 0.0934922 0 33.5 0.356863 0.5 0 0
4310 0.0934922 0 33.5 0.356863 0.5 0 0
4320 0.0929029 0 33.5 0.352941 0.5 0 0
4330 0.0929029 0 33.5 0.352941 0.5 0 0
4340 0.0919141 0 33.5 0.356863 0.5 0 0
4350 0.0919141 0 33.5 0.356863 0.5 0 0
4360 0.0919999 0 33.5 0.356863 0.5 0 0
4370 0.0919999 0 33.5 0.356863 0.5 0 0
4380 0.0917747 0 33.5 0.356863 0.5 0 0
4390 0.0917747 0 33.5 0.356863 0.5 0 0
4400 0.0905815 0 33.5 0.352941 0.5 0 0
4410 0.0905815 0 33.5 0.345098 0.5 0 0
4420 0.0891025 0 33.5 0.345098 0.5 0 0
4430 0.0891025 0 33.5 0.345098 0.5 0 0
4440 0.0891105 0 33.5 0.34902 0.5 0 0
4450 0.0891105 0 33.5 0.34902 0.5 0 0
4460 0.0886011 0 33.5 0.34902 0.5 0 0
4470 0.0886011 0 33.5 0.34902 0.5 0 0
4480 0.0885544 0 33.5 0.34902 0.5 0 0
4490 0.0885544 0 33.5 0.34902 0.5 0 0
4500 0.0888548 0 33.5 0.345098 0.5 0 0
4510 0.0888548 0 33.5 0.345098 0.5 0 0
4520 0.0878433 0 33.5 0.341176 0.5 0 0
4530 0.0878433 0 33.5 0.341176 0.5 0 0
4540 0.0870595 0 33.5 0.341176 0.5 0 0
4550 0.0870595 0 33.5 0.341176 0.5 0 0
4560 0.0866794 0 33.5 0.341176 0.5 0 0
4570 0.0866794 0 33.5 0.337255 0.5 0 0
4580 0.0859558 0 33.5 0.337255 0.5 0 0
4590 0.0859558 0 33.5 0.333333 0.5 0 0
4600 0.08461 0.166667 33.6667 0.333333 0.5 0 0
4610 0.08461 0.166667 33.6667 0.333333 0.5 0 0
4620 0.0834915 0.166667 33.8333 0.337255 0.5 0 0
4630 0.0834915 0.166667 33.8333 0.333333 0.5 0 0
4640 0.0832144 0.166667 34 0.333333 0.5 0 0
4650 0.0832144 0.166667 34 0.337255 0.5 0 0
4660 0.0828973 0.166667 34.1667 0.337255 0.5 0 0
4670 0.0828973 0.166667 34.1667 0.337255 0.5 0 0
4680 0.0821785 0.166667 34.3333 0.333333 0.5 0 0
4690 0.0821785 0.166667 34.3333 0.333333 0.5 0 0
4700 0.0817013 0 34.3333 0.333333 0.5 0 0
4710 0.0817013 0 34.3333 0.333333 0.5 0 0
4720 0.0816442 0 34.3333 0.333333 0.5 0 0
4730 0.0816442 0 34.3333 0.333333 0.5 0 0
4740 0.0823342 0 34.3333 0.32549 0.5 0 0
4750 0.0823342 0 34.3333 0.329412 0.5 0 0
4760 0.0833237 0 34.3333 0.333333 0.5 0 0
4770 0.0833237 0 34.3333 0.337255 0.5 0 0
4780 0.0829994 0 34.3333 0.341176 0.5 0 0
4790 0.0829994 0 34.3333 0.341176 0.5 0 0
4800 0.0829934 0 34.3333 0.341176 0.5 0 0
4810 0.0829934 0 34.3333 0.341176 0.5 0 0
4820 0.0828041 0 34.3333 0.345098 0.5 0 0
4830 0.0828041 0 34.3333 0.345098 0.5 0 0
4840 0.0821142 0 34.3333 0.345098 0.5 0 0
4850 0.0821142 0 34.3333 0.341176 0.5 0 0
4860 0.0809427 0 34.3333 0.333333 0.5 0 0
4870 0.0809427 0 34.3333 0.32549 0.5 0 0
4880 0.0800948 0 34.3333 0.32549 0.5 0 0
4890 0.0800948 0 34.3333 0.32549 0.5 0 0
4900 0.0776977 0 34.3333 0.32549 0.5 0 0
4910 0.0776977 0 34.3333 0.32549 0.5 0 0
4920 0.0774129 0 34.3333 0.32549 0.5 0 0
4930 0.0774129 0 34.3333 0.32549 0.5 0 0
4940 0.0778794 0 34.3333 0.32549 0.5 0 0
4950 0.0778794 0 34.3333 0.329412 0.5 0 0
4960 0.0791397 0 34.3333 0.329412 0.5 0 0
4970 0.0791397 0 34.3333 0.329412 0.5 0 0
4980 0.0785726 0 34.3333 0.329412 0.5 0 0
4990 0.0785726 0 34.3333 0.329412 0.5 0 0
5000 0.0782722 0 34.3333 0.329412 0.5 0 0
5010 0.0782722 0 34.3333 0.329412 0.5 0 0
5020 0.0776646 0 34.3333 0.32549 0.5 0 0
5030 0.0776646 0 34.3333 0.317647 0.5 0 0
5040 0.0763047 0 34.3333 0.32549 0.5 0 0
5050 0.0763047 0 34.3333 0.32549 0.5 0 0
5060 0.0755414 0 34.3333 0.321569 0.5 0 0
5070 0.0755414 0 34.3333 0.32549 0.5 0 0
5080 0.0753254 0 34.3333 0.32549 0.5 0 0
5090 0.0753254 0 34.3333 0.32549 0.5 0 0
5100 0.0750412 0 34.3333 0.321569 0.5 0 0
5110 0.0750412 0 34.3333 0.329412 0.5 0 0
5120 0.0755479 0 34.3333 0.32549 0.5 0 0
5130 0.0755479 0 34.3333 0.321569 0.5 0 0
5140 0.0744676 0 34.3333 0.32549 0.5 0 0
5150 0.0744676 0 34.3333 0.32549 0.5 0 0
5160 0.0740065 0 34.3333 0.32549 0.5 0 0
5170 0.0740065 0 34.3333 0.32549 0.5 0 0
5180 0.074466 0 34.3333 0.32549 0.5 0 0
5190 0.074466 0 34.3333 0.32549 0.5 0 0
5200 0.0749562 0 34.3333 0.32549 0.5 0 0
5210 0.0749562 0 34.3333 0.329412 0.5 0 0
5220 0.0752382 0 34.3333 0.329412 0.5 0 0
5230 0.0752382 0 34.3333 0.333333 0.5 0 0
5240 0.0753064 0 34.3333 0.329412 0.5 0 0
5250 0.0753064 0 34.3333 0.333333 0.5 0 0
5260 0.0752406 0 34.3333 0.333333 0.5 0 0
5270 0.0752406 0 34.3333 0.333333 0.5 0 0
5280 0.0744528 0 34.3333 0.32549 0.5 0 0
5290 0.0744528 0 34.3333 0.313725 0.5 0 0
5300 0.073706 0 34.3333 0.309804 0.5 0 0
5310 0.073706 0 34.3333 0.305882 0.5 0 0
5320 0.0720516 0 34.3333 0.309804 0.5 0 0
5330 0.0720516 0 34.3333 0.309804 0.5 0 0
5340 0.0711474 0 34.3333 0.305882 0.5 0 0
5350 0.0711474 0 34.3333 0.305882 0.5 0 0
5360 0.0714589 0 34.3333 0.301961 0.5 0 0
5370 0.0714589 0 34.3333 0.313725 0.5 0 0
5380 0.0707218 0 34.3333 0.313725 0.5 0 0
5390 0.0707218 0 34.3333 0.317647 0.5 0 0
5400 0.070885 0 34.3333 0.313725 0.5 0 0
5410 0.070885 0 34.3333 0.345098 0.5 0 0
5420 0.0709857 0 34.3333 0.341176 0.5 0 0
5430 0.0709857 0 34.3333 0.352941 0.5 0 0
5440 0.0702758 0 34.3333 0.317647 0.5 0 0
5450 0.0702758 0 34.3333 0.321569 0.5 0 0
5460 0.0692623 0 34.3333 0.301961 0.5 0 0
5470 0.0692623 0 34.3333 0.301961 0.5 0 0
5480 0.0677875 0 34.3333 0.301961 0.5 0 0
5490 0.0677875 0 34.3333 0.301961 0.5 0 0
5500 0.0673548 0 34.3333 0.305882 0.5 0 0
5510 0.0673548 0 34.3333 0.305882 0.5 0 0
5520 0.0675907 0 34.3333 0.305882 0.5 0 0
5530 0.0675907 0 34.3333 0.309804 0.5 0 0
5540 0.0681136 0 34.3333 0.309804 0.5 0 0
5550 0.0681136 0 34.3333 0.309804 0.5 0 0
5560 0.0689949 0.166667 34.5 0.309804 0.5 0 0
5570 0.0689949 0.166667 34.5 0.309804 0.5 0 0
5580 0.0697921 0.166667 34.6667 0.309804 0.5 0 0
5590 0.0697921 0.166667 34.6667 0.313725 0.5 0 0
5600 0.0698196 0.166667 34.8333 0.317647 0.5 0 0
5610 0.0698196 0.166667 34.8333 0.317647 0.5 0 0
5620 0.0698304 0.166667 35 0.317647 0.5 0 0
5630 0.0698304 0.166667 35 0.313725 0.5 0 0
5640 0.0698304 0.166667 35.1667 0.317647 0.5 0 0
5650 0.0698304 0.166667 35.1667 0.317647 0.5 0 0
5660 0.0698268 0.166667 35.3333 0.313725 0.5 0 0
5670 0.0698268 0.166667 35.3333 0.313725 0.5 0 0
5680 0.0698214 0.25 35.5833 0.313725 0.5 0 0
5690 0.0698214 0.25 35.5833 0.317647 0.5 0 0
5700 0.0697084 0.25 35.8333 0.313725 0.5 0 0
5710 0.0697084 0.25 35.8333 0.309804 0.5 0 0
5720 0.0694211 0.25 36.0833 0.309804 0.5 0 0
5730 0.0694211 0.25 36.0833 0.309804 0.5 0 0
5740 0.0691331 0.25 36.3333 0.305882 0.5 0 0
5750 0.0691331 0.25 36.3333 0.305882 0.5 0 0
5760 0.0688873 0.25 36.5833 0.305882 0.5 0 0
5770 0.0688873 0.25 36.5833 0.301961 0.5 0 0
5780 0.0686373 0.416667 37 0.301961 0.5 0 0
5790 0.0686373 0.416667 37 0.301961 0.5 0 0
5800 0.0684117 0.333333 37.3333 0.298039 0.5 0 0
5810 0.0684117 0.333333 37.3333 0.298039 0.5 0 0
5820 0.0683862 0.416667 37.75 0.298039 0.5 0 0
5830 0.0683862 0.416667 37.75 0.298039 0.5 0 0
5840 0.068395 0.416667 38.1667 0.298039 0.5 0 0
5850 0.068395 0.416667 38.1667 0.298039 0.5 0 0
5860 0.0684043 0.416667 38.5833 0.298039 0.5 0 0
5870 0.0684043 0.416667 38.5833 0.298039 0.5 0 0
5880 0.0684137 0.416667 39 0.298039 0.5 0 0
5890 0.0684137 0.416667 39 0.298039 0.5 0 0
5900 0.0684234 0.416667 39.4167 0.298039 0.5 0 0
5910 0.0684234 0.416667 39.4167 0.298039 0.5 0 0
5920 0.0684305 0.416667 39.8333 0.298039 0.5 0 0
5930 0.0684305 0.416667 39.8333 0.298039 0.5 0 0
5940 0.0683581 0.416667 40.25 0.298039 0.5 0 0
5950 0.0683581 0.416667 40.25 0.298039 0.5 0 0
5960 0.0682762 0.416667 40.6667 0.298039 0.5 0 0
5970 0.0682762 0.416667 40.6667 0.298039 0.5 0 0
5980 0.0682108 0.416667 41.0833 0.294118 0.5 0 0
5990 0.0682108 0.416667 41.0833 0.298039 0.5 0 0
6000 0.0676446 0.333333 41.4167 0.298039 0.5 0 0
6010 0.0676446 0.333333 41.4167 0.298039 0.5 0 0
6020 0.0673681 0.333333 41.75 0.298039 0.5 0 0
6030 0.0673681 0.333333 41.75 0.294118 0.5 0 0
6040 0.0671051 0.333333 42.0833 0.298039 0.5 0 0
6050 0.0671051 0.333333 42.0833 0.298039 0.5 0 0
6060 0.0664369 0.333333 42.4167 0.298039 0.5 0 0
6070 0.0664369 0.333333 42.4167 0.298039 0.5 0 0
6080 0.0663905 0.333333 42.75 0.298039 0.5 0 0
6090 0.0663905 0.333333 42.75 0.298039 0.5 0 0
6100 0.0663114 0.25 43 0.294118 0.5 0 0
6110 0.0663114 0.25 43 0.294118 0.5 0 0
6120 0.0659624 0.25 43.25 0.294118 0.5 0 0
6130 0.0659624 0.25 43.25 0.290196 0.5 0 0
6140 0.0656061 0.333333 43.5833 0.290196 0.5 0 0
6150 0.0656061 0.333333 43.5833 0.290196 0.5 0 0
6160 0.0653535 0.333333 43.9167 0.294118 0.5 0 0
6170 0.0653535 0.333333 43.9167 0.294118 0.5 0 0
6180 0.0654374 0.333333 44.25 0.294118 0.5 0 0
6190 0.0654374 0.333333 44.25 0.290196 0.5 0 0
6200 0.0653212 0.333333 44.5833 0.290196 0.5 0 0
6210 0.0653212 0.333333 44.5833 0.294118 0.5 0 0
6220 0.0653815 0.5 45.0833 0.290196 0.5 0 0
6230 0.0653815 0.5 45.0833 0.290196 0.5 0 0
6240 0.0651475 0.5 45.5833 0.290196 0.5 0 0
6250 0.0651475 0.5 45.5833 0.290196 0.5 0 0
6260 0.0651431 0.5 46.0833 0.290196 0.5 0 0
6270 0.0651431 0.5 46.0833 0.290196 0.5 0 0
6280 0.065168 0.5 46.5833 0.290196 0.5 0 0
6290 0.065168 0.5 46.5833 0.290196 0.5 0 0
6300 0.0652551 0.5 47.0833 0.290196 0.5 0 0
6310 0.0652551 0.5 47.0833 0.290196 0.5 0 0
6320 0.0653385 0.5 47.5833 0.290196 0.5 0 0
6330 0.0653385 0.5 47.5833 0.290196 0.5 0 0
6340 0.0655572 0.333333 47.9167 0.294118 0.5 0 0
6350 0.0655572 0.333333 47.9167 0.294118 0.5 0 0
6360 0.065904 0.333333 48.25 0.298039 0.5 0 0
6370 0.065904 0.333333 48.25 0.298039 0.5 0 0
6380 0.0657428 0.333333 48.5833 0.298039 0.5 0 0
6390 0.0657428 0.333333 48.5833 0.305882 0.5 0 0
6400 0.0656737 0.416667 49 0.305882 0.5 0 0
6410 0.0656737 0.416667 49 0.305882 0.5 0 0
6420 0.0651556 0.416667 49.4167 0.298039 0.5 0 0
6430 0.0651556 0.416667 49.4167 0.282353 0.5 0 0
6440 0.0641779 0.416667 49.8333 0.298039 0.5 0 0
6450 0.0641779 0.416667 49.8333 0.305882 0.5 0 0
6460 0.0635119 0.333333 50.1667 0.313725 0.5 0 0
6470 0.0635119 0.333333 50.1667 0.313725 0.5 0 0
6480 0.0632164 0.333333 50.5 0.298039 0.5 0 0
6490 0.0632164 0.333333 50.5 0.286275 0.5 0 0
6500 0.0623811 0.333333 50.8333 0.282353 0.5 0 0
6510 0.0623811 0.333333 50.8333 0.282353 0.5 0 0
6520 0.0613618 0.333333 51.1667 0.290196 0.5 0 0
6530 0.0613618 0.333333 51.1667 0.298039 0.5 0 0
6540 0.0610916 0.333333 51.5 0.298039 0.5 0 0
6550 0.0610916 0.333333 51.5 0.294118 0.5 0 0
6560 0.0610997 0.333333 51.8333 0.290196 0.5 0 0
6570 0.0610997 0.333333 51.8333 0.294118 0.5 0 0
6580 0.0610249 0.333333 52.1667 0.290196 0.5 0 0
6590 0.0610249 0.333333 52.1667 0.298039 0.5 0 0
6600 0.0606258 0.333333 52.5 0.298039 0.5 0 0
6610 0.0606258 0.333333 52.5 0.305882 0.5 0 0
6620 0.0607154 0.333333 52.8333 0.305882 0.5 0 0
6630 0.0607154 0.333333 52.8333 0.301961 0.5 0 0
6640 0.0608134 0.25 53.0833 0.298039 0.5 0 0
6650 0.0608134 0.25 53.0833 0.290196 0.5 0 0
6660 0.0609829 0.25 53.3333 0.290196 0.5 0 0
6670 0.0609829 0.25 53.3333 0.294118 0.5 0 0
6680 0.0609916 0.25 53.5833 0.282353 0.5 0 0
6690 0.0609916 0.25 53.5833 0.286275 0.5 0 0
6700 0.0611983 0.25 53.8333 0.286275 0.5 0 0
6710 0.0611983 0.25 53.8333 0.282353 0.5 0 0
6720 0.0613623 0.25 54.0833 0.286275 0.5 0 0
6730 0.0613623 0.25 54.0833 0.282353 0.5 0 0
6740 0.0614725 0.25 54.3333 0.282353 0.5 0 0
6750 0.0614725 0.25 54.3333 0.282353 0.5 0 0
6760 0.061585 0.25 54.5833 0.282353 0.5 0 0
6770 0.061585 0.25 54.5833 0.278431 0.5 0 0
6780 0.0616847 0.25 54.8333 0.278431 0.5 0 0
6790 0.0616847 0.25 54.8333 0.278431 0.5 0 0
6800 0.0617805 0.25 55.0833 0.278431 0.5 0 0
6810 0.0617805 0.25 55.0833 0.282353 0.5 0 0
6820 0.0618685 0.25 55.3333 0.278431 0.5 0 0
6830 0.0618685 0.25 55.3333 0.282353 0.5 0 0
6840 0.0624026 0.0833333 55.4167 0.282353 0.5 0 0
6850 0.0624026 0.0833333 55.4167 0.282353 0.5 0 0
6860 0.0632064 0.0833333 55.5 0.286275 0.5 0 0
6870 0.0632064 0.0833333 55.5 0.286275 0.5 0 0
6880 0.0636202 0.25 55.75 0.290196 0.5 0 0
6890 0.0636202 0.25 55.75 0.294118 0.5 0 0
6900 0.0638774 0.25 56 0.294118 0.5 0 0
6910 0.0638774 0.25 56 0.298039 0.5 0 0
6920 0.0638779 0.25 56.25 0.294118 0.5 0 0
6930 0.0638779 0.25 56.25 0.298039 0.5 0 0
6940 0.0638779 0.25 56.5 0.294118 0.5 0 0
6950 0.0638779 0.25 56.5 0.298039 0.5 0 0
6960 0.0637787 0.25 56.75 0.294118 0.5 0 0
6970 0.0637787 0.25 56.75 0.286275 0.5 0 0
6980 0.062625 0.0833333 56.8333 0.278431 0.5 0 0
6990 0.062625 0.0833333 56.8333 0.270588 0.5 0 0
7000 0.061668 0.25 57.0833 0.270588 0.5 0 0
7010 0.061668 0.25 57.0833 0.27451 0.5 0 0
7020 0.0613666 0.25 57.3333 0.27451 0.5 0 0
7030 0.0613666 0.25 57.3333 0.27451 0.5 0 0
7040 0.0614781 0.333333 57.6667 0.270588 0.5 0 0
7050 0.0614781 0.333333 57.6667 0.270588 0.5 0 0
7060 0.0615429 0.416667 58.0833 0.266667 0.5 0 0
7070 0.0615429 0.416667 58.0833 0.266667 0.5 0 0
7080 0.0615131 0.5 58.5833 0.266667 0.5 0 0
7090 0.0615131 0.5 58.5833 0.266667 0.5 0 0
7100 0.0614825 0.5 59.0833 0.266667 0.5 0 0
7110 0.0614825 0.5 59.0833 0.266667 0.5 0 0
7120 0.0614528 0.5 59.5833 0.270588 0.5 0 0
7130 0.0614528 0.5 59.5833 0.266667 0.5 0 0
7140 0.0613857 0.583333 60.1667 0.270588 0.5 0 0
7150 0.0613857 0.583333 60.1667 0.266667 0.5 0 0
7160 0.0602623 0.5 60.6667 0.266667 0.5 0 0
7170 0.0602623 0.5 60.6667 0.266667 0.5 0 0
7180 0.0599188 0.5 61.1667 0.266667 0.5 0 0
7190 0.0599188 0.5 61.1667 0.266667 0.5 0 0
7200 0.0595759 0.5 61.6667 0.266667 0.5 0 0
7210 0.0595759 0.5 61.6667 0.266667 0.5 0 0
7220 0.0589039 0.5 62.1667 0.266667 0.5 0 0
7230 0.0589039 0.5 62.1667 0.262745 0.5 0 0
7240 0.0581505 0.333333 62.5 0.266667 0.5 0 0
7250 0.0581505 0.333333 62.5 0.266667 0.5 0 0
7260 0.0576678 0.333333 62.8333 0.262745 0.5 0 0
7270 0.0576678 0.333333 62.8333 0.266667 0.5 0 0
7280 0.0574318 0.333333 63.1667 0.266667 0.5 0 0
7290 0.0574318 0.333333 63.1667 0.266667 0.5 0 0
7300 0.0573949 0.333333 63.5 0.266667 0.5 0 0
7310 0.0573949 0.333333 63.5 0.266667 0.5 0 0
7320 0.0574163 0.333333 63.8333 0.266667 0.5 0 0
7330 0.0574163 0.333333 63.8333 0.266667 0.5 0 0
7340 0.0574536 0.333333 64.1667 0.262745 0.5 0 0
7350 0.0574536 0.333333 64.1667 0.266667 0.5 0 0
7360 0.057491 0.333333 64.5 0.266667 0.5 0 0
7370 0.057491 0.333333 64.5 0.262745 0.5 0 0
7380 0.0574163 0.333333 64.8333 0.262745 0.5 0 0
7390 0.0574163 0.333333 64.8333 0.262745 0.5 0 0
7400 0.0573606 0.333333 65.1667 0.262745 0.5 0 0
7410 0.0573606 0.333333 65.1667 0.262745 0.5 0 0
7420 0.0572397 0.333333 65.5 0.258824 0.5 0 0
7430 0.0572397 0.333333 65.5 0.258824 0.5 0 0
7440 0.0572146 0.333333 65.8333 0.258824 0.5 0 0
7450 0.0572146 0.333333 65.8333 0.262745 0.5 0 0
7460 0.0571391 0.333333 66.1667 0.262745 0.5 0 0
7470 0.0571391 0.333333 66.1667 0.262745 0.5 0 0
7480 0.057059 0.333333 66.5 0.266667 0.5 0 0
7490 0.057059 0.333333 66.5 0.266667 0.5 0 0
7500 0.0570324 0.5 67 0.266667 0.5 0 0
7510 0.0570324 0.5 67 0.266667 0.5 0 0
7520 0.0570175 0.5 67.5 0.270588 0.5 0 0
7530 0.0570175 0.5 67.5 0.266667 0.5 0 0
7540 0.0570068 0.5 68 0.266667 0.5 0 0
7550 0.0570068 0.5 68 0.270588 0.5 0 0
7560 0.0569968 0.5 68.5 0.266667 0.5 0 0
7570 0.0569968 0.5 68.5 0.270588 0.5 0 0
7580 0.0569372 0.333333 68.8333 0.27451 0.5 0 0
7590 0.0569372 0.333333 68.8333 0.27451 0.5 0 0
7600 0.0571422 0.333333 69.1667 0.262745 0.5 0 0
7610 0.0571422 0.333333 69.1667 0.262745 0.5 0 0
7620 0.0572061 0.333333 69.5 0.266667 0.5 0 0
7630 0.0572061 0.333333 69.5 0.262745 0.5 0 0
7640 0.0571084 0.333333 69.8333 0.262745 0.5 0 0
7650 0.0571084 0.333333 69.8333 0.266667 0.5 0 0
7660 0.0567512 0.333333 70.1667 0.262745 0.5 0 0
7670 0.0567512 0.333333 70.1667 0.27451 0.5 0 0
7680 0.0566584 0.333333 70.5 0.278431 0.5 0 0
7690 0.0566584 0.333333 70.5 0.278431 0.5 0 0
7700 0.0567253 0.333333 70.8333 0.27451 0.5 0 0
7710 0.0567253 0.333333 70.8333 0.278431 0.5 0 0
7720 0.0564563 0.333333 71.1667 0.278431 0.5 0 0
7730 0.0564563 0.333333 71.1667 0.27451 0.5 0 0
7740 0.0564114 0.333333 71.5 0.27451 0.5 0 0
7750 0.0564114 0.333333 71.5 0.27451 0.5 0 0
7760 0.0563429 0.333333 71.8333 0.270588 0.5 0 0
7770 0.0563429 0.333333 71.8333 0.278431 0.5 0 0
7780 0.0563459 0.333333 72.1667 0.270588 0.5 0 0
7790 0.0563459 0.333333 72.1667 0.270588 0.5 0 0
7800 0.0563484 0.333333 72.5 0.278431 0.5 0 0
7810 0.0563484 0.333333 72.5 0.270588 0.5 0 0
7820 0.0565001 0.583333 73.0833 0.27451 0.5 0 0
7830 0.0565001 0.583333 73.0833 0.278431 0.5 0 0
7840 0.0573113 0.583333 73.6667 0.27451 0.5 0 0
7850 0.0573113 0.583333 73.6667 0.278431 0.5 0 0
7860 0.0573158 0.666667 74.3333 0.278431 0.5 0 0
7870 0.0573158 0.666667 74.3333 0.27451 0.5 0 0
7880 0.0572966 0.666667 75 0.27451 0.5 0 0
7890 0.0572966 0.666667 75 0.27451 0.5 0 0
7900 0.0572966 0.666667 75.6667 0.27451 0.5 0 0
7910 0.0572966 0.666667 75.6667 0.27451 0.5 0 0
7920 0.0572966 0.583333 76.25 0.270588 0.5 0 0
7930 0.0572966 0.583333 76.25 0.270588 0.5 0 0
7940 0.0572966 0.583333 76.8333 0.27451 0.5 0 0
7950 0.0572966 0.583333 76.8333 0.270588 0.5 0 0
7960 0.0573611 0.583333 77.4167 0.27451 0.5 0 0
7970 0.0573611 0.583333 77.4167 0.270588 0.5 0 0
7980 0.0573612 0.5 77.9167 0.270588 0.5 0 0
7990 0.0573612 0.5 77.9167 0.270588 0.5 0 0
8000 0.0573612 0.583333 78.5 0.270588 0.5 0 0
8010 0.0573612 0.583333 78.5 0.27451 0.5 0 0
8020 0.0573612 0.583333 79.0833 0.27451 0.5 0 0
8030 0.0573612 0.583333 79.0833 0.266667 0.5 0 0
8040 0.0573612 0.5 79.5833 0.270588 0.5 0 0
8050 0.0573612 0.5 79.5833 0.278431 0.5 0 0
8060 0.0573612 0.5 80.0833 0.266667 0.5 0 0
8070 0.0573612 0.5 80.0833 0.270588 0.5 0 0
8080 0.0573617 0.5 80.5833 0.27451 0.5 0 0
8090 0.0573617 0.5 80.5833 0.27451 0.5 0 0
8100 0.0573771 0.5 81.0833 0.270588 0.5 0 0
8110 0.0573771 0.5 81.0833 0.27451 0.5 0 0
8120 0.0574029 0.583333 81.6667 0.27451 0.5 0 0
8130 0.0574029 0.583333 81.6667 0.270588 0.5 0 0
8140 0.057449 0.583333 82.25 0.27451 0.5 0 0
8150 0.057449 0.583333 82.25 0.278431 0.5 0 0
8160 0.0574774 0.583333 82.8333 0.27451 0.5 0 0
8170 0.0574774 0.583333 82.8333 0.270588 0.5 0 0
8180 0.0574605 0.75 83.5833 0.266667 0.5 0 0
8190 0.0574605 0.75 83.5833 0.27451 0.5 0 0
8200 0.0574028 0.75 84.3333 0.270588 0.5 0 0
8210 0.0574028 0.75 84.3333 0.270588 0.5 0 0
8220 0.057409 0.666667 85 0.278431 0.5 0 0
8230 0.057409 0.666667 85 0.270588 0.5 0 0
8240 0.0574157 0.666667 85.6667 0.27451 0.5 0 0
8250 0.0574157 0.666667 85.6667 0.27451 0.5 0 0
8260 0.0573982 0.75 86.4167 0.270588 0.5 0 0
8270 0.0573982 0.75 86.4167 0.270588 0.5 0 0
8280 0.0573953 0.833333 87.25 0.27451 0.5 0 0
8290 0.0573953 0.833333 87.25 0.27451 0.5 0 0
8300 0.0573964 0.833333 88.0833 0.270588 0.5 0 0
8310 0.0573964 0.833333 88.0833 0.27451 0.5 0 0
8320 0.0574021 0.833333 88.9167 0.270588 0.5 0 0
8330 0.0574021 0.833333 88.9167 0.27451 0.5 0 0
8340 0.0574421 0.916667 89.8333 0.27451 0.5 0 0
8350 0.0574421 0.916667 89.8333 0.270588 0.5 0 0
8360 0.0574414 0.916667 90.75 0.278431 0.5 0 0
8370 0.0574414 0.916667 90.75 0.27451 0.5 0 0
8380 0.0574348 0.75 91.5 0.270588 0.5 0 0
8390 0.0574348 0.75 91.5 0.27451 0.5 0 0
8400 0.0574315 0.833333 92.3333 0.278431 0.5 0 0
8410 0.0574315 0.833333 92.3333 0.270588 0.5 0 0
8420 0.0574307 0.833333 93.1667 0.278431 0.5 0 0
8430 0.0574307 0.833333 93.1667 0.27451 0.5 0 0
8440 0.0574331 0.833333 94 0.27451 0.5 0 0
8450 0.0574331 0.833333 94 0.27451 0.5 0 0
8460 0.0575207 0.833333 94.8333 0.278431 0.5 0 0
8470 0.0575207 0.833333 94.8333 0.270588 0.5 0 0
8480 0.0575244 0.666667 95.5 0.27451 0.5 0 0
8490 0.0575244 0.666667 95.5 0.27451 0.5 0 0
8500 0.0575148 0.833333 96.3333 0.270588 0.5 0 0
8510 0.0575148 0.833333 96.3333 0.266667 0.5 0 0
8520 0.0574962 0.75 97.0833 0.270588 0.5 0 0
8530 0.0574962 0.75 97.0833 0.270588 0.5 0 0
8540 0.0574889 0.666667 97.75 0.27451 0.5 0 0
8550 0.0574889 0.666667 97.75 0.278431 0.5 0 0
8560 0.0574885 0.666667 98.4167 0.266667 0.5 0 0
8570 0.0574885 0.666667 98.4167 0.27451 0.5 0 0
8580 0.0575132 0.583333 99 0.270588 0.5 0 0
8590 0.0575132 0.583333 99 0.27451 0.5 0 0
8600 0.0575018 0.583333 99.5833 0.270588 0.5 0 0
8610 0.0575018 0.583333 99.5833 0.278431 0.5 0 0
8620 0.0581003 0.583333 100.167 0.270588 0.5 0 0
8630 0.0581003 0.583333 100.167 0.278431 0.5 0 0
8640 0.0588936 0.5 100.667 0.278431 0.5 0 0
8650 0.0588936 0.5 100.667 0.286275 0.5 0 0
8660 0.059133 0.5 101.167 0.282353 0.5 0 0
8670 0.059133 0.5 101.167 0.27451 0.5 0 0
8680 0.0595075 0.5 101.667 0.286275 0.5 0 0
8690 0.0595075 0.5 101.667 0.27451 0.5 0 0
8700 0.0601146 0.5 102.167 0.278431 0.5 0 0
8710 0.0601146 0.5 102.167 0.282353 0.5 0 0
8720 0.0603487 0.5 102.667 0.282353 0.5 0 0
8730 0.0603487 0.5 102.667 0.27451 0.5 0 0
8740 0.0603515 0.5 103.167 0.282353 0.5 0 0
8750 0.0603515 0.5 103.167 0.278431 0.5 0 0
8760 0.0603233 0.333333 103.5 0.286275 0.5 0 0
8770 0.0603233 0.333333 103.5 0.282353 0.5 0 0
8780 0.0599723 0.333333 103.833 0.294118 0.5 0 0
8790 0.0599723 0.333333 103.833 0.294118 0.5 0 0
8800 0.0598919 0.583333 104.417 0.294118 0.5 0 0
8810 0.0598919 0.583333 104.417 0.290196 0.5 0 0
8820 0.059892 0.583333 105 0.286275 0.5 0 0
8830 0.059892 0.583333 105 0.278431 0.5 0 0
8840 0.0590368 0.583333 105.583 0.262745 0.5 0 0
8850 0.0590368 0.583333 105.583 0.262745 0.5 0 0
8860 0.0579416 0.583333 106.167 0.262745 0.5 0 0
8870 0.0579416 0.583333 106.167 0.262745 0.5 0 0
8880 0.0575838 0.583333 106.75 0.262745 0.5 0 0
8890 0.0575838 0.583333 106.75 0.262745 0.5 0 0
8900 0.0575167 0.75 107.5 0.262745 0.5 0 0
8910 0.0575167 0.75 107.5 0.262745 0.5 0 0
8920 0.0569188 0.833333 108.333 0.262745 0.5 0 0
8930 0.0569188 0.833333 108.333 0.262745 0.5 0 0
8940 0.0566197 0.833333 109.167 0.262745 0.5 0 0
8950 0.0566197 0.833333 109.167 0.262745 0.5 0 0
8960 0.0566065 0.75 109.917 0.262745 0.5 0 0
8970 0.0566065 0.75 109.917 0.262745 0.5 0 0
8980 0.056604 0.75 110.667 0.262745 0.5 0 0
8990 0.056604 0.75 110.667 0.262745 0.5 0 0
9000 0.056604 0.666667 111.333 0.262745 0.5 0 0
9010 0.056604 0.666667 111.333 0.262745 0.5 0 0
9020 0.056589 0.583333 111.917 0.262745 0.5 0 0
9030 0.056589 0.583333 111.917 0.262745 0.5 0 0
9040 0.056589 0.5 112.417 0.266667 0.5 0 0
9050 0.056589 0.5 112.417 0.262745 0.5 0 0
9060 0.056589 0.75 113.167 0.262745 0.5 0 0
9070 0.056589 0.75 113.167 0.262745 0.5 0 0
9080 0.056589 0.75 113.917 0.262745 0.5 0 0
9090 0.056589 0.75 113.917 0.262745 0.5 0 0
9100 0.0565881 0.833333 114.75 0.266667 0.5 0 0
9110 0.0565881 0.833333 114.75 0.262745 0.5 0 0
9120 0.0565464 0.666667 115.417 0.262745 0.5 0 0
9130 0.0565464 0.666667 115.417 0.262745 0.5 0 0
9140 0.0565292 0.833333 116.25 0.262745 0.5 0 0
9150 0.0565292 0.833333 116.25 0.262745 0.5 0 0
9160 0.0565293 0.833333 117.083 0.262745 0.5 0 0
9170 0.0565293 0.833333 117.083 0.262745 0.5 0 0
9180 0.0565293 0.75 117.833 0.262745 0.5 0 0
9190 0.0565293 0.75 117.833 0.262745 0.5 0 0
9200 0.0565304 0.916667 118.75 0.262745 0.5 0 0
9210 0.0565304 0.916667 118.75 0.262745 0.5 0 0
9220 0.0565588 0.916667 119.667 0.262745 0.5 0 0
9230 0.0565588 0.916667 119.667 0.262745 0.5 0 0
9240 0.0565338 0.833333 120.5 0.262745 0.5 0 0
9250 0.0565338 0.833333 120.5 0.262745 0.5 0 0
9260 0.0565041 0.916667 121.417 0.262745 0.5 0 0
9270 0.0565041 0.916667 121.417 0.262745 0.5 0 0
9280 0.056504 0.916667 122.333 0.262745 0.5 0 0
9290 0.056504 0.916667 122.333 0.262745 0.5 0 0
9300 0.056504 0.916667 123.25 0.262745 0.5 0 0
9310 0.056504 0.916667 123.25 0.262745 0.5 0 0
9320 0.056504 0.916667 124.167 0.262745 0.5 0 0
9330 0.056504 0.916667 124.167 0.262745 0.5 0 0
9340 0.056504 0.833333 125 0.262745 0.5 0 0
9350 0.056504 0.833333 125 0.262745 0.5 0 0
9360 0.056504 0.916667 125.917 0.262745 0.5 0 0
9370 0.056504 0.916667 125.917 0.262745 0.5 0 0
9380 0.0565007 0.916667 126.833 0.262745 0.5 0 0
9390 0.0565007 0.916667 126.833 0.262745 0.5 0 0
9400 0.056499 0.833333 127.667 0.262745 0.5 0 0
9410 0.056499 0.833333 127.667 0.262745 0.5 0 0
9420 0.056499 0.833333 128.5 0.262745 0.5 0 0
9430 0.056499 0.833333 128.5 0.262745 0.5 0 0
9440 0.056499 0.916667 129.417 0.262745 0.5 0 0
9450 0.056499 0.916667 129.417 0.262745 0.5 0 0
9460 0.056499 0.75 130.167 0.262745 0.5 0 0
9470 0.056499 0.75 130.167 0.262745 0.5 0 0
9480 0.0564738 0.916667 131.083 0.262745 0.5 0 0
9490 0.0564738 0.916667 131.083 0.262745 0.5 0 0
9500 0.0564392 0.75 131.833 0.262745 0.5 0 0
9510 0.0564392 0.75 131.833 0.262745 0.5 0 0
9520 0.0564388 0.916667 132.75 0.262745 0.5 0 0
9530 0.0564388 0.916667 132.75 0.262745 0.5 0 0
9540 0.0564388 0.916667 133.667 0.262745 0.5 0 0
9550 0.0564388 0.916667 133.667 0.262745 0.5 0 0
9560 0.0564388 0.916667 134.583 0.262745 0.5 0 0
9570 0.0564388 0.916667 134.583 0.262745 0.5 0 0
9580 0.0564367 0.916667 135.5 0.266667 0.5 0 0
9590 0.0564367 0.916667 135.5 0.262745 0.5 0 0
9600 0.056433 0.833333 136.333 0.262745 0.5 0 0
9610 0.056433 0.833333 136.333 0.262745 0.5 0 0
9620 0.056433 0.916667 137.25 0.262745 0.5 0 0
9630 0.056433 0.916667 137.25 0.262745 0.5 0 0
9640 0.056433 0.833333 138.083 0.262745 0.5 0 0
9650 0.056433 0.833333 138.083 0.262745 0.5 0 0
9660 0.056433 0.916667 139 0.262745 0.5 0 0
9670 0.056433 0.916667 139 0.262745 0.5 0 0
9680 0.0564327 1 140 0.262745 0.5 0 0
9690 0.0564327 1 140 0.262745 0.5 0 0
9700 0.0564291 1 141 0.262745 0.5 0 0
9710 0.0564291 1 141 0.262745 0.5 0 0
9720 0.0564278 0.916667 141.917 0.262745 0.5 0 0
9730 0.0564278 0.916667 141.917 0.262745 0.5 0 0
9740 0.0564255 0.916667 142.833 0.262745 0.5 0 0
9750 0.0564255 0.916667 142.833 0.262745 0.5 0 0
9760 0.0564255 0.833333 143.667 0.262745 0.5 0 0
9770 0.0564255 0.833333 143.667 0.262745 0.5 0 0
9780 0.0568965 0.833333 144.5 0.262745 0.5 0 0
9790 0.0568965 0.833333 144.5 0.262745 0.5 0 0
9800 0.0572978 0.75 145.25 0.262745 0.5 0 0
9810 0.0572978 0.75 145.25 0.262745 0.5 0 0
9820 0.0572889 0.833333 146.083 0.262745 0.5 0 0
9830 0.0572889 0.833333 146.083 0.262745 0.5 0 0
9840 0.0575734 0.833333 146.917 0.262745 0.5 0 0
9850 0.0575734 0.833333 146.917 0.262745 0.5 0 0
9860 0.0578895 0.833333 147.75 0.262745 0.5 0 0
9870 0.0578895 0.833333 147.75 0.262745 0.5 0 0
9880 0.0578977 0.916667 148.667 0.262745 0.5 0 0
9890 0.0578977 0.916667 148.667 0.262745 0.5 0 0
9900 0.0580405 0.916667 149.583 0.262745 0.5 0 0
9910 0.0580405 0.916667 149.583 0.270588 0.5 0 0
9920 0.0585238 0.833333 150.417 0.278431 0.5 0 0
9930 0.0585238 0.833333 150.417 0.27451 0.5 0 0
9940 0.0585576 0.916667 151.333 0.27451 0.5 0 0
9950 0.0585576 0.916667 151.333 0.27451 0.5 0 0
9960 0.0585559 0.916667 152.25 0.27451 0.5 0 0
9970 0.0585559 0.916667 152.25 0.278431 0.5 0 0
9980 0.058514 0.916667 153.167 0.278431 0.5 0 0
9990 0.058514 0.916667 153.167 0.27451 0.5 0 0
10000 0.0580912 0.833333 154 0.27451 0.5 0 0
10010 0.0580912 0.833333 154 0.262745 0.5 0 0
10020 0.0571891 0.833333 154.833 0.25098 0.5 0 0
10030 0.0571891 0.833333 154.833 0.247059 0.5 0 0
10040 0.0559076 0.833333 155.667 0.25098 0.5 0 0
10050 0.0559076 0.833333 155.667 0.254902 0.5 0 0
10060 0.0554918 0.833333 156.5 0.25098 0.5 0 0
10070 0.0554918 0.833333 156.5 0.254902 0.5 0 0
10080 0.0553687 0.833333 157.333 0.254902 0.5 0 0
10090 0.0553687 0.833333 157.333 0.254902 0.5 0 0
10100 0.0550745 0.75 158.083 0.254902 0.5 0 0
10110 0.0550745 0.75 158.083 0.254902 0.5 0 0
10120 0.0548008 0.75 158.833 0.254902 0.5 0 0
10130 0.0548008 0.75 158.833 0.254902 0.5 0 0
10140 0.0543535 0.75 159.583 0.254902 0.5 0 0
10150 0.0543535 0.75 159.583 0.254902 0.5 0 0
10160 0.0539774 0.666667 160.25 0.254902 0.5 0 0
10170 0.0539774 0.666667 160.25 0.254902 0.5 0 0
10180 0.0537579 0.666667 160.917 0.254902 0.5 0 0
10190 0.0537579 0.666667 160.917 0.25098 0.5 0 0
10200 0.0536264 0.583333 161.5 0.254902 0.5 0 0
10210 0.0536264 0.583333 161.5 0.254902 0.5 0 0
10220 0.0536157 0.666667 162.167 0.258824 0.5 0 0
10230 0.0536157 0.666667 162.167 0.254902 0.5 0 0
10240 0.0536141 0.666667 162.833 0.254902 0.5 0 0
10250 0.0536141 0.666667 162.833 0.25098 0.5 0 0
10260 0.0536141 0.666667 163.5 0.254902 0.5 0 0
10270 0.0536141 0.666667 163.5 0.254902 0.5 0 0
10280 0.0536141 0.833333 164.333 0.254902 0.5 0 0
10290 0.0536141 0.833333 164.333 0.25098 0.5 0 0
10300 0.0536131 0.75 165.083 0.25098 0.5 0 0
10310 0.0536131 0.75 165.083 0.254902 0.5 0 0
10320 0.0536097 0.75 165.833 0.254902 0.5 0 0
10330 0.0536097 0.75 165.833 0.254902 0.5 0 0
10340 0.05357 0.583333 166.417 0.254902 0.5 0 0
10350 0.05357 0.583333 166.417 0.254902 0.5 0 0
10360 0.0535533 0.75 167.167 0.254902 0.5 0 0
10370 0.0535533 0.75 167.167 0.25098 0.5 0 0
10380 0.0535533 0.833333 168 0.254902 0.5 0 0
10390 0.0535533 0.833333 168 0.25098 0.5 0 0
10400 0.0535533 0.833333 168.833 0.25098 0.5 0 0
10410 0.0535533 0.833333 168.833 0.254902 0.5 0 0
10420 0.0535529 0.916667 169.75 0.254902 0.5 0 0
10430 0.0535529 0.916667 169.75 0.25098 0.5 0 0
10440 0.0535504 0.916667 170.667 0.254902 0.5 0 0
10450 0.0535504 0.916667 170.667 0.254902 0.5 0 0
10460 0.0535491 0.916667 171.583 0.25098 0.5 0 0
10470 0.0535491 0.916667 171.583 0.254902 0.5 0 0
10480 0.0535481 0.833333 172.417 0.254902 0.5 0 0
10490 0.0535481 0.833333 172.417 0.25098 0.5 0 0
10500 0.0535481 0.916667 173.333 0.25098 0.5 0 0
10510 0.0535481 0.916667 173.333 0.254902 0.5 0 0
10520 0.0535481 0.916667 174.25 0.25098 0.5 0 0
10530 0.0535481 0.916667 174.25 0.254902 0.5 0 0
10540 0.0535471 0.916667 175.167 0.254902 0.5 0 0
10550 0.0535471 0.916667 175.167 0.25098 0.5 0 0
10560 0.0535448 0.833333 176 0.254902 0.5 0 0
10570 0.0535448 0.833333 176 0.254902 0.5 0 0
10580 0.0535448 0.5 176.5 0.254902 0.5 0 0
10590 0.0535448 0.5 176.5 0.258824 0.5 0 0
10600 0.0535448 0.5 177 0.254902 0.5 0 0
10610 0.0535448 0.5 177 0.254902 0.5 0 0
10620 0.0535448 0.5 177.5 0.25098 0.5 0 0
10630 0.0535448 0.5 177.5 0.254902 0.5 0 0
10640 0.0535444 0.5 178 0.254902 0.5 0 0
10650 0.0535444 0.5 178 0.254902 0.5 0 0
10660 0.0538886 0.5 178.5 0.254902 0.5 0 0
10670 0.0538886 0.5 178.5 0.254902 0.5 0 0
10680 0.0545196 0.916667 179.417 0.25098 0.5 0 0
10690 0.0545196 0.916667 179.417 0.247059 0.5 0 0
10700 0.0549485 0.916667 180.333 0.247059 0.5 0 0
10710 0.0549485 0.916667 180.333 0.25098 0.5 0 0
10720 0.055282 0.916667 181.25 0.258824 0.5 0 0
10730 0.055282 0.916667 181.25 0.262745 0.5 0 0
10740 0.0552826 0.75 182 0.262745 0.5 0 0
10750 0.0552826 0.75 182 0.258824 0.5 0 0
10760 0.0552706 0.75 182.75 0.262745 0.5 0 0
10770 0.0552706 0.75 182.75 0.262745 0.5 0 0
10780 0.0550121 0.75 183.5 0.25098 0.5 0 0
10790 0.0550121 0.75 183.5 0.239216 0.5 0 0
10800 0.0537468 0.75 184.25 0.239216 0.5 0 0
10810 0.0537468 0.75 184.25 0.239216 0.5 0 0
10820 0.0530722 0.75 185 0.235294 0.5 0 0
10830 0.0530722 0.75 185 0.235294 0.5 0 0
10840 0.0528027 0.75 185.75 0.231373 0.5 0 0
10850 0.0528027 0.75 185.75 0.227451 0.5 0 0
10860 0.0517389 0.75 186.5 0.239216 0.5 0 0
10870 0.0517389 0.75 186.5 0.247059 0.5 0 0
10880 0.0511651 0.916667 187.417 0.258824 0.5 0 0
10890 0.0511651 0.916667 187.417 0.254902 0.5 0 0
10900 0.0511386 0.916667 188.333 0.258824 0.5 0 0
10910 0.0511386 0.916667 188.333 0.25098 0.5 0 0
10920 0.0510434 0.75 189.083 0.262745 0.5 0 0
10930 0.0510434 0.75 189.083 0.254902 0.5 0 0
10940 0.0506782 0.666667 189.75 0.25098 0.5 0 0
10950 0.0506782 0.666667 189.75 0.25098 0.5 0 0
10960 0.0506364 0.666667 190.417 0.25098 0.5 0 0
10970 0.0506364 0.666667 190.417 0.25098 0.5 0 0
10980 0.0506208 0.666667 191.083 0.254902 0.5 0 0
10990 0.0506208 0.666667 191.083 0.258824 0.5 0 0
11000 0.0506208 0.5 191.583 0.25098 0.5 0 0
11010 0.0506208 0.5 191.583 0.25098 0.5 0 0
11020 0.0506208 0.583333 192.167 0.25098 0.5 0 0
11030 0.0506208 0.583333 192.167 0.247059 0.5 0 0
11040 0.0506196 0.75 192.917 0.254902 0.5 0 0
11050 0.0506196 0.75 192.917 0.25098 0.5 0 0
11060 0.0506172 0.75 193.667 0.25098 0.5 0 0
11070 0.0506172 0.75 193.667 0.254902 0.5 0 0
11080 0.0506163 0.833333 194.5 0.247059 0.5 0 0
11090 0.0506163 0.833333 194.5 0.25098 0.5 0 0
11100 0.0506163 0.833333 195.333 0.247059 0.5 0 0
11110 0.0506163 0.833333 195.333 0.247059 0.5 0 0
11120 0.0506163 0.833333 196.167 0.25098 0.5 0 0
11130 0.0506163 0.833333 196.167 0.254902 0.5 0 0
11140 0.0506033 0.666667 196.833 0.25098 0.5 0 0
11150 0.0506033 0.666667 196.833 0.25098 0.5 0 0
11160 0.0505979 0.666667 197.5 0.25098 0.5 0 0
11170 0.0505979 0.666667 197.5 0.25098 0.5 0 0
11180 0.0505963 0.75 198.25 0.258824 0.5 0 0
11190 0.0505963 0.75 198.25 0.25098 0.5 0 0
11200 0.050595 0.916667 199.167 0.254902 0.5 0 0
11210 0.050595 0.916667 199.167 0.254902 0.5 0 0
11220 0.050595 0.916667 200.083 0.254902 0.5 0 0
11230 0.050595 0.916667 200.083 0.25098 0.5 0 0
11240 0.050595 0.916667 201 0.25098 0.5 0 0
11250 0.050595 0.916667 201 0.25098 0.5 0 0
11260 0.050595 0.916667 201.917 0.254902 0.5 0 0
11270 0.050595 0.916667 201.917 0.25098 0.5 0 0
11280 0.0505928 0.916667 202.833 0.247059 0.5 0 0
11290 0.0505928 0.916667 202.833 0.254902 0.5 0 0
11300 0.0505919 0.833333 203.667 0.247059 0.5 0 0
11310 0.0505919 0.833333 203.667 0.247059 0.5 0 0
11320 0.0505909 0.916667 204.583 0.247059 0.5 0 0
11330 0.0505909 0.916667 204.583 0.25098 0.5 0 0
11340 0.0505909 0.916667 205.5 0.25098 0.5 0 0
11350 0.0505909 0.916667 205.5 0.25098 0.5 0 0
11360 0.0505909 0.916667 206.417 0.254902 0.5 0 0
11370 0.0505909 0.916667 206.417 0.254902 0.5 0 0
11380 0.0505903 0.916667 207.333 0.254902 0.5 0 0
11390 0.0505903 0.916667 207.333 0.243137 0.5 0 0
11400 0.0505875 0.916667 208.25 0.25098 0.5 0 0
11410 0.0505875 0.916667 208.25 0.247059 0.5 0 0
11420 0.050586 0.75 209 0.254902 0.5 0 0
11430 0.050586 0.75 209 0.258824 0.5 0 0
11440 0.0505855 0.75 209.75 0.25098 0.5 0 0
11450 0.0505855 0.75 209.75 0.25098 0.5 0 0
11460 0.0505855 0.75 210.5 0.25098 0.5 0 0
11470 0.0505855 0.75 210.5 0.25098 0.5 0 0
11480 0.0505855 0.833333 211.333 0.258824 0.5 0 0
11490 0.0505855 0.833333 211.333 0.254902 0.5 0 0
11500 0.0505814 0.833333 212.167 0.254902 0.5 0 0
11510 0.0505814 0.833333 212.167 0.25098 0.5 0 0
11520 0.0505776 0.833333 213 0.247059 0.5 0 0
11530 0.0505776 0.833333 213 0.25098 0.5 0 0
11540 0.0505762 0.833333 213.833 0.258824 0.5 0 0
11550 0.0505762 0.833333 213.833 0.247059 0.5 0 0
11560 0.0505762 0.833333 214.667 0.258824 0.5 0 0
11570 0.0505762 0.833333 214.667 0.247059 0.5 0 0
11580 0.0505762 0.833333 215.5 0.25098 0.5 0 0
11590 0.0505762 0.833333 215.5 0.247059 0.5 0 0
11600 0.0505755 1 216.5 0.258824 0.5 0 0
11610 0.0505755 1 216.5 0.254902 0.5 0 0
11620 0.0505716 1 217.5 0.258824 0.5 0 0
11630 0.0505716 1 217.5 0.25098 0.5 0 0
11640 0.0505698 1 218.5 0.254902 0.5 0 0
11650 0.0505698 1 218.5 0.247059 0.5 0 0
11660 0.0505688 1 219.5 0.258824 0.5 0 0
11670 0.0505688 1 219.5 0.254902 0.5 0 0
11680 0.0505688 1 220.5 0.25098 0.5 0 0
11690 0.0505688 1 220.5 0.25098 0.5 0 0
11700 0.0505688 1 221.5 0.258824 0.5 0 0
11710 0.0505688 1 221.5 0.25098 0.5 0 0
11720 0.0505669 0.916667 222.417 0.247059 0.5 0 0
11730 0.0505669 0.916667 222.417 0.258824 0.5 0 0
11740 0.0505642 0.916667 223.333 0.25098 0.5 0 0
11750 0.0505642 0.916667 223.333 0.254902 0.5 0 0
11760 0.0505619 0.833333 224.167 0.25098 0.5 0 0
11770 0.0505619 0.833333 224.167 0.25098 0.5 0 0
11780 0.0505615 0.75 224.917 0.25098 0.5 0 0
11790 0.0505615 0.75 224.917 0.247059 0.5 0 0
11800 0.0505611 0.916667 225.833 0.254902 0.5 0 0
11810 0.0505611 0.916667 225.833 0.25098 0.5 0 0
11820 0.0505611 0.916667 226.75 0.25098 0.5 0 0
11830 0.0505611 0.916667 226.75 0.25098 0.5 0 0
11840 0.0505574 0.916667 227.667 0.25098 0.5 0 0
11850 0.0505574 0.916667 227.667 0.25098 0.5 0 0
11860 0.0505548 0.916667 228.583 0.25098 0.5 0 0
11870 0.0505548 0.916667 228.583 0.254902 0.5 0 0
11880 0.0505527 0.916667 229.5 0.254902 0.5 0 0
11890 0.0505527 0.916667 229.5 0.25098 0.5 0 0
11900 0.0505522 0.916667 230.417 0.25098 0.5 0 0
11910 0.0505522 0.916667 230.417 0.25098 0.5 0 0
11920 0.0505518 0.916667 231.333 0.254902 0.5 0 0
11930 0.0505518 0.916667 231.333 0.25098 0.5 0 0
11940 0.05055 0.833333 232.167 0.247059 0.5 0 0
11950 0.05055 0.833333 232.167 0.258824 0.5 0 0
11960 0.0505484 0.916667 233.083 0.25098 0.5 0 0
11970 0.0505484 0.916667 233.083 0.254902 0.5 0 0
11980 0.050548 0.916667 234 0.25098 0.5 0 0
11990 0.050548 0.916667 234 0.258824 0.5 0 0
12000 0.0505465 0.833333 234.833 0.254902 0.5 0 0
12010 0.0505465 0.833333 234.833 0.243137 0.5 0 0
12020 0.050543 0.833333 235.667 0.254902 0.5 0 0
12030 0.050543 0.833333 235.667 0.254902 0.5 0 0
12040 0.0505402 0.833333 236.5 0.25098 0.5 0 0
12050 0.0505402 0.833333 236.5 0.25098 0.5 0 0
12060 0.0505385 0.833333 237.333 0.254902 0.5 0 0
12070 0.0505385 0.833333 237.333 0.254902 0.5 0 0
12080 0.0505351 0.833333 238.167 0.247059 0.5 0 0
12090 0.0505351 0.833333 238.167 0.25098 0.5 0 0
12100 0.050534 0.916667 239.083 0.25098 0.5 0 0
12110 0.050534 0.916667 239.083 0.247059 0.5 0 0
12120 0.050534 1 240.083 0.25098 0.5 0 0
12130 0.050534 1 240.083 0.247059 0.5 0 0
12140 0.050534 1 241.083 0.25098 0.5 0 0
12150 0.050534 1 241.083 0.258824 0.5 0 0
12160 0.050534 1 242.083 0.254902 0.5 0 0
12170 0.050534 1 242.083 0.25098 0.5 0 0
12180 0.0505321 0.833333 242.917 0.247059 0.5 0 0
12190 0.0505321 0.833333 242.917 0.254902 0.5 0 0
12200 0.0505265 1 243.917 0.254902 0.5 0 0
12210 0.0505265 1 243.917 0.247059 0.5 0 0
12220 0.0505263 1 244.917 0.254902 0.5 0 0
12230 0.0505263 1 244.917 0.254902 0.5 0 0
12240 0.0505263 1 245.917 0.247059 0.5 0 0
12250 0.0505263 1 245.917 0.254902 0.5 0 0
12260 0.0505263 1 246.917 0.258824 0.5 0 0
12270 0.0505263 1 246.917 0.254902 0.5 0 0
12280 0.0505263 0.916667 247.833 0.25098 0.5 0 0
12290 0.0505263 0.916667 247.833 0.25098 0.5 0 0
12300 0.0505253 0.916667 248.75 0.258824 0.5 0 0
12310 0.0505253 0.916667 248.75 0.25098 0.5 0 0
12320 0.0505233 0.916667 249.667 0.258824 0.5 0 0
12330 0.0505233 0.916667 249.667 0.25098 0.5 0 0
12340 0.0505165 0.833333 250.5 0.254902 0.5 0 0
12350 0.0505165 0.833333 250.5 0.25098 0.5 0 0
12360 0.0505165 0.833333 251.333 0.258824 0.5 0 0
12370 0.0505165 0.833333 251.333 0.25098 0.5 0 0
12380 0.0505165 0.916667 252.25 0.247059 0.5 0 0
12390 0.0505165 0.916667 252.25 0.25098 0.5 0 0
12400 0.0505165 0.916667 253.167 0.254902 0.5 0 0
12410 0.0505165 0.916667 253.167 0.254902 0.5 0 0
12420 0.0505165 0.916667 254.083 0.254902 0.5 0 0
12430 0.0505165 0.916667 254.083 0.25098 0.5 0 0
12440 0.0505165 0.916667 255 0.25098 0.5 0 0
12450 0.0505165 0.916667 255 0.25098 0.5 0 0
12460 0.0505152 0.916667 255.917 0.25098 0.5 0 0
12470 0.0505152 0.916667 255.917 0.247059 0.5 0 0
12480 0.050513 0.916667 256.833 0.254902 0.5 0 0
12490 0.050513 0.916667 256.833 0.25098 0.5 0 0
12500 0.050513 0.75 257.583 0.243137 0.5 0 0
12510 0.050513 0.75 257.583 0.247059 0.5 0 0
12520 0.050513 0.833333 258.417 0.25098 0.5 0 0
12530 0.050513 0.833333 258.417 0.247059 0.5 0 0
12540 0.050513 0.666667 259.083 0.25098 0.5 0 0
12550 0.050513 0.666667 259.083 0.25098 0.5 0 0
12560 0.050513 0.833333 259.917 0.258824 0.5 0 0
12570 0.050513 0.833333 259.917 0.25098 0.5 0 0
12580 0.050512 0.916667 260.833 0.254902 0.5 0 0
12590 0.050512 0.916667 260.833 0.254902 0.5 0 0
12600 0.050507 0.916667 261.75 0.243137 0.5 0 0
12610 0.050507 0.916667 261.75 0.25098 0.5 0 0
12620 0.0505068 1 262.75 0.254902 0.5 0 0
12630 0.0505068 1 262.75 0.25098 0.5 0 0
12640 0.0504944 1 263.75 0.25098 0.5 0 0
12650 0.0504944 1 263.75 0.254902 0.5 0 0
12660 0.050494 1 264.75 0.254902 0.5 0 0
12670 0.050494 1 264.75 0.247059 0.5 0 0
12680 0.050494 1 265.75 0.25098 0.5 0 0
12690 0.050494 1 265.75 0.254902 0.5 0 0
12700 0.050494 1 266.75 0.25098 0.5 0 0
12710 0.050494 1 266.75 0.254902 0.5 0 0
12720 0.050492 1 267.75 0.25098 0.5 0 0
12730 0.050492 1 267.75 0.254902 0.5 0 0
12740 0.0504914 0.916667 268.667 0.262745 0.5 0 0
12750 0.0504914 0.916667 268.667 0.254902 0.5 0 0
12760 0.0504896 0.833333 269.5 0.254902 0.5 0 0
12770 0.0504896 0.833333 269.5 0.25098 0.5 0 0
12780 0.0504864 0.833333 270.333 0.254902 0.5 0 0
12790 0.0504864 0.833333 270.333 0.254902 0.5 0 0
12800 0.0504863 0.833333 271.167 0.258824 0.5 0 0
12810 0.0504863 0.833333 271.167 0.25098 0.5 0 0
12820 0.0504848 0.833333 272 0.247059 0.5 0 0
12830 0.0504848 0.833333 272 0.25098 0.5 0 0
12840 0.0504839 0.833333 272.833 0.25098 0.5 0 0
12850 0.0504839 0.833333 272.833 0.247059 0.5 0 0
12860 0.0504829 0.916667 273.75 0.258824 0.5 0 0
12870 0.0504829 0.916667 273.75 0.258824 0.5 0 0
12880 0.0504807 0.916667 274.667 0.258824 0.5 0 0
12890 0.0504807 0.916667 274.667 0.25098 0.5 0 0
12900 0.0504758 0.916667 275.583 0.258824 0.5 0 0
12910 0.0504758 0.916667 275.583 0.254902 0.5 0 0
12920 0.0504755 0.916667 276.5 0.254902 0.5 0 0
12930 0.0504755 0.916667 276.5 0.258824 0.5 0 0
12940 0.0504747 0.916667 277.417 0.247059 0.5 0 0
12950 0.0504747 0.916667 277.417 0.258824 0.5 0 0
12960 0.0504724 0.916667 278.333 0.254902 0.5 0 0
12970 0.0504724 0.916667 278.333 0.247059 0.5 0 0
12980 0.0504702 1 279.333 0.25098 0.5 0 0
12990 0.0504702 1 279.333 0.254902 0.5 0 0
13000 0.0504681 1 280.333 0.25098 0.5 0 0
13010 0.0504681 1 280.333 0.247059 0.5 0 0
13020 0.0504648 1 281.333 0.254902 0.5 0 0
13030 0.0504648 1 281.333 0.243137 0.5 0 0
13040 0.0504627 1 282.333 0.254902 0.5 0 0
13050 0.0504627 1 282.333 0.254902 0.5 0 0
13060 0.050461 1 283.333 0.247059 0.5 0 0
13070 0.050461 1 283.333 0.25098 0.5 0 0
13080 0.0504591 1 284.333 0.258824 0.5 0 0
13090 0.0504591 1 284.333 0.25098 0.5 0 0
13100 0.050456 1 285.333 0.243137 0.5 0 0
13110 0.050456 1 285.333 0.254902 0.5 0 0
13120 0.0504532 1 286.333 0.254902 0.5 0 0
13130 0.0504532 1 286.333 0.254902 0.5 0 0
13140 0.0504355 1 287.333 0.25098 0.5 0 0
13150 0.0504355 1 287.333 0.258824 0.5 0 0
13160 0.0504342 1 288.333 0.247059 0.5 0 0
13170 0.0504342 1 288.333 0.25098 0.5 0 0
13180 0.0504342 1 289.333 0.262745 0.5 0 0
13190 0.0504342 1 289.333 0.25098 0.5 0 0
13200 0.0504337 1 290.333 0.254902 0.5 0 0
13210 0.0504337 1 290.333 0.254902 0.5 0 0
13220 0.0504336 1 291.333 0.25098 0.5 0 0
13230 0.0504336 1 291.333 0.254902 0.5 0 0
13240 0.0504324 1 292.333 0.25098 0.5 0 0
13250 0.0504324 1 292.333 0.247059 0.5 0 0
13260 0.0504269 1 293.333 0.254902 0.5 0 0
13270 0.0504269 1 293.333 0.254902 0.5 0 0
13280 0.0504252 1 294.333 0.25098 0.5 0 0
13290 0.0504252 1 294.333 0.25098 0.5 0 0
13300 0.0504251 1 295.333 0.254902 0.5 0 0
13310 0.0504251 1 295.333 0.254902 0.5 0 0
13320 0.0504237 1 296.333 0.258824 0.5 0 0
13330 0.0504237 1 296.333 0.254902 0.5 0 0
13340 0.0504222 1 297.333 0.25098 0.5 0 0
13350 0.0504222 1 297.333 0.254902 0.5 0 0
13360 0.0504179 1 298.333 0.254902 0.5 0 0
13370 0.0504179 1 298.333 0.247059 0.5 0 0
13380 0.0504118 1 299.333 0.254902 0.5 0 0
13390 0.0504118 1 299.333 0.258824 0.5 0 0
13400 0.0504091 1 300.333 0.254902 0.5 0 0
13410 0.0504091 1 300.333 0.25098 0.5 0 0
13420 0.0504074 1 301.333 0.25098 0.5 0 0
13430 0.0504074 1 301.333 0.25098 0.5 0 0
13440 0.0504067 1 302.333 0.247059 0.5 0 0
13450 0.0504067 1 302.333 0.254902 0.5 0 0
13460 0.0504067 1 303.333 0.247059 0.5 0 0
13470 0.0504067 1 303.333 0.254902 0.5 0 0
13480 0.0504036 1 304.333 0.254902 0.5 0 0
13490 0.0504036 1 304.333 0.25098 0.5 0 0
13500 0.0503979 1 305.333 0.254902 0.5 0 0
13510 0.0503979 1 305.333 0.258824 0.5 0 0
13520 0.0503966 1 306.333 0.258824 0.5 0 0
13530 0.0503966 1 306.333 0.258824 0.5 0 0
13540 0.0503936 1 307.333 0.254902 0.5 0 0
13550 0.0503936 1 307.333 0.258824 0.5 0 0
13560 0.0503934 1 308.333 0.258824 0.5 0 0
13570 0.0503934 1 308.333 0.258824 0.5 0 0
13580 0.0503929 0.916667 309.25 0.247059 0.5 0 0
13590 0.0503929 0.916667 309.25 0.258824 0.5 0 0
13600 0.0503858 0.916667 310.167 0.254902 0.5 0 0
13610 0.0503858 0.916667 310.167 0.247059 0.5 0 0
13620 0.0503837 0.916667 311.083 0.247059 0.5 0 0
13630 0.0503837 0.916667 311.083 0.258824 0.5 0 0
13640 0.0503792 0.833333 311.917 0.25098 0.5 0 0
13650 0.0503792 0.833333 311.917 0.254902 0.5 0 0
13660 0.0503791 1 312.917 0.25098 0.5 0 0
13670 0.0503791 1 312.917 0.254902 0.5 0 0
13680 0.0503791 1 313.917 0.247059 0.5 0 0
13690 0.0503791 1 313.917 0.247059 0.5 0 0
13700 0.0503781 1 314.917 0.25098 0.5 0 0
13710 0.0503781 1 314.917 0.254902 0.5 0 0
13720 0.0503752 1 315.917 0.254902 0.5 0 0
13730 0.0503752 1 315.917 0.254902 0.5 0 0
13740 0.0503747 0.833333 316.75 0.254902 0.5 0 0
13750 0.0503747 0.833333 316.75 0.25098 0.5 0 0
13760 0.0503718 0.916667 317.667 0.258824 0.5 0 0
13770 0.0503718 0.916667 317.667 0.247059 0.5 0 0
13780 0.0503717 0.916667 318.583 0.254902 0.5 0 0
13790 0.0503717 0.916667 318.583 0.254902 0.5 0 0
13800 0.0503717 1 319.583 0.25098 0.5 0 0
13810 0.0503717 1 319.583 0.258824 0.5 0 0
13820 0.050369 0.916667 320.5 0.258824 0.5 0 0
13830 0.050369 0.916667 320.5 0.258824 0.5 0 0
13840 0.0503669 1 321.5 0.247059 0.5 0 0
13850 0.0503669 1 321.5 0.258824 0.5 0 0
13860 0.0503658 1 322.5 0.247059 0.5 0 0
13870 0.0503658 1 322.5 0.254902 0.5 0 0
13880 0.0503646 1 323.5 0.254902 0.5 0 0
13890 0.0503646 1 323.5 0.247059 0.5 0 0
13900 0.050364 1 324.5 0.25098 0.5 0 0
13910 0.050364 1 324.5 0.254902 0.5 0 0
13920 0.0503631 1 325.5 0.25098 0.5 0 0
13930 0.0503631 1 325.5 0.247059 0.5 0 0
13940 0.0503607 0.916667 326.417 0.247059 0.5 0 0
13950 0.0503607 0.916667 326.417 0.254902 0.5 0 0
13960 0.0503579 1 327.417 0.258824 0.5 0 0
13970 0.0503579 1 327.417 0.254902 0.5 0 0
13980 0.0503579 0.916667 328.333 0.25098 0.5 0 0
13990 0.0503579 0.916667 328.333 0.254902 0.5 0 0
14000 0.0503526 0.916667 329.25 0.247059 0.5 0 0
14010 0.0503526 0.916667 329.25 0.258824 0.5 0 0
14020 0.0503521 1 330.25 0.247059 0.5 0 0
14030 0.0503521 1 330.25 0.254902 0.5 0 0
14040 0.0503508 1 331.25 0.25098 0.5 0 0
14050 0.0503508 1 331.25 0.258824 0.5 0 0
14060 0.0503493 1 332.25 0.258824 0.5 0 0
14070 0.0503493 1 332.25 0.254902 0.5 0 0
14080 0.0503471 1 333.25 0.254902 0.5 0 0
14090 0.0503471 1 333.25 0.25098 0.5 0 0
14100 0.0503453 1 334.25 0.254902 0.5 0 0
14110 0.0503453 1 334.25 0.25098 0.5 0 0
14120 0.0503434 1 335.25 0.254902 0.5 0 0
14130 0.0503434 1 335.25 0.258824 0.5 0 0
14140 0.0503429 1 336.25 0.25098 0.5 0 0
14150 0.0503429 1 336.25 0.25098 0.5 0 0
14160 0.0503415 0.916667 337.167 0.254902 0.5 0 0
14170 0.0503415 0.916667 337.167 0.25098 0.5 0 0
14180 0.0503403 0.916667 338.083 0.254902 0.5 0 0
14190 0.0503403 0.916667 338.083 0.25098 0.5 0 0
14200 0.0503393 0.916667 339 0.25098 0.5 0 0
14210 0.0503393 0.916667 339 0.258824 0.5 0 0
14220 0.0503369 0.916667 339.917 0.254902 0.5 0 0
14230 0.0503369 0.916667 339.917 0.25098 0.5 0 0
14240 0.050336 0.916667 340.833 0.25098 0.5 0 0
14250 0.050336 0.916667 340.833 0.254902 0.5 0 0
14260 0.0503342 0.916667 341.75 0.258824 0.5 0 0
14270 0.0503342 0.916667 341.75 0.25098 0.5 0 0
14280 0.0503332 0.916667 342.667 0.254902 0.5 0 0
14290 0.0503332 0.916667 342.667 0.25098 0.5 0 0
14300 0.0503308 0.916667 343.583 0.254902 0.5 0 0
14310 0.0503308 0.916667 343.583 0.262745 0.5 0 0
14320 0.0503296 0.666667 344.25 0.25098 0.5 0 0
14330 0.0503296 0.666667 344.25 0.254902 0.5 0 0
14340 0.0503273 0.833333 345.083 0.247059 0.5 0 0
14350 0.0503273 0.833333 345.083 0.25098 0.5 0 0
14360 0.0503254 0.916667 346 0.254902 0.5 0 0
14370 0.0503254 0.916667 346 0.247059 0.5 0 0
14380 0.0503253 0.916667 346.917 0.25098 0.5 0 0
14390 0.0503253 0.916667 346.917 0.25098 0.5 0 0
14400 0.0503245 0.916667 347.833 0.247059 0.5 0 0
14410 0.0503245 0.916667 347.833 0.25098 0.5 0 0
14420 0.0503216 0.916667 348.75 0.254902 0.5 0 0
14430 0.0503216 0.916667 348.75 0.254902 0.5 0 0
14440 0.050321 0.916667 349.667 0.258824 0.5 0 0
14450 0.050321 0.916667 349.667 0.25098 0.5 0 0
14460 0.0503202 0.916667 350.583 0.25098 0.5 0 0
14470 0.0503202 0.916667 350.583 0.262745 0.5 0 0
14480 0.0503177 0.916667 351.5 0.25098 0.5 0 0
14490 0.0503177 0.916667 351.5 0.254902 0.5 0 0
14500 0.0503167 0.916667 352.417 0.254902 0.5 0 0
14510 0.0503167 0.916667 352.417 0.25098 0.5 0 0
14520 0.0503153 0.916667 353.333 0.254902 0.5 0 0
14530 0.0503153 0.916667 353.333 0.254902 0.5 0 0
14540 0.0503127 0.75 354.083 0.247059 0.5 0 0
14550 0.0503127 0.75 354.083 0.25098 0.5 0 0
14560 0.050312 0.75 354.833 0.254902 0.5 0 0
14570 0.050312 0.75 354.833 0.25098 0.5 0 0
14580 0.0503097 0.75 355.583 0.243137 0.5 0 0
14590 0.0503097 0.75 355.583 0.254902 0.5 0 0
14600 0.0503085 0.75 356.333 0.258824 0.5 0 0
14610 0.0503085 0.75 356.333 0.247059 0.5 0 0
14620 0.0503085 0.666667 357 0.25098 0.5 0 0
14630 0.0503085 0.666667 357 0.254902 0.5 0 0
14640 0.0503082 0.416667 357.417 0.254902 0.5 0 0
14650 0.0503082 0.416667 357.417 0.258824 0.5 0 0
14660 0.0503028 0.666667 358.083 0.25098 0.5 0 0
14670 0.0503028 0.666667 358.083 0.258824 0.5 0 0
14680 0.0503027 0.833333 358.917 0.258824 0.5 0 0
14690 0.0503027 0.833333 358.917 0.25098 0.5 0 0
14700 0.0503027 0.833333 359.75 0.258824 0.5 0 0
14710 0.0503027 0.833333 359.75 0.239216 0.5 0 0
14720 0.0509971 0.833333 360.583 0.227451 0.5 0 0
14730 0.0509971 0.833333 360.583 0.235294 0.5 0 0
14740 0.0516199 0.833333 361.417 0.235294 0.5 0 0
14750 0.0516199 0.833333 361.417 0.235294 0.5 0 0
14760 0.052038 0.833333 362.25 0.239216 0.5 0 0
14770 0.052038 0.833333 362.25 0.247059 0.5 0 0
14780 0.0522408 0.75 363 0.247059 0.5 0 0
14790 0.0522408 0.75 363 0.25098 0.5 0 0
14800 0.0522389 0.75 363.75 0.25098 0.5 0 0
14810 0.0522389 0.75 363.75 0.247059 0.5 0 0
14820 0.0522389 0.416667 364.167 0.247059 0.5 0 0
14830 0.0522389 0.416667 364.167 0.25098 0.5 0 0
14840 0.0519449 0.416667 364.583 0.243137 0.5 0 0
14850 0.0519449 0.416667 364.583 0.227451 0.5 0 0
14860 0.0504578 0.416667 365 0.231373 0.5 0 0
14870 0.0504578 0.416667 365 0.231373 0.5 0 0
14880 0.0503182 0.583333 365.583 0.231373 0.5 0 0
14890 0.0503182 0.583333 365.583 0.231373 0.5 0 0
14900 0.050318 0.583333 366.167 0.235294 0.5 0 0
14910 0.050318 0.583333 366.167 0.235294 0.5 0 0
14920 0.0502891 0.583333 366.75 0.235294 0.5 0 0
14930 0.0502891 0.583333 366.75 0.231373 0.5 0 0
14940 0.050397 0.583333 367.333 0.227451 0.5 0 0
14950 0.050397 0.583333 367.333 0.227451 0.5 0 0
14960 0.0507766 0.416667 367.75 0.235294 0.5 0 0
14970 0.0507766 0.416667 367.75 0.235294 0.5 0 0
14980 0.0504787 0.25 368 0.235294 0.5 0 0
14990 0.0504787 0.25 368 0.239216 0.5 0 0
15000 0.0504103 0.416667 368.417 0.235294 0.5 0 0
15010 0.0504103 0.416667 368.417 0.231373 0.5 0 0
15020 0.0499341 0.666667 369.083 0.227451 0.5 0 0
15030 0.0499341 0.666667 369.083 0.215686 0.5 0 0
15040 0.048666 0.666667 369.75 0.211765 0.5 0 0
15050 0.048666 0.666667 369.75 0.219608 0.5 0 0
15060 0.0480932 0.666667 370.417 0.223529 0.5 0 0
15070 0.0480932 0.666667 370.417 0.223529 0.5 0 0
15080 0.0487846 0.666667 371.083 0.215686 0.5 0 0
15090 0.0487846 0.666667 371.083 0.215686 0.5 0 0
15100 0.0493315 0.666667 371.75 0.219608 0.5 0 0
15110 0.0493315 0.666667 371.75 0.223529 0.5 0 0
15120 0.0495524 0.666667 372.417 0.231373 0.5 0 0
15130 0.0495524 0.666667 372.417 0.231373 0.5 0 0
15140 0.0491225 0.75 373.167 0.231373 0.5 0 0
15150 0.0491225 0.75 373.167 0.231373 0.5 0 0
15160 0.0490905 0.75 373.917 0.227451 0.5 0 0
15170 0.0490905 0.75 373.917 0.231373 0.5 0 0
15180 0.0490905 0.75 374.667 0.231373 0.5 0 0
15190 0.0490905 0.75 374.667 0.227451 0.5 0 0
15200 0.047772 0.75 375.417 0.207843 0.5 0 0
15210 0.047772 0.75 375.417 0.203922 0.5 0 0
15220 0.0468739 0.75 376.167 0.203922 0.5 0 0
15230 0.0468739 0.75 376.167 0.207843 0.5 0 0
15240 0.0467569 0.75 376.917 0.207843 0.5 0 0
15250 0.0467569 0.75 376.917 0.207843 0.5 0 0
15260 0.0467569 0.75 377.667 0.207843 0.5 0 0
15270 0.0467569 0.75 377.667 0.207843 0.5 0 0
15280 0.0467569 0.75 378.417 0.207843 0.5 0 0
15290 0.0467569 0.75 378.417 0.207843 0.5 0 0
15300 0.0462583 0.75 379.167 0.207843 0.5 0 0
15310 0.0462583 0.75 379.167 0.211765 0.5 0 0
15320 0.0459017 0.75 379.917 0.211765 0.5 0 0
15330 0.0459017 0.75 379.917 0.211765 0.5 0 0
15340 0.0457509 0.75 380.667 0.211765 0.5 0 0
15350 0.0457509 0.75 380.667 0.207843 0.5 0 0
15360 0.0457482 0.75 381.417 0.207843 0.5 0 0
15370 0.0457482 0.75 381.417 0.211765 0.5 0 0
15380 0.0457482 0.666667 382.083 0.211765 0.5 0 0
15390 0.0457482 0.666667 382.083 0.207843 0.5 0 0
15400 0.0457482 0.666667 382.75 0.211765 0.5 0 0
15410 0.0457482 0.666667 382.75 0.211765 0.5 0 0
15420 0.0457482 0.666667 383.417 0.207843 0.5 0 0
15430 0.0457482 0.666667 383.417 0.207843 0.5 0 0
15440 0.0457482 0.666667 384.083 0.207843 0.5 0 0
15450 0.0457482 0.666667 384.083 0.211765 0.5 0 0
15460 0.0457482 0.666667 384.75 0.211765 0.5 0 0
15470 0.0457482 0.666667 384.75 0.211765 0.5 0 0
15480 0.0457482 0.666667 385.417 0.207843 0.5 0 0
15490 0.0457482 0.666667 385.417 0.211765 0.5 0 0
15500 0.0457482 0.666667 386.083 0.207843 0.5 0 0
15510 0.0457482 0.666667 386.083 0.211765 0.5 0 0
15520 0.0457482 0.666667 386.75 0.211765 0.5 0 0
15530 0.0457482 0.666667 386.75 0.211765 0.5 0 0
15540 0.0457482 0.833333 387.583 0.211765 0.5 0 0
15550 0.0457482 0.833333 387.583 0.211765 0.5 0 0
15560 0.0457482 0.833333 388.417 0.211765 0.5 0 0
15570 0.0457482 0.833333 388.417 0.211765 0.5 0 0
15580 0.0457482 0.833333 389.25 0.211765 0.5 0 0
15590 0.0457482 0.833333 389.25 0.211765 0.5 0 0
15600 0.0457482 0.833333 390.083 0.211765 0.5 0 0
15610 0.0457482 0.833333 390.083 0.211765 0.5 0 0
15620 0.0457482 0.75 390.833 0.207843 0.5 0 0
15630 0.0457482 0.75 390.833 0.207843 0.5 0 0
15640 0.0457482 0.666667 391.5 0.211765 0.5 0 0
15650 0.0457482 0.666667 391.5 0.211765 0.5 0 0
15660 0.0457482 0.75 392.25 0.211765 0.5 0 0
15670 0.0457482 0.75 392.25 0.211765 0.5 0 0
15680 0.0457482 0.833333 393.083 0.211765 0.5 0 0
15690 0.0457482 0.833333 393.083 0.211765 0.5 0 0
15700 0.0457482 0.916667 394 0.207843 0.5 0 0
15710 0.0457482 0.916667 394 0.211765 0.5 0 0
15720 0.0457482 0.916667 394.917 0.211765 0.5 0 0
15730 0.0457482 0.916667 394.917 0.211765 0.5 0 0
15740 0.0457482 0.916667 395.833 0.211765 0.5 0 0
15750 0.0457482 0.916667 395.833 0.207843 0.5 0 0
15760 0.0457482 0.916667 396.75 0.211765 0.5 0 0
15770 0.0457482 0.916667 396.75 0.211765 0.5 0 0
15780 0.0457482 0.916667 397.667 0.207843 0.5 0 0
15790 0.0457482 0.916667 397.667 0.207843 0.5 0 0
15800 0.0457482 0.916667 398.583 0.211765 0.5 0 0
15810 0.0457482 0.916667 398.583 0.207843 0.5 0 0
15820 0.0457482 0.75 399.333 0.211765 0.5 0 0
15830 0.0457482 0.75 399.333 0.207843 0.5 0 0
15840 0.0457482 0.75 400.083 0.211765 0.5 0 0
15850 0.0457482 0.75 400.083 0.215686 0.5 0 0
15860 0.0457482 0.75 400.833 0.207843 0.5 0 0
15870 0.0457482 0.75 400.833 0.207843 0.5 0 0
15880 0.0457482 0.75 401.583 0.207843 0.5 0 0
15890 0.0457482 0.75 401.583 0.211765 0.5 0 0
15900 0.0457482 0.666667 402.25 0.207843 0.5 0 0
15910 0.0457482 0.666667 402.25 0.211765 0.5 0 0
15920 0.0457482 0.666667 402.917 0.211765 0.5 0 0
15930 0.0457482 0.666667 402.917 0.207843 0.5 0 0
15940 0.0457482 0.583333 403.5 0.211765 0.5 0 0
15950 0.0457482 0.583333 403.5 0.207843 0.5 0 0
15960 0.0457482 0.666667 404.167 0.211765 0.5 0 0
15970 0.0457482 0.666667 404.167 0.207843 0.5 0 0
15980 0.0457482 0.666667 404.833 0.207843 0.5 0 0
15990 0.0457482 0.666667 404.833 0.207843 0.5 0 0
16000 0.0457482 0.666667 405.5 0.211765 0.5 0 0
16010 0.0457482 0.666667 405.5 0.207843 0.5 0 0
16020 0.0457482 0.583333 406.083 0.207843 0.5 0 0
16030 0.0457482 0.583333 406.083 0.211765 0.5 0 0
16040 0.0460703 0.583333 406.667 0.211765 0.5 0 0
16050 0.0460703 0.583333 406.667 0.207843 0.5 0 0
16060 0.0465782 0.666667 407.333 0.203922 0.5 0 0
16070 0.0465782 0.666667 407.333 0.207843 0.5 0 0
16080 0.0468862 0.666667 408 0.211765 0.5 0 0
16090 0.0468862 0.666667 408 0.211765 0.5 0 0
16100 0.0469157 0.666667 408.667 0.215686 0.5 0 0
16110 0.0469157 0.666667 408.667 0.219608 0.5 0 0
16120 0.0468326 0.666667 409.333 0.219608 0.5 0 0
16130 0.0468326 0.666667 409.333 0.219608 0.5 0 0
16140 0.0466373 0.666667 410 0.219608 0.5 0 0
16150 0.0466373 0.666667 410 0.219608 0.5 0 0
16160 0.0463698 0.583333 410.583 0.203922 0.5 0 0
16170 0.0463698 0.583333 410.583 0.196078 0.5 0 0
16180 0.0453877 0.666667 411.25 0.184314 0.5 0 0
16190 0.0453877 0.666667 411.25 0.172549 0.5 0 0
16200 0.0442934 0.75 412 0.176471 0.5 0 0
16210 0.0442934 0.75 412 0.176471 0.5 0 0
16220 0.0437043 0.833333 412.833 0.176471 0.5 0 0
16230 0.0437043 0.833333 412.833 0.176471 0.5 0 0
16240 0.0434285 0.916667 413.75 0.176471 0.5 0 0
16250 0.0434285 0.916667 413.75 0.172549 0.5 0 0
16260 0.0432261 0.916667 414.667 0.176471 0.5 0 0
16270 0.0432261 0.916667 414.667 0.176471 0.5 0 0
16280 0.042795 0.916667 415.583 0.180392 0.5 0 0
16290 0.042795 0.916667 415.583 0.176471 0.5 0 0
16300 0.0425076 0.916667 416.5 0.176471 0.5 0 0
16310 0.0425076 0.916667 416.5 0.180392 0.5 0 0
16320 0.0423087 0.916667 417.417 0.176471 0.5 0 0
16330 0.0423087 0.916667 417.417 0.176471 0.5 0 0
16340 0.0423075 0.75 418.167 0.176471 0.5 0 0
16350 0.0423075 0.75 418.167 0.180392 0.5 0 0
16360 0.0423075 0.75 418.917 0.180392 0.5 0 0
16370 0.0423075 0.75 418.917 0.180392 0.5 0 0
16380 0.0422885 0.75 419.667 0.180392 0.5 0 0
16390 0.0422885 0.75 419.667 0.176471 0.5 0 0
16400 0.0420954 0.75 420.417 0.176471 0.5 0 0
16410 0.0420954 0.75 420.417 0.176471 0.5 0 0
16420 0.0420925 0.75 421.167 0.176471 0.5 0 0
16430 0.0420925 0.75 421.167 0.180392 0.5 0 0
16440 0.0420953 0.75 421.917 0.176471 0.5 0 0
16450 0.0420953 0.75 421.917 0.176471 0.5 0 0
16460 0.0426403 0.75 422.667 0.184314 0.5 0 0
16470 0.0426403 0.75 422.667 0.188235 0.5 0 0
16480 0.0427507 0.833333 423.5 0.184314 0.5 0 0
16490 0.0427507 0.833333 423.5 0.188235 0.5 0 0
16500 0.0427507 0.833333 424.333 0.188235 0.5 0 0
16510 0.0427507 0.833333 424.333 0.188235 0.5 0 0
16520 0.0427453 0.833333 425.167 0.184314 0.5 0 0
16530 0.0427453 0.833333 425.167 0.188235 0.5 0 0
16540 0.0426263 0.833333 426 0.188235 0.5 0 0
16550 0.0426263 0.833333 426 0.176471 0.5 0 0
16560 0.0418144 0.833333 426.833 0.168627 0.5 0 0
16570 0.0418144 0.833333 426.833 0.168627 0.5 0 0
16580 0.0408716 0.75 427.583 0.172549 0.5 0 0
16590 0.0408716 0.75 427.583 0.172549 0.5 0 0
16600 0.0406802 0.833333 428.417 0.168627 0.5 0 0
16610 0.0406802 0.833333 428.417 0.168627 0.5 0 0
16620 0.0406802 0.833333 429.25 0.172549 0.5 0 0
16630 0.0406802 0.833333 429.25 0.172549 0.5 0 0
16640 0.0403583 0.833333 430.083 0.172549 0.5 0 0
16650 0.0403583 0.833333 430.083 0.172549 0.5 0 0
16660 0.040191 0.833333 430.917 0.176471 0.5 0 0
16670 0.040191 0.833333 430.917 0.172549 0.5 0 0
16680 0.0399826 0.833333 431.75 0.172549 0.5 0 0
16690 0.0399826 0.833333 431.75 0.176471 0.5 0 0
16700 0.0399774 0.833333 432.583 0.176471 0.5 0 0
16710 0.0399774 0.833333 432.583 0.176471 0.5 0 0
16720 0.0399544 0.833333 433.417 0.172549 0.5 0 0
16730 0.0399544 0.833333 433.417 0.172549 0.5 0 0
16740 0.0399544 0.833333 434.25 0.176471 0.5 0 0
16750 0.0399544 0.833333 434.25 0.172549 0.5 0 0
16760 0.0399544 0.75 435 0.176471 0.5 0 0
16770 0.0399544 0.75 435 0.172549 0.5 0 0
16780 0.0399115 0.916667 435.917 0.172549 0.5 0 0
16790 0.0399115 0.916667 435.917 0.176471 0.5 0 0
16800 0.0398943 0.916667 436.833 0.172549 0.5 0 0
16810 0.0398943 0.916667 436.833 0.172549 0.5 0 0
16820 0.0398943 0.916667 437.75 0.176471 0.5 0 0
16830 0.0398943 0.916667 437.75 0.176471 0.5 0 0
16840 0.0398943 0.916667 438.667 0.172549 0.5 0 0
16850 0.0398943 0.916667 438.667 0.172549 0.5 0 0
16860 0.0398943 0.916667 439.583 0.172549 0.5 0 0
16870 0.0398943 0.916667 439.583 0.176471 0.5 0 0
16880 0.0398943 0.916667 440.5 0.176471 0.5 0 0
16890 0.0398943 0.916667 440.5 0.176471 0.5 0 0
16900 0.03989 0.666667 441.167 0.172549 0.5 0 0
16910 0.03989 0.666667 441.167 0.172549 0.5 0 0
16920 0.0398721 0.75 441.917 0.168627 0.5 0 0
16930 0.0398721 0.75 441.917 0.176471 0.5 0 0
16940 0.0398716 0.833333 442.75 0.172549 0.5 0 0
16950 0.0398716 0.833333 442.75 0.172549 0.5 0 0
16960 0.0398716 0.833333 443.583 0.176471 0.5 0 0
16970 0.0398716 0.833333 443.583 0.172549 0.5 0 0
16980 0.0398716 0.833333 444.417 0.172549 0.5 0 0
16990 0.0398716 0.833333 444.417 0.172549 0.5 0 0
17000 0.0398716 0.833333 445.25 0.172549 0.5 0 0
17010 0.0398716 0.833333 445.25 0.172549 0.5 0 0
17020 0.0398716 0.833333 446.083 0.176471 0.5 0 0
17030 0.0398716 0.833333 446.083 0.172549 0.5 0 0
17040 0.0398691 0.833333 446.917 0.172549 0.5 0 0
17050 0.0398691 0.833333 446.917 0.176471 0.5 0 0
17060 0.0398666 1 447.917 0.172549 0.5 0 0
17070 0.0398666 1 447.917 0.172549 0.5 0 0
17080 0.0398666 1 448.917 0.176471 0.5 0 0
17090 0.0398666 1 448.917 0.176471 0.5 0 0
17100 0.0398666 1 449.917 0.176471 0.5 0 0
17110 0.0398666 1 449.917 0.176471 0.5 0 0
17120 0.0398666 1 450.917 0.172549 0.5 0 0
17130 0.0398666 1 450.917 0.176471 0.5 0 0
17140 0.0398666 1 451.917 0.172549 0.5 0 0
17150 0.0398666 1 451.917 0.172549 0.5 0 0
17160 0.0398647 1 452.917 0.176471 0.5 0 0
17170 0.0398647 1 452.917 0.176471 0.5 0 0
17180 0.0398609 1 453.917 0.176471 0.5 0 0
17190 0.0398609 1 453.917 0.172549 0.5 0 0
17200 0.0398393 1 454.917 0.172549 0.5 0 0
17210 0.0398393 1 454.917 0.176471 0.5 0 0
17220 0.0398123 0.916667 455.833 0.172549 0.5 0 0
17230 0.0398123 0.916667 455.833 0.172549 0.5 0 0
17240 0.0398119 0.833333 456.667 0.176471 0.5 0 0
17250 0.0398119 0.833333 456.667 0.172549 0.5 0 0
17260 0.039807 1 457.667 0.172549 0.5 0 0
17270 0.039807 1 457.667 0.172549 0.5 0 0
17280 0.0397985 1 458.667 0.172549 0.5 0 0
17290 0.0397985 1 458.667 0.172549 0.5 0 0
17300 0.0397985 1 459.667 0.172549 0.5 0 0
17310 0.0397985 1 459.667 0.172549 0.5 0 0
17320 0.0397985 1 460.667 0.172549 0.5 0 0
17330 0.0397985 1 460.667 0.172549 0.5 0 0
17340 0.0397985 1 461.667 0.176471 0.5 0 0
17350 0.0397985 1 461.667 0.172549 0.5 0 0
17360 0.039798 1 462.667 0.176471 0.5 0 0
17370 0.039798 1 462.667 0.172549 0.5 0 0
17380 0.0397956 1 463.667 0.176471 0.5 0 0
17390 0.0397956 1 463.667 0.172549 0.5 0 0
17400 0.039793 1 464.667 0.172549 0.5 0 0
17410 0.039793 1 464.667 0.176471 0.5 0 0
17420 0.0397902 0.916667 465.583 0.176471 0.5 0 0
17430 0.0397902 0.916667 465.583 0.176471 0.5 0 0
17440 0.0397896 0.916667 466.5 0.172549 0.5 0 0
17450 0.0397896 0.916667 466.5 0.172549 0.5 0 0
17460 0.0397884 0.916667 467.417 0.172549 0.5 0 0
17470 0.0397884 0.916667 467.417 0.172549 0.5 0 0
17480 0.039787 0.916667 468.333 0.172549 0.5 0 0
17490 0.039787 0.916667 468.333 0.172549 0.5 0 0
17500 0.0397848 0.916667 469.25 0.172549 0.5 0 0
17510 0.0397848 0.916667 469.25 0.172549 0.5 0 0
17520 0.0397825 0.916667 470.167 0.172549 0.5 0 0
17530 0.0397825 0.916667 470.167 0.172549 0.5 0 0
17540 0.0397822 0.916667 471.083 0.172549 0.5 0 0
17550 0.0397822 0.916667 471.083 0.176471 0.5 0 0
17560 0.0397801 0.916667 472 0.172549 0.5 0 0
17570 0.0397801 0.916667 472 0.172549 0.5 0 0
17580 0.039756 0.916667 472.917 0.176471 0.5 0 0
17590 0.039756 0.916667 472.917 0.172549 0.5 0 0
17600 0.039754 0.916667 473.833 0.172549 0.5 0 0
17610 0.039754 0.916667 473.833 0.176471 0.5 0 0
17620 0.039753 0.916667 474.75 0.176471 0.5 0 0
17630 0.039753 0.916667 474.75 0.172549 0.5 0 0
17640 0.039753 0.916667 475.667 0.172549 0.5 0 0
17650 0.039753 0.916667 475.667 0.172549 0.5 0 0
17660 0.039753 0.916667 476.583 0.172549 0.5 0 0
17670 0.039753 0.916667 476.583 0.172549 0.5 0 0
17680 0.039753 0.916667 477.5 0.172549 0.5 0 0
17690 0.039753 0.916667 477.5 0.176471 0.5 0 0
17700 0.0397494 0.833333 478.333 0.172549 0.5 0 0
17710 0.0397494 0.833333 478.333 0.172549 0.5 0 0
17720 0.039747 0.833333 479.167 0.172549 0.5 0 0
17730 0.039747 0.833333 479.167 0.172549 0.5 0 0
17740 0.0397453 0.833333 480 0.172549 0.5 0 0
17750 0.0397453 0.833333 480 0.168627 0.5 0 0
17760 0.0397453 0.833333 480.833 0.176471 0.5 0 0
17770 0.0397453 0.833333 480.833 0.172549 0.5 0 0
17780 0.0397453 0.833333 481.667 0.172549 0.5 0 0
17790 0.0397453 0.833333 481.667 0.172549 0.5 0 0
17800 0.0397453 0.75 482.417 0.172549 0.5 0 0
17810 0.0397453 0.75 482.417 0.172549 0.5 0 0
17820 0.0397412 0.75 483.167 0.172549 0.5 0 0
17830 0.0397412 0.75 483.167 0.172549 0.5 0 0
17840 0.0397395 0.75 483.917 0.172549 0.5 0 0
17850 0.0397395 0.75 483.917 0.172549 0.5 0 0
17860 0.0397387 0.75 484.667 0.176471 0.5 0 0
17870 0.0397387 0.75 484.667 0.172549 0.5 0 0
17880 0.039737 0.75 485.417 0.176471 0.5 0 0
17890 0.039737 0.75 485.417 0.172549 0.5 0 0
17900 0.039737 0.916667 486.333 0.172549 0.5 0 0
17910 0.039737 0.916667 486.333 0.172549 0.5 0 0
17920 0.0397361 0.916667 487.25 0.172549 0.5 0 0
17930 0.0397361 0.916667 487.25 0.172549 0.5 0 0
17940 0.0397333 0.916667 488.167 0.172549 0.5 0 0
17950 0.0397333 0.916667 488.167 0.172549 0.5 0 0
17960 0.0397317 0.916667 489.083 0.172549 0.5 0 0
17970 0.0397317 0.916667 489.083 0.176471 0.5 0 0
17980 0.0397285 0.916667 490 0.176471 0.5 0 0
17990 0.0397285 0.916667 490 0.176471 0.5 0 0
18000 0.0397284 0.916667 490.917 0.176471 0.5 0 0
18010 0.0397284 0.916667 490.917 0.176471 0.5 0 0
18020 0.0397284 0.75 491.667 0.172549 0.5 0 0
18030 0.0397284 0.75 491.667 0.172549 0.5 0 0
18040 0.0397284 0.833333 492.5 0.172549 0.5 0 0
18050 0.0397284 0.833333 492.5 0.172549 0.5 0 0
18060 0.039726 0.916667 493.417 0.176471 0.5 0 0
18070 0.039726 0.916667 493.417 0.172549 0.5 0 0
18080 0.0397247 0.916667 494.333 0.172549 0.5 0 0
18090 0.0397247 0.916667 494.333 0.176471 0.5 0 0
18100 0.0397156 0.833333 495.167 0.172549 0.5 0 0
18110 0.0397156 0.833333 495.167 0.172549 0.5 0 0
18120 0.0397148 0.916667 496.083 0.172549 0.5 0 0
18130 0.0397148 0.916667 496.083 0.172549 0.5 0 0
18140 0.0397148 0.916667 497 0.172549 0.5 0 0
18150 0.0397148 0.916667 497 0.172549 0.5 0 0
18160 0.0397148 0.833333 497.833 0.176471 0.5 0 0
18170 0.0397148 0.833333 497.833 0.176471 0.5 0 0
18180 0.0397148 0.833333 498.667 0.176471 0.5 0 0
18190 0.0397148 0.833333 498.667 0.172549 0.5 0 0
18200 0.0397148 0.833333 499.5 0.176471 0.5 0 0
18210 0.0397148 0.833333 499.5 0.172549 0.5 0 0
18220 0.0397148 0.833333 500.333 0.172549 0.5 0 0
18230 0.0397148 0.833333 500.333 0.172549 0.5 0 0
18240 0.0397148 0.916667 501.25 0.176471 0.5 0 0
18250 0.0397148 0.916667 501.25 0.172549 0.5 0 0
18260 0.0397148 1 502.25 0.176471 0.5 0 0
18270 0.0397148 1 502.25 0.172549 0.5 0 0
18280 0.0397143 1 503.25 0.176471 0.5 0 0
18290 0.0397143 1 503.25 0.172549 0.5 0 0
18300 0.0397127 1 504.25 0.172549 0.5 0 0
18310 0.0397127 1 504.25 0.172549 0.5 0 0
18320 0.0397088 1 505.25 0.176471 0.5 0 0
18330 0.0397088 1 505.25 0.176471 0.5 0 0
18340 0.0397086 1 506.25 0.172549 0.5 0 0
18350 0.0397086 1 506.25 0.176471 0.5 0 0
18360 0.0397086 1 507.25 0.176471 0.5 0 0
18370 0.0397086 1 507.25 0.172549 0.5 0 0
18380 0.0397086 0.833333 508.083 0.176471 0.5 0 0
18390 0.0397086 0.833333 508.083 0.172549 0.5 0 0
18400 0.0397076 0.916667 509 0.172549 0.5 0 0
18410 0.0397076 0.916667 509 0.168627 0.5 0 0
18420 0.039705 0.916667 509.917 0.176471 0.5 0 0
18430 0.039705 0.916667 509.917 0.172549 0.5 0 0
18440 0.0397037 0.916667 510.833 0.172549 0.5 0 0
18450 0.0397037 0.916667 510.833 0.172549 0.5 0 0
18460 0.0397037 0.916667 511.75 0.172549 0.5 0 0
18470 0.0397037 0.916667 511.75 0.172549 0.5 0 0
18480 0.0397037 0.833333 512.583 0.176471 0.5 0 0
18490 0.0397037 0.833333 512.583 0.172549 0.5 0 0
18500 0.0397026 0.916667 513.5 0.176471 0.5 0 0
18510 0.0397026 0.916667 513.5 0.176471 0.5 0 0
18520 0.0397005 1 514.5 0.172549 0.5 0 0
18530 0.0397005 1 514.5 0.176471 0.5 0 0
18540 0.0396981 1 515.5 0.176471 0.5 0 0
18550 0.0396981 1 515.5 0.176471 0.5 0 0
18560 0.0396961 1 516.5 0.176471 0.5 0 0
18570 0.0396961 1 516.5 0.172549 0.5 0 0
18580 0.0396957 1 517.5 0.176471 0.5 0 0
18590 0.0396957 1 517.5 0.172549 0.5 0 0
18600 0.0396957 1 518.5 0.176471 0.5 0 0
18610 0.0396957 1 518.5 0.176471 0.5 0 0
18620 0.0396947 0.833333 519.333 0.176471 0.5 0 0
18630 0.0396947 0.833333 519.333 0.176471 0.5 0 0
18640 0.0396943 0.833333 520.167 0.172549 0.5 0 0
18650 0.0396943 0.833333 520.167 0.172549 0.5 0 0
18660 0.0396908 0.75 520.917 0.172549 0.5 0 0
18670 0.0396908 0.75 520.917 0.172549 0.5 0 0
18680 0.0396907 0.833333 521.75 0.176471 0.5 0 0
18690 0.0396907 0.833333 521.75 0.172549 0.5 0 0
18700 0.0396907 0.833333 522.583 0.172549 0.5 0 0
18710 0.0396907 0.833333 522.583 0.176471 0.5 0 0
18720 0.0396899 0.916667 523.5 0.172549 0.5 0 0
18730 0.0396899 0.916667 523.5 0.172549 0.5 0 0
18740 0.0396889 0.916667 524.417 0.172549 0.5 0 0
18750 0.0396889 0.916667 524.417 0.176471 0.5 0 0
18760 0.0396889 0.916667 525.333 0.172549 0.5 0 0
18770 0.0396889 0.916667 525.333 0.176471 0.5 0 0
18780 0.0396874 0.833333 526.167 0.172549 0.5 0 0
18790 0.0396874 0.833333 526.167 0.172549 0.5 0 0
18800 0.0396872 1 527.167 0.172549 0.5 0 0
18810 0.0396872 1 527.167 0.172549 0.5 0 0
18820 0.0396868 1 528.167 0.172549 0.5 0 0
18830 0.0396868 1 528.167 0.172549 0.5 0 0
18840 0.0396861 0.833333 529 0.172549 0.5 0 0
18850 0.0396861 0.833333 529 0.172549 0.5 0 0
18860 0.0396854 0.916667 529.917 0.172549 0.5 0 0
18870 0.0396854 0.916667 529.917 0.172549 0.5 0 0
18880 0.0396854 0.916667 530.833 0.172549 0.5 0 0
18890 0.0396854 0.916667 530.833 0.172549 0.5 0 0
18900 0.0396844 0.916667 531.75 0.176471 0.5 0 0
18910 0.0396844 0.916667 531.75 0.176471 0.5 0 0
18920 0.0396832 0.833333 532.583 0.172549 0.5 0 0
18930 0.0396832 0.833333 532.583 0.172549 0.5 0 0
18940 0.0396827 0.833333 533.417 0.172549 0.5 0 0
18950 0.0396827 0.833333 533.417 0.176471 0.5 0 0
18960 0.0396827 0.75 534.167 0.172549 0.5 0 0
18970 0.0396827 0.75 534.167 0.176471 0.5 0 0
18980 0.0396826 0.75 534.917 0.172549 0.5 0 0
18990 0.0396826 0.75 534.917 0.176471 0.5 0 0
19000 0.0399414 0.75 535.667 0.168627 0.5 0 0
19010 0.0399414 0.75 535.667 0.168627 0.5 0 0
19020 0.0405853 0.75 536.417 0.172549 0.5 0 0
19030 0.0405853 0.75 536.417 0.180392 0.5 0 0
19040 0.0407708 0.75 537.167 0.180392 0.5 0 0
19050 0.0407708 0.75 537.167 0.184314 0.5 0 0
19060 0.0407711 0.75 537.917 0.180392 0.5 0 0
19070 0.0407711 0.75 537.917 0.180392 0.5 0 0
19080 0.0407711 0.833333 538.75 0.180392 0.5 0 0
19090 0.0407711 0.833333 538.75 0.176471 0.5 0 0
19100 0.0401833 0.833333 539.583 0.172549 0.5 0 0
19110 0.0401833 0.833333 539.583 0.164706 0.5 0 0
19120 0.0389741 0.833333 540.417 0.156863 0.5 0 0
19130 0.0389741 0.833333 540.417 0.156863 0.5 0 0
19140 0.0382975 0.833333 541.25 0.156863 0.5 0 0
19150 0.0382975 0.833333 541.25 0.160784 0.5 0 0
19160 0.038202 0.833333 542.083 0.156863 0.5 0 0
19170 0.038202 0.833333 542.083 0.160784 0.5 0 0
19180 0.0382017 0.916667 543 0.160784 0.5 0 0
19190 0.0382017 0.916667 543 0.156863 0.5 0 0
19200 0.0376899 0.833333 543.833 0.145098 0.5 0 0
19210 0.0376899 0.833333 543.833 0.145098 0.5 0 0
19220 0.0370232 0.916667 544.75 0.152941 0.5 0 0
19230 0.0370232 0.916667 544.75 0.152941 0.5 0 0
19240 0.0366116 0.916667 545.667 0.152941 0.5 0 0
19250 0.0366116 0.916667 545.667 0.152941 0.5 0 0
19260 0.0365911 0.916667 546.583 0.156863 0.5 0 0
19270 0.0365911 0.916667 546.583 0.152941 0.5 0 0
19280 0.0364219 0.916667 547.5 0.14902 0.5 0 0
19290 0.0364219 0.916667 547.5 0.145098 0.5 0 0
19300 0.0360016 0.833333 548.333 0.145098 0.5 0 0
19310 0.0360016 0.833333 548.333 0.145098 0.5 0 0
19320 0.0357263 0.833333 549.167 0.145098 0.5 0 0
19330 0.0357263 0.833333 549.167 0.145098 0.5 0 0
19340 0.0353692 0.833333 550 0.145098 0.5 0 0
19350 0.0353692 0.833333 550 0.145098 0.5 0 0
19360 0.035221 0.833333 550.833 0.145098 0.5 0 0
19370 0.035221 0.833333 550.833 0.145098 0.5 0 0
19380 0.0352182 0.833333 551.667 0.145098 0.5 0 0
19390 0.0352182 0.833333 551.667 0.145098 0.5 0 0
19400 0.0352134 0.833333 552.5 0.145098 0.5 0 0
19410 0.0352134 0.833333 552.5 0.145098 0.5 0 0
19420 0.0352053 0.833333 553.333 0.145098 0.5 0 0
19430 0.0352053 0.833333 553.333 0.145098 0.5 0 0
19440 0.0352028 0.916667 554.25 0.145098 0.5 0 0
19450 0.0352028 0.916667 554.25 0.145098 0.5 0 0
19460 0.0352027 0.916667 555.167 0.145098 0.5 0 0
19470 0.0352027 0.916667 555.167 0.145098 0.5 0 0
19480 0.0352027 0.916667 556.083 0.145098 0.5 0 0
19490 0.0352027 0.916667 556.083 0.145098 0.5 0 0
19500 0.0352027 0.916667 557 0.145098 0.5 0 0
19510 0.0352027 0.916667 557 0.14902 0.5 0 0
19520 0.0352027 0.833333 557.833 0.145098 0.5 0 0
19530 0.0352027 0.833333 557.833 0.145098 0.5 0 0
19540 0.0352018 0.833333 558.667 0.145098 0.5 0 0
19550 0.0352018 0.833333 558.667 0.145098 0.5 0 0
19560 0.0351998 0.833333 559.5 0.145098 0.5 0 0
19570 0.0351998 0.833333 559.5 0.145098 0.5 0 0
19580 0.0351989 0.833333 560.333 0.145098 0.5 0 0
19590 0.0351989 0.833333 560.333 0.145098 0.5 0 0
19600 0.0351981 0.833333 561.167 0.145098 0.5 0 0
19610 0.0351981 0.833333 561.167 0.145098 0.5 0 0
19620 0.0351981 0.833333 562 0.145098 0.5 0 0
19630 0.0351981 0.833333 562 0.145098 0.5 0 0
19640 0.035198 0.833333 562.833 0.145098 0.5 0 0
19650 0.035198 0.833333 562.833 0.14902 0.5 0 0
19660 0.0351909 0.833333 563.667 0.145098 0.5 0 0
19670 0.0351909 0.833333 563.667 0.145098 0.5 0 0
19680 0.0351895 1 564.667 0.145098 0.5 0 0
19690 0.0351895 1 564.667 0.145098 0.5 0 0
19700 0.0351758 1 565.667 0.145098 0.5 0 0
19710 0.0351758 1 565.667 0.145098 0.5 0 0
19720 0.0351757 1 566.667 0.14902 0.5 0 0
19730 0.0351757 1 566.667 0.145098 0.5 0 0
19740 0.0351757 1 567.667 0.145098 0.5 0 0
19750 0.0351757 1 567.667 0.145098 0.5 0 0
19760 0.0351755 0.916667 568.583 0.145098 0.5 0 0
19770 0.0351755 0.916667 568.583 0.145098 0.5 0 0
19780 0.0351748 0.916667 569.5 0.145098 0.5 0 0
19790 0.0351748 0.916667 569.5 0.145098 0.5 0 0
19800 0.035174 0.75 570.25 0.145098 0.5 0 0
19810 0.035174 0.75 570.25 0.145098 0.5 0 0
19820 0.0351736 0.833333 571.083 0.145098 0.5 0 0
19830 0.0351736 0.833333 571.083 0.145098 0.5 0 0
19840 0.0351735 0.833333 571.917 0.145098 0.5 0 0
19850 0.0351735 0.833333 571.917 0.145098 0.5 0 0
19860 0.0351727 0.833333 572.75 0.145098 0.5 0 0
19870 0.0351727 0.833333 572.75 0.145098 0.5 0 0
19880 0.0351738 0.916667 573.667 0.145098 0.5 0 0
19890 0.0351738 0.916667 573.667 0.145098 0.5 0 0
19900 0.0351728 0.916667 574.583 0.145098 0.5 0 0
19910 0.0351728 0.916667 574.583 0.145098 0.5 0 0
19920 0.0351716 0.916667 575.5 0.145098 0.5 0 0
19930 0.0351716 0.916667 575.5 0.145098 0.5 0 0
19940 0.0351709 0.916667 576.417 0.145098 0.5 0 0
19950 0.0351709 0.916667 576.417 0.145098 0.5 0 0
19960 0.0351707 0.916667 577.333 0.145098 0.5 0 0
19970 0.0351707 0.916667 577.333 0.145098 0.5 0 0
19980 0.0351706 0.916667 578.25 0.145098 0.5 0 0
19990 0.0351706 0.916667 578.25 0.145098 0.5 0 0
20000 0.0351712 0.666667 578.917 0.145098 0.5 0 0
20010 0.0351712 0.666667 578.917 0.145098 0.5 0 0
