0 0.121063 0 0 0.5 0.5 0 0
10 0.121063 0 0 0.768627 0.5 0 0
20 0.120064 0.75 0.75 0.768627 0.5 0 0
30 0.120064 0.75 0.75 0.713725 0.5 0 0
40 0.119932 0.75 1.5 0.698039 0.5 0 0
50 0.119932 0.75 1.5 0.74902 0.5 0 0
60 0.119932 0.75 2.25 0.835294 0.5 0 0
70 0.119932 0.75 2.25 0.807843 0.5 0 0
80 0.119925 0.75 3 0.721569 0.5 0 0
90 0.119925 0.75 3 0.678431 0.5 0 0
100 0.119902 0.75 3.75 0.721569 0.5 0 0
110 0.119902 0.75 3.75 0.796078 0.5 0 0
120 0.119782 0.333333 4.08333 0.686275 0.5 0 0
130 0.119782 0.333333 4.08333 0.67451 0.5 0 0
140 0.119535 0.416667 4.5 0.803922 0.5 0 0
150 0.119535 0.416667 4.5 0.647059 0.5 0 0
160 0.119491 0.416667 4.91667 0.796078 0.5 0 0
170 0.119491 0.416667 4.91667 0.705882 0.5 0 0
180 0.12008 0.416667 5.33333 0.733333 0.5 0 0
190 0.12008 0.416667 5.33333 0.658824 0.5 0 0
200 0.12021 0.416667 5.75 0.662745 0.5 0 0
210 0.12021 0.416667 5.75 0.658824 0.5 0 0
220 0.120169 0.416667 6.16667 0.686275 0.5 0 0
230 0.120169 0.416667 6.16667 0.635294 0.5 0 0
240 0.119988 0.25 6.41667 0.627451 0.5 0 0
250 0.119988 0.25 6.41667 0.647059 0.5 0 0
260 0.119982 0.25 6.66667 0.635294 0.5 0 0
270 0.119982 0.25 6.66667 0.639216 0.5 0 0
280 0.119972 0.25 6.91667 0.694118 0.5 0 0
290 0.119972 0.25 6.91667 0.721569 0.5 0 0
300 0.11993 0.25 7.16667 0.658824 0.5 0 0
310 0.11993 0.25 7.16667 0.619608 0.5 0 0
320 0.11978 0.416667 7.58333 0.615686 0.5 0 0
330 0.11978 0.416667 7.58333 0.662745 0.5 0 0
340 0.11978 0.25 7.83333 0.627451 0.5 0 0
350 0.11978 0.25 7.83333 0.65098 0.5 0 0
360 0.119843 0.25 8.08333 0.627451 0.5 0 0
370 0.119843 0.25 8.08333 0.682353 0.5 0 0
380 0.119809 0.333333 8.41667 0.635294 0.5 0 0
390 0.119809 0.333333 8.41667 0.670588 0.5 0 0
400 0.119704 0.416667 8.83333 0.698039 0.5 0 0
410 0.119704 0.416667 8.83333 0.678431 0.5 0 0
420 0.119686 0.5 9.33333 0.756863 0.5 0 0
430 0.119686 0.5 9.33333 0.647059 0.5 0 0
440 0.119656 0.5 9.83333 0.631373 0.5 0 0
450 0.119656 0.5 9.83333 0.698039 0.5 0 0
460 0.119641 0.5 10.3333 0.803922 0.5 0 0
470 0.119641 0.5 10.3333 0.639216 0.5 0 0
480 0.119625 0.416667 10.75 0.74902 0.5 0 0
490 0.119625 0.416667 10.75 0.635294 0.5 0 0
500 0.119553 0.333333 11.0833 0.662745 0.5 0 0
510 0.119553 0.333333 11.0833 0.639216 0.5 0 0
520 0.11948 0.333333 11.4167 0.670588 0.5 0 0
530 0.11948 0.333333 11.4167 0.729412 0.5 0 0
540 0.119408 0.25 11.6667 0.670588 0.5 0 0
550 0.119408 0.25 11.6667 0.709804 0.5 0 0
560 0.119407 0.25 11.9167 0.647059 0.5 0 0
570 0.119407 0.25 11.9167 0.627451 0.5 0 0
580 0.119553 0.25 12.1667 0.623529 0.5 0 0
590 0.119553 0.25 12.1667 0.623529 0.5 0 0
600 0.119657 0.333333 12.5 0.729412 0.5 0 0
610 0.119657 0.333333 12.5 0.6 0.5 0 0
620 0.1197 0.416667 12.9167 0.619608 0.5 0 0
630 0.1197 0.416667 12.9167 0.807843 0.5 0 0
640 0.11974 0.416667 13.3333 0.803922 0.5 0 0
650 0.11974 0.416667 13.3333 0.607843 0.5 0 0
660 0.119668 0.416667 13.75 0.752941 0.5 0 0
670 0.119668 0.416667 13.75 0.752941 0.5 0 0
680 0.119579 0.416667 14.1667 0.74902 0.5 0 0
690 0.119579 0.416667 14.1667 0.635294 0.5 0 0
700 0.119585 0.333333 14.5 0.643137 0.5 0 0
710 0.119585 0.333333 14.5 0.682353 0.5 0 0
720 0.119787 0.25 14.75 0.65098 0.5 0 0
730 0.119787 0.25 14.75 0.65098 0.5 0 0
740 0.119873 0.333333 15.0833 0.67451 0.5 0 0
750 0.119873 0.333333 15.0833 0.6 0.5 0 0
760 0.12004 0.333333 15.4167 0.803922 0.5 0 0
770 0.12004 0.333333 15.4167 0.803922 0.5 0 0
780 0.120054 0.25 15.6667 0.760784 0.5 0 0
790 0.120054 0.25 15.6667 0.721569 0.5 0 0
800 0.120272 0.166667 15.8333 0.647059 0.5 0 0
810 0.120272 0.166667 15.8333 0.611765 0.5 0 0
820 0.120035 0.166667 16 0.658824 0.5 0 0
830 0.120035 0.166667 16 0.615686 0.5 0 0
840 0.119681 0.166667 16.1667 0.639216 0.5 0 0
850 0.119681 0.166667 16.1667 0.615686 0.5 0 0
860 0.119567 0 16.1667 0.682353 0.5 0 0
870 0.119567 0 16.1667 0.631373 0.5 0 0
880 0.119566 0 16.1667 0.72549 0.5 0 0
890 0.119566 0 16.1667 0.690196 0.5 0 0
900 0.119566 0 16.1667 0.647059 0.5 0 0
910 0.119566 0 16.1667 0.568627 0.5 0 0
920 0.119566 0 16.1667 0.729412 0.5 0 0
930 0.119566 0 16.1667 0.705882 0.5 0 0
940 0.119435 0 16.1667 0.631373 0.5 0 0
950 0.119435 0 16.1667 0.705882 0.5 0 0
960 0.11938 0 16.1667 0.705882 0.5 0 0
970 0.11938 0 16.1667 0.568627 0.5 0 0
980 0.118516 0 16.1667 0.705882 0.5 0 0
990 0.118516 0 16.1667 0.584314 0.5 0 0
1000 0.117781 0 16.1667 0.627451 0.5 0 0
1010 0.117781 0 16.1667 0.733333 0.5 0 0
1020 0.116768 0.0833333 16.25 0.658824 0.5 0 0
1030 0.116768 0.0833333 16.25 0.639216 0.5 0 0
1040 0.115226 0.0833333 16.3333 0.713725 0.5 0 0
1050 0.115226 0.0833333 16.3333 0.666667 0.5 0 0
1060 0.112893 0.0833333 16.4167 0.572549 0.5 0 0
1070 0.112893 0.0833333 16.4167 0.603922 0.5 0 0
1080 0.111471 0.0833333 16.5 0.52549 0.5 0 0
1090 0.111471 0.0833333 16.5 0.560784 0.5 0 0
1100 0.109772 0.0833333 16.5833 0.52549 0.5 0 0
1110 0.109772 0.0833333 16.5833 0.639216 0.5 0 0
1120 0.108934 0.0833333 16.6667 0.521569 0.5 0 0
1130 0.108934 0.0833333 16.6667 0.52549 0.5 0 0
1140 0.108759 0.0833333 16.75 0.52549 0.5 0 0
1150 0.108759 0.0833333 16.75 0.635294 0.5 0 0
1160 0.10864 0.0833333 16.8333 0.541176 0.5 0 0
1170 0.10864 0.0833333 16.8333 0.52549 0.5 0 0
1180 0.108431 0.0833333 16.9167 0.52549 0.5 0 0
1190 0.108431 0.0833333 16.9167 0.521569 0.5 0 0
1200 0.108254 0.0833333 17 0.52549 0.5 0 0
1210 0.108254 0.0833333 17 0.521569 0.5 0 0
1220 0.107722 0 17 0.52549 0.5 0 0
1230 0.107722 0 17 0.52549 0.5 0 0
1240 0.10724 0 17 0.529412 0.5 0 0
1250 0.10724 0 17 0.529412 0.5 0 0
1260 0.107457 0 17 0.533333 0.5 0 0
1270 0.107457 0 17 0.533333 0.5 0 0
1280 0.10752 0 17 0.537255 0.5 0 0
1290 0.10752 0 17 0.529412 0.5 0 0
1300 0.107821 0 17 0.517647 0.5 0 0
1310 0.107821 0 17 0.501961 0.5 0 0
1320 0.10796 0 17 0.501961 0.5 0 0
1330 0.10796 0 17 0.498039 0.5 0 0
1340 0.107642 0.166667 17.1667 0.501961 0.5 0 0
1350 0.107642 0.166667 17.1667 0.498039 0.5 0 0
1360 0.107178 0.166667 17.3333 0.501961 0.5 0 0
1370 0.107178 0.166667 17.3333 0.501961 0.5 0 0
1380 0.107093 0.166667 17.5 0.501961 0.5 0 0
1390 0.107093 0.166667 17.5 0.501961 0.5 0 0
1400 0.10709 0.25 17.75 0.501961 0.5 0 0
1410 0.10709 0.25 17.75 0.501961 0.5 0 0
1420 0.107071 0.25 18 0.505882 0.5 0 0
1430 0.107071 0.25 18 0.501961 0.5 0 0
1440 0.107002 0.166667 18.1667 0.505882 0.5 0 0
1450 0.107002 0.166667 18.1667 0.494118 0.5 0 0
1460 0.107397 0.166667 18.3333 0.494118 0.5 0 0
1470 0.107397 0.166667 18.3333 0.486275 0.5 0 0
1480 0.107546 0.166667 18.5 0.478431 0.5 0 0
1490 0.107546 0.166667 18.5 0.482353 0.5 0 0
1500 0.107289 0.25 18.75 0.482353 0.5 0 0
1510 0.107289 0.25 18.75 0.47451 0.5 0 0
1520 0.107503 0.25 19 0.47451 0.5 0 0
1530 0.107503 0.25 19 0.47451 0.5 0 0
1540 0.107656 0.25 19.25 0.47451 0.5 0 0
1550 0.107656 0.25 19.25 0.47451 0.5 0 0
1560 0.107506 0.25 19.5 0.47451 0.5 0 0
1570 0.107506 0.25 19.5 0.47451 0.5 0 0
1580 0.107372 0.25 19.75 0.47451 0.5 0 0
1590 0.107372 0.25 19.75 0.47451 0.5 0 0
1600 0.107368 0.25 20 0.47451 0.5 0 0
1610 0.107368 0.25 20 0.47451 0.5 0 0
1620 0.107274 0.25 20.25 0.47451 0.5 0 0
1630 0.107274 0.25 20.25 0.470588 0.5 0 0
1640 0.107196 0.25 20.5 0.47451 0.5 0 0
1650 0.107196 0.25 20.5 0.470588 0.5 0 0
1660 0.107195 0.25 20.75 0.47451 0.5 0 0
1670 0.107195 0.25 20.75 0.470588 0.5 0 0
1680 0.107197 0.25 21 0.470588 0.5 0 0
1690 0.107197 0.25 21 0.470588 0.5 0 0
1700 0.107011 0.25 21.25 0.466667 0.5 0 0
1710 0.107011 0.25 21.25 0.466667 0.5 0 0
1720 0.106964 0.25 21.5 0.466667 0.5 0 0
1730 0.106964 0.25 21.5 0.466667 0.5 0 0
1740 0.106954 0.25 21.75 0.462745 0.5 0 0
1750 0.106954 0.25 21.75 0.462745 0.5 0 0
1760 0.106938 0.25 22 0.462745 0.5 0 0
1770 0.106938 0.25 22 0.458824 0.5 0 0
1780 0.106925 0.25 22.25 0.458824 0.5 0 0
1790 0.106925 0.25 22.25 0.458824 0.5 0 0
1800 0.106924 0.25 22.5 0.458824 0.5 0 0
1810 0.106924 0.25 22.5 0.458824 0.5 0 0
1820 0.106842 0.25 22.75 0.458824 0.5 0 0
1830 0.106842 0.25 22.75 0.458824 0.5 0 0
1840 0.106574 0.25 23 0.458824 0.5 0 0
1850 0.106574 0.25 23 0.458824 0.5 0 0
1860 0.106572 0.25 23.25 0.458824 0.5 0 0
1870 0.106572 0.25 23.25 0.458824 0.5 0 0
1880 0.106566 0.25 23.5 0.454902 0.5 0 0
1890 0.106566 0.25 23.5 0.458824 0.5 0 0
1900 0.10634 0.25 23.75 0.454902 0.5 0 0
1910 0.10634 0.25 23.75 0.454902 0.5 0 0
1920 0.106329 0.166667 23.9167 0.454902 0.5 0 0
1930 0.106329 0.166667 23.9167 0.454902 0.5 0 0
1940 0.106317 0.25 24.1667 0.454902 0.5 0 0
1950 0.106317 0.25 24.1667 0.454902 0.5 0 0
1960 0.106306 0.25 24.4167 0.454902 0.5 0 0
1970 0.106306 0.25 24.4167 0.454902 0.5 0 0
1980 0.106291 0.25 24.6667 0.454902 0.5 0 0
1990 0.106291 0.25 24.6667 0.454902 0.5 0 0
2000 0.106284 0.25 24.9167 0.454902 0.5 0 0
2010 0.106284 0.25 24.9167 0.454902 0.5 0 0
2020 0.106275 0.25 25.1667 0.454902 0.5 0 0
2030 0.106275 0.25 25.1667 0.454902 0.5 0 0
2040 0.106266 0.25 25.4167 0.454902 0.5 0 0
2050 0.106266 0.25 25.4167 0.454902 0.5 0 0
2060 0.106261 0.25 25.6667 0.454902 0.5 0 0
2070 0.106261 0.25 25.6667 0.454902 0.5 0 0
2080 0.106263 0.25 25.9167 0.454902 0.5 0 0
2090 0.106263 0.25 25.9167 0.454902 0.5 0 0
2100 0.106265 0.25 26.1667 0.454902 0.5 0 0
2110 0.106265 0.25 26.1667 0.45098 0.5 0 0
2120 0.106495 0.166667 26.3333 0.45098 0.5 0 0
2130 0.106495 0.166667 26.3333 0.454902 0.5 0 0
2140 0.106796 0.166667 26.5 0.45098 0.5 0 0
2150 0.106796 0.166667 26.5 0.45098 0.5 0 0
2160 0.106803 0.166667 26.6667 0.45098 0.5 0 0
2170 0.106803 0.166667 26.6667 0.447059 0.5 0 0
2180 0.106871 0.166667 26.8333 0.45098 0.5 0 0
2190 0.106871 0.166667 26.8333 0.447059 0.5 0 0
2200 0.106824 0.166667 27 0.45098 0.5 0 0
2210 0.106824 0.166667 27 0.45098 0.5 0 0
2220 0.106866 0.166667 27.1667 0.447059 0.5 0 0
2230 0.106866 0.166667 27.1667 0.443137 0.5 0 0
2240 0.106862 0.166667 27.3333 0.443137 0.5 0 0
2250 0.106862 0.166667 27.3333 0.443137 0.5 0 0
2260 0.106677 0.166667 27.5 0.443137 0.5 0 0
2270 0.106677 0.166667 27.5 0.439216 0.5 0 0
2280 0.106395 0.166667 27.6667 0.439216 0.5 0 0
2290 0.106395 0.166667 27.6667 0.439216 0.5 0 0
2300 0.106401 0.166667 27.8333 0.439216 0.5 0 0
2310 0.106401 0.166667 27.8333 0.435294 0.5 0 0
2320 0.106438 0 27.8333 0.435294 0.5 0 0
2330 0.106438 0 27.8333 0.435294 0.5 0 0
2340 0.105872 0 27.8333 0.435294 0.5 0 0
2350 0.105872 0 27.8333 0.435294 0.5 0 0
2360 0.105846 0 27.8333 0.435294 0.5 0 0
2370 0.105846 0 27.8333 0.431373 0.5 0 0
2380 0.106684 0 27.8333 0.431373 0.5 0 0
2390 0.106684 0 27.8333 0.431373 0.5 0 0
2400 0.106908 0.166667 28 0.431373 0.5 0 0
2410 0.106908 0.166667 28 0.427451 0.5 0 0
2420 0.106947 0.166667 28.1667 0.423529 0.5 0 0
2430 0.106947 0.166667 28.1667 0.423529 0.5 0 0
2440 0.106777 0.166667 28.3333 0.423529 0.5 0 0
2450 0.106777 0.166667 28.3333 0.423529 0.5 0 0
2460 0.106122 0.166667 28.5 0.423529 0.5 0 0
2470 0.106122 0.166667 28.5 0.423529 0.5 0 0
2480 0.106116 0.166667 28.6667 0.423529 0.5 0 0
2490 0.106116 0.166667 28.6667 0.423529 0.5 0 0
2500 0.106267 0 28.6667 0.419608 0.5 0 0
2510 0.106267 0 28.6667 0.419608 0.5 0 0
2520 0.106492 0 28.6667 0.415686 0.5 0 0
2530 0.106492 0 28.6667 0.411765 0.5 0 0
2540 0.106168 0 28.6667 0.411765 0.5 0 0
2550 0.106168 0 28.6667 0.411765 0.5 0 0
2560 0.105533 0 28.6667 0.411765 0.5 0 0
2570 0.105533 0 28.6667 0.411765 0.5 0 0
2580 0.105803 0 28.6667 0.411765 0.5 0 0
2590 0.105803 0 28.6667 0.407843 0.5 0 0
2600 0.106074 0 28.6667 0.407843 0.5 0 0
2610 0.106074 0 28.6667 0.403922 0.5 0 0
2620 0.105784 0 28.6667 0.403922 0.5 0 0
2630 0.105784 0 28.6667 0.4 0.5 0 0
2640 0.104798 0 28.6667 0.403922 0.5 0 0
2650 0.104798 0 28.6667 0.4 0.5 0 0
2660 0.104477 0 28.6667 0.403922 0.5 0 0
2670 0.104477 0 28.6667 0.4 0.5 0 0
2680 0.104265 0 28.6667 0.403922 0.5 0 0
2690 0.104265 0 28.6667 0.4 0.5 0 0
2700 0.104837 0 28.6667 0.4 0.5 0 0
2710 0.104837 0 28.6667 0.4 0.5 0 0
2720 0.105798 0 28.6667 0.4 0.5 0 0
2730 0.105798 0 28.6667 0.4 0.5 0 0
2740 0.106078 0 28.6667 0.4 0.5 0 0
2750 0.106078 0 28.6667 0.403922 0.5 0 0
2760 0.106257 0 28.6667 0.4 0.5 0 0
2770 0.106257 0 28.6667 0.4 0.5 0 0
2780 0.106238 0 28.6667 0.396078 0.5 0 0
2790 0.106238 0 28.6667 0.396078 0.5 0 0
2800 0.105801 0 28.6667 0.396078 0.5 0 0
2810 0.105801 0 28.6667 0.392157 0.5 0 0
2820 0.104635 0 28.6667 0.392157 0.5 0 0
2830 0.104635 0 28.6667 0.392157 0.5 0 0
2840 0.104047 0 28.6667 0.392157 0.5 0 0
2850 0.104047 0 28.6667 0.392157 0.5 0 0
2860 0.103839 0 28.6667 0.388235 0.5 0 0
2870 0.103839 0 28.6667 0.388235 0.5 0 0
2880 0.102583 0 28.6667 0.384314 0.5 0 0
2890 0.102583 0 28.6667 0.380392 0.5 0 0
2900 0.101328 0.166667 28.8333 0.380392 0.5 0 0
2910 0.101328 0.166667 28.8333 0.384314 0.5 0 0
2920 0.100285 0.166667 29 0.384314 0.5 0 0
2930 0.100285 0.166667 29 0.380392 0.5 0 0
2940 0.0999832 0.166667 29.1667 0.380392 0.5 0 0
2950 0.0999832 0.166667 29.1667 0.380392 0.5 0 0
2960 0.0999292 0.166667 29.3333 0.380392 0.5 0 0
2970 0.0999292 0.166667 29.3333 0.380392 0.5 0 0
2980 0.0997734 0.166667 29.5 0.380392 0.5 0 0
2990 0.0997734 0.166667 29.5 0.380392 0.5 0 0
3000 0.0997346 0.166667 29.6667 0.380392 0.5 0 0
3010 0.0997346 0.166667 29.6667 0.380392 0.5 0 0
3020 0.0996481 0.166667 29.8333 0.380392 0.5 0 0
3030 0.0996481 0.166667 29.8333 0.380392 0.5 0 0
3040 0.0995755 0.166667 30 0.380392 0.5 0 0
3050 0.0995755 0.166667 30 0.380392 0.5 0 0
3060 0.0995031 0.166667 30.1667 0.380392 0.5 0 0
3070 0.0995031 0.166667 30.1667 0.380392 0.5 0 0
3080 0.0992864 0.166667 30.3333 0.376471 0.5 0 0
3090 0.0992864 0.166667 30.3333 0.376471 0.5 0 0
3100 0.0991982 0.166667 30.5 0.376471 0.5 0 0
3110 0.0991982 0.166667 30.5 0.376471 0.5 0 0
3120 0.0990632 0.25 30.75 0.376471 0.5 0 0
3130 0.0990632 0.25 30.75 0.376471 0.5 0 0
3140 0.0992928 0.166667 30.9167 0.376471 0.5 0 0
3150 0.0992928 0.166667 30.9167 0.372549 0.5 0 0
3160 0.0993777 0.166667 31.0833 0.376471 0.5 0 0
3170 0.0993777 0.166667 31.0833 0.376471 0.5 0 0
3180 0.0993623 0.333333 31.4167 0.376471 0.5 0 0
3190 0.0993623 0.333333 31.4167 0.376471 0.5 0 0
3200 0.0993168 0.333333 31.75 0.376471 0.5 0 0
3210 0.0993168 0.333333 31.75 0.372549 0.5 0 0
3220 0.0991139 0.333333 32.0833 0.372549 0.5 0 0
3230 0.0991139 0.333333 32.0833 0.372549 0.5 0 0
3240 0.0983297 0.333333 32.4167 0.372549 0.5 0 0
3250 0.0983297 0.333333 32.4167 0.372549 0.5 0 0
3260 0.0976964 0.166667 32.5833 0.372549 0.5 0 0
3270 0.0976964 0.166667 32.5833 0.372549 0.5 0 0
3280 0.0977481 0 32.5833 0.372549 0.5 0 0
3290 0.0977481 0 32.5833 0.372549 0.5 0 0
3300 0.0986453 0 32.5833 0.368627 0.5 0 0
3310 0.0986453 0 32.5833 0.372549 0.5 0 0
3320 0.0983915 0 32.5833 0.368627 0.5 0 0
3330 0.0983915 0 32.5833 0.372549 0.5 0 0
3340 0.0985679 0 32.5833 0.368627 0.5 0 0
3350 0.0985679 0 32.5833 0.372549 0.5 0 0
3360 0.0987736 0 32.5833 0.368627 0.5 0 0
3370 0.0987736 0 32.5833 0.368627 0.5 0 0
3380 0.0990172 0 32.5833 0.368627 0.5 0 0
3390 0.0990172 0 32.5833 0.368627 0.5 0 0
3400 0.0987238 0 32.5833 0.368627 0.5 0 0
3410 0.0987238 0 32.5833 0.364706 0.5 0 0
3420 0.0980032 0 32.5833 0.364706 0.5 0 0
3430 0.0980032 0 32.5833 0.364706 0.5 0 0
3440 0.0969561 0.166667 32.75 0.364706 0.5 0 0
3450 0.0969561 0.166667 32.75 0.364706 0.5 0 0
3460 0.0962493 0.166667 32.9167 0.364706 0.5 0 0
3470 0.0962493 0.166667 32.9167 0.364706 0.5 0 0
3480 0.0962463 0.166667 33.0833 0.364706 0.5 0 0
3490 0.0962463 0.166667 33.0833 0.364706 0.5 0 0
3500 0.0956028 0.166667 33.25 0.364706 0.5 0 0
3510 0.0956028 0.166667 33.25 0.364706 0.5 0 0
3520 0.0954276 0.166667 33.4167 0.364706 0.5 0 0
3530 0.0954276 0.166667 33.4167 0.364706 0.5 0 0
3540 0.0952588 0 33.4167 0.364706 0.5 0 0
3550 0.0952588 0 33.4167 0.364706 0.5 0 0
3560 0.0960345 0 33.4167 0.364706 0.5 0 0
3570 0.0960345 0 33.4167 0.364706 0.5 0 0
3580 0.0974076 0 33.4167 0.368627 0.5 0 0
3590 0.0974076 0 33.4167 0.368627 0.5 0 0
3600 0.0980478 0 33.4167 0.368627 0.5 0 0
3610 0.0980478 0 33.4167 0.372549 0.5 0 0
3620 0.0986301 0 33.4167 0.372549 0.5 0 0
3630 0.0986301 0 33.4167 0.372549 0.5 0 0
3640 0.0989587 0 33.4167 0.372549 0.5 0 0
3650 0.0989587 0 33.4167 0.372549 0.5 0 0
3660 0.099139 0 33.4167 0.372549 0.5 0 0
3670 0.099139 0 33.4167 0.372549 0.5 0 0
3680 0.0991374 0 33.4167 0.368627 0.5 0 0
3690 0.0991374 0 33.4167 0.368627 0.5 0 0
3700 0.0986153 0 33.4167 0.364706 0.5 0 0
3710 0.0986153 0 33.4167 0.360784 0.5 0 0
3720 0.0979354 0 33.4167 0.364706 0.5 0 0
3730 0.0979354 0 33.4167 0.360784 0.5 0 0
3740 0.0971909 0 33.4167 0.364706 0.5 0 0
3750 0.0971909 0 33.4167 0.360784 0.5 0 0
3760 0.0966839 0 33.4167 0.356863 0.5 0 0
3770 0.0966839 0 33.4167 0.356863 0.5 0 0
3780 0.0954857 0 33.4167 0.356863 0.5 0 0
3790 0.0954857 0 33.4167 0.356863 0.5 0 0
3800 0.0947481 0 33.4167 0.352941 0.5 0 0
3810 0.0947481 0 33.4167 0.352941 0.5 0 0
3820 0.0940923 0 33.4167 0.352941 0.5 0 0
3830 0.0940923 0 33.4167 0.352941 0.5 0 0
3840 0.0926435 0 33.4167 0.352941 0.5 0 0
3850 0.0926435 0 33.4167 0.352941 0.5 0 0
3860 0.0915356 0 33.4167 0.352941 0.5 0 0
3870 0.0915356 0 33.4167 0.356863 0.5 0 0
3880 0.0909489 0 33.4167 0.356863 0.5 0 0
3890 0.0909489 0 33.4167 0.356863 0.5 0 0
3900 0.0907593 0 33.4167 0.356863 0.5 0 0
3910 0.0907593 0 33.4167 0.356863 0.5 0 0
3920 0.0914444 0 33.4167 0.356863 0.5 0 0
3930 0.0914444 0 33.4167 0.356863 0.5 0 0
3940 0.0922136 0 33.4167 0.356863 0.5 0 0
3950 0.0922136 0 33.4167 0.356863 0.5 0 0
3960 0.0932158 0 33.4167 0.356863 0.5 0 0
3970 0.0932158 0 33.4167 0.360784 0.5 0 0
3980 0.0936897 0 33.4167 0.360784 0.5 0 0
3990 0.0936897 0 33.4167 0.360784 0.5 0 0
4000 0.0938159 0 33.4167 0.360784 0.5 0 0
4010 0.0938159 0 33.4167 0.360784 0.5 0 0
4020 0.09384 0 33.4167 0.360784 0.5 0 0
4030 0.09384 0 33.4167 0.360784 0.5 0 0
4040 0.0937989 0 33.4167 0.360784 0.5 0 0
4050 0.0937989 0 33.4167 0.360784 0.5 0 0
4060 0.0933746 0 33.4167 0.356863 0.5 0 0
4070 0.0933746 0 33.4167 0.352941 0.5 0 0
4080 0.091992 0 33.4167 0.34902 0.5 0 0
4090 0.091992 0 33.4167 0.34902 0.5 0 0
4100 0.0917581 0 33.4167 0.345098 0.5 0 0
4110 0.0917581 0 33.4167 0.34902 0.5 0 0
4120 0.0925884 0 33.4167 0.34902 0.5 0 0
4130 0.0925884 0 33.4167 0.34902 0.5 0 0
4140 0.0918745 0 33.4167 0.34902 0.5 0 0
4150 0.0918745 0 33.4167 0.345098 0.5 0 0
4160 0.0906411 0 33.4167 0.345098 0.5 0 0
4170 0.0906411 0 33.4167 0.341176 0.5 0 0
4180 0.0896438 0 33.4167 0.341176 0.5 0 0
4190 0.0896438 0 33.4167 0.345098 0.5 0 0
4200 0.0887175 0 33.4167 0.34902 0.5 0 0
4210 0.0887175 0 33.4167 0.352941 0.5 0 0
4220 0.0882149 0 33.4167 0.356863 0.5 0 0
4230 0.0882149 0 33.4167 0.360784 0.5 0 0
4240 0.0876584 0 33.4167 0.356863 0.5 0 0
4250 0.0876584 0 33.4167 0.352941 0.5 0 0
4260 0.0866345 0 33.4167 0.345098 0.5 0 0
4270 0.0866345 0 33.4167 0.341176 0.5 0 0
4280 0.0852551 0 33.4167 0.341176 0.5 0 0
4290 0.0852551 0 33.4167 0.341176 0.5 0 0
4300 0.0845558 0 33.4167 0.341176 0.5 0 0
4310 0.0845558 0 33.4167 0.341176 0.5 0 0
4320 0.084149 0 33.4167 0.341176 0.5 0 0
4330 0.084149 0 33.4167 0.337255 0.5 0 0
4340 0.0831224 0 33.4167 0.337255 0.5 0 0
4350 0.0831224 0 33.4167 0.337255 0.5 0 0
4360 0.0830418 0.166667 33.5833 0.337255 0.5 0 0
4370 0.0830418 0.166667 33.5833 0.337255 0.5 0 0
4380 0.0830205 0.166667 33.75 0.333333 0.5 0 0
4390 0.0830205 0.166667 33.75 0.333333 0.5 0 0
4400 0.0831652 0.166667 33.9167 0.333333 0.5 0 0
4410 0.0831652 0.166667 33.9167 0.333333 0.5 0 0
4420 0.083138 0.25 34.1667 0.333333 0.5 0 0
4430 0.083138 0.25 34.1667 0.333333 0.5 0 0
4440 0.0829519 0.25 34.4167 0.333333 0.5 0 0
4450 0.0829519 0.25 34.4167 0.333333 0.5 0 0
4460 0.0829137 0.25 34.6667 0.333333 0.5 0 0
4470 0.0829137 0.25 34.6667 0.333333 0.5 0 0
4480 0.0826501 0.166667 34.8333 0.333333 0.5 0 0
4490 0.0826501 0.166667 34.8333 0.333333 0.5 0 0
4500 0.0823186 0.166667 35 0.333333 0.5 0 0
4510 0.0823186 0.166667 35 0.333333 0.5 0 0
4520 0.0819254 0.166667 35.1667 0.329412 0.5 0 0
4530 0.0819254 0.166667 35.1667 0.329412 0.5 0 0
4540 0.081408 0.166667 35.3333 0.329412 0.5 0 0
4550 0.081408 0.166667 35.3333 0.329412 0.5 0 0
4560 0.0815449 0.166667 35.5 0.329412 0.5 0 0
4570 0.0815449 0.166667 35.5 0.329412 0.5 0 0
4580 0.0815635 0.166667 35.6667 0.329412 0.5 0 0
4590 0.0815635 0.166667 35.6667 0.329412 0.5 0 0
4600 0.0822457 0 35.6667 0.329412 0.5 0 0
4610 0.0822457 0 35.6667 0.337255 0.5 0 0
4620 0.0827874 0 35.6667 0.341176 0.5 0 0
4630 0.0827874 0 35.6667 0.341176 0.5 0 0
4640 0.0832276 0 35.6667 0.341176 0.5 0 0
4650 0.0832276 0 35.6667 0.341176 0.5 0 0
4660 0.0834604 0 35.6667 0.341176 0.5 0 0
4670 0.0834604 0 35.6667 0.341176 0.5 0 0
4680 0.0826461 0 35.6667 0.329412 0.5 0 0
4690 0.0826461 0 35.6667 0.32549 0.5 0 0
4700 0.0811888 0 35.6667 0.32549 0.5 0 0
4710 0.0811888 0 35.6667 0.333333 0.5 0 0
4720 0.08151 0 35.6667 0.337255 0.5 0 0
4730 0.08151 0 35.6667 0.341176 0.5 0 0
4740 0.0817678 0 35.6667 0.341176 0.5 0 0
4750 0.0817678 0 35.6667 0.337255 0.5 0 0
4760 0.0810716 0 35.6667 0.333333 0.5 0 0
4770 0.0810716 0 35.6667 0.329412 0.5 0 0
4780 0.0798189 0 35.6667 0.329412 0.5 0 0
4790 0.0798189 0 35.6667 0.329412 0.5 0 0
4800 0.0784136 0 35.6667 0.329412 0.5 0 0
4810 0.0784136 0 35.6667 0.329412 0.5 0 0
4820 0.0780317 0.166667 35.8333 0.329412 0.5 0 0
4830 0.0780317 0.166667 35.8333 0.329412 0.5 0 0
4840 0.0780855 0.25 36.0833 0.329412 0.5 0 0
4850 0.0780855 0.25 36.0833 0.329412 0.5 0 0
4860 0.0780532 0.25 36.3333 0.329412 0.5 0 0
4870 0.0780532 0.25 36.3333 0.329412 0.5 0 0
4880 0.0780073 0.25 36.5833 0.329412 0.5 0 0
4890 0.0780073 0.25 36.5833 0.329412 0.5 0 0
4900 0.0778229 0.25 36.8333 0.32549 0.5 0 0
4910 0.0778229 0.25 36.8333 0.32549 0.5 0 0
4920 0.0777485 0.25 37.0833 0.32549 0.5 0 0
4930 0.0777485 0.25 37.0833 0.32549 0.5 0 0
4940 0.0775784 0.25 37.3333 0.32549 0.5 0 0
4950 0.0775784 0.25 37.3333 0.32549 0.5 0 0
4960 0.0770601 0.166667 37.5 0.32549 0.5 0 0
4970 0.0770601 0.166667 37.5 0.32549 0.5 0 0
4980 0.0766076 0.166667 37.6667 0.32549 0.5 0 0
4990 0.0766076 0.166667 37.6667 0.32549 0.5 0 0
5000 0.0764759 0.333333 38 0.32549 0.5 0 0
5010 0.0764759 0.333333 38 0.32549 0.5 0 0
5020 0.0759169 0.333333 38.3333 0.321569 0.5 0 0
5030 0.0759169 0.333333 38.3333 0.321569 0.5 0 0
5040 0.0755355 0.333333 38.6667 0.321569 0.5 0 0
5050 0.0755355 0.333333 38.6667 0.321569 0.5 0 0
5060 0.0755144 0.416667 39.0833 0.321569 0.5 0 0
5070 0.0755144 0.416667 39.0833 0.321569 0.5 0 0
5080 0.0753323 0.416667 39.5 0.321569 0.5 0 0
5090 0.0753323 0.416667 39.5 0.321569 0.5 0 0
5100 0.075314 0.416667 39.9167 0.321569 0.5 0 0
5110 0.075314 0.416667 39.9167 0.321569 0.5 0 0
5120 0.0752785 0.416667 40.3333 0.321569 0.5 0 0
5130 0.0752785 0.416667 40.3333 0.321569 0.5 0 0
5140 0.0752354 0.416667 40.75 0.321569 0.5 0 0
5150 0.0752354 0.416667 40.75 0.321569 0.5 0 0
5160 0.0751875 0.416667 41.1667 0.321569 0.5 0 0
5170 0.0751875 0.416667 41.1667 0.321569 0.5 0 0
5180 0.0751388 0.416667 41.5833 0.317647 0.5 0 0
5190 0.0751388 0.416667 41.5833 0.317647 0.5 0 0
5200 0.0749916 0.333333 41.9167 0.317647 0.5 0 0
5210 0.0749916 0.333333 41.9167 0.317647 0.5 0 0
5220 0.0747292 0.333333 42.25 0.317647 0.5 0 0
5230 0.0747292 0.333333 42.25 0.317647 0.5 0 0
5240 0.0741705 0.333333 42.5833 0.317647 0.5 0 0
5250 0.0741705 0.333333 42.5833 0.317647 0.5 0 0
5260 0.0738308 0.333333 42.9167 0.317647 0.5 0 0
5270 0.0738308 0.333333 42.9167 0.313725 0.5 0 0
5280 0.0732837 0.333333 43.25 0.313725 0.5 0 0
5290 0.0732837 0.333333 43.25 0.313725 0.5 0 0
5300 0.0725013 0.333333 43.5833 0.313725 0.5 0 0
5310 0.0725013 0.333333 43.5833 0.313725 0.5 0 0
5320 0.0718858 0.333333 43.9167 0.313725 0.5 0 0
5330 0.0718858 0.333333 43.9167 0.313725 0.5 0 0
5340 0.071725 0.333333 44.25 0.313725 0.5 0 0
5350 0.071725 0.333333 44.25 0.317647 0.5 0 0
5360 0.0718069 0.333333 44.5833 0.313725 0.5 0 0
5370 0.0718069 0.333333 44.5833 0.317647 0.5 0 0
5380 0.0718894 0.333333 44.9167 0.313725 0.5 0 0
5390 0.0718894 0.333333 44.9167 0.313725 0.5 0 0
5400 0.0721135 0.166667 45.0833 0.313725 0.5 0 0
5410 0.0721135 0.166667 45.0833 0.309804 0.5 0 0
5420 0.0725627 0.166667 45.25 0.313725 0.5 0 0
5430 0.0725627 0.166667 45.25 0.313725 0.5 0 0
5440 0.0733729 0.166667 45.4167 0.317647 0.5 0 0
5450 0.0733729 0.166667 45.4167 0.317647 0.5 0 0
5460 0.0733073 0.166667 45.5833 0.321569 0.5 0 0
5470 0.0733073 0.166667 45.5833 0.321569 0.5 0 0
5480 0.0729394 0.166667 45.75 0.317647 0.5 0 0
5490 0.0729394 0.166667 45.75 0.305882 0.5 0 0
5500 0.0715356 0.166667 45.9167 0.309804 0.5 0 0
5510 0.0715356 0.166667 45.9167 0.317647 0.5 0 0
5520 0.0715806 0.166667 46.0833 0.313725 0.5 0 0
5530 0.0715806 0.166667 46.0833 0.317647 0.5 0 0
5540 0.0719669 0 46.0833 0.317647 0.5 0 0
5550 0.0719669 0 46.0833 0.305882 0.5 0 0
5560 0.0715502 0 46.0833 0.309804 0.5 0 0
5570 0.0715502 0 46.0833 0.317647 0.5 0 0
5580 0.0701064 0 46.0833 0.321569 0.5 0 0
5590 0.0701064 0 46.0833 0.317647 0.5 0 0
5600 0.0708553 0.166667 46.25 0.317647 0.5 0 0
5610 0.0708553 0.166667 46.25 0.313725 0.5 0 0
5620 0.0710722 0.166667 46.4167 0.317647 0.5 0 0
5630 0.0710722 0.166667 46.4167 0.317647 0.5 0 0
5640 0.0714756 0.166667 46.5833 0.317647 0.5 0 0
5650 0.0714756 0.166667 46.5833 0.321569 0.5 0 0
5660 0.0710369 0.166667 46.75 0.321569 0.5 0 0
5670 0.0710369 0.166667 46.75 0.321569 0.5 0 0
5680 0.0707285 0.166667 46.9167 0.321569 0.5 0 0
5690 0.0707285 0.166667 46.9167 0.317647 0.5 0 0
5700 0.070626 0.166667 47.0833 0.313725 0.5 0 0
5710 0.070626 0.166667 47.0833 0.305882 0.5 0 0
5720 0.0696674 0.166667 47.25 0.301961 0.5 0 0
5730 0.0696674 0.166667 47.25 0.301961 0.5 0 0
5740 0.0680737 0 47.25 0.301961 0.5 0 0
5750 0.0680737 0 47.25 0.301961 0.5 0 0
5760 0.0676649 0.166667 47.4167 0.301961 0.5 0 0
5770 0.0676649 0.166667 47.4167 0.301961 0.5 0 0
5780 0.0676421 0.166667 47.5833 0.301961 0.5 0 0
5790 0.0676421 0.166667 47.5833 0.301961 0.5 0 0
5800 0.067058 0.166667 47.75 0.298039 0.5 0 0
5810 0.067058 0.166667 47.75 0.301961 0.5 0 0
5820 0.0664395 0.166667 47.9167 0.298039 0.5 0 0
5830 0.0664395 0.166667 47.9167 0.298039 0.5 0 0
5840 0.0658964 0.166667 48.0833 0.298039 0.5 0 0
5850 0.0658964 0.166667 48.0833 0.298039 0.5 0 0
5860 0.0656298 0.25 48.3333 0.301961 0.5 0 0
5870 0.0656298 0.25 48.3333 0.298039 0.5 0 0
5880 0.0654338 0.25 48.5833 0.301961 0.5 0 0
5890 0.0654338 0.25 48.5833 0.298039 0.5 0 0
5900 0.0653243 0.25 48.8333 0.301961 0.5 0 0
5910 0.0653243 0.25 48.8333 0.294118 0.5 0 0
5920 0.0654781 0.25 49.0833 0.290196 0.5 0 0
5930 0.0654781 0.25 49.0833 0.290196 0.5 0 0
5940 0.065341 0.25 49.3333 0.290196 0.5 0 0
5950 0.065341 0.25 49.3333 0.290196 0.5 0 0
5960 0.0653584 0.25 49.5833 0.290196 0.5 0 0
5970 0.0653584 0.25 49.5833 0.290196 0.5 0 0
5980 0.0648515 0.25 49.8333 0.290196 0.5 0 0
5990 0.0648515 0.25 49.8333 0.290196 0.5 0 0
6000 0.0647912 0.25 50.0833 0.290196 0.5 0 0
6010 0.0647912 0.25 50.0833 0.290196 0.5 0 0
6020 0.0648817 0.166667 50.25 0.290196 0.5 0 0
6030 0.0648817 0.166667 50.25 0.294118 0.5 0 0
6040 0.0656552 0 50.25 0.298039 0.5 0 0
6050 0.0656552 0 50.25 0.301961 0.5 0 0
6060 0.066258 0 50.25 0.305882 0.5 0 0
6070 0.066258 0 50.25 0.301961 0.5 0 0
6080 0.0664015 0 50.25 0.305882 0.5 0 0
6090 0.0664015 0 50.25 0.305882 0.5 0 0
6100 0.065825 0 50.25 0.313725 0.5 0 0
6110 0.065825 0 50.25 0.313725 0.5 0 0
6120 0.0651065 0 50.25 0.305882 0.5 0 0
6130 0.0651065 0 50.25 0.309804 0.5 0 0
6140 0.0645271 0 50.25 0.301961 0.5 0 0
6150 0.0645271 0 50.25 0.282353 0.5 0 0
6160 0.0629969 0 50.25 0.282353 0.5 0 0
6170 0.0629969 0 50.25 0.282353 0.5 0 0
6180 0.0624825 0.166667 50.4167 0.286275 0.5 0 0
6190 0.0624825 0.166667 50.4167 0.282353 0.5 0 0
6200 0.0624598 0.166667 50.5833 0.282353 0.5 0 0
6210 0.0624598 0.166667 50.5833 0.282353 0.5 0 0
6220 0.0628835 0.166667 50.75 0.282353 0.5 0 0
6230 0.0628835 0.166667 50.75 0.282353 0.5 0 0
6240 0.0628325 0.166667 50.9167 0.282353 0.5 0 0
6250 0.0628325 0.166667 50.9167 0.282353 0.5 0 0
6260 0.0626403 0.25 51.1667 0.282353 0.5 0 0
6270 0.0626403 0.25 51.1667 0.278431 0.5 0 0
6280 0.0624457 0.25 51.4167 0.278431 0.5 0 0
6290 0.0624457 0.25 51.4167 0.282353 0.5 0 0
6300 0.0622763 0.25 51.6667 0.278431 0.5 0 0
6310 0.0622763 0.25 51.6667 0.278431 0.5 0 0
6320 0.0621662 0.25 51.9167 0.278431 0.5 0 0
6330 0.0621662 0.25 51.9167 0.278431 0.5 0 0
6340 0.0620994 0.333333 52.25 0.278431 0.5 0 0
6350 0.0620994 0.333333 52.25 0.278431 0.5 0 0
6360 0.0620429 0.333333 52.5833 0.278431 0.5 0 0
6370 0.0620429 0.333333 52.5833 0.27451 0.5 0 0
6380 0.0617835 0.25 52.8333 0.278431 0.5 0 0
6390 0.0617835 0.25 52.8333 0.278431 0.5 0 0
6400 0.0612705 0.25 53.0833 0.278431 0.5 0 0
6410 0.0612705 0.25 53.0833 0.278431 0.5 0 0
6420 0.0611345 0.25 53.3333 0.278431 0.5 0 0
6430 0.0611345 0.25 53.3333 0.27451 0.5 0 0
6440 0.0609579 0.25 53.5833 0.27451 0.5 0 0
6450 0.0609579 0.25 53.5833 0.27451 0.5 0 0
6460 0.060467 0.333333 53.9167 0.27451 0.5 0 0
6470 0.060467 0.333333 53.9167 0.27451 0.5 0 0
6480 0.0601321 0.333333 54.25 0.270588 0.5 0 0
6490 0.0601321 0.333333 54.25 0.270588 0.5 0 0
6500 0.0598397 0.333333 54.5833 0.270588 0.5 0 0
6510 0.0598397 0.333333 54.5833 0.270588 0.5 0 0
6520 0.059798 0.333333 54.9167 0.270588 0.5 0 0
6530 0.059798 0.333333 54.9167 0.270588 0.5 0 0
6540 0.0603533 0.5 55.4167 0.270588 0.5 0 0
6550 0.0603533 0.5 55.4167 0.270588 0.5 0 0
6560 0.0607148 0.5 55.9167 0.266667 0.5 0 0
6570 0.0607148 0.5 55.9167 0.266667 0.5 0 0
6580 0.0606994 0.75 56.6667 0.266667 0.5 0 0
6590 0.0606994 0.75 56.6667 0.266667 0.5 0 0
6600 0.0606791 0.75 57.4167 0.266667 0.5 0 0
6610 0.0606791 0.75 57.4167 0.266667 0.5 0 0
6620 0.0606645 0.75 58.1667 0.262745 0.5 0 0
6630 0.0606645 0.75 58.1667 0.266667 0.5 0 0
6640 0.0605775 0.75 58.9167 0.266667 0.5 0 0
6650 0.0605775 0.75 58.9167 0.266667 0.5 0 0
6660 0.0604704 0.583333 59.5 0.262745 0.5 0 0
6670 0.0604704 0.583333 59.5 0.262745 0.5 0 0
6680 0.0604032 0.666667 60.1667 0.262745 0.5 0 0
6690 0.0604032 0.666667 60.1667 0.262745 0.5 0 0
6700 0.0602761 0.666667 60.8333 0.262745 0.5 0 0
6710 0.0602761 0.666667 60.8333 0.262745 0.5 0 0
6720 0.0601892 0.666667 61.5 0.262745 0.5 0 0
6730 0.0601892 0.666667 61.5 0.262745 0.5 0 0
6740 0.0601469 0.666667 62.1667 0.262745 0.5 0 0
6750 0.0601469 0.666667 62.1667 0.262745 0.5 0 0
6760 0.0601013 0.666667 62.8333 0.262745 0.5 0 0
6770 0.0601013 0.666667 62.8333 0.262745 0.5 0 0
6780 0.0600342 0.5 63.3333 0.262745 0.5 0 0
6790 0.0600342 0.5 63.3333 0.266667 0.5 0 0
6800 0.0599625 0.5 63.8333 0.262745 0.5 0 0
6810 0.0599625 0.5 63.8333 0.262745 0.5 0 0
6820 0.0599036 0.5 64.3333 0.262745 0.5 0 0
6830 0.0599036 0.5 64.3333 0.266667 0.5 0 0
6840 0.0598518 0.666667 65 0.270588 0.5 0 0
6850 0.0598518 0.666667 65 0.262745 0.5 0 0
6860 0.0598119 0.666667 65.6667 0.266667 0.5 0 0
6870 0.0598119 0.666667 65.6667 0.270588 0.5 0 0
6880 0.0596817 0.5 66.1667 0.266667 0.5 0 0
6890 0.0596817 0.5 66.1667 0.27451 0.5 0 0
6900 0.059375 0.416667 66.5833 0.27451 0.5 0 0
6910 0.059375 0.416667 66.5833 0.270588 0.5 0 0
6920 0.0589532 0.416667 67 0.270588 0.5 0 0
6930 0.0589532 0.416667 67 0.266667 0.5 0 0
6940 0.0590348 0.666667 67.6667 0.282353 0.5 0 0
6950 0.0590348 0.666667 67.6667 0.27451 0.5 0 0
6960 0.0586601 0.5 68.1667 0.27451 0.5 0 0
6970 0.0586601 0.5 68.1667 0.27451 0.5 0 0
6980 0.0580096 0.5 68.6667 0.27451 0.5 0 0
6990 0.0580096 0.5 68.6667 0.27451 0.5 0 0
7000 0.0574346 0.5 69.1667 0.27451 0.5 0 0
7010 0.0574346 0.5 69.1667 0.282353 0.5 0 0
7020 0.0571258 0.5 69.6667 0.282353 0.5 0 0
7030 0.0571258 0.5 69.6667 0.286275 0.5 0 0
7040 0.0571374 0.5 70.1667 0.27451 0.5 0 0
7050 0.0571374 0.5 70.1667 0.27451 0.5 0 0
7060 0.057142 0.333333 70.5 0.282353 0.5 0 0
7070 0.057142 0.333333 70.5 0.282353 0.5 0 0
7080 0.0570306 0.5 71 0.282353 0.5 0 0
7090 0.0570306 0.5 71 0.282353 0.5 0 0
7100 0.0570574 0.75 71.75 0.286275 0.5 0 0
7110 0.0570574 0.75 71.75 0.278431 0.5 0 0
7120 0.0570612 0.75 72.5 0.278431 0.5 0 0
7130 0.0570612 0.75 72.5 0.278431 0.5 0 0
7140 0.0570637 0.75 73.25 0.278431 0.5 0 0
7150 0.0570637 0.75 73.25 0.27451 0.5 0 0
7160 0.0570637 0.75 74 0.282353 0.5 0 0
7170 0.0570637 0.75 74 0.278431 0.5 0 0
7180 0.0570637 0.583333 74.5833 0.286275 0.5 0 0
7190 0.0570637 0.583333 74.5833 0.278431 0.5 0 0
7200 0.0570637 0.75 75.3333 0.286275 0.5 0 0
7210 0.0570637 0.75 75.3333 0.278431 0.5 0 0
7220 0.057083 0.833333 76.1667 0.286275 0.5 0 0
7230 0.057083 0.833333 76.1667 0.27451 0.5 0 0
7240 0.0570827 0.833333 77 0.278431 0.5 0 0
7250 0.0570827 0.833333 77 0.282353 0.5 0 0
7260 0.0570827 0.833333 77.8333 0.282353 0.5 0 0
7270 0.0570827 0.833333 77.8333 0.286275 0.5 0 0
7280 0.0570827 0.833333 78.6667 0.27451 0.5 0 0
7290 0.0570827 0.833333 78.6667 0.282353 0.5 0 0
7300 0.0570827 0.833333 79.5 0.282353 0.5 0 0
7310 0.0570827 0.833333 79.5 0.27451 0.5 0 0
7320 0.057083 0.666667 80.1667 0.286275 0.5 0 0
7330 0.057083 0.666667 80.1667 0.27451 0.5 0 0
7340 0.0570298 0.666667 80.8333 0.278431 0.5 0 0
7350 0.0570298 0.666667 80.8333 0.282353 0.5 0 0
7360 0.0570015 0.666667 81.5 0.282353 0.5 0 0
7370 0.0570015 0.666667 81.5 0.278431 0.5 0 0
7380 0.0570009 0.666667 82.1667 0.282353 0.5 0 0
7390 0.0570009 0.666667 82.1667 0.278431 0.5 0 0
7400 0.0570002 0.666667 82.8333 0.278431 0.5 0 0
7410 0.0570002 0.666667 82.8333 0.282353 0.5 0 0
7420 0.0570002 0.666667 83.5 0.278431 0.5 0 0
7430 0.0570002 0.666667 83.5 0.278431 0.5 0 0
7440 0.0570015 0.666667 84.1667 0.286275 0.5 0 0
7450 0.0570015 0.666667 84.1667 0.286275 0.5 0 0
7460 0.0569997 0.583333 84.75 0.278431 0.5 0 0
7470 0.0569997 0.583333 84.75 0.278431 0.5 0 0
7480 0.0569997 0.583333 85.3333 0.282353 0.5 0 0
7490 0.0569997 0.583333 85.3333 0.278431 0.5 0 0
7500 0.0569997 0.666667 86 0.282353 0.5 0 0
7510 0.0569997 0.666667 86 0.278431 0.5 0 0
7520 0.0569997 0.666667 86.6667 0.278431 0.5 0 0
7530 0.0569997 0.666667 86.6667 0.282353 0.5 0 0
7540 0.0569964 0.666667 87.3333 0.286275 0.5 0 0
7550 0.0569964 0.666667 87.3333 0.278431 0.5 0 0
7560 0.0570119 0.833333 88.1667 0.286275 0.5 0 0
7570 0.0570119 0.833333 88.1667 0.282353 0.5 0 0
7580 0.0570052 0.916667 89.0833 0.278431 0.5 0 0
7590 0.0570052 0.916667 89.0833 0.282353 0.5 0 0
7600 0.0570051 0.916667 90 0.282353 0.5 0 0
7610 0.0570051 0.916667 90 0.286275 0.5 0 0
7620 0.0570051 0.916667 90.9167 0.278431 0.5 0 0
7630 0.0570051 0.916667 90.9167 0.286275 0.5 0 0
7640 0.0571018 0.916667 91.8333 0.278431 0.5 0 0
7650 0.0571018 0.916667 91.8333 0.286275 0.5 0 0
7660 0.0573236 0.916667 92.75 0.27451 0.5 0 0
7670 0.0573236 0.916667 92.75 0.282353 0.5 0 0
7680 0.0583714 0.583333 93.3333 0.286275 0.5 0 0
7690 0.0583714 0.583333 93.3333 0.282353 0.5 0 0
7700 0.0588775 0.25 93.5833 0.282353 0.5 0 0
7710 0.0588775 0.25 93.5833 0.282353 0.5 0 0
7720 0.059074 0.666667 94.25 0.278431 0.5 0 0
7730 0.059074 0.666667 94.25 0.278431 0.5 0 0
7740 0.060245 0.916667 95.1667 0.286275 0.5 0 0
7750 0.060245 0.916667 95.1667 0.286275 0.5 0 0
7760 0.0607587 0.916667 96.0833 0.290196 0.5 0 0
7770 0.0607587 0.916667 96.0833 0.298039 0.5 0 0
7780 0.0607646 0.833333 96.9167 0.298039 0.5 0 0
7790 0.0607646 0.833333 96.9167 0.286275 0.5 0 0
7800 0.0607646 0.833333 97.75 0.282353 0.5 0 0
7810 0.0607646 0.833333 97.75 0.294118 0.5 0 0
7820 0.0607646 0.75 98.5 0.290196 0.5 0 0
7830 0.0607646 0.75 98.5 0.290196 0.5 0 0
7840 0.0607646 0.416667 98.9167 0.294118 0.5 0 0
7850 0.0607646 0.416667 98.9167 0.286275 0.5 0 0
7860 0.0607646 0.5 99.4167 0.298039 0.5 0 0
7870 0.0607646 0.5 99.4167 0.290196 0.5 0 0
7880 0.0606592 0.5 99.9167 0.290196 0.5 0 0
7890 0.0606592 0.5 99.9167 0.290196 0.5 0 0
7900 0.0600106 0.5 100.417 0.301961 0.5 0 0
7910 0.0600106 0.5 100.417 0.294118 0.5 0 0
7920 0.0599111 0.5 100.917 0.298039 0.5 0 0
7930 0.0599111 0.5 100.917 0.286275 0.5 0 0
7940 0.0599523 0.416667 101.333 0.27451 0.5 0 0
7950 0.0599523 0.416667 101.333 0.270588 0.5 0 0
7960 0.0589206 0.5 101.833 0.266667 0.5 0 0
7970 0.0589206 0.5 101.833 0.266667 0.5 0 0
7980 0.0571694 0.25 102.083 0.254902 0.5 0 0
7990 0.0571694 0.25 102.083 0.254902 0.5 0 0
8000 0.0556465 0.583333 102.667 0.254902 0.5 0 0
8010 0.0556465 0.583333 102.667 0.258824 0.5 0 0
8020 0.0552055 0.583333 103.25 0.254902 0.5 0 0
8030 0.0552055 0.583333 103.25 0.254902 0.5 0 0
8040 0.0547767 0.583333 103.833 0.262745 0.5 0 0
8050 0.0547767 0.583333 103.833 0.262745 0.5 0 0
8060 0.0546711 0.583333 104.417 0.258824 0.5 0 0
8070 0.0546711 0.583333 104.417 0.262745 0.5 0 0
8080 0.0545663 0.583333 105 0.262745 0.5 0 0
8090 0.0545663 0.583333 105 0.262745 0.5 0 0
8100 0.0548011 0.5 105.5 0.254902 0.5 0 0
8110 0.0548011 0.5 105.5 0.254902 0.5 0 0
8120 0.054837 0.416667 105.917 0.25098 0.5 0 0
8130 0.054837 0.416667 105.917 0.247059 0.5 0 0
8140 0.0546917 0.5 106.417 0.243137 0.5 0 0
8150 0.0546917 0.5 106.417 0.247059 0.5 0 0
8160 0.0542611 0.5 106.917 0.258824 0.5 0 0
8170 0.0542611 0.5 106.917 0.258824 0.5 0 0
8180 0.0540924 0.666667 107.583 0.254902 0.5 0 0
8190 0.0540924 0.666667 107.583 0.254902 0.5 0 0
8200 0.0537347 0.666667 108.25 0.25098 0.5 0 0
8210 0.0537347 0.666667 108.25 0.254902 0.5 0 0
8220 0.0534959 0.666667 108.917 0.254902 0.5 0 0
8230 0.0534959 0.666667 108.917 0.25098 0.5 0 0
8240 0.053525 0.583333 109.5 0.254902 0.5 0 0
8250 0.053525 0.583333 109.5 0.254902 0.5 0 0
8260 0.0533679 0.5 110 0.25098 0.5 0 0
8270 0.0533679 0.5 110 0.25098 0.5 0 0
8280 0.0534481 0.666667 110.667 0.254902 0.5 0 0
8290 0.0534481 0.666667 110.667 0.247059 0.5 0 0
8300 0.053556 0.666667 111.333 0.247059 0.5 0 0
8310 0.053556 0.666667 111.333 0.247059 0.5 0 0
8320 0.0535473 0.666667 112 0.247059 0.5 0 0
8330 0.0535473 0.666667 112 0.247059 0.5 0 0
8340 0.0536477 0.666667 112.667 0.243137 0.5 0 0
8350 0.0536477 0.666667 112.667 0.243137 0.5 0 0
8360 0.0536178 0.5 113.167 0.243137 0.5 0 0
8370 0.0536178 0.5 113.167 0.243137 0.5 0 0
8380 0.0541226 0.5 113.667 0.25098 0.5 0 0
8390 0.0541226 0.5 113.667 0.254902 0.5 0 0
8400 0.0541275 0.5 114.167 0.254902 0.5 0 0
8410 0.0541275 0.5 114.167 0.254902 0.5 0 0
8420 0.0541166 0.5 114.667 0.254902 0.5 0 0
8430 0.0541166 0.5 114.667 0.254902 0.5 0 0
8440 0.0539798 0.5 115.167 0.266667 0.5 0 0
8450 0.0539798 0.5 115.167 0.266667 0.5 0 0
8460 0.0537515 0.5 115.667 0.27451 0.5 0 0
8470 0.0537515 0.5 115.667 0.266667 0.5 0 0
8480 0.0534556 0.5 116.167 0.270588 0.5 0 0
8490 0.0534556 0.5 116.167 0.258824 0.5 0 0
8500 0.0527678 0.5 116.667 0.25098 0.5 0 0
8510 0.0527678 0.5 116.667 0.239216 0.5 0 0
8520 0.0516049 0.5 117.167 0.223529 0.5 0 0
8530 0.0516049 0.5 117.167 0.219608 0.5 0 0
8540 0.0506612 0.583333 117.75 0.215686 0.5 0 0
8550 0.0506612 0.583333 117.75 0.215686 0.5 0 0
8560 0.0500053 0.583333 118.333 0.215686 0.5 0 0
8570 0.0500053 0.583333 118.333 0.215686 0.5 0 0
8580 0.0495776 0.5 118.833 0.215686 0.5 0 0
8590 0.0495776 0.5 118.833 0.211765 0.5 0 0
8600 0.0492908 0.5 119.333 0.215686 0.5 0 0
8610 0.0492908 0.5 119.333 0.215686 0.5 0 0
8620 0.0492239 0.5 119.833 0.215686 0.5 0 0
8630 0.0492239 0.5 119.833 0.215686 0.5 0 0
8640 0.0491433 0.5 120.333 0.215686 0.5 0 0
8650 0.0491433 0.5 120.333 0.215686 0.5 0 0
8660 0.0491355 0.5 120.833 0.215686 0.5 0 0
8670 0.0491355 0.5 120.833 0.215686 0.5 0 0
8680 0.0491073 0.5 121.333 0.215686 0.5 0 0
8690 0.0491073 0.5 121.333 0.215686 0.5 0 0
8700 0.0490942 0.5 121.833 0.215686 0.5 0 0
8710 0.0490942 0.5 121.833 0.211765 0.5 0 0
8720 0.0490844 0.5 122.333 0.211765 0.5 0 0
8730 0.0490844 0.5 122.333 0.211765 0.5 0 0
8740 0.0490662 0.5 122.833 0.215686 0.5 0 0
8750 0.0490662 0.5 122.833 0.215686 0.5 0 0
8760 0.0490587 0.5 123.333 0.211765 0.5 0 0
8770 0.0490587 0.5 123.333 0.215686 0.5 0 0
8780 0.0490538 0.5 123.833 0.211765 0.5 0 0
8790 0.0490538 0.5 123.833 0.211765 0.5 0 0
8800 0.0490349 0.5 124.333 0.211765 0.5 0 0
8810 0.0490349 0.5 124.333 0.211765 0.5 0 0
8820 0.0490706 0.583333 124.917 0.211765 0.5 0 0
8830 0.0490706 0.583333 124.917 0.211765 0.5 0 0
8840 0.0490768 0.833333 125.75 0.211765 0.5 0 0
8850 0.0490768 0.833333 125.75 0.211765 0.5 0 0
8860 0.0490415 0.833333 126.583 0.211765 0.5 0 0
8870 0.0490415 0.833333 126.583 0.211765 0.5 0 0
8880 0.0490455 0.833333 127.417 0.211765 0.5 0 0
8890 0.0490455 0.833333 127.417 0.211765 0.5 0 0
8900 0.0490507 0.833333 128.25 0.211765 0.5 0 0
8910 0.0490507 0.833333 128.25 0.211765 0.5 0 0
8920 0.0490554 0.833333 129.083 0.211765 0.5 0 0
8930 0.0490554 0.833333 129.083 0.211765 0.5 0 0
8940 0.049061 0.833333 129.917 0.211765 0.5 0 0
8950 0.049061 0.833333 129.917 0.211765 0.5 0 0
8960 0.0490661 0.833333 130.75 0.211765 0.5 0 0
8970 0.0490661 0.833333 130.75 0.211765 0.5 0 0
8980 0.0490717 0.833333 131.583 0.211765 0.5 0 0
8990 0.0490717 0.833333 131.583 0.211765 0.5 0 0
9000 0.0490758 0.833333 132.417 0.215686 0.5 0 0
9010 0.0490758 0.833333 132.417 0.211765 0.5 0 0
9020 0.0490797 0.833333 133.25 0.215686 0.5 0 0
9030 0.0490797 0.833333 133.25 0.211765 0.5 0 0
9040 0.0490846 0.833333 134.083 0.211765 0.5 0 0
9050 0.0490846 0.833333 134.083 0.211765 0.5 0 0
9060 0.0490876 0.833333 134.917 0.211765 0.5 0 0
9070 0.0490876 0.833333 134.917 0.211765 0.5 0 0
9080 0.0490916 0.833333 135.75 0.211765 0.5 0 0
9090 0.0490916 0.833333 135.75 0.211765 0.5 0 0
9100 0.0490942 0.75 136.5 0.211765 0.5 0 0
9110 0.0490942 0.75 136.5 0.215686 0.5 0 0
9120 0.0490972 0.75 137.25 0.215686 0.5 0 0
9130 0.0490972 0.75 137.25 0.211765 0.5 0 0
9140 0.0490999 0.75 138 0.211765 0.5 0 0
9150 0.0490999 0.75 138 0.211765 0.5 0 0
9160 0.049102 0.75 138.75 0.211765 0.5 0 0
9170 0.049102 0.75 138.75 0.211765 0.5 0 0
9180 0.0491037 0.75 139.5 0.211765 0.5 0 0
9190 0.0491037 0.75 139.5 0.211765 0.5 0 0
9200 0.0491056 0.75 140.25 0.211765 0.5 0 0
9210 0.0491056 0.75 140.25 0.211765 0.5 0 0
9220 0.049107 0.75 141 0.211765 0.5 0 0
9230 0.049107 0.75 141 0.211765 0.5 0 0
9240 0.0491083 0.75 141.75 0.211765 0.5 0 0
9250 0.0491083 0.75 141.75 0.211765 0.5 0 0
9260 0.0491093 0.75 142.5 0.211765 0.5 0 0
9270 0.0491093 0.75 142.5 0.211765 0.5 0 0
9280 0.049108 0.5 143 0.211765 0.5 0 0
9290 0.049108 0.5 143 0.211765 0.5 0 0
9300 0.0491069 0.5 143.5 0.211765 0.5 0 0
9310 0.0491069 0.5 143.5 0.211765 0.5 0 0
9320 0.0491076 0.583333 144.083 0.211765 0.5 0 0
9330 0.0491076 0.583333 144.083 0.211765 0.5 0 0
9340 0.049108 0.5 144.583 0.211765 0.5 0 0
9350 0.049108 0.5 144.583 0.211765 0.5 0 0
9360 0.049108 0.583333 145.167 0.211765 0.5 0 0
9370 0.049108 0.583333 145.167 0.211765 0.5 0 0
9380 0.0491085 0.583333 145.75 0.211765 0.5 0 0
9390 0.0491085 0.583333 145.75 0.211765 0.5 0 0
9400 0.0491087 0.583333 146.333 0.211765 0.5 0 0
9410 0.0491087 0.583333 146.333 0.211765 0.5 0 0
9420 0.0491088 0.583333 146.917 0.211765 0.5 0 0
9430 0.0491088 0.583333 146.917 0.211765 0.5 0 0
9440 0.0491088 0.583333 147.5 0.211765 0.5 0 0
9450 0.0491088 0.583333 147.5 0.211765 0.5 0 0
9460 0.049109 0.583333 148.083 0.211765 0.5 0 0
9470 0.049109 0.583333 148.083 0.211765 0.5 0 0
9480 0.0491089 0.666667 148.75 0.211765 0.5 0 0
9490 0.0491089 0.666667 148.75 0.211765 0.5 0 0
9500 0.0491089 0.666667 149.417 0.211765 0.5 0 0
9510 0.0491089 0.666667 149.417 0.211765 0.5 0 0
9520 0.0491089 0.666667 150.083 0.211765 0.5 0 0
9530 0.0491089 0.666667 150.083 0.211765 0.5 0 0
9540 0.0491089 0.833333 150.917 0.211765 0.5 0 0
9550 0.0491089 0.833333 150.917 0.211765 0.5 0 0
9560 0.0489441 0.916667 151.833 0.211765 0.5 0 0
9570 0.0489441 0.916667 151.833 0.211765 0.5 0 0
9580 0.0489321 0.916667 152.75 0.211765 0.5 0 0
9590 0.0489321 0.916667 152.75 0.211765 0.5 0 0
9600 0.048943 0.916667 153.667 0.211765 0.5 0 0
9610 0.048943 0.916667 153.667 0.211765 0.5 0 0
9620 0.0489625 0.916667 154.583 0.211765 0.5 0 0
9630 0.0489625 0.916667 154.583 0.211765 0.5 0 0
9640 0.048991 0.916667 155.5 0.211765 0.5 0 0
9650 0.048991 0.916667 155.5 0.211765 0.5 0 0
9660 0.0490199 0.916667 156.417 0.211765 0.5 0 0
9670 0.0490199 0.916667 156.417 0.211765 0.5 0 0
9680 0.0490478 0.833333 157.25 0.211765 0.5 0 0
9690 0.0490478 0.833333 157.25 0.211765 0.5 0 0
9700 0.0490789 0.75 158 0.215686 0.5 0 0
9710 0.0490789 0.75 158 0.215686 0.5 0 0
9720 0.0491097 0.75 158.75 0.211765 0.5 0 0
9730 0.0491097 0.75 158.75 0.215686 0.5 0 0
9740 0.0491486 0.916667 159.667 0.211765 0.5 0 0
9750 0.0491486 0.916667 159.667 0.211765 0.5 0 0
9760 0.0491856 0.916667 160.583 0.215686 0.5 0 0
9770 0.0491856 0.916667 160.583 0.215686 0.5 0 0
9780 0.0492248 0.916667 161.5 0.215686 0.5 0 0
9790 0.0492248 0.916667 161.5 0.215686 0.5 0 0
9800 0.0492409 0.916667 162.417 0.215686 0.5 0 0
9810 0.0492409 0.916667 162.417 0.215686 0.5 0 0
9820 0.0492516 0.833333 163.25 0.211765 0.5 0 0
9830 0.0492516 0.833333 163.25 0.215686 0.5 0 0
9840 0.0492584 0.916667 164.167 0.215686 0.5 0 0
9850 0.0492584 0.916667 164.167 0.215686 0.5 0 0
9860 0.0492841 0.916667 165.083 0.211765 0.5 0 0
9870 0.0492841 0.916667 165.083 0.215686 0.5 0 0
9880 0.0492632 0.916667 166 0.215686 0.5 0 0
9890 0.0492632 0.916667 166 0.215686 0.5 0 0
9900 0.0492891 0.916667 166.917 0.215686 0.5 0 0
9910 0.0492891 0.916667 166.917 0.215686 0.5 0 0
9920 0.0493179 0.916667 167.833 0.215686 0.5 0 0
9930 0.0493179 0.916667 167.833 0.215686 0.5 0 0
9940 0.0493424 0.833333 168.667 0.215686 0.5 0 0
9950 0.0493424 0.833333 168.667 0.215686 0.5 0 0
9960 0.0493676 0.75 169.417 0.219608 0.5 0 0
9970 0.0493676 0.75 169.417 0.219608 0.5 0 0
9980 0.0493945 0.75 170.167 0.215686 0.5 0 0
9990 0.0493945 0.75 170.167 0.215686 0.5 0 0
10000 0.0494183 0.666667 170.833 0.215686 0.5 0 0
10010 0.0494183 0.666667 170.833 0.215686 0.5 0 0
10020 0.0494366 0.75 171.583 0.215686 0.5 0 0
10030 0.0494366 0.75 171.583 0.215686 0.5 0 0
10040 0.0494299 0.75 172.333 0.219608 0.5 0 0
10050 0.0494299 0.75 172.333 0.215686 0.5 0 0
10060 0.0494553 0.75 173.083 0.219608 0.5 0 0
10070 0.0494553 0.75 173.083 0.215686 0.5 0 0
10080 0.0494809 0.75 173.833 0.219608 0.5 0 0
10090 0.0494809 0.75 173.833 0.215686 0.5 0 0
10100 0.0495079 0.75 174.583 0.219608 0.5 0 0
10110 0.0495079 0.75 174.583 0.219608 0.5 0 0
10120 0.0495353 0.75 175.333 0.215686 0.5 0 0
10130 0.0495353 0.75 175.333 0.219608 0.5 0 0
10140 0.0495591 0.583333 175.917 0.219608 0.5 0 0
10150 0.0495591 0.583333 175.917 0.219608 0.5 0 0
10160 0.0495815 0.833333 176.75 0.219608 0.5 0 0
10170 0.0495815 0.833333 176.75 0.219608 0.5 0 0
10180 0.0495975 0.833333 177.583 0.219608 0.5 0 0
10190 0.0495975 0.833333 177.583 0.219608 0.5 0 0
10200 0.0496157 0.833333 178.417 0.219608 0.5 0 0
10210 0.0496157 0.833333 178.417 0.215686 0.5 0 0
10220 0.0496361 0.833333 179.25 0.219608 0.5 0 0
10230 0.0496361 0.833333 179.25 0.219608 0.5 0 0
10240 0.0496514 0.833333 180.083 0.219608 0.5 0 0
10250 0.0496514 0.833333 180.083 0.219608 0.5 0 0
10260 0.0496675 0.583333 180.667 0.219608 0.5 0 0
10270 0.0496675 0.583333 180.667 0.219608 0.5 0 0
10280 0.0496836 0.666667 181.333 0.219608 0.5 0 0
10290 0.0496836 0.666667 181.333 0.219608 0.5 0 0
10300 0.0497011 0.833333 182.167 0.219608 0.5 0 0
10310 0.0497011 0.833333 182.167 0.219608 0.5 0 0
10320 0.049718 0.833333 183 0.219608 0.5 0 0
10330 0.049718 0.833333 183 0.219608 0.5 0 0
10340 0.0497324 0.833333 183.833 0.219608 0.5 0 0
10350 0.0497324 0.833333 183.833 0.223529 0.5 0 0
10360 0.0497462 0.833333 184.667 0.219608 0.5 0 0
10370 0.0497462 0.833333 184.667 0.219608 0.5 0 0
10380 0.0497604 0.75 185.417 0.219608 0.5 0 0
10390 0.0497604 0.75 185.417 0.219608 0.5 0 0
10400 0.0497785 0.583333 186 0.219608 0.5 0 0
10410 0.0497785 0.583333 186 0.219608 0.5 0 0
10420 0.0497915 0.666667 186.667 0.219608 0.5 0 0
10430 0.0497915 0.666667 186.667 0.219608 0.5 0 0
10440 0.0498064 0.583333 187.25 0.219608 0.5 0 0
10450 0.0498064 0.583333 187.25 0.219608 0.5 0 0
10460 0.049822 0.75 188 0.219608 0.5 0 0
10470 0.049822 0.75 188 0.219608 0.5 0 0
10480 0.0498359 0.75 188.75 0.223529 0.5 0 0
10490 0.0498359 0.75 188.75 0.219608 0.5 0 0
10500 0.0498497 0.75 189.5 0.219608 0.5 0 0
10510 0.0498497 0.75 189.5 0.219608 0.5 0 0
10520 0.049862 0.75 190.25 0.223529 0.5 0 0
10530 0.049862 0.75 190.25 0.223529 0.5 0 0
10540 0.0498764 0.75 191 0.219608 0.5 0 0
10550 0.0498764 0.75 191 0.219608 0.5 0 0
10560 0.0498874 0.833333 191.833 0.219608 0.5 0 0
10570 0.0498874 0.833333 191.833 0.219608 0.5 0 0
10580 0.0498869 0.833333 192.667 0.219608 0.5 0 0
10590 0.0498869 0.833333 192.667 0.219608 0.5 0 0
10600 0.0499003 0.833333 193.5 0.219608 0.5 0 0
10610 0.0499003 0.833333 193.5 0.223529 0.5 0 0
10620 0.0499148 0.833333 194.333 0.223529 0.5 0 0
10630 0.0499148 0.833333 194.333 0.219608 0.5 0 0
10640 0.0499305 0.833333 195.167 0.223529 0.5 0 0
10650 0.0499305 0.833333 195.167 0.219608 0.5 0 0
10660 0.0499404 0.833333 196 0.219608 0.5 0 0
10670 0.0499404 0.833333 196 0.219608 0.5 0 0
10680 0.0499528 0.75 196.75 0.219608 0.5 0 0
10690 0.0499528 0.75 196.75 0.219608 0.5 0 0
10700 0.0499608 0.75 197.5 0.219608 0.5 0 0
10710 0.0499608 0.75 197.5 0.223529 0.5 0 0
10720 0.0499728 0.833333 198.333 0.223529 0.5 0 0
10730 0.0499728 0.833333 198.333 0.219608 0.5 0 0
10740 0.0499867 0.833333 199.167 0.223529 0.5 0 0
10750 0.0499867 0.833333 199.167 0.219608 0.5 0 0
10760 0.0499974 0.75 199.917 0.223529 0.5 0 0
10770 0.0499974 0.75 199.917 0.219608 0.5 0 0
10780 0.0499993 0.833333 200.75 0.215686 0.5 0 0
10790 0.0499993 0.833333 200.75 0.219608 0.5 0 0
10800 0.0499951 0.833333 201.583 0.219608 0.5 0 0
10810 0.0499951 0.833333 201.583 0.223529 0.5 0 0
10820 0.0499649 0.75 202.333 0.219608 0.5 0 0
10830 0.0499649 0.75 202.333 0.219608 0.5 0 0
10840 0.0499634 0.75 203.083 0.219608 0.5 0 0
10850 0.0499634 0.75 203.083 0.219608 0.5 0 0
10860 0.0499634 0.666667 203.75 0.219608 0.5 0 0
10870 0.0499634 0.666667 203.75 0.223529 0.5 0 0
10880 0.0503167 0.666667 204.417 0.223529 0.5 0 0
10890 0.0503167 0.666667 204.417 0.227451 0.5 0 0
10900 0.0503788 0.666667 205.083 0.227451 0.5 0 0
10910 0.0503788 0.666667 205.083 0.227451 0.5 0 0
10920 0.0503839 0.666667 205.75 0.227451 0.5 0 0
10930 0.0503839 0.666667 205.75 0.223529 0.5 0 0
10940 0.050388 0.666667 206.417 0.227451 0.5 0 0
10950 0.050388 0.666667 206.417 0.227451 0.5 0 0
10960 0.0508801 0.833333 207.25 0.235294 0.5 0 0
10970 0.0508801 0.833333 207.25 0.235294 0.5 0 0
10980 0.0508849 0.833333 208.083 0.235294 0.5 0 0
10990 0.0508849 0.833333 208.083 0.235294 0.5 0 0
11000 0.0508893 0.916667 209 0.231373 0.5 0 0
11010 0.0508893 0.916667 209 0.235294 0.5 0 0
11020 0.0508961 0.916667 209.917 0.231373 0.5 0 0
11030 0.0508961 0.916667 209.917 0.235294 0.5 0 0
11040 0.0509001 0.916667 210.833 0.239216 0.5 0 0
11050 0.0509001 0.916667 210.833 0.235294 0.5 0 0
11060 0.0509043 0.666667 211.5 0.235294 0.5 0 0
11070 0.0509043 0.666667 211.5 0.239216 0.5 0 0
11080 0.0509142 0.583333 212.083 0.235294 0.5 0 0
11090 0.0509142 0.583333 212.083 0.235294 0.5 0 0
11100 0.0509142 0.583333 212.667 0.235294 0.5 0 0
11110 0.0509142 0.583333 212.667 0.235294 0.5 0 0
11120 0.0509142 0.583333 213.25 0.235294 0.5 0 0
11130 0.0509142 0.583333 213.25 0.235294 0.5 0 0
11140 0.0509142 0.333333 213.583 0.239216 0.5 0 0
11150 0.0509142 0.333333 213.583 0.239216 0.5 0 0
11160 0.0509142 0.5 214.083 0.235294 0.5 0 0
11170 0.0509142 0.5 214.083 0.235294 0.5 0 0
11180 0.0509142 0.5 214.583 0.239216 0.5 0 0
11190 0.0509142 0.5 214.583 0.235294 0.5 0 0
11200 0.0509269 0.5 215.083 0.235294 0.5 0 0
11210 0.0509269 0.5 215.083 0.235294 0.5 0 0
11220 0.0509391 0.666667 215.75 0.239216 0.5 0 0
11230 0.0509391 0.666667 215.75 0.235294 0.5 0 0
11240 0.0509391 0.666667 216.417 0.239216 0.5 0 0
11250 0.0509391 0.666667 216.417 0.235294 0.5 0 0
11260 0.0509391 0.666667 217.083 0.239216 0.5 0 0
11270 0.0509391 0.666667 217.083 0.235294 0.5 0 0
11280 0.0509391 0.833333 217.917 0.235294 0.5 0 0
11290 0.0509391 0.833333 217.917 0.235294 0.5 0 0
11300 0.0509391 0.833333 218.75 0.239216 0.5 0 0
11310 0.0509391 0.833333 218.75 0.239216 0.5 0 0
11320 0.0509391 0.833333 219.583 0.239216 0.5 0 0
11330 0.0509391 0.833333 219.583 0.239216 0.5 0 0
11340 0.0509391 0.416667 220 0.235294 0.5 0 0
11350 0.0509391 0.416667 220 0.239216 0.5 0 0
11360 0.0509174 0.583333 220.583 0.235294 0.5 0 0
11370 0.0509174 0.583333 220.583 0.235294 0.5 0 0
11380 0.0509123 0.5 221.083 0.235294 0.5 0 0
11390 0.0509123 0.5 221.083 0.235294 0.5 0 0
11400 0.0509918 0.5 221.583 0.239216 0.5 0 0
11410 0.0509918 0.5 221.583 0.239216 0.5 0 0
11420 0.0510017 0.583333 222.167 0.239216 0.5 0 0
11430 0.0510017 0.583333 222.167 0.235294 0.5 0 0
11440 0.0510017 0.583333 222.75 0.239216 0.5 0 0
11450 0.0510017 0.583333 222.75 0.239216 0.5 0 0
11460 0.0510017 0.833333 223.583 0.239216 0.5 0 0
11470 0.0510017 0.833333 223.583 0.239216 0.5 0 0
11480 0.0510017 0.666667 224.25 0.239216 0.5 0 0
11490 0.0510017 0.666667 224.25 0.239216 0.5 0 0
11500 0.0510017 0.666667 224.917 0.239216 0.5 0 0
11510 0.0510017 0.666667 224.917 0.243137 0.5 0 0
11520 0.0510017 0.666667 225.583 0.243137 0.5 0 0
11530 0.0510017 0.666667 225.583 0.239216 0.5 0 0
11540 0.0509976 0.916667 226.5 0.243137 0.5 0 0
11550 0.0509976 0.916667 226.5 0.239216 0.5 0 0
11560 0.0509961 0.833333 227.333 0.239216 0.5 0 0
11570 0.0509961 0.833333 227.333 0.239216 0.5 0 0
11580 0.0509979 0.833333 228.167 0.239216 0.5 0 0
11590 0.0509979 0.833333 228.167 0.239216 0.5 0 0
11600 0.0509981 0.833333 229 0.239216 0.5 0 0
11610 0.0509981 0.833333 229 0.239216 0.5 0 0
11620 0.0510078 0.583333 229.583 0.239216 0.5 0 0
11630 0.0510078 0.583333 229.583 0.243137 0.5 0 0
11640 0.0510322 0.75 230.333 0.243137 0.5 0 0
11650 0.0510322 0.75 230.333 0.239216 0.5 0 0
11660 0.0510468 0.833333 231.167 0.243137 0.5 0 0
11670 0.0510468 0.833333 231.167 0.247059 0.5 0 0
11680 0.0511727 0.833333 232 0.239216 0.5 0 0
11690 0.0511727 0.833333 232 0.243137 0.5 0 0
11700 0.0511755 0.833333 232.833 0.239216 0.5 0 0
11710 0.0511755 0.833333 232.833 0.243137 0.5 0 0
11720 0.0511775 0.833333 233.667 0.247059 0.5 0 0
11730 0.0511775 0.833333 233.667 0.243137 0.5 0 0
11740 0.0511822 0.666667 234.333 0.243137 0.5 0 0
11750 0.0511822 0.666667 234.333 0.243137 0.5 0 0
11760 0.051186 0.666667 235 0.239216 0.5 0 0
11770 0.051186 0.666667 235 0.239216 0.5 0 0
11780 0.0511922 0.75 235.75 0.243137 0.5 0 0
11790 0.0511922 0.75 235.75 0.247059 0.5 0 0
11800 0.0511968 0.666667 236.417 0.243137 0.5 0 0
11810 0.0511968 0.666667 236.417 0.239216 0.5 0 0
11820 0.0512016 0.666667 237.083 0.243137 0.5 0 0
11830 0.0512016 0.666667 237.083 0.247059 0.5 0 0
11840 0.0512051 0.666667 237.75 0.247059 0.5 0 0
11850 0.0512051 0.666667 237.75 0.243137 0.5 0 0
11860 0.0512074 0.666667 238.417 0.243137 0.5 0 0
11870 0.0512074 0.666667 238.417 0.239216 0.5 0 0
11880 0.0512108 0.833333 239.25 0.239216 0.5 0 0
11890 0.0512108 0.833333 239.25 0.243137 0.5 0 0
11900 0.0512129 0.666667 239.917 0.239216 0.5 0 0
11910 0.0512129 0.666667 239.917 0.239216 0.5 0 0
11920 0.051221 0.75 240.667 0.239216 0.5 0 0
11930 0.051221 0.75 240.667 0.243137 0.5 0 0
11940 0.051221 0.75 241.417 0.243137 0.5 0 0
11950 0.051221 0.75 241.417 0.247059 0.5 0 0
11960 0.051221 0.583333 242 0.239216 0.5 0 0
11970 0.051221 0.583333 242 0.239216 0.5 0 0
11980 0.051221 0.5 242.5 0.243137 0.5 0 0
11990 0.051221 0.5 242.5 0.243137 0.5 0 0
12000 0.051221 0.5 243 0.243137 0.5 0 0
12010 0.051221 0.5 243 0.247059 0.5 0 0
12020 0.051221 0.333333 243.333 0.239216 0.5 0 0
12030 0.051221 0.333333 243.333 0.243137 0.5 0 0
12040 0.0512358 0.5 243.833 0.247059 0.5 0 0
12050 0.0512358 0.5 243.833 0.239216 0.5 0 0
12060 0.0512434 0.5 244.333 0.247059 0.5 0 0
12070 0.0512434 0.5 244.333 0.247059 0.5 0 0
12080 0.0512434 0.583333 244.917 0.243137 0.5 0 0
12090 0.0512434 0.583333 244.917 0.243137 0.5 0 0
12100 0.0512434 0.666667 245.583 0.247059 0.5 0 0
12110 0.0512434 0.666667 245.583 0.239216 0.5 0 0
12120 0.0512434 0.75 246.333 0.247059 0.5 0 0
12130 0.0512434 0.75 246.333 0.243137 0.5 0 0
12140 0.0512543 0.833333 247.167 0.247059 0.5 0 0
12150 0.0512543 0.833333 247.167 0.247059 0.5 0 0
12160 0.0514297 0.833333 248 0.25098 0.5 0 0
12170 0.0514297 0.833333 248 0.25098 0.5 0 0
12180 0.0514297 0.75 248.75 0.25098 0.5 0 0
12190 0.0514297 0.75 248.75 0.247059 0.5 0 0
12200 0.0514297 0.666667 249.417 0.243137 0.5 0 0
12210 0.0514297 0.666667 249.417 0.247059 0.5 0 0
12220 0.0514308 1 250.417 0.247059 0.5 0 0
12230 0.0514308 1 250.417 0.239216 0.5 0 0
12240 0.0514367 1 251.417 0.247059 0.5 0 0
12250 0.0514367 1 251.417 0.243137 0.5 0 0
12260 0.0514456 0.75 252.167 0.247059 0.5 0 0
12270 0.0514456 0.75 252.167 0.243137 0.5 0 0
12280 0.0514866 0.916667 253.083 0.25098 0.5 0 0
12290 0.0514866 0.916667 253.083 0.247059 0.5 0 0
12300 0.0515001 0.916667 254 0.239216 0.5 0 0
12310 0.0515001 0.916667 254 0.254902 0.5 0 0
12320 0.0515173 0.75 254.75 0.243137 0.5 0 0
12330 0.0515173 0.75 254.75 0.247059 0.5 0 0
12340 0.0515287 0.75 255.5 0.243137 0.5 0 0
12350 0.0515287 0.75 255.5 0.243137 0.5 0 0
12360 0.0515391 0.75 256.25 0.247059 0.5 0 0
12370 0.0515391 0.75 256.25 0.25098 0.5 0 0
12380 0.0515488 0.666667 256.917 0.243137 0.5 0 0
12390 0.0515488 0.666667 256.917 0.247059 0.5 0 0
12400 0.0515536 0.75 257.667 0.243137 0.5 0 0
12410 0.0515536 0.75 257.667 0.25098 0.5 0 0
12420 0.0515536 0.583333 258.25 0.243137 0.5 0 0
12430 0.0515536 0.583333 258.25 0.247059 0.5 0 0
12440 0.0515547 0.583333 258.833 0.25098 0.5 0 0
12450 0.0515547 0.583333 258.833 0.243137 0.5 0 0
12460 0.0515596 0.75 259.583 0.243137 0.5 0 0
12470 0.0515596 0.75 259.583 0.239216 0.5 0 0
12480 0.0515645 0.833333 260.417 0.25098 0.5 0 0
12490 0.0515645 0.833333 260.417 0.247059 0.5 0 0
12500 0.0515645 0.833333 261.25 0.247059 0.5 0 0
12510 0.0515645 0.833333 261.25 0.243137 0.5 0 0
12520 0.0515645 0.916667 262.167 0.25098 0.5 0 0
12530 0.0515645 0.916667 262.167 0.243137 0.5 0 0
12540 0.0515645 0.916667 263.083 0.243137 0.5 0 0
12550 0.0515645 0.916667 263.083 0.243137 0.5 0 0
12560 0.0515645 0.916667 264 0.247059 0.5 0 0
12570 0.0515645 0.916667 264 0.243137 0.5 0 0
12580 0.0515657 0.916667 264.917 0.247059 0.5 0 0
12590 0.0515657 0.916667 264.917 0.247059 0.5 0 0
12600 0.0515668 0.916667 265.833 0.243137 0.5 0 0
12610 0.0515668 0.916667 265.833 0.243137 0.5 0 0
12620 0.0515668 0.916667 266.75 0.247059 0.5 0 0
12630 0.0515668 0.916667 266.75 0.243137 0.5 0 0
12640 0.0515668 0.916667 267.667 0.247059 0.5 0 0
12650 0.0515668 0.916667 267.667 0.243137 0.5 0 0
12660 0.0515668 0.75 268.417 0.243137 0.5 0 0
12670 0.0515668 0.75 268.417 0.243137 0.5 0 0
12680 0.0515668 0.833333 269.25 0.25098 0.5 0 0
12690 0.0515668 0.833333 269.25 0.243137 0.5 0 0
12700 0.0515714 0.916667 270.167 0.247059 0.5 0 0
12710 0.0515714 0.916667 270.167 0.247059 0.5 0 0
12720 0.0515716 0.916667 271.083 0.243137 0.5 0 0
12730 0.0515716 0.916667 271.083 0.243137 0.5 0 0
12740 0.0515716 0.916667 272 0.243137 0.5 0 0
12750 0.0515716 0.916667 272 0.243137 0.5 0 0
12760 0.0515716 0.833333 272.833 0.247059 0.5 0 0
12770 0.0515716 0.833333 272.833 0.243137 0.5 0 0
12780 0.0515716 0.916667 273.75 0.243137 0.5 0 0
12790 0.0515716 0.916667 273.75 0.25098 0.5 0 0
12800 0.0515732 1 274.75 0.239216 0.5 0 0
12810 0.0515732 1 274.75 0.254902 0.5 0 0
12820 0.0515734 0.916667 275.667 0.247059 0.5 0 0
12830 0.0515734 0.916667 275.667 0.243137 0.5 0 0
12840 0.0515716 1 276.667 0.243137 0.5 0 0
12850 0.0515716 1 276.667 0.239216 0.5 0 0
12860 0.0515675 1 277.667 0.25098 0.5 0 0
12870 0.0515675 1 277.667 0.247059 0.5 0 0
12880 0.0515675 0.833333 278.5 0.247059 0.5 0 0
12890 0.0515675 0.833333 278.5 0.247059 0.5 0 0
12900 0.0515675 0.833333 279.333 0.247059 0.5 0 0
12910 0.0515675 0.833333 279.333 0.25098 0.5 0 0
12920 0.051565 0.5 279.833 0.247059 0.5 0 0
12930 0.051565 0.5 279.833 0.247059 0.5 0 0
12940 0.0515247 0.916667 280.75 0.247059 0.5 0 0
12950 0.0515247 0.916667 280.75 0.247059 0.5 0 0
12960 0.0515228 0.916667 281.667 0.25098 0.5 0 0
12970 0.0515228 0.916667 281.667 0.243137 0.5 0 0
12980 0.0515276 0.916667 282.583 0.239216 0.5 0 0
12990 0.0515276 0.916667 282.583 0.243137 0.5 0 0
13000 0.0515333 0.916667 283.5 0.243137 0.5 0 0
13010 0.0515333 0.916667 283.5 0.247059 0.5 0 0
13020 0.051537 0.916667 284.417 0.243137 0.5 0 0
13030 0.051537 0.916667 284.417 0.247059 0.5 0 0
13040 0.051537 0.833333 285.25 0.243137 0.5 0 0
13050 0.051537 0.833333 285.25 0.247059 0.5 0 0
13060 0.0515074 0.666667 285.917 0.247059 0.5 0 0
13070 0.0515074 0.666667 285.917 0.243137 0.5 0 0
13080 0.0514764 0.666667 286.583 0.25098 0.5 0 0
13090 0.0514764 0.666667 286.583 0.254902 0.5 0 0
13100 0.0514705 0.583333 287.167 0.247059 0.5 0 0
13110 0.0514705 0.583333 287.167 0.25098 0.5 0 0
13120 0.0514702 0.416667 287.583 0.247059 0.5 0 0
13130 0.0514702 0.416667 287.583 0.243137 0.5 0 0
13140 0.0514702 0.583333 288.167 0.243137 0.5 0 0
13150 0.0514702 0.583333 288.167 0.247059 0.5 0 0
13160 0.0514702 0.583333 288.75 0.243137 0.5 0 0
13170 0.0514702 0.583333 288.75 0.25098 0.5 0 0
13180 0.0514488 0.666667 289.417 0.243137 0.5 0 0
13190 0.0514488 0.666667 289.417 0.247059 0.5 0 0
13200 0.0514097 0.75 290.167 0.247059 0.5 0 0
13210 0.0514097 0.75 290.167 0.243137 0.5 0 0
13220 0.0514097 0.916667 291.083 0.247059 0.5 0 0
13230 0.0514097 0.916667 291.083 0.239216 0.5 0 0
13240 0.0514097 1 292.083 0.247059 0.5 0 0
13250 0.0514097 1 292.083 0.243137 0.5 0 0
13260 0.0514097 1 293.083 0.243137 0.5 0 0
13270 0.0514097 1 293.083 0.247059 0.5 0 0
13280 0.0514097 1 294.083 0.247059 0.5 0 0
13290 0.0514097 1 294.083 0.243137 0.5 0 0
13300 0.0514097 1 295.083 0.254902 0.5 0 0
13310 0.0514097 1 295.083 0.25098 0.5 0 0
13320 0.051418 0.916667 296 0.247059 0.5 0 0
13330 0.051418 0.916667 296 0.25098 0.5 0 0
13340 0.0514753 0.916667 296.917 0.247059 0.5 0 0
13350 0.0514753 0.916667 296.917 0.243137 0.5 0 0
13360 0.0514753 0.833333 297.75 0.247059 0.5 0 0
13370 0.0514753 0.833333 297.75 0.247059 0.5 0 0
13380 0.0514753 0.833333 298.583 0.243137 0.5 0 0
13390 0.0514753 0.833333 298.583 0.247059 0.5 0 0
13400 0.0514753 0.916667 299.5 0.247059 0.5 0 0
13410 0.0514753 0.916667 299.5 0.247059 0.5 0 0
13420 0.0514725 1 300.5 0.25098 0.5 0 0
13430 0.0514725 1 300.5 0.247059 0.5 0 0
13440 0.0514664 0.916667 301.417 0.247059 0.5 0 0
13450 0.0514664 0.916667 301.417 0.247059 0.5 0 0
13460 0.0514602 0.916667 302.333 0.247059 0.5 0 0
13470 0.0514602 0.916667 302.333 0.243137 0.5 0 0
13480 0.051458 0.916667 303.25 0.254902 0.5 0 0
13490 0.051458 0.916667 303.25 0.247059 0.5 0 0
13500 0.051458 0.916667 304.167 0.243137 0.5 0 0
13510 0.051458 0.916667 304.167 0.25098 0.5 0 0
13520 0.051458 0.833333 305 0.247059 0.5 0 0
13530 0.051458 0.833333 305 0.25098 0.5 0 0
13540 0.0514385 1 306 0.247059 0.5 0 0
13550 0.0514385 1 306 0.247059 0.5 0 0
13560 0.0514377 1 307 0.247059 0.5 0 0
13570 0.0514377 1 307 0.25098 0.5 0 0
13580 0.0514377 1 308 0.247059 0.5 0 0
13590 0.0514377 1 308 0.247059 0.5 0 0
13600 0.0514377 0.916667 308.917 0.25098 0.5 0 0
13610 0.0514377 0.916667 308.917 0.25098 0.5 0 0
13620 0.0514377 0.916667 309.833 0.25098 0.5 0 0
13630 0.0514377 0.916667 309.833 0.247059 0.5 0 0
13640 0.0514365 0.666667 310.5 0.247059 0.5 0 0
13650 0.0514365 0.666667 310.5 0.25098 0.5 0 0
13660 0.0514286 0.833333 311.333 0.254902 0.5 0 0
13670 0.0514286 0.833333 311.333 0.243137 0.5 0 0
13680 0.0514249 0.833333 312.167 0.25098 0.5 0 0
13690 0.0514249 0.833333 312.167 0.247059 0.5 0 0
13700 0.0514229 0.833333 313 0.247059 0.5 0 0
13710 0.0514229 0.833333 313 0.247059 0.5 0 0
13720 0.051419 0.916667 313.917 0.25098 0.5 0 0
13730 0.051419 0.916667 313.917 0.25098 0.5 0 0
13740 0.0514177 0.916667 314.833 0.25098 0.5 0 0
13750 0.0514177 0.916667 314.833 0.25098 0.5 0 0
13760 0.0514162 0.916667 315.75 0.25098 0.5 0 0
13770 0.0514162 0.916667 315.75 0.25098 0.5 0 0
13780 0.0514106 0.75 316.5 0.247059 0.5 0 0
13790 0.0514106 0.75 316.5 0.247059 0.5 0 0
13800 0.0514094 0.75 317.25 0.247059 0.5 0 0
13810 0.0514094 0.75 317.25 0.247059 0.5 0 0
13820 0.051145 0.75 318 0.247059 0.5 0 0
13830 0.051145 0.75 318 0.254902 0.5 0 0
13840 0.0505926 0.666667 318.667 0.262745 0.5 0 0
13850 0.0505926 0.666667 318.667 0.266667 0.5 0 0
13860 0.0505628 0.75 319.417 0.270588 0.5 0 0
13870 0.0505628 0.75 319.417 0.266667 0.5 0 0
13880 0.0503131 0.75 320.167 0.254902 0.5 0 0
13890 0.0503131 0.75 320.167 0.227451 0.5 0 0
13900 0.0492964 0.75 320.917 0.215686 0.5 0 0
13910 0.0492964 0.75 320.917 0.207843 0.5 0 0
13920 0.0477976 0.75 321.667 0.215686 0.5 0 0
13930 0.0477976 0.75 321.667 0.215686 0.5 0 0
13940 0.0475764 0.666667 322.333 0.219608 0.5 0 0
13950 0.0475764 0.666667 322.333 0.215686 0.5 0 0
13960 0.0475002 0.666667 323 0.215686 0.5 0 0
13970 0.0475002 0.666667 323 0.215686 0.5 0 0
13980 0.047073 0.666667 323.667 0.215686 0.5 0 0
13990 0.047073 0.666667 323.667 0.215686 0.5 0 0
14000 0.046815 0.666667 324.333 0.215686 0.5 0 0
14010 0.046815 0.666667 324.333 0.215686 0.5 0 0
14020 0.0466719 0.666667 325 0.219608 0.5 0 0
14030 0.0466719 0.666667 325 0.219608 0.5 0 0
14040 0.0464454 0.666667 325.667 0.215686 0.5 0 0
14050 0.0464454 0.666667 325.667 0.215686 0.5 0 0
14060 0.0464422 0.666667 326.333 0.215686 0.5 0 0
14070 0.0464422 0.666667 326.333 0.215686 0.5 0 0
14080 0.0464389 0.583333 326.917 0.215686 0.5 0 0
14090 0.0464389 0.583333 326.917 0.215686 0.5 0 0
14100 0.0464368 0.75 327.667 0.219608 0.5 0 0
14110 0.0464368 0.75 327.667 0.215686 0.5 0 0
14120 0.0463017 0.75 328.417 0.215686 0.5 0 0
14130 0.0463017 0.75 328.417 0.219608 0.5 0 0
14140 0.0462822 0.75 329.167 0.219608 0.5 0 0
14150 0.0462822 0.75 329.167 0.219608 0.5 0 0
14160 0.0462782 0.75 329.917 0.219608 0.5 0 0
14170 0.0462782 0.75 329.917 0.215686 0.5 0 0
14180 0.0462735 0.75 330.667 0.215686 0.5 0 0
14190 0.0462735 0.75 330.667 0.215686 0.5 0 0
14200 0.0462724 0.666667 331.333 0.215686 0.5 0 0
14210 0.0462724 0.666667 331.333 0.215686 0.5 0 0
14220 0.0462711 0.75 332.083 0.215686 0.5 0 0
14230 0.0462711 0.75 332.083 0.215686 0.5 0 0
14240 0.0462708 0.75 332.833 0.215686 0.5 0 0
14250 0.0462708 0.75 332.833 0.219608 0.5 0 0
14260 0.046267 0.75 333.583 0.219608 0.5 0 0
14270 0.046267 0.75 333.583 0.215686 0.5 0 0
14280 0.046264 0.75 334.333 0.215686 0.5 0 0
14290 0.046264 0.75 334.333 0.215686 0.5 0 0
14300 0.0462619 0.75 335.083 0.215686 0.5 0 0
14310 0.0462619 0.75 335.083 0.215686 0.5 0 0
14320 0.0462619 0.75 335.833 0.215686 0.5 0 0
14330 0.0462619 0.75 335.833 0.219608 0.5 0 0
14340 0.0462619 0.583333 336.417 0.215686 0.5 0 0
14350 0.0462619 0.583333 336.417 0.215686 0.5 0 0
14360 0.0462619 0.666667 337.083 0.219608 0.5 0 0
14370 0.0462619 0.666667 337.083 0.219608 0.5 0 0
14380 0.0462609 0.666667 337.75 0.215686 0.5 0 0
14390 0.0462609 0.666667 337.75 0.219608 0.5 0 0
14400 0.0462593 0.666667 338.417 0.215686 0.5 0 0
14410 0.0462593 0.666667 338.417 0.215686 0.5 0 0
14420 0.046259 0.666667 339.083 0.211765 0.5 0 0
14430 0.046259 0.666667 339.083 0.219608 0.5 0 0
14440 0.0462586 0.666667 339.75 0.215686 0.5 0 0
14450 0.0462586 0.666667 339.75 0.215686 0.5 0 0
14460 0.0462567 0.583333 340.333 0.219608 0.5 0 0
14470 0.0462567 0.583333 340.333 0.219608 0.5 0 0
14480 0.0462561 0.583333 340.917 0.215686 0.5 0 0
14490 0.0462561 0.583333 340.917 0.219608 0.5 0 0
14500 0.0462558 0.583333 341.5 0.215686 0.5 0 0
14510 0.0462558 0.583333 341.5 0.215686 0.5 0 0
14520 0.0462553 0.75 342.25 0.219608 0.5 0 0
14530 0.0462553 0.75 342.25 0.215686 0.5 0 0
14540 0.0462537 0.75 343 0.219608 0.5 0 0
14550 0.0462537 0.75 343 0.215686 0.5 0 0
14560 0.0462525 0.75 343.75 0.215686 0.5 0 0
14570 0.0462525 0.75 343.75 0.219608 0.5 0 0
14580 0.0462523 0.75 344.5 0.215686 0.5 0 0
14590 0.0462523 0.75 344.5 0.219608 0.5 0 0
14600 0.0462521 0.75 345.25 0.215686 0.5 0 0
14610 0.0462521 0.75 345.25 0.215686 0.5 0 0
14620 0.0462514 0.75 346 0.219608 0.5 0 0
14630 0.0462514 0.75 346 0.215686 0.5 0 0
14640 0.0462511 0.666667 346.667 0.219608 0.5 0 0
14650 0.0462511 0.666667 346.667 0.215686 0.5 0 0
14660 0.0462508 0.666667 347.333 0.215686 0.5 0 0
14670 0.0462508 0.666667 347.333 0.215686 0.5 0 0
14680 0.0462513 0.833333 348.167 0.215686 0.5 0 0
14690 0.0462513 0.833333 348.167 0.215686 0.5 0 0
14700 0.0462506 0.916667 349.083 0.215686 0.5 0 0
14710 0.0462506 0.916667 349.083 0.215686 0.5 0 0
14720 0.0462505 0.916667 350 0.215686 0.5 0 0
14730 0.0462505 0.916667 350 0.215686 0.5 0 0
14740 0.04625 0.916667 350.917 0.219608 0.5 0 0
14750 0.04625 0.916667 350.917 0.219608 0.5 0 0
14760 0.0462494 0.916667 351.833 0.215686 0.5 0 0
14770 0.0462494 0.916667 351.833 0.215686 0.5 0 0
14780 0.0462505 1 352.833 0.219608 0.5 0 0
14790 0.0462505 1 352.833 0.219608 0.5 0 0
14800 0.0462514 1 353.833 0.219608 0.5 0 0
14810 0.0462514 1 353.833 0.215686 0.5 0 0
14820 0.0462514 1 354.833 0.215686 0.5 0 0
14830 0.0462514 1 354.833 0.215686 0.5 0 0
14840 0.0462514 1 355.833 0.215686 0.5 0 0
14850 0.0462514 1 355.833 0.215686 0.5 0 0
14860 0.0462505 1 356.833 0.219608 0.5 0 0
14870 0.0462505 1 356.833 0.215686 0.5 0 0
14880 0.0462508 0.916667 357.75 0.215686 0.5 0 0
14890 0.0462508 0.916667 357.75 0.215686 0.5 0 0
14900 0.0462511 0.916667 358.667 0.219608 0.5 0 0
14910 0.0462511 0.916667 358.667 0.215686 0.5 0 0
14920 0.0462528 0.833333 359.5 0.215686 0.5 0 0
14930 0.0462528 0.833333 359.5 0.215686 0.5 0 0
14940 0.0462528 0.833333 360.333 0.215686 0.5 0 0
14950 0.0462528 0.833333 360.333 0.215686 0.5 0 0
14960 0.0462528 0.916667 361.25 0.215686 0.5 0 0
14970 0.0462528 0.916667 361.25 0.211765 0.5 0 0
14980 0.0462524 0.916667 362.167 0.215686 0.5 0 0
14990 0.0462524 0.916667 362.167 0.215686 0.5 0 0
15000 0.0462527 0.916667 363.083 0.215686 0.5 0 0
15010 0.0462527 0.916667 363.083 0.215686 0.5 0 0
15020 0.0462535 0.916667 364 0.219608 0.5 0 0
15030 0.0462535 0.916667 364 0.215686 0.5 0 0
15040 0.0462549 0.916667 364.917 0.215686 0.5 0 0
15050 0.0462549 0.916667 364.917 0.215686 0.5 0 0
15060 0.0462557 0.916667 365.833 0.219608 0.5 0 0
15070 0.0462557 0.916667 365.833 0.219608 0.5 0 0
15080 0.0462557 0.833333 366.667 0.215686 0.5 0 0
15090 0.0462557 0.833333 366.667 0.215686 0.5 0 0
15100 0.0462554 0.916667 367.583 0.219608 0.5 0 0
15110 0.0462554 0.916667 367.583 0.215686 0.5 0 0
15120 0.0462552 0.916667 368.5 0.219608 0.5 0 0
15130 0.0462552 0.916667 368.5 0.219608 0.5 0 0
15140 0.0462557 0.916667 369.417 0.215686 0.5 0 0
15150 0.0462557 0.916667 369.417 0.215686 0.5 0 0
15160 0.0462568 0.916667 370.333 0.215686 0.5 0 0
15170 0.0462568 0.916667 370.333 0.219608 0.5 0 0
15180 0.0462591 0.916667 371.25 0.215686 0.5 0 0
15190 0.0462591 0.916667 371.25 0.215686 0.5 0 0
15200 0.0462614 0.75 372 0.219608 0.5 0 0
15210 0.0462614 0.75 372 0.215686 0.5 0 0
15220 0.0462614 0.833333 372.833 0.215686 0.5 0 0
15230 0.0462614 0.833333 372.833 0.215686 0.5 0 0
15240 0.0462613 0.916667 373.75 0.215686 0.5 0 0
15250 0.0462613 0.916667 373.75 0.215686 0.5 0 0
15260 0.0462615 0.916667 374.667 0.215686 0.5 0 0
15270 0.0462615 0.916667 374.667 0.219608 0.5 0 0
15280 0.0462626 1 375.667 0.219608 0.5 0 0
15290 0.0462626 1 375.667 0.215686 0.5 0 0
15300 0.0462611 1 376.667 0.215686 0.5 0 0
15310 0.0462611 1 376.667 0.219608 0.5 0 0
15320 0.046263 0.833333 377.5 0.215686 0.5 0 0
15330 0.046263 0.833333 377.5 0.215686 0.5 0 0
15340 0.0462629 1 378.5 0.219608 0.5 0 0
15350 0.0462629 1 378.5 0.215686 0.5 0 0
15360 0.0462629 0.916667 379.417 0.215686 0.5 0 0
15370 0.0462629 0.916667 379.417 0.219608 0.5 0 0
15380 0.0462629 0.916667 380.333 0.215686 0.5 0 0
15390 0.0462629 0.916667 380.333 0.215686 0.5 0 0
15400 0.0462632 0.916667 381.25 0.215686 0.5 0 0
15410 0.0462632 0.916667 381.25 0.215686 0.5 0 0
15420 0.0462646 0.833333 382.083 0.215686 0.5 0 0
15430 0.0462646 0.833333 382.083 0.215686 0.5 0 0
15440 0.0462657 0.916667 383 0.215686 0.5 0 0
15450 0.0462657 0.916667 383 0.219608 0.5 0 0
15460 0.0462657 0.916667 383.917 0.215686 0.5 0 0
15470 0.0462657 0.916667 383.917 0.215686 0.5 0 0
15480 0.0462657 1 384.917 0.215686 0.5 0 0
15490 0.0462657 1 384.917 0.219608 0.5 0 0
15500 0.0462657 1 385.917 0.215686 0.5 0 0
15510 0.0462657 1 385.917 0.215686 0.5 0 0
15520 0.0462664 0.833333 386.75 0.215686 0.5 0 0
15530 0.0462664 0.833333 386.75 0.215686 0.5 0 0
15540 0.0462686 0.833333 387.583 0.215686 0.5 0 0
15550 0.0462686 0.833333 387.583 0.215686 0.5 0 0
15560 0.0462698 0.916667 388.5 0.215686 0.5 0 0
15570 0.0462698 0.916667 388.5 0.219608 0.5 0 0
15580 0.0462698 1 389.5 0.215686 0.5 0 0
15590 0.0462698 1 389.5 0.215686 0.5 0 0
15600 0.0462698 0.916667 390.417 0.215686 0.5 0 0
15610 0.0462698 0.916667 390.417 0.219608 0.5 0 0
15620 0.0462698 1 391.417 0.215686 0.5 0 0
15630 0.0462698 1 391.417 0.219608 0.5 0 0
15640 0.0462705 1 392.417 0.219608 0.5 0 0
15650 0.0462705 1 392.417 0.215686 0.5 0 0
15660 0.0462721 1 393.417 0.219608 0.5 0 0
15670 0.0462721 1 393.417 0.219608 0.5 0 0
15680 0.0462737 1 394.417 0.215686 0.5 0 0
15690 0.0462737 1 394.417 0.219608 0.5 0 0
15700 0.0462737 0.916667 395.333 0.215686 0.5 0 0
15710 0.0462737 0.916667 395.333 0.219608 0.5 0 0
15720 0.0462737 1 396.333 0.211765 0.5 0 0
15730 0.0462737 1 396.333 0.215686 0.5 0 0
15740 0.0462737 1 397.333 0.215686 0.5 0 0
15750 0.0462737 1 397.333 0.219608 0.5 0 0
15760 0.0462741 1 398.333 0.219608 0.5 0 0
15770 0.0462741 1 398.333 0.215686 0.5 0 0
15780 0.0462752 0.916667 399.25 0.219608 0.5 0 0
15790 0.0462752 0.916667 399.25 0.215686 0.5 0 0
15800 0.0462773 0.833333 400.083 0.219608 0.5 0 0
15810 0.0462773 0.833333 400.083 0.215686 0.5 0 0
15820 0.0462773 0.833333 400.917 0.219608 0.5 0 0
15830 0.0462773 0.833333 400.917 0.215686 0.5 0 0
15840 0.0462773 1 401.917 0.215686 0.5 0 0
15850 0.0462773 1 401.917 0.215686 0.5 0 0
15860 0.0462773 1 402.917 0.219608 0.5 0 0
15870 0.0462773 1 402.917 0.215686 0.5 0 0
15880 0.0462773 1 403.917 0.219608 0.5 0 0
15890 0.0462773 1 403.917 0.219608 0.5 0 0
15900 0.0462801 1 404.917 0.215686 0.5 0 0
15910 0.0462801 1 404.917 0.219608 0.5 0 0
15920 0.0462814 0.916667 405.833 0.215686 0.5 0 0
15930 0.0462814 0.916667 405.833 0.219608 0.5 0 0
15940 0.0462754 1 406.833 0.219608 0.5 0 0
15950 0.0462754 1 406.833 0.215686 0.5 0 0
15960 0.0462725 1 407.833 0.215686 0.5 0 0
15970 0.0462725 1 407.833 0.215686 0.5 0 0
15980 0.0462725 1 408.833 0.215686 0.5 0 0
15990 0.0462725 1 408.833 0.215686 0.5 0 0
16000 0.0462725 1 409.833 0.215686 0.5 0 0
16010 0.0462725 1 409.833 0.219608 0.5 0 0
16020 0.0462732 0.916667 410.75 0.219608 0.5 0 0
16030 0.0462732 0.916667 410.75 0.219608 0.5 0 0
16040 0.0462769 0.916667 411.667 0.215686 0.5 0 0
16050 0.0462769 0.916667 411.667 0.211765 0.5 0 0
16060 0.0462771 0.916667 412.583 0.215686 0.5 0 0
16070 0.0462771 0.916667 412.583 0.211765 0.5 0 0
16080 0.0462614 0.833333 413.417 0.207843 0.5 0 0
16090 0.0462614 0.833333 413.417 0.203922 0.5 0 0
16100 0.0462528 0.75 414.167 0.196078 0.5 0 0
16110 0.0462528 0.75 414.167 0.196078 0.5 0 0
16120 0.0462618 0.75 414.917 0.2 0.5 0 0
16130 0.0462618 0.75 414.917 0.2 0.5 0 0
16140 0.0462808 0.75 415.667 0.2 0.5 0 0
16150 0.0462808 0.75 415.667 0.203922 0.5 0 0
16160 0.0463057 0.75 416.417 0.203922 0.5 0 0
16170 0.0463057 0.75 416.417 0.203922 0.5 0 0
16180 0.046348 0.666667 417.083 0.207843 0.5 0 0
16190 0.046348 0.666667 417.083 0.207843 0.5 0 0
16200 0.04636 0.75 417.833 0.203922 0.5 0 0
16210 0.04636 0.75 417.833 0.211765 0.5 0 0
16220 0.0463783 0.75 418.583 0.207843 0.5 0 0
16230 0.0463783 0.75 418.583 0.207843 0.5 0 0
16240 0.0464714 0.583333 419.167 0.211765 0.5 0 0
16250 0.0464714 0.583333 419.167 0.215686 0.5 0 0
16260 0.0464911 0.666667 419.833 0.207843 0.5 0 0
16270 0.0464911 0.666667 419.833 0.211765 0.5 0 0
16280 0.0464948 0.666667 420.5 0.211765 0.5 0 0
16290 0.0464948 0.666667 420.5 0.215686 0.5 0 0
16300 0.0472619 0.666667 421.167 0.215686 0.5 0 0
16310 0.0472619 0.666667 421.167 0.207843 0.5 0 0
16320 0.047075 0.833333 422 0.215686 0.5 0 0
16330 0.047075 0.833333 422 0.215686 0.5 0 0
16340 0.0467423 0.833333 422.833 0.231373 0.5 0 0
16350 0.0467423 0.833333 422.833 0.235294 0.5 0 0
16360 0.0464649 0.833333 423.667 0.243137 0.5 0 0
16370 0.0464649 0.833333 423.667 0.239216 0.5 0 0
16380 0.0460814 0.75 424.417 0.219608 0.5 0 0
16390 0.0460814 0.75 424.417 0.211765 0.5 0 0
16400 0.0455101 0.75 425.167 0.196078 0.5 0 0
16410 0.0455101 0.75 425.167 0.184314 0.5 0 0
16420 0.0444626 0.75 425.917 0.188235 0.5 0 0
16430 0.0444626 0.75 425.917 0.196078 0.5 0 0
16440 0.0436626 0.75 426.667 0.196078 0.5 0 0
16450 0.0436626 0.75 426.667 0.196078 0.5 0 0
16460 0.04334 0.833333 427.5 0.192157 0.5 0 0
16470 0.04334 0.833333 427.5 0.188235 0.5 0 0
16480 0.0428556 0.833333 428.333 0.184314 0.5 0 0
16490 0.0428556 0.833333 428.333 0.176471 0.5 0 0
16500 0.0422658 0.666667 429 0.180392 0.5 0 0
16510 0.0422658 0.666667 429 0.180392 0.5 0 0
16520 0.0414881 0.75 429.75 0.180392 0.5 0 0
16530 0.0414881 0.75 429.75 0.180392 0.5 0 0
16540 0.0413032 0.75 430.5 0.180392 0.5 0 0
16550 0.0413032 0.75 430.5 0.180392 0.5 0 0
16560 0.0412414 0.583333 431.083 0.180392 0.5 0 0
16570 0.0412414 0.583333 431.083 0.180392 0.5 0 0
16580 0.0411138 0.583333 431.667 0.180392 0.5 0 0
16590 0.0411138 0.583333 431.667 0.180392 0.5 0 0
16600 0.0411138 0.583333 432.25 0.180392 0.5 0 0
16610 0.0411138 0.583333 432.25 0.180392 0.5 0 0
16620 0.0409979 0.75 433 0.180392 0.5 0 0
16630 0.0409979 0.75 433 0.180392 0.5 0 0
16640 0.0409802 0.666667 433.667 0.180392 0.5 0 0
16650 0.0409802 0.666667 433.667 0.180392 0.5 0 0
16660 0.0409439 0.666667 434.333 0.180392 0.5 0 0
16670 0.0409439 0.666667 434.333 0.180392 0.5 0 0
16680 0.0409393 0.666667 435 0.180392 0.5 0 0
16690 0.0409393 0.666667 435 0.180392 0.5 0 0
16700 0.0409393 0.666667 435.667 0.180392 0.5 0 0
16710 0.0409393 0.666667 435.667 0.180392 0.5 0 0
16720 0.0409393 0.666667 436.333 0.180392 0.5 0 0
16730 0.0409393 0.666667 436.333 0.180392 0.5 0 0
16740 0.0409393 0.666667 437 0.180392 0.5 0 0
16750 0.0409393 0.666667 437 0.180392 0.5 0 0
16760 0.0409393 0.666667 437.667 0.180392 0.5 0 0
16770 0.0409393 0.666667 437.667 0.180392 0.5 0 0
16780 0.0409393 0.833333 438.5 0.180392 0.5 0 0
16790 0.0409393 0.833333 438.5 0.176471 0.5 0 0
16800 0.0409393 0.833333 439.333 0.180392 0.5 0 0
16810 0.0409393 0.833333 439.333 0.180392 0.5 0 0
16820 0.0409393 0.833333 440.167 0.180392 0.5 0 0
16830 0.0409393 0.833333 440.167 0.180392 0.5 0 0
16840 0.0409393 0.833333 441 0.180392 0.5 0 0
16850 0.0409393 0.833333 441 0.180392 0.5 0 0
16860 0.0409385 0.833333 441.833 0.180392 0.5 0 0
16870 0.0409385 0.833333 441.833 0.180392 0.5 0 0
16880 0.0409367 0.833333 442.667 0.180392 0.5 0 0
16890 0.0409367 0.833333 442.667 0.180392 0.5 0 0
16900 0.0409365 0.75 443.417 0.180392 0.5 0 0
16910 0.0409365 0.75 443.417 0.180392 0.5 0 0
16920 0.0409365 0.75 444.167 0.180392 0.5 0 0
16930 0.0409365 0.75 444.167 0.180392 0.5 0 0
16940 0.0409358 0.75 444.917 0.180392 0.5 0 0
16950 0.0409358 0.75 444.917 0.180392 0.5 0 0
16960 0.0409358 0.75 445.667 0.180392 0.5 0 0
16970 0.0409358 0.75 445.667 0.180392 0.5 0 0
16980 0.0409343 0.75 446.417 0.180392 0.5 0 0
16990 0.0409343 0.75 446.417 0.180392 0.5 0 0
17000 0.0409334 0.75 447.167 0.176471 0.5 0 0
17010 0.0409334 0.75 447.167 0.180392 0.5 0 0
17020 0.0409322 0.583333 447.75 0.180392 0.5 0 0
17030 0.0409322 0.583333 447.75 0.176471 0.5 0 0
17040 0.0409235 0.583333 448.333 0.180392 0.5 0 0
17050 0.0409235 0.583333 448.333 0.176471 0.5 0 0
17060 0.0414859 0.583333 448.917 0.180392 0.5 0 0
17070 0.0414859 0.583333 448.917 0.184314 0.5 0 0
17080 0.0416611 0.75 449.667 0.184314 0.5 0 0
17090 0.0416611 0.75 449.667 0.188235 0.5 0 0
17100 0.0416586 0.916667 450.583 0.188235 0.5 0 0
17110 0.0416586 0.916667 450.583 0.192157 0.5 0 0
17120 0.0415526 0.916667 451.5 0.188235 0.5 0 0
17130 0.0415526 0.916667 451.5 0.192157 0.5 0 0
17140 0.041449 0.916667 452.417 0.188235 0.5 0 0
17150 0.041449 0.916667 452.417 0.188235 0.5 0 0
17160 0.0410416 0.916667 453.333 0.196078 0.5 0 0
17170 0.0410416 0.916667 453.333 0.180392 0.5 0 0
17180 0.0404954 0.916667 454.25 0.172549 0.5 0 0
17190 0.0404954 0.916667 454.25 0.168627 0.5 0 0
17200 0.0399365 0.916667 455.167 0.164706 0.5 0 0
17210 0.0399365 0.916667 455.167 0.152941 0.5 0 0
17220 0.039026 0.916667 456.083 0.14902 0.5 0 0
17230 0.039026 0.916667 456.083 0.14902 0.5 0 0
17240 0.0383499 0.75 456.833 0.14902 0.5 0 0
17250 0.0383499 0.75 456.833 0.156863 0.5 0 0
17260 0.0380167 0.833333 457.667 0.152941 0.5 0 0
17270 0.0380167 0.833333 457.667 0.152941 0.5 0 0
17280 0.0380091 0.916667 458.583 0.152941 0.5 0 0
17290 0.0380091 0.916667 458.583 0.14902 0.5 0 0
17300 0.0375006 0.916667 459.5 0.14902 0.5 0 0
17310 0.0375006 0.916667 459.5 0.14902 0.5 0 0
17320 0.0371072 0.916667 460.417 0.14902 0.5 0 0
17330 0.0371072 0.916667 460.417 0.14902 0.5 0 0
17340 0.0367757 0.916667 461.333 0.14902 0.5 0 0
17350 0.0367757 0.916667 461.333 0.14902 0.5 0 0
17360 0.0365087 0.916667 462.25 0.14902 0.5 0 0
17370 0.0365087 0.916667 462.25 0.145098 0.5 0 0
17380 0.0364655 0.916667 463.167 0.14902 0.5 0 0
17390 0.0364655 0.916667 463.167 0.14902 0.5 0 0
17400 0.0361783 0.916667 464.083 0.14902 0.5 0 0
17410 0.0361783 0.916667 464.083 0.14902 0.5 0 0
17420 0.036114 0.5 464.583 0.145098 0.5 0 0
17430 0.036114 0.5 464.583 0.14902 0.5 0 0
17440 0.036114 0.666667 465.25 0.14902 0.5 0 0
17450 0.036114 0.666667 465.25 0.14902 0.5 0 0
17460 0.036114 0.666667 465.917 0.14902 0.5 0 0
17470 0.036114 0.666667 465.917 0.14902 0.5 0 0
17480 0.036114 0.666667 466.583 0.14902 0.5 0 0
17490 0.036114 0.666667 466.583 0.14902 0.5 0 0
17500 0.036114 0.75 467.333 0.14902 0.5 0 0
17510 0.036114 0.75 467.333 0.14902 0.5 0 0
17520 0.036114 0.75 468.083 0.14902 0.5 0 0
17530 0.036114 0.75 468.083 0.14902 0.5 0 0
17540 0.036114 0.75 468.833 0.14902 0.5 0 0
17550 0.036114 0.75 468.833 0.14902 0.5 0 0
17560 0.036114 0.75 469.583 0.14902 0.5 0 0
17570 0.036114 0.75 469.583 0.14902 0.5 0 0
17580 0.036114 0.75 470.333 0.14902 0.5 0 0
17590 0.036114 0.75 470.333 0.14902 0.5 0 0
17600 0.036114 0.75 471.083 0.14902 0.5 0 0
17610 0.036114 0.75 471.083 0.14902 0.5 0 0
17620 0.036114 0.833333 471.917 0.14902 0.5 0 0
17630 0.036114 0.833333 471.917 0.14902 0.5 0 0
17640 0.036114 0.833333 472.75 0.14902 0.5 0 0
17650 0.036114 0.833333 472.75 0.14902 0.5 0 0
17660 0.036114 0.833333 473.583 0.14902 0.5 0 0
17670 0.036114 0.833333 473.583 0.14902 0.5 0 0
17680 0.036114 0.833333 474.417 0.14902 0.5 0 0
17690 0.036114 0.833333 474.417 0.14902 0.5 0 0
17700 0.036114 0.833333 475.25 0.14902 0.5 0 0
17710 0.036114 0.833333 475.25 0.14902 0.5 0 0
17720 0.036114 0.833333 476.083 0.14902 0.5 0 0
17730 0.036114 0.833333 476.083 0.14902 0.5 0 0
17740 0.036114 0.666667 476.75 0.14902 0.5 0 0
17750 0.036114 0.666667 476.75 0.14902 0.5 0 0
17760 0.036114 0.75 477.5 0.14902 0.5 0 0
17770 0.036114 0.75 477.5 0.14902 0.5 0 0
17780 0.036114 0.666667 478.167 0.14902 0.5 0 0
17790 0.036114 0.666667 478.167 0.14902 0.5 0 0
17800 0.036114 0.75 478.917 0.14902 0.5 0 0
17810 0.036114 0.75 478.917 0.14902 0.5 0 0
17820 0.036114 0.75 479.667 0.14902 0.5 0 0
17830 0.036114 0.75 479.667 0.14902 0.5 0 0
17840 0.036114 0.75 480.417 0.14902 0.5 0 0
17850 0.036114 0.75 480.417 0.14902 0.5 0 0
17860 0.036114 0.75 481.167 0.14902 0.5 0 0
17870 0.036114 0.75 481.167 0.14902 0.5 0 0
17880 0.036114 0.75 481.917 0.14902 0.5 0 0
17890 0.036114 0.75 481.917 0.145098 0.5 0 0
17900 0.036114 0.75 482.667 0.14902 0.5 0 0
17910 0.036114 0.75 482.667 0.14902 0.5 0 0
17920 0.036114 0.75 483.417 0.14902 0.5 0 0
17930 0.036114 0.75 483.417 0.14902 0.5 0 0
17940 0.036114 0.75 484.167 0.14902 0.5 0 0
17950 0.036114 0.75 484.167 0.14902 0.5 0 0
17960 0.036114 0.75 484.917 0.14902 0.5 0 0
17970 0.036114 0.75 484.917 0.14902 0.5 0 0
17980 0.036114 0.75 485.667 0.14902 0.5 0 0
17990 0.036114 0.75 485.667 0.14902 0.5 0 0
18000 0.036114 0.75 486.417 0.14902 0.5 0 0
18010 0.036114 0.75 486.417 0.14902 0.5 0 0
18020 0.036114 0.666667 487.083 0.14902 0.5 0 0
18030 0.036114 0.666667 487.083 0.14902 0.5 0 0
18040 0.036114 0.666667 487.75 0.14902 0.5 0 0
18050 0.036114 0.666667 487.75 0.14902 0.5 0 0
18060 0.036114 0.666667 488.417 0.14902 0.5 0 0
18070 0.036114 0.666667 488.417 0.14902 0.5 0 0
18080 0.036114 0.666667 489.083 0.14902 0.5 0 0
18090 0.036114 0.666667 489.083 0.14902 0.5 0 0
18100 0.036114 0.75 489.833 0.14902 0.5 0 0
18110 0.036114 0.75 489.833 0.14902 0.5 0 0
18120 0.036114 0.75 490.583 0.14902 0.5 0 0
18130 0.036114 0.75 490.583 0.14902 0.5 0 0
18140 0.036114 0.75 491.333 0.14902 0.5 0 0
18150 0.036114 0.75 491.333 0.145098 0.5 0 0
18160 0.036114 0.916667 492.25 0.14902 0.5 0 0
18170 0.036114 0.916667 492.25 0.14902 0.5 0 0
18180 0.036114 0.916667 493.167 0.14902 0.5 0 0
18190 0.036114 0.916667 493.167 0.14902 0.5 0 0
18200 0.036114 0.916667 494.083 0.14902 0.5 0 0
18210 0.036114 0.916667 494.083 0.14902 0.5 0 0
18220 0.036114 0.916667 495 0.14902 0.5 0 0
18230 0.036114 0.916667 495 0.14902 0.5 0 0
18240 0.036114 0.833333 495.833 0.14902 0.5 0 0
18250 0.036114 0.833333 495.833 0.14902 0.5 0 0
18260 0.036114 0.833333 496.667 0.14902 0.5 0 0
18270 0.036114 0.833333 496.667 0.14902 0.5 0 0
18280 0.036114 0.833333 497.5 0.14902 0.5 0 0
18290 0.036114 0.833333 497.5 0.14902 0.5 0 0
18300 0.036114 0.833333 498.333 0.14902 0.5 0 0
18310 0.036114 0.833333 498.333 0.14902 0.5 0 0
18320 0.036114 0.916667 499.25 0.14902 0.5 0 0
18330 0.036114 0.916667 499.25 0.14902 0.5 0 0
18340 0.036114 0.916667 500.167 0.14902 0.5 0 0
18350 0.036114 0.916667 500.167 0.14902 0.5 0 0
18360 0.0360375 0.916667 501.083 0.14902 0.5 0 0
18370 0.0360375 0.916667 501.083 0.14902 0.5 0 0
18380 0.0360099 0.916667 502 0.14902 0.5 0 0
18390 0.0360099 0.916667 502 0.14902 0.5 0 0
18400 0.0360098 0.916667 502.917 0.14902 0.5 0 0
18410 0.0360098 0.916667 502.917 0.145098 0.5 0 0
18420 0.0360098 0.916667 503.833 0.14902 0.5 0 0
18430 0.0360098 0.916667 503.833 0.14902 0.5 0 0
18440 0.0360098 0.916667 504.75 0.14902 0.5 0 0
18450 0.0360098 0.916667 504.75 0.14902 0.5 0 0
18460 0.0360098 0.916667 505.667 0.14902 0.5 0 0
18470 0.0360098 0.916667 505.667 0.145098 0.5 0 0
18480 0.0360087 0.916667 506.583 0.14902 0.5 0 0
18490 0.0360087 0.916667 506.583 0.14902 0.5 0 0
18500 0.0360067 0.916667 507.5 0.14902 0.5 0 0
18510 0.0360067 0.916667 507.5 0.14902 0.5 0 0
18520 0.0360067 0.833333 508.333 0.14902 0.5 0 0
18530 0.0360067 0.833333 508.333 0.14902 0.5 0 0
18540 0.0360067 0.916667 509.25 0.14902 0.5 0 0
18550 0.0360067 0.916667 509.25 0.14902 0.5 0 0
18560 0.0360067 0.916667 510.167 0.14902 0.5 0 0
18570 0.0360067 0.916667 510.167 0.14902 0.5 0 0
18580 0.0360069 0.916667 511.083 0.14902 0.5 0 0
18590 0.0360069 0.916667 511.083 0.14902 0.5 0 0
18600 0.0360069 0.916667 512 0.14902 0.5 0 0
18610 0.0360069 0.916667 512 0.14902 0.5 0 0
18620 0.0360052 0.916667 512.917 0.14902 0.5 0 0
18630 0.0360052 0.916667 512.917 0.14902 0.5 0 0
18640 0.0360057 0.916667 513.833 0.14902 0.5 0 0
18650 0.0360057 0.916667 513.833 0.14902 0.5 0 0
18660 0.0360057 0.916667 514.75 0.14902 0.5 0 0
18670 0.0360057 0.916667 514.75 0.14902 0.5 0 0
18680 0.0360057 0.916667 515.667 0.14902 0.5 0 0
18690 0.0360057 0.916667 515.667 0.14902 0.5 0 0
18700 0.0360057 0.833333 516.5 0.14902 0.5 0 0
18710 0.0360057 0.833333 516.5 0.14902 0.5 0 0
18720 0.0360064 0.833333 517.333 0.14902 0.5 0 0
18730 0.0360064 0.833333 517.333 0.14902 0.5 0 0
18740 0.0360057 0.666667 518 0.14902 0.5 0 0
18750 0.0360057 0.666667 518 0.14902 0.5 0 0
18760 0.0359139 0.666667 518.667 0.152941 0.5 0 0
18770 0.0359139 0.666667 518.667 0.14902 0.5 0 0
18780 0.0358988 0.75 519.417 0.14902 0.5 0 0
18790 0.0358988 0.75 519.417 0.14902 0.5 0 0
18800 0.0358986 0.75 520.167 0.14902 0.5 0 0
18810 0.0358986 0.75 520.167 0.14902 0.5 0 0
18820 0.0358986 0.75 520.917 0.14902 0.5 0 0
18830 0.0358986 0.75 520.917 0.14902 0.5 0 0
18840 0.0358986 0.75 521.667 0.14902 0.5 0 0
18850 0.0358986 0.75 521.667 0.14902 0.5 0 0
18860 0.0358986 0.75 522.417 0.14902 0.5 0 0
18870 0.0358986 0.75 522.417 0.14902 0.5 0 0
18880 0.0358986 0.75 523.167 0.14902 0.5 0 0
18890 0.0358986 0.75 523.167 0.14902 0.5 0 0
18900 0.0358986 0.666667 523.833 0.14902 0.5 0 0
18910 0.0358986 0.666667 523.833 0.14902 0.5 0 0
18920 0.0357636 0.666667 524.5 0.141176 0.5 0 0
18930 0.0357636 0.666667 524.5 0.145098 0.5 0 0
18940 0.0356399 0.583333 525.083 0.145098 0.5 0 0
18950 0.0356399 0.583333 525.083 0.14902 0.5 0 0
18960 0.0353367 0.666667 525.75 0.14902 0.5 0 0
18970 0.0353367 0.666667 525.75 0.14902 0.5 0 0
18980 0.0348453 0.666667 526.417 0.141176 0.5 0 0
18990 0.0348453 0.666667 526.417 0.137255 0.5 0 0
19000 0.0342711 0.666667 527.083 0.137255 0.5 0 0
19010 0.0342711 0.666667 527.083 0.137255 0.5 0 0
19020 0.0338539 0.666667 527.75 0.141176 0.5 0 0
19030 0.0338539 0.666667 527.75 0.141176 0.5 0 0
19040 0.0336252 0.583333 528.333 0.137255 0.5 0 0
19050 0.0336252 0.583333 528.333 0.137255 0.5 0 0
19060 0.0333487 0.583333 528.917 0.137255 0.5 0 0
19070 0.0333487 0.583333 528.917 0.137255 0.5 0 0
19080 0.0329479 0.833333 529.75 0.137255 0.5 0 0
19090 0.0329479 0.833333 529.75 0.133333 0.5 0 0
19100 0.0323622 0.833333 530.583 0.137255 0.5 0 0
19110 0.0323622 0.833333 530.583 0.137255 0.5 0 0
19120 0.0319698 0.833333 531.417 0.137255 0.5 0 0
19130 0.0319698 0.833333 531.417 0.137255 0.5 0 0
19140 0.0316426 0.833333 532.25 0.137255 0.5 0 0
19150 0.0316426 0.833333 532.25 0.137255 0.5 0 0
19160 0.0316169 0.833333 533.083 0.133333 0.5 0 0
19170 0.0316169 0.833333 533.083 0.137255 0.5 0 0
19180 0.031555 0.75 533.833 0.137255 0.5 0 0
19190 0.031555 0.75 533.833 0.137255 0.5 0 0
19200 0.031765 0.583333 534.417 0.133333 0.5 0 0
19210 0.031765 0.583333 534.417 0.133333 0.5 0 0
19220 0.0321149 0.75 535.167 0.133333 0.5 0 0
19230 0.0321149 0.75 535.167 0.137255 0.5 0 0
19240 0.0322394 0.75 535.917 0.137255 0.5 0 0
19250 0.0322394 0.75 535.917 0.141176 0.5 0 0
19260 0.0321676 0.75 536.667 0.137255 0.5 0 0
19270 0.0321676 0.75 536.667 0.137255 0.5 0 0
19280 0.0319553 0.75 537.417 0.137255 0.5 0 0
19290 0.0319553 0.75 537.417 0.133333 0.5 0 0
19300 0.0314113 0.75 538.167 0.133333 0.5 0 0
19310 0.0314113 0.75 538.167 0.133333 0.5 0 0
19320 0.0308819 0.583333 538.75 0.129412 0.5 0 0
19330 0.0308819 0.583333 538.75 0.129412 0.5 0 0
19340 0.0302341 0.5 539.25 0.121569 0.5 0 0
19350 0.0302341 0.5 539.25 0.121569 0.5 0 0
19360 0.0292975 0.666667 539.917 0.121569 0.5 0 0
19370 0.0292975 0.666667 539.917 0.12549 0.5 0 0
19380 0.0292137 0.666667 540.583 0.129412 0.5 0 0
19390 0.0292137 0.666667 540.583 0.129412 0.5 0 0
19400 0.0292142 0.666667 541.25 0.129412 0.5 0 0
19410 0.0292142 0.666667 541.25 0.129412 0.5 0 0
19420 0.0289953 0.666667 541.917 0.12549 0.5 0 0
19430 0.0289953 0.666667 541.917 0.12549 0.5 0 0
19440 0.0285253 0.666667 542.583 0.121569 0.5 0 0
19450 0.0285253 0.666667 542.583 0.113725 0.5 0 0
19460 0.0277594 0.666667 543.25 0.113725 0.5 0 0
19470 0.0277594 0.666667 543.25 0.109804 0.5 0 0
19480 0.0265604 0.666667 543.917 0.109804 0.5 0 0
19490 0.0265604 0.666667 543.917 0.109804 0.5 0 0
19500 0.0255355 0.75 544.667 0.113725 0.5 0 0
19510 0.0255355 0.75 544.667 0.109804 0.5 0 0
19520 0.0247203 0.75 545.417 0.113725 0.5 0 0
19530 0.0247203 0.75 545.417 0.117647 0.5 0 0
19540 0.0243148 0.75 546.167 0.117647 0.5 0 0
19550 0.0243148 0.75 546.167 0.117647 0.5 0 0
19560 0.02407 0.75 546.917 0.113725 0.5 0 0
19570 0.02407 0.75 546.917 0.113725 0.5 0 0
19580 0.0234608 0.75 547.667 0.101961 0.5 0 0
19590 0.0234608 0.75 547.667 0.101961 0.5 0 0
19600 0.0226585 0.666667 548.333 0.101961 0.5 0 0
19610 0.0226585 0.666667 548.333 0.101961 0.5 0 0
19620 0.0220031 0.583333 548.917 0.105882 0.5 0 0
19630 0.0220031 0.583333 548.917 0.101961 0.5 0 0
19640 0.0217493 0.75 549.667 0.101961 0.5 0 0
19650 0.0217493 0.75 549.667 0.101961 0.5 0 0
19660 0.0217435 0.75 550.417 0.101961 0.5 0 0
19670 0.0217435 0.75 550.417 0.105882 0.5 0 0
19680 0.0216341 0.583333 551 0.105882 0.5 0 0
19690 0.0216341 0.583333 551 0.105882 0.5 0 0
19700 0.0216321 0.75 551.75 0.101961 0.5 0 0
19710 0.0216321 0.75 551.75 0.101961 0.5 0 0
19720 0.0216321 0.75 552.5 0.101961 0.5 0 0
19730 0.0216321 0.75 552.5 0.105882 0.5 0 0
19740 0.0216321 0.75 553.25 0.101961 0.5 0 0
19750 0.0216321 0.75 553.25 0.101961 0.5 0 0
19760 0.0216321 0.75 554 0.105882 0.5 0 0
19770 0.0216321 0.75 554 0.105882 0.5 0 0
19780 0.0216321 0.833333 554.833 0.105882 0.5 0 0
19790 0.0216321 0.833333 554.833 0.105882 0.5 0 0
19800 0.0216321 0.916667 555.75 0.105882 0.5 0 0
19810 0.0216321 0.916667 555.75 0.105882 0.5 0 0
19820 0.0216321 0.916667 556.667 0.105882 0.5 0 0
19830 0.0216321 0.916667 556.667 0.101961 0.5 0 0
19840 0.0216321 0.916667 557.583 0.101961 0.5 0 0
19850 0.0216321 0.916667 557.583 0.105882 0.5 0 0
19860 0.0216321 0.916667 558.5 0.101961 0.5 0 0
19870 0.0216321 0.916667 558.5 0.105882 0.5 0 0
19880 0.0216321 0.916667 559.417 0.105882 0.5 0 0
19890 0.0216321 0.916667 559.417 0.101961 0.5 0 0
19900 0.0216321 1 560.417 0.101961 0.5 0 0
19910 0.0216321 1 560.417 0.101961 0.5 0 0
19920 0.0216321 1 561.417 0.105882 0.5 0 0
19930 0.0216321 1 561.417 0.105882 0.5 0 0
19940 0.0216321 1 562.417 0.101961 0.5 0 0
19950 0.0216321 1 562.417 0.101961 0.5 0 0
19960 0.0216321 1 563.417 0.105882 0.5 0 0
19970 0.0216321 1 563.417 0.105882 0.5 0 0
19980 0.0216321 1 564.417 0.105882 0.5 0 0
19990 0.0216321 1 564.417 0.105882 0.5 0 0
20000 0.0216321 1 565.417 0.101961 0.5 0 0
20010 0.0216321 1 565.417 0.101961 0.5 0 0
