0 0.096507 0 0 0.5 0.5 0 0
10 0.096507 0 0 0.666667 0.5 0 0
20 0.0968283 0.416667 0.416667 0.796078 0.5 0 0
30 0.0968283 0.416667 0.416667 0.721569 0.5 0 0
40 0.0972666 0.416667 0.833333 0.647059 0.5 0 0
50 0.0972666 0.416667 0.833333 0.690196 0.5 0 0
60 0.0960315 0.583333 1.41667 0.65098 0.5 0 0
70 0.0960315 0.583333 1.41667 0.686275 0.5 0 0
80 0.0961855 0.666667 2.08333 0.67451 0.5 0 0
90 0.0961855 0.666667 2.08333 0.721569 0.5 0 0
100 0.0962185 0.666667 2.75 0.666667 0.5 0 0
110 0.0962185 0.666667 2.75 0.796078 0.5 0 0
120 0.0962888 0.5 3.25 0.690196 0.5 0 0
130 0.0962888 0.5 3.25 0.733333 0.5 0 0
140 0.0964651 0.5 3.75 0.690196 0.5 0 0
150 0.0964651 0.5 3.75 0.690196 0.5 0 0
160 0.0965708 0.5 4.25 0.796078 0.5 0 0
170 0.0965708 0.5 4.25 0.721569 0.5 0 0
180 0.0966516 0.333333 4.58333 0.733333 0.5 0 0
190 0.0966516 0.333333 4.58333 0.717647 0.5 0 0
200 0.0966625 0.333333 4.91667 0.65098 0.5 0 0
210 0.0966625 0.333333 4.91667 0.717647 0.5 0 0
220 0.096631 0.333333 5.25 0.796078 0.5 0 0
230 0.096631 0.333333 5.25 0.796078 0.5 0 0
240 0.0966453 0.166667 5.41667 0.721569 0.5 0 0
250 0.0966453 0.166667 5.41667 0.670588 0.5 0 0
260 0.0970259 0.166667 5.58333 0.764706 0.5 0 0
270 0.0970259 0.166667 5.58333 0.690196 0.5 0 0
280 0.0981442 0.25 5.83333 0.603922 0.5 0 0
290 0.0981442 0.25 5.83333 0.580392 0.5 0 0
300 0.0984921 0.25 6.08333 0.564706 0.5 0 0
310 0.0984921 0.25 6.08333 0.533333 0.5 0 0
320 0.0977186 0.25 6.33333 0.513725 0.5 0 0
330 0.0977186 0.25 6.33333 0.498039 0.5 0 0
340 0.0953529 0.416667 6.75 0.47451 0.5 0 0
350 0.0953529 0.416667 6.75 0.454902 0.5 0 0
360 0.0936989 0.416667 7.16667 0.443137 0.5 0 0
370 0.0936989 0.416667 7.16667 0.439216 0.5 0 0
380 0.0930845 0.416667 7.58333 0.439216 0.5 0 0
390 0.0930845 0.416667 7.58333 0.439216 0.5 0 0
400 0.0929143 0.416667 8 0.439216 0.5 0 0
410 0.0929143 0.416667 8 0.435294 0.5 0 0
420 0.0929027 0.416667 8.41667 0.435294 0.5 0 0
430 0.0929027 0.416667 8.41667 0.439216 0.5 0 0
440 0.0928564 0.333333 8.75 0.439216 0.5 0 0
450 0.0928564 0.333333 8.75 0.439216 0.5 0 0
460 0.0927564 0.333333 9.08333 0.439216 0.5 0 0
470 0.0927564 0.333333 9.08333 0.439216 0.5 0 0
480 0.0927394 0.333333 9.41667 0.439216 0.5 0 0
490 0.0927394 0.333333 9.41667 0.435294 0.5 0 0
500 0.0924728 0.333333 9.75 0.435294 0.5 0 0
510 0.0924728 0.333333 9.75 0.431373 0.5 0 0
520 0.0918536 0.333333 10.0833 0.435294 0.5 0 0
530 0.0918536 0.333333 10.0833 0.439216 0.5 0 0
540 0.0913032 0.333333 10.4167 0.435294 0.5 0 0
550 0.0913032 0.333333 10.4167 0.435294 0.5 0 0
560 0.0911949 0.333333 10.75 0.431373 0.5 0 0
570 0.0911949 0.333333 10.75 0.423529 0.5 0 0
580 0.0906999 0.333333 11.0833 0.423529 0.5 0 0
590 0.0906999 0.333333 11.0833 0.423529 0.5 0 0
600 0.0897694 0.333333 11.4167 0.423529 0.5 0 0
610 0.0897694 0.333333 11.4167 0.423529 0.5 0 0
620 0.089111 0.333333 11.75 0.423529 0.5 0 0
630 0.089111 0.333333 11.75 0.423529 0.5 0 0
640 0.0891014 0.416667 12.1667 0.423529 0.5 0 0
650 0.0891014 0.416667 12.1667 0.423529 0.5 0 0
660 0.0891012 0.5 12.6667 0.423529 0.5 0 0
670 0.0891012 0.5 12.6667 0.423529 0.5 0 0
680 0.0892222 0.5 13.1667 0.419608 0.5 0 0
690 0.0892222 0.5 13.1667 0.419608 0.5 0 0
700 0.0899487 0.5 13.6667 0.423529 0.5 0 0
710 0.0899487 0.5 13.6667 0.419608 0.5 0 0
720 0.089934 0.5 14.1667 0.423529 0.5 0 0
730 0.089934 0.5 14.1667 0.419608 0.5 0 0
740 0.0898223 0.583333 14.75 0.415686 0.5 0 0
750 0.0898223 0.583333 14.75 0.411765 0.5 0 0
760 0.0896807 0.583333 15.3333 0.407843 0.5 0 0
770 0.0896807 0.583333 15.3333 0.407843 0.5 0 0
780 0.0889727 0.583333 15.9167 0.407843 0.5 0 0
790 0.0889727 0.583333 15.9167 0.407843 0.5 0 0
800 0.0887369 0.583333 16.5 0.407843 0.5 0 0
810 0.0887369 0.583333 16.5 0.407843 0.5 0 0
820 0.0887717 0.583333 17.0833 0.407843 0.5 0 0
830 0.0887717 0.583333 17.0833 0.407843 0.5 0 0
840 0.0888332 0.583333 17.6667 0.407843 0.5 0 0
850 0.0888332 0.583333 17.6667 0.407843 0.5 0 0
860 0.0884099 0.583333 18.25 0.407843 0.5 0 0
870 0.0884099 0.583333 18.25 0.407843 0.5 0 0
880 0.0883734 0.5 18.75 0.403922 0.5 0 0
890 0.0883734 0.5 18.75 0.4 0.5 0 0
900 0.0881701 0.5 19.25 0.4 0.5 0 0
910 0.0881701 0.5 19.25 0.4 0.5 0 0
920 0.0875426 0.5 19.75 0.4 0.5 0 0
930 0.0875426 0.5 19.75 0.4 0.5 0 0
940 0.0875011 0.5 20.25 0.4 0.5 0 0
950 0.0875011 0.5 20.25 0.4 0.5 0 0
960 0.0874205 0.5 20.75 0.4 0.5 0 0
970 0.0874205 0.5 20.75 0.4 0.5 0 0
980 0.0872526 0.5 21.25 0.4 0.5 0 0
990 0.0872526 0.5 21.25 0.4 0.5 0 0
1000 0.0872525 0.416667 21.6667 0.4 0.5 0 0
1010 0.0872525 0.416667 21.6667 0.4 0.5 0 0
1020 0.0871076 0.5 22.1667 0.4 0.5 0 0
1030 0.0871076 0.5 22.1667 0.4 0.5 0 0
1040 0.0873631 0.5 22.6667 0.4 0.5 0 0
1050 0.0873631 0.5 22.6667 0.4 0.5 0 0
1060 0.0878105 0.5 23.1667 0.4 0.5 0 0
1070 0.0878105 0.5 23.1667 0.4 0.5 0 0
1080 0.0878316 0.5 23.6667 0.4 0.5 0 0
1090 0.0878316 0.5 23.6667 0.4 0.5 0 0
1100 0.0878293 0.5 24.1667 0.4 0.5 0 0
1110 0.0878293 0.5 24.1667 0.4 0.5 0 0
1120 0.0880711 0.5 24.6667 0.4 0.5 0 0
1130 0.0880711 0.5 24.6667 0.4 0.5 0 0
1140 0.08837 0.5 25.1667 0.4 0.5 0 0
1150 0.08837 0.5 25.1667 0.4 0.5 0 0
1160 0.0886884 0.5 25.6667 0.396078 0.5 0 0
1170 0.0886884 0.5 25.6667 0.396078 0.5 0 0
1180 0.0887954 0.5 26.1667 0.392157 0.5 0 0
1190 0.0887954 0.5 26.1667 0.392157 0.5 0 0
1200 0.088617 0.5 26.6667 0.392157 0.5 0 0
1210 0.088617 0.5 26.6667 0.392157 0.5 0 0
1220 0.0881894 0.5 27.1667 0.392157 0.5 0 0
1230 0.0881894 0.5 27.1667 0.392157 0.5 0 0
1240 0.0880457 0.5 27.6667 0.392157 0.5 0 0
1250 0.0880457 0.5 27.6667 0.392157 0.5 0 0
1260 0.0879451 0.5 28.1667 0.392157 0.5 0 0
1270 0.0879451 0.5 28.1667 0.388235 0.5 0 0
1280 0.0878536 0.5 28.6667 0.392157 0.5 0 0
1290 0.0878536 0.5 28.6667 0.388235 0.5 0 0
1300 0.0876581 0.5 29.1667 0.392157 0.5 0 0
1310 0.0876581 0.5 29.1667 0.392157 0.5 0 0
1320 0.087209 0.5 29.6667 0.392157 0.5 0 0
1330 0.087209 0.5 29.6667 0.392157 0.5 0 0
1340 0.0871186 0.833333 30.5 0.392157 0.5 0 0
1350 0.0871186 0.833333 30.5 0.392157 0.5 0 0
1360 0.0871186 0.833333 31.3333 0.392157 0.5 0 0
1370 0.0871186 0.833333 31.3333 0.392157 0.5 0 0
1380 0.0870103 0.75 32.0833 0.392157 0.5 0 0
1390 0.0870103 0.75 32.0833 0.392157 0.5 0 0
1400 0.0870101 0.75 32.8333 0.388235 0.5 0 0
1410 0.0870101 0.75 32.8333 0.392157 0.5 0 0
1420 0.0870101 0.833333 33.6667 0.392157 0.5 0 0
1430 0.0870101 0.833333 33.6667 0.392157 0.5 0 0
1440 0.0869831 0.75 34.4167 0.392157 0.5 0 0
1450 0.0869831 0.75 34.4167 0.392157 0.5 0 0
1460 0.0869831 0.833333 35.25 0.392157 0.5 0 0
1470 0.0869831 0.833333 35.25 0.388235 0.5 0 0
1480 0.0869831 0.833333 36.0833 0.388235 0.5 0 0
1490 0.0869831 0.833333 36.0833 0.392157 0.5 0 0
1500 0.0869831 0.833333 36.9167 0.392157 0.5 0 0
1510 0.0869831 0.833333 36.9167 0.388235 0.5 0 0
1520 0.0869831 0.833333 37.75 0.388235 0.5 0 0
1530 0.0869831 0.833333 37.75 0.388235 0.5 0 0
1540 0.0869831 0.833333 38.5833 0.392157 0.5 0 0
1550 0.0869831 0.833333 38.5833 0.392157 0.5 0 0
1560 0.0869831 0.75 39.3333 0.388235 0.5 0 0
1570 0.0869831 0.75 39.3333 0.388235 0.5 0 0
1580 0.0869831 0.75 40.0833 0.392157 0.5 0 0
1590 0.0869831 0.75 40.0833 0.392157 0.5 0 0
1600 0.0869831 0.833333 40.9167 0.392157 0.5 0 0
1610 0.0869831 0.833333 40.9167 0.392157 0.5 0 0
1620 0.0868287 0.833333 41.75 0.388235 0.5 0 0
1630 0.0868287 0.833333 41.75 0.392157 0.5 0 0
1640 0.0868287 0.833333 42.5833 0.392157 0.5 0 0
1650 0.0868287 0.833333 42.5833 0.388235 0.5 0 0
1660 0.0868266 0.833333 43.4167 0.392157 0.5 0 0
1670 0.0868266 0.833333 43.4167 0.388235 0.5 0 0
1680 0.0867904 0.75 44.1667 0.388235 0.5 0 0
1690 0.0867904 0.75 44.1667 0.388235 0.5 0 0
1700 0.0867904 0.75 44.9167 0.388235 0.5 0 0
1710 0.0867904 0.75 44.9167 0.392157 0.5 0 0
1720 0.0867996 0.666667 45.5833 0.392157 0.5 0 0
1730 0.0867996 0.666667 45.5833 0.388235 0.5 0 0
1740 0.0871113 0.75 46.3333 0.392157 0.5 0 0
1750 0.0871113 0.75 46.3333 0.407843 0.5 0 0
1760 0.0875255 0.75 47.0833 0.392157 0.5 0 0
1770 0.0875255 0.75 47.0833 0.392157 0.5 0 0
1780 0.0872961 0.833333 47.9167 0.462745 0.5 0 0
1790 0.0872961 0.833333 47.9167 0.392157 0.5 0 0
1800 0.086303 0.916667 48.8333 0.388235 0.5 0 0
1810 0.086303 0.916667 48.8333 0.388235 0.5 0 0
1820 0.086011 0.916667 49.75 0.392157 0.5 0 0
1830 0.086011 0.916667 49.75 0.392157 0.5 0 0
1840 0.0859071 0.916667 50.6667 0.392157 0.5 0 0
1850 0.0859071 0.916667 50.6667 0.392157 0.5 0 0
1860 0.0859037 0.916667 51.5833 0.392157 0.5 0 0
1870 0.0859037 0.916667 51.5833 0.392157 0.5 0 0
1880 0.0859031 0.916667 52.5 0.392157 0.5 0 0
1890 0.0859031 0.916667 52.5 0.392157 0.5 0 0
1900 0.0858872 0.916667 53.4167 0.388235 0.5 0 0
1910 0.0858872 0.916667 53.4167 0.392157 0.5 0 0
1920 0.0858872 0.916667 54.3333 0.392157 0.5 0 0
1930 0.0858872 0.916667 54.3333 0.392157 0.5 0 0
1940 0.0858872 0.833333 55.1667 0.388235 0.5 0 0
1950 0.0858872 0.833333 55.1667 0.392157 0.5 0 0
1960 0.085815 0.916667 56.0833 0.388235 0.5 0 0
1970 0.085815 0.916667 56.0833 0.392157 0.5 0 0
1980 0.0857342 0.833333 56.9167 0.392157 0.5 0 0
1990 0.0857342 0.833333 56.9167 0.388235 0.5 0 0
2000 0.0857334 0.916667 57.8333 0.392157 0.5 0 0
2010 0.0857334 0.916667 57.8333 0.392157 0.5 0 0
2020 0.0857334 0.916667 58.75 0.392157 0.5 0 0
2030 0.0857334 0.916667 58.75 0.392157 0.5 0 0
2040 0.0857334 0.916667 59.6667 0.392157 0.5 0 0
2050 0.0857334 0.916667 59.6667 0.392157 0.5 0 0
2060 0.0857334 1 60.6667 0.392157 0.5 0 0
2070 0.0857334 1 60.6667 0.392157 0.5 0 0
2080 0.0857389 0.916667 61.5833 0.388235 0.5 0 0
2090 0.0857389 0.916667 61.5833 0.388235 0.5 0 0
2100 0.0857335 0.833333 62.4167 0.392157 0.5 0 0
2110 0.0857335 0.833333 62.4167 0.388235 0.5 0 0
2120 0.0857335 0.833333 63.25 0.392157 0.5 0 0
2130 0.0857335 0.833333 63.25 0.388235 0.5 0 0
2140 0.0856323 0.916667 64.1667 0.388235 0.5 0 0
2150 0.0856323 0.916667 64.1667 0.392157 0.5 0 0
2160 0.0856087 0.916667 65.0833 0.388235 0.5 0 0
2170 0.0856087 0.916667 65.0833 0.388235 0.5 0 0
2180 0.0856086 0.916667 66 0.392157 0.5 0 0
2190 0.0856086 0.916667 66 0.388235 0.5 0 0
2200 0.0856085 0.916667 66.9167 0.392157 0.5 0 0
2210 0.0856085 0.916667 66.9167 0.388235 0.5 0 0
2220 0.0856084 0.583333 67.5 0.388235 0.5 0 0
2230 0.0856084 0.583333 67.5 0.388235 0.5 0 0
2240 0.0856084 0.75 68.25 0.392157 0.5 0 0
2250 0.0856084 0.75 68.25 0.392157 0.5 0 0
2260 0.0856083 0.75 69 0.388235 0.5 0 0
2270 0.0856083 0.75 69 0.392157 0.5 0 0
2280 0.0856076 0.916667 69.9167 0.392157 0.5 0 0
2290 0.0856076 0.916667 69.9167 0.392157 0.5 0 0
2300 0.0856076 0.916667 70.8333 0.392157 0.5 0 0
2310 0.0856076 0.916667 70.8333 0.392157 0.5 0 0
2320 0.0856076 0.916667 71.75 0.388235 0.5 0 0
2330 0.0856076 0.916667 71.75 0.392157 0.5 0 0
2340 0.0856076 0.916667 72.6667 0.392157 0.5 0 0
2350 0.0856076 0.916667 72.6667 0.392157 0.5 0 0
2360 0.0856074 0.833333 73.5 0.392157 0.5 0 0
2370 0.0856074 0.833333 73.5 0.392157 0.5 0 0
2380 0.0856059 0.666667 74.1667 0.392157 0.5 0 0
2390 0.0856059 0.666667 74.1667 0.388235 0.5 0 0
2400 0.0856059 0.916667 75.0833 0.392157 0.5 0 0
2410 0.0856059 0.916667 75.0833 0.392157 0.5 0 0
2420 0.0856059 0.916667 76 0.392157 0.5 0 0
2430 0.0856059 0.916667 76 0.392157 0.5 0 0
2440 0.0856059 0.916667 76.9167 0.392157 0.5 0 0
2450 0.0856059 0.916667 76.9167 0.388235 0.5 0 0
2460 0.0856059 0.916667 77.8333 0.388235 0.5 0 0
2470 0.0856059 0.916667 77.8333 0.388235 0.5 0 0
2480 0.0856008 0.666667 78.5 0.392157 0.5 0 0
2490 0.0856008 0.666667 78.5 0.392157 0.5 0 0
2500 0.0855873 0.666667 79.1667 0.392157 0.5 0 0
2510 0.0855873 0.666667 79.1667 0.388235 0.5 0 0
2520 0.0855863 0.833333 80 0.392157 0.5 0 0
2530 0.0855863 0.833333 80 0.392157 0.5 0 0
2540 0.0855776 0.833333 80.8333 0.392157 0.5 0 0
2550 0.0855776 0.833333 80.8333 0.392157 0.5 0 0
2560 0.0855776 0.833333 81.6667 0.392157 0.5 0 0
2570 0.0855776 0.833333 81.6667 0.388235 0.5 0 0
2580 0.0855776 0.75 82.4167 0.388235 0.5 0 0
2590 0.0855776 0.75 82.4167 0.392157 0.5 0 0
2600 0.0855629 0.916667 83.3333 0.392157 0.5 0 0
2610 0.0855629 0.916667 83.3333 0.392157 0.5 0 0
2620 0.0855207 0.833333 84.1667 0.388235 0.5 0 0
2630 0.0855207 0.833333 84.1667 0.388235 0.5 0 0
2640 0.0854949 0.833333 85 0.392157 0.5 0 0
2650 0.0854949 0.833333 85 0.392157 0.5 0 0
2660 0.0854925 0.833333 85.8333 0.392157 0.5 0 0
2670 0.0854925 0.833333 85.8333 0.388235 0.5 0 0
2680 0.0854925 0.833333 86.6667 0.388235 0.5 0 0
2690 0.0854925 0.833333 86.6667 0.388235 0.5 0 0
2700 0.08544 0.833333 87.5 0.392157 0.5 0 0
2710 0.08544 0.833333 87.5 0.392157 0.5 0 0
2720 0.0854097 0.833333 88.3333 0.392157 0.5 0 0
2730 0.0854097 0.833333 88.3333 0.388235 0.5 0 0
2740 0.0852954 0.916667 89.25 0.392157 0.5 0 0
2750 0.0852954 0.916667 89.25 0.392157 0.5 0 0
2760 0.0852134 0.916667 90.1667 0.392157 0.5 0 0
2770 0.0852134 0.916667 90.1667 0.388235 0.5 0 0
2780 0.0852135 0.916667 91.0833 0.392157 0.5 0 0
2790 0.0852135 0.916667 91.0833 0.392157 0.5 0 0
2800 0.0852135 0.916667 92 0.388235 0.5 0 0
2810 0.0852135 0.916667 92 0.392157 0.5 0 0
2820 0.0854848 0.916667 92.9167 0.392157 0.5 0 0
2830 0.0854848 0.916667 92.9167 0.388235 0.5 0 0
2840 0.0857897 0.833333 93.75 0.388235 0.5 0 0
2850 0.0857897 0.833333 93.75 0.392157 0.5 0 0
2860 0.0860882 0.666667 94.4167 0.392157 0.5 0 0
2870 0.0860882 0.666667 94.4167 0.392157 0.5 0 0
2880 0.0862348 0.75 95.1667 0.392157 0.5 0 0
2890 0.0862348 0.75 95.1667 0.392157 0.5 0 0
2900 0.0863157 0.75 95.9167 0.392157 0.5 0 0
2910 0.0863157 0.75 95.9167 0.392157 0.5 0 0
2920 0.0866701 0.75 96.6667 0.388235 0.5 0 0
2930 0.0866701 0.75 96.6667 0.388235 0.5 0 0
2940 0.0867181 0.583333 97.25 0.384314 0.5 0 0
2950 0.0867181 0.583333 97.25 0.384314 0.5 0 0
2960 0.0866426 0.75 98 0.384314 0.5 0 0
2970 0.0866426 0.75 98 0.384314 0.5 0 0
2980 0.0864103 0.75 98.75 0.384314 0.5 0 0
2990 0.0864103 0.75 98.75 0.384314 0.5 0 0
3000 0.08594 0.833333 99.5833 0.384314 0.5 0 0
3010 0.08594 0.833333 99.5833 0.384314 0.5 0 0
3020 0.0858409 0.833333 100.417 0.384314 0.5 0 0
3030 0.0858409 0.833333 100.417 0.384314 0.5 0 0
3040 0.0858043 0.833333 101.25 0.384314 0.5 0 0
3050 0.0858043 0.833333 101.25 0.384314 0.5 0 0
3060 0.0856621 0.75 102 0.384314 0.5 0 0
3070 0.0856621 0.75 102 0.384314 0.5 0 0
3080 0.0855987 0.833333 102.833 0.384314 0.5 0 0
3090 0.0855987 0.833333 102.833 0.384314 0.5 0 0
3100 0.0853866 0.833333 103.667 0.384314 0.5 0 0
3110 0.0853866 0.833333 103.667 0.384314 0.5 0 0
3120 0.0852872 0.833333 104.5 0.384314 0.5 0 0
3130 0.0852872 0.833333 104.5 0.384314 0.5 0 0
3140 0.0852847 0.833333 105.333 0.384314 0.5 0 0
3150 0.0852847 0.833333 105.333 0.384314 0.5 0 0
3160 0.0852762 0.833333 106.167 0.384314 0.5 0 0
3170 0.0852762 0.833333 106.167 0.384314 0.5 0 0
3180 0.0852683 0.833333 107 0.384314 0.5 0 0
3190 0.0852683 0.833333 107 0.384314 0.5 0 0
3200 0.0852569 0.75 107.75 0.384314 0.5 0 0
3210 0.0852569 0.75 107.75 0.384314 0.5 0 0
3220 0.0852563 0.75 108.5 0.384314 0.5 0 0
3230 0.0852563 0.75 108.5 0.384314 0.5 0 0
3240 0.0852517 0.75 109.25 0.384314 0.5 0 0
3250 0.0852517 0.75 109.25 0.384314 0.5 0 0
3260 0.0852496 0.833333 110.083 0.384314 0.5 0 0
3270 0.0852496 0.833333 110.083 0.384314 0.5 0 0
3280 0.0852402 0.833333 110.917 0.384314 0.5 0 0
3290 0.0852402 0.833333 110.917 0.384314 0.5 0 0
3300 0.0852372 0.833333 111.75 0.384314 0.5 0 0
3310 0.0852372 0.833333 111.75 0.384314 0.5 0 0
3320 0.085231 0.833333 112.583 0.384314 0.5 0 0
3330 0.085231 0.833333 112.583 0.384314 0.5 0 0
3340 0.085231 0.833333 113.417 0.384314 0.5 0 0
3350 0.085231 0.833333 113.417 0.384314 0.5 0 0
3360 0.0852273 0.75 114.167 0.384314 0.5 0 0
3370 0.0852273 0.75 114.167 0.384314 0.5 0 0
3380 0.0852244 0.833333 115 0.384314 0.5 0 0
3390 0.0852244 0.833333 115 0.384314 0.5 0 0
3400 0.085209 0.833333 115.833 0.384314 0.5 0 0
3410 0.085209 0.833333 115.833 0.384314 0.5 0 0
3420 0.0852028 0.833333 116.667 0.384314 0.5 0 0
3430 0.0852028 0.833333 116.667 0.384314 0.5 0 0
3440 0.0851961 0.916667 117.583 0.384314 0.5 0 0
3450 0.0851961 0.916667 117.583 0.384314 0.5 0 0
3460 0.0851961 0.916667 118.5 0.384314 0.5 0 0
3470 0.0851961 0.916667 118.5 0.384314 0.5 0 0
3480 0.0851926 0.916667 119.417 0.384314 0.5 0 0
3490 0.0851926 0.916667 119.417 0.384314 0.5 0 0
3500 0.0851926 0.916667 120.333 0.384314 0.5 0 0
3510 0.0851926 0.916667 120.333 0.384314 0.5 0 0
3520 0.0851819 0.916667 121.25 0.384314 0.5 0 0
3530 0.0851819 0.916667 121.25 0.384314 0.5 0 0
3540 0.0851818 0.916667 122.167 0.384314 0.5 0 0
3550 0.0851818 0.916667 122.167 0.384314 0.5 0 0
3560 0.0851732 0.833333 123 0.384314 0.5 0 0
3570 0.0851732 0.833333 123 0.384314 0.5 0 0
3580 0.085173 0.75 123.75 0.384314 0.5 0 0
3590 0.085173 0.75 123.75 0.384314 0.5 0 0
3600 0.085173 0.75 124.5 0.384314 0.5 0 0
3610 0.085173 0.75 124.5 0.384314 0.5 0 0
3620 0.085173 0.75 125.25 0.384314 0.5 0 0
3630 0.085173 0.75 125.25 0.384314 0.5 0 0
3640 0.0851631 0.666667 125.917 0.384314 0.5 0 0
3650 0.0851631 0.666667 125.917 0.384314 0.5 0 0
3660 0.0851568 0.583333 126.5 0.384314 0.5 0 0
3670 0.0851568 0.583333 126.5 0.384314 0.5 0 0
3680 0.0851489 0.833333 127.333 0.384314 0.5 0 0
3690 0.0851489 0.833333 127.333 0.384314 0.5 0 0
3700 0.0851489 0.833333 128.167 0.384314 0.5 0 0
3710 0.0851489 0.833333 128.167 0.384314 0.5 0 0
3720 0.0851489 0.75 128.917 0.384314 0.5 0 0
3730 0.0851489 0.75 128.917 0.384314 0.5 0 0
3740 0.08534 0.75 129.667 0.384314 0.5 0 0
3750 0.08534 0.75 129.667 0.384314 0.5 0 0
3760 0.0856027 0.583333 130.25 0.384314 0.5 0 0
3770 0.0856027 0.583333 130.25 0.384314 0.5 0 0
3780 0.0863906 0.5 130.75 0.388235 0.5 0 0
3790 0.0863906 0.5 130.75 0.388235 0.5 0 0
3800 0.0865422 0.833333 131.583 0.388235 0.5 0 0
3810 0.0865422 0.833333 131.583 0.388235 0.5 0 0
3820 0.0864638 0.833333 132.417 0.388235 0.5 0 0
3830 0.0864638 0.833333 132.417 0.388235 0.5 0 0
3840 0.086545 0.833333 133.25 0.384314 0.5 0 0
3850 0.086545 0.833333 133.25 0.384314 0.5 0 0
3860 0.0865166 0.833333 134.083 0.384314 0.5 0 0
3870 0.0865166 0.833333 134.083 0.380392 0.5 0 0
3880 0.0861613 0.833333 134.917 0.380392 0.5 0 0
3890 0.0861613 0.833333 134.917 0.380392 0.5 0 0
3900 0.0853078 0.833333 135.75 0.380392 0.5 0 0
3910 0.0853078 0.833333 135.75 0.380392 0.5 0 0
3920 0.0849007 0.75 136.5 0.380392 0.5 0 0
3930 0.0849007 0.75 136.5 0.380392 0.5 0 0
3940 0.08484 0.583333 137.083 0.380392 0.5 0 0
3950 0.08484 0.583333 137.083 0.380392 0.5 0 0
3960 0.0847645 0.666667 137.75 0.380392 0.5 0 0
3970 0.0847645 0.666667 137.75 0.380392 0.5 0 0
3980 0.0845473 0.75 138.5 0.380392 0.5 0 0
3990 0.0845473 0.75 138.5 0.380392 0.5 0 0
4000 0.0843011 0.833333 139.333 0.380392 0.5 0 0
4010 0.0843011 0.833333 139.333 0.380392 0.5 0 0
4020 0.0841431 0.833333 140.167 0.380392 0.5 0 0
4030 0.0841431 0.833333 140.167 0.380392 0.5 0 0
4040 0.0841432 0.833333 141 0.380392 0.5 0 0
4050 0.0841432 0.833333 141 0.380392 0.5 0 0
4060 0.0841432 0.833333 141.833 0.380392 0.5 0 0
4070 0.0841432 0.833333 141.833 0.380392 0.5 0 0
4080 0.0841258 0.666667 142.5 0.380392 0.5 0 0
4090 0.0841258 0.666667 142.5 0.380392 0.5 0 0
4100 0.0841203 0.666667 143.167 0.380392 0.5 0 0
4110 0.0841203 0.666667 143.167 0.380392 0.5 0 0
4120 0.0841203 0.666667 143.833 0.380392 0.5 0 0
4130 0.0841203 0.666667 143.833 0.380392 0.5 0 0
4140 0.0840969 0.666667 144.5 0.380392 0.5 0 0
4150 0.0840969 0.666667 144.5 0.380392 0.5 0 0
4160 0.0840962 0.666667 145.167 0.380392 0.5 0 0
4170 0.0840962 0.666667 145.167 0.380392 0.5 0 0
4180 0.0840962 0.666667 145.833 0.380392 0.5 0 0
4190 0.0840962 0.666667 145.833 0.380392 0.5 0 0
4200 0.0840902 0.583333 146.417 0.380392 0.5 0 0
4210 0.0840902 0.583333 146.417 0.380392 0.5 0 0
4220 0.0840817 0.5 146.917 0.380392 0.5 0 0
4230 0.0840817 0.5 146.917 0.380392 0.5 0 0
4240 0.0840782 0.5 147.417 0.380392 0.5 0 0
4250 0.0840782 0.5 147.417 0.380392 0.5 0 0
4260 0.0840782 0.333333 147.75 0.380392 0.5 0 0
4270 0.0840782 0.333333 147.75 0.380392 0.5 0 0
4280 0.0840782 0.333333 148.083 0.380392 0.5 0 0
4290 0.0840782 0.333333 148.083 0.380392 0.5 0 0
4300 0.0840782 0.5 148.583 0.380392 0.5 0 0
4310 0.0840782 0.5 148.583 0.380392 0.5 0 0
4320 0.0840422 0.5 149.083 0.380392 0.5 0 0
4330 0.0840422 0.5 149.083 0.380392 0.5 0 0
4340 0.0840348 0.5 149.583 0.380392 0.5 0 0
4350 0.0840348 0.5 149.583 0.380392 0.5 0 0
4360 0.0840264 0.5 150.083 0.380392 0.5 0 0
4370 0.0840264 0.5 150.083 0.380392 0.5 0 0
4380 0.0840204 0.5 150.583 0.380392 0.5 0 0
4390 0.0840204 0.5 150.583 0.380392 0.5 0 0
4400 0.0839672 0.5 151.083 0.380392 0.5 0 0
4410 0.0839672 0.5 151.083 0.380392 0.5 0 0
4420 0.0839452 0.916667 152 0.380392 0.5 0 0
4430 0.0839452 0.916667 152 0.380392 0.5 0 0
4440 0.0839406 0.916667 152.917 0.380392 0.5 0 0
4450 0.0839406 0.916667 152.917 0.380392 0.5 0 0
4460 0.083934 0.916667 153.833 0.380392 0.5 0 0
4470 0.083934 0.916667 153.833 0.380392 0.5 0 0
4480 0.083926 0.916667 154.75 0.380392 0.5 0 0
4490 0.083926 0.916667 154.75 0.380392 0.5 0 0
4500 0.0839212 0.916667 155.667 0.380392 0.5 0 0
4510 0.0839212 0.916667 155.667 0.380392 0.5 0 0
4520 0.0839212 0.666667 156.333 0.380392 0.5 0 0
4530 0.0839212 0.666667 156.333 0.380392 0.5 0 0
4540 0.0839212 0.75 157.083 0.380392 0.5 0 0
4550 0.0839212 0.75 157.083 0.380392 0.5 0 0
4560 0.0839212 0.75 157.833 0.380392 0.5 0 0
4570 0.0839212 0.75 157.833 0.380392 0.5 0 0
4580 0.0838273 0.75 158.583 0.380392 0.5 0 0
4590 0.0838273 0.75 158.583 0.380392 0.5 0 0
4600 0.0838139 0.75 159.333 0.380392 0.5 0 0
4610 0.0838139 0.75 159.333 0.380392 0.5 0 0
4620 0.0838139 0.833333 160.167 0.380392 0.5 0 0
4630 0.0838139 0.833333 160.167 0.380392 0.5 0 0
4640 0.0838139 0.833333 161 0.380392 0.5 0 0
4650 0.0838139 0.833333 161 0.380392 0.5 0 0
4660 0.0838139 0.833333 161.833 0.380392 0.5 0 0
4670 0.0838139 0.833333 161.833 0.380392 0.5 0 0
4680 0.0838139 0.833333 162.667 0.380392 0.5 0 0
4690 0.0838139 0.833333 162.667 0.380392 0.5 0 0
4700 0.0838139 0.833333 163.5 0.380392 0.5 0 0
4710 0.0838139 0.833333 163.5 0.380392 0.5 0 0
4720 0.0838092 0.833333 164.333 0.380392 0.5 0 0
4730 0.0838092 0.833333 164.333 0.380392 0.5 0 0
4740 0.0838092 0.833333 165.167 0.380392 0.5 0 0
4750 0.0838092 0.833333 165.167 0.380392 0.5 0 0
4760 0.0838092 0.666667 165.833 0.380392 0.5 0 0
4770 0.0838092 0.666667 165.833 0.380392 0.5 0 0
4780 0.0838092 0.666667 166.5 0.380392 0.5 0 0
4790 0.0838092 0.666667 166.5 0.380392 0.5 0 0
4800 0.083807 0.666667 167.167 0.380392 0.5 0 0
4810 0.083807 0.666667 167.167 0.380392 0.5 0 0
4820 0.0837875 0.666667 167.833 0.380392 0.5 0 0
4830 0.0837875 0.666667 167.833 0.380392 0.5 0 0
4840 0.0837875 0.666667 168.5 0.380392 0.5 0 0
4850 0.0837875 0.666667 168.5 0.380392 0.5 0 0
4860 0.0837875 0.666667 169.167 0.380392 0.5 0 0
4870 0.0837875 0.666667 169.167 0.380392 0.5 0 0
4880 0.0837875 0.666667 169.833 0.380392 0.5 0 0
4890 0.0837875 0.666667 169.833 0.380392 0.5 0 0
4900 0.0837875 0.666667 170.5 0.380392 0.5 0 0
4910 0.0837875 0.666667 170.5 0.380392 0.5 0 0
4920 0.0837875 0.583333 171.083 0.380392 0.5 0 0
4930 0.0837875 0.583333 171.083 0.380392 0.5 0 0
4940 0.0837754 0.666667 171.75 0.380392 0.5 0 0
4950 0.0837754 0.666667 171.75 0.380392 0.5 0 0
4960 0.083641 0.75 172.5 0.380392 0.5 0 0
4970 0.083641 0.75 172.5 0.380392 0.5 0 0
4980 0.083641 0.75 173.25 0.380392 0.5 0 0
4990 0.083641 0.75 173.25 0.380392 0.5 0 0
5000 0.083641 0.75 174 0.380392 0.5 0 0
5010 0.083641 0.75 174 0.380392 0.5 0 0
5020 0.0836361 0.75 174.75 0.380392 0.5 0 0
5030 0.0836361 0.75 174.75 0.380392 0.5 0 0
5040 0.0836134 0.833333 175.583 0.380392 0.5 0 0
5050 0.0836134 0.833333 175.583 0.380392 0.5 0 0
5060 0.0836124 0.75 176.333 0.380392 0.5 0 0
5070 0.0836124 0.75 176.333 0.380392 0.5 0 0
5080 0.0837366 0.75 177.083 0.380392 0.5 0 0
5090 0.0837366 0.75 177.083 0.380392 0.5 0 0
5100 0.0839328 0.583333 177.667 0.380392 0.5 0 0
5110 0.0839328 0.583333 177.667 0.380392 0.5 0 0
5120 0.0846197 0.583333 178.25 0.380392 0.5 0 0
5130 0.0846197 0.583333 178.25 0.380392 0.5 0 0
5140 0.0852071 0.75 179 0.380392 0.5 0 0
5150 0.0852071 0.75 179 0.376471 0.5 0 0
5160 0.0855861 0.75 179.75 0.376471 0.5 0 0
5170 0.0855861 0.75 179.75 0.376471 0.5 0 0
5180 0.0854551 0.75 180.5 0.372549 0.5 0 0
5190 0.0854551 0.75 180.5 0.372549 0.5 0 0
5200 0.0849787 0.75 181.25 0.372549 0.5 0 0
5210 0.0849787 0.75 181.25 0.376471 0.5 0 0
5220 0.0845177 0.75 182 0.376471 0.5 0 0
5230 0.0845177 0.75 182 0.376471 0.5 0 0
5240 0.0848273 0.75 182.75 0.380392 0.5 0 0
5250 0.0848273 0.75 182.75 0.380392 0.5 0 0
5260 0.084798 0.583333 183.333 0.380392 0.5 0 0
5270 0.084798 0.583333 183.333 0.380392 0.5 0 0
5280 0.0841993 0.583333 183.917 0.376471 0.5 0 0
5290 0.0841993 0.583333 183.917 0.380392 0.5 0 0
5300 0.0838651 0.583333 184.5 0.376471 0.5 0 0
5310 0.0838651 0.583333 184.5 0.376471 0.5 0 0
5320 0.0832334 0.583333 185.083 0.372549 0.5 0 0
5330 0.0832334 0.583333 185.083 0.372549 0.5 0 0
5340 0.0827195 0.666667 185.75 0.372549 0.5 0 0
5350 0.0827195 0.666667 185.75 0.372549 0.5 0 0
5360 0.0816549 0.666667 186.417 0.372549 0.5 0 0
5370 0.0816549 0.666667 186.417 0.372549 0.5 0 0
5380 0.0809765 0.666667 187.083 0.372549 0.5 0 0
5390 0.0809765 0.666667 187.083 0.372549 0.5 0 0
5400 0.08039 0.666667 187.75 0.376471 0.5 0 0
5410 0.08039 0.666667 187.75 0.372549 0.5 0 0
5420 0.0803284 0.666667 188.417 0.372549 0.5 0 0
5430 0.0803284 0.666667 188.417 0.372549 0.5 0 0
5440 0.080329 0.666667 189.083 0.372549 0.5 0 0
5450 0.080329 0.666667 189.083 0.372549 0.5 0 0
5460 0.0803301 0.666667 189.75 0.372549 0.5 0 0
5470 0.0803301 0.666667 189.75 0.372549 0.5 0 0
5480 0.0803298 0.75 190.5 0.372549 0.5 0 0
5490 0.0803298 0.75 190.5 0.372549 0.5 0 0
5500 0.0803259 0.75 191.25 0.372549 0.5 0 0
5510 0.0803259 0.75 191.25 0.372549 0.5 0 0
5520 0.0803202 0.75 192 0.372549 0.5 0 0
5530 0.0803202 0.75 192 0.372549 0.5 0 0
5540 0.0803097 0.75 192.75 0.376471 0.5 0 0
5550 0.0803097 0.75 192.75 0.372549 0.5 0 0
5560 0.0803068 0.75 193.5 0.372549 0.5 0 0
5570 0.0803068 0.75 193.5 0.372549 0.5 0 0
5580 0.0803071 0.75 194.25 0.372549 0.5 0 0
5590 0.0803071 0.75 194.25 0.372549 0.5 0 0
5600 0.0803431 0.75 195 0.372549 0.5 0 0
5610 0.0803431 0.75 195 0.372549 0.5 0 0
5620 0.0813592 0.666667 195.667 0.376471 0.5 0 0
5630 0.0813592 0.666667 195.667 0.376471 0.5 0 0
5640 0.0819713 0.75 196.417 0.376471 0.5 0 0
5650 0.0819713 0.75 196.417 0.376471 0.5 0 0
5660 0.0818798 0.833333 197.25 0.376471 0.5 0 0
5670 0.0818798 0.833333 197.25 0.376471 0.5 0 0
5680 0.0820516 0.833333 198.083 0.376471 0.5 0 0
5690 0.0820516 0.833333 198.083 0.372549 0.5 0 0
5700 0.0820793 0.833333 198.917 0.372549 0.5 0 0
5710 0.0820793 0.833333 198.917 0.368627 0.5 0 0
5720 0.0811117 0.833333 199.75 0.368627 0.5 0 0
5730 0.0811117 0.833333 199.75 0.368627 0.5 0 0
5740 0.0807608 0.833333 200.583 0.368627 0.5 0 0
5750 0.0807608 0.833333 200.583 0.368627 0.5 0 0
5760 0.0807439 0.75 201.333 0.368627 0.5 0 0
5770 0.0807439 0.75 201.333 0.368627 0.5 0 0
5780 0.0807382 0.75 202.083 0.368627 0.5 0 0
5790 0.0807382 0.75 202.083 0.368627 0.5 0 0
5800 0.0807312 0.75 202.833 0.368627 0.5 0 0
5810 0.0807312 0.75 202.833 0.368627 0.5 0 0
5820 0.0806372 0.75 203.583 0.368627 0.5 0 0
5830 0.0806372 0.75 203.583 0.368627 0.5 0 0
5840 0.080637 0.75 204.333 0.368627 0.5 0 0
5850 0.080637 0.75 204.333 0.368627 0.5 0 0
5860 0.0805144 0.583333 204.917 0.368627 0.5 0 0
5870 0.0805144 0.583333 204.917 0.368627 0.5 0 0
5880 0.0805357 0.666667 205.583 0.368627 0.5 0 0
5890 0.0805357 0.666667 205.583 0.368627 0.5 0 0
5900 0.0805295 0.833333 206.417 0.368627 0.5 0 0
5910 0.0805295 0.833333 206.417 0.368627 0.5 0 0
5920 0.0805247 0.833333 207.25 0.368627 0.5 0 0
5930 0.0805247 0.833333 207.25 0.368627 0.5 0 0
5940 0.080521 0.833333 208.083 0.368627 0.5 0 0
5950 0.080521 0.833333 208.083 0.368627 0.5 0 0
5960 0.080521 0.833333 208.917 0.368627 0.5 0 0
5970 0.080521 0.833333 208.917 0.368627 0.5 0 0
5980 0.080521 0.833333 209.75 0.368627 0.5 0 0
5990 0.080521 0.833333 209.75 0.368627 0.5 0 0
6000 0.0805191 0.833333 210.583 0.368627 0.5 0 0
6010 0.0805191 0.833333 210.583 0.368627 0.5 0 0
6020 0.0804077 0.75 211.333 0.368627 0.5 0 0
6030 0.0804077 0.75 211.333 0.368627 0.5 0 0
6040 0.0804022 0.666667 212 0.368627 0.5 0 0
6050 0.0804022 0.666667 212 0.368627 0.5 0 0
6060 0.0804022 0.75 212.75 0.368627 0.5 0 0
6070 0.0804022 0.75 212.75 0.368627 0.5 0 0
6080 0.0804022 0.75 213.5 0.368627 0.5 0 0
6090 0.0804022 0.75 213.5 0.368627 0.5 0 0
6100 0.0804022 0.75 214.25 0.368627 0.5 0 0
6110 0.0804022 0.75 214.25 0.368627 0.5 0 0
6120 0.0803993 0.75 215 0.368627 0.5 0 0
6130 0.0803993 0.75 215 0.368627 0.5 0 0
6140 0.0809446 0.666667 215.667 0.368627 0.5 0 0
6150 0.0809446 0.666667 215.667 0.372549 0.5 0 0
6160 0.0815164 0.666667 216.333 0.372549 0.5 0 0
6170 0.0815164 0.666667 216.333 0.372549 0.5 0 0
6180 0.0817271 0.75 217.083 0.372549 0.5 0 0
6190 0.0817271 0.75 217.083 0.372549 0.5 0 0
6200 0.0819528 0.75 217.833 0.368627 0.5 0 0
6210 0.0819528 0.75 217.833 0.372549 0.5 0 0
6220 0.0819171 0.75 218.583 0.368627 0.5 0 0
6230 0.0819171 0.75 218.583 0.364706 0.5 0 0
6240 0.0815797 0.75 219.333 0.364706 0.5 0 0
6250 0.0815797 0.75 219.333 0.364706 0.5 0 0
6260 0.080687 0.75 220.083 0.364706 0.5 0 0
6270 0.080687 0.75 220.083 0.356863 0.5 0 0
6280 0.079489 0.75 220.833 0.360784 0.5 0 0
6290 0.079489 0.75 220.833 0.360784 0.5 0 0
6300 0.079126 0.583333 221.417 0.360784 0.5 0 0
6310 0.079126 0.583333 221.417 0.360784 0.5 0 0
6320 0.0785323 0.666667 222.083 0.360784 0.5 0 0
6330 0.0785323 0.666667 222.083 0.360784 0.5 0 0
6340 0.0782638 0.666667 222.75 0.360784 0.5 0 0
6350 0.0782638 0.666667 222.75 0.360784 0.5 0 0
6360 0.077553 0.666667 223.417 0.360784 0.5 0 0
6370 0.077553 0.666667 223.417 0.360784 0.5 0 0
6380 0.0768227 0.833333 224.25 0.360784 0.5 0 0
6390 0.0768227 0.833333 224.25 0.360784 0.5 0 0
6400 0.0766712 0.916667 225.167 0.360784 0.5 0 0
6410 0.0766712 0.916667 225.167 0.360784 0.5 0 0
6420 0.0765982 0.916667 226.083 0.360784 0.5 0 0
6430 0.0765982 0.916667 226.083 0.360784 0.5 0 0
6440 0.0765648 0.916667 227 0.360784 0.5 0 0
6450 0.0765648 0.916667 227 0.360784 0.5 0 0
6460 0.0765633 0.916667 227.917 0.360784 0.5 0 0
6470 0.0765633 0.916667 227.917 0.360784 0.5 0 0
6480 0.0765621 0.916667 228.833 0.360784 0.5 0 0
6490 0.0765621 0.916667 228.833 0.360784 0.5 0 0
6500 0.0765621 0.833333 229.667 0.360784 0.5 0 0
6510 0.0765621 0.833333 229.667 0.360784 0.5 0 0
6520 0.0765113 0.833333 230.5 0.360784 0.5 0 0
6530 0.0765113 0.833333 230.5 0.360784 0.5 0 0
6540 0.0764897 0.833333 231.333 0.360784 0.5 0 0
6550 0.0764897 0.833333 231.333 0.360784 0.5 0 0
6560 0.076479 0.833333 232.167 0.360784 0.5 0 0
6570 0.076479 0.833333 232.167 0.360784 0.5 0 0
6580 0.0764714 0.833333 233 0.360784 0.5 0 0
6590 0.0764714 0.833333 233 0.360784 0.5 0 0
6600 0.0764622 0.916667 233.917 0.360784 0.5 0 0
6610 0.0764622 0.916667 233.917 0.360784 0.5 0 0
6620 0.0764622 0.916667 234.833 0.360784 0.5 0 0
6630 0.0764622 0.916667 234.833 0.360784 0.5 0 0
6640 0.0764549 1 235.833 0.360784 0.5 0 0
6650 0.0764549 1 235.833 0.360784 0.5 0 0
6660 0.0764536 0.916667 236.75 0.360784 0.5 0 0
6670 0.0764536 0.916667 236.75 0.360784 0.5 0 0
6680 0.0764536 0.916667 237.667 0.360784 0.5 0 0
6690 0.0764536 0.916667 237.667 0.360784 0.5 0 0
6700 0.0764536 1 238.667 0.360784 0.5 0 0
6710 0.0764536 1 238.667 0.360784 0.5 0 0
6720 0.0764536 1 239.667 0.360784 0.5 0 0
6730 0.0764536 1 239.667 0.360784 0.5 0 0
6740 0.0764511 1 240.667 0.360784 0.5 0 0
6750 0.0764511 1 240.667 0.360784 0.5 0 0
6760 0.0764532 1 241.667 0.360784 0.5 0 0
6770 0.0764532 1 241.667 0.360784 0.5 0 0
6780 0.0764928 1 242.667 0.360784 0.5 0 0
6790 0.0764928 1 242.667 0.360784 0.5 0 0
6800 0.0764927 1 243.667 0.360784 0.5 0 0
6810 0.0764927 1 243.667 0.360784 0.5 0 0
6820 0.0764927 1 244.667 0.360784 0.5 0 0
6830 0.0764927 1 244.667 0.360784 0.5 0 0
6840 0.0764927 1 245.667 0.360784 0.5 0 0
6850 0.0764927 1 245.667 0.360784 0.5 0 0
6860 0.0764927 1 246.667 0.360784 0.5 0 0
6870 0.0764927 1 246.667 0.360784 0.5 0 0
6880 0.0764808 0.916667 247.583 0.360784 0.5 0 0
6890 0.0764808 0.916667 247.583 0.360784 0.5 0 0
6900 0.0764487 0.916667 248.5 0.360784 0.5 0 0
6910 0.0764487 0.916667 248.5 0.360784 0.5 0 0
6920 0.0764403 0.916667 249.417 0.360784 0.5 0 0
6930 0.0764403 0.916667 249.417 0.360784 0.5 0 0
6940 0.0764403 0.916667 250.333 0.360784 0.5 0 0
6950 0.0764403 0.916667 250.333 0.360784 0.5 0 0
6960 0.0764403 0.916667 251.25 0.360784 0.5 0 0
6970 0.0764403 0.916667 251.25 0.360784 0.5 0 0
6980 0.0764403 0.916667 252.167 0.360784 0.5 0 0
6990 0.0764403 0.916667 252.167 0.360784 0.5 0 0
7000 0.0764298 0.916667 253.083 0.360784 0.5 0 0
7010 0.0764298 0.916667 253.083 0.360784 0.5 0 0
7020 0.0764162 0.833333 253.917 0.360784 0.5 0 0
7030 0.0764162 0.833333 253.917 0.360784 0.5 0 0
7040 0.0764069 0.833333 254.75 0.360784 0.5 0 0
7050 0.0764069 0.833333 254.75 0.360784 0.5 0 0
7060 0.0764069 0.833333 255.583 0.360784 0.5 0 0
7070 0.0764069 0.833333 255.583 0.360784 0.5 0 0
7080 0.0764069 0.916667 256.5 0.360784 0.5 0 0
7090 0.0764069 0.916667 256.5 0.360784 0.5 0 0
7100 0.0764069 0.916667 257.417 0.360784 0.5 0 0
7110 0.0764069 0.916667 257.417 0.360784 0.5 0 0
7120 0.0763794 0.75 258.167 0.360784 0.5 0 0
7130 0.0763794 0.75 258.167 0.360784 0.5 0 0
7140 0.0763099 0.833333 259 0.360784 0.5 0 0
7150 0.0763099 0.833333 259 0.360784 0.5 0 0
7160 0.0763098 0.916667 259.917 0.360784 0.5 0 0
7170 0.0763098 0.916667 259.917 0.360784 0.5 0 0
7180 0.0763098 0.916667 260.833 0.360784 0.5 0 0
7190 0.0763098 0.916667 260.833 0.360784 0.5 0 0
7200 0.0763098 0.916667 261.75 0.360784 0.5 0 0
7210 0.0763098 0.916667 261.75 0.360784 0.5 0 0
7220 0.0763098 0.916667 262.667 0.360784 0.5 0 0
7230 0.0763098 0.916667 262.667 0.360784 0.5 0 0
7240 0.0763098 0.833333 263.5 0.360784 0.5 0 0
7250 0.0763098 0.833333 263.5 0.360784 0.5 0 0
7260 0.0763033 0.75 264.25 0.360784 0.5 0 0
7270 0.0763033 0.75 264.25 0.360784 0.5 0 0
7280 0.0762434 0.75 265 0.360784 0.5 0 0
7290 0.0762434 0.75 265 0.360784 0.5 0 0
7300 0.0762434 0.75 265.75 0.360784 0.5 0 0
7310 0.0762434 0.75 265.75 0.360784 0.5 0 0
7320 0.0762434 0.833333 266.583 0.360784 0.5 0 0
7330 0.0762434 0.833333 266.583 0.360784 0.5 0 0
7340 0.0762434 0.833333 267.417 0.360784 0.5 0 0
7350 0.0762434 0.833333 267.417 0.360784 0.5 0 0
7360 0.0762434 0.833333 268.25 0.360784 0.5 0 0
7370 0.0762434 0.833333 268.25 0.360784 0.5 0 0
7380 0.0762434 0.75 269 0.360784 0.5 0 0
7390 0.0762434 0.75 269 0.360784 0.5 0 0
7400 0.076224 0.666667 269.667 0.360784 0.5 0 0
7410 0.076224 0.666667 269.667 0.360784 0.5 0 0
7420 0.0761121 0.666667 270.333 0.360784 0.5 0 0
7430 0.0761121 0.666667 270.333 0.360784 0.5 0 0
7440 0.0761119 0.833333 271.167 0.360784 0.5 0 0
7450 0.0761119 0.833333 271.167 0.360784 0.5 0 0
7460 0.0761119 0.916667 272.083 0.360784 0.5 0 0
7470 0.0761119 0.916667 272.083 0.360784 0.5 0 0
7480 0.0761119 0.916667 273 0.360784 0.5 0 0
7490 0.0761119 0.916667 273 0.360784 0.5 0 0
7500 0.0761 0.833333 273.833 0.360784 0.5 0 0
7510 0.0761 0.833333 273.833 0.360784 0.5 0 0
7520 0.076023 0.833333 274.667 0.360784 0.5 0 0
7530 0.076023 0.833333 274.667 0.360784 0.5 0 0
7540 0.0760211 0.833333 275.5 0.360784 0.5 0 0
7550 0.0760211 0.833333 275.5 0.360784 0.5 0 0
7560 0.0760211 0.833333 276.333 0.360784 0.5 0 0
7570 0.0760211 0.833333 276.333 0.360784 0.5 0 0
7580 0.0760211 0.833333 277.167 0.360784 0.5 0 0
7590 0.0760211 0.833333 277.167 0.360784 0.5 0 0
7600 0.0760211 0.666667 277.833 0.360784 0.5 0 0
7610 0.0760211 0.666667 277.833 0.360784 0.5 0 0
7620 0.0760211 0.833333 278.667 0.360784 0.5 0 0
7630 0.0760211 0.833333 278.667 0.360784 0.5 0 0
7640 0.0760194 0.916667 279.583 0.360784 0.5 0 0
7650 0.0760194 0.916667 279.583 0.360784 0.5 0 0
7660 0.0760194 0.916667 280.5 0.360784 0.5 0 0
7670 0.0760194 0.916667 280.5 0.360784 0.5 0 0
7680 0.0760194 1 281.5 0.360784 0.5 0 0
7690 0.0760194 1 281.5 0.360784 0.5 0 0
7700 0.0760194 1 282.5 0.360784 0.5 0 0
7710 0.0760194 1 282.5 0.360784 0.5 0 0
7720 0.0760194 0.833333 283.333 0.360784 0.5 0 0
7730 0.0760194 0.833333 283.333 0.360784 0.5 0 0
7740 0.0760194 0.75 284.083 0.360784 0.5 0 0
7750 0.0760194 0.75 284.083 0.360784 0.5 0 0
7760 0.0760194 0.75 284.833 0.360784 0.5 0 0
7770 0.0760194 0.75 284.833 0.360784 0.5 0 0
7780 0.0760194 0.833333 285.667 0.360784 0.5 0 0
7790 0.0760194 0.833333 285.667 0.360784 0.5 0 0
7800 0.0760194 0.833333 286.5 0.360784 0.5 0 0
7810 0.0760194 0.833333 286.5 0.360784 0.5 0 0
7820 0.0760194 0.666667 287.167 0.360784 0.5 0 0
7830 0.0760194 0.666667 287.167 0.360784 0.5 0 0
7840 0.0760194 0.666667 287.833 0.360784 0.5 0 0
7850 0.0760194 0.666667 287.833 0.360784 0.5 0 0
7860 0.0760194 0.833333 288.667 0.360784 0.5 0 0
7870 0.0760194 0.833333 288.667 0.360784 0.5 0 0
7880 0.0760194 0.916667 289.583 0.360784 0.5 0 0
7890 0.0760194 0.916667 289.583 0.360784 0.5 0 0
7900 0.0760194 0.833333 290.417 0.360784 0.5 0 0
7910 0.0760194 0.833333 290.417 0.360784 0.5 0 0
7920 0.0760194 0.916667 291.333 0.360784 0.5 0 0
7930 0.0760194 0.916667 291.333 0.360784 0.5 0 0
7940 0.0760194 0.916667 292.25 0.360784 0.5 0 0
7950 0.0760194 0.916667 292.25 0.360784 0.5 0 0
7960 0.0760194 1 293.25 0.360784 0.5 0 0
7970 0.0760194 1 293.25 0.360784 0.5 0 0
7980 0.0760194 1 294.25 0.360784 0.5 0 0
7990 0.0760194 1 294.25 0.360784 0.5 0 0
8000 0.0760194 1 295.25 0.360784 0.5 0 0
8010 0.0760194 1 295.25 0.360784 0.5 0 0
8020 0.0760194 1 296.25 0.360784 0.5 0 0
8030 0.0760194 1 296.25 0.360784 0.5 0 0
8040 0.0760194 1 297.25 0.360784 0.5 0 0
8050 0.0760194 1 297.25 0.360784 0.5 0 0
8060 0.0760194 0.75 298 0.360784 0.5 0 0
8070 0.0760194 0.75 298 0.360784 0.5 0 0
8080 0.0760194 0.833333 298.833 0.360784 0.5 0 0
8090 0.0760194 0.833333 298.833 0.360784 0.5 0 0
8100 0.0760194 0.75 299.583 0.360784 0.5 0 0
8110 0.0760194 0.75 299.583 0.360784 0.5 0 0
8120 0.0760194 0.75 300.333 0.360784 0.5 0 0
8130 0.0760194 0.75 300.333 0.360784 0.5 0 0
8140 0.0760194 0.833333 301.167 0.360784 0.5 0 0
8150 0.0760194 0.833333 301.167 0.360784 0.5 0 0
8160 0.0760194 0.833333 302 0.360784 0.5 0 0
8170 0.0760194 0.833333 302 0.360784 0.5 0 0
8180 0.0760194 0.833333 302.833 0.360784 0.5 0 0
8190 0.0760194 0.833333 302.833 0.360784 0.5 0 0
8200 0.0760194 0.833333 303.667 0.360784 0.5 0 0
8210 0.0760194 0.833333 303.667 0.360784 0.5 0 0
8220 0.0760194 0.833333 304.5 0.360784 0.5 0 0
8230 0.0760194 0.833333 304.5 0.360784 0.5 0 0
8240 0.0760194 0.583333 305.083 0.360784 0.5 0 0
8250 0.0760194 0.583333 305.083 0.360784 0.5 0 0
8260 0.0760194 0.75 305.833 0.360784 0.5 0 0
8270 0.0760194 0.75 305.833 0.360784 0.5 0 0
8280 0.0760194 0.833333 306.667 0.360784 0.5 0 0
8290 0.0760194 0.833333 306.667 0.360784 0.5 0 0
8300 0.0760194 0.833333 307.5 0.360784 0.5 0 0
8310 0.0760194 0.833333 307.5 0.360784 0.5 0 0
8320 0.0760194 0.833333 308.333 0.360784 0.5 0 0
8330 0.0760194 0.833333 308.333 0.360784 0.5 0 0
8340 0.0760194 0.833333 309.167 0.360784 0.5 0 0
8350 0.0760194 0.833333 309.167 0.360784 0.5 0 0
8360 0.0760194 0.833333 310 0.360784 0.5 0 0
8370 0.0760194 0.833333 310 0.360784 0.5 0 0
8380 0.0760194 0.666667 310.667 0.360784 0.5 0 0
8390 0.0760194 0.666667 310.667 0.360784 0.5 0 0
8400 0.0760194 0.666667 311.333 0.360784 0.5 0 0
8410 0.0760194 0.666667 311.333 0.360784 0.5 0 0
8420 0.0760194 0.833333 312.167 0.360784 0.5 0 0
8430 0.0760194 0.833333 312.167 0.360784 0.5 0 0
8440 0.0760194 0.833333 313 0.360784 0.5 0 0
8450 0.0760194 0.833333 313 0.360784 0.5 0 0
8460 0.0760194 0.833333 313.833 0.360784 0.5 0 0
8470 0.0760194 0.833333 313.833 0.360784 0.5 0 0
8480 0.0760194 0.75 314.583 0.360784 0.5 0 0
8490 0.0760194 0.75 314.583 0.360784 0.5 0 0
8500 0.0760194 0.833333 315.417 0.360784 0.5 0 0
8510 0.0760194 0.833333 315.417 0.360784 0.5 0 0
8520 0.0760194 0.833333 316.25 0.360784 0.5 0 0
8530 0.0760194 0.833333 316.25 0.360784 0.5 0 0
8540 0.0760194 0.833333 317.083 0.360784 0.5 0 0
8550 0.0760194 0.833333 317.083 0.360784 0.5 0 0
8560 0.0760194 0.833333 317.917 0.360784 0.5 0 0
8570 0.0760194 0.833333 317.917 0.360784 0.5 0 0
8580 0.0760194 0.833333 318.75 0.360784 0.5 0 0
8590 0.0760194 0.833333 318.75 0.360784 0.5 0 0
8600 0.0760194 0.833333 319.583 0.360784 0.5 0 0
8610 0.0760194 0.833333 319.583 0.360784 0.5 0 0
8620 0.0760194 0.833333 320.417 0.360784 0.5 0 0
8630 0.0760194 0.833333 320.417 0.360784 0.5 0 0
8640 0.0760194 0.833333 321.25 0.360784 0.5 0 0
8650 0.0760194 0.833333 321.25 0.360784 0.5 0 0
8660 0.0760194 0.833333 322.083 0.360784 0.5 0 0
8670 0.0760194 0.833333 322.083 0.360784 0.5 0 0
8680 0.0760194 0.833333 322.917 0.360784 0.5 0 0
8690 0.0760194 0.833333 322.917 0.360784 0.5 0 0
8700 0.0760194 0.833333 323.75 0.360784 0.5 0 0
8710 0.0760194 0.833333 323.75 0.360784 0.5 0 0
8720 0.0760194 0.833333 324.583 0.360784 0.5 0 0
8730 0.0760194 0.833333 324.583 0.360784 0.5 0 0
8740 0.0760194 0.833333 325.417 0.360784 0.5 0 0
8750 0.0760194 0.833333 325.417 0.360784 0.5 0 0
8760 0.0760194 0.833333 326.25 0.360784 0.5 0 0
8770 0.0760194 0.833333 326.25 0.360784 0.5 0 0
8780 0.0760194 0.833333 327.083 0.360784 0.5 0 0
8790 0.0760194 0.833333 327.083 0.360784 0.5 0 0
8800 0.0760194 0.833333 327.917 0.360784 0.5 0 0
8810 0.0760194 0.833333 327.917 0.360784 0.5 0 0
8820 0.0760173 0.833333 328.75 0.360784 0.5 0 0
8830 0.0760173 0.833333 328.75 0.360784 0.5 0 0
8840 0.0760173 0.75 329.5 0.360784 0.5 0 0
8850 0.0760173 0.75 329.5 0.360784 0.5 0 0
8860 0.0760173 0.75 330.25 0.360784 0.5 0 0
8870 0.0760173 0.75 330.25 0.360784 0.5 0 0
8880 0.0760173 0.75 331 0.360784 0.5 0 0
8890 0.0760173 0.75 331 0.360784 0.5 0 0
8900 0.0760173 0.75 331.75 0.360784 0.5 0 0
8910 0.0760173 0.75 331.75 0.360784 0.5 0 0
8920 0.0760173 0.75 332.5 0.360784 0.5 0 0
8930 0.0760173 0.75 332.5 0.360784 0.5 0 0
8940 0.0760173 0.75 333.25 0.360784 0.5 0 0
8950 0.0760173 0.75 333.25 0.360784 0.5 0 0
8960 0.0760173 0.75 334 0.360784 0.5 0 0
8970 0.0760173 0.75 334 0.360784 0.5 0 0
8980 0.0760173 0.75 334.75 0.360784 0.5 0 0
8990 0.0760173 0.75 334.75 0.360784 0.5 0 0
9000 0.0760173 0.75 335.5 0.360784 0.5 0 0
9010 0.0760173 0.75 335.5 0.360784 0.5 0 0
9020 0.0760173 0.833333 336.333 0.360784 0.5 0 0
9030 0.0760173 0.833333 336.333 0.360784 0.5 0 0
9040 0.0760173 0.833333 337.167 0.360784 0.5 0 0
9050 0.0760173 0.833333 337.167 0.360784 0.5 0 0
9060 0.0760173 0.833333 338 0.360784 0.5 0 0
9070 0.0760173 0.833333 338 0.360784 0.5 0 0
9080 0.0760173 0.833333 338.833 0.360784 0.5 0 0
9090 0.0760173 0.833333 338.833 0.360784 0.5 0 0
9100 0.0760173 0.833333 339.667 0.360784 0.5 0 0
9110 0.0760173 0.833333 339.667 0.360784 0.5 0 0
9120 0.0762371 0.833333 340.5 0.360784 0.5 0 0
9130 0.0762371 0.833333 340.5 0.360784 0.5 0 0
9140 0.076415 0.833333 341.333 0.360784 0.5 0 0
9150 0.076415 0.833333 341.333 0.360784 0.5 0 0
9160 0.0773752 0.833333 342.167 0.360784 0.5 0 0
9170 0.0773752 0.833333 342.167 0.360784 0.5 0 0
9180 0.078243 0.833333 343 0.360784 0.5 0 0
9190 0.078243 0.833333 343 0.360784 0.5 0 0
9200 0.0787658 0.833333 343.833 0.360784 0.5 0 0
9210 0.0787658 0.833333 343.833 0.364706 0.5 0 0
9220 0.0790769 0.666667 344.5 0.360784 0.5 0 0
9230 0.0790769 0.666667 344.5 0.360784 0.5 0 0
9240 0.0789482 0.666667 345.167 0.360784 0.5 0 0
9250 0.0789482 0.666667 345.167 0.356863 0.5 0 0
9260 0.0788117 0.833333 346 0.356863 0.5 0 0
9270 0.0788117 0.833333 346 0.352941 0.5 0 0
9280 0.0772522 0.75 346.75 0.34902 0.5 0 0
9290 0.0772522 0.75 346.75 0.34902 0.5 0 0
9300 0.0759819 0.75 347.5 0.34902 0.5 0 0
9310 0.0759819 0.75 347.5 0.34902 0.5 0 0
9320 0.075309 0.75 348.25 0.352941 0.5 0 0
9330 0.075309 0.75 348.25 0.352941 0.5 0 0
9340 0.0748099 0.75 349 0.34902 0.5 0 0
9350 0.0748099 0.75 349 0.34902 0.5 0 0
9360 0.073371 0.75 349.75 0.34902 0.5 0 0
9370 0.073371 0.75 349.75 0.34902 0.5 0 0
9380 0.0721879 0.75 350.5 0.34902 0.5 0 0
9390 0.0721879 0.75 350.5 0.34902 0.5 0 0
9400 0.0717742 0.75 351.25 0.34902 0.5 0 0
9410 0.0717742 0.75 351.25 0.352941 0.5 0 0
9420 0.0716424 0.75 352 0.34902 0.5 0 0
9430 0.0716424 0.75 352 0.34902 0.5 0 0
9440 0.0715034 0.75 352.75 0.352941 0.5 0 0
9450 0.0715034 0.75 352.75 0.34902 0.5 0 0
9460 0.0714063 0.75 353.5 0.352941 0.5 0 0
9470 0.0714063 0.75 353.5 0.352941 0.5 0 0
9480 0.0713632 0.75 354.25 0.34902 0.5 0 0
9490 0.0713632 0.75 354.25 0.34902 0.5 0 0
9500 0.0713438 0.75 355 0.352941 0.5 0 0
9510 0.0713438 0.75 355 0.34902 0.5 0 0
9520 0.0713438 0.833333 355.833 0.352941 0.5 0 0
9530 0.0713438 0.833333 355.833 0.352941 0.5 0 0
9540 0.0713833 0.833333 356.667 0.34902 0.5 0 0
9550 0.0713833 0.833333 356.667 0.352941 0.5 0 0
9560 0.0713936 0.833333 357.5 0.352941 0.5 0 0
9570 0.0713936 0.833333 357.5 0.352941 0.5 0 0
9580 0.0713979 0.833333 358.333 0.352941 0.5 0 0
9590 0.0713979 0.833333 358.333 0.34902 0.5 0 0
9600 0.071401 0.666667 359 0.352941 0.5 0 0
9610 0.071401 0.666667 359 0.352941 0.5 0 0
9620 0.071402 0.666667 359.667 0.34902 0.5 0 0
9630 0.071402 0.666667 359.667 0.352941 0.5 0 0
9640 0.0714029 0.916667 360.583 0.352941 0.5 0 0
9650 0.0714029 0.916667 360.583 0.352941 0.5 0 0
9660 0.07125 0.916667 361.5 0.352941 0.5 0 0
9670 0.07125 0.916667 361.5 0.352941 0.5 0 0
9680 0.0712403 0.916667 362.417 0.352941 0.5 0 0
9690 0.0712403 0.916667 362.417 0.352941 0.5 0 0
9700 0.0711852 0.916667 363.333 0.34902 0.5 0 0
9710 0.0711852 0.916667 363.333 0.352941 0.5 0 0
9720 0.0711023 0.916667 364.25 0.352941 0.5 0 0
9730 0.0711023 0.916667 364.25 0.352941 0.5 0 0
9740 0.0710368 0.916667 365.167 0.34902 0.5 0 0
9750 0.0710368 0.916667 365.167 0.352941 0.5 0 0
9760 0.0709943 0.916667 366.083 0.352941 0.5 0 0
9770 0.0709943 0.916667 366.083 0.352941 0.5 0 0
9780 0.0707891 0.916667 367 0.352941 0.5 0 0
9790 0.0707891 0.916667 367 0.352941 0.5 0 0
9800 0.0707373 0.916667 367.917 0.352941 0.5 0 0
9810 0.0707373 0.916667 367.917 0.352941 0.5 0 0
9820 0.0706155 0.916667 368.833 0.352941 0.5 0 0
9830 0.0706155 0.916667 368.833 0.352941 0.5 0 0
9840 0.0705892 0.916667 369.75 0.352941 0.5 0 0
9850 0.0705892 0.916667 369.75 0.352941 0.5 0 0
9860 0.0705633 0.833333 370.583 0.352941 0.5 0 0
9870 0.0705633 0.833333 370.583 0.352941 0.5 0 0
9880 0.0705453 0.833333 371.417 0.352941 0.5 0 0
9890 0.0705453 0.833333 371.417 0.352941 0.5 0 0
9900 0.071214 0.833333 372.25 0.356863 0.5 0 0
9910 0.071214 0.833333 372.25 0.356863 0.5 0 0
9920 0.0725511 0.833333 373.083 0.356863 0.5 0 0
9930 0.0725511 0.833333 373.083 0.356863 0.5 0 0
9940 0.0732927 0.833333 373.917 0.356863 0.5 0 0
9950 0.0732927 0.833333 373.917 0.356863 0.5 0 0
9960 0.074104 0.666667 374.583 0.356863 0.5 0 0
9970 0.074104 0.666667 374.583 0.356863 0.5 0 0
9980 0.0751435 0.666667 375.25 0.356863 0.5 0 0
9990 0.0751435 0.666667 375.25 0.356863 0.5 0 0
10000 0.0763912 0.666667 375.917 0.356863 0.5 0 0
10010 0.0763912 0.666667 375.917 0.356863 0.5 0 0
10020 0.0778506 0.583333 376.5 0.360784 0.5 0 0
10030 0.0778506 0.583333 376.5 0.360784 0.5 0 0
10040 0.0787858 0.666667 377.167 0.364706 0.5 0 0
10050 0.0787858 0.666667 377.167 0.364706 0.5 0 0
10060 0.0793308 0.666667 377.833 0.364706 0.5 0 0
10070 0.0793308 0.666667 377.833 0.364706 0.5 0 0
10080 0.0793062 0.583333 378.417 0.364706 0.5 0 0
10090 0.0793062 0.583333 378.417 0.360784 0.5 0 0
10100 0.0787771 0.583333 379 0.364706 0.5 0 0
10110 0.0787771 0.583333 379 0.364706 0.5 0 0
10120 0.0776666 0.75 379.75 0.364706 0.5 0 0
10130 0.0776666 0.75 379.75 0.364706 0.5 0 0
10140 0.0775173 0.75 380.5 0.364706 0.5 0 0
10150 0.0775173 0.75 380.5 0.364706 0.5 0 0
10160 0.0776045 0.75 381.25 0.360784 0.5 0 0
10170 0.0776045 0.75 381.25 0.360784 0.5 0 0
10180 0.0757736 0.833333 382.083 0.356863 0.5 0 0
10190 0.0757736 0.833333 382.083 0.356863 0.5 0 0
10200 0.0738902 0.833333 382.917 0.360784 0.5 0 0
10210 0.0738902 0.833333 382.917 0.360784 0.5 0 0
10220 0.0734929 0.833333 383.75 0.360784 0.5 0 0
10230 0.0734929 0.833333 383.75 0.360784 0.5 0 0
10240 0.0734237 0.833333 384.583 0.360784 0.5 0 0
10250 0.0734237 0.833333 384.583 0.360784 0.5 0 0
10260 0.0734339 0.666667 385.25 0.360784 0.5 0 0
10270 0.0734339 0.666667 385.25 0.360784 0.5 0 0
10280 0.0739226 0.75 386 0.360784 0.5 0 0
10290 0.0739226 0.75 386 0.360784 0.5 0 0
10300 0.0747399 0.666667 386.667 0.360784 0.5 0 0
10310 0.0747399 0.666667 386.667 0.360784 0.5 0 0
10320 0.0754927 0.5 387.167 0.364706 0.5 0 0
10330 0.0754927 0.5 387.167 0.364706 0.5 0 0
10340 0.0756149 0.583333 387.75 0.364706 0.5 0 0
10350 0.0756149 0.583333 387.75 0.364706 0.5 0 0
10360 0.0755992 0.583333 388.333 0.364706 0.5 0 0
10370 0.0755992 0.583333 388.333 0.364706 0.5 0 0
10380 0.0755406 0.583333 388.917 0.364706 0.5 0 0
10390 0.0755406 0.583333 388.917 0.360784 0.5 0 0
10400 0.074902 0.5 389.417 0.360784 0.5 0 0
10410 0.074902 0.5 389.417 0.360784 0.5 0 0
10420 0.0745714 0.666667 390.083 0.356863 0.5 0 0
10430 0.0745714 0.666667 390.083 0.360784 0.5 0 0
10440 0.0743975 0.666667 390.75 0.356863 0.5 0 0
10450 0.0743975 0.666667 390.75 0.360784 0.5 0 0
10460 0.0746957 0.666667 391.417 0.360784 0.5 0 0
10470 0.0746957 0.666667 391.417 0.364706 0.5 0 0
10480 0.0750856 0.666667 392.083 0.368627 0.5 0 0
10490 0.0750856 0.666667 392.083 0.368627 0.5 0 0
10500 0.0751245 0.666667 392.75 0.368627 0.5 0 0
10510 0.0751245 0.666667 392.75 0.368627 0.5 0 0
10520 0.0750546 0.5 393.25 0.368627 0.5 0 0
10530 0.0750546 0.5 393.25 0.368627 0.5 0 0
10540 0.0747314 0.5 393.75 0.364706 0.5 0 0
10550 0.0747314 0.5 393.75 0.368627 0.5 0 0
10560 0.074517 0.583333 394.333 0.368627 0.5 0 0
10570 0.074517 0.583333 394.333 0.368627 0.5 0 0
10580 0.074327 0.583333 394.917 0.364706 0.5 0 0
10590 0.074327 0.583333 394.917 0.364706 0.5 0 0
10600 0.0742606 0.583333 395.5 0.364706 0.5 0 0
10610 0.0742606 0.583333 395.5 0.364706 0.5 0 0
10620 0.0742032 0.583333 396.083 0.364706 0.5 0 0
10630 0.0742032 0.583333 396.083 0.364706 0.5 0 0
10640 0.074245 0.583333 396.667 0.364706 0.5 0 0
10650 0.074245 0.583333 396.667 0.364706 0.5 0 0
10660 0.0741026 0.666667 397.333 0.364706 0.5 0 0
10670 0.0741026 0.666667 397.333 0.364706 0.5 0 0
10680 0.0740193 0.666667 398 0.364706 0.5 0 0
10690 0.0740193 0.666667 398 0.364706 0.5 0 0
10700 0.0738037 0.666667 398.667 0.364706 0.5 0 0
10710 0.0738037 0.666667 398.667 0.364706 0.5 0 0
10720 0.0736379 0.666667 399.333 0.364706 0.5 0 0
10730 0.0736379 0.666667 399.333 0.364706 0.5 0 0
10740 0.0734712 0.75 400.083 0.364706 0.5 0 0
10750 0.0734712 0.75 400.083 0.364706 0.5 0 0
10760 0.0733125 0.75 400.833 0.364706 0.5 0 0
10770 0.0733125 0.75 400.833 0.364706 0.5 0 0
10780 0.072165 0.75 401.583 0.364706 0.5 0 0
10790 0.072165 0.75 401.583 0.364706 0.5 0 0
10800 0.0716612 0.833333 402.417 0.364706 0.5 0 0
10810 0.0716612 0.833333 402.417 0.364706 0.5 0 0
10820 0.07155 0.833333 403.25 0.364706 0.5 0 0
10830 0.07155 0.833333 403.25 0.364706 0.5 0 0
10840 0.071394 0.833333 404.083 0.364706 0.5 0 0
10850 0.071394 0.833333 404.083 0.364706 0.5 0 0
10860 0.0711993 0.833333 404.917 0.364706 0.5 0 0
10870 0.0711993 0.833333 404.917 0.364706 0.5 0 0
10880 0.0709849 0.833333 405.75 0.364706 0.5 0 0
10890 0.0709849 0.833333 405.75 0.364706 0.5 0 0
10900 0.0705733 0.583333 406.333 0.364706 0.5 0 0
10910 0.0705733 0.583333 406.333 0.364706 0.5 0 0
10920 0.0702404 0.666667 407 0.364706 0.5 0 0
10930 0.0702404 0.666667 407 0.364706 0.5 0 0
10940 0.0698012 0.666667 407.667 0.364706 0.5 0 0
10950 0.0698012 0.666667 407.667 0.364706 0.5 0 0
10960 0.0696652 0.75 408.417 0.360784 0.5 0 0
10970 0.0696652 0.75 408.417 0.364706 0.5 0 0
10980 0.0695468 0.75 409.167 0.360784 0.5 0 0
10990 0.0695468 0.75 409.167 0.364706 0.5 0 0
11000 0.0694827 0.75 409.917 0.360784 0.5 0 0
11010 0.0694827 0.75 409.917 0.360784 0.5 0 0
11020 0.0694625 0.583333 410.5 0.360784 0.5 0 0
11030 0.0694625 0.583333 410.5 0.360784 0.5 0 0
11040 0.0694519 0.833333 411.333 0.360784 0.5 0 0
11050 0.0694519 0.833333 411.333 0.360784 0.5 0 0
11060 0.0694198 0.833333 412.167 0.360784 0.5 0 0
11070 0.0694198 0.833333 412.167 0.360784 0.5 0 0
11080 0.0692945 0.833333 413 0.360784 0.5 0 0
11090 0.0692945 0.833333 413 0.360784 0.5 0 0
11100 0.0690549 0.833333 413.833 0.360784 0.5 0 0
11110 0.0690549 0.833333 413.833 0.360784 0.5 0 0
11120 0.0689983 0.833333 414.667 0.360784 0.5 0 0
11130 0.0689983 0.833333 414.667 0.360784 0.5 0 0
11140 0.0690423 0.833333 415.5 0.360784 0.5 0 0
11150 0.0690423 0.833333 415.5 0.360784 0.5 0 0
11160 0.0696189 0.75 416.25 0.360784 0.5 0 0
11170 0.0696189 0.75 416.25 0.360784 0.5 0 0
11180 0.0698786 0.833333 417.083 0.360784 0.5 0 0
11190 0.0698786 0.833333 417.083 0.360784 0.5 0 0
11200 0.0701201 0.833333 417.917 0.360784 0.5 0 0
11210 0.0701201 0.833333 417.917 0.360784 0.5 0 0
11220 0.0701308 0.916667 418.833 0.360784 0.5 0 0
11230 0.0701308 0.916667 418.833 0.360784 0.5 0 0
11240 0.0701284 0.916667 419.75 0.360784 0.5 0 0
11250 0.0701284 0.916667 419.75 0.360784 0.5 0 0
11260 0.0700668 0.916667 420.667 0.360784 0.5 0 0
11270 0.0700668 0.916667 420.667 0.360784 0.5 0 0
11280 0.07005 0.833333 421.5 0.360784 0.5 0 0
11290 0.07005 0.833333 421.5 0.360784 0.5 0 0
11300 0.0700509 0.833333 422.333 0.356863 0.5 0 0
11310 0.0700509 0.833333 422.333 0.356863 0.5 0 0
11320 0.0696981 0.833333 423.167 0.360784 0.5 0 0
11330 0.0696981 0.833333 423.167 0.360784 0.5 0 0
11340 0.0696599 0.833333 424 0.356863 0.5 0 0
11350 0.0696599 0.833333 424 0.356863 0.5 0 0
11360 0.0695912 0.833333 424.833 0.356863 0.5 0 0
11370 0.0695912 0.833333 424.833 0.356863 0.5 0 0
11380 0.0695303 0.833333 425.667 0.356863 0.5 0 0
11390 0.0695303 0.833333 425.667 0.356863 0.5 0 0
11400 0.06948 0.833333 426.5 0.356863 0.5 0 0
11410 0.06948 0.833333 426.5 0.356863 0.5 0 0
11420 0.0694456 0.833333 427.333 0.356863 0.5 0 0
11430 0.0694456 0.833333 427.333 0.356863 0.5 0 0
11440 0.069432 0.833333 428.167 0.356863 0.5 0 0
11450 0.069432 0.833333 428.167 0.356863 0.5 0 0
11460 0.06943 0.833333 429 0.356863 0.5 0 0
11470 0.06943 0.833333 429 0.356863 0.5 0 0
11480 0.0694635 0.833333 429.833 0.356863 0.5 0 0
11490 0.0694635 0.833333 429.833 0.356863 0.5 0 0
11500 0.0694561 0.833333 430.667 0.356863 0.5 0 0
11510 0.0694561 0.833333 430.667 0.356863 0.5 0 0
11520 0.06945 0.833333 431.5 0.356863 0.5 0 0
11530 0.06945 0.833333 431.5 0.356863 0.5 0 0
11540 0.0694357 0.833333 432.333 0.356863 0.5 0 0
11550 0.0694357 0.833333 432.333 0.356863 0.5 0 0
11560 0.0694286 0.833333 433.167 0.356863 0.5 0 0
11570 0.0694286 0.833333 433.167 0.356863 0.5 0 0
11580 0.0694439 0.833333 434 0.356863 0.5 0 0
11590 0.0694439 0.833333 434 0.356863 0.5 0 0
11600 0.0694627 0.833333 434.833 0.356863 0.5 0 0
11610 0.0694627 0.833333 434.833 0.356863 0.5 0 0
11620 0.0694833 0.833333 435.667 0.356863 0.5 0 0
11630 0.0694833 0.833333 435.667 0.356863 0.5 0 0
11640 0.0694844 0.833333 436.5 0.356863 0.5 0 0
11650 0.0694844 0.833333 436.5 0.356863 0.5 0 0
11660 0.0694972 0.75 437.25 0.356863 0.5 0 0
11670 0.0694972 0.75 437.25 0.356863 0.5 0 0
11680 0.0695136 0.75 438 0.356863 0.5 0 0
11690 0.0695136 0.75 438 0.356863 0.5 0 0
11700 0.0694897 0.75 438.75 0.356863 0.5 0 0
11710 0.0694897 0.75 438.75 0.356863 0.5 0 0
11720 0.0694655 0.75 439.5 0.360784 0.5 0 0
11730 0.0694655 0.75 439.5 0.356863 0.5 0 0
11740 0.069469 0.833333 440.333 0.356863 0.5 0 0
11750 0.069469 0.833333 440.333 0.356863 0.5 0 0
11760 0.069397 0.833333 441.167 0.356863 0.5 0 0
11770 0.069397 0.833333 441.167 0.356863 0.5 0 0
11780 0.0694071 0.833333 442 0.356863 0.5 0 0
11790 0.0694071 0.833333 442 0.356863 0.5 0 0
11800 0.069415 0.833333 442.833 0.356863 0.5 0 0
11810 0.069415 0.833333 442.833 0.356863 0.5 0 0
11820 0.0693994 0.833333 443.667 0.356863 0.5 0 0
11830 0.0693994 0.833333 443.667 0.356863 0.5 0 0
11840 0.0693826 0.833333 444.5 0.356863 0.5 0 0
11850 0.0693826 0.833333 444.5 0.356863 0.5 0 0
11860 0.0693403 0.75 445.25 0.356863 0.5 0 0
11870 0.0693403 0.75 445.25 0.356863 0.5 0 0
11880 0.0691559 0.75 446 0.356863 0.5 0 0
11890 0.0691559 0.75 446 0.356863 0.5 0 0
11900 0.0691434 0.75 446.75 0.356863 0.5 0 0
11910 0.0691434 0.75 446.75 0.356863 0.5 0 0
11920 0.0691086 0.75 447.5 0.356863 0.5 0 0
11930 0.0691086 0.75 447.5 0.356863 0.5 0 0
11940 0.0688322 0.75 448.25 0.356863 0.5 0 0
11950 0.0688322 0.75 448.25 0.356863 0.5 0 0
11960 0.0687058 0.75 449 0.356863 0.5 0 0
11970 0.0687058 0.75 449 0.356863 0.5 0 0
11980 0.0686885 0.75 449.75 0.356863 0.5 0 0
11990 0.0686885 0.75 449.75 0.356863 0.5 0 0
12000 0.0686596 0.75 450.5 0.356863 0.5 0 0
12010 0.0686596 0.75 450.5 0.356863 0.5 0 0
12020 0.0686444 0.833333 451.333 0.352941 0.5 0 0
12030 0.0686444 0.833333 451.333 0.356863 0.5 0 0
12040 0.0686134 0.833333 452.167 0.356863 0.5 0 0
12050 0.0686134 0.833333 452.167 0.356863 0.5 0 0
12060 0.0678768 0.75 452.917 0.356863 0.5 0 0
12070 0.0678768 0.75 452.917 0.356863 0.5 0 0
12080 0.0669973 0.75 453.667 0.356863 0.5 0 0
12090 0.0669973 0.75 453.667 0.356863 0.5 0 0
12100 0.0669026 0.75 454.417 0.356863 0.5 0 0
12110 0.0669026 0.75 454.417 0.356863 0.5 0 0
12120 0.0667437 0.75 455.167 0.356863 0.5 0 0
12130 0.0667437 0.75 455.167 0.356863 0.5 0 0
12140 0.0666601 0.75 455.917 0.356863 0.5 0 0
12150 0.0666601 0.75 455.917 0.356863 0.5 0 0
12160 0.0666432 0.833333 456.75 0.356863 0.5 0 0
12170 0.0666432 0.833333 456.75 0.356863 0.5 0 0
12180 0.0666446 0.833333 457.583 0.356863 0.5 0 0
12190 0.0666446 0.833333 457.583 0.356863 0.5 0 0
12200 0.0666692 0.833333 458.417 0.356863 0.5 0 0
12210 0.0666692 0.833333 458.417 0.356863 0.5 0 0
12220 0.0665071 0.75 459.167 0.356863 0.5 0 0
12230 0.0665071 0.75 459.167 0.356863 0.5 0 0
12240 0.0662746 0.75 459.917 0.356863 0.5 0 0
12250 0.0662746 0.75 459.917 0.356863 0.5 0 0
12260 0.0661993 0.75 460.667 0.356863 0.5 0 0
12270 0.0661993 0.75 460.667 0.356863 0.5 0 0
12280 0.0662054 0.75 461.417 0.356863 0.5 0 0
12290 0.0662054 0.75 461.417 0.356863 0.5 0 0
12300 0.066273 0.75 462.167 0.356863 0.5 0 0
12310 0.066273 0.75 462.167 0.356863 0.5 0 0
12320 0.0662711 0.75 462.917 0.356863 0.5 0 0
12330 0.0662711 0.75 462.917 0.356863 0.5 0 0
12340 0.0662431 0.833333 463.75 0.356863 0.5 0 0
12350 0.0662431 0.833333 463.75 0.356863 0.5 0 0
12360 0.0662167 0.833333 464.583 0.356863 0.5 0 0
12370 0.0662167 0.833333 464.583 0.356863 0.5 0 0
12380 0.0661546 0.833333 465.417 0.356863 0.5 0 0
12390 0.0661546 0.833333 465.417 0.356863 0.5 0 0
12400 0.0660202 0.833333 466.25 0.356863 0.5 0 0
12410 0.0660202 0.833333 466.25 0.356863 0.5 0 0
12420 0.0659663 0.916667 467.167 0.356863 0.5 0 0
12430 0.0659663 0.916667 467.167 0.356863 0.5 0 0
12440 0.0659291 0.833333 468 0.356863 0.5 0 0
12450 0.0659291 0.833333 468 0.356863 0.5 0 0
12460 0.0659671 0.75 468.75 0.356863 0.5 0 0
12470 0.0659671 0.75 468.75 0.356863 0.5 0 0
12480 0.0659561 0.75 469.5 0.356863 0.5 0 0
12490 0.0659561 0.75 469.5 0.356863 0.5 0 0
12500 0.0659394 0.75 470.25 0.356863 0.5 0 0
12510 0.0659394 0.75 470.25 0.356863 0.5 0 0
12520 0.0659306 0.75 471 0.356863 0.5 0 0
12530 0.0659306 0.75 471 0.356863 0.5 0 0
12540 0.0659116 0.666667 471.667 0.356863 0.5 0 0
12550 0.0659116 0.666667 471.667 0.356863 0.5 0 0
12560 0.065869 0.666667 472.333 0.356863 0.5 0 0
12570 0.065869 0.666667 472.333 0.356863 0.5 0 0
12580 0.0658561 0.666667 473 0.356863 0.5 0 0
12590 0.0658561 0.666667 473 0.356863 0.5 0 0
12600 0.0658208 0.666667 473.667 0.356863 0.5 0 0
12610 0.0658208 0.666667 473.667 0.356863 0.5 0 0
12620 0.0658047 0.666667 474.333 0.356863 0.5 0 0
12630 0.0658047 0.666667 474.333 0.356863 0.5 0 0
12640 0.0658503 0.583333 474.917 0.356863 0.5 0 0
12650 0.0658503 0.583333 474.917 0.356863 0.5 0 0
12660 0.0658368 0.666667 475.583 0.356863 0.5 0 0
12670 0.0658368 0.666667 475.583 0.356863 0.5 0 0
12680 0.0657603 0.666667 476.25 0.356863 0.5 0 0
12690 0.0657603 0.666667 476.25 0.356863 0.5 0 0
12700 0.0656102 0.666667 476.917 0.356863 0.5 0 0
12710 0.0656102 0.666667 476.917 0.356863 0.5 0 0
12720 0.0655646 0.666667 477.583 0.356863 0.5 0 0
12730 0.0655646 0.666667 477.583 0.356863 0.5 0 0
12740 0.0655903 0.666667 478.25 0.356863 0.5 0 0
12750 0.0655903 0.666667 478.25 0.356863 0.5 0 0
12760 0.0656033 0.666667 478.917 0.356863 0.5 0 0
12770 0.0656033 0.666667 478.917 0.356863 0.5 0 0
12780 0.0657366 0.666667 479.583 0.356863 0.5 0 0
12790 0.0657366 0.666667 479.583 0.356863 0.5 0 0
12800 0.065777 0.666667 480.25 0.352941 0.5 0 0
12810 0.065777 0.666667 480.25 0.352941 0.5 0 0
12820 0.0658481 0.666667 480.917 0.352941 0.5 0 0
12830 0.0658481 0.666667 480.917 0.352941 0.5 0 0
12840 0.0659168 0.583333 481.5 0.352941 0.5 0 0
12850 0.0659168 0.583333 481.5 0.352941 0.5 0 0
12860 0.0659723 0.583333 482.083 0.352941 0.5 0 0
12870 0.0659723 0.583333 482.083 0.352941 0.5 0 0
12880 0.0660121 0.666667 482.75 0.352941 0.5 0 0
12890 0.0660121 0.666667 482.75 0.352941 0.5 0 0
12900 0.0660585 0.666667 483.417 0.352941 0.5 0 0
12910 0.0660585 0.666667 483.417 0.352941 0.5 0 0
12920 0.0660772 0.666667 484.083 0.352941 0.5 0 0
12930 0.0660772 0.666667 484.083 0.352941 0.5 0 0
12940 0.0660863 0.666667 484.75 0.352941 0.5 0 0
12950 0.0660863 0.666667 484.75 0.352941 0.5 0 0
12960 0.0660266 0.666667 485.417 0.352941 0.5 0 0
12970 0.0660266 0.666667 485.417 0.352941 0.5 0 0
12980 0.0658916 0.666667 486.083 0.352941 0.5 0 0
12990 0.0658916 0.666667 486.083 0.352941 0.5 0 0
13000 0.0659033 0.666667 486.75 0.352941 0.5 0 0
13010 0.0659033 0.666667 486.75 0.352941 0.5 0 0
13020 0.0659258 0.583333 487.333 0.352941 0.5 0 0
13030 0.0659258 0.583333 487.333 0.352941 0.5 0 0
13040 0.0659477 0.666667 488 0.352941 0.5 0 0
13050 0.0659477 0.666667 488 0.352941 0.5 0 0
13060 0.0659508 0.666667 488.667 0.352941 0.5 0 0
13070 0.0659508 0.666667 488.667 0.352941 0.5 0 0
13080 0.0659615 0.666667 489.333 0.352941 0.5 0 0
13090 0.0659615 0.666667 489.333 0.352941 0.5 0 0
13100 0.0659756 0.666667 490 0.352941 0.5 0 0
13110 0.0659756 0.666667 490 0.352941 0.5 0 0
13120 0.0659897 0.666667 490.667 0.352941 0.5 0 0
13130 0.0659897 0.666667 490.667 0.352941 0.5 0 0
13140 0.0659842 0.666667 491.333 0.352941 0.5 0 0
13150 0.0659842 0.666667 491.333 0.352941 0.5 0 0
13160 0.0659541 0.666667 492 0.352941 0.5 0 0
13170 0.0659541 0.666667 492 0.352941 0.5 0 0
13180 0.0656392 0.666667 492.667 0.352941 0.5 0 0
13190 0.0656392 0.666667 492.667 0.352941 0.5 0 0
13200 0.0652374 0.666667 493.333 0.352941 0.5 0 0
13210 0.0652374 0.666667 493.333 0.352941 0.5 0 0
13220 0.0646928 0.666667 494 0.352941 0.5 0 0
13230 0.0646928 0.666667 494 0.356863 0.5 0 0
13240 0.0644843 0.666667 494.667 0.356863 0.5 0 0
13250 0.0644843 0.666667 494.667 0.352941 0.5 0 0
13260 0.0644302 0.583333 495.25 0.352941 0.5 0 0
13270 0.0644302 0.583333 495.25 0.352941 0.5 0 0
13280 0.0634917 0.666667 495.917 0.356863 0.5 0 0
13290 0.0634917 0.666667 495.917 0.356863 0.5 0 0
13300 0.0631446 0.666667 496.583 0.356863 0.5 0 0
13310 0.0631446 0.666667 496.583 0.356863 0.5 0 0
13320 0.0631602 0.666667 497.25 0.356863 0.5 0 0
13330 0.0631602 0.666667 497.25 0.356863 0.5 0 0
13340 0.063125 0.666667 497.917 0.356863 0.5 0 0
13350 0.063125 0.666667 497.917 0.356863 0.5 0 0
13360 0.0629874 0.666667 498.583 0.356863 0.5 0 0
13370 0.0629874 0.666667 498.583 0.356863 0.5 0 0
13380 0.0628899 0.666667 499.25 0.356863 0.5 0 0
13390 0.0628899 0.666667 499.25 0.356863 0.5 0 0
13400 0.0628668 0.583333 499.833 0.356863 0.5 0 0
13410 0.0628668 0.583333 499.833 0.356863 0.5 0 0
13420 0.0628844 0.583333 500.417 0.356863 0.5 0 0
13430 0.0628844 0.583333 500.417 0.356863 0.5 0 0
13440 0.0628838 0.666667 501.083 0.356863 0.5 0 0
13450 0.0628838 0.666667 501.083 0.356863 0.5 0 0
13460 0.0628855 0.666667 501.75 0.356863 0.5 0 0
13470 0.0628855 0.666667 501.75 0.356863 0.5 0 0
13480 0.0628637 0.833333 502.583 0.356863 0.5 0 0
13490 0.0628637 0.833333 502.583 0.356863 0.5 0 0
13500 0.0626536 0.833333 503.417 0.356863 0.5 0 0
13510 0.0626536 0.833333 503.417 0.356863 0.5 0 0
13520 0.0623609 0.833333 504.25 0.360784 0.5 0 0
13530 0.0623609 0.833333 504.25 0.360784 0.5 0 0
13540 0.0622786 0.833333 505.083 0.356863 0.5 0 0
13550 0.0622786 0.833333 505.083 0.360784 0.5 0 0
13560 0.0622339 0.916667 506 0.356863 0.5 0 0
13570 0.0622339 0.916667 506 0.360784 0.5 0 0
13580 0.0622021 0.916667 506.917 0.360784 0.5 0 0
13590 0.0622021 0.916667 506.917 0.360784 0.5 0 0
13600 0.0621812 0.916667 507.833 0.360784 0.5 0 0
13610 0.0621812 0.916667 507.833 0.356863 0.5 0 0
13620 0.06237 0.833333 508.667 0.356863 0.5 0 0
13630 0.06237 0.833333 508.667 0.356863 0.5 0 0
13640 0.06238 0.916667 509.583 0.356863 0.5 0 0
13650 0.06238 0.916667 509.583 0.356863 0.5 0 0
13660 0.0623825 0.916667 510.5 0.356863 0.5 0 0
13670 0.0623825 0.916667 510.5 0.356863 0.5 0 0
13680 0.062409 0.916667 511.417 0.356863 0.5 0 0
13690 0.062409 0.916667 511.417 0.356863 0.5 0 0
13700 0.0624898 0.916667 512.333 0.356863 0.5 0 0
13710 0.0624898 0.916667 512.333 0.356863 0.5 0 0
13720 0.0625394 0.916667 513.25 0.356863 0.5 0 0
13730 0.0625394 0.916667 513.25 0.356863 0.5 0 0
13740 0.0627056 0.916667 514.167 0.356863 0.5 0 0
13750 0.0627056 0.916667 514.167 0.356863 0.5 0 0
13760 0.062853 0.916667 515.083 0.356863 0.5 0 0
13770 0.062853 0.916667 515.083 0.356863 0.5 0 0
13780 0.0629257 0.916667 516 0.356863 0.5 0 0
13790 0.0629257 0.916667 516 0.356863 0.5 0 0
13800 0.0629837 0.916667 516.917 0.356863 0.5 0 0
13810 0.0629837 0.916667 516.917 0.356863 0.5 0 0
13820 0.0631649 1 517.917 0.356863 0.5 0 0
13830 0.0631649 1 517.917 0.356863 0.5 0 0
13840 0.0632286 1 518.917 0.356863 0.5 0 0
13850 0.0632286 1 518.917 0.352941 0.5 0 0
13860 0.0627882 1 519.917 0.356863 0.5 0 0
13870 0.0627882 1 519.917 0.356863 0.5 0 0
13880 0.0625399 1 520.917 0.352941 0.5 0 0
13890 0.0625399 1 520.917 0.356863 0.5 0 0
13900 0.0623808 0.916667 521.833 0.352941 0.5 0 0
13910 0.0623808 0.916667 521.833 0.352941 0.5 0 0
13920 0.0623172 0.916667 522.75 0.356863 0.5 0 0
13930 0.0623172 0.916667 522.75 0.356863 0.5 0 0
13940 0.062351 0.916667 523.667 0.352941 0.5 0 0
13950 0.062351 0.916667 523.667 0.352941 0.5 0 0
13960 0.0623881 0.916667 524.583 0.352941 0.5 0 0
13970 0.0623881 0.916667 524.583 0.352941 0.5 0 0
13980 0.0623848 0.916667 525.5 0.352941 0.5 0 0
13990 0.0623848 0.916667 525.5 0.356863 0.5 0 0
14000 0.0620878 1 526.5 0.356863 0.5 0 0
14010 0.0620878 1 526.5 0.360784 0.5 0 0
14020 0.0617291 1 527.5 0.360784 0.5 0 0
14030 0.0617291 1 527.5 0.364706 0.5 0 0
14040 0.0614581 1 528.5 0.364706 0.5 0 0
14050 0.0614581 1 528.5 0.364706 0.5 0 0
14060 0.0611142 1 529.5 0.364706 0.5 0 0
14070 0.0611142 1 529.5 0.364706 0.5 0 0
14080 0.0611192 1 530.5 0.364706 0.5 0 0
14090 0.0611192 1 530.5 0.364706 0.5 0 0
14100 0.0611187 1 531.5 0.364706 0.5 0 0
14110 0.0611187 1 531.5 0.364706 0.5 0 0
14120 0.0611206 0.916667 532.417 0.364706 0.5 0 0
14130 0.0611206 0.916667 532.417 0.364706 0.5 0 0
14140 0.061126 0.916667 533.333 0.364706 0.5 0 0
14150 0.061126 0.916667 533.333 0.364706 0.5 0 0
14160 0.0611256 0.916667 534.25 0.364706 0.5 0 0
14170 0.0611256 0.916667 534.25 0.364706 0.5 0 0
14180 0.0611214 0.833333 535.083 0.364706 0.5 0 0
14190 0.0611214 0.833333 535.083 0.364706 0.5 0 0
14200 0.0611175 0.916667 536 0.364706 0.5 0 0
14210 0.0611175 0.916667 536 0.364706 0.5 0 0
14220 0.0610957 0.916667 536.917 0.364706 0.5 0 0
14230 0.0610957 0.916667 536.917 0.364706 0.5 0 0
14240 0.061067 1 537.917 0.364706 0.5 0 0
14250 0.061067 1 537.917 0.364706 0.5 0 0
14260 0.0610515 1 538.917 0.364706 0.5 0 0
14270 0.0610515 1 538.917 0.364706 0.5 0 0
14280 0.0610286 1 539.917 0.364706 0.5 0 0
14290 0.0610286 1 539.917 0.368627 0.5 0 0
14300 0.0606683 1 540.917 0.364706 0.5 0 0
14310 0.0606683 1 540.917 0.360784 0.5 0 0
14320 0.0606585 1 541.917 0.360784 0.5 0 0
14330 0.0606585 1 541.917 0.360784 0.5 0 0
14340 0.0605857 1 542.917 0.360784 0.5 0 0
14350 0.0605857 1 542.917 0.360784 0.5 0 0
14360 0.0606043 1 543.917 0.356863 0.5 0 0
14370 0.0606043 1 543.917 0.356863 0.5 0 0
14380 0.0605108 1 544.917 0.356863 0.5 0 0
14390 0.0605108 1 544.917 0.356863 0.5 0 0
14400 0.060413 1 545.917 0.356863 0.5 0 0
14410 0.060413 1 545.917 0.360784 0.5 0 0
14420 0.0603872 1 546.917 0.360784 0.5 0 0
14430 0.0603872 1 546.917 0.356863 0.5 0 0
14440 0.0604898 1 547.917 0.356863 0.5 0 0
14450 0.0604898 1 547.917 0.356863 0.5 0 0
14460 0.0606121 0.833333 548.75 0.356863 0.5 0 0
14470 0.0606121 0.833333 548.75 0.356863 0.5 0 0
14480 0.0606957 1 549.75 0.356863 0.5 0 0
14490 0.0606957 1 549.75 0.356863 0.5 0 0
14500 0.0607653 1 550.75 0.356863 0.5 0 0
14510 0.0607653 1 550.75 0.356863 0.5 0 0
14520 0.0607687 1 551.75 0.356863 0.5 0 0
14530 0.0607687 1 551.75 0.356863 0.5 0 0
14540 0.0608057 1 552.75 0.352941 0.5 0 0
14550 0.0608057 1 552.75 0.352941 0.5 0 0
14560 0.0608401 1 553.75 0.352941 0.5 0 0
14570 0.0608401 1 553.75 0.352941 0.5 0 0
14580 0.0608174 0.666667 554.417 0.352941 0.5 0 0
14590 0.0608174 0.666667 554.417 0.352941 0.5 0 0
14600 0.0606754 0.75 555.167 0.352941 0.5 0 0
14610 0.0606754 0.75 555.167 0.352941 0.5 0 0
14620 0.0606902 0.75 555.917 0.352941 0.5 0 0
14630 0.0606902 0.75 555.917 0.352941 0.5 0 0
14640 0.0606744 0.75 556.667 0.352941 0.5 0 0
14650 0.0606744 0.75 556.667 0.352941 0.5 0 0
14660 0.0608989 0.75 557.417 0.34902 0.5 0 0
14670 0.0608989 0.75 557.417 0.34902 0.5 0 0
14680 0.0609899 0.75 558.167 0.34902 0.5 0 0
14690 0.0609899 0.75 558.167 0.34902 0.5 0 0
14700 0.0610924 0.5 558.667 0.34902 0.5 0 0
14710 0.0610924 0.5 558.667 0.34902 0.5 0 0
14720 0.0612012 0.666667 559.333 0.34902 0.5 0 0
14730 0.0612012 0.666667 559.333 0.345098 0.5 0 0
14740 0.0612943 0.833333 560.167 0.34902 0.5 0 0
14750 0.0612943 0.833333 560.167 0.34902 0.5 0 0
14760 0.0613416 0.833333 561 0.34902 0.5 0 0
14770 0.0613416 0.833333 561 0.345098 0.5 0 0
14780 0.0614105 0.833333 561.833 0.34902 0.5 0 0
14790 0.0614105 0.833333 561.833 0.34902 0.5 0 0
14800 0.0614824 0.833333 562.667 0.345098 0.5 0 0
14810 0.0614824 0.833333 562.667 0.345098 0.5 0 0
14820 0.0615706 0.833333 563.5 0.345098 0.5 0 0
14830 0.0615706 0.833333 563.5 0.345098 0.5 0 0
14840 0.0616348 0.833333 564.333 0.345098 0.5 0 0
14850 0.0616348 0.833333 564.333 0.345098 0.5 0 0
14860 0.0616907 0.833333 565.167 0.345098 0.5 0 0
14870 0.0616907 0.833333 565.167 0.345098 0.5 0 0
14880 0.0617429 0.833333 566 0.345098 0.5 0 0
14890 0.0617429 0.833333 566 0.345098 0.5 0 0
14900 0.0618679 0.833333 566.833 0.341176 0.5 0 0
14910 0.0618679 0.833333 566.833 0.341176 0.5 0 0
14920 0.0620278 0.75 567.583 0.337255 0.5 0 0
14930 0.0620278 0.75 567.583 0.337255 0.5 0 0
14940 0.0621286 0.833333 568.417 0.337255 0.5 0 0
14950 0.0621286 0.833333 568.417 0.337255 0.5 0 0
14960 0.0621401 0.666667 569.083 0.337255 0.5 0 0
14970 0.0621401 0.666667 569.083 0.337255 0.5 0 0
14980 0.0621713 0.666667 569.75 0.337255 0.5 0 0
14990 0.0621713 0.666667 569.75 0.337255 0.5 0 0
15000 0.0622121 0.666667 570.417 0.337255 0.5 0 0
15010 0.0622121 0.666667 570.417 0.337255 0.5 0 0
15020 0.0622624 0.75 571.167 0.337255 0.5 0 0
15030 0.0622624 0.75 571.167 0.337255 0.5 0 0
15040 0.0623101 0.75 571.917 0.337255 0.5 0 0
15050 0.0623101 0.75 571.917 0.337255 0.5 0 0
15060 0.0623554 0.666667 572.583 0.337255 0.5 0 0
15070 0.0623554 0.666667 572.583 0.337255 0.5 0 0
15080 0.0623896 0.75 573.333 0.337255 0.5 0 0
15090 0.0623896 0.75 573.333 0.345098 0.5 0 0
15100 0.0609571 0.75 574.083 0.352941 0.5 0 0
15110 0.0609571 0.75 574.083 0.345098 0.5 0 0
15120 0.0611591 0.75 574.833 0.34902 0.5 0 0
15130 0.0611591 0.75 574.833 0.34902 0.5 0 0
15140 0.0613154 0.583333 575.417 0.345098 0.5 0 0
15150 0.0613154 0.583333 575.417 0.345098 0.5 0 0
15160 0.061559 0.75 576.167 0.345098 0.5 0 0
15170 0.061559 0.75 576.167 0.341176 0.5 0 0
15180 0.0618301 0.833333 577 0.341176 0.5 0 0
15190 0.0618301 0.833333 577 0.341176 0.5 0 0
15200 0.0619132 0.75 577.75 0.341176 0.5 0 0
15210 0.0619132 0.75 577.75 0.337255 0.5 0 0
15220 0.06189 0.5 578.25 0.337255 0.5 0 0
15230 0.06189 0.5 578.25 0.341176 0.5 0 0
15240 0.0614802 0.5 578.75 0.337255 0.5 0 0
15250 0.0614802 0.5 578.75 0.341176 0.5 0 0
15260 0.0613764 0.583333 579.333 0.337255 0.5 0 0
15270 0.0613764 0.583333 579.333 0.337255 0.5 0 0
15280 0.061014 0.583333 579.917 0.337255 0.5 0 0
15290 0.061014 0.583333 579.917 0.337255 0.5 0 0
15300 0.0610468 0.583333 580.5 0.337255 0.5 0 0
15310 0.0610468 0.583333 580.5 0.337255 0.5 0 0
15320 0.0610966 0.583333 581.083 0.333333 0.5 0 0
15330 0.0610966 0.583333 581.083 0.333333 0.5 0 0
15340 0.0610766 0.583333 581.667 0.333333 0.5 0 0
15350 0.0610766 0.583333 581.667 0.333333 0.5 0 0
15360 0.0611023 0.583333 582.25 0.333333 0.5 0 0
15370 0.0611023 0.583333 582.25 0.333333 0.5 0 0
15380 0.0610285 0.583333 582.833 0.333333 0.5 0 0
15390 0.0610285 0.583333 582.833 0.333333 0.5 0 0
15400 0.0610515 0.583333 583.417 0.329412 0.5 0 0
15410 0.0610515 0.583333 583.417 0.329412 0.5 0 0
15420 0.0611141 0.583333 584 0.329412 0.5 0 0
15430 0.0611141 0.583333 584 0.329412 0.5 0 0
15440 0.0611601 0.583333 584.583 0.329412 0.5 0 0
15450 0.0611601 0.583333 584.583 0.329412 0.5 0 0
15460 0.0612145 0.583333 585.167 0.329412 0.5 0 0
15470 0.0612145 0.583333 585.167 0.329412 0.5 0 0
15480 0.0612646 0.583333 585.75 0.329412 0.5 0 0
15490 0.0612646 0.583333 585.75 0.329412 0.5 0 0
15500 0.0613169 0.583333 586.333 0.329412 0.5 0 0
15510 0.0613169 0.583333 586.333 0.329412 0.5 0 0
15520 0.0613665 0.583333 586.917 0.329412 0.5 0 0
15530 0.0613665 0.583333 586.917 0.329412 0.5 0 0
15540 0.0614405 0.5 587.417 0.329412 0.5 0 0
15550 0.0614405 0.5 587.417 0.329412 0.5 0 0
15560 0.0615552 0.583333 588 0.329412 0.5 0 0
15570 0.0615552 0.583333 588 0.329412 0.5 0 0
15580 0.0617008 0.583333 588.583 0.329412 0.5 0 0
15590 0.0617008 0.583333 588.583 0.329412 0.5 0 0
15600 0.0618013 0.583333 589.167 0.329412 0.5 0 0
15610 0.0618013 0.583333 589.167 0.329412 0.5 0 0
15620 0.0618699 0.5 589.667 0.329412 0.5 0 0
15630 0.0618699 0.5 589.667 0.32549 0.5 0 0
15640 0.0626506 0.5 590.167 0.32549 0.5 0 0
15650 0.0626506 0.5 590.167 0.321569 0.5 0 0
15660 0.0629586 0.5 590.667 0.321569 0.5 0 0
15670 0.0629586 0.5 590.667 0.321569 0.5 0 0
15680 0.06324 0.333333 591 0.321569 0.5 0 0
15690 0.06324 0.333333 591 0.321569 0.5 0 0
15700 0.0634267 0.5 591.5 0.321569 0.5 0 0
15710 0.0634267 0.5 591.5 0.32549 0.5 0 0
15720 0.0635401 0.583333 592.083 0.321569 0.5 0 0
15730 0.0635401 0.583333 592.083 0.321569 0.5 0 0
15740 0.0636636 0.583333 592.667 0.32549 0.5 0 0
15750 0.0636636 0.583333 592.667 0.321569 0.5 0 0
15760 0.0638402 0.583333 593.25 0.32549 0.5 0 0
15770 0.0638402 0.583333 593.25 0.32549 0.5 0 0
15780 0.0640304 0.583333 593.833 0.321569 0.5 0 0
15790 0.0640304 0.583333 593.833 0.32549 0.5 0 0
15800 0.064151 0.583333 594.417 0.32549 0.5 0 0
15810 0.064151 0.583333 594.417 0.32549 0.5 0 0
15820 0.0641859 0.583333 595 0.32549 0.5 0 0
15830 0.0641859 0.583333 595 0.321569 0.5 0 0
15840 0.0642165 0.583333 595.583 0.32549 0.5 0 0
15850 0.0642165 0.583333 595.583 0.32549 0.5 0 0
15860 0.0643283 0.583333 596.167 0.32549 0.5 0 0
15870 0.0643283 0.583333 596.167 0.32549 0.5 0 0
15880 0.0643456 0.5 596.667 0.32549 0.5 0 0
15890 0.0643456 0.5 596.667 0.32549 0.5 0 0
15900 0.0643458 0.5 597.167 0.32549 0.5 0 0
15910 0.0643458 0.5 597.167 0.32549 0.5 0 0
15920 0.0643458 0.5 597.667 0.32549 0.5 0 0
15930 0.0643458 0.5 597.667 0.32549 0.5 0 0
15940 0.0643168 0.5 598.167 0.32549 0.5 0 0
15950 0.0643168 0.5 598.167 0.321569 0.5 0 0
15960 0.0640584 0.5 598.667 0.321569 0.5 0 0
15970 0.0640584 0.5 598.667 0.321569 0.5 0 0
15980 0.062909 0.5 599.167 0.317647 0.5 0 0
15990 0.062909 0.5 599.167 0.317647 0.5 0 0
16000 0.062184 0.5 599.667 0.321569 0.5 0 0
16010 0.062184 0.5 599.667 0.32549 0.5 0 0
16020 0.0616589 0.583333 600.25 0.32549 0.5 0 0
16030 0.0616589 0.583333 600.25 0.321569 0.5 0 0
16040 0.0616211 0.583333 600.833 0.32549 0.5 0 0
16050 0.0616211 0.583333 600.833 0.317647 0.5 0 0
16060 0.0610168 0.583333 601.417 0.309804 0.5 0 0
16070 0.0610168 0.583333 601.417 0.309804 0.5 0 0
16080 0.0601961 0.583333 602 0.309804 0.5 0 0
16090 0.0601961 0.583333 602 0.309804 0.5 0 0
16100 0.0599557 0.583333 602.583 0.313725 0.5 0 0
16110 0.0599557 0.583333 602.583 0.309804 0.5 0 0
16120 0.0600224 0.416667 603 0.309804 0.5 0 0
16130 0.0600224 0.416667 603 0.313725 0.5 0 0
16140 0.0600789 0.5 603.5 0.313725 0.5 0 0
16150 0.0600789 0.5 603.5 0.313725 0.5 0 0
16160 0.0601402 0.5 604 0.309804 0.5 0 0
16170 0.0601402 0.5 604 0.309804 0.5 0 0
16180 0.0601724 0.5 604.5 0.309804 0.5 0 0
16190 0.0601724 0.5 604.5 0.313725 0.5 0 0
16200 0.0602308 0.583333 605.083 0.313725 0.5 0 0
16210 0.0602308 0.583333 605.083 0.309804 0.5 0 0
16220 0.0602848 0.583333 605.667 0.313725 0.5 0 0
16230 0.0602848 0.583333 605.667 0.313725 0.5 0 0
16240 0.0603411 0.583333 606.25 0.313725 0.5 0 0
16250 0.0603411 0.583333 606.25 0.313725 0.5 0 0
16260 0.0603911 0.583333 606.833 0.313725 0.5 0 0
16270 0.0603911 0.583333 606.833 0.309804 0.5 0 0
16280 0.060439 0.583333 607.417 0.313725 0.5 0 0
16290 0.060439 0.583333 607.417 0.313725 0.5 0 0
16300 0.0604863 0.583333 608 0.309804 0.5 0 0
16310 0.0604863 0.583333 608 0.309804 0.5 0 0
16320 0.06053 0.5 608.5 0.313725 0.5 0 0
16330 0.06053 0.5 608.5 0.313725 0.5 0 0
16340 0.0605699 0.5 609 0.313725 0.5 0 0
16350 0.0605699 0.5 609 0.313725 0.5 0 0
16360 0.0606087 0.583333 609.583 0.313725 0.5 0 0
16370 0.0606087 0.583333 609.583 0.313725 0.5 0 0
16380 0.0606518 0.583333 610.167 0.313725 0.5 0 0
16390 0.0606518 0.583333 610.167 0.313725 0.5 0 0
16400 0.0606887 0.5 610.667 0.313725 0.5 0 0
16410 0.0606887 0.5 610.667 0.313725 0.5 0 0
16420 0.0607232 0.5 611.167 0.313725 0.5 0 0
16430 0.0607232 0.5 611.167 0.313725 0.5 0 0
16440 0.0607309 0.5 611.667 0.313725 0.5 0 0
16450 0.0607309 0.5 611.667 0.313725 0.5 0 0
16460 0.0607372 0.583333 612.25 0.313725 0.5 0 0
16470 0.0607372 0.583333 612.25 0.313725 0.5 0 0
16480 0.0607417 0.583333 612.833 0.313725 0.5 0 0
16490 0.0607417 0.583333 612.833 0.313725 0.5 0 0
16500 0.0607569 0.583333 613.417 0.313725 0.5 0 0
16510 0.0607569 0.583333 613.417 0.313725 0.5 0 0
16520 0.0607853 0.583333 614 0.313725 0.5 0 0
16530 0.0607853 0.583333 614 0.313725 0.5 0 0
16540 0.0610976 0.416667 614.417 0.313725 0.5 0 0
16550 0.0610976 0.416667 614.417 0.313725 0.5 0 0
16560 0.0613678 0.583333 615 0.313725 0.5 0 0
16570 0.0613678 0.583333 615 0.313725 0.5 0 0
16580 0.0614357 0.583333 615.583 0.313725 0.5 0 0
16590 0.0614357 0.583333 615.583 0.313725 0.5 0 0
16600 0.0615092 0.583333 616.167 0.313725 0.5 0 0
16610 0.0615092 0.583333 616.167 0.313725 0.5 0 0
16620 0.0615884 0.583333 616.75 0.313725 0.5 0 0
16630 0.0615884 0.583333 616.75 0.313725 0.5 0 0
16640 0.061657 0.583333 617.333 0.313725 0.5 0 0
16650 0.061657 0.583333 617.333 0.313725 0.5 0 0
16660 0.0617236 0.583333 617.917 0.313725 0.5 0 0
16670 0.0617236 0.583333 617.917 0.313725 0.5 0 0
16680 0.0617812 0.583333 618.5 0.313725 0.5 0 0
16690 0.0617812 0.583333 618.5 0.313725 0.5 0 0
16700 0.0618339 0.583333 619.083 0.313725 0.5 0 0
16710 0.0618339 0.583333 619.083 0.313725 0.5 0 0
16720 0.0618827 0.583333 619.667 0.313725 0.5 0 0
16730 0.0618827 0.583333 619.667 0.313725 0.5 0 0
16740 0.0619238 0.416667 620.083 0.317647 0.5 0 0
16750 0.0619238 0.416667 620.083 0.317647 0.5 0 0
16760 0.0619648 0.416667 620.5 0.313725 0.5 0 0
16770 0.0619648 0.416667 620.5 0.313725 0.5 0 0
16780 0.061999 0.583333 621.083 0.317647 0.5 0 0
16790 0.061999 0.583333 621.083 0.317647 0.5 0 0
16800 0.0621057 0.5 621.583 0.317647 0.5 0 0
16810 0.0621057 0.5 621.583 0.313725 0.5 0 0
16820 0.0622407 0.5 622.083 0.317647 0.5 0 0
16830 0.0622407 0.5 622.083 0.317647 0.5 0 0
16840 0.0623526 0.5 622.583 0.317647 0.5 0 0
16850 0.0623526 0.5 622.583 0.317647 0.5 0 0
16860 0.0624556 0.5 623.083 0.317647 0.5 0 0
16870 0.0624556 0.5 623.083 0.317647 0.5 0 0
16880 0.0625445 0.5 623.583 0.317647 0.5 0 0
16890 0.0625445 0.5 623.583 0.317647 0.5 0 0
16900 0.0627933 0.5 624.083 0.317647 0.5 0 0
16910 0.0627933 0.5 624.083 0.317647 0.5 0 0
16920 0.062852 0.333333 624.417 0.317647 0.5 0 0
16930 0.062852 0.333333 624.417 0.317647 0.5 0 0
16940 0.062875 0.5 624.917 0.317647 0.5 0 0
16950 0.062875 0.5 624.917 0.317647 0.5 0 0
16960 0.0628791 0.666667 625.583 0.317647 0.5 0 0
16970 0.0628791 0.666667 625.583 0.317647 0.5 0 0
16980 0.0628791 0.666667 626.25 0.317647 0.5 0 0
16990 0.0628791 0.666667 626.25 0.317647 0.5 0 0
17000 0.0628791 0.666667 626.917 0.317647 0.5 0 0
17010 0.0628791 0.666667 626.917 0.317647 0.5 0 0
17020 0.0628791 0.666667 627.583 0.317647 0.5 0 0
17030 0.0628791 0.666667 627.583 0.317647 0.5 0 0
17040 0.0628791 0.666667 628.25 0.317647 0.5 0 0
17050 0.0628791 0.666667 628.25 0.317647 0.5 0 0
17060 0.0629177 0.666667 628.917 0.317647 0.5 0 0
17070 0.0629177 0.666667 628.917 0.317647 0.5 0 0
17080 0.062926 0.666667 629.583 0.317647 0.5 0 0
17090 0.062926 0.666667 629.583 0.317647 0.5 0 0
17100 0.062926 0.5 630.083 0.317647 0.5 0 0
17110 0.062926 0.5 630.083 0.317647 0.5 0 0
17120 0.062926 0.666667 630.75 0.317647 0.5 0 0
17130 0.062926 0.666667 630.75 0.317647 0.5 0 0
17140 0.062926 0.666667 631.417 0.321569 0.5 0 0
17150 0.062926 0.666667 631.417 0.317647 0.5 0 0
17160 0.062926 0.666667 632.083 0.317647 0.5 0 0
17170 0.062926 0.666667 632.083 0.317647 0.5 0 0
17180 0.062926 0.5 632.583 0.317647 0.5 0 0
17190 0.062926 0.5 632.583 0.317647 0.5 0 0
17200 0.062926 0.583333 633.167 0.317647 0.5 0 0
17210 0.062926 0.583333 633.167 0.317647 0.5 0 0
17220 0.0629067 0.666667 633.833 0.317647 0.5 0 0
17230 0.0629067 0.666667 633.833 0.317647 0.5 0 0
17240 0.0629016 0.666667 634.5 0.317647 0.5 0 0
17250 0.0629016 0.666667 634.5 0.317647 0.5 0 0
17260 0.0628973 0.666667 635.167 0.317647 0.5 0 0
17270 0.0628973 0.666667 635.167 0.317647 0.5 0 0
17280 0.0629149 0.666667 635.833 0.317647 0.5 0 0
17290 0.0629149 0.666667 635.833 0.317647 0.5 0 0
17300 0.0629094 0.666667 636.5 0.317647 0.5 0 0
17310 0.0629094 0.666667 636.5 0.317647 0.5 0 0
17320 0.0629041 0.666667 637.167 0.317647 0.5 0 0
17330 0.0629041 0.666667 637.167 0.317647 0.5 0 0
17340 0.0628986 0.666667 637.833 0.317647 0.5 0 0
17350 0.0628986 0.666667 637.833 0.317647 0.5 0 0
17360 0.0628986 0.666667 638.5 0.317647 0.5 0 0
17370 0.0628986 0.666667 638.5 0.317647 0.5 0 0
17380 0.0628387 0.666667 639.167 0.317647 0.5 0 0
17390 0.0628387 0.666667 639.167 0.317647 0.5 0 0
17400 0.0628387 0.666667 639.833 0.317647 0.5 0 0
17410 0.0628387 0.666667 639.833 0.317647 0.5 0 0
17420 0.0626981 0.666667 640.5 0.313725 0.5 0 0
17430 0.0626981 0.666667 640.5 0.313725 0.5 0 0
17440 0.0626612 0.666667 641.167 0.313725 0.5 0 0
17450 0.0626612 0.666667 641.167 0.313725 0.5 0 0
17460 0.0626612 0.666667 641.833 0.317647 0.5 0 0
17470 0.0626612 0.666667 641.833 0.317647 0.5 0 0
17480 0.0626612 0.583333 642.417 0.313725 0.5 0 0
17490 0.0626612 0.583333 642.417 0.317647 0.5 0 0
17500 0.062687 0.666667 643.083 0.317647 0.5 0 0
17510 0.062687 0.666667 643.083 0.317647 0.5 0 0
17520 0.062687 0.666667 643.75 0.317647 0.5 0 0
17530 0.062687 0.666667 643.75 0.317647 0.5 0 0
17540 0.062687 0.5 644.25 0.313725 0.5 0 0
17550 0.062687 0.5 644.25 0.317647 0.5 0 0
17560 0.0620166 0.5 644.75 0.313725 0.5 0 0
17570 0.0620166 0.5 644.75 0.313725 0.5 0 0
17580 0.0613323 0.5 645.25 0.313725 0.5 0 0
17590 0.0613323 0.5 645.25 0.309804 0.5 0 0
17600 0.061179 0.5 645.75 0.309804 0.5 0 0
17610 0.061179 0.5 645.75 0.309804 0.5 0 0
17620 0.0612367 0.5 646.25 0.309804 0.5 0 0
17630 0.0612367 0.5 646.25 0.313725 0.5 0 0
17640 0.0612462 0.5 646.75 0.309804 0.5 0 0
17650 0.0612462 0.5 646.75 0.309804 0.5 0 0
17660 0.0612101 0.5 647.25 0.313725 0.5 0 0
17670 0.0612101 0.5 647.25 0.309804 0.5 0 0
17680 0.061162 0.5 647.75 0.309804 0.5 0 0
17690 0.061162 0.5 647.75 0.313725 0.5 0 0
17700 0.0611232 0.583333 648.333 0.309804 0.5 0 0
17710 0.0611232 0.583333 648.333 0.313725 0.5 0 0
17720 0.0611595 0.583333 648.917 0.317647 0.5 0 0
17730 0.0611595 0.583333 648.917 0.317647 0.5 0 0
17740 0.0611451 0.583333 649.5 0.313725 0.5 0 0
17750 0.0611451 0.583333 649.5 0.313725 0.5 0 0
17760 0.0611102 0.583333 650.083 0.313725 0.5 0 0
17770 0.0611102 0.583333 650.083 0.313725 0.5 0 0
17780 0.061073 0.5 650.583 0.317647 0.5 0 0
17790 0.061073 0.5 650.583 0.313725 0.5 0 0
17800 0.0606177 0.5 651.083 0.313725 0.5 0 0
17810 0.0606177 0.5 651.083 0.305882 0.5 0 0
17820 0.0592307 0.333333 651.417 0.301961 0.5 0 0
17830 0.0592307 0.333333 651.417 0.301961 0.5 0 0
17840 0.0581691 0.5 651.917 0.305882 0.5 0 0
17850 0.0581691 0.5 651.917 0.301961 0.5 0 0
17860 0.0569161 0.5 652.417 0.301961 0.5 0 0
17870 0.0569161 0.5 652.417 0.301961 0.5 0 0
17880 0.0563018 0.583333 653 0.301961 0.5 0 0
17890 0.0563018 0.583333 653 0.301961 0.5 0 0
17900 0.0562892 0.666667 653.667 0.301961 0.5 0 0
17910 0.0562892 0.666667 653.667 0.301961 0.5 0 0
17920 0.0563075 0.666667 654.333 0.301961 0.5 0 0
17930 0.0563075 0.666667 654.333 0.301961 0.5 0 0
17940 0.0563233 0.666667 655 0.301961 0.5 0 0
17950 0.0563233 0.666667 655 0.301961 0.5 0 0
17960 0.05634 0.666667 655.667 0.301961 0.5 0 0
17970 0.05634 0.666667 655.667 0.301961 0.5 0 0
17980 0.0563578 0.5 656.167 0.301961 0.5 0 0
17990 0.0563578 0.5 656.167 0.301961 0.5 0 0
18000 0.0563724 0.666667 656.833 0.305882 0.5 0 0
18010 0.0563724 0.666667 656.833 0.301961 0.5 0 0
18020 0.0563794 0.666667 657.5 0.301961 0.5 0 0
18030 0.0563794 0.666667 657.5 0.301961 0.5 0 0
18040 0.0563489 0.666667 658.167 0.301961 0.5 0 0
18050 0.0563489 0.666667 658.167 0.301961 0.5 0 0
18060 0.0563665 0.666667 658.833 0.301961 0.5 0 0
18070 0.0563665 0.666667 658.833 0.301961 0.5 0 0
18080 0.0563897 0.666667 659.5 0.301961 0.5 0 0
18090 0.0563897 0.666667 659.5 0.301961 0.5 0 0
18100 0.0564621 0.5 660 0.301961 0.5 0 0
18110 0.0564621 0.5 660 0.301961 0.5 0 0
18120 0.0565671 0.666667 660.667 0.301961 0.5 0 0
18130 0.0565671 0.666667 660.667 0.301961 0.5 0 0
18140 0.0566779 0.666667 661.333 0.305882 0.5 0 0
18150 0.0566779 0.666667 661.333 0.301961 0.5 0 0
18160 0.0567291 0.666667 662 0.305882 0.5 0 0
18170 0.0567291 0.666667 662 0.305882 0.5 0 0
18180 0.0567798 0.583333 662.583 0.305882 0.5 0 0
18190 0.0567798 0.583333 662.583 0.301961 0.5 0 0
18200 0.0568025 0.666667 663.25 0.301961 0.5 0 0
18210 0.0568025 0.666667 663.25 0.301961 0.5 0 0
18220 0.0568408 0.666667 663.917 0.305882 0.5 0 0
18230 0.0568408 0.666667 663.917 0.305882 0.5 0 0
18240 0.0568771 0.666667 664.583 0.305882 0.5 0 0
18250 0.0568771 0.666667 664.583 0.305882 0.5 0 0
18260 0.0569115 0.666667 665.25 0.301961 0.5 0 0
18270 0.0569115 0.666667 665.25 0.305882 0.5 0 0
18280 0.0569445 0.666667 665.917 0.305882 0.5 0 0
18290 0.0569445 0.666667 665.917 0.301961 0.5 0 0
18300 0.0569971 0.666667 666.583 0.305882 0.5 0 0
18310 0.0569971 0.666667 666.583 0.305882 0.5 0 0
18320 0.0571444 0.666667 667.25 0.305882 0.5 0 0
18330 0.0571444 0.666667 667.25 0.305882 0.5 0 0
18340 0.0572021 0.666667 667.917 0.305882 0.5 0 0
18350 0.0572021 0.666667 667.917 0.305882 0.5 0 0
18360 0.0573025 0.666667 668.583 0.305882 0.5 0 0
18370 0.0573025 0.666667 668.583 0.305882 0.5 0 0
18380 0.0573959 0.666667 669.25 0.309804 0.5 0 0
18390 0.0573959 0.666667 669.25 0.305882 0.5 0 0
18400 0.0574869 0.666667 669.917 0.305882 0.5 0 0
18410 0.0574869 0.666667 669.917 0.305882 0.5 0 0
18420 0.0575742 0.666667 670.583 0.305882 0.5 0 0
18430 0.0575742 0.666667 670.583 0.309804 0.5 0 0
18440 0.0576947 0.666667 671.25 0.305882 0.5 0 0
18450 0.0576947 0.666667 671.25 0.309804 0.5 0 0
18460 0.057684 0.666667 671.917 0.305882 0.5 0 0
18470 0.057684 0.666667 671.917 0.305882 0.5 0 0
18480 0.057701 0.666667 672.583 0.305882 0.5 0 0
18490 0.057701 0.666667 672.583 0.305882 0.5 0 0
18500 0.0577203 0.666667 673.25 0.305882 0.5 0 0
18510 0.0577203 0.666667 673.25 0.309804 0.5 0 0
18520 0.0577372 0.666667 673.917 0.305882 0.5 0 0
18530 0.0577372 0.666667 673.917 0.305882 0.5 0 0
18540 0.0577474 0.666667 674.583 0.305882 0.5 0 0
18550 0.0577474 0.666667 674.583 0.305882 0.5 0 0
18560 0.0577579 0.5 675.083 0.305882 0.5 0 0
18570 0.0577579 0.5 675.083 0.305882 0.5 0 0
18580 0.0577604 0.416667 675.5 0.305882 0.5 0 0
18590 0.0577604 0.416667 675.5 0.305882 0.5 0 0
18600 0.0574437 0.5 676 0.301961 0.5 0 0
18610 0.0574437 0.5 676 0.301961 0.5 0 0
18620 0.0574401 0.583333 676.583 0.301961 0.5 0 0
18630 0.0574401 0.583333 676.583 0.301961 0.5 0 0
18640 0.0574179 0.583333 677.167 0.301961 0.5 0 0
18650 0.0574179 0.583333 677.167 0.301961 0.5 0 0
18660 0.0574111 0.833333 678 0.301961 0.5 0 0
18670 0.0574111 0.833333 678 0.301961 0.5 0 0
18680 0.0574846 0.916667 678.917 0.301961 0.5 0 0
18690 0.0574846 0.916667 678.917 0.298039 0.5 0 0
18700 0.0575176 0.916667 679.833 0.301961 0.5 0 0
18710 0.0575176 0.916667 679.833 0.298039 0.5 0 0
18720 0.0575771 0.916667 680.75 0.298039 0.5 0 0
18730 0.0575771 0.916667 680.75 0.301961 0.5 0 0
18740 0.0575968 0.916667 681.667 0.298039 0.5 0 0
18750 0.0575968 0.916667 681.667 0.301961 0.5 0 0
18760 0.0576102 0.916667 682.583 0.298039 0.5 0 0
18770 0.0576102 0.916667 682.583 0.298039 0.5 0 0
18780 0.0576088 0.916667 683.5 0.298039 0.5 0 0
18790 0.0576088 0.916667 683.5 0.298039 0.5 0 0
18800 0.0575954 0.666667 684.167 0.298039 0.5 0 0
18810 0.0575954 0.666667 684.167 0.298039 0.5 0 0
18820 0.0574289 0.833333 685 0.298039 0.5 0 0
18830 0.0574289 0.833333 685 0.298039 0.5 0 0
18840 0.057291 0.833333 685.833 0.298039 0.5 0 0
18850 0.057291 0.833333 685.833 0.298039 0.5 0 0
18860 0.0572601 0.833333 686.667 0.298039 0.5 0 0
18870 0.0572601 0.833333 686.667 0.298039 0.5 0 0
18880 0.0572224 0.833333 687.5 0.298039 0.5 0 0
18890 0.0572224 0.833333 687.5 0.298039 0.5 0 0
18900 0.0571424 0.916667 688.417 0.298039 0.5 0 0
18910 0.0571424 0.916667 688.417 0.298039 0.5 0 0
18920 0.0571437 0.833333 689.25 0.298039 0.5 0 0
18930 0.0571437 0.833333 689.25 0.294118 0.5 0 0
18940 0.0571564 0.833333 690.083 0.294118 0.5 0 0
18950 0.0571564 0.833333 690.083 0.298039 0.5 0 0
18960 0.0571351 0.75 690.833 0.294118 0.5 0 0
18970 0.0571351 0.75 690.833 0.298039 0.5 0 0
18980 0.0568637 0.916667 691.75 0.298039 0.5 0 0
18990 0.0568637 0.916667 691.75 0.305882 0.5 0 0
19000 0.056851 0.916667 692.667 0.301961 0.5 0 0
19010 0.056851 0.916667 692.667 0.301961 0.5 0 0
19020 0.0568316 0.75 693.417 0.301961 0.5 0 0
19030 0.0568316 0.75 693.417 0.305882 0.5 0 0
19040 0.0567949 0.583333 694 0.301961 0.5 0 0
19050 0.0567949 0.583333 694 0.298039 0.5 0 0
19060 0.0568062 0.5 694.5 0.298039 0.5 0 0
19070 0.0568062 0.5 694.5 0.298039 0.5 0 0
19080 0.0569186 0.5 695 0.298039 0.5 0 0
19090 0.0569186 0.5 695 0.301961 0.5 0 0
19100 0.056571 0.333333 695.333 0.298039 0.5 0 0
19110 0.056571 0.333333 695.333 0.286275 0.5 0 0
19120 0.0551145 0.333333 695.667 0.286275 0.5 0 0
19130 0.0551145 0.333333 695.667 0.290196 0.5 0 0
19140 0.0544173 0.583333 696.25 0.290196 0.5 0 0
19150 0.0544173 0.583333 696.25 0.290196 0.5 0 0
19160 0.0542129 0.583333 696.833 0.290196 0.5 0 0
19170 0.0542129 0.583333 696.833 0.290196 0.5 0 0
19180 0.0539751 0.583333 697.417 0.290196 0.5 0 0
19190 0.0539751 0.583333 697.417 0.286275 0.5 0 0
19200 0.0538344 0.75 698.167 0.286275 0.5 0 0
19210 0.0538344 0.75 698.167 0.286275 0.5 0 0
19220 0.0540124 0.916667 699.083 0.286275 0.5 0 0
19230 0.0540124 0.916667 699.083 0.286275 0.5 0 0
19240 0.0541172 0.916667 700 0.286275 0.5 0 0
19250 0.0541172 0.916667 700 0.286275 0.5 0 0
19260 0.0542031 0.916667 700.917 0.286275 0.5 0 0
19270 0.0542031 0.916667 700.917 0.286275 0.5 0 0
19280 0.0542865 0.75 701.667 0.286275 0.5 0 0
19290 0.0542865 0.75 701.667 0.286275 0.5 0 0
19300 0.0543866 0.833333 702.5 0.286275 0.5 0 0
19310 0.0543866 0.833333 702.5 0.286275 0.5 0 0
19320 0.0543438 0.833333 703.333 0.286275 0.5 0 0
19330 0.0543438 0.833333 703.333 0.282353 0.5 0 0
19340 0.0542943 0.666667 704 0.282353 0.5 0 0
19350 0.0542943 0.666667 704 0.282353 0.5 0 0
19360 0.0542401 0.833333 704.833 0.282353 0.5 0 0
19370 0.0542401 0.833333 704.833 0.282353 0.5 0 0
19380 0.0535826 0.833333 705.667 0.282353 0.5 0 0
19390 0.0535826 0.833333 705.667 0.282353 0.5 0 0
19400 0.0534764 0.833333 706.5 0.282353 0.5 0 0
19410 0.0534764 0.833333 706.5 0.282353 0.5 0 0
19420 0.053433 0.833333 707.333 0.282353 0.5 0 0
19430 0.053433 0.833333 707.333 0.282353 0.5 0 0
19440 0.0533356 0.833333 708.167 0.282353 0.5 0 0
19450 0.0533356 0.833333 708.167 0.282353 0.5 0 0
19460 0.0532107 0.833333 709 0.282353 0.5 0 0
19470 0.0532107 0.833333 709 0.282353 0.5 0 0
19480 0.0531898 0.75 709.75 0.282353 0.5 0 0
19490 0.0531898 0.75 709.75 0.282353 0.5 0 0
19500 0.0532053 0.666667 710.417 0.282353 0.5 0 0
19510 0.0532053 0.666667 710.417 0.282353 0.5 0 0
19520 0.0532546 0.833333 711.25 0.282353 0.5 0 0
19530 0.0532546 0.833333 711.25 0.282353 0.5 0 0
19540 0.0533024 0.833333 712.083 0.282353 0.5 0 0
19550 0.0533024 0.833333 712.083 0.278431 0.5 0 0
19560 0.0530287 0.75 712.833 0.282353 0.5 0 0
19570 0.0530287 0.75 712.833 0.282353 0.5 0 0
19580 0.0527175 0.75 713.583 0.278431 0.5 0 0
19590 0.0527175 0.75 713.583 0.278431 0.5 0 0
19600 0.0525295 0.75 714.333 0.282353 0.5 0 0
19610 0.0525295 0.75 714.333 0.282353 0.5 0 0
19620 0.0518419 0.666667 715 0.278431 0.5 0 0
19630 0.0518419 0.666667 715 0.282353 0.5 0 0
19640 0.0512296 0.666667 715.667 0.278431 0.5 0 0
19650 0.0512296 0.666667 715.667 0.278431 0.5 0 0
19660 0.0509342 0.5 716.167 0.27451 0.5 0 0
19670 0.0509342 0.5 716.167 0.27451 0.5 0 0
19680 0.0507323 0.666667 716.833 0.27451 0.5 0 0
19690 0.0507323 0.666667 716.833 0.27451 0.5 0 0
19700 0.0507269 0.75 717.583 0.27451 0.5 0 0
19710 0.0507269 0.75 717.583 0.27451 0.5 0 0
19720 0.0506846 0.666667 718.25 0.270588 0.5 0 0
19730 0.0506846 0.666667 718.25 0.270588 0.5 0 0
19740 0.0506907 0.666667 718.917 0.270588 0.5 0 0
19750 0.0506907 0.666667 718.917 0.266667 0.5 0 0
19760 0.0506795 0.416667 719.333 0.266667 0.5 0 0
19770 0.0506795 0.416667 719.333 0.266667 0.5 0 0
19780 0.0506745 0.416667 719.75 0.270588 0.5 0 0
19790 0.0506745 0.416667 719.75 0.270588 0.5 0 0
19800 0.05069 0.583333 720.333 0.266667 0.5 0 0
19810 0.05069 0.583333 720.333 0.266667 0.5 0 0
19820 0.0507075 0.583333 720.917 0.266667 0.5 0 0
19830 0.0507075 0.583333 720.917 0.266667 0.5 0 0
19840 0.0507266 0.583333 721.5 0.266667 0.5 0 0
19850 0.0507266 0.583333 721.5 0.266667 0.5 0 0
19860 0.0507386 0.666667 722.167 0.266667 0.5 0 0
19870 0.0507386 0.666667 722.167 0.266667 0.5 0 0
19880 0.0507445 0.666667 722.833 0.266667 0.5 0 0
19890 0.0507445 0.666667 722.833 0.266667 0.5 0 0
19900 0.0507564 0.583333 723.417 0.266667 0.5 0 0
19910 0.0507564 0.583333 723.417 0.266667 0.5 0 0
19920 0.0507729 0.75 724.167 0.266667 0.5 0 0
19930 0.0507729 0.75 724.167 0.266667 0.5 0 0
19940 0.0507805 0.75 724.917 0.266667 0.5 0 0
19950 0.0507805 0.75 724.917 0.266667 0.5 0 0
19960 0.0507973 0.75 725.667 0.266667 0.5 0 0
19970 0.0507973 0.75 725.667 0.266667 0.5 0 0
19980 0.0508097 0.75 726.417 0.266667 0.5 0 0
19990 0.0508097 0.75 726.417 0.266667 0.5 0 0
20000 0.0508251 0.75 727.167 0.266667 0.5 0 0
20010 0.0508251 0.75 727.167 0.266667 0.5 0 0
