0 0.111065 0 0 0.5 0.5 0 0
10 0.111065 0 0 0.619608 0.5 0 0
20 0.112432 0.583333 0.583333 0.603922 0.5 0 0
30 0.112432 0.583333 0.583333 0.705882 0.5 0 0
40 0.112472 0.583333 1.16667 0.768627 0.5 0 0
50 0.112472 0.583333 1.16667 0.619608 0.5 0 0
60 0.112885 0.583333 1.75 0.823529 0.5 0 0
70 0.112885 0.583333 1.75 0.670588 0.5 0 0
80 0.113345 0.583333 2.33333 0.611765 0.5 0 0
90 0.113345 0.583333 2.33333 0.823529 0.5 0 0
100 0.112984 0.583333 2.91667 0.611765 0.5 0 0
110 0.112984 0.583333 2.91667 0.694118 0.5 0 0
120 0.112252 0.25 3.16667 0.662745 0.5 0 0
130 0.112252 0.25 3.16667 0.729412 0.5 0 0
140 0.111383 0.25 3.41667 0.670588 0.5 0 0
150 0.111383 0.25 3.41667 0.721569 0.5 0 0
160 0.110771 0.333333 3.75 0.631373 0.5 0 0
170 0.110771 0.333333 3.75 0.662745 0.5 0 0
180 0.11006 0.333333 4.08333 0.729412 0.5 0 0
190 0.11006 0.333333 4.08333 0.596078 0.5 0 0
200 0.109689 0.333333 4.41667 0.619608 0.5 0 0
210 0.109689 0.333333 4.41667 0.717647 0.5 0 0
220 0.109306 0.416667 4.83333 0.615686 0.5 0 0
230 0.109306 0.416667 4.83333 0.768627 0.5 0 0
240 0.108915 0.416667 5.25 0.603922 0.5 0 0
250 0.108915 0.416667 5.25 0.654902 0.5 0 0
260 0.108088 0.416667 5.66667 0.631373 0.5 0 0
270 0.108088 0.416667 5.66667 0.643137 0.5 0 0
280 0.107206 0.333333 6 0.643137 0.5 0 0
290 0.107206 0.333333 6 0.615686 0.5 0 0
300 0.106244 0.416667 6.41667 0.670588 0.5 0 0
310 0.106244 0.416667 6.41667 0.619608 0.5 0 0
320 0.10522 0.25 6.66667 0.768627 0.5 0 0
330 0.10522 0.25 6.66667 0.623529 0.5 0 0
340 0.104243 0.25 6.91667 0.8 0.5 0 0
350 0.104243 0.25 6.91667 0.670588 0.5 0 0
360 0.103665 0.25 7.16667 0.607843 0.5 0 0
370 0.103665 0.25 7.16667 0.729412 0.5 0 0
380 0.103559 0.25 7.41667 0.823529 0.5 0 0
390 0.103559 0.25 7.41667 0.635294 0.5 0 0
400 0.103544 0.25 7.66667 0.623529 0.5 0 0
410 0.103544 0.25 7.66667 0.823529 0.5 0 0
420 0.103427 0.166667 7.83333 0.705882 0.5 0 0
430 0.103427 0.166667 7.83333 0.823529 0.5 0 0
440 0.103403 0.25 8.08333 0.796078 0.5 0 0
450 0.103403 0.25 8.08333 0.823529 0.5 0 0
460 0.103398 0.333333 8.41667 0.670588 0.5 0 0
470 0.103398 0.333333 8.41667 0.796078 0.5 0 0
480 0.103398 0.333333 8.75 0.623529 0.5 0 0
490 0.103398 0.333333 8.75 0.611765 0.5 0 0
500 0.103398 0.333333 9.08333 0.796078 0.5 0 0
510 0.103398 0.333333 9.08333 0.803922 0.5 0 0
520 0.103398 0.333333 9.41667 0.823529 0.5 0 0
530 0.103398 0.333333 9.41667 0.607843 0.5 0 0
540 0.103429 0.333333 9.75 0.768627 0.5 0 0
550 0.103429 0.333333 9.75 0.619608 0.5 0 0
560 0.103468 0.333333 10.0833 0.631373 0.5 0 0
570 0.103468 0.333333 10.0833 0.615686 0.5 0 0
580 0.103544 0.333333 10.4167 0.631373 0.5 0 0
590 0.103544 0.333333 10.4167 0.619608 0.5 0 0
600 0.103504 0.333333 10.75 0.619608 0.5 0 0
610 0.103504 0.333333 10.75 0.647059 0.5 0 0
620 0.103416 0.333333 11.0833 0.631373 0.5 0 0
630 0.103416 0.333333 11.0833 0.643137 0.5 0 0
640 0.10338 0.333333 11.4167 0.803922 0.5 0 0
650 0.10338 0.333333 11.4167 0.8 0.5 0 0
660 0.10338 0.333333 11.75 0.596078 0.5 0 0
670 0.10338 0.333333 11.75 0.643137 0.5 0 0
680 0.103341 0.333333 12.0833 0.796078 0.5 0 0
690 0.103341 0.333333 12.0833 0.607843 0.5 0 0
700 0.102903 0.333333 12.4167 0.623529 0.5 0 0
710 0.102903 0.333333 12.4167 0.596078 0.5 0 0
720 0.102672 0.333333 12.75 0.796078 0.5 0 0
730 0.102672 0.333333 12.75 0.6 0.5 0 0
740 0.102653 0.416667 13.1667 0.619608 0.5 0 0
750 0.102653 0.416667 13.1667 0.623529 0.5 0 0
760 0.102653 0.416667 13.5833 0.803922 0.5 0 0
770 0.102653 0.416667 13.5833 0.611765 0.5 0 0
780 0.102653 0.416667 14 0.670588 0.5 0 0
790 0.102653 0.416667 14 0.607843 0.5 0 0
800 0.102653 0.416667 14.4167 0.8 0.5 0 0
810 0.102653 0.416667 14.4167 0.670588 0.5 0 0
820 0.102629 0.416667 14.8333 0.690196 0.5 0 0
830 0.102629 0.416667 14.8333 0.764706 0.5 0 0
840 0.102627 0.166667 15 0.619608 0.5 0 0
850 0.102627 0.166667 15 0.796078 0.5 0 0
860 0.102627 0.416667 15.4167 0.619608 0.5 0 0
870 0.102627 0.416667 15.4167 0.619608 0.5 0 0
880 0.102614 0.416667 15.8333 0.611765 0.5 0 0
890 0.102614 0.416667 15.8333 0.729412 0.5 0 0
900 0.102577 0.416667 16.25 0.733333 0.5 0 0
910 0.102577 0.416667 16.25 0.823529 0.5 0 0
920 0.102577 0.416667 16.6667 0.796078 0.5 0 0
930 0.102577 0.416667 16.6667 0.643137 0.5 0 0
940 0.102577 0.416667 17.0833 0.721569 0.5 0 0
950 0.102577 0.416667 17.0833 0.603922 0.5 0 0
960 0.102577 0.416667 17.5 0.611765 0.5 0 0
970 0.102577 0.416667 17.5 0.72549 0.5 0 0
980 0.102555 0.25 17.75 0.607843 0.5 0 0
990 0.102555 0.25 17.75 0.615686 0.5 0 0
1000 0.102554 0.25 18 0.721569 0.5 0 0
1010 0.102554 0.25 18 0.690196 0.5 0 0
1020 0.102554 0.416667 18.4167 0.596078 0.5 0 0
1030 0.102554 0.416667 18.4167 0.690196 0.5 0 0
1040 0.102552 0.416667 18.8333 0.615686 0.5 0 0
1050 0.102552 0.416667 18.8333 0.603922 0.5 0 0
1060 0.102552 0.5 19.3333 0.803922 0.5 0 0
1070 0.102552 0.5 19.3333 0.721569 0.5 0 0
1080 0.102543 0.5 19.8333 0.603922 0.5 0 0
1090 0.102543 0.5 19.8333 0.768627 0.5 0 0
1100 0.102543 0.5 20.3333 0.823529 0.5 0 0
1110 0.102543 0.5 20.3333 0.6 0.5 0 0
1120 0.102543 0.5 20.8333 0.729412 0.5 0 0
1130 0.102543 0.5 20.8333 0.823529 0.5 0 0
1140 0.102543 0.5 21.3333 0.635294 0.5 0 0
1150 0.102543 0.5 21.3333 0.611765 0.5 0 0
1160 0.102543 0.5 21.8333 0.8 0.5 0 0
1170 0.102543 0.5 21.8333 0.643137 0.5 0 0
1180 0.102543 0.5 22.3333 0.729412 0.5 0 0
1190 0.102543 0.5 22.3333 0.690196 0.5 0 0
1200 0.102543 0.5 22.8333 0.631373 0.5 0 0
1210 0.102543 0.5 22.8333 0.592157 0.5 0 0
1220 0.102543 0.5 23.3333 0.615686 0.5 0 0
1230 0.102543 0.5 23.3333 0.823529 0.5 0 0
1240 0.102543 0.5 23.8333 0.603922 0.5 0 0
1250 0.102543 0.5 23.8333 0.72549 0.5 0 0
1260 0.102543 0.5 24.3333 0.768627 0.5 0 0
1270 0.102543 0.5 24.3333 0.764706 0.5 0 0
1280 0.102543 0.5 24.8333 0.615686 0.5 0 0
1290 0.102543 0.5 24.8333 0.694118 0.5 0 0
1300 0.102543 0.5 25.3333 0.823529 0.5 0 0
1310 0.102543 0.5 25.3333 0.603922 0.5 0 0
1320 0.102543 0.5 25.8333 0.670588 0.5 0 0
1330 0.102543 0.5 25.8333 0.623529 0.5 0 0
1340 0.102543 0.583333 26.4167 0.694118 0.5 0 0
1350 0.102543 0.583333 26.4167 0.611765 0.5 0 0
1360 0.102543 0.583333 27 0.823529 0.5 0 0
1370 0.102543 0.583333 27 0.631373 0.5 0 0
1380 0.102543 0.5 27.5 0.690196 0.5 0 0
1390 0.102543 0.5 27.5 0.8 0.5 0 0
1400 0.102543 0.5 28 0.823529 0.5 0 0
1410 0.102543 0.5 28 0.705882 0.5 0 0
1420 0.102543 0.583333 28.5833 0.623529 0.5 0 0
1430 0.102543 0.583333 28.5833 0.631373 0.5 0 0
1440 0.102504 0.666667 29.25 0.631373 0.5 0 0
1450 0.102504 0.666667 29.25 0.611765 0.5 0 0
1460 0.1025 0.666667 29.9167 0.823529 0.5 0 0
1470 0.1025 0.666667 29.9167 0.729412 0.5 0 0
1480 0.1025 0.666667 30.5833 0.631373 0.5 0 0
1490 0.1025 0.666667 30.5833 0.705882 0.5 0 0
1500 0.1025 0.666667 31.25 0.631373 0.5 0 0
1510 0.1025 0.666667 31.25 0.823529 0.5 0 0
1520 0.1025 0.666667 31.9167 0.623529 0.5 0 0
1530 0.1025 0.666667 31.9167 0.643137 0.5 0 0
1540 0.1025 0.75 32.6667 0.611765 0.5 0 0
1550 0.1025 0.75 32.6667 0.603922 0.5 0 0
1560 0.102484 0.666667 33.3333 0.615686 0.5 0 0
1570 0.102484 0.666667 33.3333 0.607843 0.5 0 0
1580 0.102394 0.916667 34.25 0.72549 0.5 0 0
1590 0.102394 0.916667 34.25 0.635294 0.5 0 0
1600 0.102387 1 35.25 0.647059 0.5 0 0
1610 0.102387 1 35.25 0.803922 0.5 0 0
1620 0.102447 1 36.25 0.607843 0.5 0 0
1630 0.102447 1 36.25 0.631373 0.5 0 0
1640 0.102499 1 37.25 0.768627 0.5 0 0
1650 0.102499 1 37.25 0.823529 0.5 0 0
1660 0.102552 0.833333 38.0833 0.803922 0.5 0 0
1670 0.102552 0.833333 38.0833 0.729412 0.5 0 0
1680 0.102595 0.916667 39 0.631373 0.5 0 0
1690 0.102595 0.916667 39 0.623529 0.5 0 0
1700 0.102673 0.583333 39.5833 0.596078 0.5 0 0
1710 0.102673 0.583333 39.5833 0.768627 0.5 0 0
1720 0.102754 0.416667 40 0.768627 0.5 0 0
1730 0.102754 0.416667 40 0.666667 0.5 0 0
1740 0.103605 0.5 40.5 0.647059 0.5 0 0
1750 0.103605 0.5 40.5 0.796078 0.5 0 0
1760 0.104008 0.5 41 0.592157 0.5 0 0
1770 0.104008 0.5 41 0.8 0.5 0 0
1780 0.104116 0.5 41.5 0.647059 0.5 0 0
1790 0.104116 0.5 41.5 0.72549 0.5 0 0
1800 0.104757 0.583333 42.0833 0.678431 0.5 0 0
1810 0.104757 0.583333 42.0833 0.654902 0.5 0 0
1820 0.10529 0.583333 42.6667 0.713725 0.5 0 0
1830 0.10529 0.583333 42.6667 0.713725 0.5 0 0
1840 0.105347 0.416667 43.0833 0.647059 0.5 0 0
1850 0.105347 0.416667 43.0833 0.576471 0.5 0 0
1860 0.104617 0.666667 43.75 0.552941 0.5 0 0
1870 0.104617 0.666667 43.75 0.54902 0.5 0 0
1880 0.104393 0.833333 44.5833 0.552941 0.5 0 0
1890 0.104393 0.833333 44.5833 0.541176 0.5 0 0
1900 0.104013 0.833333 45.4167 0.537255 0.5 0 0
1910 0.104013 0.833333 45.4167 0.533333 0.5 0 0
1920 0.104042 0.833333 46.25 0.533333 0.5 0 0
1930 0.104042 0.833333 46.25 0.521569 0.5 0 0
1940 0.1041 0.833333 47.0833 0.521569 0.5 0 0
1950 0.1041 0.833333 47.0833 0.517647 0.5 0 0
1960 0.10387 0.833333 47.9167 0.513725 0.5 0 0
1970 0.10387 0.833333 47.9167 0.513725 0.5 0 0
1980 0.103692 0.833333 48.75 0.509804 0.5 0 0
1990 0.103692 0.833333 48.75 0.509804 0.5 0 0
2000 0.103624 0.833333 49.5833 0.505882 0.5 0 0
2010 0.103624 0.833333 49.5833 0.501961 0.5 0 0
2020 0.103281 0.833333 50.4167 0.501961 0.5 0 0
2030 0.103281 0.833333 50.4167 0.501961 0.5 0 0
2040 0.103223 0.833333 51.25 0.501961 0.5 0 0
2050 0.103223 0.833333 51.25 0.501961 0.5 0 0
2060 0.103223 0.75 52 0.501961 0.5 0 0
2070 0.103223 0.75 52 0.501961 0.5 0 0
2080 0.103223 0.666667 52.6667 0.501961 0.5 0 0
2090 0.103223 0.666667 52.6667 0.501961 0.5 0 0
2100 0.103419 0.75 53.4167 0.486275 0.5 0 0
2110 0.103419 0.75 53.4167 0.482353 0.5 0 0
2120 0.103504 0.833333 54.25 0.482353 0.5 0 0
2130 0.103504 0.833333 54.25 0.482353 0.5 0 0
2140 0.103571 0.833333 55.0833 0.482353 0.5 0 0
2150 0.103571 0.833333 55.0833 0.478431 0.5 0 0
2160 0.103617 0.833333 55.9167 0.478431 0.5 0 0
2170 0.103617 0.833333 55.9167 0.478431 0.5 0 0
2180 0.103659 0.833333 56.75 0.47451 0.5 0 0
2190 0.103659 0.833333 56.75 0.47451 0.5 0 0
2200 0.103692 0.833333 57.5833 0.478431 0.5 0 0
2210 0.103692 0.833333 57.5833 0.478431 0.5 0 0
2220 0.103711 0.833333 58.4167 0.478431 0.5 0 0
2230 0.103711 0.833333 58.4167 0.47451 0.5 0 0
2240 0.103727 0.75 59.1667 0.470588 0.5 0 0
2250 0.103727 0.75 59.1667 0.47451 0.5 0 0
2260 0.103786 0.833333 60 0.470588 0.5 0 0
2270 0.103786 0.833333 60 0.466667 0.5 0 0
2280 0.1038 0.833333 60.8333 0.470588 0.5 0 0
2290 0.1038 0.833333 60.8333 0.466667 0.5 0 0
2300 0.103802 0.75 61.5833 0.470588 0.5 0 0
2310 0.103802 0.75 61.5833 0.466667 0.5 0 0
2320 0.103803 0.75 62.3333 0.470588 0.5 0 0
2330 0.103803 0.75 62.3333 0.470588 0.5 0 0
2340 0.103812 0.666667 63 0.470588 0.5 0 0
2350 0.103812 0.666667 63 0.470588 0.5 0 0
2360 0.103832 0.583333 63.5833 0.470588 0.5 0 0
2370 0.103832 0.583333 63.5833 0.470588 0.5 0 0
2380 0.103835 0.75 64.3333 0.470588 0.5 0 0
2390 0.103835 0.75 64.3333 0.470588 0.5 0 0
2400 0.103835 0.75 65.0833 0.470588 0.5 0 0
2410 0.103835 0.75 65.0833 0.470588 0.5 0 0
2420 0.103835 0.75 65.8333 0.470588 0.5 0 0
2430 0.103835 0.75 65.8333 0.470588 0.5 0 0
2440 0.103835 0.75 66.5833 0.470588 0.5 0 0
2450 0.103835 0.75 66.5833 0.466667 0.5 0 0
2460 0.103835 0.75 67.3333 0.470588 0.5 0 0
2470 0.103835 0.75 67.3333 0.470588 0.5 0 0
2480 0.103835 0.75 68.0833 0.466667 0.5 0 0
2490 0.103835 0.75 68.0833 0.470588 0.5 0 0
2500 0.103835 0.75 68.8333 0.470588 0.5 0 0
2510 0.103835 0.75 68.8333 0.470588 0.5 0 0
2520 0.103808 0.833333 69.6667 0.470588 0.5 0 0
2530 0.103808 0.833333 69.6667 0.470588 0.5 0 0
2540 0.103767 0.833333 70.5 0.470588 0.5 0 0
2550 0.103767 0.833333 70.5 0.466667 0.5 0 0
2560 0.103767 0.833333 71.3333 0.466667 0.5 0 0
2570 0.103767 0.833333 71.3333 0.470588 0.5 0 0
2580 0.103764 0.833333 72.1667 0.470588 0.5 0 0
2590 0.103764 0.833333 72.1667 0.470588 0.5 0 0
2600 0.103764 0.833333 73 0.466667 0.5 0 0
2610 0.103764 0.833333 73 0.466667 0.5 0 0
2620 0.103791 0.833333 73.8333 0.470588 0.5 0 0
2630 0.103791 0.833333 73.8333 0.470588 0.5 0 0
2640 0.103837 0.666667 74.5 0.470588 0.5 0 0
2650 0.103837 0.666667 74.5 0.466667 0.5 0 0
2660 0.103869 0.75 75.25 0.466667 0.5 0 0
2670 0.103869 0.75 75.25 0.470588 0.5 0 0
2680 0.103896 0.75 76 0.470588 0.5 0 0
2690 0.103896 0.75 76 0.470588 0.5 0 0
2700 0.10391 0.75 76.75 0.470588 0.5 0 0
2710 0.10391 0.75 76.75 0.470588 0.5 0 0
2720 0.103928 0.75 77.5 0.470588 0.5 0 0
2730 0.103928 0.75 77.5 0.466667 0.5 0 0
2740 0.103941 0.75 78.25 0.470588 0.5 0 0
2750 0.103941 0.75 78.25 0.466667 0.5 0 0
2760 0.103956 0.75 79 0.470588 0.5 0 0
2770 0.103956 0.75 79 0.466667 0.5 0 0
2780 0.103972 0.833333 79.8333 0.470588 0.5 0 0
2790 0.103972 0.833333 79.8333 0.470588 0.5 0 0
2800 0.103988 0.833333 80.6667 0.466667 0.5 0 0
2810 0.103988 0.833333 80.6667 0.470588 0.5 0 0
2820 0.104013 0.75 81.4167 0.470588 0.5 0 0
2830 0.104013 0.75 81.4167 0.466667 0.5 0 0
2840 0.104146 0.583333 82 0.462745 0.5 0 0
2850 0.104146 0.583333 82 0.466667 0.5 0 0
2860 0.103856 0.666667 82.6667 0.466667 0.5 0 0
2870 0.103856 0.666667 82.6667 0.466667 0.5 0 0
2880 0.103781 0.75 83.4167 0.466667 0.5 0 0
2890 0.103781 0.75 83.4167 0.466667 0.5 0 0
2900 0.103781 0.666667 84.0833 0.466667 0.5 0 0
2910 0.103781 0.666667 84.0833 0.466667 0.5 0 0
2920 0.103703 0.666667 84.75 0.466667 0.5 0 0
2930 0.103703 0.666667 84.75 0.470588 0.5 0 0
2940 0.103361 0.666667 85.4167 0.466667 0.5 0 0
2950 0.103361 0.666667 85.4167 0.462745 0.5 0 0
2960 0.10301 0.666667 86.0833 0.458824 0.5 0 0
2970 0.10301 0.666667 86.0833 0.462745 0.5 0 0
2980 0.102654 0.583333 86.6667 0.458824 0.5 0 0
2990 0.102654 0.583333 86.6667 0.458824 0.5 0 0
3000 0.102516 0.666667 87.3333 0.458824 0.5 0 0
3010 0.102516 0.666667 87.3333 0.458824 0.5 0 0
3020 0.102096 0.666667 88 0.458824 0.5 0 0
3030 0.102096 0.666667 88 0.462745 0.5 0 0
3040 0.101913 0.666667 88.6667 0.458824 0.5 0 0
3050 0.101913 0.666667 88.6667 0.458824 0.5 0 0
3060 0.101907 0.666667 89.3333 0.458824 0.5 0 0
3070 0.101907 0.666667 89.3333 0.458824 0.5 0 0
3080 0.101907 0.583333 89.9167 0.458824 0.5 0 0
3090 0.101907 0.583333 89.9167 0.462745 0.5 0 0
3100 0.101907 0.583333 90.5 0.462745 0.5 0 0
3110 0.101907 0.583333 90.5 0.458824 0.5 0 0
3120 0.1019 0.75 91.25 0.458824 0.5 0 0
3130 0.1019 0.75 91.25 0.458824 0.5 0 0
3140 0.1019 0.75 92 0.458824 0.5 0 0
3150 0.1019 0.75 92 0.458824 0.5 0 0
3160 0.1019 0.75 92.75 0.458824 0.5 0 0
3170 0.1019 0.75 92.75 0.458824 0.5 0 0
3180 0.1019 0.75 93.5 0.458824 0.5 0 0
3190 0.1019 0.75 93.5 0.462745 0.5 0 0
3200 0.1019 0.75 94.25 0.458824 0.5 0 0
3210 0.1019 0.75 94.25 0.458824 0.5 0 0
3220 0.1019 0.666667 94.9167 0.462745 0.5 0 0
3230 0.1019 0.666667 94.9167 0.458824 0.5 0 0
3240 0.1019 0.583333 95.5 0.458824 0.5 0 0
3250 0.1019 0.583333 95.5 0.458824 0.5 0 0
3260 0.1019 0.583333 96.0833 0.458824 0.5 0 0
3270 0.1019 0.583333 96.0833 0.462745 0.5 0 0
3280 0.1019 0.583333 96.6667 0.458824 0.5 0 0
3290 0.1019 0.583333 96.6667 0.458824 0.5 0 0
3300 0.1019 0.583333 97.25 0.462745 0.5 0 0
3310 0.1019 0.583333 97.25 0.458824 0.5 0 0
3320 0.1019 0.583333 97.8333 0.458824 0.5 0 0
3330 0.1019 0.583333 97.8333 0.458824 0.5 0 0
3340 0.1019 0.833333 98.6667 0.458824 0.5 0 0
3350 0.1019 0.833333 98.6667 0.458824 0.5 0 0
3360 0.1019 0.916667 99.5833 0.462745 0.5 0 0
3370 0.1019 0.916667 99.5833 0.458824 0.5 0 0
3380 0.1019 0.833333 100.417 0.458824 0.5 0 0
3390 0.1019 0.833333 100.417 0.458824 0.5 0 0
3400 0.1019 0.833333 101.25 0.458824 0.5 0 0
3410 0.1019 0.833333 101.25 0.462745 0.5 0 0
3420 0.1019 0.916667 102.167 0.458824 0.5 0 0
3430 0.1019 0.916667 102.167 0.462745 0.5 0 0
3440 0.1019 0.666667 102.833 0.462745 0.5 0 0
3450 0.1019 0.666667 102.833 0.458824 0.5 0 0
3460 0.1019 0.666667 103.5 0.462745 0.5 0 0
3470 0.1019 0.666667 103.5 0.458824 0.5 0 0
3480 0.101886 0.75 104.25 0.458824 0.5 0 0
3490 0.101886 0.75 104.25 0.462745 0.5 0 0
3500 0.101886 0.75 105 0.462745 0.5 0 0
3510 0.101886 0.75 105 0.458824 0.5 0 0
3520 0.101886 0.75 105.75 0.458824 0.5 0 0
3530 0.101886 0.75 105.75 0.458824 0.5 0 0
3540 0.101665 0.666667 106.417 0.458824 0.5 0 0
3550 0.101665 0.666667 106.417 0.458824 0.5 0 0
3560 0.101637 0.666667 107.083 0.462745 0.5 0 0
3570 0.101637 0.666667 107.083 0.458824 0.5 0 0
3580 0.101563 0.666667 107.75 0.458824 0.5 0 0
3590 0.101563 0.666667 107.75 0.458824 0.5 0 0
3600 0.101561 0.5 108.25 0.458824 0.5 0 0
3610 0.101561 0.5 108.25 0.458824 0.5 0 0
3620 0.10152 0.5 108.75 0.462745 0.5 0 0
3630 0.10152 0.5 108.75 0.462745 0.5 0 0
3640 0.101441 0.666667 109.417 0.462745 0.5 0 0
3650 0.101441 0.666667 109.417 0.458824 0.5 0 0
3660 0.101441 0.583333 110 0.462745 0.5 0 0
3670 0.101441 0.583333 110 0.462745 0.5 0 0
3680 0.101428 0.583333 110.583 0.458824 0.5 0 0
3690 0.101428 0.583333 110.583 0.458824 0.5 0 0
3700 0.101428 0.666667 111.25 0.458824 0.5 0 0
3710 0.101428 0.666667 111.25 0.458824 0.5 0 0
3720 0.101428 0.666667 111.917 0.458824 0.5 0 0
3730 0.101428 0.666667 111.917 0.458824 0.5 0 0
3740 0.101428 0.666667 112.583 0.458824 0.5 0 0
3750 0.101428 0.666667 112.583 0.458824 0.5 0 0
3760 0.101409 0.666667 113.25 0.458824 0.5 0 0
3770 0.101409 0.666667 113.25 0.458824 0.5 0 0
3780 0.101407 0.666667 113.917 0.462745 0.5 0 0
3790 0.101407 0.666667 113.917 0.458824 0.5 0 0
3800 0.101407 0.666667 114.583 0.462745 0.5 0 0
3810 0.101407 0.666667 114.583 0.458824 0.5 0 0
3820 0.101407 0.666667 115.25 0.458824 0.5 0 0
3830 0.101407 0.666667 115.25 0.462745 0.5 0 0
3840 0.101407 0.666667 115.917 0.458824 0.5 0 0
3850 0.101407 0.666667 115.917 0.458824 0.5 0 0
3860 0.101407 0.666667 116.583 0.458824 0.5 0 0
3870 0.101407 0.666667 116.583 0.458824 0.5 0 0
3880 0.101407 0.666667 117.25 0.462745 0.5 0 0
3890 0.101407 0.666667 117.25 0.458824 0.5 0 0
3900 0.101407 0.583333 117.833 0.458824 0.5 0 0
3910 0.101407 0.583333 117.833 0.458824 0.5 0 0
3920 0.101407 0.666667 118.5 0.458824 0.5 0 0
3930 0.101407 0.666667 118.5 0.458824 0.5 0 0
3940 0.101516 0.666667 119.167 0.462745 0.5 0 0
3950 0.101516 0.666667 119.167 0.458824 0.5 0 0
3960 0.101516 0.666667 119.833 0.458824 0.5 0 0
3970 0.101516 0.666667 119.833 0.458824 0.5 0 0
3980 0.101516 0.666667 120.5 0.458824 0.5 0 0
3990 0.101516 0.666667 120.5 0.458824 0.5 0 0
4000 0.101516 0.666667 121.167 0.458824 0.5 0 0
4010 0.101516 0.666667 121.167 0.458824 0.5 0 0
4020 0.101516 0.666667 121.833 0.462745 0.5 0 0
4030 0.101516 0.666667 121.833 0.458824 0.5 0 0
4040 0.101525 0.666667 122.5 0.458824 0.5 0 0
4050 0.101525 0.666667 122.5 0.462745 0.5 0 0
4060 0.10154 0.666667 123.167 0.458824 0.5 0 0
4070 0.10154 0.666667 123.167 0.462745 0.5 0 0
4080 0.101555 0.666667 123.833 0.458824 0.5 0 0
4090 0.101555 0.666667 123.833 0.458824 0.5 0 0
4100 0.101556 0.666667 124.5 0.462745 0.5 0 0
4110 0.101556 0.666667 124.5 0.458824 0.5 0 0
4120 0.101556 0.666667 125.167 0.458824 0.5 0 0
4130 0.101556 0.666667 125.167 0.458824 0.5 0 0
4140 0.101558 0.666667 125.833 0.458824 0.5 0 0
4150 0.101558 0.666667 125.833 0.458824 0.5 0 0
4160 0.101562 0.666667 126.5 0.458824 0.5 0 0
4170 0.101562 0.666667 126.5 0.458824 0.5 0 0
4180 0.101564 0.666667 127.167 0.462745 0.5 0 0
4190 0.101564 0.666667 127.167 0.458824 0.5 0 0
4200 0.101564 0.666667 127.833 0.462745 0.5 0 0
4210 0.101564 0.666667 127.833 0.458824 0.5 0 0
4220 0.101567 0.666667 128.5 0.458824 0.5 0 0
4230 0.101567 0.666667 128.5 0.458824 0.5 0 0
4240 0.101579 0.583333 129.083 0.458824 0.5 0 0
4250 0.101579 0.583333 129.083 0.458824 0.5 0 0
4260 0.101595 0.583333 129.667 0.458824 0.5 0 0
4270 0.101595 0.583333 129.667 0.458824 0.5 0 0
4280 0.101595 0.666667 130.333 0.458824 0.5 0 0
4290 0.101595 0.666667 130.333 0.462745 0.5 0 0
4300 0.101615 0.75 131.083 0.462745 0.5 0 0
4310 0.101615 0.75 131.083 0.458824 0.5 0 0
4320 0.101612 0.75 131.833 0.458824 0.5 0 0
4330 0.101612 0.75 131.833 0.462745 0.5 0 0
4340 0.101612 0.75 132.583 0.462745 0.5 0 0
4350 0.101612 0.75 132.583 0.462745 0.5 0 0
4360 0.101612 0.583333 133.167 0.458824 0.5 0 0
4370 0.101612 0.583333 133.167 0.458824 0.5 0 0
4380 0.10162 0.583333 133.75 0.458824 0.5 0 0
4390 0.10162 0.583333 133.75 0.458824 0.5 0 0
4400 0.101637 0.75 134.5 0.458824 0.5 0 0
4410 0.101637 0.75 134.5 0.458824 0.5 0 0
4420 0.101638 0.75 135.25 0.458824 0.5 0 0
4430 0.101638 0.75 135.25 0.458824 0.5 0 0
4440 0.101638 0.75 136 0.458824 0.5 0 0
4450 0.101638 0.75 136 0.458824 0.5 0 0
4460 0.101638 0.75 136.75 0.458824 0.5 0 0
4470 0.101638 0.75 136.75 0.458824 0.5 0 0
4480 0.101638 0.666667 137.417 0.458824 0.5 0 0
4490 0.101638 0.666667 137.417 0.458824 0.5 0 0
4500 0.101651 0.583333 138 0.458824 0.5 0 0
4510 0.101651 0.583333 138 0.458824 0.5 0 0
4520 0.101668 0.5 138.5 0.458824 0.5 0 0
4530 0.101668 0.5 138.5 0.458824 0.5 0 0
4540 0.101674 0.583333 139.083 0.458824 0.5 0 0
4550 0.101674 0.583333 139.083 0.454902 0.5 0 0
4560 0.101674 0.75 139.833 0.458824 0.5 0 0
4570 0.101674 0.75 139.833 0.458824 0.5 0 0
4580 0.101674 0.75 140.583 0.454902 0.5 0 0
4590 0.101674 0.75 140.583 0.458824 0.5 0 0
4600 0.101677 0.75 141.333 0.458824 0.5 0 0
4610 0.101677 0.75 141.333 0.454902 0.5 0 0
4620 0.101695 0.75 142.083 0.458824 0.5 0 0
4630 0.101695 0.75 142.083 0.458824 0.5 0 0
4640 0.101701 0.75 142.833 0.458824 0.5 0 0
4650 0.101701 0.75 142.833 0.458824 0.5 0 0
4660 0.101701 0.666667 143.5 0.458824 0.5 0 0
4670 0.101701 0.666667 143.5 0.458824 0.5 0 0
4680 0.101701 0.5 144 0.458824 0.5 0 0
4690 0.101701 0.5 144 0.458824 0.5 0 0
4700 0.101714 0.583333 144.583 0.458824 0.5 0 0
4710 0.101714 0.583333 144.583 0.458824 0.5 0 0
4720 0.101714 0.583333 145.167 0.458824 0.5 0 0
4730 0.101714 0.583333 145.167 0.458824 0.5 0 0
4740 0.101714 0.583333 145.75 0.458824 0.5 0 0
4750 0.101714 0.583333 145.75 0.458824 0.5 0 0
4760 0.101714 0.583333 146.333 0.458824 0.5 0 0
4770 0.101714 0.583333 146.333 0.458824 0.5 0 0
4780 0.101714 0.583333 146.917 0.458824 0.5 0 0
4790 0.101714 0.583333 146.917 0.458824 0.5 0 0
4800 0.101714 0.583333 147.5 0.458824 0.5 0 0
4810 0.101714 0.583333 147.5 0.458824 0.5 0 0
4820 0.101714 0.5 148 0.458824 0.5 0 0
4830 0.101714 0.5 148 0.458824 0.5 0 0
4840 0.101714 0.583333 148.583 0.458824 0.5 0 0
4850 0.101714 0.583333 148.583 0.458824 0.5 0 0
4860 0.101714 0.583333 149.167 0.458824 0.5 0 0
4870 0.101714 0.583333 149.167 0.458824 0.5 0 0
4880 0.101714 0.583333 149.75 0.458824 0.5 0 0
4890 0.101714 0.583333 149.75 0.458824 0.5 0 0
4900 0.101714 0.583333 150.333 0.458824 0.5 0 0
4910 0.101714 0.583333 150.333 0.458824 0.5 0 0
4920 0.101714 0.583333 150.917 0.458824 0.5 0 0
4930 0.101714 0.583333 150.917 0.458824 0.5 0 0
4940 0.101639 0.583333 151.5 0.458824 0.5 0 0
4950 0.101639 0.583333 151.5 0.458824 0.5 0 0
4960 0.101618 0.583333 152.083 0.462745 0.5 0 0
4970 0.101618 0.583333 152.083 0.458824 0.5 0 0
4980 0.101618 0.583333 152.667 0.458824 0.5 0 0
4990 0.101618 0.583333 152.667 0.458824 0.5 0 0
5000 0.101618 0.583333 153.25 0.458824 0.5 0 0
5010 0.101618 0.583333 153.25 0.458824 0.5 0 0
5020 0.101618 0.583333 153.833 0.458824 0.5 0 0
5030 0.101618 0.583333 153.833 0.454902 0.5 0 0
5040 0.101618 0.583333 154.417 0.458824 0.5 0 0
5050 0.101618 0.583333 154.417 0.458824 0.5 0 0
5060 0.101618 0.583333 155 0.458824 0.5 0 0
5070 0.101618 0.583333 155 0.458824 0.5 0 0
5080 0.101618 0.583333 155.583 0.458824 0.5 0 0
5090 0.101618 0.583333 155.583 0.458824 0.5 0 0
5100 0.101618 0.583333 156.167 0.458824 0.5 0 0
5110 0.101618 0.583333 156.167 0.458824 0.5 0 0
5120 0.101618 0.583333 156.75 0.458824 0.5 0 0
5130 0.101618 0.583333 156.75 0.458824 0.5 0 0
5140 0.101618 0.583333 157.333 0.458824 0.5 0 0
5150 0.101618 0.583333 157.333 0.458824 0.5 0 0
5160 0.101618 0.583333 157.917 0.458824 0.5 0 0
5170 0.101618 0.583333 157.917 0.458824 0.5 0 0
5180 0.101618 0.583333 158.5 0.458824 0.5 0 0
5190 0.101618 0.583333 158.5 0.458824 0.5 0 0
5200 0.101618 0.583333 159.083 0.458824 0.5 0 0
5210 0.101618 0.583333 159.083 0.462745 0.5 0 0
5220 0.101618 0.583333 159.667 0.458824 0.5 0 0
5230 0.101618 0.583333 159.667 0.458824 0.5 0 0
5240 0.101618 0.583333 160.25 0.458824 0.5 0 0
5250 0.101618 0.583333 160.25 0.458824 0.5 0 0
5260 0.101618 0.583333 160.833 0.458824 0.5 0 0
5270 0.101618 0.583333 160.833 0.458824 0.5 0 0
5280 0.101618 0.583333 161.417 0.458824 0.5 0 0
5290 0.101618 0.583333 161.417 0.458824 0.5 0 0
5300 0.101618 0.583333 162 0.458824 0.5 0 0
5310 0.101618 0.583333 162 0.458824 0.5 0 0
5320 0.101618 0.583333 162.583 0.458824 0.5 0 0
5330 0.101618 0.583333 162.583 0.458824 0.5 0 0
5340 0.101618 0.583333 163.167 0.458824 0.5 0 0
5350 0.101618 0.583333 163.167 0.458824 0.5 0 0
5360 0.101618 0.583333 163.75 0.458824 0.5 0 0
5370 0.101618 0.583333 163.75 0.458824 0.5 0 0
5380 0.101618 0.583333 164.333 0.458824 0.5 0 0
5390 0.101618 0.583333 164.333 0.458824 0.5 0 0
5400 0.101618 0.583333 164.917 0.458824 0.5 0 0
5410 0.101618 0.583333 164.917 0.462745 0.5 0 0
5420 0.101618 0.5 165.417 0.458824 0.5 0 0
5430 0.101618 0.5 165.417 0.458824 0.5 0 0
5440 0.101618 0.583333 166 0.458824 0.5 0 0
5450 0.101618 0.583333 166 0.458824 0.5 0 0
5460 0.101618 0.5 166.5 0.458824 0.5 0 0
5470 0.101618 0.5 166.5 0.458824 0.5 0 0
5480 0.101618 0.5 167 0.454902 0.5 0 0
5490 0.101618 0.5 167 0.458824 0.5 0 0
5500 0.101618 0.583333 167.583 0.458824 0.5 0 0
5510 0.101618 0.583333 167.583 0.458824 0.5 0 0
5520 0.101618 0.583333 168.167 0.458824 0.5 0 0
5530 0.101618 0.583333 168.167 0.458824 0.5 0 0
5540 0.101618 0.583333 168.75 0.458824 0.5 0 0
5550 0.101618 0.583333 168.75 0.458824 0.5 0 0
5560 0.101618 0.583333 169.333 0.458824 0.5 0 0
5570 0.101618 0.583333 169.333 0.458824 0.5 0 0
5580 0.101618 0.583333 169.917 0.458824 0.5 0 0
5590 0.101618 0.583333 169.917 0.458824 0.5 0 0
5600 0.101618 0.583333 170.5 0.458824 0.5 0 0
5610 0.101618 0.583333 170.5 0.458824 0.5 0 0
5620 0.101618 0.583333 171.083 0.458824 0.5 0 0
5630 0.101618 0.583333 171.083 0.458824 0.5 0 0
5640 0.101618 0.75 171.833 0.458824 0.5 0 0
5650 0.101618 0.75 171.833 0.458824 0.5 0 0
5660 0.101618 0.833333 172.667 0.458824 0.5 0 0
5670 0.101618 0.833333 172.667 0.458824 0.5 0 0
5680 0.101618 0.833333 173.5 0.458824 0.5 0 0
5690 0.101618 0.833333 173.5 0.458824 0.5 0 0
5700 0.101618 0.833333 174.333 0.458824 0.5 0 0
5710 0.101618 0.833333 174.333 0.458824 0.5 0 0
5720 0.101618 0.833333 175.167 0.458824 0.5 0 0
5730 0.101618 0.833333 175.167 0.458824 0.5 0 0
5740 0.101618 0.833333 176 0.454902 0.5 0 0
5750 0.101618 0.833333 176 0.458824 0.5 0 0
5760 0.101618 0.416667 176.417 0.458824 0.5 0 0
5770 0.101618 0.416667 176.417 0.458824 0.5 0 0
5780 0.101618 0.583333 177 0.458824 0.5 0 0
5790 0.101618 0.583333 177 0.458824 0.5 0 0
5800 0.101618 0.583333 177.583 0.458824 0.5 0 0
5810 0.101618 0.583333 177.583 0.458824 0.5 0 0
5820 0.101618 0.583333 178.167 0.458824 0.5 0 0
5830 0.101618 0.583333 178.167 0.458824 0.5 0 0
5840 0.101618 0.583333 178.75 0.458824 0.5 0 0
5850 0.101618 0.583333 178.75 0.458824 0.5 0 0
5860 0.101618 0.75 179.5 0.458824 0.5 0 0
5870 0.101618 0.75 179.5 0.458824 0.5 0 0
5880 0.101618 0.75 180.25 0.458824 0.5 0 0
5890 0.101618 0.75 180.25 0.458824 0.5 0 0
5900 0.101618 0.583333 180.833 0.458824 0.5 0 0
5910 0.101618 0.583333 180.833 0.454902 0.5 0 0
5920 0.101618 0.583333 181.417 0.458824 0.5 0 0
5930 0.101618 0.583333 181.417 0.458824 0.5 0 0
5940 0.101618 0.583333 182 0.458824 0.5 0 0
5950 0.101618 0.583333 182 0.458824 0.5 0 0
5960 0.101618 0.583333 182.583 0.458824 0.5 0 0
5970 0.101618 0.583333 182.583 0.458824 0.5 0 0
5980 0.101618 0.416667 183 0.458824 0.5 0 0
5990 0.101618 0.416667 183 0.458824 0.5 0 0
6000 0.101618 0.583333 183.583 0.458824 0.5 0 0
6010 0.101618 0.583333 183.583 0.458824 0.5 0 0
6020 0.101618 0.5 184.083 0.458824 0.5 0 0
6030 0.101618 0.5 184.083 0.458824 0.5 0 0
6040 0.101617 0.666667 184.75 0.458824 0.5 0 0
6050 0.101617 0.666667 184.75 0.458824 0.5 0 0
6060 0.101598 0.75 185.5 0.458824 0.5 0 0
6070 0.101598 0.75 185.5 0.458824 0.5 0 0
6080 0.101704 0.75 186.25 0.458824 0.5 0 0
6090 0.101704 0.75 186.25 0.458824 0.5 0 0
6100 0.101718 0.75 187 0.462745 0.5 0 0
6110 0.101718 0.75 187 0.458824 0.5 0 0
6120 0.101732 0.75 187.75 0.458824 0.5 0 0
6130 0.101732 0.75 187.75 0.458824 0.5 0 0
6140 0.101745 0.75 188.5 0.458824 0.5 0 0
6150 0.101745 0.75 188.5 0.458824 0.5 0 0
6160 0.101748 0.833333 189.333 0.458824 0.5 0 0
6170 0.101748 0.833333 189.333 0.458824 0.5 0 0
6180 0.101747 0.916667 190.25 0.458824 0.5 0 0
6190 0.101747 0.916667 190.25 0.458824 0.5 0 0
6200 0.101748 0.916667 191.167 0.458824 0.5 0 0
6210 0.101748 0.916667 191.167 0.458824 0.5 0 0
6220 0.101754 0.916667 192.083 0.458824 0.5 0 0
6230 0.101754 0.916667 192.083 0.458824 0.5 0 0
6240 0.101757 1 193.083 0.458824 0.5 0 0
6250 0.101757 1 193.083 0.458824 0.5 0 0
6260 0.101757 0.916667 194 0.458824 0.5 0 0
6270 0.101757 0.916667 194 0.458824 0.5 0 0
6280 0.101759 1 195 0.458824 0.5 0 0
6290 0.101759 1 195 0.458824 0.5 0 0
6300 0.101758 1 196 0.458824 0.5 0 0
6310 0.101758 1 196 0.458824 0.5 0 0
6320 0.101758 1 197 0.458824 0.5 0 0
6330 0.101758 1 197 0.458824 0.5 0 0
6340 0.101759 1 198 0.458824 0.5 0 0
6350 0.101759 1 198 0.458824 0.5 0 0
6360 0.101764 0.75 198.75 0.458824 0.5 0 0
6370 0.101764 0.75 198.75 0.458824 0.5 0 0
6380 0.101715 0.833333 199.583 0.458824 0.5 0 0
6390 0.101715 0.833333 199.583 0.454902 0.5 0 0
6400 0.101714 0.833333 200.417 0.458824 0.5 0 0
6410 0.101714 0.833333 200.417 0.458824 0.5 0 0
6420 0.101714 0.833333 201.25 0.458824 0.5 0 0
6430 0.101714 0.833333 201.25 0.458824 0.5 0 0
6440 0.101714 1 202.25 0.458824 0.5 0 0
6450 0.101714 1 202.25 0.458824 0.5 0 0
6460 0.101714 1 203.25 0.458824 0.5 0 0
6470 0.101714 1 203.25 0.458824 0.5 0 0
6480 0.101714 1 204.25 0.458824 0.5 0 0
6490 0.101714 1 204.25 0.458824 0.5 0 0
6500 0.101712 0.833333 205.083 0.458824 0.5 0 0
6510 0.101712 0.833333 205.083 0.458824 0.5 0 0
6520 0.101712 0.916667 206 0.458824 0.5 0 0
6530 0.101712 0.916667 206 0.458824 0.5 0 0
6540 0.101693 0.75 206.75 0.458824 0.5 0 0
6550 0.101693 0.75 206.75 0.458824 0.5 0 0
6560 0.101692 0.916667 207.667 0.458824 0.5 0 0
6570 0.101692 0.916667 207.667 0.458824 0.5 0 0
6580 0.101693 1 208.667 0.458824 0.5 0 0
6590 0.101693 1 208.667 0.458824 0.5 0 0
6600 0.101693 1 209.667 0.458824 0.5 0 0
6610 0.101693 1 209.667 0.458824 0.5 0 0
6620 0.101693 1 210.667 0.458824 0.5 0 0
6630 0.101693 1 210.667 0.458824 0.5 0 0
6640 0.101693 1 211.667 0.458824 0.5 0 0
6650 0.101693 1 211.667 0.458824 0.5 0 0
6660 0.101693 0.833333 212.5 0.458824 0.5 0 0
6670 0.101693 0.833333 212.5 0.458824 0.5 0 0
6680 0.101693 0.833333 213.333 0.454902 0.5 0 0
6690 0.101693 0.833333 213.333 0.454902 0.5 0 0
6700 0.101693 0.833333 214.167 0.458824 0.5 0 0
6710 0.101693 0.833333 214.167 0.458824 0.5 0 0
6720 0.101693 0.75 214.917 0.458824 0.5 0 0
6730 0.101693 0.75 214.917 0.458824 0.5 0 0
6740 0.101693 0.833333 215.75 0.458824 0.5 0 0
6750 0.101693 0.833333 215.75 0.458824 0.5 0 0
6760 0.101693 0.833333 216.583 0.458824 0.5 0 0
6770 0.101693 0.833333 216.583 0.458824 0.5 0 0
6780 0.101693 0.833333 217.417 0.458824 0.5 0 0
6790 0.101693 0.833333 217.417 0.458824 0.5 0 0
6800 0.101693 0.833333 218.25 0.458824 0.5 0 0
6810 0.101693 0.833333 218.25 0.458824 0.5 0 0
6820 0.101693 0.833333 219.083 0.458824 0.5 0 0
6830 0.101693 0.833333 219.083 0.458824 0.5 0 0
6840 0.101693 0.833333 219.917 0.458824 0.5 0 0
6850 0.101693 0.833333 219.917 0.458824 0.5 0 0
6860 0.101693 0.75 220.667 0.458824 0.5 0 0
6870 0.101693 0.75 220.667 0.458824 0.5 0 0
6880 0.101693 0.75 221.417 0.458824 0.5 0 0
6890 0.101693 0.75 221.417 0.458824 0.5 0 0
6900 0.10171 1 222.417 0.458824 0.5 0 0
6910 0.10171 1 222.417 0.458824 0.5 0 0
6920 0.101749 1 223.417 0.458824 0.5 0 0
6930 0.101749 1 223.417 0.458824 0.5 0 0
6940 0.101753 1 224.417 0.458824 0.5 0 0
6950 0.101753 1 224.417 0.458824 0.5 0 0
6960 0.101756 1 225.417 0.458824 0.5 0 0
6970 0.101756 1 225.417 0.454902 0.5 0 0
6980 0.101761 1 226.417 0.458824 0.5 0 0
6990 0.101761 1 226.417 0.458824 0.5 0 0
7000 0.101776 0.916667 227.333 0.458824 0.5 0 0
7010 0.101776 0.916667 227.333 0.458824 0.5 0 0
7020 0.101822 0.833333 228.167 0.458824 0.5 0 0
7030 0.101822 0.833333 228.167 0.458824 0.5 0 0
7040 0.101823 0.916667 229.083 0.458824 0.5 0 0
7050 0.101823 0.916667 229.083 0.458824 0.5 0 0
7060 0.101823 0.916667 230 0.458824 0.5 0 0
7070 0.101823 0.916667 230 0.458824 0.5 0 0
7080 0.101823 0.916667 230.917 0.458824 0.5 0 0
7090 0.101823 0.916667 230.917 0.458824 0.5 0 0
7100 0.101823 0.916667 231.833 0.458824 0.5 0 0
7110 0.101823 0.916667 231.833 0.458824 0.5 0 0
7120 0.101825 0.833333 232.667 0.458824 0.5 0 0
7130 0.101825 0.833333 232.667 0.458824 0.5 0 0
7140 0.101828 0.666667 233.333 0.458824 0.5 0 0
7150 0.101828 0.666667 233.333 0.458824 0.5 0 0
7160 0.101829 0.916667 234.25 0.458824 0.5 0 0
7170 0.101829 0.916667 234.25 0.458824 0.5 0 0
7180 0.101829 1 235.25 0.458824 0.5 0 0
7190 0.101829 1 235.25 0.454902 0.5 0 0
7200 0.101829 0.916667 236.167 0.458824 0.5 0 0
7210 0.101829 0.916667 236.167 0.458824 0.5 0 0
7220 0.101829 1 237.167 0.458824 0.5 0 0
7230 0.101829 1 237.167 0.458824 0.5 0 0
7240 0.101833 1 238.167 0.458824 0.5 0 0
7250 0.101833 1 238.167 0.458824 0.5 0 0
7260 0.101838 0.833333 239 0.454902 0.5 0 0
7270 0.101838 0.833333 239 0.458824 0.5 0 0
7280 0.101841 1 240 0.458824 0.5 0 0
7290 0.101841 1 240 0.458824 0.5 0 0
7300 0.101846 0.916667 240.917 0.458824 0.5 0 0
7310 0.101846 0.916667 240.917 0.454902 0.5 0 0
7320 0.101847 1 241.917 0.462745 0.5 0 0
7330 0.101847 1 241.917 0.458824 0.5 0 0
7340 0.101856 1 242.917 0.458824 0.5 0 0
7350 0.101856 1 242.917 0.458824 0.5 0 0
7360 0.101857 1 243.917 0.458824 0.5 0 0
7370 0.101857 1 243.917 0.454902 0.5 0 0
7380 0.101857 1 244.917 0.458824 0.5 0 0
7390 0.101857 1 244.917 0.458824 0.5 0 0
7400 0.101857 1 245.917 0.458824 0.5 0 0
7410 0.101857 1 245.917 0.458824 0.5 0 0
7420 0.101857 1 246.917 0.458824 0.5 0 0
7430 0.101857 1 246.917 0.458824 0.5 0 0
7440 0.101858 1 247.917 0.458824 0.5 0 0
7450 0.101858 1 247.917 0.458824 0.5 0 0
7460 0.101858 0.916667 248.833 0.458824 0.5 0 0
7470 0.101858 0.916667 248.833 0.458824 0.5 0 0
7480 0.101858 1 249.833 0.454902 0.5 0 0
7490 0.101858 1 249.833 0.458824 0.5 0 0
7500 0.101858 1 250.833 0.454902 0.5 0 0
7510 0.101858 1 250.833 0.458824 0.5 0 0
7520 0.101858 1 251.833 0.458824 0.5 0 0
7530 0.101858 1 251.833 0.458824 0.5 0 0
7540 0.102039 0.916667 252.75 0.454902 0.5 0 0
7550 0.102039 0.916667 252.75 0.454902 0.5 0 0
7560 0.102204 0.916667 253.667 0.454902 0.5 0 0
7570 0.102204 0.916667 253.667 0.45098 0.5 0 0
7580 0.102204 0.916667 254.583 0.454902 0.5 0 0
7590 0.102204 0.916667 254.583 0.45098 0.5 0 0
7600 0.102204 0.916667 255.5 0.454902 0.5 0 0
7610 0.102204 0.916667 255.5 0.454902 0.5 0 0
7620 0.102204 0.916667 256.417 0.454902 0.5 0 0
7630 0.102204 0.916667 256.417 0.454902 0.5 0 0
7640 0.102206 0.916667 257.333 0.45098 0.5 0 0
7650 0.102206 0.916667 257.333 0.454902 0.5 0 0
7660 0.102208 0.833333 258.167 0.45098 0.5 0 0
7670 0.102208 0.833333 258.167 0.454902 0.5 0 0
7680 0.101906 0.583333 258.75 0.458824 0.5 0 0
7690 0.101906 0.583333 258.75 0.470588 0.5 0 0
7700 0.101519 0.583333 259.333 0.47451 0.5 0 0
7710 0.101519 0.583333 259.333 0.47451 0.5 0 0
7720 0.101499 0.583333 259.917 0.47451 0.5 0 0
7730 0.101499 0.583333 259.917 0.47451 0.5 0 0
7740 0.101499 0.833333 260.75 0.47451 0.5 0 0
7750 0.101499 0.833333 260.75 0.47451 0.5 0 0
7760 0.101499 0.833333 261.583 0.478431 0.5 0 0
7770 0.101499 0.833333 261.583 0.470588 0.5 0 0
7780 0.101499 0.833333 262.417 0.47451 0.5 0 0
7790 0.101499 0.833333 262.417 0.47451 0.5 0 0
7800 0.101499 0.916667 263.333 0.47451 0.5 0 0
7810 0.101499 0.916667 263.333 0.47451 0.5 0 0
7820 0.101499 0.916667 264.25 0.478431 0.5 0 0
7830 0.101499 0.916667 264.25 0.470588 0.5 0 0
7840 0.101499 0.833333 265.083 0.47451 0.5 0 0
7850 0.101499 0.833333 265.083 0.47451 0.5 0 0
7860 0.101508 0.916667 266 0.47451 0.5 0 0
7870 0.101508 0.916667 266 0.47451 0.5 0 0
7880 0.101564 0.833333 266.833 0.47451 0.5 0 0
7890 0.101564 0.833333 266.833 0.470588 0.5 0 0
7900 0.101611 0.833333 267.667 0.47451 0.5 0 0
7910 0.101611 0.833333 267.667 0.470588 0.5 0 0
7920 0.101643 0.75 268.417 0.466667 0.5 0 0
7930 0.101643 0.75 268.417 0.470588 0.5 0 0
7940 0.101645 0.833333 269.25 0.470588 0.5 0 0
7950 0.101645 0.833333 269.25 0.47451 0.5 0 0
7960 0.101645 0.75 270 0.470588 0.5 0 0
7970 0.101645 0.75 270 0.470588 0.5 0 0
7980 0.101646 0.75 270.75 0.470588 0.5 0 0
7990 0.101646 0.75 270.75 0.470588 0.5 0 0
8000 0.101646 0.75 271.5 0.470588 0.5 0 0
8010 0.101646 0.75 271.5 0.47451 0.5 0 0
8020 0.101646 0.75 272.25 0.470588 0.5 0 0
8030 0.101646 0.75 272.25 0.470588 0.5 0 0
8040 0.101646 0.833333 273.083 0.470588 0.5 0 0
8050 0.101646 0.833333 273.083 0.470588 0.5 0 0
8060 0.101877 0.666667 273.75 0.462745 0.5 0 0
8070 0.101877 0.666667 273.75 0.458824 0.5 0 0
8080 0.102294 0.75 274.5 0.454902 0.5 0 0
8090 0.102294 0.75 274.5 0.45098 0.5 0 0
8100 0.102949 0.75 275.25 0.443137 0.5 0 0
8110 0.102949 0.75 275.25 0.435294 0.5 0 0
8120 0.103723 0.75 276 0.435294 0.5 0 0
8130 0.103723 0.75 276 0.439216 0.5 0 0
8140 0.103946 0.75 276.75 0.435294 0.5 0 0
8150 0.103946 0.75 276.75 0.435294 0.5 0 0
8160 0.10395 0.75 277.5 0.435294 0.5 0 0
8170 0.10395 0.75 277.5 0.435294 0.5 0 0
8180 0.10395 0.666667 278.167 0.435294 0.5 0 0
8190 0.10395 0.666667 278.167 0.435294 0.5 0 0
8200 0.10395 0.833333 279 0.435294 0.5 0 0
8210 0.10395 0.833333 279 0.439216 0.5 0 0
8220 0.104057 0.833333 279.833 0.435294 0.5 0 0
8230 0.104057 0.833333 279.833 0.435294 0.5 0 0
8240 0.104257 0.833333 280.667 0.435294 0.5 0 0
8250 0.104257 0.833333 280.667 0.435294 0.5 0 0
8260 0.104219 0.833333 281.5 0.435294 0.5 0 0
8270 0.104219 0.833333 281.5 0.435294 0.5 0 0
8280 0.104104 0.833333 282.333 0.435294 0.5 0 0
8290 0.104104 0.833333 282.333 0.435294 0.5 0 0
8300 0.104401 0.833333 283.167 0.431373 0.5 0 0
8310 0.104401 0.833333 283.167 0.431373 0.5 0 0
8320 0.104292 0.666667 283.833 0.435294 0.5 0 0
8330 0.104292 0.666667 283.833 0.439216 0.5 0 0
8340 0.103993 0.666667 284.5 0.435294 0.5 0 0
8350 0.103993 0.666667 284.5 0.435294 0.5 0 0
8360 0.103735 0.666667 285.167 0.427451 0.5 0 0
8370 0.103735 0.666667 285.167 0.423529 0.5 0 0
8380 0.102826 0.833333 286 0.423529 0.5 0 0
8390 0.102826 0.833333 286 0.427451 0.5 0 0
8400 0.102288 0.833333 286.833 0.423529 0.5 0 0
8410 0.102288 0.833333 286.833 0.423529 0.5 0 0
8420 0.102044 0.833333 287.667 0.423529 0.5 0 0
8430 0.102044 0.833333 287.667 0.423529 0.5 0 0
8440 0.101717 0.833333 288.5 0.423529 0.5 0 0
8450 0.101717 0.833333 288.5 0.423529 0.5 0 0
8460 0.101524 0.833333 289.333 0.423529 0.5 0 0
8470 0.101524 0.833333 289.333 0.423529 0.5 0 0
8480 0.101524 0.833333 290.167 0.423529 0.5 0 0
8490 0.101524 0.833333 290.167 0.423529 0.5 0 0
8500 0.101524 0.666667 290.833 0.423529 0.5 0 0
8510 0.101524 0.666667 290.833 0.423529 0.5 0 0
8520 0.101524 0.833333 291.667 0.423529 0.5 0 0
8530 0.101524 0.833333 291.667 0.423529 0.5 0 0
8540 0.101524 0.833333 292.5 0.423529 0.5 0 0
8550 0.101524 0.833333 292.5 0.423529 0.5 0 0
8560 0.101524 0.833333 293.333 0.423529 0.5 0 0
8570 0.101524 0.833333 293.333 0.423529 0.5 0 0
8580 0.101524 0.833333 294.167 0.423529 0.5 0 0
8590 0.101524 0.833333 294.167 0.423529 0.5 0 0
8600 0.101524 0.833333 295 0.423529 0.5 0 0
8610 0.101524 0.833333 295 0.423529 0.5 0 0
8620 0.101524 0.833333 295.833 0.423529 0.5 0 0
8630 0.101524 0.833333 295.833 0.423529 0.5 0 0
8640 0.101524 0.75 296.583 0.423529 0.5 0 0
8650 0.101524 0.75 296.583 0.423529 0.5 0 0
8660 0.101524 0.666667 297.25 0.423529 0.5 0 0
8670 0.101524 0.666667 297.25 0.423529 0.5 0 0
8680 0.101524 0.75 298 0.423529 0.5 0 0
8690 0.101524 0.75 298 0.423529 0.5 0 0
8700 0.101524 0.75 298.75 0.423529 0.5 0 0
8710 0.101524 0.75 298.75 0.423529 0.5 0 0
8720 0.101524 0.75 299.5 0.423529 0.5 0 0
8730 0.101524 0.75 299.5 0.423529 0.5 0 0
8740 0.102106 0.75 300.25 0.423529 0.5 0 0
8750 0.102106 0.75 300.25 0.419608 0.5 0 0
8760 0.102565 0.583333 300.833 0.419608 0.5 0 0
8770 0.102565 0.583333 300.833 0.419608 0.5 0 0
8780 0.103023 0.75 301.583 0.419608 0.5 0 0
8790 0.103023 0.75 301.583 0.419608 0.5 0 0
8800 0.103212 0.75 302.333 0.419608 0.5 0 0
8810 0.103212 0.75 302.333 0.419608 0.5 0 0
8820 0.103285 0.75 303.083 0.419608 0.5 0 0
8830 0.103285 0.75 303.083 0.419608 0.5 0 0
8840 0.103367 0.583333 303.667 0.419608 0.5 0 0
8850 0.103367 0.583333 303.667 0.419608 0.5 0 0
8860 0.103242 0.583333 304.25 0.419608 0.5 0 0
8870 0.103242 0.583333 304.25 0.419608 0.5 0 0
8880 0.103241 0.416667 304.667 0.419608 0.5 0 0
8890 0.103241 0.416667 304.667 0.415686 0.5 0 0
8900 0.103144 0.416667 305.083 0.411765 0.5 0 0
8910 0.103144 0.416667 305.083 0.411765 0.5 0 0
8920 0.102851 0.5 305.583 0.411765 0.5 0 0
8930 0.102851 0.5 305.583 0.411765 0.5 0 0
8940 0.102939 0.5 306.083 0.411765 0.5 0 0
8950 0.102939 0.5 306.083 0.411765 0.5 0 0
8960 0.102856 0.5 306.583 0.411765 0.5 0 0
8970 0.102856 0.5 306.583 0.411765 0.5 0 0
8980 0.102677 0.5 307.083 0.411765 0.5 0 0
8990 0.102677 0.5 307.083 0.411765 0.5 0 0
9000 0.102775 0.5 307.583 0.411765 0.5 0 0
9010 0.102775 0.5 307.583 0.411765 0.5 0 0
9020 0.103369 0.416667 308 0.411765 0.5 0 0
9030 0.103369 0.416667 308 0.411765 0.5 0 0
9040 0.104383 0.416667 308.417 0.411765 0.5 0 0
9050 0.104383 0.416667 308.417 0.407843 0.5 0 0
9060 0.105018 0.416667 308.833 0.407843 0.5 0 0
9070 0.105018 0.416667 308.833 0.403922 0.5 0 0
9080 0.106256 0.416667 309.25 0.403922 0.5 0 0
9090 0.106256 0.416667 309.25 0.403922 0.5 0 0
9100 0.106717 0.416667 309.667 0.403922 0.5 0 0
9110 0.106717 0.416667 309.667 0.403922 0.5 0 0
9120 0.106721 0.416667 310.083 0.407843 0.5 0 0
9130 0.106721 0.416667 310.083 0.407843 0.5 0 0
9140 0.106436 0.416667 310.5 0.407843 0.5 0 0
9150 0.106436 0.416667 310.5 0.407843 0.5 0 0
9160 0.106206 0.416667 310.917 0.407843 0.5 0 0
9170 0.106206 0.416667 310.917 0.4 0.5 0 0
9180 0.105109 0.416667 311.333 0.396078 0.5 0 0
9190 0.105109 0.416667 311.333 0.392157 0.5 0 0
9200 0.103933 0.5 311.833 0.396078 0.5 0 0
9210 0.103933 0.5 311.833 0.396078 0.5 0 0
9220 0.103529 0.5 312.333 0.396078 0.5 0 0
9230 0.103529 0.5 312.333 0.396078 0.5 0 0
9240 0.103299 0.333333 312.667 0.392157 0.5 0 0
9250 0.103299 0.333333 312.667 0.392157 0.5 0 0
9260 0.102464 0.666667 313.333 0.392157 0.5 0 0
9270 0.102464 0.666667 313.333 0.392157 0.5 0 0
9280 0.100966 0.666667 314 0.392157 0.5 0 0
9290 0.100966 0.666667 314 0.392157 0.5 0 0
9300 0.10058 0.583333 314.583 0.392157 0.5 0 0
9310 0.10058 0.583333 314.583 0.392157 0.5 0 0
9320 0.100554 0.583333 315.167 0.392157 0.5 0 0
9330 0.100554 0.583333 315.167 0.392157 0.5 0 0
9340 0.100522 0.666667 315.833 0.392157 0.5 0 0
9350 0.100522 0.666667 315.833 0.392157 0.5 0 0
9360 0.100488 0.5 316.333 0.392157 0.5 0 0
9370 0.100488 0.5 316.333 0.392157 0.5 0 0
9380 0.100458 0.5 316.833 0.392157 0.5 0 0
9390 0.100458 0.5 316.833 0.392157 0.5 0 0
9400 0.100431 0.5 317.333 0.392157 0.5 0 0
9410 0.100431 0.5 317.333 0.392157 0.5 0 0
9420 0.10041 0.5 317.833 0.392157 0.5 0 0
9430 0.10041 0.5 317.833 0.392157 0.5 0 0
9440 0.100412 0.333333 318.167 0.392157 0.5 0 0
9450 0.100412 0.333333 318.167 0.388235 0.5 0 0
9460 0.100489 0.333333 318.5 0.388235 0.5 0 0
9470 0.100489 0.333333 318.5 0.384314 0.5 0 0
9480 0.100817 0.333333 318.833 0.384314 0.5 0 0
9490 0.100817 0.333333 318.833 0.384314 0.5 0 0
9500 0.100699 0.333333 319.167 0.380392 0.5 0 0
9510 0.100699 0.333333 319.167 0.380392 0.5 0 0
9520 0.100085 0.333333 319.5 0.380392 0.5 0 0
9530 0.100085 0.333333 319.5 0.380392 0.5 0 0
9540 0.100087 0.416667 319.917 0.380392 0.5 0 0
9550 0.100087 0.416667 319.917 0.380392 0.5 0 0
9560 0.0997562 0.25 320.167 0.380392 0.5 0 0
9570 0.0997562 0.25 320.167 0.384314 0.5 0 0
9580 0.099489 0.333333 320.5 0.384314 0.5 0 0
9590 0.099489 0.333333 320.5 0.380392 0.5 0 0
9600 0.0984683 0.333333 320.833 0.380392 0.5 0 0
9610 0.0984683 0.333333 320.833 0.380392 0.5 0 0
9620 0.0973597 0.5 321.333 0.380392 0.5 0 0
9630 0.0973597 0.5 321.333 0.380392 0.5 0 0
9640 0.0970638 0.583333 321.917 0.380392 0.5 0 0
9650 0.0970638 0.583333 321.917 0.380392 0.5 0 0
9660 0.0970637 0.583333 322.5 0.380392 0.5 0 0
9670 0.0970637 0.583333 322.5 0.380392 0.5 0 0
9680 0.0970615 0.583333 323.083 0.380392 0.5 0 0
9690 0.0970615 0.583333 323.083 0.380392 0.5 0 0
9700 0.097061 0.583333 323.667 0.380392 0.5 0 0
9710 0.097061 0.583333 323.667 0.380392 0.5 0 0
9720 0.097061 0.583333 324.25 0.380392 0.5 0 0
9730 0.097061 0.583333 324.25 0.380392 0.5 0 0
9740 0.097061 0.583333 324.833 0.380392 0.5 0 0
9750 0.097061 0.583333 324.833 0.380392 0.5 0 0
9760 0.097061 0.583333 325.417 0.380392 0.5 0 0
9770 0.097061 0.583333 325.417 0.380392 0.5 0 0
9780 0.097061 0.583333 326 0.380392 0.5 0 0
9790 0.097061 0.583333 326 0.380392 0.5 0 0
9800 0.097061 0.583333 326.583 0.380392 0.5 0 0
9810 0.097061 0.583333 326.583 0.380392 0.5 0 0
9820 0.097061 0.583333 327.167 0.380392 0.5 0 0
9830 0.097061 0.583333 327.167 0.380392 0.5 0 0
9840 0.097061 0.583333 327.75 0.380392 0.5 0 0
9850 0.097061 0.583333 327.75 0.380392 0.5 0 0
9860 0.097061 0.583333 328.333 0.380392 0.5 0 0
9870 0.097061 0.583333 328.333 0.380392 0.5 0 0
9880 0.097061 0.416667 328.75 0.380392 0.5 0 0
9890 0.097061 0.416667 328.75 0.380392 0.5 0 0
9900 0.097061 0.416667 329.167 0.380392 0.5 0 0
9910 0.097061 0.416667 329.167 0.380392 0.5 0 0
9920 0.097061 0.583333 329.75 0.380392 0.5 0 0
9930 0.097061 0.583333 329.75 0.380392 0.5 0 0
9940 0.097061 0.666667 330.417 0.380392 0.5 0 0
9950 0.097061 0.666667 330.417 0.380392 0.5 0 0
9960 0.097061 0.666667 331.083 0.380392 0.5 0 0
9970 0.097061 0.666667 331.083 0.380392 0.5 0 0
9980 0.097061 0.666667 331.75 0.380392 0.5 0 0
9990 0.097061 0.666667 331.75 0.380392 0.5 0 0
10000 0.097061 0.666667 332.417 0.380392 0.5 0 0
10010 0.097061 0.666667 332.417 0.380392 0.5 0 0
10020 0.097061 0.666667 333.083 0.380392 0.5 0 0
10030 0.097061 0.666667 333.083 0.380392 0.5 0 0
10040 0.097061 0.666667 333.75 0.380392 0.5 0 0
10050 0.097061 0.666667 333.75 0.380392 0.5 0 0
10060 0.097061 0.666667 334.417 0.380392 0.5 0 0
10070 0.097061 0.666667 334.417 0.380392 0.5 0 0
10080 0.097061 0.666667 335.083 0.380392 0.5 0 0
10090 0.097061 0.666667 335.083 0.380392 0.5 0 0
10100 0.0970607 0.666667 335.75 0.380392 0.5 0 0
10110 0.0970607 0.666667 335.75 0.380392 0.5 0 0
10120 0.0970531 0.666667 336.417 0.380392 0.5 0 0
10130 0.0970531 0.666667 336.417 0.380392 0.5 0 0
10140 0.0970463 0.666667 337.083 0.380392 0.5 0 0
10150 0.0970463 0.666667 337.083 0.380392 0.5 0 0
10160 0.0970375 0.666667 337.75 0.380392 0.5 0 0
10170 0.0970375 0.666667 337.75 0.380392 0.5 0 0
10180 0.0970361 0.666667 338.417 0.380392 0.5 0 0
10190 0.0970361 0.666667 338.417 0.380392 0.5 0 0
10200 0.0970361 0.666667 339.083 0.380392 0.5 0 0
10210 0.0970361 0.666667 339.083 0.380392 0.5 0 0
10220 0.0970361 0.666667 339.75 0.380392 0.5 0 0
10230 0.0970361 0.666667 339.75 0.380392 0.5 0 0
10240 0.0970361 0.666667 340.417 0.380392 0.5 0 0
10250 0.0970361 0.666667 340.417 0.380392 0.5 0 0
10260 0.0970351 0.666667 341.083 0.380392 0.5 0 0
10270 0.0970351 0.666667 341.083 0.380392 0.5 0 0
10280 0.0970344 0.666667 341.75 0.380392 0.5 0 0
10290 0.0970344 0.666667 341.75 0.380392 0.5 0 0
10300 0.0970335 0.416667 342.167 0.380392 0.5 0 0
10310 0.0970335 0.416667 342.167 0.380392 0.5 0 0
10320 0.097032 0.583333 342.75 0.380392 0.5 0 0
10330 0.097032 0.583333 342.75 0.380392 0.5 0 0
10340 0.097032 0.583333 343.333 0.380392 0.5 0 0
10350 0.097032 0.583333 343.333 0.380392 0.5 0 0
10360 0.0970371 0.333333 343.667 0.380392 0.5 0 0
10370 0.0970371 0.333333 343.667 0.380392 0.5 0 0
10380 0.0969773 0.75 344.417 0.380392 0.5 0 0
10390 0.0969773 0.75 344.417 0.380392 0.5 0 0
10400 0.0968898 0.75 345.167 0.380392 0.5 0 0
10410 0.0968898 0.75 345.167 0.380392 0.5 0 0
10420 0.096831 0.75 345.917 0.380392 0.5 0 0
10430 0.096831 0.75 345.917 0.380392 0.5 0 0
10440 0.096831 0.75 346.667 0.380392 0.5 0 0
10450 0.096831 0.75 346.667 0.380392 0.5 0 0
10460 0.096831 0.583333 347.25 0.380392 0.5 0 0
10470 0.096831 0.583333 347.25 0.380392 0.5 0 0
10480 0.096831 0.5 347.75 0.380392 0.5 0 0
10490 0.096831 0.5 347.75 0.380392 0.5 0 0
10500 0.096831 0.5 348.25 0.380392 0.5 0 0
10510 0.096831 0.5 348.25 0.380392 0.5 0 0
10520 0.0968285 0.0833333 348.333 0.380392 0.5 0 0
10530 0.0968285 0.0833333 348.333 0.380392 0.5 0 0
10540 0.096805 0.25 348.583 0.380392 0.5 0 0
10550 0.096805 0.25 348.583 0.380392 0.5 0 0
10560 0.0968037 0.416667 349 0.380392 0.5 0 0
10570 0.0968037 0.416667 349 0.380392 0.5 0 0
10580 0.0968024 0.666667 349.667 0.380392 0.5 0 0
10590 0.0968024 0.666667 349.667 0.380392 0.5 0 0
10600 0.0967974 0.833333 350.5 0.380392 0.5 0 0
10610 0.0967974 0.833333 350.5 0.380392 0.5 0 0
10620 0.0967945 0.833333 351.333 0.380392 0.5 0 0
10630 0.0967945 0.833333 351.333 0.380392 0.5 0 0
10640 0.0967946 0.916667 352.25 0.380392 0.5 0 0
10650 0.0967946 0.916667 352.25 0.380392 0.5 0 0
10660 0.0967942 0.916667 353.167 0.380392 0.5 0 0
10670 0.0967942 0.916667 353.167 0.380392 0.5 0 0
10680 0.0967937 1 354.167 0.380392 0.5 0 0
10690 0.0967937 1 354.167 0.380392 0.5 0 0
10700 0.0967932 1 355.167 0.380392 0.5 0 0
10710 0.0967932 1 355.167 0.380392 0.5 0 0
10720 0.0967927 0.833333 356 0.380392 0.5 0 0
10730 0.0967927 0.833333 356 0.380392 0.5 0 0
10740 0.0967899 0.666667 356.667 0.380392 0.5 0 0
10750 0.0967899 0.666667 356.667 0.380392 0.5 0 0
10760 0.0967899 0.75 357.417 0.380392 0.5 0 0
10770 0.0967899 0.75 357.417 0.380392 0.5 0 0
10780 0.0967899 0.75 358.167 0.380392 0.5 0 0
10790 0.0967899 0.75 358.167 0.380392 0.5 0 0
10800 0.0967899 0.75 358.917 0.380392 0.5 0 0
10810 0.0967899 0.75 358.917 0.380392 0.5 0 0
10820 0.0967899 0.75 359.667 0.380392 0.5 0 0
10830 0.0967899 0.75 359.667 0.380392 0.5 0 0
10840 0.0967899 0.583333 360.25 0.380392 0.5 0 0
10850 0.0967899 0.583333 360.25 0.380392 0.5 0 0
10860 0.0966703 0.666667 360.917 0.380392 0.5 0 0
10870 0.0966703 0.666667 360.917 0.380392 0.5 0 0
10880 0.0966625 0.833333 361.75 0.380392 0.5 0 0
10890 0.0966625 0.833333 361.75 0.380392 0.5 0 0
10900 0.0966602 0.916667 362.667 0.380392 0.5 0 0
10910 0.0966602 0.916667 362.667 0.380392 0.5 0 0
10920 0.0966087 0.916667 363.583 0.380392 0.5 0 0
10930 0.0966087 0.916667 363.583 0.380392 0.5 0 0
10940 0.0966068 0.916667 364.5 0.380392 0.5 0 0
10950 0.0966068 0.916667 364.5 0.380392 0.5 0 0
10960 0.0966068 0.916667 365.417 0.380392 0.5 0 0
10970 0.0966068 0.916667 365.417 0.380392 0.5 0 0
10980 0.0966068 0.833333 366.25 0.380392 0.5 0 0
10990 0.0966068 0.833333 366.25 0.380392 0.5 0 0
11000 0.0966068 0.833333 367.083 0.380392 0.5 0 0
11010 0.0966068 0.833333 367.083 0.380392 0.5 0 0
11020 0.0966068 0.833333 367.917 0.380392 0.5 0 0
11030 0.0966068 0.833333 367.917 0.380392 0.5 0 0
11040 0.0966068 0.75 368.667 0.380392 0.5 0 0
11050 0.0966068 0.75 368.667 0.380392 0.5 0 0
11060 0.0966068 0.916667 369.583 0.380392 0.5 0 0
11070 0.0966068 0.916667 369.583 0.380392 0.5 0 0
11080 0.0966068 0.916667 370.5 0.380392 0.5 0 0
11090 0.0966068 0.916667 370.5 0.380392 0.5 0 0
11100 0.0966068 0.916667 371.417 0.380392 0.5 0 0
11110 0.0966068 0.916667 371.417 0.380392 0.5 0 0
11120 0.0966068 0.916667 372.333 0.380392 0.5 0 0
11130 0.0966068 0.916667 372.333 0.380392 0.5 0 0
11140 0.0966068 0.666667 373 0.380392 0.5 0 0
11150 0.0966068 0.666667 373 0.380392 0.5 0 0
11160 0.0966068 0.916667 373.917 0.380392 0.5 0 0
11170 0.0966068 0.916667 373.917 0.380392 0.5 0 0
11180 0.0966068 0.833333 374.75 0.380392 0.5 0 0
11190 0.0966068 0.833333 374.75 0.380392 0.5 0 0
11200 0.0966068 0.833333 375.583 0.380392 0.5 0 0
11210 0.0966068 0.833333 375.583 0.380392 0.5 0 0
11220 0.0966068 0.833333 376.417 0.380392 0.5 0 0
11230 0.0966068 0.833333 376.417 0.380392 0.5 0 0
11240 0.0966068 0.833333 377.25 0.380392 0.5 0 0
11250 0.0966068 0.833333 377.25 0.380392 0.5 0 0
11260 0.0966068 0.833333 378.083 0.380392 0.5 0 0
11270 0.0966068 0.833333 378.083 0.380392 0.5 0 0
11280 0.0966068 0.75 378.833 0.380392 0.5 0 0
11290 0.0966068 0.75 378.833 0.380392 0.5 0 0
11300 0.0966068 0.666667 379.5 0.380392 0.5 0 0
11310 0.0966068 0.666667 379.5 0.380392 0.5 0 0
11320 0.0966068 0.666667 380.167 0.380392 0.5 0 0
11330 0.0966068 0.666667 380.167 0.380392 0.5 0 0
11340 0.0966068 0.666667 380.833 0.380392 0.5 0 0
11350 0.0966068 0.666667 380.833 0.380392 0.5 0 0
11360 0.0966068 0.666667 381.5 0.380392 0.5 0 0
11370 0.0966068 0.666667 381.5 0.380392 0.5 0 0
11380 0.0966068 0.666667 382.167 0.380392 0.5 0 0
11390 0.0966068 0.666667 382.167 0.380392 0.5 0 0
11400 0.0966068 0.666667 382.833 0.380392 0.5 0 0
11410 0.0966068 0.666667 382.833 0.380392 0.5 0 0
11420 0.0968917 0.666667 383.5 0.380392 0.5 0 0
11430 0.0968917 0.666667 383.5 0.380392 0.5 0 0
11440 0.0974765 0.666667 384.167 0.380392 0.5 0 0
11450 0.0974765 0.666667 384.167 0.376471 0.5 0 0
11460 0.0980461 0.666667 384.833 0.376471 0.5 0 0
11470 0.0980461 0.666667 384.833 0.376471 0.5 0 0
11480 0.0982634 0.666667 385.5 0.376471 0.5 0 0
11490 0.0982634 0.666667 385.5 0.376471 0.5 0 0
11500 0.0981888 0.833333 386.333 0.376471 0.5 0 0
11510 0.0981888 0.833333 386.333 0.376471 0.5 0 0
11520 0.0981473 0.833333 387.167 0.376471 0.5 0 0
11530 0.0981473 0.833333 387.167 0.372549 0.5 0 0
11540 0.0980773 0.833333 388 0.372549 0.5 0 0
11550 0.0980773 0.833333 388 0.372549 0.5 0 0
11560 0.0977769 0.833333 388.833 0.372549 0.5 0 0
11570 0.0977769 0.833333 388.833 0.372549 0.5 0 0
11580 0.0970899 0.75 389.583 0.372549 0.5 0 0
11590 0.0970899 0.75 389.583 0.372549 0.5 0 0
11600 0.0965126 0.666667 390.25 0.372549 0.5 0 0
11610 0.0965126 0.666667 390.25 0.372549 0.5 0 0
11620 0.0959054 0.666667 390.917 0.372549 0.5 0 0
11630 0.0959054 0.666667 390.917 0.372549 0.5 0 0
11640 0.0951848 0.666667 391.583 0.372549 0.5 0 0
11650 0.0951848 0.666667 391.583 0.372549 0.5 0 0
11660 0.0947545 0.666667 392.25 0.372549 0.5 0 0
11670 0.0947545 0.666667 392.25 0.372549 0.5 0 0
11680 0.0946706 0.666667 392.917 0.372549 0.5 0 0
11690 0.0946706 0.666667 392.917 0.372549 0.5 0 0
11700 0.0946706 0.666667 393.583 0.372549 0.5 0 0
11710 0.0946706 0.666667 393.583 0.372549 0.5 0 0
11720 0.0946704 0.666667 394.25 0.372549 0.5 0 0
11730 0.0946704 0.666667 394.25 0.372549 0.5 0 0
11740 0.0946579 0.583333 394.833 0.372549 0.5 0 0
11750 0.0946579 0.583333 394.833 0.372549 0.5 0 0
11760 0.0946561 0.583333 395.417 0.372549 0.5 0 0
11770 0.0946561 0.583333 395.417 0.372549 0.5 0 0
11780 0.094656 0.333333 395.75 0.372549 0.5 0 0
11790 0.094656 0.333333 395.75 0.372549 0.5 0 0
11800 0.094656 0.416667 396.167 0.372549 0.5 0 0
11810 0.094656 0.416667 396.167 0.372549 0.5 0 0
11820 0.0945212 0.583333 396.75 0.372549 0.5 0 0
11830 0.0945212 0.583333 396.75 0.372549 0.5 0 0
11840 0.0943987 0.75 397.5 0.372549 0.5 0 0
11850 0.0943987 0.75 397.5 0.372549 0.5 0 0
11860 0.0943974 0.75 398.25 0.372549 0.5 0 0
11870 0.0943974 0.75 398.25 0.372549 0.5 0 0
11880 0.0943974 0.75 399 0.372549 0.5 0 0
11890 0.0943974 0.75 399 0.372549 0.5 0 0
11900 0.0943974 0.75 399.75 0.372549 0.5 0 0
11910 0.0943974 0.75 399.75 0.372549 0.5 0 0
11920 0.0943974 0.75 400.5 0.372549 0.5 0 0
11930 0.0943974 0.75 400.5 0.372549 0.5 0 0
11940 0.0943974 0.666667 401.167 0.372549 0.5 0 0
11950 0.0943974 0.666667 401.167 0.372549 0.5 0 0
11960 0.0943906 0.5 401.667 0.372549 0.5 0 0
11970 0.0943906 0.5 401.667 0.372549 0.5 0 0
11980 0.0943818 0.5 402.167 0.372549 0.5 0 0
11990 0.0943818 0.5 402.167 0.372549 0.5 0 0
12000 0.0943728 0.5 402.667 0.372549 0.5 0 0
12010 0.0943728 0.5 402.667 0.372549 0.5 0 0
12020 0.0943685 0.5 403.167 0.372549 0.5 0 0
12030 0.0943685 0.5 403.167 0.372549 0.5 0 0
12040 0.0947543 0.5 403.667 0.372549 0.5 0 0
12050 0.0947543 0.5 403.667 0.372549 0.5 0 0
12060 0.0954763 0.5 404.167 0.372549 0.5 0 0
12070 0.0954763 0.5 404.167 0.372549 0.5 0 0
12080 0.0960413 0.416667 404.583 0.376471 0.5 0 0
12090 0.0960413 0.416667 404.583 0.376471 0.5 0 0
12100 0.0965249 0.583333 405.167 0.376471 0.5 0 0
12110 0.0965249 0.583333 405.167 0.376471 0.5 0 0
12120 0.0965741 0.583333 405.75 0.376471 0.5 0 0
12130 0.0965741 0.583333 405.75 0.376471 0.5 0 0
12140 0.0962793 0.583333 406.333 0.372549 0.5 0 0
12150 0.0962793 0.583333 406.333 0.368627 0.5 0 0
12160 0.0954554 0.583333 406.917 0.364706 0.5 0 0
12170 0.0954554 0.583333 406.917 0.364706 0.5 0 0
12180 0.0953422 0.583333 407.5 0.368627 0.5 0 0
12190 0.0953422 0.583333 407.5 0.368627 0.5 0 0
12200 0.095126 0.5 408 0.368627 0.5 0 0
12210 0.095126 0.5 408 0.372549 0.5 0 0
12220 0.0950198 0.5 408.5 0.372549 0.5 0 0
12230 0.0950198 0.5 408.5 0.372549 0.5 0 0
12240 0.0946515 0.5 409 0.372549 0.5 0 0
12250 0.0946515 0.5 409 0.368627 0.5 0 0
12260 0.0935692 0.5 409.5 0.360784 0.5 0 0
12270 0.0935692 0.5 409.5 0.364706 0.5 0 0
12280 0.0919884 0.5 410 0.360784 0.5 0 0
12290 0.0919884 0.5 410 0.356863 0.5 0 0
12300 0.0898207 0.5 410.5 0.356863 0.5 0 0
12310 0.0898207 0.5 410.5 0.356863 0.5 0 0
12320 0.0891796 0.5 411 0.352941 0.5 0 0
12330 0.0891796 0.5 411 0.352941 0.5 0 0
12340 0.0888284 0.5 411.5 0.352941 0.5 0 0
12350 0.0888284 0.5 411.5 0.352941 0.5 0 0
12360 0.0885869 0.5 412 0.352941 0.5 0 0
12370 0.0885869 0.5 412 0.352941 0.5 0 0
12380 0.0881332 0.5 412.5 0.352941 0.5 0 0
12390 0.0881332 0.5 412.5 0.352941 0.5 0 0
12400 0.0877074 0.5 413 0.352941 0.5 0 0
12410 0.0877074 0.5 413 0.352941 0.5 0 0
12420 0.0871888 0.5 413.5 0.352941 0.5 0 0
12430 0.0871888 0.5 413.5 0.352941 0.5 0 0
12440 0.0869019 0.5 414 0.352941 0.5 0 0
12450 0.0869019 0.5 414 0.352941 0.5 0 0
12460 0.0868307 0.583333 414.583 0.352941 0.5 0 0
12470 0.0868307 0.583333 414.583 0.352941 0.5 0 0
12480 0.0868307 0.583333 415.167 0.352941 0.5 0 0
12490 0.0868307 0.583333 415.167 0.352941 0.5 0 0
12500 0.0867486 0.5 415.667 0.352941 0.5 0 0
12510 0.0867486 0.5 415.667 0.352941 0.5 0 0
12520 0.0867479 0.5 416.167 0.352941 0.5 0 0
12530 0.0867479 0.5 416.167 0.352941 0.5 0 0
12540 0.0870339 0.666667 416.833 0.352941 0.5 0 0
12550 0.0870339 0.666667 416.833 0.34902 0.5 0 0
12560 0.0877766 0.666667 417.5 0.34902 0.5 0 0
12570 0.0877766 0.666667 417.5 0.34902 0.5 0 0
12580 0.0892629 0.666667 418.167 0.352941 0.5 0 0
12590 0.0892629 0.666667 418.167 0.352941 0.5 0 0
12600 0.0899587 0.666667 418.833 0.356863 0.5 0 0
12610 0.0899587 0.666667 418.833 0.360784 0.5 0 0
12620 0.0899791 0.416667 419.25 0.356863 0.5 0 0
12630 0.0899791 0.416667 419.25 0.360784 0.5 0 0
12640 0.0899766 0.416667 419.667 0.356863 0.5 0 0
12650 0.0899766 0.416667 419.667 0.356863 0.5 0 0
12660 0.0899008 0.416667 420.083 0.360784 0.5 0 0
12670 0.0899008 0.416667 420.083 0.352941 0.5 0 0
12680 0.0888443 0.416667 420.5 0.345098 0.5 0 0
12690 0.0888443 0.416667 420.5 0.345098 0.5 0 0
12700 0.0881788 0.416667 420.917 0.345098 0.5 0 0
12710 0.0881788 0.416667 420.917 0.345098 0.5 0 0
12720 0.0868521 0.416667 421.333 0.345098 0.5 0 0
12730 0.0868521 0.416667 421.333 0.345098 0.5 0 0
12740 0.0861116 0.416667 421.75 0.345098 0.5 0 0
12750 0.0861116 0.416667 421.75 0.345098 0.5 0 0
12760 0.0859607 0.25 422 0.345098 0.5 0 0
12770 0.0859607 0.25 422 0.345098 0.5 0 0
12780 0.0853597 0.416667 422.417 0.345098 0.5 0 0
12790 0.0853597 0.416667 422.417 0.345098 0.5 0 0
12800 0.0851527 0.583333 423 0.345098 0.5 0 0
12810 0.0851527 0.583333 423 0.345098 0.5 0 0
12820 0.0851527 0.666667 423.667 0.345098 0.5 0 0
12830 0.0851527 0.666667 423.667 0.345098 0.5 0 0
12840 0.0850192 0.666667 424.333 0.345098 0.5 0 0
12850 0.0850192 0.666667 424.333 0.345098 0.5 0 0
12860 0.0850158 0.666667 425 0.345098 0.5 0 0
12870 0.0850158 0.666667 425 0.345098 0.5 0 0
12880 0.0850154 0.666667 425.667 0.345098 0.5 0 0
12890 0.0850154 0.666667 425.667 0.345098 0.5 0 0
12900 0.0850162 0.666667 426.333 0.345098 0.5 0 0
12910 0.0850162 0.666667 426.333 0.345098 0.5 0 0
12920 0.0850171 0.666667 427 0.345098 0.5 0 0
12930 0.0850171 0.666667 427 0.345098 0.5 0 0
12940 0.0850177 0.666667 427.667 0.345098 0.5 0 0
12950 0.0850177 0.666667 427.667 0.345098 0.5 0 0
12960 0.0850177 0.666667 428.333 0.345098 0.5 0 0
12970 0.0850177 0.666667 428.333 0.345098 0.5 0 0
12980 0.085013 0.666667 429 0.345098 0.5 0 0
12990 0.085013 0.666667 429 0.345098 0.5 0 0
13000 0.0850058 0.666667 429.667 0.345098 0.5 0 0
13010 0.0850058 0.666667 429.667 0.345098 0.5 0 0
13020 0.0849943 0.666667 430.333 0.345098 0.5 0 0
13030 0.0849943 0.666667 430.333 0.345098 0.5 0 0
13040 0.0849924 0.666667 431 0.345098 0.5 0 0
13050 0.0849924 0.666667 431 0.345098 0.5 0 0
13060 0.0849908 0.666667 431.667 0.345098 0.5 0 0
13070 0.0849908 0.666667 431.667 0.345098 0.5 0 0
13080 0.0849908 0.666667 432.333 0.345098 0.5 0 0
13090 0.0849908 0.666667 432.333 0.345098 0.5 0 0
13100 0.0849877 0.666667 433 0.345098 0.5 0 0
13110 0.0849877 0.666667 433 0.345098 0.5 0 0
13120 0.0849737 0.666667 433.667 0.345098 0.5 0 0
13130 0.0849737 0.666667 433.667 0.345098 0.5 0 0
13140 0.0849742 0.666667 434.333 0.345098 0.5 0 0
13150 0.0849742 0.666667 434.333 0.345098 0.5 0 0
13160 0.0849324 0.833333 435.167 0.345098 0.5 0 0
13170 0.0849324 0.833333 435.167 0.345098 0.5 0 0
13180 0.0849254 0.833333 436 0.345098 0.5 0 0
13190 0.0849254 0.833333 436 0.345098 0.5 0 0
13200 0.0849136 0.916667 436.917 0.345098 0.5 0 0
13210 0.0849136 0.916667 436.917 0.345098 0.5 0 0
13220 0.0848875 0.916667 437.833 0.345098 0.5 0 0
13230 0.0848875 0.916667 437.833 0.345098 0.5 0 0
13240 0.0848311 0.916667 438.75 0.345098 0.5 0 0
13250 0.0848311 0.916667 438.75 0.345098 0.5 0 0
13260 0.0847935 0.916667 439.667 0.345098 0.5 0 0
13270 0.0847935 0.916667 439.667 0.345098 0.5 0 0
13280 0.0847873 0.916667 440.583 0.345098 0.5 0 0
13290 0.0847873 0.916667 440.583 0.345098 0.5 0 0
13300 0.0847665 0.916667 441.5 0.345098 0.5 0 0
13310 0.0847665 0.916667 441.5 0.345098 0.5 0 0
13320 0.0846785 0.916667 442.417 0.345098 0.5 0 0
13330 0.0846785 0.916667 442.417 0.345098 0.5 0 0
13340 0.0845929 0.75 443.167 0.345098 0.5 0 0
13350 0.0845929 0.75 443.167 0.345098 0.5 0 0
13360 0.0845773 0.75 443.917 0.345098 0.5 0 0
13370 0.0845773 0.75 443.917 0.345098 0.5 0 0
13380 0.0845735 0.75 444.667 0.345098 0.5 0 0
13390 0.0845735 0.75 444.667 0.345098 0.5 0 0
13400 0.0845684 0.75 445.417 0.345098 0.5 0 0
13410 0.0845684 0.75 445.417 0.345098 0.5 0 0
13420 0.0845651 0.75 446.167 0.345098 0.5 0 0
13430 0.0845651 0.75 446.167 0.345098 0.5 0 0
13440 0.0845594 0.75 446.917 0.345098 0.5 0 0
13450 0.0845594 0.75 446.917 0.345098 0.5 0 0
13460 0.0845376 0.666667 447.583 0.345098 0.5 0 0
13470 0.0845376 0.666667 447.583 0.345098 0.5 0 0
13480 0.0845202 0.666667 448.25 0.345098 0.5 0 0
13490 0.0845202 0.666667 448.25 0.345098 0.5 0 0
13500 0.0844976 0.666667 448.917 0.345098 0.5 0 0
13510 0.0844976 0.666667 448.917 0.345098 0.5 0 0
13520 0.0844939 0.75 449.667 0.345098 0.5 0 0
13530 0.0844939 0.75 449.667 0.345098 0.5 0 0
13540 0.0844936 0.75 450.417 0.345098 0.5 0 0
13550 0.0844936 0.75 450.417 0.345098 0.5 0 0
13560 0.0844916 0.75 451.167 0.345098 0.5 0 0
13570 0.0844916 0.75 451.167 0.345098 0.5 0 0
13580 0.0844916 0.666667 451.833 0.345098 0.5 0 0
13590 0.0844916 0.666667 451.833 0.345098 0.5 0 0
13600 0.0844863 0.666667 452.5 0.345098 0.5 0 0
13610 0.0844863 0.666667 452.5 0.345098 0.5 0 0
13620 0.084469 0.666667 453.167 0.345098 0.5 0 0
13630 0.084469 0.666667 453.167 0.345098 0.5 0 0
13640 0.0844593 0.666667 453.833 0.345098 0.5 0 0
13650 0.0844593 0.666667 453.833 0.345098 0.5 0 0
13660 0.0844568 0.666667 454.5 0.345098 0.5 0 0
13670 0.0844568 0.666667 454.5 0.345098 0.5 0 0
13680 0.0844519 0.666667 455.167 0.345098 0.5 0 0
13690 0.0844519 0.666667 455.167 0.345098 0.5 0 0
13700 0.0844499 0.5 455.667 0.345098 0.5 0 0
13710 0.0844499 0.5 455.667 0.345098 0.5 0 0
13720 0.0844464 0.833333 456.5 0.345098 0.5 0 0
13730 0.0844464 0.833333 456.5 0.345098 0.5 0 0
13740 0.0844357 0.833333 457.333 0.345098 0.5 0 0
13750 0.0844357 0.833333 457.333 0.345098 0.5 0 0
13760 0.0844286 0.833333 458.167 0.345098 0.5 0 0
13770 0.0844286 0.833333 458.167 0.345098 0.5 0 0
13780 0.0847704 0.833333 459 0.345098 0.5 0 0
13790 0.0847704 0.833333 459 0.345098 0.5 0 0
13800 0.084943 0.916667 459.917 0.345098 0.5 0 0
13810 0.084943 0.916667 459.917 0.345098 0.5 0 0
13820 0.0849588 0.916667 460.833 0.345098 0.5 0 0
13830 0.0849588 0.916667 460.833 0.345098 0.5 0 0
13840 0.0851731 0.916667 461.75 0.345098 0.5 0 0
13850 0.0851731 0.916667 461.75 0.34902 0.5 0 0
13860 0.0852693 0.916667 462.667 0.345098 0.5 0 0
13870 0.0852693 0.916667 462.667 0.345098 0.5 0 0
13880 0.0854591 0.916667 463.583 0.345098 0.5 0 0
13890 0.0854591 0.916667 463.583 0.34902 0.5 0 0
13900 0.0855956 0.916667 464.5 0.34902 0.5 0 0
13910 0.0855956 0.916667 464.5 0.352941 0.5 0 0
13920 0.0854927 0.916667 465.417 0.352941 0.5 0 0
13930 0.0854927 0.916667 465.417 0.352941 0.5 0 0
13940 0.0851952 0.916667 466.333 0.352941 0.5 0 0
13950 0.0851952 0.916667 466.333 0.34902 0.5 0 0
13960 0.084412 0.916667 467.25 0.34902 0.5 0 0
13970 0.084412 0.916667 467.25 0.341176 0.5 0 0
13980 0.083286 0.75 468 0.337255 0.5 0 0
13990 0.083286 0.75 468 0.337255 0.5 0 0
14000 0.0816284 0.75 468.75 0.337255 0.5 0 0
14010 0.0816284 0.75 468.75 0.337255 0.5 0 0
14020 0.08041 0.833333 469.583 0.337255 0.5 0 0
14030 0.08041 0.833333 469.583 0.337255 0.5 0 0
14040 0.0798384 0.833333 470.417 0.337255 0.5 0 0
14050 0.0798384 0.833333 470.417 0.337255 0.5 0 0
14060 0.0792463 0.833333 471.25 0.337255 0.5 0 0
14070 0.0792463 0.833333 471.25 0.337255 0.5 0 0
14080 0.078513 0.833333 472.083 0.337255 0.5 0 0
14090 0.078513 0.833333 472.083 0.337255 0.5 0 0
14100 0.0782792 0.75 472.833 0.337255 0.5 0 0
14110 0.0782792 0.75 472.833 0.337255 0.5 0 0
14120 0.0781373 0.75 473.583 0.337255 0.5 0 0
14130 0.0781373 0.75 473.583 0.337255 0.5 0 0
14140 0.0781164 0.75 474.333 0.337255 0.5 0 0
14150 0.0781164 0.75 474.333 0.337255 0.5 0 0
14160 0.0781003 0.75 475.083 0.337255 0.5 0 0
14170 0.0781003 0.75 475.083 0.337255 0.5 0 0
14180 0.0781003 0.916667 476 0.337255 0.5 0 0
14190 0.0781003 0.916667 476 0.337255 0.5 0 0
14200 0.07808 0.916667 476.917 0.337255 0.5 0 0
14210 0.07808 0.916667 476.917 0.337255 0.5 0 0
14220 0.0780693 0.916667 477.833 0.337255 0.5 0 0
14230 0.0780693 0.916667 477.833 0.337255 0.5 0 0
14240 0.0780541 0.916667 478.75 0.337255 0.5 0 0
14250 0.0780541 0.916667 478.75 0.337255 0.5 0 0
14260 0.0780316 0.916667 479.667 0.337255 0.5 0 0
14270 0.0780316 0.916667 479.667 0.337255 0.5 0 0
14280 0.0780097 0.916667 480.583 0.337255 0.5 0 0
14290 0.0780097 0.916667 480.583 0.337255 0.5 0 0
14300 0.0779862 0.916667 481.5 0.337255 0.5 0 0
14310 0.0779862 0.916667 481.5 0.337255 0.5 0 0
14320 0.0779834 0.833333 482.333 0.337255 0.5 0 0
14330 0.0779834 0.833333 482.333 0.337255 0.5 0 0
14340 0.0779552 0.833333 483.167 0.337255 0.5 0 0
14350 0.0779552 0.833333 483.167 0.337255 0.5 0 0
14360 0.0779418 0.833333 484 0.337255 0.5 0 0
14370 0.0779418 0.833333 484 0.337255 0.5 0 0
14380 0.0779371 0.833333 484.833 0.337255 0.5 0 0
14390 0.0779371 0.833333 484.833 0.337255 0.5 0 0
14400 0.0779189 0.833333 485.667 0.337255 0.5 0 0
14410 0.0779189 0.833333 485.667 0.337255 0.5 0 0
14420 0.0779142 0.916667 486.583 0.337255 0.5 0 0
14430 0.0779142 0.916667 486.583 0.337255 0.5 0 0
14440 0.0779136 0.916667 487.5 0.337255 0.5 0 0
14450 0.0779136 0.916667 487.5 0.337255 0.5 0 0
14460 0.0779128 0.916667 488.417 0.337255 0.5 0 0
14470 0.0779128 0.916667 488.417 0.337255 0.5 0 0
14480 0.077912 0.916667 489.333 0.337255 0.5 0 0
14490 0.077912 0.916667 489.333 0.337255 0.5 0 0
14500 0.0779116 0.833333 490.167 0.337255 0.5 0 0
14510 0.0779116 0.833333 490.167 0.337255 0.5 0 0
14520 0.0778884 0.75 490.917 0.337255 0.5 0 0
14530 0.0778884 0.75 490.917 0.337255 0.5 0 0
14540 0.0778874 0.916667 491.833 0.337255 0.5 0 0
14550 0.0778874 0.916667 491.833 0.337255 0.5 0 0
14560 0.0778874 0.916667 492.75 0.337255 0.5 0 0
14570 0.0778874 0.916667 492.75 0.337255 0.5 0 0
14580 0.077886 0.916667 493.667 0.337255 0.5 0 0
14590 0.077886 0.916667 493.667 0.337255 0.5 0 0
14600 0.0778848 0.916667 494.583 0.337255 0.5 0 0
14610 0.0778848 0.916667 494.583 0.337255 0.5 0 0
14620 0.0778848 0.916667 495.5 0.337255 0.5 0 0
14630 0.0778848 0.916667 495.5 0.337255 0.5 0 0
14640 0.0778803 0.833333 496.333 0.337255 0.5 0 0
14650 0.0778803 0.833333 496.333 0.337255 0.5 0 0
14660 0.0778784 0.75 497.083 0.337255 0.5 0 0
14670 0.0778784 0.75 497.083 0.337255 0.5 0 0
14680 0.0778778 0.833333 497.917 0.337255 0.5 0 0
14690 0.0778778 0.833333 497.917 0.337255 0.5 0 0
14700 0.0778778 0.833333 498.75 0.337255 0.5 0 0
14710 0.0778778 0.833333 498.75 0.337255 0.5 0 0
14720 0.0778714 0.833333 499.583 0.337255 0.5 0 0
14730 0.0778714 0.833333 499.583 0.337255 0.5 0 0
14740 0.077864 0.833333 500.417 0.337255 0.5 0 0
14750 0.077864 0.833333 500.417 0.337255 0.5 0 0
14760 0.0778559 0.916667 501.333 0.337255 0.5 0 0
14770 0.0778559 0.916667 501.333 0.337255 0.5 0 0
14780 0.0778514 0.916667 502.25 0.337255 0.5 0 0
14790 0.0778514 0.916667 502.25 0.337255 0.5 0 0
14800 0.0778418 0.916667 503.167 0.337255 0.5 0 0
14810 0.0778418 0.916667 503.167 0.337255 0.5 0 0
14820 0.0778418 0.916667 504.083 0.337255 0.5 0 0
14830 0.0778418 0.916667 504.083 0.337255 0.5 0 0
14840 0.0778418 0.916667 505 0.337255 0.5 0 0
14850 0.0778418 0.916667 505 0.337255 0.5 0 0
14860 0.077831 0.916667 505.917 0.337255 0.5 0 0
14870 0.077831 0.916667 505.917 0.337255 0.5 0 0
14880 0.0778255 0.916667 506.833 0.337255 0.5 0 0
14890 0.0778255 0.916667 506.833 0.337255 0.5 0 0
14900 0.07782 0.916667 507.75 0.337255 0.5 0 0
14910 0.07782 0.916667 507.75 0.337255 0.5 0 0
14920 0.0778169 0.916667 508.667 0.337255 0.5 0 0
14930 0.0778169 0.916667 508.667 0.337255 0.5 0 0
14940 0.0777994 0.833333 509.5 0.337255 0.5 0 0
14950 0.0777994 0.833333 509.5 0.337255 0.5 0 0
14960 0.0777812 0.916667 510.417 0.337255 0.5 0 0
14970 0.0777812 0.916667 510.417 0.337255 0.5 0 0
14980 0.0777117 0.916667 511.333 0.337255 0.5 0 0
14990 0.0777117 0.916667 511.333 0.337255 0.5 0 0
15000 0.0776746 0.916667 512.25 0.337255 0.5 0 0
15010 0.0776746 0.916667 512.25 0.337255 0.5 0 0
15020 0.077667 0.916667 513.167 0.337255 0.5 0 0
15030 0.077667 0.916667 513.167 0.337255 0.5 0 0
15040 0.077667 0.916667 514.083 0.337255 0.5 0 0
15050 0.077667 0.916667 514.083 0.337255 0.5 0 0
15060 0.077667 0.916667 515 0.337255 0.5 0 0
15070 0.077667 0.916667 515 0.337255 0.5 0 0
15080 0.077667 1 516 0.337255 0.5 0 0
15090 0.077667 1 516 0.337255 0.5 0 0
15100 0.077667 1 517 0.337255 0.5 0 0
15110 0.077667 1 517 0.337255 0.5 0 0
15120 0.0776658 1 518 0.337255 0.5 0 0
15130 0.0776658 1 518 0.337255 0.5 0 0
15140 0.0776623 1 519 0.337255 0.5 0 0
15150 0.0776623 1 519 0.337255 0.5 0 0
15160 0.0776559 1 520 0.337255 0.5 0 0
15170 0.0776559 1 520 0.337255 0.5 0 0
15180 0.0776476 1 521 0.337255 0.5 0 0
15190 0.0776476 1 521 0.337255 0.5 0 0
15200 0.0776469 1 522 0.337255 0.5 0 0
15210 0.0776469 1 522 0.337255 0.5 0 0
15220 0.077647 1 523 0.337255 0.5 0 0
15230 0.077647 1 523 0.337255 0.5 0 0
15240 0.0776453 0.916667 523.917 0.337255 0.5 0 0
15250 0.0776453 0.916667 523.917 0.337255 0.5 0 0
15260 0.0776382 0.916667 524.833 0.337255 0.5 0 0
15270 0.0776382 0.916667 524.833 0.337255 0.5 0 0
15280 0.0776291 1 525.833 0.337255 0.5 0 0
15290 0.0776291 1 525.833 0.337255 0.5 0 0
15300 0.0776233 1 526.833 0.337255 0.5 0 0
15310 0.0776233 1 526.833 0.337255 0.5 0 0
15320 0.0776214 1 527.833 0.337255 0.5 0 0
15330 0.0776214 1 527.833 0.337255 0.5 0 0
15340 0.0776214 1 528.833 0.337255 0.5 0 0
15350 0.0776214 1 528.833 0.337255 0.5 0 0
15360 0.0776196 1 529.833 0.337255 0.5 0 0
15370 0.0776196 1 529.833 0.337255 0.5 0 0
15380 0.0776136 1 530.833 0.337255 0.5 0 0
15390 0.0776136 1 530.833 0.337255 0.5 0 0
15400 0.0776065 1 531.833 0.337255 0.5 0 0
15410 0.0776065 1 531.833 0.337255 0.5 0 0
15420 0.077598 1 532.833 0.337255 0.5 0 0
15430 0.077598 1 532.833 0.337255 0.5 0 0
15440 0.0775974 1 533.833 0.337255 0.5 0 0
15450 0.0775974 1 533.833 0.337255 0.5 0 0
15460 0.0775967 1 534.833 0.337255 0.5 0 0
15470 0.0775967 1 534.833 0.337255 0.5 0 0
15480 0.0775932 1 535.833 0.337255 0.5 0 0
15490 0.0775932 1 535.833 0.337255 0.5 0 0
15500 0.0775907 0.916667 536.75 0.337255 0.5 0 0
15510 0.0775907 0.916667 536.75 0.337255 0.5 0 0
15520 0.0775821 0.916667 537.667 0.337255 0.5 0 0
15530 0.0775821 0.916667 537.667 0.337255 0.5 0 0
15540 0.0775811 0.916667 538.583 0.337255 0.5 0 0
15550 0.0775811 0.916667 538.583 0.337255 0.5 0 0
15560 0.0775811 0.916667 539.5 0.337255 0.5 0 0
15570 0.0775811 0.916667 539.5 0.337255 0.5 0 0
15580 0.0775808 0.916667 540.417 0.337255 0.5 0 0
15590 0.0775808 0.916667 540.417 0.337255 0.5 0 0
15600 0.0775793 1 541.417 0.337255 0.5 0 0
15610 0.0775793 1 541.417 0.337255 0.5 0 0
15620 0.077575 0.833333 542.25 0.337255 0.5 0 0
15630 0.077575 0.833333 542.25 0.337255 0.5 0 0
15640 0.0775696 0.833333 543.083 0.337255 0.5 0 0
15650 0.0775696 0.833333 543.083 0.337255 0.5 0 0
15660 0.0775646 0.833333 543.917 0.337255 0.5 0 0
15670 0.0775646 0.833333 543.917 0.337255 0.5 0 0
15680 0.0775632 0.833333 544.75 0.337255 0.5 0 0
15690 0.0775632 0.833333 544.75 0.337255 0.5 0 0
15700 0.0775605 0.833333 545.583 0.337255 0.5 0 0
15710 0.0775605 0.833333 545.583 0.337255 0.5 0 0
15720 0.0775603 0.833333 546.417 0.337255 0.5 0 0
15730 0.0775603 0.833333 546.417 0.337255 0.5 0 0
15740 0.0775603 0.833333 547.25 0.337255 0.5 0 0
15750 0.0775603 0.833333 547.25 0.337255 0.5 0 0
15760 0.0775524 0.833333 548.083 0.337255 0.5 0 0
15770 0.0775524 0.833333 548.083 0.337255 0.5 0 0
15780 0.0775504 0.833333 548.917 0.337255 0.5 0 0
15790 0.0775504 0.833333 548.917 0.337255 0.5 0 0
15800 0.0775477 0.833333 549.75 0.337255 0.5 0 0
15810 0.0775477 0.833333 549.75 0.337255 0.5 0 0
15820 0.0775451 1 550.75 0.337255 0.5 0 0
15830 0.0775451 1 550.75 0.337255 0.5 0 0
15840 0.0775451 1 551.75 0.337255 0.5 0 0
15850 0.0775451 1 551.75 0.337255 0.5 0 0
15860 0.0775451 1 552.75 0.337255 0.5 0 0
15870 0.0775451 1 552.75 0.337255 0.5 0 0
15880 0.0775401 1 553.75 0.337255 0.5 0 0
15890 0.0775401 1 553.75 0.337255 0.5 0 0
15900 0.0775331 0.916667 554.667 0.337255 0.5 0 0
15910 0.0775331 0.916667 554.667 0.337255 0.5 0 0
15920 0.077521 1 555.667 0.337255 0.5 0 0
15930 0.077521 1 555.667 0.337255 0.5 0 0
15940 0.077521 0.916667 556.583 0.337255 0.5 0 0
15950 0.077521 0.916667 556.583 0.337255 0.5 0 0
15960 0.077521 0.916667 557.5 0.337255 0.5 0 0
15970 0.077521 0.916667 557.5 0.337255 0.5 0 0
15980 0.0775187 0.916667 558.417 0.337255 0.5 0 0
15990 0.0775187 0.916667 558.417 0.337255 0.5 0 0
16000 0.0775119 0.916667 559.333 0.337255 0.5 0 0
16010 0.0775119 0.916667 559.333 0.337255 0.5 0 0
16020 0.0775058 0.833333 560.167 0.337255 0.5 0 0
16030 0.0775058 0.833333 560.167 0.337255 0.5 0 0
16040 0.0774868 0.75 560.917 0.337255 0.5 0 0
16050 0.0774868 0.75 560.917 0.337255 0.5 0 0
16060 0.0774663 0.833333 561.75 0.337255 0.5 0 0
16070 0.0774663 0.833333 561.75 0.337255 0.5 0 0
16080 0.0774654 0.833333 562.583 0.337255 0.5 0 0
16090 0.0774654 0.833333 562.583 0.337255 0.5 0 0
16100 0.0774654 0.833333 563.417 0.337255 0.5 0 0
16110 0.0774654 0.833333 563.417 0.337255 0.5 0 0
16120 0.0774654 0.833333 564.25 0.337255 0.5 0 0
16130 0.0774654 0.833333 564.25 0.337255 0.5 0 0
16140 0.0774654 0.833333 565.083 0.337255 0.5 0 0
16150 0.0774654 0.833333 565.083 0.337255 0.5 0 0
16160 0.0774654 0.916667 566 0.337255 0.5 0 0
16170 0.0774654 0.916667 566 0.337255 0.5 0 0
16180 0.0774654 0.916667 566.917 0.337255 0.5 0 0
16190 0.0774654 0.916667 566.917 0.337255 0.5 0 0
16200 0.0774654 0.916667 567.833 0.337255 0.5 0 0
16210 0.0774654 0.916667 567.833 0.337255 0.5 0 0
16220 0.07746 1 568.833 0.337255 0.5 0 0
16230 0.07746 1 568.833 0.337255 0.5 0 0
16240 0.0774555 1 569.833 0.337255 0.5 0 0
16250 0.0774555 1 569.833 0.337255 0.5 0 0
16260 0.0774556 1 570.833 0.337255 0.5 0 0
16270 0.0774556 1 570.833 0.337255 0.5 0 0
16280 0.0774557 1 571.833 0.337255 0.5 0 0
16290 0.0774557 1 571.833 0.337255 0.5 0 0
16300 0.0774558 1 572.833 0.337255 0.5 0 0
16310 0.0774558 1 572.833 0.337255 0.5 0 0
16320 0.0774558 1 573.833 0.337255 0.5 0 0
16330 0.0774558 1 573.833 0.337255 0.5 0 0
16340 0.077457 0.916667 574.75 0.337255 0.5 0 0
16350 0.077457 0.916667 574.75 0.337255 0.5 0 0
16360 0.0774566 0.916667 575.667 0.337255 0.5 0 0
16370 0.0774566 0.916667 575.667 0.337255 0.5 0 0
16380 0.0774566 1 576.667 0.337255 0.5 0 0
16390 0.0774566 1 576.667 0.337255 0.5 0 0
16400 0.0774566 1 577.667 0.337255 0.5 0 0
16410 0.0774566 1 577.667 0.337255 0.5 0 0
16420 0.0774566 1 578.667 0.337255 0.5 0 0
16430 0.0774566 1 578.667 0.337255 0.5 0 0
16440 0.0774566 1 579.667 0.337255 0.5 0 0
16450 0.0774566 1 579.667 0.337255 0.5 0 0
16460 0.0774566 1 580.667 0.337255 0.5 0 0
16470 0.0774566 1 580.667 0.337255 0.5 0 0
16480 0.0774566 1 581.667 0.337255 0.5 0 0
16490 0.0774566 1 581.667 0.337255 0.5 0 0
16500 0.0774555 1 582.667 0.337255 0.5 0 0
16510 0.0774555 1 582.667 0.337255 0.5 0 0
16520 0.0774531 1 583.667 0.337255 0.5 0 0
16530 0.0774531 1 583.667 0.337255 0.5 0 0
16540 0.0774531 1 584.667 0.337255 0.5 0 0
16550 0.0774531 1 584.667 0.337255 0.5 0 0
16560 0.0774531 0.833333 585.5 0.337255 0.5 0 0
16570 0.0774531 0.833333 585.5 0.337255 0.5 0 0
16580 0.0774531 0.916667 586.417 0.337255 0.5 0 0
16590 0.0774531 0.916667 586.417 0.337255 0.5 0 0
16600 0.0774531 0.916667 587.333 0.337255 0.5 0 0
16610 0.0774531 0.916667 587.333 0.337255 0.5 0 0
16620 0.077451 0.916667 588.25 0.337255 0.5 0 0
16630 0.077451 0.916667 588.25 0.337255 0.5 0 0
16640 0.0774485 0.916667 589.167 0.337255 0.5 0 0
16650 0.0774485 0.916667 589.167 0.337255 0.5 0 0
16660 0.0774484 0.916667 590.083 0.337255 0.5 0 0
16670 0.0774484 0.916667 590.083 0.337255 0.5 0 0
16680 0.0774484 0.916667 591 0.337255 0.5 0 0
16690 0.0774484 0.916667 591 0.337255 0.5 0 0
16700 0.0774484 0.833333 591.833 0.337255 0.5 0 0
16710 0.0774484 0.833333 591.833 0.337255 0.5 0 0
16720 0.0774484 0.916667 592.75 0.337255 0.5 0 0
16730 0.0774484 0.916667 592.75 0.337255 0.5 0 0
16740 0.0774456 0.916667 593.667 0.337255 0.5 0 0
16750 0.0774456 0.916667 593.667 0.337255 0.5 0 0
16760 0.077439 0.916667 594.583 0.337255 0.5 0 0
16770 0.077439 0.916667 594.583 0.337255 0.5 0 0
16780 0.077439 0.916667 595.5 0.337255 0.5 0 0
16790 0.077439 0.916667 595.5 0.337255 0.5 0 0
16800 0.077439 0.916667 596.417 0.337255 0.5 0 0
16810 0.077439 0.916667 596.417 0.337255 0.5 0 0
16820 0.077439 0.833333 597.25 0.337255 0.5 0 0
16830 0.077439 0.833333 597.25 0.337255 0.5 0 0
16840 0.077439 0.916667 598.167 0.337255 0.5 0 0
16850 0.077439 0.916667 598.167 0.337255 0.5 0 0
16860 0.0774381 0.916667 599.083 0.337255 0.5 0 0
16870 0.0774381 0.916667 599.083 0.337255 0.5 0 0
16880 0.0774346 0.916667 600 0.337255 0.5 0 0
16890 0.0774346 0.916667 600 0.337255 0.5 0 0
16900 0.0774319 0.916667 600.917 0.337255 0.5 0 0
16910 0.0774319 0.916667 600.917 0.337255 0.5 0 0
16920 0.0774319 0.916667 601.833 0.337255 0.5 0 0
16930 0.0774319 0.916667 601.833 0.337255 0.5 0 0
16940 0.0774319 0.833333 602.667 0.337255 0.5 0 0
16950 0.0774319 0.833333 602.667 0.337255 0.5 0 0
16960 0.0774319 0.833333 603.5 0.337255 0.5 0 0
16970 0.0774319 0.833333 603.5 0.337255 0.5 0 0
16980 0.0774312 0.916667 604.417 0.337255 0.5 0 0
16990 0.0774312 0.916667 604.417 0.337255 0.5 0 0
17000 0.0774287 0.916667 605.333 0.337255 0.5 0 0
17010 0.0774287 0.916667 605.333 0.337255 0.5 0 0
17020 0.0774265 0.916667 606.25 0.337255 0.5 0 0
17030 0.0774265 0.916667 606.25 0.337255 0.5 0 0
17040 0.0774258 0.916667 607.167 0.337255 0.5 0 0
17050 0.0774258 0.916667 607.167 0.337255 0.5 0 0
17060 0.0774258 0.916667 608.083 0.337255 0.5 0 0
17070 0.0774258 0.916667 608.083 0.337255 0.5 0 0
17080 0.0774258 0.916667 609 0.337255 0.5 0 0
17090 0.0774258 0.916667 609 0.337255 0.5 0 0
17100 0.0774251 0.833333 609.833 0.337255 0.5 0 0
17110 0.0774251 0.833333 609.833 0.337255 0.5 0 0
17120 0.0774189 0.75 610.583 0.337255 0.5 0 0
17130 0.0774189 0.75 610.583 0.337255 0.5 0 0
17140 0.0774136 0.833333 611.417 0.337255 0.5 0 0
17150 0.0774136 0.833333 611.417 0.337255 0.5 0 0
17160 0.0774124 0.833333 612.25 0.337255 0.5 0 0
17170 0.0774124 0.833333 612.25 0.337255 0.5 0 0
17180 0.0774124 0.833333 613.083 0.337255 0.5 0 0
17190 0.0774124 0.833333 613.083 0.337255 0.5 0 0
17200 0.0774124 0.833333 613.917 0.337255 0.5 0 0
17210 0.0774124 0.833333 613.917 0.337255 0.5 0 0
17220 0.0783364 0.833333 614.75 0.337255 0.5 0 0
17230 0.0783364 0.833333 614.75 0.337255 0.5 0 0
17240 0.0785449 0.833333 615.583 0.337255 0.5 0 0
17250 0.0785449 0.833333 615.583 0.337255 0.5 0 0
17260 0.0790022 0.75 616.333 0.337255 0.5 0 0
17270 0.0790022 0.75 616.333 0.337255 0.5 0 0
17280 0.0799958 0.75 617.083 0.341176 0.5 0 0
17290 0.0799958 0.75 617.083 0.341176 0.5 0 0
17300 0.0803843 0.833333 617.917 0.341176 0.5 0 0
17310 0.0803843 0.833333 617.917 0.341176 0.5 0 0
17320 0.0807152 0.75 618.667 0.341176 0.5 0 0
17330 0.0807152 0.75 618.667 0.341176 0.5 0 0
17340 0.0808613 0.833333 619.5 0.341176 0.5 0 0
17350 0.0808613 0.833333 619.5 0.341176 0.5 0 0
17360 0.0808692 0.833333 620.333 0.341176 0.5 0 0
17370 0.0808692 0.833333 620.333 0.337255 0.5 0 0
17380 0.0805759 0.833333 621.167 0.337255 0.5 0 0
17390 0.0805759 0.833333 621.167 0.333333 0.5 0 0
17400 0.0798571 0.666667 621.833 0.333333 0.5 0 0
17410 0.0798571 0.666667 621.833 0.333333 0.5 0 0
17420 0.0788296 0.666667 622.5 0.337255 0.5 0 0
17430 0.0788296 0.666667 622.5 0.337255 0.5 0 0
17440 0.0783047 0.666667 623.167 0.337255 0.5 0 0
17450 0.0783047 0.666667 623.167 0.337255 0.5 0 0
17460 0.0782988 0.583333 623.75 0.337255 0.5 0 0
17470 0.0782988 0.583333 623.75 0.337255 0.5 0 0
17480 0.0777614 0.666667 624.417 0.337255 0.5 0 0
17490 0.0777614 0.666667 624.417 0.337255 0.5 0 0
17500 0.0771611 0.833333 625.25 0.337255 0.5 0 0
17510 0.0771611 0.833333 625.25 0.337255 0.5 0 0
17520 0.0770779 0.833333 626.083 0.337255 0.5 0 0
17530 0.0770779 0.833333 626.083 0.337255 0.5 0 0
17540 0.0769393 0.75 626.833 0.337255 0.5 0 0
17550 0.0769393 0.75 626.833 0.337255 0.5 0 0
17560 0.0769393 0.833333 627.667 0.337255 0.5 0 0
17570 0.0769393 0.833333 627.667 0.337255 0.5 0 0
17580 0.0769393 0.833333 628.5 0.337255 0.5 0 0
17590 0.0769393 0.833333 628.5 0.337255 0.5 0 0
17600 0.0769393 0.916667 629.417 0.337255 0.5 0 0
17610 0.0769393 0.916667 629.417 0.337255 0.5 0 0
17620 0.0769371 0.916667 630.333 0.337255 0.5 0 0
17630 0.0769371 0.916667 630.333 0.337255 0.5 0 0
17640 0.0769358 0.916667 631.25 0.333333 0.5 0 0
17650 0.0769358 0.916667 631.25 0.337255 0.5 0 0
17660 0.0769358 0.916667 632.167 0.337255 0.5 0 0
17670 0.0769358 0.916667 632.167 0.337255 0.5 0 0
17680 0.0769358 0.916667 633.083 0.337255 0.5 0 0
17690 0.0769358 0.916667 633.083 0.337255 0.5 0 0
17700 0.0769358 0.916667 634 0.337255 0.5 0 0
17710 0.0769358 0.916667 634 0.337255 0.5 0 0
17720 0.0769358 0.916667 634.917 0.337255 0.5 0 0
17730 0.0769358 0.916667 634.917 0.337255 0.5 0 0
17740 0.0769342 0.833333 635.75 0.337255 0.5 0 0
17750 0.0769342 0.833333 635.75 0.337255 0.5 0 0
17760 0.0769331 0.833333 636.583 0.337255 0.5 0 0
17770 0.0769331 0.833333 636.583 0.337255 0.5 0 0
17780 0.0769331 0.833333 637.417 0.337255 0.5 0 0
17790 0.0769331 0.833333 637.417 0.337255 0.5 0 0
17800 0.0769331 0.833333 638.25 0.337255 0.5 0 0
17810 0.0769331 0.833333 638.25 0.337255 0.5 0 0
17820 0.0769331 0.833333 639.083 0.337255 0.5 0 0
17830 0.0769331 0.833333 639.083 0.337255 0.5 0 0
17840 0.0769331 0.833333 639.917 0.337255 0.5 0 0
17850 0.0769331 0.833333 639.917 0.337255 0.5 0 0
17860 0.0769312 0.75 640.667 0.337255 0.5 0 0
17870 0.0769312 0.75 640.667 0.337255 0.5 0 0
17880 0.0769296 0.75 641.417 0.337255 0.5 0 0
17890 0.0769296 0.75 641.417 0.337255 0.5 0 0
17900 0.0769296 0.75 642.167 0.333333 0.5 0 0
17910 0.0769296 0.75 642.167 0.337255 0.5 0 0
17920 0.0769296 0.75 642.917 0.337255 0.5 0 0
17930 0.0769296 0.75 642.917 0.337255 0.5 0 0
17940 0.0769296 0.75 643.667 0.337255 0.5 0 0
17950 0.0769296 0.75 643.667 0.337255 0.5 0 0
17960 0.0769296 0.666667 644.333 0.337255 0.5 0 0
17970 0.0769296 0.666667 644.333 0.337255 0.5 0 0
17980 0.0769285 0.916667 645.25 0.337255 0.5 0 0
17990 0.0769285 0.916667 645.25 0.333333 0.5 0 0
18000 0.0769266 0.916667 646.167 0.337255 0.5 0 0
18010 0.0769266 0.916667 646.167 0.337255 0.5 0 0
18020 0.0769267 0.916667 647.083 0.337255 0.5 0 0
18030 0.0769267 0.916667 647.083 0.337255 0.5 0 0
18040 0.0769267 0.916667 648 0.337255 0.5 0 0
18050 0.0769267 0.916667 648 0.337255 0.5 0 0
18060 0.0769267 0.916667 648.917 0.337255 0.5 0 0
18070 0.0769267 0.916667 648.917 0.337255 0.5 0 0
18080 0.0769267 0.75 649.667 0.337255 0.5 0 0
18090 0.0769267 0.75 649.667 0.337255 0.5 0 0
18100 0.0769252 0.916667 650.583 0.337255 0.5 0 0
18110 0.0769252 0.916667 650.583 0.337255 0.5 0 0
18120 0.0769223 0.916667 651.5 0.337255 0.5 0 0
18130 0.0769223 0.916667 651.5 0.337255 0.5 0 0
18140 0.0769222 1 652.5 0.337255 0.5 0 0
18150 0.0769222 1 652.5 0.337255 0.5 0 0
18160 0.0769222 0.833333 653.333 0.337255 0.5 0 0
18170 0.0769222 0.833333 653.333 0.337255 0.5 0 0
18180 0.076921 0.75 654.083 0.337255 0.5 0 0
18190 0.076921 0.75 654.083 0.337255 0.5 0 0
18200 0.0769194 0.916667 655 0.337255 0.5 0 0
18210 0.0769194 0.916667 655 0.337255 0.5 0 0
18220 0.0769184 0.916667 655.917 0.337255 0.5 0 0
18230 0.0769184 0.916667 655.917 0.337255 0.5 0 0
18240 0.0769166 0.916667 656.833 0.337255 0.5 0 0
18250 0.0769166 0.916667 656.833 0.337255 0.5 0 0
18260 0.0769164 0.833333 657.667 0.337255 0.5 0 0
18270 0.0769164 0.833333 657.667 0.337255 0.5 0 0
18280 0.0769164 0.833333 658.5 0.337255 0.5 0 0
18290 0.0769164 0.833333 658.5 0.337255 0.5 0 0
18300 0.0769157 0.833333 659.333 0.337255 0.5 0 0
18310 0.0769157 0.833333 659.333 0.337255 0.5 0 0
18320 0.0769147 0.833333 660.167 0.337255 0.5 0 0
18330 0.0769147 0.833333 660.167 0.337255 0.5 0 0
18340 0.0769133 0.833333 661 0.337255 0.5 0 0
18350 0.0769133 0.833333 661 0.337255 0.5 0 0
18360 0.0769118 0.833333 661.833 0.337255 0.5 0 0
18370 0.0769118 0.833333 661.833 0.337255 0.5 0 0
18380 0.0769114 0.833333 662.667 0.337255 0.5 0 0
18390 0.0769114 0.833333 662.667 0.337255 0.5 0 0
18400 0.0769114 0.833333 663.5 0.337255 0.5 0 0
18410 0.0769114 0.833333 663.5 0.337255 0.5 0 0
18420 0.0769112 0.833333 664.333 0.337255 0.5 0 0
18430 0.0769112 0.833333 664.333 0.337255 0.5 0 0
18440 0.0769108 0.833333 665.167 0.333333 0.5 0 0
18450 0.0769108 0.833333 665.167 0.337255 0.5 0 0
18460 0.07691 0.916667 666.083 0.337255 0.5 0 0
18470 0.07691 0.916667 666.083 0.337255 0.5 0 0
18480 0.0771536 0.916667 667 0.337255 0.5 0 0
18490 0.0771536 0.916667 667 0.337255 0.5 0 0
18500 0.0779677 0.916667 667.917 0.337255 0.5 0 0
18510 0.0779677 0.916667 667.917 0.337255 0.5 0 0
18520 0.0779966 0.916667 668.833 0.337255 0.5 0 0
18530 0.0779966 0.916667 668.833 0.333333 0.5 0 0
18540 0.0785094 0.916667 669.75 0.333333 0.5 0 0
18550 0.0785094 0.916667 669.75 0.337255 0.5 0 0
18560 0.0795711 0.916667 670.667 0.333333 0.5 0 0
18570 0.0795711 0.916667 670.667 0.337255 0.5 0 0
18580 0.0803955 0.666667 671.333 0.337255 0.5 0 0
18590 0.0803955 0.666667 671.333 0.341176 0.5 0 0
18600 0.0806672 0.916667 672.25 0.341176 0.5 0 0
18610 0.0806672 0.916667 672.25 0.341176 0.5 0 0
18620 0.0806637 0.916667 673.167 0.341176 0.5 0 0
18630 0.0806637 0.916667 673.167 0.341176 0.5 0 0
18640 0.0806581 0.916667 674.083 0.341176 0.5 0 0
18650 0.0806581 0.916667 674.083 0.341176 0.5 0 0
18660 0.0797879 0.916667 675 0.333333 0.5 0 0
18670 0.0797879 0.916667 675 0.329412 0.5 0 0
18680 0.0791796 0.916667 675.917 0.329412 0.5 0 0
18690 0.0791796 0.916667 675.917 0.329412 0.5 0 0
18700 0.0784262 0.75 676.667 0.337255 0.5 0 0
18710 0.0784262 0.75 676.667 0.337255 0.5 0 0
18720 0.0783888 0.833333 677.5 0.337255 0.5 0 0
18730 0.0783888 0.833333 677.5 0.337255 0.5 0 0
18740 0.0783888 0.833333 678.333 0.337255 0.5 0 0
18750 0.0783888 0.833333 678.333 0.341176 0.5 0 0
18760 0.0777242 0.833333 679.167 0.341176 0.5 0 0
18770 0.0777242 0.833333 679.167 0.333333 0.5 0 0
18780 0.0761298 0.833333 680 0.329412 0.5 0 0
18790 0.0761298 0.833333 680 0.329412 0.5 0 0
18800 0.0753108 0.833333 680.833 0.329412 0.5 0 0
18810 0.0753108 0.833333 680.833 0.329412 0.5 0 0
18820 0.0743787 0.833333 681.667 0.329412 0.5 0 0
18830 0.0743787 0.833333 681.667 0.329412 0.5 0 0
18840 0.0736315 0.833333 682.5 0.329412 0.5 0 0
18850 0.0736315 0.833333 682.5 0.329412 0.5 0 0
18860 0.0735974 0.833333 683.333 0.329412 0.5 0 0
18870 0.0735974 0.833333 683.333 0.329412 0.5 0 0
18880 0.0735944 0.75 684.083 0.329412 0.5 0 0
18890 0.0735944 0.75 684.083 0.329412 0.5 0 0
18900 0.0735942 0.75 684.833 0.329412 0.5 0 0
18910 0.0735942 0.75 684.833 0.329412 0.5 0 0
18920 0.0735942 0.833333 685.667 0.329412 0.5 0 0
18930 0.0735942 0.833333 685.667 0.329412 0.5 0 0
18940 0.0735939 0.916667 686.583 0.329412 0.5 0 0
18950 0.0735939 0.916667 686.583 0.329412 0.5 0 0
18960 0.0735982 0.916667 687.5 0.329412 0.5 0 0
18970 0.0735982 0.916667 687.5 0.329412 0.5 0 0
18980 0.0736019 0.916667 688.417 0.329412 0.5 0 0
18990 0.0736019 0.916667 688.417 0.329412 0.5 0 0
19000 0.0736019 0.916667 689.333 0.329412 0.5 0 0
19010 0.0736019 0.916667 689.333 0.329412 0.5 0 0
19020 0.0736019 0.916667 690.25 0.329412 0.5 0 0
19030 0.0736019 0.916667 690.25 0.329412 0.5 0 0
19040 0.0736019 0.916667 691.167 0.329412 0.5 0 0
19050 0.0736019 0.916667 691.167 0.329412 0.5 0 0
19060 0.0736019 0.916667 692.083 0.329412 0.5 0 0
19070 0.0736019 0.916667 692.083 0.329412 0.5 0 0
19080 0.0736137 0.833333 692.917 0.329412 0.5 0 0
19090 0.0736137 0.833333 692.917 0.329412 0.5 0 0
19100 0.0736147 0.833333 693.75 0.329412 0.5 0 0
19110 0.0736147 0.833333 693.75 0.329412 0.5 0 0
19120 0.0736147 0.833333 694.583 0.329412 0.5 0 0
19130 0.0736147 0.833333 694.583 0.329412 0.5 0 0
19140 0.0736122 0.833333 695.417 0.329412 0.5 0 0
19150 0.0736122 0.833333 695.417 0.329412 0.5 0 0
19160 0.0736045 0.833333 696.25 0.329412 0.5 0 0
19170 0.0736045 0.833333 696.25 0.329412 0.5 0 0
19180 0.0735982 0.833333 697.083 0.329412 0.5 0 0
19190 0.0735982 0.833333 697.083 0.329412 0.5 0 0
19200 0.0735931 0.833333 697.917 0.329412 0.5 0 0
19210 0.0735931 0.833333 697.917 0.329412 0.5 0 0
19220 0.0735903 0.833333 698.75 0.329412 0.5 0 0
19230 0.0735903 0.833333 698.75 0.329412 0.5 0 0
19240 0.0735826 0.916667 699.667 0.329412 0.5 0 0
19250 0.0735826 0.916667 699.667 0.329412 0.5 0 0
19260 0.0735503 1 700.667 0.329412 0.5 0 0
19270 0.0735503 1 700.667 0.329412 0.5 0 0
19280 0.0735476 1 701.667 0.329412 0.5 0 0
19290 0.0735476 1 701.667 0.329412 0.5 0 0
19300 0.0735476 0.916667 702.583 0.329412 0.5 0 0
19310 0.0735476 0.916667 702.583 0.329412 0.5 0 0
19320 0.0735476 0.916667 703.5 0.329412 0.5 0 0
19330 0.0735476 0.916667 703.5 0.329412 0.5 0 0
19340 0.0735476 0.916667 704.417 0.329412 0.5 0 0
19350 0.0735476 0.916667 704.417 0.329412 0.5 0 0
19360 0.0735476 0.833333 705.25 0.329412 0.5 0 0
19370 0.0735476 0.833333 705.25 0.329412 0.5 0 0
19380 0.0735476 0.916667 706.167 0.329412 0.5 0 0
19390 0.0735476 0.916667 706.167 0.329412 0.5 0 0
19400 0.0735476 0.916667 707.083 0.329412 0.5 0 0
19410 0.0735476 0.916667 707.083 0.329412 0.5 0 0
19420 0.0735476 0.916667 708 0.329412 0.5 0 0
19430 0.0735476 0.916667 708 0.329412 0.5 0 0
19440 0.0735476 0.916667 708.917 0.329412 0.5 0 0
19450 0.0735476 0.916667 708.917 0.329412 0.5 0 0
19460 0.0735476 0.916667 709.833 0.329412 0.5 0 0
19470 0.0735476 0.916667 709.833 0.329412 0.5 0 0
19480 0.0735476 0.916667 710.75 0.329412 0.5 0 0
19490 0.0735476 0.916667 710.75 0.329412 0.5 0 0
19500 0.0735476 0.916667 711.667 0.329412 0.5 0 0
19510 0.0735476 0.916667 711.667 0.329412 0.5 0 0
19520 0.0735476 0.916667 712.583 0.329412 0.5 0 0
19530 0.0735476 0.916667 712.583 0.329412 0.5 0 0
19540 0.0735476 0.916667 713.5 0.329412 0.5 0 0
19550 0.0735476 0.916667 713.5 0.329412 0.5 0 0
19560 0.0735476 0.833333 714.333 0.329412 0.5 0 0
19570 0.0735476 0.833333 714.333 0.329412 0.5 0 0
19580 0.0735476 0.833333 715.167 0.329412 0.5 0 0
19590 0.0735476 0.833333 715.167 0.329412 0.5 0 0
19600 0.0735476 0.833333 716 0.329412 0.5 0 0
19610 0.0735476 0.833333 716 0.329412 0.5 0 0
19620 0.0735476 0.833333 716.833 0.329412 0.5 0 0
19630 0.0735476 0.833333 716.833 0.329412 0.5 0 0
19640 0.0735476 0.833333 717.667 0.329412 0.5 0 0
19650 0.0735476 0.833333 717.667 0.329412 0.5 0 0
19660 0.0735476 0.916667 718.583 0.329412 0.5 0 0
19670 0.0735476 0.916667 718.583 0.329412 0.5 0 0
19680 0.0735476 0.916667 719.5 0.329412 0.5 0 0
19690 0.0735476 0.916667 719.5 0.329412 0.5 0 0
19700 0.0735476 1 720.5 0.329412 0.5 0 0
19710 0.0735476 1 720.5 0.329412 0.5 0 0
19720 0.0735476 1 721.5 0.329412 0.5 0 0
19730 0.0735476 1 721.5 0.329412 0.5 0 0
19740 0.0735476 0.75 722.25 0.329412 0.5 0 0
19750 0.0735476 0.75 722.25 0.329412 0.5 0 0
19760 0.0735476 0.75 723 0.329412 0.5 0 0
19770 0.0735476 0.75 723 0.329412 0.5 0 0
19780 0.0735476 1 724 0.329412 0.5 0 0
19790 0.0735476 1 724 0.329412 0.5 0 0
19800 0.0735476 1 725 0.329412 0.5 0 0
19810 0.0735476 1 725 0.329412 0.5 0 0
19820 0.0735476 0.916667 725.917 0.329412 0.5 0 0
19830 0.0735476 0.916667 725.917 0.329412 0.5 0 0
19840 0.0735315 0.833333 726.75 0.329412 0.5 0 0
19850 0.0735315 0.833333 726.75 0.329412 0.5 0 0
19860 0.0735272 1 727.75 0.329412 0.5 0 0
19870 0.0735272 1 727.75 0.329412 0.5 0 0
19880 0.0735272 1 728.75 0.329412 0.5 0 0
19890 0.0735272 1 728.75 0.329412 0.5 0 0
19900 0.0735272 0.916667 729.667 0.329412 0.5 0 0
19910 0.0735272 0.916667 729.667 0.329412 0.5 0 0
19920 0.0735272 1 730.667 0.329412 0.5 0 0
19930 0.0735272 1 730.667 0.329412 0.5 0 0
19940 0.0735272 1 731.667 0.329412 0.5 0 0
19950 0.0735272 1 731.667 0.329412 0.5 0 0
19960 0.0735256 0.916667 732.583 0.329412 0.5 0 0
19970 0.0735256 0.916667 732.583 0.329412 0.5 0 0
19980 0.0735241 0.916667 733.5 0.329412 0.5 0 0
19990 0.0735241 0.916667 733.5 0.329412 0.5 0 0
20000 0.0735238 0.916667 734.417 0.329412 0.5 0 0
20010 0.0735238 0.916667 734.417 0.329412 0.5 0 0
