0 0.0748468 0 0 0.5 0.5 0 0
10 0.0748468 0 0 0.635294 0.5 0 0
20 0.0720693 0 0 0.635294 0.5 0 0
30 0.0720693 0 0 0.654902 0.5 0 0
40 0.0720234 0 0 0.619608 0.5 0 0
50 0.0720234 0 0 0.619608 0.5 0 0
60 0.0713354 0.0833333 0.0833333 0.639216 0.5 0 0
70 0.0713354 0.0833333 0.0833333 0.615686 0.5 0 0
80 0.0708202 0.0833333 0.166667 0.619608 0.5 0 0
90 0.0708202 0.0833333 0.166667 0.639216 0.5 0 0
100 0.0710537 0.0833333 0.25 0.611765 0.5 0 0
110 0.0710537 0.0833333 0.25 0.654902 0.5 0 0
120 0.0710998 0.0833333 0.333333 0.619608 0.5 0 0
130 0.0710998 0.0833333 0.333333 0.615686 0.5 0 0
140 0.0711101 0.0833333 0.416667 0.643137 0.5 0 0
150 0.0711101 0.0833333 0.416667 0.635294 0.5 0 0
160 0.0710297 0 0.416667 0.596078 0.5 0 0
170 0.0710297 0 0.416667 0.654902 0.5 0 0
180 0.0707904 0 0.416667 0.643137 0.5 0 0
190 0.0707904 0 0.416667 0.588235 0.5 0 0
200 0.0704034 0 0.416667 0.603922 0.5 0 0
210 0.0704034 0 0.416667 0.619608 0.5 0 0
220 0.0701434 0 0.416667 0.603922 0.5 0 0
230 0.0701434 0 0.416667 0.654902 0.5 0 0
240 0.0700465 0 0.416667 0.635294 0.5 0 0
250 0.0700465 0 0.416667 0.615686 0.5 0 0
260 0.0700227 0 0.416667 0.596078 0.5 0 0
270 0.0700227 0 0.416667 0.611765 0.5 0 0
280 0.0699645 0 0.416667 0.619608 0.5 0 0
290 0.0699645 0 0.416667 0.639216 0.5 0 0
300 0.0698969 0 0.416667 0.603922 0.5 0 0
310 0.0698969 0 0.416667 0.580392 0.5 0 0
320 0.0698058 0 0.416667 0.596078 0.5 0 0
330 0.0698058 0 0.416667 0.611765 0.5 0 0
340 0.0697084 0 0.416667 0.643137 0.5 0 0
350 0.0697084 0 0.416667 0.603922 0.5 0 0
360 0.0696628 0 0.416667 0.643137 0.5 0 0
370 0.0696628 0 0.416667 0.607843 0.5 0 0
380 0.0696583 0 0.416667 0.639216 0.5 0 0
390 0.0696583 0 0.416667 0.654902 0.5 0 0
400 0.06965 0 0.416667 0.619608 0.5 0 0
410 0.06965 0 0.416667 0.603922 0.5 0 0
420 0.06965 0 0.416667 0.619608 0.5 0 0
430 0.06965 0 0.416667 0.635294 0.5 0 0
440 0.0696459 0 0.416667 0.611765 0.5 0 0
450 0.0696459 0 0.416667 0.745098 0.5 0 0
460 0.0696456 0 0.416667 0.607843 0.5 0 0
470 0.0696456 0 0.416667 0.654902 0.5 0 0
480 0.0696456 0 0.416667 0.639216 0.5 0 0
490 0.0696456 0 0.416667 0.615686 0.5 0 0
500 0.0696456 0 0.416667 0.654902 0.5 0 0
510 0.0696456 0 0.416667 0.635294 0.5 0 0
520 0.0696391 0 0.416667 0.635294 0.5 0 0
530 0.0696391 0 0.416667 0.619608 0.5 0 0
540 0.0696391 0 0.416667 0.6 0.5 0 0
550 0.0696391 0 0.416667 0.588235 0.5 0 0
560 0.0696433 0 0.416667 0.603922 0.5 0 0
570 0.0696433 0 0.416667 0.654902 0.5 0 0
580 0.0695959 0 0.416667 0.635294 0.5 0 0
590 0.0695959 0 0.416667 0.596078 0.5 0 0
600 0.0696024 0.0833333 0.5 0.576471 0.5 0 0
610 0.0696024 0.0833333 0.5 0.635294 0.5 0 0
620 0.0696534 0.0833333 0.583333 0.619608 0.5 0 0
630 0.0696534 0.0833333 0.583333 0.654902 0.5 0 0
640 0.0696928 0.0833333 0.666667 0.654902 0.5 0 0
650 0.0696928 0.0833333 0.666667 0.654902 0.5 0 0
660 0.0697233 0.0833333 0.75 0.619608 0.5 0 0
670 0.0697233 0.0833333 0.75 0.576471 0.5 0 0
680 0.0697476 0.0833333 0.833333 0.6 0.5 0 0
690 0.0697476 0.0833333 0.833333 0.745098 0.5 0 0
700 0.069932 0 0.833333 0.619608 0.5 0 0
710 0.069932 0 0.833333 0.654902 0.5 0 0
720 0.0704162 0 0.833333 0.635294 0.5 0 0
730 0.0704162 0 0.833333 0.588235 0.5 0 0
740 0.0706655 0 0.833333 0.54902 0.5 0 0
750 0.0706655 0 0.833333 0.52549 0.5 0 0
760 0.0710668 0 0.833333 0.513725 0.5 0 0
770 0.0710668 0 0.833333 0.498039 0.5 0 0
780 0.0716315 0 0.833333 0.482353 0.5 0 0
790 0.0716315 0 0.833333 0.478431 0.5 0 0
800 0.0725168 0 0.833333 0.47451 0.5 0 0
810 0.0725168 0 0.833333 0.478431 0.5 0 0
820 0.0728955 0 0.833333 0.47451 0.5 0 0
830 0.0728955 0 0.833333 0.478431 0.5 0 0
840 0.0732664 0 0.833333 0.47451 0.5 0 0
850 0.0732664 0 0.833333 0.47451 0.5 0 0
860 0.0735447 0 0.833333 0.47451 0.5 0 0
870 0.0735447 0 0.833333 0.470588 0.5 0 0
880 0.0739777 0 0.833333 0.470588 0.5 0 0
890 0.0739777 0 0.833333 0.470588 0.5 0 0
900 0.0742415 0 0.833333 0.470588 0.5 0 0
910 0.0742415 0 0.833333 0.466667 0.5 0 0
920 0.0742504 0 0.833333 0.466667 0.5 0 0
930 0.0742504 0 0.833333 0.470588 0.5 0 0
940 0.0742504 0 0.833333 0.470588 0.5 0 0
950 0.0742504 0 0.833333 0.47451 0.5 0 0
960 0.0742504 0 0.833333 0.47451 0.5 0 0
970 0.0742504 0 0.833333 0.470588 0.5 0 0
980 0.0742492 0 0.833333 0.470588 0.5 0 0
990 0.0742492 0 0.833333 0.470588 0.5 0 0
1000 0.0742469 0 0.833333 0.47451 0.5 0 0
1010 0.0742469 0 0.833333 0.466667 0.5 0 0
1020 0.0742469 0 0.833333 0.466667 0.5 0 0
1030 0.0742469 0 0.833333 0.47451 0.5 0 0
1040 0.0742469 0 0.833333 0.470588 0.5 0 0
1050 0.0742469 0 0.833333 0.470588 0.5 0 0
1060 0.0742228 0 0.833333 0.470588 0.5 0 0
1070 0.0742228 0 0.833333 0.470588 0.5 0 0
1080 0.074214 0 0.833333 0.47451 0.5 0 0
1090 0.074214 0 0.833333 0.470588 0.5 0 0
1100 0.0743392 0 0.833333 0.466667 0.5 0 0
1110 0.0743392 0 0.833333 0.45098 0.5 0 0
1120 0.0748619 0 0.833333 0.45098 0.5 0 0
1130 0.0748619 0 0.833333 0.45098 0.5 0 0
1140 0.0752709 0 0.833333 0.45098 0.5 0 0
1150 0.0752709 0 0.833333 0.45098 0.5 0 0
1160 0.0753756 0 0.833333 0.45098 0.5 0 0
1170 0.0753756 0 0.833333 0.45098 0.5 0 0
1180 0.0757427 0 0.833333 0.45098 0.5 0 0
1190 0.0757427 0 0.833333 0.45098 0.5 0 0
1200 0.076304 0 0.833333 0.45098 0.5 0 0
1210 0.076304 0 0.833333 0.45098 0.5 0 0
1220 0.0764002 0 0.833333 0.454902 0.5 0 0
1230 0.0764002 0 0.833333 0.45098 0.5 0 0
1240 0.0764866 0 0.833333 0.45098 0.5 0 0
1250 0.0764866 0 0.833333 0.447059 0.5 0 0
1260 0.0769359 0 0.833333 0.443137 0.5 0 0
1270 0.0769359 0 0.833333 0.443137 0.5 0 0
1280 0.0772291 0 0.833333 0.439216 0.5 0 0
1290 0.0772291 0 0.833333 0.435294 0.5 0 0
1300 0.0782048 0 0.833333 0.435294 0.5 0 0
1310 0.0782048 0 0.833333 0.431373 0.5 0 0
1320 0.0794856 0 0.833333 0.435294 0.5 0 0
1330 0.0794856 0 0.833333 0.431373 0.5 0 0
1340 0.0804873 0 0.833333 0.431373 0.5 0 0
1350 0.0804873 0 0.833333 0.431373 0.5 0 0
1360 0.0809705 0 0.833333 0.427451 0.5 0 0
1370 0.0809705 0 0.833333 0.427451 0.5 0 0
1380 0.0810747 0 0.833333 0.419608 0.5 0 0
1390 0.0810747 0 0.833333 0.415686 0.5 0 0
1400 0.0807817 0 0.833333 0.415686 0.5 0 0
1410 0.0807817 0 0.833333 0.415686 0.5 0 0
1420 0.0809341 0 0.833333 0.411765 0.5 0 0
1430 0.0809341 0 0.833333 0.407843 0.5 0 0
1440 0.0815449 0 0.833333 0.407843 0.5 0 0
1450 0.0815449 0 0.833333 0.407843 0.5 0 0
1460 0.0823802 0 0.833333 0.403922 0.5 0 0
1470 0.0823802 0 0.833333 0.4 0.5 0 0
1480 0.0828071 0 0.833333 0.4 0.5 0 0
1490 0.0828071 0 0.833333 0.4 0.5 0 0
1500 0.0829049 0 0.833333 0.4 0.5 0 0
1510 0.0829049 0 0.833333 0.4 0.5 0 0
1520 0.0830642 0 0.833333 0.4 0.5 0 0
1530 0.0830642 0 0.833333 0.396078 0.5 0 0
1540 0.0833175 0 0.833333 0.396078 0.5 0 0
1550 0.0833175 0 0.833333 0.396078 0.5 0 0
1560 0.0838698 0 0.833333 0.396078 0.5 0 0
1570 0.0838698 0 0.833333 0.392157 0.5 0 0
1580 0.0843648 0 0.833333 0.388235 0.5 0 0
1590 0.0843648 0 0.833333 0.388235 0.5 0 0
1600 0.0844521 0 0.833333 0.388235 0.5 0 0
1610 0.0844521 0 0.833333 0.384314 0.5 0 0
1620 0.0844353 0 0.833333 0.384314 0.5 0 0
1630 0.0844353 0 0.833333 0.380392 0.5 0 0
1640 0.0842833 0 0.833333 0.376471 0.5 0 0
1650 0.0842833 0 0.833333 0.376471 0.5 0 0
1660 0.0834119 0 0.833333 0.376471 0.5 0 0
1670 0.0834119 0 0.833333 0.376471 0.5 0 0
1680 0.0833075 0 0.833333 0.372549 0.5 0 0
1690 0.0833075 0 0.833333 0.372549 0.5 0 0
1700 0.0831963 0 0.833333 0.372549 0.5 0 0
1710 0.0831963 0 0.833333 0.368627 0.5 0 0
1720 0.084327 0 0.833333 0.368627 0.5 0 0
1730 0.084327 0 0.833333 0.368627 0.5 0 0
1740 0.0854585 0 0.833333 0.368627 0.5 0 0
1750 0.0854585 0 0.833333 0.368627 0.5 0 0
1760 0.0855655 0 0.833333 0.372549 0.5 0 0
1770 0.0855655 0 0.833333 0.372549 0.5 0 0
1780 0.0851875 0 0.833333 0.368627 0.5 0 0
1790 0.0851875 0 0.833333 0.368627 0.5 0 0
1800 0.0850489 0 0.833333 0.368627 0.5 0 0
1810 0.0850489 0 0.833333 0.364706 0.5 0 0
1820 0.0847643 0 0.833333 0.364706 0.5 0 0
1830 0.0847643 0 0.833333 0.364706 0.5 0 0
1840 0.0842472 0 0.833333 0.364706 0.5 0 0
1850 0.0842472 0 0.833333 0.360784 0.5 0 0
1860 0.083801 0 0.833333 0.360784 0.5 0 0
1870 0.083801 0 0.833333 0.360784 0.5 0 0
1880 0.0829633 0 0.833333 0.356863 0.5 0 0
1890 0.0829633 0 0.833333 0.356863 0.5 0 0
1900 0.0819697 0.166667 1 0.356863 0.5 0 0
1910 0.0819697 0.166667 1 0.356863 0.5 0 0
1920 0.0814691 0.166667 1.16667 0.356863 0.5 0 0
1930 0.0814691 0.166667 1.16667 0.356863 0.5 0 0
1940 0.081477 0.166667 1.33333 0.356863 0.5 0 0
1950 0.081477 0.166667 1.33333 0.356863 0.5 0 0
1960 0.0815375 0.166667 1.5 0.356863 0.5 0 0
1970 0.0815375 0.166667 1.5 0.356863 0.5 0 0
1980 0.0815595 0.166667 1.66667 0.356863 0.5 0 0
1990 0.0815595 0.166667 1.66667 0.352941 0.5 0 0
2000 0.0815662 0.166667 1.83333 0.352941 0.5 0 0
2010 0.0815662 0.166667 1.83333 0.352941 0.5 0 0
2020 0.0819593 0 1.83333 0.352941 0.5 0 0
2030 0.0819593 0 1.83333 0.34902 0.5 0 0
2040 0.082389 0 1.83333 0.34902 0.5 0 0
2050 0.082389 0 1.83333 0.34902 0.5 0 0
2060 0.0819993 0 1.83333 0.352941 0.5 0 0
2070 0.0819993 0 1.83333 0.345098 0.5 0 0
2080 0.0819621 0 1.83333 0.352941 0.5 0 0
2090 0.0819621 0 1.83333 0.352941 0.5 0 0
2100 0.0819723 0 1.83333 0.352941 0.5 0 0
2110 0.0819723 0 1.83333 0.356863 0.5 0 0
2120 0.0819697 0 1.83333 0.356863 0.5 0 0
2130 0.0819697 0 1.83333 0.356863 0.5 0 0
2140 0.0811968 0 1.83333 0.352941 0.5 0 0
2150 0.0811968 0 1.83333 0.34902 0.5 0 0
2160 0.0804075 0 1.83333 0.345098 0.5 0 0
2170 0.0804075 0 1.83333 0.341176 0.5 0 0
2180 0.0789418 0.166667 2 0.341176 0.5 0 0
2190 0.0789418 0.166667 2 0.341176 0.5 0 0
2200 0.0770781 0.166667 2.16667 0.345098 0.5 0 0
2210 0.0770781 0.166667 2.16667 0.341176 0.5 0 0
2220 0.0767916 0.166667 2.33333 0.341176 0.5 0 0
2230 0.0767916 0.166667 2.33333 0.341176 0.5 0 0
2240 0.0764902 0.166667 2.5 0.341176 0.5 0 0
2250 0.0764902 0.166667 2.5 0.341176 0.5 0 0
2260 0.0763379 0.166667 2.66667 0.341176 0.5 0 0
2270 0.0763379 0.166667 2.66667 0.341176 0.5 0 0
2280 0.0763534 0.166667 2.83333 0.341176 0.5 0 0
2290 0.0763534 0.166667 2.83333 0.341176 0.5 0 0
2300 0.0762203 0.166667 3 0.341176 0.5 0 0
2310 0.0762203 0.166667 3 0.341176 0.5 0 0
2320 0.0762758 0.166667 3.16667 0.341176 0.5 0 0
2330 0.0762758 0.166667 3.16667 0.341176 0.5 0 0
2340 0.0763824 0.166667 3.33333 0.341176 0.5 0 0
2350 0.0763824 0.166667 3.33333 0.341176 0.5 0 0
2360 0.0764914 0.166667 3.5 0.337255 0.5 0 0
2370 0.0764914 0.166667 3.5 0.337255 0.5 0 0
2380 0.0765935 0.166667 3.66667 0.337255 0.5 0 0
2390 0.0765935 0.166667 3.66667 0.337255 0.5 0 0
2400 0.0772061 0 3.66667 0.337255 0.5 0 0
2410 0.0772061 0 3.66667 0.333333 0.5 0 0
2420 0.0779093 0 3.66667 0.337255 0.5 0 0
2430 0.0779093 0 3.66667 0.333333 0.5 0 0
2440 0.0783573 0 3.66667 0.333333 0.5 0 0
2450 0.0783573 0 3.66667 0.337255 0.5 0 0
2460 0.0780846 0 3.66667 0.345098 0.5 0 0
2470 0.0780846 0 3.66667 0.345098 0.5 0 0
2480 0.077715 0 3.66667 0.345098 0.5 0 0
2490 0.077715 0 3.66667 0.34902 0.5 0 0
2500 0.0773659 0 3.66667 0.34902 0.5 0 0
2510 0.0773659 0 3.66667 0.345098 0.5 0 0
2520 0.0762046 0 3.66667 0.345098 0.5 0 0
2530 0.0762046 0 3.66667 0.337255 0.5 0 0
2540 0.0749147 0 3.66667 0.337255 0.5 0 0
2550 0.0749147 0 3.66667 0.329412 0.5 0 0
2560 0.0735928 0 3.66667 0.329412 0.5 0 0
2570 0.0735928 0 3.66667 0.329412 0.5 0 0
2580 0.0725829 0 3.66667 0.329412 0.5 0 0
2590 0.0725829 0 3.66667 0.333333 0.5 0 0
2600 0.0723969 0 3.66667 0.329412 0.5 0 0
2610 0.0723969 0 3.66667 0.333333 0.5 0 0
2620 0.0724032 0 3.66667 0.333333 0.5 0 0
2630 0.0724032 0 3.66667 0.333333 0.5 0 0
2640 0.0723067 0 3.66667 0.329412 0.5 0 0
2650 0.0723067 0 3.66667 0.32549 0.5 0 0
2660 0.0714947 0 3.66667 0.321569 0.5 0 0
2670 0.0714947 0 3.66667 0.317647 0.5 0 0
2680 0.0707062 0 3.66667 0.317647 0.5 0 0
2690 0.0707062 0 3.66667 0.317647 0.5 0 0
2700 0.0699529 0 3.66667 0.317647 0.5 0 0
2710 0.0699529 0 3.66667 0.317647 0.5 0 0
2720 0.0695509 0 3.66667 0.317647 0.5 0 0
2730 0.0695509 0 3.66667 0.317647 0.5 0 0
2740 0.0691303 0 3.66667 0.317647 0.5 0 0
2750 0.0691303 0 3.66667 0.317647 0.5 0 0
2760 0.0687418 0 3.66667 0.317647 0.5 0 0
2770 0.0687418 0 3.66667 0.317647 0.5 0 0
2780 0.0687605 0 3.66667 0.317647 0.5 0 0
2790 0.0687605 0 3.66667 0.317647 0.5 0 0
2800 0.0687195 0 3.66667 0.317647 0.5 0 0
2810 0.0687195 0 3.66667 0.313725 0.5 0 0
2820 0.0692296 0 3.66667 0.317647 0.5 0 0
2830 0.0692296 0 3.66667 0.321569 0.5 0 0
2840 0.0696045 0 3.66667 0.321569 0.5 0 0
2850 0.0696045 0 3.66667 0.321569 0.5 0 0
2860 0.0696126 0 3.66667 0.32549 0.5 0 0
2870 0.0696126 0 3.66667 0.32549 0.5 0 0
2880 0.0695721 0 3.66667 0.32549 0.5 0 0
2890 0.0695721 0 3.66667 0.321569 0.5 0 0
2900 0.068772 0 3.66667 0.309804 0.5 0 0
2910 0.068772 0 3.66667 0.305882 0.5 0 0
2920 0.0679748 0 3.66667 0.305882 0.5 0 0
2930 0.0679748 0 3.66667 0.305882 0.5 0 0
2940 0.0677079 0 3.66667 0.305882 0.5 0 0
2950 0.0677079 0 3.66667 0.305882 0.5 0 0
2960 0.0670749 0 3.66667 0.305882 0.5 0 0
2970 0.0670749 0 3.66667 0.301961 0.5 0 0
2980 0.0665779 0 3.66667 0.309804 0.5 0 0
2990 0.0665779 0 3.66667 0.309804 0.5 0 0
3000 0.0657174 0 3.66667 0.305882 0.5 0 0
3010 0.0657174 0 3.66667 0.298039 0.5 0 0
3020 0.0647281 0 3.66667 0.294118 0.5 0 0
3030 0.0647281 0 3.66667 0.294118 0.5 0 0
3040 0.0636708 0 3.66667 0.317647 0.5 0 0
3050 0.0636708 0 3.66667 0.317647 0.5 0 0
3060 0.0632232 0 3.66667 0.317647 0.5 0 0
3070 0.0632232 0 3.66667 0.294118 0.5 0 0
3080 0.0640148 0 3.66667 0.294118 0.5 0 0
3090 0.0640148 0 3.66667 0.298039 0.5 0 0
3100 0.0649632 0 3.66667 0.298039 0.5 0 0
3110 0.0649632 0 3.66667 0.294118 0.5 0 0
3120 0.0643405 0.166667 3.83333 0.294118 0.5 0 0
3130 0.0643405 0.166667 3.83333 0.294118 0.5 0 0
3140 0.0639785 0.166667 4 0.294118 0.5 0 0
3150 0.0639785 0.166667 4 0.294118 0.5 0 0
3160 0.0636657 0.166667 4.16667 0.290196 0.5 0 0
3170 0.0636657 0.166667 4.16667 0.290196 0.5 0 0
3180 0.0634204 0.25 4.41667 0.290196 0.5 0 0
3190 0.0634204 0.25 4.41667 0.290196 0.5 0 0
3200 0.0631748 0.25 4.66667 0.290196 0.5 0 0
3210 0.0631748 0.25 4.66667 0.290196 0.5 0 0
3220 0.063017 0.333333 5 0.286275 0.5 0 0
3230 0.063017 0.333333 5 0.286275 0.5 0 0
3240 0.0629289 0.416667 5.41667 0.290196 0.5 0 0
3250 0.0629289 0.416667 5.41667 0.286275 0.5 0 0
3260 0.062806 0.416667 5.83333 0.290196 0.5 0 0
3270 0.062806 0.416667 5.83333 0.290196 0.5 0 0
3280 0.0626654 0.416667 6.25 0.286275 0.5 0 0
3290 0.0626654 0.416667 6.25 0.286275 0.5 0 0
3300 0.0625257 0.416667 6.66667 0.286275 0.5 0 0
3310 0.0625257 0.416667 6.66667 0.290196 0.5 0 0
3320 0.0622745 0.416667 7.08333 0.286275 0.5 0 0
3330 0.0622745 0.416667 7.08333 0.286275 0.5 0 0
3340 0.0618415 0.333333 7.41667 0.290196 0.5 0 0
3350 0.0618415 0.333333 7.41667 0.286275 0.5 0 0
3360 0.0615258 0.333333 7.75 0.290196 0.5 0 0
3370 0.0615258 0.333333 7.75 0.286275 0.5 0 0
3380 0.0615066 0.333333 8.08333 0.286275 0.5 0 0
3390 0.0615066 0.333333 8.08333 0.286275 0.5 0 0
3400 0.0614706 0.333333 8.41667 0.286275 0.5 0 0
3410 0.0614706 0.333333 8.41667 0.286275 0.5 0 0
3420 0.0607614 0.333333 8.75 0.282353 0.5 0 0
3430 0.0607614 0.333333 8.75 0.282353 0.5 0 0
3440 0.0606791 0.333333 9.08333 0.282353 0.5 0 0
3450 0.0606791 0.333333 9.08333 0.286275 0.5 0 0
3460 0.0606581 0.333333 9.41667 0.282353 0.5 0 0
3470 0.0606581 0.333333 9.41667 0.282353 0.5 0 0
3480 0.0606402 0.333333 9.75 0.282353 0.5 0 0
3490 0.0606402 0.333333 9.75 0.282353 0.5 0 0
3500 0.0606281 0.166667 9.91667 0.286275 0.5 0 0
3510 0.0606281 0.166667 9.91667 0.282353 0.5 0 0
3520 0.0602636 0.166667 10.0833 0.286275 0.5 0 0
3530 0.0602636 0.166667 10.0833 0.282353 0.5 0 0
3540 0.0599026 0.166667 10.25 0.282353 0.5 0 0
3550 0.0599026 0.166667 10.25 0.282353 0.5 0 0
3560 0.0599833 0.166667 10.4167 0.27451 0.5 0 0
3570 0.0599833 0.166667 10.4167 0.278431 0.5 0 0
3580 0.0596113 0.166667 10.5833 0.27451 0.5 0 0
3590 0.0596113 0.166667 10.5833 0.27451 0.5 0 0
3600 0.0594209 0.166667 10.75 0.278431 0.5 0 0
3610 0.0594209 0.166667 10.75 0.27451 0.5 0 0
3620 0.0590668 0.166667 10.9167 0.278431 0.5 0 0
3630 0.0590668 0.166667 10.9167 0.278431 0.5 0 0
3640 0.0580747 0.166667 11.0833 0.286275 0.5 0 0
3650 0.0580747 0.166667 11.0833 0.278431 0.5 0 0
3660 0.057947 0.166667 11.25 0.27451 0.5 0 0
3670 0.057947 0.166667 11.25 0.270588 0.5 0 0
3680 0.0579025 0.166667 11.4167 0.270588 0.5 0 0
3690 0.0579025 0.166667 11.4167 0.266667 0.5 0 0
3700 0.0580147 0.166667 11.5833 0.266667 0.5 0 0
3710 0.0580147 0.166667 11.5833 0.262745 0.5 0 0
3720 0.0579147 0.166667 11.75 0.266667 0.5 0 0
3730 0.0579147 0.166667 11.75 0.270588 0.5 0 0
3740 0.058418 0 11.75 0.282353 0.5 0 0
3750 0.058418 0 11.75 0.290196 0.5 0 0
3760 0.0586057 0 11.75 0.286275 0.5 0 0
3770 0.0586057 0 11.75 0.286275 0.5 0 0
3780 0.0586057 0.166667 11.9167 0.290196 0.5 0 0
3790 0.0586057 0.166667 11.9167 0.290196 0.5 0 0
3800 0.0586057 0.166667 12.0833 0.290196 0.5 0 0
3810 0.0586057 0.166667 12.0833 0.290196 0.5 0 0
3820 0.0586057 0.166667 12.25 0.290196 0.5 0 0
3830 0.0586057 0.166667 12.25 0.286275 0.5 0 0
3840 0.0586057 0.166667 12.4167 0.286275 0.5 0 0
3850 0.0586057 0.166667 12.4167 0.286275 0.5 0 0
3860 0.0582715 0.166667 12.5833 0.286275 0.5 0 0
3870 0.0582715 0.166667 12.5833 0.286275 0.5 0 0
3880 0.0574217 0.166667 12.75 0.270588 0.5 0 0
3890 0.0574217 0.166667 12.75 0.258824 0.5 0 0
3900 0.0566396 0.166667 12.9167 0.262745 0.5 0 0
3910 0.0566396 0.166667 12.9167 0.258824 0.5 0 0
3920 0.0562052 0.166667 13.0833 0.258824 0.5 0 0
3930 0.0562052 0.166667 13.0833 0.254902 0.5 0 0
3940 0.055375 0 13.0833 0.254902 0.5 0 0
3950 0.055375 0 13.0833 0.25098 0.5 0 0
3960 0.0544026 0.166667 13.25 0.25098 0.5 0 0
3970 0.0544026 0.166667 13.25 0.247059 0.5 0 0
3980 0.0537067 0.333333 13.5833 0.247059 0.5 0 0
3990 0.0537067 0.333333 13.5833 0.25098 0.5 0 0
4000 0.0531231 0.416667 14 0.25098 0.5 0 0
4010 0.0531231 0.416667 14 0.247059 0.5 0 0
4020 0.0530169 0.5 14.5 0.247059 0.5 0 0
4030 0.0530169 0.5 14.5 0.247059 0.5 0 0
4040 0.0530304 0.5 15 0.243137 0.5 0 0
4050 0.0530304 0.5 15 0.243137 0.5 0 0
4060 0.053055 0.5 15.5 0.247059 0.5 0 0
4070 0.053055 0.5 15.5 0.239216 0.5 0 0
4080 0.0531045 0.5 16 0.243137 0.5 0 0
4090 0.0531045 0.5 16 0.239216 0.5 0 0
4100 0.0531559 0.333333 16.3333 0.239216 0.5 0 0
4110 0.0531559 0.333333 16.3333 0.235294 0.5 0 0
4120 0.0531209 0.333333 16.6667 0.239216 0.5 0 0
4130 0.0531209 0.333333 16.6667 0.235294 0.5 0 0
4140 0.0531085 0.5 17.1667 0.235294 0.5 0 0
4150 0.0531085 0.5 17.1667 0.235294 0.5 0 0
4160 0.0530425 0.5 17.6667 0.239216 0.5 0 0
4170 0.0530425 0.5 17.6667 0.235294 0.5 0 0
4180 0.0529864 0.5 18.1667 0.239216 0.5 0 0
4190 0.0529864 0.5 18.1667 0.239216 0.5 0 0
4200 0.0529632 0.5 18.6667 0.235294 0.5 0 0
4210 0.0529632 0.5 18.6667 0.239216 0.5 0 0
4220 0.0529553 0.5 19.1667 0.239216 0.5 0 0
4230 0.0529553 0.5 19.1667 0.239216 0.5 0 0
4240 0.0528822 0.416667 19.5833 0.239216 0.5 0 0
4250 0.0528822 0.416667 19.5833 0.239216 0.5 0 0
4260 0.05256 0.416667 20 0.235294 0.5 0 0
4270 0.05256 0.416667 20 0.239216 0.5 0 0
4280 0.0525102 0.416667 20.4167 0.239216 0.5 0 0
4290 0.0525102 0.416667 20.4167 0.239216 0.5 0 0
4300 0.0520028 0.416667 20.8333 0.235294 0.5 0 0
4310 0.0520028 0.416667 20.8333 0.231373 0.5 0 0
4320 0.0511986 0.416667 21.25 0.231373 0.5 0 0
4330 0.0511986 0.416667 21.25 0.231373 0.5 0 0
4340 0.0505568 0.416667 21.6667 0.231373 0.5 0 0
4350 0.0505568 0.416667 21.6667 0.231373 0.5 0 0
4360 0.0504701 0.416667 22.0833 0.231373 0.5 0 0
4370 0.0504701 0.416667 22.0833 0.227451 0.5 0 0
4380 0.0503394 0.25 22.3333 0.227451 0.5 0 0
4390 0.0503394 0.25 22.3333 0.227451 0.5 0 0
4400 0.0501721 0.166667 22.5 0.219608 0.5 0 0
4410 0.0501721 0.166667 22.5 0.211765 0.5 0 0
4420 0.0492284 0.166667 22.6667 0.211765 0.5 0 0
4430 0.0492284 0.166667 22.6667 0.215686 0.5 0 0
4440 0.0485633 0.333333 23 0.219608 0.5 0 0
4450 0.0485633 0.333333 23 0.215686 0.5 0 0
4460 0.0482131 0.333333 23.3333 0.211765 0.5 0 0
4470 0.0482131 0.333333 23.3333 0.207843 0.5 0 0
4480 0.0475084 0.333333 23.6667 0.203922 0.5 0 0
4490 0.0475084 0.333333 23.6667 0.211765 0.5 0 0
4500 0.0466712 0.333333 24 0.223529 0.5 0 0
4510 0.0466712 0.333333 24 0.223529 0.5 0 0
4520 0.046551 0.333333 24.3333 0.223529 0.5 0 0
4530 0.046551 0.333333 24.3333 0.219608 0.5 0 0
4540 0.0464456 0.166667 24.5 0.223529 0.5 0 0
4550 0.0464456 0.166667 24.5 0.219608 0.5 0 0
4560 0.0463367 0.166667 24.6667 0.207843 0.5 0 0
4570 0.0463367 0.166667 24.6667 0.196078 0.5 0 0
4580 0.0471701 0.166667 24.8333 0.203922 0.5 0 0
4590 0.0471701 0.166667 24.8333 0.211765 0.5 0 0
4600 0.0470088 0 24.8333 0.203922 0.5 0 0
4610 0.0470088 0 24.8333 0.188235 0.5 0 0
4620 0.0451262 0.166667 25 0.188235 0.5 0 0
4630 0.0451262 0.166667 25 0.188235 0.5 0 0
4640 0.0443918 0.333333 25.3333 0.188235 0.5 0 0
4650 0.0443918 0.333333 25.3333 0.188235 0.5 0 0
4660 0.0440059 0.333333 25.6667 0.188235 0.5 0 0
4670 0.0440059 0.333333 25.6667 0.184314 0.5 0 0
4680 0.0436587 0.333333 26 0.184314 0.5 0 0
4690 0.0436587 0.333333 26 0.188235 0.5 0 0
4700 0.0435828 0.416667 26.4167 0.184314 0.5 0 0
4710 0.0435828 0.416667 26.4167 0.184314 0.5 0 0
4720 0.0435059 0.25 26.6667 0.184314 0.5 0 0
4730 0.0435059 0.25 26.6667 0.184314 0.5 0 0
4740 0.0434672 0.25 26.9167 0.184314 0.5 0 0
4750 0.0434672 0.25 26.9167 0.184314 0.5 0 0
4760 0.0433931 0.25 27.1667 0.188235 0.5 0 0
4770 0.0433931 0.25 27.1667 0.184314 0.5 0 0
4780 0.0430885 0.25 27.4167 0.192157 0.5 0 0
4790 0.0430885 0.25 27.4167 0.192157 0.5 0 0
4800 0.0426872 0.416667 27.8333 0.192157 0.5 0 0
4810 0.0426872 0.416667 27.8333 0.180392 0.5 0 0
4820 0.0418271 0.416667 28.25 0.180392 0.5 0 0
4830 0.0418271 0.416667 28.25 0.180392 0.5 0 0
4840 0.0410801 0.416667 28.6667 0.176471 0.5 0 0
4850 0.0410801 0.416667 28.6667 0.176471 0.5 0 0
4860 0.0408706 0.333333 29 0.172549 0.5 0 0
4870 0.0408706 0.333333 29 0.172549 0.5 0 0
4880 0.0408523 0.333333 29.3333 0.168627 0.5 0 0
4890 0.0408523 0.333333 29.3333 0.172549 0.5 0 0
4900 0.0407293 0.333333 29.6667 0.172549 0.5 0 0
4910 0.0407293 0.333333 29.6667 0.168627 0.5 0 0
4920 0.0404696 0 29.6667 0.164706 0.5 0 0
4930 0.0404696 0 29.6667 0.164706 0.5 0 0
4940 0.0396387 0.166667 29.8333 0.164706 0.5 0 0
4950 0.0396387 0.166667 29.8333 0.164706 0.5 0 0
4960 0.0393897 0.166667 30 0.160784 0.5 0 0
4970 0.0393897 0.166667 30 0.156863 0.5 0 0
4980 0.0391904 0.166667 30.1667 0.156863 0.5 0 0
4990 0.0391904 0.166667 30.1667 0.152941 0.5 0 0
5000 0.0385567 0.333333 30.5 0.152941 0.5 0 0
5010 0.0385567 0.333333 30.5 0.152941 0.5 0 0
5020 0.0380696 0.583333 31.0833 0.152941 0.5 0 0
5030 0.0380696 0.583333 31.0833 0.152941 0.5 0 0
5040 0.0377277 0.666667 31.75 0.152941 0.5 0 0
5050 0.0377277 0.666667 31.75 0.152941 0.5 0 0
5060 0.0373908 0.583333 32.3333 0.152941 0.5 0 0
5070 0.0373908 0.583333 32.3333 0.14902 0.5 0 0
5080 0.0370246 0.75 33.0833 0.14902 0.5 0 0
5090 0.0370246 0.75 33.0833 0.152941 0.5 0 0
5100 0.0363333 0.75 33.8333 0.152941 0.5 0 0
5110 0.0363333 0.75 33.8333 0.152941 0.5 0 0
5120 0.0362395 0.75 34.5833 0.152941 0.5 0 0
5130 0.0362395 0.75 34.5833 0.152941 0.5 0 0
5140 0.0358307 0.75 35.3333 0.14902 0.5 0 0
5150 0.0358307 0.75 35.3333 0.141176 0.5 0 0
5160 0.0347984 0.75 36.0833 0.137255 0.5 0 0
5170 0.0347984 0.75 36.0833 0.141176 0.5 0 0
5180 0.0342052 0.666667 36.75 0.141176 0.5 0 0
5190 0.0342052 0.666667 36.75 0.141176 0.5 0 0
5200 0.03415 0.5 37.25 0.141176 0.5 0 0
5210 0.03415 0.5 37.25 0.141176 0.5 0 0
5220 0.0344755 0.5 37.75 0.141176 0.5 0 0
5230 0.0344755 0.5 37.75 0.137255 0.5 0 0
5240 0.0345729 0.5 38.25 0.141176 0.5 0 0
5250 0.0345729 0.5 38.25 0.141176 0.5 0 0
5260 0.034183 0.5 38.75 0.145098 0.5 0 0
5270 0.034183 0.5 38.75 0.141176 0.5 0 0
5280 0.0338502 0.5 39.25 0.145098 0.5 0 0
5290 0.0338502 0.5 39.25 0.141176 0.5 0 0
5300 0.0335767 0.416667 39.6667 0.137255 0.5 0 0
5310 0.0335767 0.416667 39.6667 0.133333 0.5 0 0
5320 0.032684 0.416667 40.0833 0.129412 0.5 0 0
5330 0.032684 0.416667 40.0833 0.129412 0.5 0 0
5340 0.0319123 0.416667 40.5 0.129412 0.5 0 0
5350 0.0319123 0.416667 40.5 0.133333 0.5 0 0
5360 0.0316476 0.416667 40.9167 0.137255 0.5 0 0
5370 0.0316476 0.416667 40.9167 0.133333 0.5 0 0
5380 0.0316644 0.416667 41.3333 0.133333 0.5 0 0
5390 0.0316644 0.416667 41.3333 0.129412 0.5 0 0
5400 0.0311835 0.416667 41.75 0.121569 0.5 0 0
5410 0.0311835 0.416667 41.75 0.121569 0.5 0 0
5420 0.0303759 0.5 42.25 0.12549 0.5 0 0
5430 0.0303759 0.5 42.25 0.12549 0.5 0 0
5440 0.0296349 0.5 42.75 0.12549 0.5 0 0
5450 0.0296349 0.5 42.75 0.121569 0.5 0 0
5460 0.0291826 0.416667 43.1667 0.117647 0.5 0 0
5470 0.0291826 0.416667 43.1667 0.109804 0.5 0 0
5480 0.0283621 0.5 43.6667 0.109804 0.5 0 0
5490 0.0283621 0.5 43.6667 0.113725 0.5 0 0
5500 0.0273913 0.666667 44.3333 0.113725 0.5 0 0
5510 0.0273913 0.666667 44.3333 0.109804 0.5 0 0
5520 0.0270688 0.666667 45 0.109804 0.5 0 0
5530 0.0270688 0.666667 45 0.109804 0.5 0 0
5540 0.0267249 0.666667 45.6667 0.109804 0.5 0 0
5550 0.0267249 0.666667 45.6667 0.109804 0.5 0 0
5560 0.0264061 0.666667 46.3333 0.109804 0.5 0 0
5570 0.0264061 0.666667 46.3333 0.109804 0.5 0 0
5580 0.0263104 0.75 47.0833 0.109804 0.5 0 0
5590 0.0263104 0.75 47.0833 0.109804 0.5 0 0
5600 0.0263029 0.583333 47.6667 0.109804 0.5 0 0
5610 0.0263029 0.583333 47.6667 0.109804 0.5 0 0
5620 0.0254258 0.583333 48.25 0.105882 0.5 0 0
5630 0.0254258 0.583333 48.25 0.101961 0.5 0 0
5640 0.0246222 0.666667 48.9167 0.101961 0.5 0 0
5650 0.0246222 0.666667 48.9167 0.0980392 0.5 0 0
5660 0.0239782 0.666667 49.5833 0.101961 0.5 0 0
5670 0.0239782 0.666667 49.5833 0.0980392 0.5 0 0
5680 0.0229525 0.666667 50.25 0.0980392 0.5 0 0
5690 0.0229525 0.666667 50.25 0.0941176 0.5 0 0
5700 0.0220473 0.666667 50.9167 0.0941176 0.5 0 0
5710 0.0220473 0.666667 50.9167 0.0941176 0.5 0 0
5720 0.0211942 0.75 51.6667 0.0941176 0.5 0 0
5730 0.0211942 0.75 51.6667 0.0941176 0.5 0 0
5740 0.0204611 0.75 52.4167 0.0941176 0.5 0 0
5750 0.0204611 0.75 52.4167 0.0941176 0.5 0 0
5760 0.020172 0.75 53.1667 0.0941176 0.5 0 0
5770 0.020172 0.75 53.1667 0.0941176 0.5 0 0
5780 0.0201598 0.75 53.9167 0.0941176 0.5 0 0
5790 0.0201598 0.75 53.9167 0.0941176 0.5 0 0
5800 0.0201442 0.75 54.6667 0.0941176 0.5 0 0
5810 0.0201442 0.75 54.6667 0.0941176 0.5 0 0
5820 0.0201242 0.75 55.4167 0.0941176 0.5 0 0
5830 0.0201242 0.75 55.4167 0.0941176 0.5 0 0
5840 0.0201127 0.75 56.1667 0.0941176 0.5 0 0
5850 0.0201127 0.75 56.1667 0.0941176 0.5 0 0
5860 0.0201004 0.75 56.9167 0.0941176 0.5 0 0
5870 0.0201004 0.75 56.9167 0.0941176 0.5 0 0
5880 0.0200907 0.75 57.6667 0.0980392 0.5 0 0
5890 0.0200907 0.75 57.6667 0.0941176 0.5 0 0
5900 0.0200823 0.666667 58.3333 0.0941176 0.5 0 0
5910 0.0200823 0.666667 58.3333 0.0941176 0.5 0 0
5920 0.0200725 0.583333 58.9167 0.0941176 0.5 0 0
5930 0.0200725 0.583333 58.9167 0.0941176 0.5 0 0
5940 0.0200031 0.583333 59.5 0.0941176 0.5 0 0
5950 0.0200031 0.583333 59.5 0.0941176 0.5 0 0
5960 0.0199683 0.583333 60.0833 0.0941176 0.5 0 0
5970 0.0199683 0.583333 60.0833 0.0941176 0.5 0 0
5980 0.0199608 0.583333 60.6667 0.0941176 0.5 0 0
5990 0.0199608 0.583333 60.6667 0.0941176 0.5 0 0
6000 0.0199527 0.583333 61.25 0.0941176 0.5 0 0
6010 0.0199527 0.583333 61.25 0.0941176 0.5 0 0
6020 0.0200397 0.583333 61.8333 0.0980392 0.5 0 0
6030 0.0200397 0.583333 61.8333 0.0980392 0.5 0 0
6040 0.0199779 0.416667 62.25 0.0980392 0.5 0 0
6050 0.0199779 0.416667 62.25 0.0980392 0.5 0 0
6060 0.0202672 0.333333 62.5833 0.0941176 0.5 0 0
6070 0.0202672 0.333333 62.5833 0.0980392 0.5 0 0
6080 0.0202654 0.25 62.8333 0.0980392 0.5 0 0
6090 0.0202654 0.25 62.8333 0.0980392 0.5 0 0
6100 0.0202208 0.25 63.0833 0.0980392 0.5 0 0
6110 0.0202208 0.25 63.0833 0.0980392 0.5 0 0
6120 0.0200691 0.25 63.3333 0.0980392 0.5 0 0
6130 0.0200691 0.25 63.3333 0.0980392 0.5 0 0
6140 0.0197406 0.25 63.5833 0.101961 0.5 0 0
6150 0.0197406 0.25 63.5833 0.0980392 0.5 0 0
6160 0.0195573 0.25 63.8333 0.0980392 0.5 0 0
6170 0.0195573 0.25 63.8333 0.0941176 0.5 0 0
6180 0.0191998 0.166667 64 0.0941176 0.5 0 0
6190 0.0191998 0.166667 64 0.0941176 0.5 0 0
6200 0.0187782 0.166667 64.1667 0.0901961 0.5 0 0
6210 0.0187782 0.166667 64.1667 0.0862745 0.5 0 0
6220 0.0182582 0.75 64.9167 0.0862745 0.5 0 0
6230 0.0182582 0.75 64.9167 0.0862745 0.5 0 0
6240 0.0177802 0.833333 65.75 0.0862745 0.5 0 0
6250 0.0177802 0.833333 65.75 0.0862745 0.5 0 0
6260 0.0174847 0.833333 66.5833 0.0862745 0.5 0 0
6270 0.0174847 0.833333 66.5833 0.0901961 0.5 0 0
6280 0.0173981 0.833333 67.4167 0.0862745 0.5 0 0
6290 0.0173981 0.833333 67.4167 0.0901961 0.5 0 0
6300 0.0173262 0.833333 68.25 0.0901961 0.5 0 0
6310 0.0173262 0.833333 68.25 0.0901961 0.5 0 0
6320 0.0172999 0.833333 69.0833 0.0862745 0.5 0 0
6330 0.0172999 0.833333 69.0833 0.0901961 0.5 0 0
6340 0.0173058 0.833333 69.9167 0.0901961 0.5 0 0
6350 0.0173058 0.833333 69.9167 0.0901961 0.5 0 0
6360 0.0172715 0.583333 70.5 0.0901961 0.5 0 0
6370 0.0172715 0.583333 70.5 0.0901961 0.5 0 0
6380 0.0172505 0.75 71.25 0.0901961 0.5 0 0
6390 0.0172505 0.75 71.25 0.0901961 0.5 0 0
6400 0.0171604 0.75 72 0.0901961 0.5 0 0
6410 0.0171604 0.75 72 0.0862745 0.5 0 0
6420 0.016825 0.75 72.75 0.0823529 0.5 0 0
6430 0.016825 0.75 72.75 0.0823529 0.5 0 0
6440 0.0162685 0.833333 73.5833 0.0823529 0.5 0 0
6450 0.0162685 0.833333 73.5833 0.0823529 0.5 0 0
6460 0.0162023 0.833333 74.4167 0.0823529 0.5 0 0
6470 0.0162023 0.833333 74.4167 0.0823529 0.5 0 0
6480 0.0160846 0.833333 75.25 0.0823529 0.5 0 0
6490 0.0160846 0.833333 75.25 0.0823529 0.5 0 0
6500 0.0160415 0.75 76 0.0823529 0.5 0 0
6510 0.0160415 0.75 76 0.0823529 0.5 0 0
6520 0.0159325 0.583333 76.5833 0.0823529 0.5 0 0
6530 0.0159325 0.583333 76.5833 0.0823529 0.5 0 0
6540 0.0158401 0.75 77.3333 0.0823529 0.5 0 0
6550 0.0158401 0.75 77.3333 0.0823529 0.5 0 0
6560 0.0158222 0.75 78.0833 0.0823529 0.5 0 0
6570 0.0158222 0.75 78.0833 0.0823529 0.5 0 0
6580 0.0158052 0.75 78.8333 0.0823529 0.5 0 0
6590 0.0158052 0.75 78.8333 0.0823529 0.5 0 0
6600 0.0157632 0.75 79.5833 0.0823529 0.5 0 0
6610 0.0157632 0.75 79.5833 0.0823529 0.5 0 0
6620 0.0157194 0.75 80.3333 0.0823529 0.5 0 0
6630 0.0157194 0.75 80.3333 0.0823529 0.5 0 0
6640 0.0156773 0.666667 81 0.0823529 0.5 0 0
6650 0.0156773 0.666667 81 0.0784314 0.5 0 0
6660 0.0156501 0.666667 81.6667 0.0823529 0.5 0 0
6670 0.0156501 0.666667 81.6667 0.0823529 0.5 0 0
6680 0.015618 0.75 82.4167 0.0784314 0.5 0 0
6690 0.015618 0.75 82.4167 0.0823529 0.5 0 0
6700 0.0155939 0.833333 83.25 0.0823529 0.5 0 0
6710 0.0155939 0.833333 83.25 0.0823529 0.5 0 0
6720 0.0155693 0.833333 84.0833 0.0823529 0.5 0 0
6730 0.0155693 0.833333 84.0833 0.0823529 0.5 0 0
6740 0.0155436 0.833333 84.9167 0.0823529 0.5 0 0
6750 0.0155436 0.833333 84.9167 0.0784314 0.5 0 0
6760 0.0155246 0.916667 85.8333 0.0784314 0.5 0 0
6770 0.0155246 0.916667 85.8333 0.0784314 0.5 0 0
6780 0.0155095 0.916667 86.75 0.0784314 0.5 0 0
6790 0.0155095 0.916667 86.75 0.0784314 0.5 0 0
6800 0.015467 0.583333 87.3333 0.0784314 0.5 0 0
6810 0.015467 0.583333 87.3333 0.0823529 0.5 0 0
6820 0.0154492 0.666667 88 0.0823529 0.5 0 0
6830 0.0154492 0.666667 88 0.0823529 0.5 0 0
6840 0.0154285 0.666667 88.6667 0.0823529 0.5 0 0
6850 0.0154285 0.666667 88.6667 0.0784314 0.5 0 0
6860 0.0154104 0.583333 89.25 0.0784314 0.5 0 0
6870 0.0154104 0.583333 89.25 0.0784314 0.5 0 0
6880 0.0153898 0.666667 89.9167 0.0823529 0.5 0 0
6890 0.0153898 0.666667 89.9167 0.0784314 0.5 0 0
6900 0.015375 0.666667 90.5833 0.0784314 0.5 0 0
6910 0.015375 0.666667 90.5833 0.0784314 0.5 0 0
6920 0.0153469 0.666667 91.25 0.0784314 0.5 0 0
6930 0.0153469 0.666667 91.25 0.0784314 0.5 0 0
6940 0.0153166 0.666667 91.9167 0.0784314 0.5 0 0
6950 0.0153166 0.666667 91.9167 0.0784314 0.5 0 0
6960 0.015299 0.666667 92.5833 0.0784314 0.5 0 0
6970 0.015299 0.666667 92.5833 0.0784314 0.5 0 0
6980 0.0152762 0.583333 93.1667 0.0823529 0.5 0 0
6990 0.0152762 0.583333 93.1667 0.0823529 0.5 0 0
7000 0.0153243 0.583333 93.75 0.0823529 0.5 0 0
7010 0.0153243 0.583333 93.75 0.0823529 0.5 0 0
7020 0.0153293 0.583333 94.3333 0.0823529 0.5 0 0
7030 0.0153293 0.583333 94.3333 0.0823529 0.5 0 0
7040 0.0154677 0.5 94.8333 0.0823529 0.5 0 0
7050 0.0154677 0.5 94.8333 0.0862745 0.5 0 0
7060 0.01554 0.5 95.3333 0.0862745 0.5 0 0
7070 0.01554 0.5 95.3333 0.0862745 0.5 0 0
7080 0.0153975 0.5 95.8333 0.0862745 0.5 0 0
7090 0.0153975 0.5 95.8333 0.0862745 0.5 0 0
7100 0.0149827 0.333333 96.1667 0.0823529 0.5 0 0
7110 0.0149827 0.333333 96.1667 0.0823529 0.5 0 0
7120 0.014652 0.5 96.6667 0.0784314 0.5 0 0
7130 0.014652 0.5 96.6667 0.0784314 0.5 0 0
7140 0.0145589 0.5 97.1667 0.0823529 0.5 0 0
7150 0.0145589 0.5 97.1667 0.0784314 0.5 0 0
7160 0.0144617 0.666667 97.8333 0.0784314 0.5 0 0
7170 0.0144617 0.666667 97.8333 0.0784314 0.5 0 0
7180 0.0142464 0.75 98.5833 0.0784314 0.5 0 0
7190 0.0142464 0.75 98.5833 0.0784314 0.5 0 0
7200 0.014041 0.833333 99.4167 0.0784314 0.5 0 0
7210 0.014041 0.833333 99.4167 0.0784314 0.5 0 0
7220 0.01387 0.916667 100.333 0.0784314 0.5 0 0
7230 0.01387 0.916667 100.333 0.0784314 0.5 0 0
7240 0.0136766 0.916667 101.25 0.0745098 0.5 0 0
7250 0.0136766 0.916667 101.25 0.0784314 0.5 0 0
7260 0.0135682 1 102.25 0.0745098 0.5 0 0
7270 0.0135682 1 102.25 0.0784314 0.5 0 0
7280 0.0134651 1 103.25 0.0745098 0.5 0 0
7290 0.0134651 1 103.25 0.0745098 0.5 0 0
7300 0.0133838 1 104.25 0.0745098 0.5 0 0
7310 0.0133838 1 104.25 0.0745098 0.5 0 0
7320 0.0133065 0.916667 105.167 0.0745098 0.5 0 0
7330 0.0133065 0.916667 105.167 0.0745098 0.5 0 0
7340 0.0132406 0.916667 106.083 0.0745098 0.5 0 0
7350 0.0132406 0.916667 106.083 0.0745098 0.5 0 0
7360 0.0131537 0.916667 107 0.0745098 0.5 0 0
7370 0.0131537 0.916667 107 0.0745098 0.5 0 0
7380 0.0129461 0.916667 107.917 0.0745098 0.5 0 0
7390 0.0129461 0.916667 107.917 0.0745098 0.5 0 0
7400 0.0127772 0.916667 108.833 0.0745098 0.5 0 0
7410 0.0127772 0.916667 108.833 0.0745098 0.5 0 0
7420 0.0126428 0.75 109.583 0.0745098 0.5 0 0
7430 0.0126428 0.75 109.583 0.0745098 0.5 0 0
7440 0.0125635 0.833333 110.417 0.0745098 0.5 0 0
7450 0.0125635 0.833333 110.417 0.0745098 0.5 0 0
7460 0.0125317 0.833333 111.25 0.0745098 0.5 0 0
7470 0.0125317 0.833333 111.25 0.0745098 0.5 0 0
7480 0.0124984 0.75 112 0.0745098 0.5 0 0
7490 0.0124984 0.75 112 0.0745098 0.5 0 0
7500 0.0124666 0.666667 112.667 0.0745098 0.5 0 0
7510 0.0124666 0.666667 112.667 0.0745098 0.5 0 0
7520 0.0124291 0.666667 113.333 0.0745098 0.5 0 0
7530 0.0124291 0.666667 113.333 0.0745098 0.5 0 0
7540 0.0123654 0.666667 114 0.0745098 0.5 0 0
7550 0.0123654 0.666667 114 0.0745098 0.5 0 0
7560 0.0123214 0.833333 114.833 0.0745098 0.5 0 0
7570 0.0123214 0.833333 114.833 0.0745098 0.5 0 0
7580 0.0123066 0.833333 115.667 0.0745098 0.5 0 0
7590 0.0123066 0.833333 115.667 0.0745098 0.5 0 0
7600 0.0122971 0.75 116.417 0.0745098 0.5 0 0
7610 0.0122971 0.75 116.417 0.0745098 0.5 0 0
7620 0.0122666 0.916667 117.333 0.0745098 0.5 0 0
7630 0.0122666 0.916667 117.333 0.0745098 0.5 0 0
7640 0.0122517 0.916667 118.25 0.0745098 0.5 0 0
7650 0.0122517 0.916667 118.25 0.0784314 0.5 0 0
7660 0.0122404 0.916667 119.167 0.0745098 0.5 0 0
7670 0.0122404 0.916667 119.167 0.0745098 0.5 0 0
7680 0.0122293 0.916667 120.083 0.0745098 0.5 0 0
7690 0.0122293 0.916667 120.083 0.0745098 0.5 0 0
7700 0.0122184 0.916667 121 0.0745098 0.5 0 0
7710 0.0122184 0.916667 121 0.0745098 0.5 0 0
7720 0.012207 0.833333 121.833 0.0745098 0.5 0 0
7730 0.012207 0.833333 121.833 0.0784314 0.5 0 0
7740 0.0121934 0.833333 122.667 0.0745098 0.5 0 0
7750 0.0121934 0.833333 122.667 0.0745098 0.5 0 0
7760 0.0121889 0.75 123.417 0.0784314 0.5 0 0
7770 0.0121889 0.75 123.417 0.0745098 0.5 0 0
7780 0.0121954 0.75 124.167 0.0745098 0.5 0 0
7790 0.0121954 0.75 124.167 0.0745098 0.5 0 0
7800 0.0121842 0.583333 124.75 0.0745098 0.5 0 0
7810 0.0121842 0.583333 124.75 0.0745098 0.5 0 0
7820 0.0121674 0.583333 125.333 0.0745098 0.5 0 0
7830 0.0121674 0.583333 125.333 0.0745098 0.5 0 0
7840 0.0119454 0.333333 125.667 0.0745098 0.5 0 0
7850 0.0119454 0.333333 125.667 0.0745098 0.5 0 0
7860 0.0118212 0.416667 126.083 0.0745098 0.5 0 0
7870 0.0118212 0.416667 126.083 0.0745098 0.5 0 0
7880 0.0119411 0.416667 126.5 0.0745098 0.5 0 0
7890 0.0119411 0.416667 126.5 0.0745098 0.5 0 0
7900 0.0119864 0.416667 126.917 0.0745098 0.5 0 0
7910 0.0119864 0.416667 126.917 0.0745098 0.5 0 0
7920 0.011919 0.583333 127.5 0.0784314 0.5 0 0
7930 0.011919 0.583333 127.5 0.0784314 0.5 0 0
7940 0.0117393 0.583333 128.083 0.0784314 0.5 0 0
7950 0.0117393 0.583333 128.083 0.0784314 0.5 0 0
7960 0.0116541 0.5 128.583 0.0784314 0.5 0 0
7970 0.0116541 0.5 128.583 0.0784314 0.5 0 0
7980 0.0116449 0.583333 129.167 0.0784314 0.5 0 0
7990 0.0116449 0.583333 129.167 0.0784314 0.5 0 0
8000 0.011638 0.583333 129.75 0.0784314 0.5 0 0
8010 0.011638 0.583333 129.75 0.0784314 0.5 0 0
8020 0.0115947 0.583333 130.333 0.0784314 0.5 0 0
8030 0.0115947 0.583333 130.333 0.0784314 0.5 0 0
8040 0.0115551 0.666667 131 0.0784314 0.5 0 0
8050 0.0115551 0.666667 131 0.0784314 0.5 0 0
8060 0.0115314 0.666667 131.667 0.0745098 0.5 0 0
8070 0.0115314 0.666667 131.667 0.0745098 0.5 0 0
8080 0.0114817 0.5 132.167 0.0745098 0.5 0 0
8090 0.0114817 0.5 132.167 0.0745098 0.5 0 0
8100 0.0114416 0.666667 132.833 0.0745098 0.5 0 0
8110 0.0114416 0.666667 132.833 0.0745098 0.5 0 0
8120 0.0114107 0.75 133.583 0.0745098 0.5 0 0
8130 0.0114107 0.75 133.583 0.0745098 0.5 0 0
8140 0.0113636 0.666667 134.25 0.0745098 0.5 0 0
8150 0.0113636 0.666667 134.25 0.0745098 0.5 0 0
8160 0.0113589 0.666667 134.917 0.0745098 0.5 0 0
8170 0.0113589 0.666667 134.917 0.0745098 0.5 0 0
8180 0.0113444 0.833333 135.75 0.0745098 0.5 0 0
8190 0.0113444 0.833333 135.75 0.0745098 0.5 0 0
8200 0.0112922 0.833333 136.583 0.0745098 0.5 0 0
8210 0.0112922 0.833333 136.583 0.0745098 0.5 0 0
8220 0.0112645 0.833333 137.417 0.0745098 0.5 0 0
8230 0.0112645 0.833333 137.417 0.0745098 0.5 0 0
8240 0.011242 0.75 138.167 0.0745098 0.5 0 0
8250 0.011242 0.75 138.167 0.0705882 0.5 0 0
8260 0.0109795 0.833333 139 0.0705882 0.5 0 0
8270 0.0109795 0.833333 139 0.0705882 0.5 0 0
8280 0.0109812 0.833333 139.833 0.0705882 0.5 0 0
8290 0.0109812 0.833333 139.833 0.0705882 0.5 0 0
8300 0.0109805 0.75 140.583 0.0705882 0.5 0 0
8310 0.0109805 0.75 140.583 0.0705882 0.5 0 0
8320 0.0109699 0.583333 141.167 0.0705882 0.5 0 0
8330 0.0109699 0.583333 141.167 0.0705882 0.5 0 0
8340 0.0109357 0.833333 142 0.0705882 0.5 0 0
8350 0.0109357 0.833333 142 0.0705882 0.5 0 0
8360 0.0108728 0.833333 142.833 0.0705882 0.5 0 0
8370 0.0108728 0.833333 142.833 0.0705882 0.5 0 0
8380 0.0108423 0.833333 143.667 0.0705882 0.5 0 0
8390 0.0108423 0.833333 143.667 0.0705882 0.5 0 0
8400 0.0107868 0.833333 144.5 0.0705882 0.5 0 0
8410 0.0107868 0.833333 144.5 0.0705882 0.5 0 0
8420 0.0107785 0.833333 145.333 0.0705882 0.5 0 0
8430 0.0107785 0.833333 145.333 0.0705882 0.5 0 0
8440 0.0107624 0.75 146.083 0.0705882 0.5 0 0
8450 0.0107624 0.75 146.083 0.0705882 0.5 0 0
8460 0.0108373 0.75 146.833 0.0705882 0.5 0 0
8470 0.0108373 0.75 146.833 0.0705882 0.5 0 0
8480 0.0108511 0.833333 147.667 0.0705882 0.5 0 0
8490 0.0108511 0.833333 147.667 0.0705882 0.5 0 0
8500 0.0108553 0.916667 148.583 0.0705882 0.5 0 0
8510 0.0108553 0.916667 148.583 0.0705882 0.5 0 0
8520 0.010847 0.916667 149.5 0.0705882 0.5 0 0
8530 0.010847 0.916667 149.5 0.0705882 0.5 0 0
8540 0.0108222 1 150.5 0.0705882 0.5 0 0
8550 0.0108222 1 150.5 0.0705882 0.5 0 0
8560 0.0108102 1 151.5 0.0705882 0.5 0 0
8570 0.0108102 1 151.5 0.0705882 0.5 0 0
8580 0.0107977 1 152.5 0.0705882 0.5 0 0
8590 0.0107977 1 152.5 0.0705882 0.5 0 0
8600 0.0107671 0.666667 153.167 0.0705882 0.5 0 0
8610 0.0107671 0.666667 153.167 0.0705882 0.5 0 0
8620 0.0107376 0.833333 154 0.0705882 0.5 0 0
8630 0.0107376 0.833333 154 0.0705882 0.5 0 0
8640 0.0107246 0.833333 154.833 0.0705882 0.5 0 0
8650 0.0107246 0.833333 154.833 0.0705882 0.5 0 0
8660 0.0107187 0.833333 155.667 0.0705882 0.5 0 0
8670 0.0107187 0.833333 155.667 0.0705882 0.5 0 0
8680 0.0107049 0.833333 156.5 0.0705882 0.5 0 0
8690 0.0107049 0.833333 156.5 0.0705882 0.5 0 0
8700 0.010687 0.583333 157.083 0.0705882 0.5 0 0
8710 0.010687 0.583333 157.083 0.0705882 0.5 0 0
8720 0.0106748 0.916667 158 0.0705882 0.5 0 0
8730 0.0106748 0.916667 158 0.0705882 0.5 0 0
8740 0.0106375 1 159 0.0705882 0.5 0 0
8750 0.0106375 1 159 0.0705882 0.5 0 0
8760 0.00988499 0.833333 159.833 0.0705882 0.5 0 0
8770 0.00988499 0.833333 159.833 0.0705882 0.5 0 0
8780 0.00978704 0.833333 160.667 0.0666667 0.5 0 0
8790 0.00978704 0.833333 160.667 0.0705882 0.5 0 0
8800 0.00973064 0.833333 161.5 0.0666667 0.5 0 0
8810 0.00973064 0.833333 161.5 0.0705882 0.5 0 0
8820 0.00965975 0.666667 162.167 0.0666667 0.5 0 0
8830 0.00965975 0.666667 162.167 0.0666667 0.5 0 0
8840 0.00957054 0.833333 163 0.0666667 0.5 0 0
8850 0.00957054 0.833333 163 0.0666667 0.5 0 0
8860 0.00945403 0.833333 163.833 0.0666667 0.5 0 0
8870 0.00945403 0.833333 163.833 0.0666667 0.5 0 0
8880 0.00925496 0.583333 164.417 0.0666667 0.5 0 0
8890 0.00925496 0.583333 164.417 0.0666667 0.5 0 0
8900 0.0091705 0.666667 165.083 0.0666667 0.5 0 0
8910 0.0091705 0.666667 165.083 0.0666667 0.5 0 0
8920 0.00914672 0.666667 165.75 0.0666667 0.5 0 0
8930 0.00914672 0.666667 165.75 0.0666667 0.5 0 0
8940 0.00909159 0.666667 166.417 0.0666667 0.5 0 0
8950 0.00909159 0.666667 166.417 0.0666667 0.5 0 0
8960 0.00903198 0.916667 167.333 0.0666667 0.5 0 0
8970 0.00903198 0.916667 167.333 0.0666667 0.5 0 0
8980 0.00898216 1 168.333 0.0666667 0.5 0 0
8990 0.00898216 1 168.333 0.0666667 0.5 0 0
9000 0.00894821 0.916667 169.25 0.0666667 0.5 0 0
9010 0.00894821 0.916667 169.25 0.0666667 0.5 0 0
9020 0.00884435 0.916667 170.167 0.0666667 0.5 0 0
9030 0.00884435 0.916667 170.167 0.0666667 0.5 0 0
9040 0.00879343 0.916667 171.083 0.0666667 0.5 0 0
9050 0.00879343 0.916667 171.083 0.0666667 0.5 0 0
9060 0.00876503 0.916667 172 0.0666667 0.5 0 0
9070 0.00876503 0.916667 172 0.0666667 0.5 0 0
9080 0.0087378 0.75 172.75 0.0627451 0.5 0 0
9090 0.0087378 0.75 172.75 0.0666667 0.5 0 0
9100 0.00868558 0.75 173.5 0.0627451 0.5 0 0
9110 0.00868558 0.75 173.5 0.0627451 0.5 0 0
9120 0.00861625 0.75 174.25 0.0627451 0.5 0 0
9130 0.00861625 0.75 174.25 0.0627451 0.5 0 0
9140 0.00851856 0.833333 175.083 0.0627451 0.5 0 0
9150 0.00851856 0.833333 175.083 0.0666667 0.5 0 0
9160 0.00846645 0.666667 175.75 0.0627451 0.5 0 0
9170 0.00846645 0.666667 175.75 0.0627451 0.5 0 0
9180 0.00845284 0.833333 176.583 0.0627451 0.5 0 0
9190 0.00845284 0.833333 176.583 0.0627451 0.5 0 0
9200 0.00849537 0.75 177.333 0.0627451 0.5 0 0
9210 0.00849537 0.75 177.333 0.0627451 0.5 0 0
9220 0.00849596 0.75 178.083 0.0627451 0.5 0 0
9230 0.00849596 0.75 178.083 0.0666667 0.5 0 0
9240 0.0084803 0.916667 179 0.0627451 0.5 0 0
9250 0.0084803 0.916667 179 0.0627451 0.5 0 0
9260 0.00847975 0.916667 179.917 0.0627451 0.5 0 0
9270 0.00847975 0.916667 179.917 0.0627451 0.5 0 0
9280 0.00847655 0.833333 180.75 0.0666667 0.5 0 0
9290 0.00847655 0.833333 180.75 0.0666667 0.5 0 0
9300 0.00846869 0.833333 181.583 0.0627451 0.5 0 0
9310 0.00846869 0.833333 181.583 0.0627451 0.5 0 0
9320 0.00846514 0.666667 182.25 0.0627451 0.5 0 0
9330 0.00846514 0.666667 182.25 0.0627451 0.5 0 0
9340 0.00845799 0.416667 182.667 0.0627451 0.5 0 0
9350 0.00845799 0.416667 182.667 0.0666667 0.5 0 0
9360 0.00845195 0.583333 183.25 0.0666667 0.5 0 0
9370 0.00845195 0.583333 183.25 0.0666667 0.5 0 0
9380 0.00843401 0.583333 183.833 0.0627451 0.5 0 0
9390 0.00843401 0.583333 183.833 0.0627451 0.5 0 0
9400 0.00841409 0.666667 184.5 0.0627451 0.5 0 0
9410 0.00841409 0.666667 184.5 0.0627451 0.5 0 0
9420 0.00831354 0.833333 185.333 0.0627451 0.5 0 0
9430 0.00831354 0.833333 185.333 0.0627451 0.5 0 0
9440 0.00820764 0.583333 185.917 0.0627451 0.5 0 0
9450 0.00820764 0.583333 185.917 0.0627451 0.5 0 0
9460 0.00797966 0.583333 186.5 0.0627451 0.5 0 0
9470 0.00797966 0.583333 186.5 0.0627451 0.5 0 0
9480 0.00774006 0.583333 187.083 0.0627451 0.5 0 0
9490 0.00774006 0.583333 187.083 0.0627451 0.5 0 0
9500 0.0075633 0.916667 188 0.0627451 0.5 0 0
9510 0.0075633 0.916667 188 0.0588235 0.5 0 0
9520 0.00748065 1 189 0.0588235 0.5 0 0
9530 0.00748065 1 189 0.0588235 0.5 0 0
9540 0.007467 0.916667 189.917 0.0627451 0.5 0 0
9550 0.007467 0.916667 189.917 0.0627451 0.5 0 0
9560 0.00744945 0.916667 190.833 0.0627451 0.5 0 0
9570 0.00744945 0.916667 190.833 0.0588235 0.5 0 0
9580 0.00742668 0.916667 191.75 0.0588235 0.5 0 0
9590 0.00742668 0.916667 191.75 0.0588235 0.5 0 0
9600 0.00738885 0.666667 192.417 0.0627451 0.5 0 0
9610 0.00738885 0.666667 192.417 0.0588235 0.5 0 0
9620 0.00733421 0.666667 193.083 0.0588235 0.5 0 0
9630 0.00733421 0.666667 193.083 0.0588235 0.5 0 0
9640 0.00728288 0.5 193.583 0.0588235 0.5 0 0
9650 0.00728288 0.5 193.583 0.0588235 0.5 0 0
9660 0.00723287 0.333333 193.917 0.0588235 0.5 0 0
9670 0.00723287 0.333333 193.917 0.0588235 0.5 0 0
9680 0.00714835 0.333333 194.25 0.0588235 0.5 0 0
9690 0.00714835 0.333333 194.25 0.0588235 0.5 0 0
9700 0.00693858 0.416667 194.667 0.0588235 0.5 0 0
9710 0.00693858 0.416667 194.667 0.0588235 0.5 0 0
9720 0.00685085 0.25 194.917 0.0588235 0.5 0 0
9730 0.00685085 0.25 194.917 0.0588235 0.5 0 0
9740 0.00676079 0.416667 195.333 0.0588235 0.5 0 0
9750 0.00676079 0.416667 195.333 0.0588235 0.5 0 0
9760 0.00664893 0.416667 195.75 0.0588235 0.5 0 0
9770 0.00664893 0.416667 195.75 0.0588235 0.5 0 0
9780 0.00656026 0.416667 196.167 0.054902 0.5 0 0
9790 0.00656026 0.416667 196.167 0.054902 0.5 0 0
9800 0.00643827 0.333333 196.5 0.054902 0.5 0 0
9810 0.00643827 0.333333 196.5 0.054902 0.5 0 0
9820 0.00630456 0.416667 196.917 0.054902 0.5 0 0
9830 0.00630456 0.416667 196.917 0.054902 0.5 0 0
9840 0.00619302 0.583333 197.5 0.054902 0.5 0 0
9850 0.00619302 0.583333 197.5 0.054902 0.5 0 0
9860 0.00609123 0.833333 198.333 0.054902 0.5 0 0
9870 0.00609123 0.833333 198.333 0.054902 0.5 0 0
9880 0.00601787 0.833333 199.167 0.054902 0.5 0 0
9890 0.00601787 0.833333 199.167 0.054902 0.5 0 0
9900 0.00600624 0.916667 200.083 0.054902 0.5 0 0
9910 0.00600624 0.916667 200.083 0.054902 0.5 0 0
9920 0.00599298 0.916667 201 0.0588235 0.5 0 0
9930 0.00599298 0.916667 201 0.0588235 0.5 0 0
9940 0.00598602 0.916667 201.917 0.054902 0.5 0 0
9950 0.00598602 0.916667 201.917 0.054902 0.5 0 0
9960 0.00597981 0.916667 202.833 0.054902 0.5 0 0
9970 0.00597981 0.916667 202.833 0.054902 0.5 0 0
9980 0.00597284 0.916667 203.75 0.054902 0.5 0 0
9990 0.00597284 0.916667 203.75 0.054902 0.5 0 0
10000 0.00596622 0.916667 204.667 0.054902 0.5 0 0
10010 0.00596622 0.916667 204.667 0.0588235 0.5 0 0
10020 0.00595258 0.75 205.417 0.054902 0.5 0 0
10030 0.00595258 0.75 205.417 0.054902 0.5 0 0
10040 0.00593989 0.916667 206.333 0.054902 0.5 0 0
10050 0.00593989 0.916667 206.333 0.0588235 0.5 0 0
10060 0.00591923 0.916667 207.25 0.054902 0.5 0 0
10070 0.00591923 0.916667 207.25 0.0588235 0.5 0 0
10080 0.00590712 0.916667 208.167 0.0588235 0.5 0 0
10090 0.00590712 0.916667 208.167 0.054902 0.5 0 0
10100 0.00589212 0.916667 209.083 0.054902 0.5 0 0
10110 0.00589212 0.916667 209.083 0.054902 0.5 0 0
10120 0.00588482 0.916667 210 0.0588235 0.5 0 0
10130 0.00588482 0.916667 210 0.054902 0.5 0 0
10140 0.00588066 0.916667 210.917 0.054902 0.5 0 0
10150 0.00588066 0.916667 210.917 0.0588235 0.5 0 0
10160 0.00587096 1 211.917 0.0588235 0.5 0 0
10170 0.00587096 1 211.917 0.0588235 0.5 0 0
10180 0.00586545 0.833333 212.75 0.0588235 0.5 0 0
10190 0.00586545 0.833333 212.75 0.054902 0.5 0 0
10200 0.0058602 0.833333 213.583 0.054902 0.5 0 0
10210 0.0058602 0.833333 213.583 0.0588235 0.5 0 0
10220 0.00585623 0.916667 214.5 0.0588235 0.5 0 0
10230 0.00585623 0.916667 214.5 0.0588235 0.5 0 0
10240 0.00585003 0.916667 215.417 0.054902 0.5 0 0
10250 0.00585003 0.916667 215.417 0.0588235 0.5 0 0
10260 0.00584537 0.916667 216.333 0.0588235 0.5 0 0
10270 0.00584537 0.916667 216.333 0.054902 0.5 0 0
10280 0.00583977 0.833333 217.167 0.0588235 0.5 0 0
10290 0.00583977 0.833333 217.167 0.054902 0.5 0 0
10300 0.00583526 0.75 217.917 0.0588235 0.5 0 0
10310 0.00583526 0.75 217.917 0.0588235 0.5 0 0
10320 0.00582389 0.583333 218.5 0.054902 0.5 0 0
10330 0.00582389 0.583333 218.5 0.0588235 0.5 0 0
10340 0.00581663 0.666667 219.167 0.0588235 0.5 0 0
10350 0.00581663 0.666667 219.167 0.0588235 0.5 0 0
10360 0.00580929 0.666667 219.833 0.0588235 0.5 0 0
10370 0.00580929 0.666667 219.833 0.0588235 0.5 0 0
10380 0.00579629 0.666667 220.5 0.0588235 0.5 0 0
10390 0.00579629 0.666667 220.5 0.0588235 0.5 0 0
10400 0.0057865 0.666667 221.167 0.0588235 0.5 0 0
10410 0.0057865 0.666667 221.167 0.0588235 0.5 0 0
10420 0.00576867 0.666667 221.833 0.054902 0.5 0 0
10430 0.00576867 0.666667 221.833 0.054902 0.5 0 0
10440 0.00575901 0.833333 222.667 0.0588235 0.5 0 0
10450 0.00575901 0.833333 222.667 0.0588235 0.5 0 0
10460 0.00573229 0.75 223.417 0.054902 0.5 0 0
10470 0.00573229 0.75 223.417 0.054902 0.5 0 0
10480 0.00572743 0.75 224.167 0.054902 0.5 0 0
10490 0.00572743 0.75 224.167 0.0588235 0.5 0 0
10500 0.00572279 0.75 224.917 0.054902 0.5 0 0
10510 0.00572279 0.75 224.917 0.054902 0.5 0 0
10520 0.00571732 0.75 225.667 0.054902 0.5 0 0
10530 0.00571732 0.75 225.667 0.054902 0.5 0 0
10540 0.00571142 0.75 226.417 0.0588235 0.5 0 0
10550 0.00571142 0.75 226.417 0.0588235 0.5 0 0
10560 0.00570205 0.666667 227.083 0.054902 0.5 0 0
10570 0.00570205 0.666667 227.083 0.054902 0.5 0 0
10580 0.00568621 0.583333 227.667 0.0588235 0.5 0 0
10590 0.00568621 0.583333 227.667 0.054902 0.5 0 0
10600 0.00567317 0.583333 228.25 0.054902 0.5 0 0
10610 0.00567317 0.583333 228.25 0.0588235 0.5 0 0
10620 0.00565424 0.75 229 0.054902 0.5 0 0
10630 0.00565424 0.75 229 0.054902 0.5 0 0
10640 0.005621 0.75 229.75 0.0588235 0.5 0 0
10650 0.005621 0.75 229.75 0.0588235 0.5 0 0
10660 0.00560816 0.75 230.5 0.054902 0.5 0 0
10670 0.00560816 0.75 230.5 0.0588235 0.5 0 0
10680 0.005588 0.75 231.25 0.054902 0.5 0 0
10690 0.005588 0.75 231.25 0.0588235 0.5 0 0
10700 0.00556646 0.75 232 0.054902 0.5 0 0
10710 0.00556646 0.75 232 0.054902 0.5 0 0
10720 0.00553125 0.75 232.75 0.054902 0.5 0 0
10730 0.00553125 0.75 232.75 0.0588235 0.5 0 0
10740 0.00549925 0.5 233.25 0.054902 0.5 0 0
10750 0.00549925 0.5 233.25 0.054902 0.5 0 0
10760 0.00541324 0.666667 233.917 0.054902 0.5 0 0
10770 0.00541324 0.666667 233.917 0.054902 0.5 0 0
10780 0.00537542 0.666667 234.583 0.054902 0.5 0 0
10790 0.00537542 0.666667 234.583 0.054902 0.5 0 0
10800 0.00534371 0.666667 235.25 0.054902 0.5 0 0
10810 0.00534371 0.666667 235.25 0.054902 0.5 0 0
10820 0.00522601 0.583333 235.833 0.054902 0.5 0 0
10830 0.00522601 0.583333 235.833 0.054902 0.5 0 0
10840 0.00511314 0.583333 236.417 0.054902 0.5 0 0
10850 0.00511314 0.583333 236.417 0.054902 0.5 0 0
10860 0.00511432 0.416667 236.833 0.054902 0.5 0 0
10870 0.00511432 0.416667 236.833 0.054902 0.5 0 0
10880 0.00509739 0.583333 237.417 0.054902 0.5 0 0
10890 0.00509739 0.583333 237.417 0.054902 0.5 0 0
10900 0.00503169 0.583333 238 0.054902 0.5 0 0
10910 0.00503169 0.583333 238 0.0509804 0.5 0 0
10920 0.00480465 0.75 238.75 0.0509804 0.5 0 0
10930 0.00480465 0.75 238.75 0.0509804 0.5 0 0
10940 0.00472362 0.75 239.5 0.0509804 0.5 0 0
10950 0.00472362 0.75 239.5 0.0509804 0.5 0 0
10960 0.00470573 0.75 240.25 0.0509804 0.5 0 0
10970 0.00470573 0.75 240.25 0.0509804 0.5 0 0
10980 0.00468309 0.75 241 0.0509804 0.5 0 0
10990 0.00468309 0.75 241 0.0509804 0.5 0 0
11000 0.00467112 0.75 241.75 0.0509804 0.5 0 0
11010 0.00467112 0.75 241.75 0.0509804 0.5 0 0
11020 0.00466653 1 242.75 0.0509804 0.5 0 0
11030 0.00466653 1 242.75 0.0509804 0.5 0 0
11040 0.00467943 1 243.75 0.0509804 0.5 0 0
11050 0.00467943 1 243.75 0.0509804 0.5 0 0
11060 0.00468644 1 244.75 0.0509804 0.5 0 0
11070 0.00468644 1 244.75 0.0509804 0.5 0 0
11080 0.00469215 1 245.75 0.0509804 0.5 0 0
11090 0.00469215 1 245.75 0.0509804 0.5 0 0
11100 0.004693 1 246.75 0.0509804 0.5 0 0
11110 0.004693 1 246.75 0.0509804 0.5 0 0
11120 0.00467123 1 247.75 0.0509804 0.5 0 0
11130 0.00467123 1 247.75 0.0509804 0.5 0 0
11140 0.00466094 1 248.75 0.0509804 0.5 0 0
11150 0.00466094 1 248.75 0.0509804 0.5 0 0
11160 0.00470636 1 249.75 0.0509804 0.5 0 0
11170 0.00470636 1 249.75 0.0509804 0.5 0 0
11180 0.00477606 1 250.75 0.054902 0.5 0 0
11190 0.00477606 1 250.75 0.054902 0.5 0 0
11200 0.00479191 1 251.75 0.054902 0.5 0 0
11210 0.00479191 1 251.75 0.054902 0.5 0 0
11220 0.00480009 0.833333 252.583 0.0509804 0.5 0 0
11230 0.00480009 0.833333 252.583 0.0509804 0.5 0 0
11240 0.00480316 1 253.583 0.0509804 0.5 0 0
11250 0.00480316 1 253.583 0.0509804 0.5 0 0
11260 0.00480695 1 254.583 0.0509804 0.5 0 0
11270 0.00480695 1 254.583 0.0509804 0.5 0 0
11280 0.00480314 0.916667 255.5 0.0509804 0.5 0 0
11290 0.00480314 0.916667 255.5 0.0509804 0.5 0 0
11300 0.00483851 0.916667 256.417 0.0509804 0.5 0 0
11310 0.00483851 0.916667 256.417 0.0509804 0.5 0 0
11320 0.00484809 0.916667 257.333 0.0509804 0.5 0 0
11330 0.00484809 0.916667 257.333 0.0509804 0.5 0 0
11340 0.00484358 0.916667 258.25 0.0509804 0.5 0 0
11350 0.00484358 0.916667 258.25 0.0509804 0.5 0 0
11360 0.00482456 1 259.25 0.0509804 0.5 0 0
11370 0.00482456 1 259.25 0.0509804 0.5 0 0
11380 0.00482573 1 260.25 0.0509804 0.5 0 0
11390 0.00482573 1 260.25 0.0509804 0.5 0 0
11400 0.00484031 1 261.25 0.0509804 0.5 0 0
11410 0.00484031 1 261.25 0.0509804 0.5 0 0
11420 0.00486973 1 262.25 0.0509804 0.5 0 0
11430 0.00486973 1 262.25 0.0509804 0.5 0 0
11440 0.00490188 1 263.25 0.0509804 0.5 0 0
11450 0.00490188 1 263.25 0.0509804 0.5 0 0
11460 0.00489195 0.916667 264.167 0.0509804 0.5 0 0
11470 0.00489195 0.916667 264.167 0.0509804 0.5 0 0
11480 0.0048673 1 265.167 0.0509804 0.5 0 0
11490 0.0048673 1 265.167 0.0509804 0.5 0 0
11500 0.00484707 1 266.167 0.0509804 0.5 0 0
11510 0.00484707 1 266.167 0.0509804 0.5 0 0
11520 0.00483063 1 267.167 0.0509804 0.5 0 0
11530 0.00483063 1 267.167 0.0509804 0.5 0 0
11540 0.00480634 0.916667 268.083 0.0509804 0.5 0 0
11550 0.00480634 0.916667 268.083 0.0509804 0.5 0 0
11560 0.00478864 1 269.083 0.0509804 0.5 0 0
11570 0.00478864 1 269.083 0.0509804 0.5 0 0
11580 0.00476116 1 270.083 0.0509804 0.5 0 0
11590 0.00476116 1 270.083 0.054902 0.5 0 0
11600 0.00474664 1 271.083 0.0509804 0.5 0 0
11610 0.00474664 1 271.083 0.0509804 0.5 0 0
11620 0.00474065 1 272.083 0.0509804 0.5 0 0
11630 0.00474065 1 272.083 0.0509804 0.5 0 0
11640 0.00473912 1 273.083 0.0509804 0.5 0 0
11650 0.00473912 1 273.083 0.0509804 0.5 0 0
11660 0.00474349 1 274.083 0.0509804 0.5 0 0
11670 0.00474349 1 274.083 0.0509804 0.5 0 0
11680 0.00474008 0.833333 274.917 0.054902 0.5 0 0
11690 0.00474008 0.833333 274.917 0.054902 0.5 0 0
11700 0.00468721 0.75 275.667 0.0509804 0.5 0 0
11710 0.00468721 0.75 275.667 0.0509804 0.5 0 0
11720 0.00462987 0.75 276.417 0.0509804 0.5 0 0
11730 0.00462987 0.75 276.417 0.0509804 0.5 0 0
11740 0.00459927 0.75 277.167 0.0509804 0.5 0 0
11750 0.00459927 0.75 277.167 0.0509804 0.5 0 0
11760 0.00457198 0.833333 278 0.0509804 0.5 0 0
11770 0.00457198 0.833333 278 0.0509804 0.5 0 0
11780 0.00456146 0.583333 278.583 0.0509804 0.5 0 0
11790 0.00456146 0.583333 278.583 0.0509804 0.5 0 0
11800 0.0045907 0.75 279.333 0.054902 0.5 0 0
11810 0.0045907 0.75 279.333 0.054902 0.5 0 0
11820 0.00458306 0.75 280.083 0.054902 0.5 0 0
11830 0.00458306 0.75 280.083 0.054902 0.5 0 0
11840 0.00457461 0.75 280.833 0.054902 0.5 0 0
11850 0.00457461 0.75 280.833 0.0509804 0.5 0 0
11860 0.00456422 0.666667 281.5 0.054902 0.5 0 0
11870 0.00456422 0.666667 281.5 0.0509804 0.5 0 0
11880 0.0045559 0.666667 282.167 0.054902 0.5 0 0
11890 0.0045559 0.666667 282.167 0.0509804 0.5 0 0
11900 0.00454266 0.666667 282.833 0.054902 0.5 0 0
11910 0.00454266 0.666667 282.833 0.0509804 0.5 0 0
11920 0.0045263 0.666667 283.5 0.054902 0.5 0 0
11930 0.0045263 0.666667 283.5 0.054902 0.5 0 0
11940 0.00450877 0.75 284.25 0.0509804 0.5 0 0
11950 0.00450877 0.75 284.25 0.0509804 0.5 0 0
11960 0.00450272 0.75 285 0.0509804 0.5 0 0
11970 0.00450272 0.75 285 0.054902 0.5 0 0
11980 0.00453664 0.75 285.75 0.054902 0.5 0 0
11990 0.00453664 0.75 285.75 0.0509804 0.5 0 0
12000 0.00455759 0.75 286.5 0.054902 0.5 0 0
12010 0.00455759 0.75 286.5 0.0509804 0.5 0 0
12020 0.00455552 0.75 287.25 0.0509804 0.5 0 0
12030 0.00455552 0.75 287.25 0.054902 0.5 0 0
12040 0.0045288 0.833333 288.083 0.0509804 0.5 0 0
12050 0.0045288 0.833333 288.083 0.054902 0.5 0 0
12060 0.00450754 0.833333 288.917 0.054902 0.5 0 0
12070 0.00450754 0.833333 288.917 0.054902 0.5 0 0
12080 0.00452074 0.666667 289.583 0.054902 0.5 0 0
12090 0.00452074 0.666667 289.583 0.054902 0.5 0 0
12100 0.00451887 0.833333 290.417 0.0509804 0.5 0 0
12110 0.00451887 0.833333 290.417 0.054902 0.5 0 0
12120 0.00450198 0.833333 291.25 0.054902 0.5 0 0
12130 0.00450198 0.833333 291.25 0.054902 0.5 0 0
12140 0.00449105 0.833333 292.083 0.0509804 0.5 0 0
12150 0.00449105 0.833333 292.083 0.0509804 0.5 0 0
12160 0.00447821 0.666667 292.75 0.054902 0.5 0 0
12170 0.00447821 0.666667 292.75 0.0509804 0.5 0 0
12180 0.00447239 0.833333 293.583 0.0509804 0.5 0 0
12190 0.00447239 0.833333 293.583 0.0509804 0.5 0 0
12200 0.00441527 0.75 294.333 0.0509804 0.5 0 0
12210 0.00441527 0.75 294.333 0.0509804 0.5 0 0
12220 0.00434799 0.75 295.083 0.0509804 0.5 0 0
12230 0.00434799 0.75 295.083 0.0509804 0.5 0 0
12240 0.0043133 0.75 295.833 0.0509804 0.5 0 0
12250 0.0043133 0.75 295.833 0.0509804 0.5 0 0
12260 0.00427632 0.75 296.583 0.0509804 0.5 0 0
12270 0.00427632 0.75 296.583 0.0509804 0.5 0 0
12280 0.00426856 0.916667 297.5 0.0509804 0.5 0 0
12290 0.00426856 0.916667 297.5 0.0509804 0.5 0 0
12300 0.00426367 0.916667 298.417 0.0509804 0.5 0 0
12310 0.00426367 0.916667 298.417 0.0509804 0.5 0 0
12320 0.00425175 0.916667 299.333 0.0509804 0.5 0 0
12330 0.00425175 0.916667 299.333 0.0509804 0.5 0 0
12340 0.0042235 0.833333 300.167 0.054902 0.5 0 0
12350 0.0042235 0.833333 300.167 0.0509804 0.5 0 0
12360 0.00420931 0.833333 301 0.0509804 0.5 0 0
12370 0.00420931 0.833333 301 0.0509804 0.5 0 0
12380 0.00421239 0.833333 301.833 0.0470588 0.5 0 0
12390 0.00421239 0.833333 301.833 0.0470588 0.5 0 0
12400 0.00420858 0.916667 302.75 0.0509804 0.5 0 0
12410 0.00420858 0.916667 302.75 0.0470588 0.5 0 0
12420 0.00420552 0.916667 303.667 0.0470588 0.5 0 0
12430 0.00420552 0.916667 303.667 0.0509804 0.5 0 0
12440 0.00420208 0.916667 304.583 0.0470588 0.5 0 0
12450 0.00420208 0.916667 304.583 0.0509804 0.5 0 0
12460 0.00419869 0.916667 305.5 0.0509804 0.5 0 0
12470 0.00419869 0.916667 305.5 0.0470588 0.5 0 0
12480 0.00420129 0.916667 306.417 0.0470588 0.5 0 0
12490 0.00420129 0.916667 306.417 0.0470588 0.5 0 0
12500 0.00421709 1 307.417 0.0470588 0.5 0 0
12510 0.00421709 1 307.417 0.0470588 0.5 0 0
12520 0.00423478 1 308.417 0.0470588 0.5 0 0
12530 0.00423478 1 308.417 0.0470588 0.5 0 0
12540 0.00424277 1 309.417 0.0470588 0.5 0 0
12550 0.00424277 1 309.417 0.0470588 0.5 0 0
12560 0.00422198 1 310.417 0.0470588 0.5 0 0
12570 0.00422198 1 310.417 0.0470588 0.5 0 0
12580 0.00421126 0.916667 311.333 0.0470588 0.5 0 0
12590 0.00421126 0.916667 311.333 0.0470588 0.5 0 0
12600 0.00423683 0.916667 312.25 0.0470588 0.5 0 0
12610 0.00423683 0.916667 312.25 0.0509804 0.5 0 0
12620 0.00430288 1 313.25 0.0470588 0.5 0 0
12630 0.00430288 1 313.25 0.0509804 0.5 0 0
12640 0.00431292 1 314.25 0.0509804 0.5 0 0
12650 0.00431292 1 314.25 0.0509804 0.5 0 0
12660 0.00432777 1 315.25 0.0509804 0.5 0 0
12670 0.00432777 1 315.25 0.0509804 0.5 0 0
12680 0.00433483 0.916667 316.167 0.0509804 0.5 0 0
12690 0.00433483 0.916667 316.167 0.0509804 0.5 0 0
12700 0.00432913 1 317.167 0.0509804 0.5 0 0
12710 0.00432913 1 317.167 0.0509804 0.5 0 0
12720 0.00432592 0.833333 318 0.0509804 0.5 0 0
12730 0.00432592 0.833333 318 0.0509804 0.5 0 0
12740 0.00432526 0.833333 318.833 0.0470588 0.5 0 0
12750 0.00432526 0.833333 318.833 0.0509804 0.5 0 0
12760 0.00432389 1 319.833 0.0509804 0.5 0 0
12770 0.00432389 1 319.833 0.0509804 0.5 0 0
12780 0.00431959 1 320.833 0.0509804 0.5 0 0
12790 0.00431959 1 320.833 0.0509804 0.5 0 0
12800 0.00431085 1 321.833 0.0509804 0.5 0 0
12810 0.00431085 1 321.833 0.0509804 0.5 0 0
12820 0.00430542 1 322.833 0.0509804 0.5 0 0
12830 0.00430542 1 322.833 0.0509804 0.5 0 0
12840 0.00430368 1 323.833 0.0509804 0.5 0 0
12850 0.00430368 1 323.833 0.0509804 0.5 0 0
12860 0.00430162 1 324.833 0.0509804 0.5 0 0
12870 0.00430162 1 324.833 0.0509804 0.5 0 0
12880 0.00429726 1 325.833 0.0509804 0.5 0 0
12890 0.00429726 1 325.833 0.0509804 0.5 0 0
12900 0.00428731 0.916667 326.75 0.0509804 0.5 0 0
12910 0.00428731 0.916667 326.75 0.0509804 0.5 0 0
12920 0.00428694 0.916667 327.667 0.0509804 0.5 0 0
12930 0.00428694 0.916667 327.667 0.0509804 0.5 0 0
12940 0.00428577 0.916667 328.583 0.0509804 0.5 0 0
12950 0.00428577 0.916667 328.583 0.0509804 0.5 0 0
12960 0.00428633 0.916667 329.5 0.0470588 0.5 0 0
12970 0.00428633 0.916667 329.5 0.0509804 0.5 0 0
12980 0.00428956 0.916667 330.417 0.0470588 0.5 0 0
12990 0.00428956 0.916667 330.417 0.0509804 0.5 0 0
13000 0.00428726 0.75 331.167 0.0509804 0.5 0 0
13010 0.00428726 0.75 331.167 0.0470588 0.5 0 0
13020 0.00428876 1 332.167 0.0509804 0.5 0 0
13030 0.00428876 1 332.167 0.0509804 0.5 0 0
13040 0.00427977 1 333.167 0.0509804 0.5 0 0
13050 0.00427977 1 333.167 0.0509804 0.5 0 0
13060 0.004279 1 334.167 0.0470588 0.5 0 0
13070 0.004279 1 334.167 0.0509804 0.5 0 0
13080 0.00427858 1 335.167 0.0470588 0.5 0 0
13090 0.00427858 1 335.167 0.0470588 0.5 0 0
13100 0.00427554 1 336.167 0.0470588 0.5 0 0
13110 0.00427554 1 336.167 0.0470588 0.5 0 0
13120 0.00427341 1 337.167 0.0509804 0.5 0 0
13130 0.00427341 1 337.167 0.0509804 0.5 0 0
13140 0.00427204 0.833333 338 0.0470588 0.5 0 0
13150 0.00427204 0.833333 338 0.0509804 0.5 0 0
13160 0.00426246 1 339 0.0470588 0.5 0 0
13170 0.00426246 1 339 0.0509804 0.5 0 0
13180 0.00425688 1 340 0.0470588 0.5 0 0
13190 0.00425688 1 340 0.0470588 0.5 0 0
13200 0.004251 1 341 0.0509804 0.5 0 0
13210 0.004251 1 341 0.0470588 0.5 0 0
13220 0.00423872 1 342 0.0470588 0.5 0 0
13230 0.00423872 1 342 0.0470588 0.5 0 0
13240 0.00422536 1 343 0.0470588 0.5 0 0
13250 0.00422536 1 343 0.0470588 0.5 0 0
13260 0.00420923 0.916667 343.917 0.0470588 0.5 0 0
13270 0.00420923 0.916667 343.917 0.0470588 0.5 0 0
13280 0.00418355 0.916667 344.833 0.0470588 0.5 0 0
13290 0.00418355 0.916667 344.833 0.0470588 0.5 0 0
13300 0.0041777 0.916667 345.75 0.0470588 0.5 0 0
13310 0.0041777 0.916667 345.75 0.0470588 0.5 0 0
13320 0.00416858 1 346.75 0.0470588 0.5 0 0
13330 0.00416858 1 346.75 0.0470588 0.5 0 0
13340 0.00416751 1 347.75 0.0509804 0.5 0 0
13350 0.00416751 1 347.75 0.0470588 0.5 0 0
13360 0.00417292 1 348.75 0.0470588 0.5 0 0
13370 0.00417292 1 348.75 0.0470588 0.5 0 0
13380 0.00417881 1 349.75 0.0509804 0.5 0 0
13390 0.00417881 1 349.75 0.0509804 0.5 0 0
13400 0.00419506 1 350.75 0.0509804 0.5 0 0
13410 0.00419506 1 350.75 0.0509804 0.5 0 0
13420 0.00420499 0.916667 351.667 0.0509804 0.5 0 0
13430 0.00420499 0.916667 351.667 0.0509804 0.5 0 0
13440 0.00421389 0.916667 352.583 0.0509804 0.5 0 0
13450 0.00421389 0.916667 352.583 0.0509804 0.5 0 0
13460 0.00422471 0.916667 353.5 0.0509804 0.5 0 0
13470 0.00422471 0.916667 353.5 0.0509804 0.5 0 0
13480 0.00424052 0.833333 354.333 0.0509804 0.5 0 0
13490 0.00424052 0.833333 354.333 0.0509804 0.5 0 0
13500 0.00426812 0.916667 355.25 0.0509804 0.5 0 0
13510 0.00426812 0.916667 355.25 0.054902 0.5 0 0
13520 0.00429861 0.75 356 0.0509804 0.5 0 0
13530 0.00429861 0.75 356 0.054902 0.5 0 0
13540 0.00434347 0.75 356.75 0.0509804 0.5 0 0
13550 0.00434347 0.75 356.75 0.054902 0.5 0 0
13560 0.00442216 0.75 357.5 0.0509804 0.5 0 0
13570 0.00442216 0.75 357.5 0.054902 0.5 0 0
13580 0.00447401 0.666667 358.167 0.054902 0.5 0 0
13590 0.00447401 0.666667 358.167 0.054902 0.5 0 0
13600 0.00450153 0.666667 358.833 0.054902 0.5 0 0
13610 0.00450153 0.666667 358.833 0.0509804 0.5 0 0
13620 0.00447872 0.333333 359.167 0.054902 0.5 0 0
13630 0.00447872 0.333333 359.167 0.054902 0.5 0 0
13640 0.00445227 0.333333 359.5 0.054902 0.5 0 0
13650 0.00445227 0.333333 359.5 0.054902 0.5 0 0
13660 0.00444255 0.333333 359.833 0.054902 0.5 0 0
13670 0.00444255 0.333333 359.833 0.054902 0.5 0 0
13680 0.00444105 0.333333 360.167 0.054902 0.5 0 0
13690 0.00444105 0.333333 360.167 0.054902 0.5 0 0
13700 0.00445288 0.333333 360.5 0.054902 0.5 0 0
13710 0.00445288 0.333333 360.5 0.054902 0.5 0 0
13720 0.00444931 0.333333 360.833 0.054902 0.5 0 0
13730 0.00444931 0.333333 360.833 0.054902 0.5 0 0
13740 0.00444865 0.333333 361.167 0.054902 0.5 0 0
13750 0.00444865 0.333333 361.167 0.054902 0.5 0 0
13760 0.00444937 0.333333 361.5 0.054902 0.5 0 0
13770 0.00444937 0.333333 361.5 0.054902 0.5 0 0
13780 0.00444595 0.333333 361.833 0.054902 0.5 0 0
13790 0.00444595 0.333333 361.833 0.054902 0.5 0 0
13800 0.00444137 0.333333 362.167 0.054902 0.5 0 0
13810 0.00444137 0.333333 362.167 0.0509804 0.5 0 0
13820 0.00439118 0.25 362.417 0.0470588 0.5 0 0
13830 0.00439118 0.25 362.417 0.0509804 0.5 0 0
13840 0.00432032 0.916667 363.333 0.0509804 0.5 0 0
13850 0.00432032 0.916667 363.333 0.0509804 0.5 0 0
13860 0.00429368 1 364.333 0.0470588 0.5 0 0
13870 0.00429368 1 364.333 0.0509804 0.5 0 0
13880 0.00429636 1 365.333 0.0470588 0.5 0 0
13890 0.00429636 1 365.333 0.0509804 0.5 0 0
13900 0.00429354 1 366.333 0.0509804 0.5 0 0
13910 0.00429354 1 366.333 0.0470588 0.5 0 0
13920 0.00429424 1 367.333 0.0509804 0.5 0 0
13930 0.00429424 1 367.333 0.0509804 0.5 0 0
13940 0.00429158 1 368.333 0.0509804 0.5 0 0
13950 0.00429158 1 368.333 0.0470588 0.5 0 0
13960 0.00428946 1 369.333 0.0470588 0.5 0 0
13970 0.00428946 1 369.333 0.0470588 0.5 0 0
13980 0.00427908 1 370.333 0.0470588 0.5 0 0
13990 0.00427908 1 370.333 0.0470588 0.5 0 0
14000 0.0042693 1 371.333 0.0470588 0.5 0 0
14010 0.0042693 1 371.333 0.0470588 0.5 0 0
14020 0.00424975 1 372.333 0.0470588 0.5 0 0
14030 0.00424975 1 372.333 0.0470588 0.5 0 0
14040 0.00422628 1 373.333 0.0470588 0.5 0 0
14050 0.00422628 1 373.333 0.0470588 0.5 0 0
14060 0.00422816 1 374.333 0.0470588 0.5 0 0
14070 0.00422816 1 374.333 0.0470588 0.5 0 0
14080 0.00421399 1 375.333 0.0509804 0.5 0 0
14090 0.00421399 1 375.333 0.0509804 0.5 0 0
14100 0.00420614 1 376.333 0.0470588 0.5 0 0
14110 0.00420614 1 376.333 0.0470588 0.5 0 0
14120 0.00421077 1 377.333 0.0470588 0.5 0 0
14130 0.00421077 1 377.333 0.0509804 0.5 0 0
14140 0.00423653 1 378.333 0.0509804 0.5 0 0
14150 0.00423653 1 378.333 0.0470588 0.5 0 0
14160 0.00425587 1 379.333 0.0509804 0.5 0 0
14170 0.00425587 1 379.333 0.0509804 0.5 0 0
14180 0.00427586 1 380.333 0.0509804 0.5 0 0
14190 0.00427586 1 380.333 0.0509804 0.5 0 0
14200 0.00429046 1 381.333 0.0509804 0.5 0 0
14210 0.00429046 1 381.333 0.0509804 0.5 0 0
14220 0.00428717 1 382.333 0.0509804 0.5 0 0
14230 0.00428717 1 382.333 0.0509804 0.5 0 0
14240 0.00427703 1 383.333 0.0509804 0.5 0 0
14250 0.00427703 1 383.333 0.0509804 0.5 0 0
14260 0.00425579 0.833333 384.167 0.0509804 0.5 0 0
14270 0.00425579 0.833333 384.167 0.0509804 0.5 0 0
14280 0.00425192 0.833333 385 0.0509804 0.5 0 0
14290 0.00425192 0.833333 385 0.0509804 0.5 0 0
14300 0.00424792 0.833333 385.833 0.0509804 0.5 0 0
14310 0.00424792 0.833333 385.833 0.0509804 0.5 0 0
14320 0.00431667 0.833333 386.667 0.0509804 0.5 0 0
14330 0.00431667 0.833333 386.667 0.0509804 0.5 0 0
14340 0.00430989 0.666667 387.333 0.0509804 0.5 0 0
14350 0.00430989 0.666667 387.333 0.0509804 0.5 0 0
14360 0.00434527 0.75 388.083 0.0509804 0.5 0 0
14370 0.00434527 0.75 388.083 0.0509804 0.5 0 0
14380 0.00437774 0.833333 388.917 0.0509804 0.5 0 0
14390 0.00437774 0.833333 388.917 0.0509804 0.5 0 0
14400 0.00437422 0.833333 389.75 0.0509804 0.5 0 0
14410 0.00437422 0.833333 389.75 0.0509804 0.5 0 0
14420 0.00436981 0.833333 390.583 0.0509804 0.5 0 0
14430 0.00436981 0.833333 390.583 0.0509804 0.5 0 0
14440 0.00436461 0.75 391.333 0.0509804 0.5 0 0
14450 0.00436461 0.75 391.333 0.0509804 0.5 0 0
14460 0.0043452 0.833333 392.167 0.0509804 0.5 0 0
14470 0.0043452 0.833333 392.167 0.0509804 0.5 0 0
14480 0.00434351 0.75 392.917 0.0509804 0.5 0 0
14490 0.00434351 0.75 392.917 0.0509804 0.5 0 0
14500 0.00435698 0.833333 393.75 0.0509804 0.5 0 0
14510 0.00435698 0.833333 393.75 0.0509804 0.5 0 0
14520 0.00435444 0.833333 394.583 0.0509804 0.5 0 0
14530 0.00435444 0.833333 394.583 0.0509804 0.5 0 0
14540 0.00434821 0.833333 395.417 0.0509804 0.5 0 0
14550 0.00434821 0.833333 395.417 0.0509804 0.5 0 0
14560 0.00434562 0.833333 396.25 0.0509804 0.5 0 0
14570 0.00434562 0.833333 396.25 0.0509804 0.5 0 0
14580 0.00433728 0.833333 397.083 0.0509804 0.5 0 0
14590 0.00433728 0.833333 397.083 0.0509804 0.5 0 0
14600 0.00432629 0.916667 398 0.0509804 0.5 0 0
14610 0.00432629 0.916667 398 0.0509804 0.5 0 0
14620 0.00430718 1 399 0.0470588 0.5 0 0
14630 0.00430718 1 399 0.0470588 0.5 0 0
14640 0.00427773 1 400 0.0470588 0.5 0 0
14650 0.00427773 1 400 0.0470588 0.5 0 0
14660 0.00425494 1 401 0.0470588 0.5 0 0
14670 0.00425494 1 401 0.0470588 0.5 0 0
14680 0.0042475 1 402 0.0470588 0.5 0 0
14690 0.0042475 1 402 0.0470588 0.5 0 0
14700 0.00423435 1 403 0.0470588 0.5 0 0
14710 0.00423435 1 403 0.0509804 0.5 0 0
14720 0.00425151 1 404 0.0509804 0.5 0 0
14730 0.00425151 1 404 0.0509804 0.5 0 0
14740 0.00429437 1 405 0.0509804 0.5 0 0
14750 0.00429437 1 405 0.0509804 0.5 0 0
14760 0.00430854 1 406 0.0509804 0.5 0 0
14770 0.00430854 1 406 0.0509804 0.5 0 0
14780 0.00431414 1 407 0.0509804 0.5 0 0
14790 0.00431414 1 407 0.0509804 0.5 0 0
14800 0.00431138 1 408 0.0509804 0.5 0 0
14810 0.00431138 1 408 0.0470588 0.5 0 0
14820 0.00431413 0.916667 408.917 0.0509804 0.5 0 0
14830 0.00431413 0.916667 408.917 0.0509804 0.5 0 0
14840 0.00430507 0.916667 409.833 0.0509804 0.5 0 0
14850 0.00430507 0.916667 409.833 0.0509804 0.5 0 0
14860 0.00430355 0.833333 410.667 0.0509804 0.5 0 0
14870 0.00430355 0.833333 410.667 0.0509804 0.5 0 0
14880 0.00430954 0.833333 411.5 0.0509804 0.5 0 0
14890 0.00430954 0.833333 411.5 0.0509804 0.5 0 0
14900 0.00432279 0.916667 412.417 0.0509804 0.5 0 0
14910 0.00432279 0.916667 412.417 0.0509804 0.5 0 0
14920 0.00433217 0.916667 413.333 0.0509804 0.5 0 0
14930 0.00433217 0.916667 413.333 0.0509804 0.5 0 0
14940 0.00434148 0.916667 414.25 0.0509804 0.5 0 0
14950 0.00434148 0.916667 414.25 0.0509804 0.5 0 0
14960 0.00435083 0.916667 415.167 0.0509804 0.5 0 0
14970 0.00435083 0.916667 415.167 0.0509804 0.5 0 0
14980 0.00436255 0.916667 416.083 0.0509804 0.5 0 0
14990 0.00436255 0.916667 416.083 0.0509804 0.5 0 0
15000 0.00437335 0.916667 417 0.0509804 0.5 0 0
15010 0.00437335 0.916667 417 0.0509804 0.5 0 0
15020 0.00438261 1 418 0.0509804 0.5 0 0
15030 0.00438261 1 418 0.0509804 0.5 0 0
15040 0.0043928 0.833333 418.833 0.0509804 0.5 0 0
15050 0.0043928 0.833333 418.833 0.0509804 0.5 0 0
15060 0.00440294 0.666667 419.5 0.0509804 0.5 0 0
15070 0.00440294 0.666667 419.5 0.0509804 0.5 0 0
15080 0.00441488 0.833333 420.333 0.0509804 0.5 0 0
15090 0.00441488 0.833333 420.333 0.0509804 0.5 0 0
15100 0.0044237 0.916667 421.25 0.054902 0.5 0 0
15110 0.0044237 0.916667 421.25 0.0509804 0.5 0 0
15120 0.00442995 0.916667 422.167 0.0509804 0.5 0 0
15130 0.00442995 0.916667 422.167 0.0509804 0.5 0 0
15140 0.00442498 0.916667 423.083 0.0509804 0.5 0 0
15150 0.00442498 0.916667 423.083 0.054902 0.5 0 0
15160 0.00441961 0.916667 424 0.0509804 0.5 0 0
15170 0.00441961 0.916667 424 0.0509804 0.5 0 0
15180 0.00440952 0.75 424.75 0.0509804 0.5 0 0
15190 0.00440952 0.75 424.75 0.0509804 0.5 0 0
15200 0.00439475 0.916667 425.667 0.0509804 0.5 0 0
15210 0.00439475 0.916667 425.667 0.0509804 0.5 0 0
15220 0.0043819 0.916667 426.583 0.054902 0.5 0 0
15230 0.0043819 0.916667 426.583 0.0509804 0.5 0 0
15240 0.00437131 0.916667 427.5 0.0509804 0.5 0 0
15250 0.00437131 0.916667 427.5 0.054902 0.5 0 0
15260 0.00435458 0.833333 428.333 0.0509804 0.5 0 0
15270 0.00435458 0.833333 428.333 0.0509804 0.5 0 0
15280 0.00433565 0.833333 429.167 0.0509804 0.5 0 0
15290 0.00433565 0.833333 429.167 0.0509804 0.5 0 0
15300 0.00431547 0.666667 429.833 0.0509804 0.5 0 0
15310 0.00431547 0.666667 429.833 0.0509804 0.5 0 0
15320 0.00428349 0.916667 430.75 0.0509804 0.5 0 0
15330 0.00428349 0.916667 430.75 0.0509804 0.5 0 0
15340 0.00426922 0.916667 431.667 0.0509804 0.5 0 0
15350 0.00426922 0.916667 431.667 0.0509804 0.5 0 0
15360 0.00425448 0.916667 432.583 0.0509804 0.5 0 0
15370 0.00425448 0.916667 432.583 0.0509804 0.5 0 0
15380 0.00423854 0.916667 433.5 0.0509804 0.5 0 0
15390 0.00423854 0.916667 433.5 0.0509804 0.5 0 0
15400 0.0042235 0.916667 434.417 0.0509804 0.5 0 0
15410 0.0042235 0.916667 434.417 0.0509804 0.5 0 0
15420 0.00421752 0.916667 435.333 0.0470588 0.5 0 0
15430 0.00421752 0.916667 435.333 0.0470588 0.5 0 0
15440 0.00420278 0.916667 436.25 0.0470588 0.5 0 0
15450 0.00420278 0.916667 436.25 0.0509804 0.5 0 0
15460 0.00419471 0.916667 437.167 0.0470588 0.5 0 0
15470 0.00419471 0.916667 437.167 0.0470588 0.5 0 0
15480 0.00418724 0.916667 438.083 0.0509804 0.5 0 0
15490 0.00418724 0.916667 438.083 0.0509804 0.5 0 0
15500 0.00417776 0.916667 439 0.0470588 0.5 0 0
15510 0.00417776 0.916667 439 0.0470588 0.5 0 0
15520 0.0041696 0.916667 439.917 0.0509804 0.5 0 0
15530 0.0041696 0.916667 439.917 0.0470588 0.5 0 0
15540 0.00416188 0.833333 440.75 0.0509804 0.5 0 0
15550 0.00416188 0.833333 440.75 0.0470588 0.5 0 0
15560 0.0041629 0.916667 441.667 0.0470588 0.5 0 0
15570 0.0041629 0.916667 441.667 0.0470588 0.5 0 0
15580 0.004167 0.916667 442.583 0.0470588 0.5 0 0
15590 0.004167 0.916667 442.583 0.0470588 0.5 0 0
15600 0.00416677 0.916667 443.5 0.0470588 0.5 0 0
15610 0.00416677 0.916667 443.5 0.0470588 0.5 0 0
15620 0.00415865 0.916667 444.417 0.0470588 0.5 0 0
15630 0.00415865 0.916667 444.417 0.0470588 0.5 0 0
15640 0.00414681 0.916667 445.333 0.0509804 0.5 0 0
15650 0.00414681 0.916667 445.333 0.0470588 0.5 0 0
15660 0.0041348 0.916667 446.25 0.0470588 0.5 0 0
15670 0.0041348 0.916667 446.25 0.0470588 0.5 0 0
15680 0.00414702 0.833333 447.083 0.0470588 0.5 0 0
15690 0.00414702 0.833333 447.083 0.0470588 0.5 0 0
15700 0.00414753 0.833333 447.917 0.0470588 0.5 0 0
15710 0.00414753 0.833333 447.917 0.0509804 0.5 0 0
15720 0.00412877 0.833333 448.75 0.0470588 0.5 0 0
15730 0.00412877 0.833333 448.75 0.0470588 0.5 0 0
15740 0.00410811 0.833333 449.583 0.0470588 0.5 0 0
15750 0.00410811 0.833333 449.583 0.0509804 0.5 0 0
15760 0.00409499 0.833333 450.417 0.0470588 0.5 0 0
15770 0.00409499 0.833333 450.417 0.0509804 0.5 0 0
15780 0.00410906 0.833333 451.25 0.0470588 0.5 0 0
15790 0.00410906 0.833333 451.25 0.0509804 0.5 0 0
15800 0.00411321 0.833333 452.083 0.0509804 0.5 0 0
15810 0.00411321 0.833333 452.083 0.0509804 0.5 0 0
15820 0.00411317 0.833333 452.917 0.0509804 0.5 0 0
15830 0.00411317 0.833333 452.917 0.0509804 0.5 0 0
15840 0.00411287 0.833333 453.75 0.0509804 0.5 0 0
15850 0.00411287 0.833333 453.75 0.0470588 0.5 0 0
15860 0.00411044 0.75 454.5 0.0509804 0.5 0 0
15870 0.00411044 0.75 454.5 0.0509804 0.5 0 0
15880 0.00412135 0.666667 455.167 0.0509804 0.5 0 0
15890 0.00412135 0.666667 455.167 0.0509804 0.5 0 0
15900 0.00414669 0.75 455.917 0.0509804 0.5 0 0
15910 0.00414669 0.75 455.917 0.0509804 0.5 0 0
15920 0.00415165 0.75 456.667 0.0509804 0.5 0 0
15930 0.00415165 0.75 456.667 0.0509804 0.5 0 0
15940 0.00415283 0.75 457.417 0.0509804 0.5 0 0
15950 0.00415283 0.75 457.417 0.0470588 0.5 0 0
15960 0.00415072 0.75 458.167 0.0509804 0.5 0 0
15970 0.00415072 0.75 458.167 0.0509804 0.5 0 0
15980 0.00415335 0.666667 458.833 0.0509804 0.5 0 0
15990 0.00415335 0.666667 458.833 0.0509804 0.5 0 0
16000 0.00417109 0.666667 459.5 0.0509804 0.5 0 0
16010 0.00417109 0.666667 459.5 0.0509804 0.5 0 0
16020 0.0041946 0.666667 460.167 0.0509804 0.5 0 0
16030 0.0041946 0.666667 460.167 0.0509804 0.5 0 0
16040 0.00419592 0.666667 460.833 0.0509804 0.5 0 0
16050 0.00419592 0.666667 460.833 0.0509804 0.5 0 0
16060 0.00419786 0.666667 461.5 0.0509804 0.5 0 0
16070 0.00419786 0.666667 461.5 0.0509804 0.5 0 0
16080 0.0042011 0.666667 462.167 0.0509804 0.5 0 0
16090 0.0042011 0.666667 462.167 0.0509804 0.5 0 0
16100 0.00419964 0.666667 462.833 0.0509804 0.5 0 0
16110 0.00419964 0.666667 462.833 0.0509804 0.5 0 0
16120 0.00419966 0.583333 463.417 0.0509804 0.5 0 0
16130 0.00419966 0.583333 463.417 0.054902 0.5 0 0
16140 0.00419543 0.5 463.917 0.0509804 0.5 0 0
16150 0.00419543 0.5 463.917 0.0509804 0.5 0 0
16160 0.00416007 0.5 464.417 0.054902 0.5 0 0
16170 0.00416007 0.5 464.417 0.054902 0.5 0 0
16180 0.00415207 0.5 464.917 0.054902 0.5 0 0
16190 0.00415207 0.5 464.917 0.054902 0.5 0 0
16200 0.00414458 0.5 465.417 0.054902 0.5 0 0
16210 0.00414458 0.5 465.417 0.054902 0.5 0 0
16220 0.00413232 0.583333 466 0.054902 0.5 0 0
16230 0.00413232 0.583333 466 0.054902 0.5 0 0
16240 0.00412701 0.583333 466.583 0.054902 0.5 0 0
16250 0.00412701 0.583333 466.583 0.054902 0.5 0 0
16260 0.00412629 0.583333 467.167 0.054902 0.5 0 0
16270 0.00412629 0.583333 467.167 0.054902 0.5 0 0
16280 0.0041079 0.5 467.667 0.0509804 0.5 0 0
16290 0.0041079 0.5 467.667 0.054902 0.5 0 0
16300 0.00409467 0.666667 468.333 0.0509804 0.5 0 0
16310 0.00409467 0.666667 468.333 0.054902 0.5 0 0
16320 0.00410111 0.666667 469 0.054902 0.5 0 0
16330 0.00410111 0.666667 469 0.054902 0.5 0 0
16340 0.00409653 0.833333 469.833 0.054902 0.5 0 0
16350 0.00409653 0.833333 469.833 0.054902 0.5 0 0
16360 0.00409451 0.833333 470.667 0.054902 0.5 0 0
16370 0.00409451 0.833333 470.667 0.054902 0.5 0 0
16380 0.00409372 0.833333 471.5 0.054902 0.5 0 0
16390 0.00409372 0.833333 471.5 0.054902 0.5 0 0
16400 0.00409715 0.833333 472.333 0.054902 0.5 0 0
16410 0.00409715 0.833333 472.333 0.054902 0.5 0 0
16420 0.00409612 0.583333 472.917 0.054902 0.5 0 0
16430 0.00409612 0.583333 472.917 0.054902 0.5 0 0
16440 0.00408292 0.583333 473.5 0.054902 0.5 0 0
16450 0.00408292 0.583333 473.5 0.054902 0.5 0 0
16460 0.0040851 0.416667 473.917 0.0588235 0.5 0 0
16470 0.0040851 0.416667 473.917 0.0588235 0.5 0 0
16480 0.00409394 0.416667 474.333 0.054902 0.5 0 0
16490 0.00409394 0.416667 474.333 0.054902 0.5 0 0
16500 0.0040947 0.416667 474.75 0.054902 0.5 0 0
16510 0.0040947 0.416667 474.75 0.054902 0.5 0 0
16520 0.00409543 0.416667 475.167 0.0588235 0.5 0 0
16530 0.00409543 0.416667 475.167 0.054902 0.5 0 0
16540 0.00409781 0.416667 475.583 0.054902 0.5 0 0
16550 0.00409781 0.416667 475.583 0.054902 0.5 0 0
16560 0.00409612 0.333333 475.917 0.054902 0.5 0 0
16570 0.00409612 0.333333 475.917 0.054902 0.5 0 0
16580 0.00409632 0.25 476.167 0.0588235 0.5 0 0
16590 0.00409632 0.25 476.167 0.0588235 0.5 0 0
16600 0.00408555 0.416667 476.583 0.054902 0.5 0 0
16610 0.00408555 0.416667 476.583 0.054902 0.5 0 0
16620 0.00408179 0.583333 477.167 0.054902 0.5 0 0
16630 0.00408179 0.583333 477.167 0.0588235 0.5 0 0
16640 0.00408207 0.75 477.917 0.054902 0.5 0 0
16650 0.00408207 0.75 477.917 0.054902 0.5 0 0
16660 0.00408055 0.833333 478.75 0.054902 0.5 0 0
16670 0.00408055 0.833333 478.75 0.054902 0.5 0 0
16680 0.00407933 0.833333 479.583 0.054902 0.5 0 0
16690 0.00407933 0.833333 479.583 0.054902 0.5 0 0
16700 0.00407824 0.75 480.333 0.054902 0.5 0 0
16710 0.00407824 0.75 480.333 0.054902 0.5 0 0
16720 0.00432147 0.916667 481.25 0.054902 0.5 0 0
16730 0.00432147 0.916667 481.25 0.054902 0.5 0 0
16740 0.00442153 0.916667 482.167 0.0588235 0.5 0 0
16750 0.00442153 0.916667 482.167 0.054902 0.5 0 0
16760 0.00441405 0.833333 483 0.054902 0.5 0 0
16770 0.00441405 0.833333 483 0.0588235 0.5 0 0
16780 0.00441318 0.833333 483.833 0.054902 0.5 0 0
16790 0.00441318 0.833333 483.833 0.0588235 0.5 0 0
16800 0.00441294 0.833333 484.667 0.0588235 0.5 0 0
16810 0.00441294 0.833333 484.667 0.0588235 0.5 0 0
16820 0.00441073 0.666667 485.333 0.054902 0.5 0 0
16830 0.00441073 0.666667 485.333 0.0588235 0.5 0 0
16840 0.00441675 0.666667 486 0.0588235 0.5 0 0
16850 0.00441675 0.666667 486 0.0588235 0.5 0 0
16860 0.00441289 0.666667 486.667 0.054902 0.5 0 0
16870 0.00441289 0.666667 486.667 0.054902 0.5 0 0
16880 0.00441599 0.916667 487.583 0.054902 0.5 0 0
16890 0.00441599 0.916667 487.583 0.054902 0.5 0 0
16900 0.00444325 0.916667 488.5 0.054902 0.5 0 0
16910 0.00444325 0.916667 488.5 0.0509804 0.5 0 0
16920 0.00447449 1 489.5 0.0509804 0.5 0 0
16930 0.00447449 1 489.5 0.0509804 0.5 0 0
16940 0.00451294 1 490.5 0.0509804 0.5 0 0
16950 0.00451294 1 490.5 0.0509804 0.5 0 0
16960 0.00452072 1 491.5 0.0509804 0.5 0 0
16970 0.00452072 1 491.5 0.0509804 0.5 0 0
16980 0.00452529 0.75 492.25 0.0509804 0.5 0 0
16990 0.00452529 0.75 492.25 0.0509804 0.5 0 0
17000 0.00453158 0.833333 493.083 0.0509804 0.5 0 0
17010 0.00453158 0.833333 493.083 0.0509804 0.5 0 0
17020 0.00454275 1 494.083 0.0509804 0.5 0 0
17030 0.00454275 1 494.083 0.0509804 0.5 0 0
17040 0.00454391 1 495.083 0.0509804 0.5 0 0
17050 0.00454391 1 495.083 0.0509804 0.5 0 0
17060 0.00452233 1 496.083 0.0509804 0.5 0 0
17070 0.00452233 1 496.083 0.0470588 0.5 0 0
17080 0.00450213 1 497.083 0.0509804 0.5 0 0
17090 0.00450213 1 497.083 0.0470588 0.5 0 0
17100 0.00449692 1 498.083 0.0509804 0.5 0 0
17110 0.00449692 1 498.083 0.0509804 0.5 0 0
17120 0.00449633 1 499.083 0.0509804 0.5 0 0
17130 0.00449633 1 499.083 0.0509804 0.5 0 0
17140 0.0044989 1 500.083 0.0509804 0.5 0 0
17150 0.0044989 1 500.083 0.0509804 0.5 0 0
17160 0.00451362 1 501.083 0.0509804 0.5 0 0
17170 0.00451362 1 501.083 0.0509804 0.5 0 0
17180 0.00454314 1 502.083 0.0509804 0.5 0 0
17190 0.00454314 1 502.083 0.0509804 0.5 0 0
17200 0.00456158 1 503.083 0.0509804 0.5 0 0
17210 0.00456158 1 503.083 0.0509804 0.5 0 0
17220 0.00455882 1 504.083 0.0509804 0.5 0 0
17230 0.00455882 1 504.083 0.0509804 0.5 0 0
17240 0.00455283 0.916667 505 0.0509804 0.5 0 0
17250 0.00455283 0.916667 505 0.0509804 0.5 0 0
17260 0.00454866 1 506 0.0509804 0.5 0 0
17270 0.00454866 1 506 0.0509804 0.5 0 0
17280 0.00454328 1 507 0.0509804 0.5 0 0
17290 0.00454328 1 507 0.0470588 0.5 0 0
17300 0.00455547 1 508 0.0509804 0.5 0 0
17310 0.00455547 1 508 0.0509804 0.5 0 0
17320 0.00457427 1 509 0.0509804 0.5 0 0
17330 0.00457427 1 509 0.0509804 0.5 0 0
17340 0.00458057 0.916667 509.917 0.0509804 0.5 0 0
17350 0.00458057 0.916667 509.917 0.0509804 0.5 0 0
17360 0.00458828 0.916667 510.833 0.0470588 0.5 0 0
17370 0.00458828 0.916667 510.833 0.0509804 0.5 0 0
17380 0.00460811 0.916667 511.75 0.0509804 0.5 0 0
17390 0.00460811 0.916667 511.75 0.0509804 0.5 0 0
17400 0.00465017 0.833333 512.583 0.0509804 0.5 0 0
17410 0.00465017 0.833333 512.583 0.0509804 0.5 0 0
17420 0.00465104 0.916667 513.5 0.0509804 0.5 0 0
17430 0.00465104 0.916667 513.5 0.0509804 0.5 0 0
17440 0.00462968 0.916667 514.417 0.0509804 0.5 0 0
17450 0.00462968 0.916667 514.417 0.0509804 0.5 0 0
17460 0.00461279 0.833333 515.25 0.0509804 0.5 0 0
17470 0.00461279 0.833333 515.25 0.0509804 0.5 0 0
17480 0.00460911 0.833333 516.083 0.0509804 0.5 0 0
17490 0.00460911 0.833333 516.083 0.0509804 0.5 0 0
17500 0.00461594 0.666667 516.75 0.0509804 0.5 0 0
17510 0.00461594 0.666667 516.75 0.0509804 0.5 0 0
17520 0.00461705 0.833333 517.583 0.0509804 0.5 0 0
17530 0.00461705 0.833333 517.583 0.0509804 0.5 0 0
17540 0.00462327 0.833333 518.417 0.0509804 0.5 0 0
17550 0.00462327 0.833333 518.417 0.0509804 0.5 0 0
17560 0.00462328 0.666667 519.083 0.0509804 0.5 0 0
17570 0.00462328 0.666667 519.083 0.0509804 0.5 0 0
17580 0.0045906 0.833333 519.917 0.0509804 0.5 0 0
17590 0.0045906 0.833333 519.917 0.0509804 0.5 0 0
17600 0.00455134 0.916667 520.833 0.0509804 0.5 0 0
17610 0.00455134 0.916667 520.833 0.0509804 0.5 0 0
17620 0.00453447 0.916667 521.75 0.0509804 0.5 0 0
17630 0.00453447 0.916667 521.75 0.0509804 0.5 0 0
17640 0.0045252 0.916667 522.667 0.0470588 0.5 0 0
17650 0.0045252 0.916667 522.667 0.0509804 0.5 0 0
17660 0.00451517 0.916667 523.583 0.0509804 0.5 0 0
17670 0.00451517 0.916667 523.583 0.0509804 0.5 0 0
17680 0.00449897 0.916667 524.5 0.0470588 0.5 0 0
17690 0.00449897 0.916667 524.5 0.0509804 0.5 0 0
17700 0.00448683 0.916667 525.417 0.0509804 0.5 0 0
17710 0.00448683 0.916667 525.417 0.0509804 0.5 0 0
17720 0.00449572 0.916667 526.333 0.0470588 0.5 0 0
17730 0.00449572 0.916667 526.333 0.0509804 0.5 0 0
17740 0.00450408 0.916667 527.25 0.0470588 0.5 0 0
17750 0.00450408 0.916667 527.25 0.0509804 0.5 0 0
17760 0.00451038 0.916667 528.167 0.0509804 0.5 0 0
17770 0.00451038 0.916667 528.167 0.0509804 0.5 0 0
17780 0.00451687 0.916667 529.083 0.0470588 0.5 0 0
17790 0.00451687 0.916667 529.083 0.0509804 0.5 0 0
17800 0.00451653 0.916667 530 0.0509804 0.5 0 0
17810 0.00451653 0.916667 530 0.0509804 0.5 0 0
17820 0.00450349 0.916667 530.917 0.0509804 0.5 0 0
17830 0.00450349 0.916667 530.917 0.0509804 0.5 0 0
17840 0.00449014 1 531.917 0.0509804 0.5 0 0
17850 0.00449014 1 531.917 0.0470588 0.5 0 0
17860 0.00447402 1 532.917 0.0509804 0.5 0 0
17870 0.00447402 1 532.917 0.0509804 0.5 0 0
17880 0.0044638 1 533.917 0.0509804 0.5 0 0
17890 0.0044638 1 533.917 0.0509804 0.5 0 0
17900 0.00445293 1 534.917 0.0509804 0.5 0 0
17910 0.00445293 1 534.917 0.0509804 0.5 0 0
17920 0.00444238 1 535.917 0.0509804 0.5 0 0
17930 0.00444238 1 535.917 0.0509804 0.5 0 0
17940 0.00442351 1 536.917 0.0509804 0.5 0 0
17950 0.00442351 1 536.917 0.0509804 0.5 0 0
17960 0.004428 1 537.917 0.0509804 0.5 0 0
17970 0.004428 1 537.917 0.0509804 0.5 0 0
17980 0.00445092 1 538.917 0.0509804 0.5 0 0
17990 0.00445092 1 538.917 0.0509804 0.5 0 0
18000 0.00445027 1 539.917 0.0509804 0.5 0 0
18010 0.00445027 1 539.917 0.0509804 0.5 0 0
18020 0.00445166 1 540.917 0.0509804 0.5 0 0
18030 0.00445166 1 540.917 0.0509804 0.5 0 0
18040 0.00445488 1 541.917 0.0509804 0.5 0 0
18050 0.00445488 1 541.917 0.0509804 0.5 0 0
18060 0.00445445 1 542.917 0.0509804 0.5 0 0
18070 0.00445445 1 542.917 0.0509804 0.5 0 0
18080 0.00443782 0.916667 543.833 0.0509804 0.5 0 0
18090 0.00443782 0.916667 543.833 0.0509804 0.5 0 0
18100 0.00441495 0.916667 544.75 0.0509804 0.5 0 0
18110 0.00441495 0.916667 544.75 0.0509804 0.5 0 0
18120 0.00441024 1 545.75 0.0509804 0.5 0 0
18130 0.00441024 1 545.75 0.0509804 0.5 0 0
18140 0.00440918 0.916667 546.667 0.0470588 0.5 0 0
18150 0.00440918 0.916667 546.667 0.0509804 0.5 0 0
18160 0.00439524 0.833333 547.5 0.0470588 0.5 0 0
18170 0.00439524 0.833333 547.5 0.0470588 0.5 0 0
18180 0.0043641 0.833333 548.333 0.0470588 0.5 0 0
18190 0.0043641 0.833333 548.333 0.0509804 0.5 0 0
18200 0.00435507 1 549.333 0.0509804 0.5 0 0
18210 0.00435507 1 549.333 0.0509804 0.5 0 0
18220 0.0043657 1 550.333 0.0509804 0.5 0 0
18230 0.0043657 1 550.333 0.0509804 0.5 0 0
18240 0.00437642 1 551.333 0.0509804 0.5 0 0
18250 0.00437642 1 551.333 0.0509804 0.5 0 0
18260 0.00440969 1 552.333 0.0509804 0.5 0 0
18270 0.00440969 1 552.333 0.0509804 0.5 0 0
18280 0.00442868 1 553.333 0.0509804 0.5 0 0
18290 0.00442868 1 553.333 0.0509804 0.5 0 0
18300 0.00441566 0.916667 554.25 0.0509804 0.5 0 0
18310 0.00441566 0.916667 554.25 0.0509804 0.5 0 0
18320 0.00440432 1 555.25 0.0509804 0.5 0 0
18330 0.00440432 1 555.25 0.0470588 0.5 0 0
18340 0.00440327 1 556.25 0.0509804 0.5 0 0
18350 0.00440327 1 556.25 0.0509804 0.5 0 0
18360 0.00439862 0.833333 557.083 0.0509804 0.5 0 0
18370 0.00439862 0.833333 557.083 0.0509804 0.5 0 0
18380 0.00438647 0.916667 558 0.0509804 0.5 0 0
18390 0.00438647 0.916667 558 0.0509804 0.5 0 0
18400 0.0043815 0.916667 558.917 0.0509804 0.5 0 0
18410 0.0043815 0.916667 558.917 0.0509804 0.5 0 0
18420 0.00438229 0.75 559.667 0.0509804 0.5 0 0
18430 0.00438229 0.75 559.667 0.0509804 0.5 0 0
18440 0.00438135 0.916667 560.583 0.0509804 0.5 0 0
18450 0.00438135 0.916667 560.583 0.0509804 0.5 0 0
18460 0.00437342 0.833333 561.417 0.0509804 0.5 0 0
18470 0.00437342 0.833333 561.417 0.0509804 0.5 0 0
18480 0.00436031 0.833333 562.25 0.0509804 0.5 0 0
18490 0.00436031 0.833333 562.25 0.0509804 0.5 0 0
18500 0.0043406 0.833333 563.083 0.0509804 0.5 0 0
18510 0.0043406 0.833333 563.083 0.0470588 0.5 0 0
18520 0.00430653 0.916667 564 0.0470588 0.5 0 0
18530 0.00430653 0.916667 564 0.0470588 0.5 0 0
18540 0.00426345 0.916667 564.917 0.0470588 0.5 0 0
18550 0.00426345 0.916667 564.917 0.0470588 0.5 0 0
18560 0.0043084 0.916667 565.833 0.0509804 0.5 0 0
18570 0.0043084 0.916667 565.833 0.0509804 0.5 0 0
18580 0.00435758 1 566.833 0.0509804 0.5 0 0
18590 0.00435758 1 566.833 0.0509804 0.5 0 0
18600 0.00440849 1 567.833 0.0509804 0.5 0 0
18610 0.00440849 1 567.833 0.0509804 0.5 0 0
18620 0.00445944 1 568.833 0.0509804 0.5 0 0
18630 0.00445944 1 568.833 0.0509804 0.5 0 0
18640 0.00449266 1 569.833 0.0509804 0.5 0 0
18650 0.00449266 1 569.833 0.0509804 0.5 0 0
18660 0.00451441 0.916667 570.75 0.0509804 0.5 0 0
18670 0.00451441 0.916667 570.75 0.0509804 0.5 0 0
18680 0.00452963 0.916667 571.667 0.0509804 0.5 0 0
18690 0.00452963 0.916667 571.667 0.0509804 0.5 0 0
18700 0.0045344 0.916667 572.583 0.0509804 0.5 0 0
18710 0.0045344 0.916667 572.583 0.0509804 0.5 0 0
18720 0.00453046 0.916667 573.5 0.0509804 0.5 0 0
18730 0.00453046 0.916667 573.5 0.0509804 0.5 0 0
18740 0.00455227 0.833333 574.333 0.0509804 0.5 0 0
18750 0.00455227 0.833333 574.333 0.0509804 0.5 0 0
18760 0.00455103 0.833333 575.167 0.0509804 0.5 0 0
18770 0.00455103 0.833333 575.167 0.0509804 0.5 0 0
18780 0.00455231 0.833333 576 0.0509804 0.5 0 0
18790 0.00455231 0.833333 576 0.0509804 0.5 0 0
18800 0.0045613 0.833333 576.833 0.0509804 0.5 0 0
18810 0.0045613 0.833333 576.833 0.0509804 0.5 0 0
18820 0.00456201 0.833333 577.667 0.0509804 0.5 0 0
18830 0.00456201 0.833333 577.667 0.0509804 0.5 0 0
18840 0.00456056 0.833333 578.5 0.0509804 0.5 0 0
18850 0.00456056 0.833333 578.5 0.0509804 0.5 0 0
18860 0.00455709 0.833333 579.333 0.0509804 0.5 0 0
18870 0.00455709 0.833333 579.333 0.0509804 0.5 0 0
18880 0.00455265 0.833333 580.167 0.0509804 0.5 0 0
18890 0.00455265 0.833333 580.167 0.0509804 0.5 0 0
18900 0.00455189 0.75 580.917 0.0509804 0.5 0 0
18910 0.00455189 0.75 580.917 0.0509804 0.5 0 0
18920 0.00454438 0.75 581.667 0.0509804 0.5 0 0
18930 0.00454438 0.75 581.667 0.0509804 0.5 0 0
18940 0.00453751 0.666667 582.333 0.0509804 0.5 0 0
18950 0.00453751 0.666667 582.333 0.0509804 0.5 0 0
18960 0.00453085 0.75 583.083 0.0509804 0.5 0 0
18970 0.00453085 0.75 583.083 0.0509804 0.5 0 0
18980 0.0045219 0.75 583.833 0.0509804 0.5 0 0
18990 0.0045219 0.75 583.833 0.0509804 0.5 0 0
19000 0.00451429 0.75 584.583 0.0509804 0.5 0 0
19010 0.00451429 0.75 584.583 0.0509804 0.5 0 0
19020 0.00450742 0.75 585.333 0.0509804 0.5 0 0
19030 0.00450742 0.75 585.333 0.0509804 0.5 0 0
19040 0.00450024 0.916667 586.25 0.0509804 0.5 0 0
19050 0.00450024 0.916667 586.25 0.0509804 0.5 0 0
19060 0.00452611 0.916667 587.167 0.0509804 0.5 0 0
19070 0.00452611 0.916667 587.167 0.0509804 0.5 0 0
19080 0.00454338 0.833333 588 0.0509804 0.5 0 0
19090 0.00454338 0.833333 588 0.0509804 0.5 0 0
19100 0.00452634 0.916667 588.917 0.0509804 0.5 0 0
19110 0.00452634 0.916667 588.917 0.0509804 0.5 0 0
19120 0.0045196 0.916667 589.833 0.0509804 0.5 0 0
19130 0.0045196 0.916667 589.833 0.0509804 0.5 0 0
19140 0.00451514 0.916667 590.75 0.0509804 0.5 0 0
19150 0.00451514 0.916667 590.75 0.0509804 0.5 0 0
19160 0.00450173 0.833333 591.583 0.0509804 0.5 0 0
19170 0.00450173 0.833333 591.583 0.0509804 0.5 0 0
19180 0.00448167 0.833333 592.417 0.0509804 0.5 0 0
19190 0.00448167 0.833333 592.417 0.0509804 0.5 0 0
19200 0.00447159 0.833333 593.25 0.0509804 0.5 0 0
19210 0.00447159 0.833333 593.25 0.0509804 0.5 0 0
19220 0.00446858 0.833333 594.083 0.0509804 0.5 0 0
19230 0.00446858 0.833333 594.083 0.0509804 0.5 0 0
19240 0.00446815 1 595.083 0.0509804 0.5 0 0
19250 0.00446815 1 595.083 0.0509804 0.5 0 0
19260 0.00446754 0.916667 596 0.0509804 0.5 0 0
19270 0.00446754 0.916667 596 0.0509804 0.5 0 0
19280 0.00446529 0.916667 596.917 0.0509804 0.5 0 0
19290 0.00446529 0.916667 596.917 0.0509804 0.5 0 0
19300 0.00446121 0.916667 597.833 0.0509804 0.5 0 0
19310 0.00446121 0.916667 597.833 0.0509804 0.5 0 0
19320 0.00445777 0.75 598.583 0.0509804 0.5 0 0
19330 0.00445777 0.75 598.583 0.0509804 0.5 0 0
19340 0.00445065 0.666667 599.25 0.0509804 0.5 0 0
19350 0.00445065 0.666667 599.25 0.0509804 0.5 0 0
19360 0.00444437 0.666667 599.917 0.0509804 0.5 0 0
19370 0.00444437 0.666667 599.917 0.0509804 0.5 0 0
19380 0.00444322 0.75 600.667 0.0509804 0.5 0 0
19390 0.00444322 0.75 600.667 0.0509804 0.5 0 0
19400 0.00443634 0.75 601.417 0.0509804 0.5 0 0
19410 0.00443634 0.75 601.417 0.0509804 0.5 0 0
19420 0.00442783 0.833333 602.25 0.0509804 0.5 0 0
19430 0.00442783 0.833333 602.25 0.0509804 0.5 0 0
19440 0.00441651 0.833333 603.083 0.0509804 0.5 0 0
19450 0.00441651 0.833333 603.083 0.0509804 0.5 0 0
19460 0.00441206 0.833333 603.917 0.0509804 0.5 0 0
19470 0.00441206 0.833333 603.917 0.0509804 0.5 0 0
19480 0.004395 0.833333 604.75 0.0509804 0.5 0 0
19490 0.004395 0.833333 604.75 0.0509804 0.5 0 0
19500 0.00439107 0.833333 605.583 0.0509804 0.5 0 0
19510 0.00439107 0.833333 605.583 0.0509804 0.5 0 0
19520 0.00438201 0.833333 606.417 0.0509804 0.5 0 0
19530 0.00438201 0.833333 606.417 0.0509804 0.5 0 0
19540 0.00437132 0.833333 607.25 0.0509804 0.5 0 0
19550 0.00437132 0.833333 607.25 0.0509804 0.5 0 0
19560 0.00436657 0.75 608 0.0509804 0.5 0 0
19570 0.00436657 0.75 608 0.0509804 0.5 0 0
19580 0.00436626 0.833333 608.833 0.0509804 0.5 0 0
19590 0.00436626 0.833333 608.833 0.0509804 0.5 0 0
19600 0.00436434 0.75 609.583 0.0509804 0.5 0 0
19610 0.00436434 0.75 609.583 0.0509804 0.5 0 0
19620 0.00435981 0.75 610.333 0.0509804 0.5 0 0
19630 0.00435981 0.75 610.333 0.0509804 0.5 0 0
19640 0.00435307 0.75 611.083 0.0509804 0.5 0 0
19650 0.00435307 0.75 611.083 0.0509804 0.5 0 0
19660 0.00434652 0.75 611.833 0.0509804 0.5 0 0
19670 0.00434652 0.75 611.833 0.0509804 0.5 0 0
19680 0.00433372 0.666667 612.5 0.0509804 0.5 0 0
19690 0.00433372 0.666667 612.5 0.0509804 0.5 0 0
19700 0.00432617 0.666667 613.167 0.0509804 0.5 0 0
19710 0.00432617 0.666667 613.167 0.0509804 0.5 0 0
19720 0.00431431 0.666667 613.833 0.0509804 0.5 0 0
19730 0.00431431 0.666667 613.833 0.0509804 0.5 0 0
19740 0.00429927 0.666667 614.5 0.0509804 0.5 0 0
19750 0.00429927 0.666667 614.5 0.0509804 0.5 0 0
19760 0.00428766 0.666667 615.167 0.0509804 0.5 0 0
19770 0.00428766 0.666667 615.167 0.0509804 0.5 0 0
19780 0.00421212 0.833333 616 0.0470588 0.5 0 0
19790 0.00421212 0.833333 616 0.0470588 0.5 0 0
19800 0.00408636 0.916667 616.917 0.0470588 0.5 0 0
19810 0.00408636 0.916667 616.917 0.0470588 0.5 0 0
19820 0.00404222 1 617.917 0.0509804 0.5 0 0
19830 0.00404222 1 617.917 0.0470588 0.5 0 0
19840 0.00405182 1 618.917 0.0470588 0.5 0 0
19850 0.00405182 1 618.917 0.0470588 0.5 0 0
19860 0.00407136 1 619.917 0.0509804 0.5 0 0
19870 0.00407136 1 619.917 0.0509804 0.5 0 0
19880 0.00407854 1 620.917 0.0470588 0.5 0 0
19890 0.00407854 1 620.917 0.0470588 0.5 0 0
19900 0.00411232 1 621.917 0.0509804 0.5 0 0
19910 0.00411232 1 621.917 0.0470588 0.5 0 0
19920 0.00416494 1 622.917 0.0509804 0.5 0 0
19930 0.00416494 1 622.917 0.0470588 0.5 0 0
19940 0.0041674 1 623.917 0.0470588 0.5 0 0
19950 0.0041674 1 623.917 0.0509804 0.5 0 0
19960 0.00413706 1 624.917 0.0470588 0.5 0 0
19970 0.00413706 1 624.917 0.0470588 0.5 0 0
19980 0.00411669 1 625.917 0.0470588 0.5 0 0
19990 0.00411669 1 625.917 0.0470588 0.5 0 0
20000 0.00411066 1 626.917 0.0470588 0.5 0 0
20010 0.00411066 1 626.917 0.0509804 0.5 0 0
