0 0.0852778 0 0 0.5 0.5 0 0
10 0.0852778 0 0 0.588235 0.5 0 0
20 0.0850987 0.416667 0.416667 0.576471 0.5 0 0
30 0.0850987 0.416667 0.416667 0.572549 0.5 0 0
40 0.0850804 0.416667 0.833333 0.568627 0.5 0 0
50 0.0850804 0.416667 0.833333 0.733333 0.5 0 0
60 0.0850804 0.416667 1.25 0.619608 0.5 0 0
70 0.0850804 0.416667 1.25 0.6 0.5 0 0
80 0.0851422 0.5 1.75 0.72549 0.5 0 0
90 0.0851422 0.5 1.75 0.678431 0.5 0 0
100 0.0840151 0.5 2.25 0.560784 0.5 0 0
110 0.0840151 0.5 2.25 0.54902 0.5 0 0
120 0.0835304 0.416667 2.66667 0.639216 0.5 0 0
130 0.0835304 0.416667 2.66667 0.639216 0.5 0 0
140 0.0819275 0.25 2.91667 0.682353 0.5 0 0
150 0.0819275 0.25 2.91667 0.596078 0.5 0 0
160 0.081082 0.25 3.16667 0.541176 0.5 0 0
170 0.081082 0.25 3.16667 0.541176 0.5 0 0
180 0.0813291 0.166667 3.33333 0.537255 0.5 0 0
190 0.0813291 0.166667 3.33333 0.541176 0.5 0 0
200 0.0814656 0.166667 3.5 0.537255 0.5 0 0
210 0.0814656 0.166667 3.5 0.545098 0.5 0 0
220 0.0815102 0 3.5 0.537255 0.5 0 0
230 0.0815102 0 3.5 0.541176 0.5 0 0
240 0.0815058 0 3.5 0.537255 0.5 0 0
250 0.0815058 0 3.5 0.541176 0.5 0 0
260 0.0813275 0 3.5 0.537255 0.5 0 0
270 0.0813275 0 3.5 0.537255 0.5 0 0
280 0.0815559 0.166667 3.66667 0.537255 0.5 0 0
290 0.0815559 0.166667 3.66667 0.533333 0.5 0 0
300 0.0817638 0.333333 4 0.529412 0.5 0 0
310 0.0817638 0.333333 4 0.529412 0.5 0 0
320 0.0817658 0.333333 4.33333 0.533333 0.5 0 0
330 0.0817658 0.333333 4.33333 0.537255 0.5 0 0
340 0.0817658 0.333333 4.66667 0.533333 0.5 0 0
350 0.0817658 0.333333 4.66667 0.533333 0.5 0 0
360 0.0817658 0.333333 5 0.541176 0.5 0 0
370 0.0817658 0.333333 5 0.537255 0.5 0 0
380 0.0817986 0.333333 5.33333 0.529412 0.5 0 0
390 0.0817986 0.333333 5.33333 0.529412 0.5 0 0
400 0.0818438 0.333333 5.66667 0.529412 0.5 0 0
410 0.0818438 0.333333 5.66667 0.533333 0.5 0 0
420 0.0816135 0.333333 6 0.52549 0.5 0 0
430 0.0816135 0.333333 6 0.509804 0.5 0 0
440 0.0816325 0.333333 6.33333 0.498039 0.5 0 0
450 0.0816325 0.333333 6.33333 0.498039 0.5 0 0
460 0.0810948 0.333333 6.66667 0.498039 0.5 0 0
470 0.0810948 0.333333 6.66667 0.498039 0.5 0 0
480 0.0809429 0.333333 7 0.498039 0.5 0 0
490 0.0809429 0.333333 7 0.498039 0.5 0 0
500 0.0809752 0.333333 7.33333 0.498039 0.5 0 0
510 0.0809752 0.333333 7.33333 0.498039 0.5 0 0
520 0.0810846 0.333333 7.66667 0.498039 0.5 0 0
530 0.0810846 0.333333 7.66667 0.498039 0.5 0 0
540 0.0813467 0.333333 8 0.498039 0.5 0 0
550 0.0813467 0.333333 8 0.498039 0.5 0 0
560 0.0817487 0.416667 8.41667 0.490196 0.5 0 0
570 0.0817487 0.416667 8.41667 0.478431 0.5 0 0
580 0.0820628 0.416667 8.83333 0.486275 0.5 0 0
590 0.0820628 0.416667 8.83333 0.482353 0.5 0 0
600 0.0822061 0.5 9.33333 0.482353 0.5 0 0
610 0.0822061 0.5 9.33333 0.482353 0.5 0 0
620 0.0822686 0.5 9.83333 0.478431 0.5 0 0
630 0.0822686 0.5 9.83333 0.486275 0.5 0 0
640 0.0825113 0.5 10.3333 0.486275 0.5 0 0
650 0.0825113 0.5 10.3333 0.482353 0.5 0 0
660 0.0825151 0.5 10.8333 0.478431 0.5 0 0
670 0.0825151 0.5 10.8333 0.482353 0.5 0 0
680 0.0826634 0.5 11.3333 0.47451 0.5 0 0
690 0.0826634 0.5 11.3333 0.470588 0.5 0 0
700 0.0826485 0.5 11.8333 0.458824 0.5 0 0
710 0.0826485 0.5 11.8333 0.458824 0.5 0 0
720 0.082223 0.333333 12.1667 0.458824 0.5 0 0
730 0.082223 0.333333 12.1667 0.458824 0.5 0 0
740 0.0824373 0.5 12.6667 0.458824 0.5 0 0
750 0.0824373 0.5 12.6667 0.458824 0.5 0 0
760 0.082624 0.5 13.1667 0.454902 0.5 0 0
770 0.082624 0.5 13.1667 0.454902 0.5 0 0
780 0.0824976 0.5 13.6667 0.45098 0.5 0 0
790 0.0824976 0.5 13.6667 0.45098 0.5 0 0
800 0.0824313 0.416667 14.0833 0.454902 0.5 0 0
810 0.0824313 0.416667 14.0833 0.45098 0.5 0 0
820 0.0824314 0.333333 14.4167 0.45098 0.5 0 0
830 0.0824314 0.333333 14.4167 0.45098 0.5 0 0
840 0.0827707 0.5 14.9167 0.443137 0.5 0 0
850 0.0827707 0.5 14.9167 0.435294 0.5 0 0
860 0.0830788 0.5 15.4167 0.435294 0.5 0 0
870 0.0830788 0.5 15.4167 0.435294 0.5 0 0
880 0.0832369 0.583333 16 0.435294 0.5 0 0
890 0.0832369 0.583333 16 0.435294 0.5 0 0
900 0.0832421 0.666667 16.6667 0.435294 0.5 0 0
910 0.0832421 0.666667 16.6667 0.435294 0.5 0 0
920 0.0832345 0.666667 17.3333 0.435294 0.5 0 0
930 0.0832345 0.666667 17.3333 0.435294 0.5 0 0
940 0.0831471 0.583333 17.9167 0.435294 0.5 0 0
950 0.0831471 0.583333 17.9167 0.435294 0.5 0 0
960 0.0837896 0.583333 18.5 0.435294 0.5 0 0
970 0.0837896 0.583333 18.5 0.431373 0.5 0 0
980 0.0843232 0.583333 19.0833 0.427451 0.5 0 0
990 0.0843232 0.583333 19.0833 0.423529 0.5 0 0
1000 0.0846101 0.666667 19.75 0.419608 0.5 0 0
1010 0.0846101 0.666667 19.75 0.419608 0.5 0 0
1020 0.0849878 0.75 20.5 0.419608 0.5 0 0
1030 0.0849878 0.75 20.5 0.419608 0.5 0 0
1040 0.0850734 0.75 21.25 0.419608 0.5 0 0
1050 0.0850734 0.75 21.25 0.419608 0.5 0 0
1060 0.0852694 0.75 22 0.419608 0.5 0 0
1070 0.0852694 0.75 22 0.419608 0.5 0 0
1080 0.085119 0.75 22.75 0.419608 0.5 0 0
1090 0.085119 0.75 22.75 0.415686 0.5 0 0
1100 0.0849305 0.75 23.5 0.419608 0.5 0 0
1110 0.0849305 0.75 23.5 0.419608 0.5 0 0
1120 0.0846834 0.75 24.25 0.419608 0.5 0 0
1130 0.0846834 0.75 24.25 0.419608 0.5 0 0
1140 0.0846167 0.75 25 0.419608 0.5 0 0
1150 0.0846167 0.75 25 0.419608 0.5 0 0
1160 0.0846034 0.75 25.75 0.419608 0.5 0 0
1170 0.0846034 0.75 25.75 0.419608 0.5 0 0
1180 0.0845943 0.75 26.5 0.419608 0.5 0 0
1190 0.0845943 0.75 26.5 0.419608 0.5 0 0
1200 0.0845943 0.75 27.25 0.419608 0.5 0 0
1210 0.0845943 0.75 27.25 0.419608 0.5 0 0
1220 0.0845773 0.75 28 0.419608 0.5 0 0
1230 0.0845773 0.75 28 0.419608 0.5 0 0
1240 0.0845772 0.75 28.75 0.419608 0.5 0 0
1250 0.0845772 0.75 28.75 0.419608 0.5 0 0
1260 0.0845772 0.75 29.5 0.419608 0.5 0 0
1270 0.0845772 0.75 29.5 0.419608 0.5 0 0
1280 0.0845687 0.75 30.25 0.419608 0.5 0 0
1290 0.0845687 0.75 30.25 0.419608 0.5 0 0
1300 0.0845318 0.75 31 0.419608 0.5 0 0
1310 0.0845318 0.75 31 0.419608 0.5 0 0
1320 0.0845318 0.75 31.75 0.419608 0.5 0 0
1330 0.0845318 0.75 31.75 0.419608 0.5 0 0
1340 0.0845318 0.75 32.5 0.419608 0.5 0 0
1350 0.0845318 0.75 32.5 0.419608 0.5 0 0
1360 0.0845318 0.75 33.25 0.419608 0.5 0 0
1370 0.0845318 0.75 33.25 0.419608 0.5 0 0
1380 0.08453 0.75 34 0.419608 0.5 0 0
1390 0.08453 0.75 34 0.419608 0.5 0 0
1400 0.08453 0.75 34.75 0.419608 0.5 0 0
1410 0.08453 0.75 34.75 0.419608 0.5 0 0
1420 0.0844746 0.75 35.5 0.419608 0.5 0 0
1430 0.0844746 0.75 35.5 0.419608 0.5 0 0
1440 0.0844622 0.75 36.25 0.415686 0.5 0 0
1450 0.0844622 0.75 36.25 0.419608 0.5 0 0
1460 0.0844622 1 37.25 0.415686 0.5 0 0
1470 0.0844622 1 37.25 0.419608 0.5 0 0
1480 0.0844622 1 38.25 0.419608 0.5 0 0
1490 0.0844622 1 38.25 0.419608 0.5 0 0
1500 0.0844622 1 39.25 0.419608 0.5 0 0
1510 0.0844622 1 39.25 0.419608 0.5 0 0
1520 0.0844622 1 40.25 0.419608 0.5 0 0
1530 0.0844622 1 40.25 0.419608 0.5 0 0
1540 0.0844622 1 41.25 0.419608 0.5 0 0
1550 0.0844622 1 41.25 0.419608 0.5 0 0
1560 0.0844521 1 42.25 0.419608 0.5 0 0
1570 0.0844521 1 42.25 0.419608 0.5 0 0
1580 0.08445 0.75 43 0.419608 0.5 0 0
1590 0.08445 0.75 43 0.419608 0.5 0 0
1600 0.08445 0.916667 43.9167 0.419608 0.5 0 0
1610 0.08445 0.916667 43.9167 0.419608 0.5 0 0
1620 0.08445 0.916667 44.8333 0.419608 0.5 0 0
1630 0.08445 0.916667 44.8333 0.419608 0.5 0 0
1640 0.08445 0.916667 45.75 0.419608 0.5 0 0
1650 0.08445 0.916667 45.75 0.419608 0.5 0 0
1660 0.08445 0.833333 46.5833 0.419608 0.5 0 0
1670 0.08445 0.833333 46.5833 0.419608 0.5 0 0
1680 0.08445 0.833333 47.4167 0.419608 0.5 0 0
1690 0.08445 0.833333 47.4167 0.419608 0.5 0 0
1700 0.08445 0.916667 48.3333 0.419608 0.5 0 0
1710 0.08445 0.916667 48.3333 0.419608 0.5 0 0
1720 0.08445 1 49.3333 0.419608 0.5 0 0
1730 0.08445 1 49.3333 0.415686 0.5 0 0
1740 0.08445 1 50.3333 0.419608 0.5 0 0
1750 0.08445 1 50.3333 0.419608 0.5 0 0
1760 0.0844623 0.833333 51.1667 0.419608 0.5 0 0
1770 0.0844623 0.833333 51.1667 0.419608 0.5 0 0
1780 0.0844827 0.833333 52 0.419608 0.5 0 0
1790 0.0844827 0.833333 52 0.419608 0.5 0 0
1800 0.0844827 0.916667 52.9167 0.419608 0.5 0 0
1810 0.0844827 0.916667 52.9167 0.419608 0.5 0 0
1820 0.0844827 0.833333 53.75 0.419608 0.5 0 0
1830 0.0844827 0.833333 53.75 0.419608 0.5 0 0
1840 0.0844827 1 54.75 0.415686 0.5 0 0
1850 0.0844827 1 54.75 0.419608 0.5 0 0
1860 0.0844827 1 55.75 0.419608 0.5 0 0
1870 0.0844827 1 55.75 0.419608 0.5 0 0
1880 0.0845063 1 56.75 0.419608 0.5 0 0
1890 0.0845063 1 56.75 0.419608 0.5 0 0
1900 0.0846082 1 57.75 0.419608 0.5 0 0
1910 0.0846082 1 57.75 0.419608 0.5 0 0
1920 0.0846082 0.916667 58.6667 0.419608 0.5 0 0
1930 0.0846082 0.916667 58.6667 0.419608 0.5 0 0
1940 0.0846082 1 59.6667 0.419608 0.5 0 0
1950 0.0846082 1 59.6667 0.419608 0.5 0 0
1960 0.0846082 0.916667 60.5833 0.419608 0.5 0 0
1970 0.0846082 0.916667 60.5833 0.419608 0.5 0 0
1980 0.0845752 0.916667 61.5 0.419608 0.5 0 0
1990 0.0845752 0.916667 61.5 0.419608 0.5 0 0
2000 0.0846206 0.666667 62.1667 0.419608 0.5 0 0
2010 0.0846206 0.666667 62.1667 0.419608 0.5 0 0
2020 0.0847369 0.916667 63.0833 0.419608 0.5 0 0
2030 0.0847369 0.916667 63.0833 0.419608 0.5 0 0
2040 0.0847326 0.833333 63.9167 0.419608 0.5 0 0
2050 0.0847326 0.833333 63.9167 0.419608 0.5 0 0
2060 0.0847326 0.916667 64.8333 0.415686 0.5 0 0
2070 0.0847326 0.916667 64.8333 0.419608 0.5 0 0
2080 0.0847326 0.916667 65.75 0.419608 0.5 0 0
2090 0.0847326 0.916667 65.75 0.419608 0.5 0 0
2100 0.0847326 0.833333 66.5833 0.419608 0.5 0 0
2110 0.0847326 0.833333 66.5833 0.419608 0.5 0 0
2120 0.0847282 0.833333 67.4167 0.419608 0.5 0 0
2130 0.0847282 0.833333 67.4167 0.419608 0.5 0 0
2140 0.0846704 0.666667 68.0833 0.415686 0.5 0 0
2150 0.0846704 0.666667 68.0833 0.419608 0.5 0 0
2160 0.0841993 0.833333 68.9167 0.419608 0.5 0 0
2170 0.0841993 0.833333 68.9167 0.419608 0.5 0 0
2180 0.0841224 0.833333 69.75 0.419608 0.5 0 0
2190 0.0841224 0.833333 69.75 0.419608 0.5 0 0
2200 0.0841029 0.833333 70.5833 0.419608 0.5 0 0
2210 0.0841029 0.833333 70.5833 0.419608 0.5 0 0
2220 0.0840852 0.833333 71.4167 0.419608 0.5 0 0
2230 0.0840852 0.833333 71.4167 0.419608 0.5 0 0
2240 0.0840742 0.833333 72.25 0.419608 0.5 0 0
2250 0.0840742 0.833333 72.25 0.419608 0.5 0 0
2260 0.0840695 0.916667 73.1667 0.419608 0.5 0 0
2270 0.0840695 0.916667 73.1667 0.415686 0.5 0 0
2280 0.0840695 0.833333 74 0.415686 0.5 0 0
2290 0.0840695 0.833333 74 0.419608 0.5 0 0
2300 0.0840745 0.833333 74.8333 0.419608 0.5 0 0
2310 0.0840745 0.833333 74.8333 0.415686 0.5 0 0
2320 0.08408 0.833333 75.6667 0.419608 0.5 0 0
2330 0.08408 0.833333 75.6667 0.419608 0.5 0 0
2340 0.08408 0.833333 76.5 0.419608 0.5 0 0
2350 0.08408 0.833333 76.5 0.419608 0.5 0 0
2360 0.08408 0.666667 77.1667 0.419608 0.5 0 0
2370 0.08408 0.666667 77.1667 0.419608 0.5 0 0
2380 0.08408 0.583333 77.75 0.419608 0.5 0 0
2390 0.08408 0.583333 77.75 0.419608 0.5 0 0
2400 0.08408 0.666667 78.4167 0.419608 0.5 0 0
2410 0.08408 0.666667 78.4167 0.415686 0.5 0 0
2420 0.08408 0.666667 79.0833 0.419608 0.5 0 0
2430 0.08408 0.666667 79.0833 0.419608 0.5 0 0
2440 0.08408 0.666667 79.75 0.419608 0.5 0 0
2450 0.08408 0.666667 79.75 0.419608 0.5 0 0
2460 0.08408 0.666667 80.4167 0.419608 0.5 0 0
2470 0.08408 0.666667 80.4167 0.419608 0.5 0 0
2480 0.0839732 0.25 80.6667 0.419608 0.5 0 0
2490 0.0839732 0.25 80.6667 0.419608 0.5 0 0
2500 0.0839462 0.583333 81.25 0.419608 0.5 0 0
2510 0.0839462 0.583333 81.25 0.419608 0.5 0 0
2520 0.0839462 0.666667 81.9167 0.419608 0.5 0 0
2530 0.0839462 0.666667 81.9167 0.415686 0.5 0 0
2540 0.0839462 0.666667 82.5833 0.419608 0.5 0 0
2550 0.0839462 0.666667 82.5833 0.419608 0.5 0 0
2560 0.0839462 0.666667 83.25 0.419608 0.5 0 0
2570 0.0839462 0.666667 83.25 0.419608 0.5 0 0
2580 0.0839462 0.666667 83.9167 0.419608 0.5 0 0
2590 0.0839462 0.666667 83.9167 0.419608 0.5 0 0
2600 0.0839462 0.666667 84.5833 0.419608 0.5 0 0
2610 0.0839462 0.666667 84.5833 0.419608 0.5 0 0
2620 0.0839462 0.333333 84.9167 0.419608 0.5 0 0
2630 0.0839462 0.333333 84.9167 0.419608 0.5 0 0
2640 0.0834572 0.666667 85.5833 0.419608 0.5 0 0
2650 0.0834572 0.666667 85.5833 0.415686 0.5 0 0
2660 0.0834429 0.75 86.3333 0.419608 0.5 0 0
2670 0.0834429 0.75 86.3333 0.419608 0.5 0 0
2680 0.0834271 0.75 87.0833 0.419608 0.5 0 0
2690 0.0834271 0.75 87.0833 0.419608 0.5 0 0
2700 0.083422 0.75 87.8333 0.419608 0.5 0 0
2710 0.083422 0.75 87.8333 0.419608 0.5 0 0
2720 0.083418 0.75 88.5833 0.419608 0.5 0 0
2730 0.083418 0.75 88.5833 0.419608 0.5 0 0
2740 0.083418 0.75 89.3333 0.419608 0.5 0 0
2750 0.083418 0.75 89.3333 0.419608 0.5 0 0
2760 0.083418 0.75 90.0833 0.419608 0.5 0 0
2770 0.083418 0.75 90.0833 0.419608 0.5 0 0
2780 0.083418 0.666667 90.75 0.419608 0.5 0 0
2790 0.083418 0.666667 90.75 0.419608 0.5 0 0
2800 0.083418 0.666667 91.4167 0.419608 0.5 0 0
2810 0.083418 0.666667 91.4167 0.419608 0.5 0 0
2820 0.083418 0.666667 92.0833 0.419608 0.5 0 0
2830 0.083418 0.666667 92.0833 0.419608 0.5 0 0
2840 0.083418 0.833333 92.9167 0.419608 0.5 0 0
2850 0.083418 0.833333 92.9167 0.419608 0.5 0 0
2860 0.083418 0.833333 93.75 0.419608 0.5 0 0
2870 0.083418 0.833333 93.75 0.419608 0.5 0 0
2880 0.083418 0.75 94.5 0.419608 0.5 0 0
2890 0.083418 0.75 94.5 0.419608 0.5 0 0
2900 0.083418 0.75 95.25 0.419608 0.5 0 0
2910 0.083418 0.75 95.25 0.419608 0.5 0 0
2920 0.083418 0.75 96 0.419608 0.5 0 0
2930 0.083418 0.75 96 0.419608 0.5 0 0
2940 0.083418 0.75 96.75 0.419608 0.5 0 0
2950 0.083418 0.75 96.75 0.419608 0.5 0 0
2960 0.083418 0.833333 97.5833 0.419608 0.5 0 0
2970 0.083418 0.833333 97.5833 0.419608 0.5 0 0
2980 0.083418 0.833333 98.4167 0.419608 0.5 0 0
2990 0.083418 0.833333 98.4167 0.415686 0.5 0 0
3000 0.083418 0.833333 99.25 0.419608 0.5 0 0
3010 0.083418 0.833333 99.25 0.419608 0.5 0 0
3020 0.083418 0.666667 99.9167 0.419608 0.5 0 0
3030 0.083418 0.666667 99.9167 0.419608 0.5 0 0
3040 0.083418 0.666667 100.583 0.415686 0.5 0 0
3050 0.083418 0.666667 100.583 0.419608 0.5 0 0
3060 0.083418 0.666667 101.25 0.419608 0.5 0 0
3070 0.083418 0.666667 101.25 0.415686 0.5 0 0
3080 0.083418 0.666667 101.917 0.419608 0.5 0 0
3090 0.083418 0.666667 101.917 0.419608 0.5 0 0
3100 0.083418 0.833333 102.75 0.419608 0.5 0 0
3110 0.083418 0.833333 102.75 0.419608 0.5 0 0
3120 0.083418 0.833333 103.583 0.419608 0.5 0 0
3130 0.083418 0.833333 103.583 0.419608 0.5 0 0
3140 0.083418 0.833333 104.417 0.419608 0.5 0 0
3150 0.083418 0.833333 104.417 0.419608 0.5 0 0
3160 0.083418 0.916667 105.333 0.419608 0.5 0 0
3170 0.083418 0.916667 105.333 0.415686 0.5 0 0
3180 0.083418 0.916667 106.25 0.419608 0.5 0 0
3190 0.083418 0.916667 106.25 0.419608 0.5 0 0
3200 0.083418 0.916667 107.167 0.419608 0.5 0 0
3210 0.083418 0.916667 107.167 0.419608 0.5 0 0
3220 0.083418 0.833333 108 0.419608 0.5 0 0
3230 0.083418 0.833333 108 0.419608 0.5 0 0
3240 0.083418 0.833333 108.833 0.419608 0.5 0 0
3250 0.083418 0.833333 108.833 0.419608 0.5 0 0
3260 0.083418 0.833333 109.667 0.419608 0.5 0 0
3270 0.083418 0.833333 109.667 0.415686 0.5 0 0
3280 0.083418 0.833333 110.5 0.415686 0.5 0 0
3290 0.083418 0.833333 110.5 0.415686 0.5 0 0
3300 0.083418 0.916667 111.417 0.419608 0.5 0 0
3310 0.083418 0.916667 111.417 0.419608 0.5 0 0
3320 0.083418 0.916667 112.333 0.419608 0.5 0 0
3330 0.083418 0.916667 112.333 0.419608 0.5 0 0
3340 0.083418 0.916667 113.25 0.419608 0.5 0 0
3350 0.083418 0.916667 113.25 0.419608 0.5 0 0
3360 0.083418 0.916667 114.167 0.415686 0.5 0 0
3370 0.083418 0.916667 114.167 0.419608 0.5 0 0
3380 0.083418 0.75 114.917 0.419608 0.5 0 0
3390 0.083418 0.75 114.917 0.419608 0.5 0 0
3400 0.083418 0.916667 115.833 0.419608 0.5 0 0
3410 0.083418 0.916667 115.833 0.419608 0.5 0 0
3420 0.083418 1 116.833 0.419608 0.5 0 0
3430 0.083418 1 116.833 0.419608 0.5 0 0
3440 0.083418 1 117.833 0.419608 0.5 0 0
3450 0.083418 1 117.833 0.419608 0.5 0 0
3460 0.083418 1 118.833 0.419608 0.5 0 0
3470 0.083418 1 118.833 0.419608 0.5 0 0
3480 0.083418 1 119.833 0.419608 0.5 0 0
3490 0.083418 1 119.833 0.415686 0.5 0 0
3500 0.083418 1 120.833 0.419608 0.5 0 0
3510 0.083418 1 120.833 0.419608 0.5 0 0
3520 0.083418 1 121.833 0.419608 0.5 0 0
3530 0.083418 1 121.833 0.419608 0.5 0 0
3540 0.083418 0.666667 122.5 0.419608 0.5 0 0
3550 0.083418 0.666667 122.5 0.419608 0.5 0 0
3560 0.083418 0.916667 123.417 0.419608 0.5 0 0
3570 0.083418 0.916667 123.417 0.419608 0.5 0 0
3580 0.083418 0.916667 124.333 0.419608 0.5 0 0
3590 0.083418 0.916667 124.333 0.419608 0.5 0 0
3600 0.083418 0.916667 125.25 0.419608 0.5 0 0
3610 0.083418 0.916667 125.25 0.419608 0.5 0 0
3620 0.083418 0.916667 126.167 0.419608 0.5 0 0
3630 0.083418 0.916667 126.167 0.419608 0.5 0 0
3640 0.083418 0.916667 127.083 0.419608 0.5 0 0
3650 0.083418 0.916667 127.083 0.419608 0.5 0 0
3660 0.083418 0.916667 128 0.419608 0.5 0 0
3670 0.083418 0.916667 128 0.419608 0.5 0 0
3680 0.083418 0.833333 128.833 0.419608 0.5 0 0
3690 0.083418 0.833333 128.833 0.419608 0.5 0 0
3700 0.083418 0.916667 129.75 0.419608 0.5 0 0
3710 0.083418 0.916667 129.75 0.419608 0.5 0 0
3720 0.083418 0.833333 130.583 0.419608 0.5 0 0
3730 0.083418 0.833333 130.583 0.419608 0.5 0 0
3740 0.083418 0.833333 131.417 0.419608 0.5 0 0
3750 0.083418 0.833333 131.417 0.419608 0.5 0 0
3760 0.083418 0.833333 132.25 0.419608 0.5 0 0
3770 0.083418 0.833333 132.25 0.419608 0.5 0 0
3780 0.083418 0.916667 133.167 0.419608 0.5 0 0
3790 0.083418 0.916667 133.167 0.419608 0.5 0 0
3800 0.083418 0.916667 134.083 0.419608 0.5 0 0
3810 0.083418 0.916667 134.083 0.419608 0.5 0 0
3820 0.083418 0.75 134.833 0.419608 0.5 0 0
3830 0.083418 0.75 134.833 0.419608 0.5 0 0
3840 0.083418 0.75 135.583 0.415686 0.5 0 0
3850 0.083418 0.75 135.583 0.419608 0.5 0 0
3860 0.083418 1 136.583 0.419608 0.5 0 0
3870 0.083418 1 136.583 0.419608 0.5 0 0
3880 0.083418 1 137.583 0.419608 0.5 0 0
3890 0.083418 1 137.583 0.419608 0.5 0 0
3900 0.083418 1 138.583 0.419608 0.5 0 0
3910 0.083418 1 138.583 0.419608 0.5 0 0
3920 0.083418 1 139.583 0.419608 0.5 0 0
3930 0.083418 1 139.583 0.419608 0.5 0 0
3940 0.0834202 0.916667 140.5 0.419608 0.5 0 0
3950 0.0834202 0.916667 140.5 0.419608 0.5 0 0
3960 0.0833518 0.916667 141.417 0.419608 0.5 0 0
3970 0.0833518 0.916667 141.417 0.419608 0.5 0 0
3980 0.0833468 0.833333 142.25 0.419608 0.5 0 0
3990 0.0833468 0.833333 142.25 0.419608 0.5 0 0
4000 0.0833468 0.833333 143.083 0.419608 0.5 0 0
4010 0.0833468 0.833333 143.083 0.419608 0.5 0 0
4020 0.0833468 0.75 143.833 0.419608 0.5 0 0
4030 0.0833468 0.75 143.833 0.419608 0.5 0 0
4040 0.0833592 0.583333 144.417 0.419608 0.5 0 0
4050 0.0833592 0.583333 144.417 0.419608 0.5 0 0
4060 0.0833592 0.666667 145.083 0.419608 0.5 0 0
4070 0.0833592 0.666667 145.083 0.419608 0.5 0 0
4080 0.0833592 0.75 145.833 0.419608 0.5 0 0
4090 0.0833592 0.75 145.833 0.419608 0.5 0 0
4100 0.0833592 0.75 146.583 0.419608 0.5 0 0
4110 0.0833592 0.75 146.583 0.419608 0.5 0 0
4120 0.0833592 0.75 147.333 0.419608 0.5 0 0
4130 0.0833592 0.75 147.333 0.419608 0.5 0 0
4140 0.0833592 0.75 148.083 0.419608 0.5 0 0
4150 0.0833592 0.75 148.083 0.415686 0.5 0 0
4160 0.0833592 0.583333 148.667 0.419608 0.5 0 0
4170 0.0833592 0.583333 148.667 0.419608 0.5 0 0
4180 0.0833549 0.5 149.167 0.419608 0.5 0 0
4190 0.0833549 0.5 149.167 0.419608 0.5 0 0
4200 0.0833549 0.5 149.667 0.419608 0.5 0 0
4210 0.0833549 0.5 149.667 0.419608 0.5 0 0
4220 0.0833549 0.583333 150.25 0.419608 0.5 0 0
4230 0.0833549 0.583333 150.25 0.419608 0.5 0 0
4240 0.0833549 0.583333 150.833 0.419608 0.5 0 0
4250 0.0833549 0.583333 150.833 0.419608 0.5 0 0
4260 0.0833549 0.583333 151.417 0.419608 0.5 0 0
4270 0.0833549 0.583333 151.417 0.419608 0.5 0 0
4280 0.0833549 0.5 151.917 0.419608 0.5 0 0
4290 0.0833549 0.5 151.917 0.419608 0.5 0 0
4300 0.0833549 0.583333 152.5 0.419608 0.5 0 0
4310 0.0833549 0.583333 152.5 0.419608 0.5 0 0
4320 0.0833549 0.666667 153.167 0.419608 0.5 0 0
4330 0.0833549 0.666667 153.167 0.419608 0.5 0 0
4340 0.0833549 0.666667 153.833 0.415686 0.5 0 0
4350 0.0833549 0.666667 153.833 0.419608 0.5 0 0
4360 0.0833549 0.666667 154.5 0.419608 0.5 0 0
4370 0.0833549 0.666667 154.5 0.419608 0.5 0 0
4380 0.0833549 0.666667 155.167 0.419608 0.5 0 0
4390 0.0833549 0.666667 155.167 0.415686 0.5 0 0
4400 0.0833549 0.666667 155.833 0.419608 0.5 0 0
4410 0.0833549 0.666667 155.833 0.419608 0.5 0 0
4420 0.0833549 0.5 156.333 0.419608 0.5 0 0
4430 0.0833549 0.5 156.333 0.419608 0.5 0 0
4440 0.0833345 0.5 156.833 0.419608 0.5 0 0
4450 0.0833345 0.5 156.833 0.419608 0.5 0 0
4460 0.0832855 0.583333 157.417 0.419608 0.5 0 0
4470 0.0832855 0.583333 157.417 0.419608 0.5 0 0
4480 0.0832855 0.583333 158 0.419608 0.5 0 0
4490 0.0832855 0.583333 158 0.415686 0.5 0 0
4500 0.0832855 0.583333 158.583 0.419608 0.5 0 0
4510 0.0832855 0.583333 158.583 0.419608 0.5 0 0
4520 0.0832855 0.583333 159.167 0.419608 0.5 0 0
4530 0.0832855 0.583333 159.167 0.419608 0.5 0 0
4540 0.0832855 0.583333 159.75 0.419608 0.5 0 0
4550 0.0832855 0.583333 159.75 0.419608 0.5 0 0
4560 0.0832855 0.333333 160.083 0.419608 0.5 0 0
4570 0.0832855 0.333333 160.083 0.419608 0.5 0 0
4580 0.0832524 0.583333 160.667 0.419608 0.5 0 0
4590 0.0832524 0.583333 160.667 0.419608 0.5 0 0
4600 0.083406 0.666667 161.333 0.419608 0.5 0 0
4610 0.083406 0.666667 161.333 0.419608 0.5 0 0
4620 0.083439 0.666667 162 0.419608 0.5 0 0
4630 0.083439 0.666667 162 0.419608 0.5 0 0
4640 0.0836153 0.666667 162.667 0.419608 0.5 0 0
4650 0.0836153 0.666667 162.667 0.415686 0.5 0 0
4660 0.0845359 0.583333 163.25 0.415686 0.5 0 0
4670 0.0845359 0.583333 163.25 0.415686 0.5 0 0
4680 0.0850078 0.666667 163.917 0.411765 0.5 0 0
4690 0.0850078 0.666667 163.917 0.411765 0.5 0 0
4700 0.0854421 0.666667 164.583 0.411765 0.5 0 0
4710 0.0854421 0.666667 164.583 0.407843 0.5 0 0
4720 0.0862228 0.666667 165.25 0.411765 0.5 0 0
4730 0.0862228 0.666667 165.25 0.411765 0.5 0 0
4740 0.0864424 0.666667 165.917 0.411765 0.5 0 0
4750 0.0864424 0.666667 165.917 0.411765 0.5 0 0
4760 0.0870588 0.666667 166.583 0.411765 0.5 0 0
4770 0.0870588 0.666667 166.583 0.407843 0.5 0 0
4780 0.0871712 0.666667 167.25 0.407843 0.5 0 0
4790 0.0871712 0.666667 167.25 0.407843 0.5 0 0
4800 0.0868384 0.583333 167.833 0.407843 0.5 0 0
4810 0.0868384 0.583333 167.833 0.403922 0.5 0 0
4820 0.0870508 0.583333 168.417 0.4 0.5 0 0
4830 0.0870508 0.583333 168.417 0.4 0.5 0 0
4840 0.0868813 0.583333 169 0.4 0.5 0 0
4850 0.0868813 0.583333 169 0.4 0.5 0 0
4860 0.0866766 0.583333 169.583 0.4 0.5 0 0
4870 0.0866766 0.583333 169.583 0.4 0.5 0 0
4880 0.0865874 0.583333 170.167 0.4 0.5 0 0
4890 0.0865874 0.583333 170.167 0.4 0.5 0 0
4900 0.0865138 0.583333 170.75 0.4 0.5 0 0
4910 0.0865138 0.583333 170.75 0.4 0.5 0 0
4920 0.0864886 0.666667 171.417 0.4 0.5 0 0
4930 0.0864886 0.666667 171.417 0.4 0.5 0 0
4940 0.0864842 0.666667 172.083 0.4 0.5 0 0
4950 0.0864842 0.666667 172.083 0.4 0.5 0 0
4960 0.0864768 0.666667 172.75 0.4 0.5 0 0
4970 0.0864768 0.666667 172.75 0.4 0.5 0 0
4980 0.0864723 0.666667 173.417 0.4 0.5 0 0
4990 0.0864723 0.666667 173.417 0.4 0.5 0 0
5000 0.0864679 0.666667 174.083 0.4 0.5 0 0
5010 0.0864679 0.666667 174.083 0.4 0.5 0 0
5020 0.0864636 0.666667 174.75 0.4 0.5 0 0
5030 0.0864636 0.666667 174.75 0.4 0.5 0 0
5040 0.0864386 0.75 175.5 0.4 0.5 0 0
5050 0.0864386 0.75 175.5 0.4 0.5 0 0
5060 0.0864362 0.583333 176.083 0.4 0.5 0 0
5070 0.0864362 0.583333 176.083 0.4 0.5 0 0
5080 0.0864318 0.583333 176.667 0.4 0.5 0 0
5090 0.0864318 0.583333 176.667 0.4 0.5 0 0
5100 0.0864297 0.666667 177.333 0.4 0.5 0 0
5110 0.0864297 0.666667 177.333 0.4 0.5 0 0
5120 0.0864254 0.75 178.083 0.4 0.5 0 0
5130 0.0864254 0.75 178.083 0.4 0.5 0 0
5140 0.0864233 0.75 178.833 0.4 0.5 0 0
5150 0.0864233 0.75 178.833 0.4 0.5 0 0
5160 0.0864212 0.75 179.583 0.4 0.5 0 0
5170 0.0864212 0.75 179.583 0.4 0.5 0 0
5180 0.0864108 0.666667 180.25 0.4 0.5 0 0
5190 0.0864108 0.666667 180.25 0.4 0.5 0 0
5200 0.0864054 0.75 181 0.4 0.5 0 0
5210 0.0864054 0.75 181 0.4 0.5 0 0
5220 0.0864033 0.75 181.75 0.4 0.5 0 0
5230 0.0864033 0.75 181.75 0.4 0.5 0 0
5240 0.0863983 0.666667 182.417 0.4 0.5 0 0
5250 0.0863983 0.666667 182.417 0.4 0.5 0 0
5260 0.0863906 0.5 182.917 0.4 0.5 0 0
5270 0.0863906 0.5 182.917 0.4 0.5 0 0
5280 0.0863743 0.5 183.417 0.4 0.5 0 0
5290 0.0863743 0.5 183.417 0.4 0.5 0 0
5300 0.0863698 0.5 183.917 0.4 0.5 0 0
5310 0.0863698 0.5 183.917 0.4 0.5 0 0
5320 0.0863661 0.416667 184.333 0.4 0.5 0 0
5330 0.0863661 0.416667 184.333 0.4 0.5 0 0
5340 0.0866339 0.416667 184.75 0.4 0.5 0 0
5350 0.0866339 0.416667 184.75 0.4 0.5 0 0
5360 0.0874626 0.416667 185.167 0.403922 0.5 0 0
5370 0.0874626 0.416667 185.167 0.403922 0.5 0 0
5380 0.0881521 0.5 185.667 0.403922 0.5 0 0
5390 0.0881521 0.5 185.667 0.403922 0.5 0 0
5400 0.0885938 0.5 186.167 0.4 0.5 0 0
5410 0.0885938 0.5 186.167 0.4 0.5 0 0
5420 0.0885698 0.666667 186.833 0.403922 0.5 0 0
5430 0.0885698 0.666667 186.833 0.403922 0.5 0 0
5440 0.0885856 0.666667 187.5 0.403922 0.5 0 0
5450 0.0885856 0.666667 187.5 0.4 0.5 0 0
5460 0.0887024 0.666667 188.167 0.4 0.5 0 0
5470 0.0887024 0.666667 188.167 0.4 0.5 0 0
5480 0.0884313 0.666667 188.833 0.396078 0.5 0 0
5490 0.0884313 0.666667 188.833 0.396078 0.5 0 0
5500 0.0881639 0.666667 189.5 0.396078 0.5 0 0
5510 0.0881639 0.666667 189.5 0.396078 0.5 0 0
5520 0.0880764 0.5 190 0.396078 0.5 0 0
5530 0.0880764 0.5 190 0.392157 0.5 0 0
5540 0.0879988 0.5 190.5 0.392157 0.5 0 0
5550 0.0879988 0.5 190.5 0.392157 0.5 0 0
5560 0.087916 0.5 191 0.392157 0.5 0 0
5570 0.087916 0.5 191 0.392157 0.5 0 0
5580 0.0878371 0.5 191.5 0.392157 0.5 0 0
5590 0.0878371 0.5 191.5 0.392157 0.5 0 0
5600 0.08785 0.5 192 0.392157 0.5 0 0
5610 0.08785 0.5 192 0.392157 0.5 0 0
5620 0.0881996 0.583333 192.583 0.396078 0.5 0 0
5630 0.0881996 0.583333 192.583 0.392157 0.5 0 0
5640 0.0881189 0.583333 193.167 0.392157 0.5 0 0
5650 0.0881189 0.583333 193.167 0.392157 0.5 0 0
5660 0.088217 0.583333 193.75 0.392157 0.5 0 0
5670 0.088217 0.583333 193.75 0.392157 0.5 0 0
5680 0.0882074 0.583333 194.333 0.392157 0.5 0 0
5690 0.0882074 0.583333 194.333 0.392157 0.5 0 0
5700 0.0881619 0.5 194.833 0.392157 0.5 0 0
5710 0.0881619 0.5 194.833 0.392157 0.5 0 0
5720 0.0880627 0.583333 195.417 0.392157 0.5 0 0
5730 0.0880627 0.583333 195.417 0.392157 0.5 0 0
5740 0.0878344 0.75 196.167 0.388235 0.5 0 0
5750 0.0878344 0.75 196.167 0.388235 0.5 0 0
5760 0.0873956 0.75 196.917 0.388235 0.5 0 0
5770 0.0873956 0.75 196.917 0.388235 0.5 0 0
5780 0.0871085 0.75 197.667 0.388235 0.5 0 0
5790 0.0871085 0.75 197.667 0.388235 0.5 0 0
5800 0.0869388 0.75 198.417 0.388235 0.5 0 0
5810 0.0869388 0.75 198.417 0.388235 0.5 0 0
5820 0.0868703 0.75 199.167 0.388235 0.5 0 0
5830 0.0868703 0.75 199.167 0.388235 0.5 0 0
5840 0.0868159 0.75 199.917 0.388235 0.5 0 0
5850 0.0868159 0.75 199.917 0.388235 0.5 0 0
5860 0.0867548 0.583333 200.5 0.388235 0.5 0 0
5870 0.0867548 0.583333 200.5 0.388235 0.5 0 0
5880 0.086679 0.666667 201.167 0.388235 0.5 0 0
5890 0.086679 0.666667 201.167 0.388235 0.5 0 0
5900 0.0871627 0.666667 201.833 0.388235 0.5 0 0
5910 0.0871627 0.666667 201.833 0.388235 0.5 0 0
5920 0.0873547 0.666667 202.5 0.388235 0.5 0 0
5930 0.0873547 0.666667 202.5 0.388235 0.5 0 0
5940 0.0873209 0.666667 203.167 0.388235 0.5 0 0
5950 0.0873209 0.666667 203.167 0.388235 0.5 0 0
5960 0.087282 0.666667 203.833 0.388235 0.5 0 0
5970 0.087282 0.666667 203.833 0.388235 0.5 0 0
5980 0.0871087 0.416667 204.25 0.388235 0.5 0 0
5990 0.0871087 0.416667 204.25 0.384314 0.5 0 0
6000 0.0869442 0.75 205 0.384314 0.5 0 0
6010 0.0869442 0.75 205 0.384314 0.5 0 0
6020 0.0868193 0.75 205.75 0.384314 0.5 0 0
6030 0.0868193 0.75 205.75 0.384314 0.5 0 0
6040 0.0867579 0.75 206.5 0.384314 0.5 0 0
6050 0.0867579 0.75 206.5 0.384314 0.5 0 0
6060 0.0867144 0.75 207.25 0.384314 0.5 0 0
6070 0.0867144 0.75 207.25 0.384314 0.5 0 0
6080 0.086661 0.75 208 0.384314 0.5 0 0
6090 0.086661 0.75 208 0.384314 0.5 0 0
6100 0.086579 0.75 208.75 0.384314 0.5 0 0
6110 0.086579 0.75 208.75 0.384314 0.5 0 0
6120 0.0865154 0.75 209.5 0.384314 0.5 0 0
6130 0.0865154 0.75 209.5 0.384314 0.5 0 0
6140 0.0864483 0.666667 210.167 0.384314 0.5 0 0
6150 0.0864483 0.666667 210.167 0.384314 0.5 0 0
6160 0.0863041 0.666667 210.833 0.384314 0.5 0 0
6170 0.0863041 0.666667 210.833 0.384314 0.5 0 0
6180 0.0861901 0.666667 211.5 0.384314 0.5 0 0
6190 0.0861901 0.666667 211.5 0.384314 0.5 0 0
6200 0.0861155 0.833333 212.333 0.384314 0.5 0 0
6210 0.0861155 0.833333 212.333 0.384314 0.5 0 0
6220 0.0860638 0.833333 213.167 0.384314 0.5 0 0
6230 0.0860638 0.833333 213.167 0.384314 0.5 0 0
6240 0.0860127 0.833333 214 0.384314 0.5 0 0
6250 0.0860127 0.833333 214 0.384314 0.5 0 0
6260 0.0859625 0.833333 214.833 0.384314 0.5 0 0
6270 0.0859625 0.833333 214.833 0.384314 0.5 0 0
6280 0.0859181 0.833333 215.667 0.384314 0.5 0 0
6290 0.0859181 0.833333 215.667 0.384314 0.5 0 0
6300 0.0858717 0.666667 216.333 0.384314 0.5 0 0
6310 0.0858717 0.666667 216.333 0.384314 0.5 0 0
6320 0.0858265 0.666667 217 0.384314 0.5 0 0
6330 0.0858265 0.666667 217 0.384314 0.5 0 0
6340 0.0857818 0.666667 217.667 0.384314 0.5 0 0
6350 0.0857818 0.666667 217.667 0.384314 0.5 0 0
6360 0.0857362 0.583333 218.25 0.384314 0.5 0 0
6370 0.0857362 0.583333 218.25 0.384314 0.5 0 0
6380 0.0857223 0.583333 218.833 0.384314 0.5 0 0
6390 0.0857223 0.583333 218.833 0.384314 0.5 0 0
6400 0.0857105 0.583333 219.417 0.384314 0.5 0 0
6410 0.0857105 0.583333 219.417 0.384314 0.5 0 0
6420 0.0855913 0.666667 220.083 0.384314 0.5 0 0
6430 0.0855913 0.666667 220.083 0.384314 0.5 0 0
6440 0.085398 0.666667 220.75 0.384314 0.5 0 0
6450 0.085398 0.666667 220.75 0.384314 0.5 0 0
6460 0.0853591 0.833333 221.583 0.384314 0.5 0 0
6470 0.0853591 0.833333 221.583 0.384314 0.5 0 0
6480 0.0854516 0.833333 222.417 0.384314 0.5 0 0
6490 0.0854516 0.833333 222.417 0.384314 0.5 0 0
6500 0.0854352 0.833333 223.25 0.384314 0.5 0 0
6510 0.0854352 0.833333 223.25 0.384314 0.5 0 0
6520 0.085432 0.833333 224.083 0.384314 0.5 0 0
6530 0.085432 0.833333 224.083 0.384314 0.5 0 0
6540 0.0854208 0.833333 224.917 0.384314 0.5 0 0
6550 0.0854208 0.833333 224.917 0.384314 0.5 0 0
6560 0.0854165 0.833333 225.75 0.384314 0.5 0 0
6570 0.0854165 0.833333 225.75 0.384314 0.5 0 0
6580 0.0853992 0.916667 226.667 0.384314 0.5 0 0
6590 0.0853992 0.916667 226.667 0.384314 0.5 0 0
6600 0.0853915 1 227.667 0.380392 0.5 0 0
6610 0.0853915 1 227.667 0.384314 0.5 0 0
6620 0.085336 1 228.667 0.384314 0.5 0 0
6630 0.085336 1 228.667 0.380392 0.5 0 0
6640 0.085336 1 229.667 0.380392 0.5 0 0
6650 0.085336 1 229.667 0.384314 0.5 0 0
6660 0.0853202 0.833333 230.5 0.380392 0.5 0 0
6670 0.0853202 0.833333 230.5 0.380392 0.5 0 0
6680 0.0852868 0.666667 231.167 0.380392 0.5 0 0
6690 0.0852868 0.666667 231.167 0.380392 0.5 0 0
6700 0.0852791 0.75 231.917 0.380392 0.5 0 0
6710 0.0852791 0.75 231.917 0.380392 0.5 0 0
6720 0.0855235 0.833333 232.75 0.380392 0.5 0 0
6730 0.0855235 0.833333 232.75 0.376471 0.5 0 0
6740 0.0859946 0.833333 233.583 0.376471 0.5 0 0
6750 0.0859946 0.833333 233.583 0.376471 0.5 0 0
6760 0.0861476 0.666667 234.25 0.380392 0.5 0 0
6770 0.0861476 0.666667 234.25 0.380392 0.5 0 0
6780 0.0857617 0.916667 235.167 0.380392 0.5 0 0
6790 0.0857617 0.916667 235.167 0.380392 0.5 0 0
6800 0.0849086 0.916667 236.083 0.380392 0.5 0 0
6810 0.0849086 0.916667 236.083 0.380392 0.5 0 0
6820 0.0847026 0.833333 236.917 0.380392 0.5 0 0
6830 0.0847026 0.833333 236.917 0.380392 0.5 0 0
6840 0.0845481 0.833333 237.75 0.380392 0.5 0 0
6850 0.0845481 0.833333 237.75 0.380392 0.5 0 0
6860 0.0844099 0.75 238.5 0.380392 0.5 0 0
6870 0.0844099 0.75 238.5 0.380392 0.5 0 0
6880 0.08429 0.583333 239.083 0.380392 0.5 0 0
6890 0.08429 0.583333 239.083 0.380392 0.5 0 0
6900 0.0842188 0.5 239.583 0.380392 0.5 0 0
6910 0.0842188 0.5 239.583 0.380392 0.5 0 0
6920 0.0840275 0.416667 240 0.380392 0.5 0 0
6930 0.0840275 0.416667 240 0.380392 0.5 0 0
6940 0.083911 0.416667 240.417 0.380392 0.5 0 0
6950 0.083911 0.416667 240.417 0.380392 0.5 0 0
6960 0.0839167 0.416667 240.833 0.380392 0.5 0 0
6970 0.0839167 0.416667 240.833 0.380392 0.5 0 0
6980 0.0839175 0.416667 241.25 0.380392 0.5 0 0
6990 0.0839175 0.416667 241.25 0.380392 0.5 0 0
7000 0.0839226 0.416667 241.667 0.380392 0.5 0 0
7010 0.0839226 0.416667 241.667 0.380392 0.5 0 0
7020 0.0839323 0.416667 242.083 0.380392 0.5 0 0
7030 0.0839323 0.416667 242.083 0.380392 0.5 0 0
7040 0.0839262 0.416667 242.5 0.380392 0.5 0 0
7050 0.0839262 0.416667 242.5 0.380392 0.5 0 0
7060 0.0839216 0.333333 242.833 0.380392 0.5 0 0
7070 0.0839216 0.333333 242.833 0.380392 0.5 0 0
7080 0.0839216 0.416667 243.25 0.380392 0.5 0 0
7090 0.0839216 0.416667 243.25 0.380392 0.5 0 0
7100 0.0839172 0.416667 243.667 0.380392 0.5 0 0
7110 0.0839172 0.416667 243.667 0.380392 0.5 0 0
7120 0.0838647 0.75 244.417 0.380392 0.5 0 0
7130 0.0838647 0.75 244.417 0.376471 0.5 0 0
7140 0.0837587 0.75 245.167 0.380392 0.5 0 0
7150 0.0837587 0.75 245.167 0.380392 0.5 0 0
7160 0.0837219 0.75 245.917 0.380392 0.5 0 0
7170 0.0837219 0.75 245.917 0.376471 0.5 0 0
7180 0.083672 0.75 246.667 0.376471 0.5 0 0
7190 0.083672 0.75 246.667 0.376471 0.5 0 0
7200 0.0836229 0.75 247.417 0.376471 0.5 0 0
7210 0.0836229 0.75 247.417 0.376471 0.5 0 0
7220 0.0835432 0.583333 248 0.376471 0.5 0 0
7230 0.0835432 0.583333 248 0.376471 0.5 0 0
7240 0.0834794 0.333333 248.333 0.376471 0.5 0 0
7250 0.0834794 0.333333 248.333 0.376471 0.5 0 0
7260 0.0832533 0.166667 248.5 0.376471 0.5 0 0
7270 0.0832533 0.166667 248.5 0.376471 0.5 0 0
7280 0.0832417 0.333333 248.833 0.376471 0.5 0 0
7290 0.0832417 0.333333 248.833 0.376471 0.5 0 0
7300 0.0830362 0.166667 249 0.376471 0.5 0 0
7310 0.0830362 0.166667 249 0.376471 0.5 0 0
7320 0.0825797 0.416667 249.417 0.372549 0.5 0 0
7330 0.0825797 0.416667 249.417 0.372549 0.5 0 0
7340 0.0825479 0.416667 249.833 0.372549 0.5 0 0
7350 0.0825479 0.416667 249.833 0.372549 0.5 0 0
7360 0.0824816 0.416667 250.25 0.372549 0.5 0 0
7370 0.0824816 0.416667 250.25 0.372549 0.5 0 0
7380 0.082422 0.416667 250.667 0.372549 0.5 0 0
7390 0.082422 0.416667 250.667 0.372549 0.5 0 0
7400 0.0823629 0.416667 251.083 0.372549 0.5 0 0
7410 0.0823629 0.416667 251.083 0.372549 0.5 0 0
7420 0.0823055 0.25 251.333 0.372549 0.5 0 0
7430 0.0823055 0.25 251.333 0.372549 0.5 0 0
7440 0.0822331 0.416667 251.75 0.372549 0.5 0 0
7450 0.0822331 0.416667 251.75 0.372549 0.5 0 0
7460 0.0821898 0.416667 252.167 0.372549 0.5 0 0
7470 0.0821898 0.416667 252.167 0.372549 0.5 0 0
7480 0.0821913 0.416667 252.583 0.372549 0.5 0 0
7490 0.0821913 0.416667 252.583 0.368627 0.5 0 0
7500 0.0823009 0.333333 252.917 0.368627 0.5 0 0
7510 0.0823009 0.333333 252.917 0.368627 0.5 0 0
7520 0.0824448 0.333333 253.25 0.368627 0.5 0 0
7530 0.0824448 0.333333 253.25 0.368627 0.5 0 0
7540 0.0821279 0.333333 253.583 0.368627 0.5 0 0
7550 0.0821279 0.333333 253.583 0.368627 0.5 0 0
7560 0.0820924 0.333333 253.917 0.368627 0.5 0 0
7570 0.0820924 0.333333 253.917 0.368627 0.5 0 0
7580 0.0814721 0.166667 254.083 0.368627 0.5 0 0
7590 0.0814721 0.166667 254.083 0.368627 0.5 0 0
7600 0.081308 0.166667 254.25 0.368627 0.5 0 0
7610 0.081308 0.166667 254.25 0.364706 0.5 0 0
7620 0.0816258 0.166667 254.417 0.368627 0.5 0 0
7630 0.0816258 0.166667 254.417 0.368627 0.5 0 0
7640 0.0825988 0.166667 254.583 0.368627 0.5 0 0
7650 0.0825988 0.166667 254.583 0.368627 0.5 0 0
7660 0.0828104 0.166667 254.75 0.364706 0.5 0 0
7670 0.0828104 0.166667 254.75 0.364706 0.5 0 0
7680 0.0827093 0.166667 254.917 0.364706 0.5 0 0
7690 0.0827093 0.166667 254.917 0.360784 0.5 0 0
7700 0.0824941 0.166667 255.083 0.360784 0.5 0 0
7710 0.0824941 0.166667 255.083 0.360784 0.5 0 0
7720 0.0830817 0.166667 255.25 0.364706 0.5 0 0
7730 0.0830817 0.166667 255.25 0.364706 0.5 0 0
7740 0.0831225 0.25 255.5 0.360784 0.5 0 0
7750 0.0831225 0.25 255.5 0.356863 0.5 0 0
7760 0.0816699 0.416667 255.917 0.356863 0.5 0 0
7770 0.0816699 0.416667 255.917 0.352941 0.5 0 0
7780 0.0795269 0.416667 256.333 0.356863 0.5 0 0
7790 0.0795269 0.416667 256.333 0.356863 0.5 0 0
7800 0.0783488 0.416667 256.75 0.356863 0.5 0 0
7810 0.0783488 0.416667 256.75 0.356863 0.5 0 0
7820 0.0779753 0.416667 257.167 0.356863 0.5 0 0
7830 0.0779753 0.416667 257.167 0.356863 0.5 0 0
7840 0.0775661 0.416667 257.583 0.356863 0.5 0 0
7850 0.0775661 0.416667 257.583 0.356863 0.5 0 0
7860 0.0772313 0.166667 257.75 0.356863 0.5 0 0
7870 0.0772313 0.166667 257.75 0.356863 0.5 0 0
7880 0.0771644 0.333333 258.083 0.360784 0.5 0 0
7890 0.0771644 0.333333 258.083 0.356863 0.5 0 0
7900 0.0771558 0.333333 258.417 0.360784 0.5 0 0
7910 0.0771558 0.333333 258.417 0.356863 0.5 0 0
7920 0.077097 0.5 258.917 0.356863 0.5 0 0
7930 0.077097 0.5 258.917 0.356863 0.5 0 0
7940 0.0770938 0.5 259.417 0.356863 0.5 0 0
7950 0.0770938 0.5 259.417 0.356863 0.5 0 0
7960 0.0770938 0.5 259.917 0.360784 0.5 0 0
7970 0.0770938 0.5 259.917 0.356863 0.5 0 0
7980 0.0770938 0.5 260.417 0.356863 0.5 0 0
7990 0.0770938 0.5 260.417 0.360784 0.5 0 0
8000 0.0770938 0.333333 260.75 0.356863 0.5 0 0
8010 0.0770938 0.333333 260.75 0.356863 0.5 0 0
8020 0.0770938 0.416667 261.167 0.356863 0.5 0 0
8030 0.0770938 0.416667 261.167 0.356863 0.5 0 0
8040 0.0770938 0.416667 261.583 0.356863 0.5 0 0
8050 0.0770938 0.416667 261.583 0.356863 0.5 0 0
8060 0.0777533 0.5 262.083 0.356863 0.5 0 0
8070 0.0777533 0.5 262.083 0.352941 0.5 0 0
8080 0.0788296 0.5 262.583 0.352941 0.5 0 0
8090 0.0788296 0.5 262.583 0.352941 0.5 0 0
8100 0.0793425 0.583333 263.167 0.352941 0.5 0 0
8110 0.0793425 0.583333 263.167 0.352941 0.5 0 0
8120 0.0793634 0.583333 263.75 0.352941 0.5 0 0
8130 0.0793634 0.583333 263.75 0.352941 0.5 0 0
8140 0.0793726 0.5 264.25 0.352941 0.5 0 0
8150 0.0793726 0.5 264.25 0.352941 0.5 0 0
8160 0.0793214 0.5 264.75 0.352941 0.5 0 0
8170 0.0793214 0.5 264.75 0.352941 0.5 0 0
8180 0.0789023 0.5 265.25 0.34902 0.5 0 0
8190 0.0789023 0.5 265.25 0.34902 0.5 0 0
8200 0.0778978 0.583333 265.833 0.34902 0.5 0 0
8210 0.0778978 0.583333 265.833 0.352941 0.5 0 0
8220 0.0774673 0.583333 266.417 0.352941 0.5 0 0
8230 0.0774673 0.583333 266.417 0.352941 0.5 0 0
8240 0.0775238 0.583333 267 0.352941 0.5 0 0
8250 0.0775238 0.583333 267 0.34902 0.5 0 0
8260 0.0777916 0.583333 267.583 0.34902 0.5 0 0
8270 0.0777916 0.583333 267.583 0.34902 0.5 0 0
8280 0.077478 0.75 268.333 0.34902 0.5 0 0
8290 0.077478 0.75 268.333 0.34902 0.5 0 0
8300 0.0774076 0.75 269.083 0.34902 0.5 0 0
8310 0.0774076 0.75 269.083 0.34902 0.5 0 0
8320 0.0772118 0.666667 269.75 0.352941 0.5 0 0
8330 0.0772118 0.666667 269.75 0.34902 0.5 0 0
8340 0.0766321 0.75 270.5 0.345098 0.5 0 0
8350 0.0766321 0.75 270.5 0.345098 0.5 0 0
8360 0.0754031 0.75 271.25 0.34902 0.5 0 0
8370 0.0754031 0.75 271.25 0.34902 0.5 0 0
8380 0.0749086 0.75 272 0.34902 0.5 0 0
8390 0.0749086 0.75 272 0.34902 0.5 0 0
8400 0.0753451 0.583333 272.583 0.34902 0.5 0 0
8410 0.0753451 0.583333 272.583 0.345098 0.5 0 0
8420 0.075781 0.666667 273.25 0.34902 0.5 0 0
8430 0.075781 0.666667 273.25 0.34902 0.5 0 0
8440 0.0763615 0.583333 273.833 0.352941 0.5 0 0
8450 0.0763615 0.583333 273.833 0.352941 0.5 0 0
8460 0.0763561 0.583333 274.417 0.352941 0.5 0 0
8470 0.0763561 0.583333 274.417 0.352941 0.5 0 0
8480 0.0762908 0.583333 275 0.352941 0.5 0 0
8490 0.0762908 0.583333 275 0.352941 0.5 0 0
8500 0.0762892 0.583333 275.583 0.34902 0.5 0 0
8510 0.0762892 0.583333 275.583 0.34902 0.5 0 0
8520 0.0758641 0.583333 276.167 0.345098 0.5 0 0
8530 0.0758641 0.583333 276.167 0.345098 0.5 0 0
8540 0.0747762 0.5 276.667 0.341176 0.5 0 0
8550 0.0747762 0.5 276.667 0.341176 0.5 0 0
8560 0.0733874 0.833333 277.5 0.341176 0.5 0 0
8570 0.0733874 0.833333 277.5 0.341176 0.5 0 0
8580 0.0725507 0.833333 278.333 0.341176 0.5 0 0
8590 0.0725507 0.833333 278.333 0.341176 0.5 0 0
8600 0.0724996 0.833333 279.167 0.341176 0.5 0 0
8610 0.0724996 0.833333 279.167 0.341176 0.5 0 0
8620 0.0724627 0.666667 279.833 0.341176 0.5 0 0
8630 0.0724627 0.666667 279.833 0.341176 0.5 0 0
8640 0.0724265 0.833333 280.667 0.341176 0.5 0 0
8650 0.0724265 0.833333 280.667 0.341176 0.5 0 0
8660 0.0723889 0.833333 281.5 0.341176 0.5 0 0
8670 0.0723889 0.833333 281.5 0.341176 0.5 0 0
8680 0.0723526 0.833333 282.333 0.341176 0.5 0 0
8690 0.0723526 0.833333 282.333 0.341176 0.5 0 0
8700 0.0723196 0.833333 283.167 0.341176 0.5 0 0
8710 0.0723196 0.833333 283.167 0.341176 0.5 0 0
8720 0.0722825 0.833333 284 0.341176 0.5 0 0
8730 0.0722825 0.833333 284 0.341176 0.5 0 0
8740 0.0722389 0.833333 284.833 0.341176 0.5 0 0
8750 0.0722389 0.833333 284.833 0.341176 0.5 0 0
8760 0.0721974 0.833333 285.667 0.341176 0.5 0 0
8770 0.0721974 0.833333 285.667 0.341176 0.5 0 0
8780 0.0721579 0.833333 286.5 0.341176 0.5 0 0
8790 0.0721579 0.833333 286.5 0.341176 0.5 0 0
8800 0.0721243 0.833333 287.333 0.341176 0.5 0 0
8810 0.0721243 0.833333 287.333 0.341176 0.5 0 0
8820 0.0720922 0.833333 288.167 0.341176 0.5 0 0
8830 0.0720922 0.833333 288.167 0.341176 0.5 0 0
8840 0.0720572 0.833333 289 0.341176 0.5 0 0
8850 0.0720572 0.833333 289 0.341176 0.5 0 0
8860 0.0720245 0.833333 289.833 0.341176 0.5 0 0
8870 0.0720245 0.833333 289.833 0.341176 0.5 0 0
8880 0.0719865 0.833333 290.667 0.341176 0.5 0 0
8890 0.0719865 0.833333 290.667 0.341176 0.5 0 0
8900 0.071957 0.833333 291.5 0.341176 0.5 0 0
8910 0.071957 0.833333 291.5 0.341176 0.5 0 0
8920 0.071928 0.833333 292.333 0.341176 0.5 0 0
8930 0.071928 0.833333 292.333 0.341176 0.5 0 0
8940 0.0719005 0.833333 293.167 0.341176 0.5 0 0
8950 0.0719005 0.833333 293.167 0.341176 0.5 0 0
8960 0.0718795 0.833333 294 0.341176 0.5 0 0
8970 0.0718795 0.833333 294 0.341176 0.5 0 0
8980 0.0718642 0.75 294.75 0.341176 0.5 0 0
8990 0.0718642 0.75 294.75 0.341176 0.5 0 0
9000 0.0718442 0.75 295.5 0.341176 0.5 0 0
9010 0.0718442 0.75 295.5 0.341176 0.5 0 0
9020 0.0718364 0.75 296.25 0.341176 0.5 0 0
9030 0.0718364 0.75 296.25 0.341176 0.5 0 0
9040 0.0718364 0.75 297 0.341176 0.5 0 0
9050 0.0718364 0.75 297 0.341176 0.5 0 0
9060 0.0718341 0.75 297.75 0.341176 0.5 0 0
9070 0.0718341 0.75 297.75 0.341176 0.5 0 0
9080 0.07181 0.75 298.5 0.341176 0.5 0 0
9090 0.07181 0.75 298.5 0.341176 0.5 0 0
9100 0.0717087 0.75 299.25 0.341176 0.5 0 0
9110 0.0717087 0.75 299.25 0.341176 0.5 0 0
9120 0.0717087 0.75 300 0.341176 0.5 0 0
9130 0.0717087 0.75 300 0.341176 0.5 0 0
9140 0.0717087 0.833333 300.833 0.341176 0.5 0 0
9150 0.0717087 0.833333 300.833 0.341176 0.5 0 0
9160 0.0717087 0.833333 301.667 0.341176 0.5 0 0
9170 0.0717087 0.833333 301.667 0.341176 0.5 0 0
9180 0.0717087 0.833333 302.5 0.341176 0.5 0 0
9190 0.0717087 0.833333 302.5 0.341176 0.5 0 0
9200 0.0716274 0.833333 303.333 0.341176 0.5 0 0
9210 0.0716274 0.833333 303.333 0.341176 0.5 0 0
9220 0.0716018 0.833333 304.167 0.341176 0.5 0 0
9230 0.0716018 0.833333 304.167 0.341176 0.5 0 0
9240 0.0716018 0.833333 305 0.341176 0.5 0 0
9250 0.0716018 0.833333 305 0.341176 0.5 0 0
9260 0.0716018 0.75 305.75 0.341176 0.5 0 0
9270 0.0716018 0.75 305.75 0.341176 0.5 0 0
9280 0.0716797 0.75 306.5 0.341176 0.5 0 0
9290 0.0716797 0.75 306.5 0.341176 0.5 0 0
9300 0.0717519 0.75 307.25 0.341176 0.5 0 0
9310 0.0717519 0.75 307.25 0.341176 0.5 0 0
9320 0.0723106 0.666667 307.917 0.341176 0.5 0 0
9330 0.0723106 0.666667 307.917 0.345098 0.5 0 0
9340 0.0726548 0.666667 308.583 0.345098 0.5 0 0
9350 0.0726548 0.666667 308.583 0.345098 0.5 0 0
9360 0.0727461 0.666667 309.25 0.34902 0.5 0 0
9370 0.0727461 0.666667 309.25 0.34902 0.5 0 0
9380 0.0726695 0.666667 309.917 0.34902 0.5 0 0
9390 0.0726695 0.666667 309.917 0.34902 0.5 0 0
9400 0.0720582 0.666667 310.583 0.345098 0.5 0 0
9410 0.0720582 0.666667 310.583 0.341176 0.5 0 0
9420 0.0713696 0.583333 311.167 0.341176 0.5 0 0
9430 0.0713696 0.583333 311.167 0.341176 0.5 0 0
9440 0.0705398 0.75 311.917 0.337255 0.5 0 0
9450 0.0705398 0.75 311.917 0.337255 0.5 0 0
9460 0.0702718 0.666667 312.583 0.337255 0.5 0 0
9470 0.0702718 0.666667 312.583 0.337255 0.5 0 0
9480 0.0700817 0.833333 313.417 0.341176 0.5 0 0
9490 0.0700817 0.833333 313.417 0.337255 0.5 0 0
9500 0.0698456 0.75 314.167 0.341176 0.5 0 0
9510 0.0698456 0.75 314.167 0.337255 0.5 0 0
9520 0.0690524 0.75 314.917 0.341176 0.5 0 0
9530 0.0690524 0.75 314.917 0.341176 0.5 0 0
9540 0.0686956 0.833333 315.75 0.341176 0.5 0 0
9550 0.0686956 0.833333 315.75 0.341176 0.5 0 0
9560 0.0685202 0.833333 316.583 0.341176 0.5 0 0
9570 0.0685202 0.833333 316.583 0.341176 0.5 0 0
9580 0.0683978 0.666667 317.25 0.341176 0.5 0 0
9590 0.0683978 0.666667 317.25 0.341176 0.5 0 0
9600 0.0682926 0.833333 318.083 0.341176 0.5 0 0
9610 0.0682926 0.833333 318.083 0.341176 0.5 0 0
9620 0.0682876 0.833333 318.917 0.345098 0.5 0 0
9630 0.0682876 0.833333 318.917 0.341176 0.5 0 0
9640 0.0682887 0.833333 319.75 0.341176 0.5 0 0
9650 0.0682887 0.833333 319.75 0.341176 0.5 0 0
9660 0.0681451 0.75 320.5 0.345098 0.5 0 0
9670 0.0681451 0.75 320.5 0.345098 0.5 0 0
9680 0.0680177 0.75 321.25 0.345098 0.5 0 0
9690 0.0680177 0.75 321.25 0.345098 0.5 0 0
9700 0.0680154 0.75 322 0.345098 0.5 0 0
9710 0.0680154 0.75 322 0.345098 0.5 0 0
9720 0.0679866 0.75 322.75 0.345098 0.5 0 0
9730 0.0679866 0.75 322.75 0.345098 0.5 0 0
9740 0.0679837 0.75 323.5 0.345098 0.5 0 0
9750 0.0679837 0.75 323.5 0.345098 0.5 0 0
9760 0.0679496 0.75 324.25 0.345098 0.5 0 0
9770 0.0679496 0.75 324.25 0.345098 0.5 0 0
9780 0.0679415 0.75 325 0.345098 0.5 0 0
9790 0.0679415 0.75 325 0.345098 0.5 0 0
9800 0.0679415 0.75 325.75 0.341176 0.5 0 0
9810 0.0679415 0.75 325.75 0.345098 0.5 0 0
9820 0.0679338 0.833333 326.583 0.345098 0.5 0 0
9830 0.0679338 0.833333 326.583 0.345098 0.5 0 0
9840 0.0680457 0.75 327.333 0.345098 0.5 0 0
9850 0.0680457 0.75 327.333 0.345098 0.5 0 0
9860 0.0686021 0.833333 328.167 0.345098 0.5 0 0
9870 0.0686021 0.833333 328.167 0.345098 0.5 0 0
9880 0.0691949 0.833333 329 0.341176 0.5 0 0
9890 0.0691949 0.833333 329 0.341176 0.5 0 0
9900 0.0700616 0.833333 329.833 0.337255 0.5 0 0
9910 0.0700616 0.833333 329.833 0.341176 0.5 0 0
9920 0.070976 0.833333 330.667 0.345098 0.5 0 0
9930 0.070976 0.833333 330.667 0.34902 0.5 0 0
9940 0.0714573 0.666667 331.333 0.34902 0.5 0 0
9950 0.0714573 0.666667 331.333 0.34902 0.5 0 0
9960 0.071472 0.833333 332.167 0.34902 0.5 0 0
9970 0.071472 0.833333 332.167 0.34902 0.5 0 0
9980 0.0714042 0.833333 333 0.352941 0.5 0 0
9990 0.0714042 0.833333 333 0.34902 0.5 0 0
10000 0.0707993 0.75 333.75 0.34902 0.5 0 0
10010 0.0707993 0.75 333.75 0.345098 0.5 0 0
10020 0.0700754 0.833333 334.583 0.345098 0.5 0 0
10030 0.0700754 0.833333 334.583 0.345098 0.5 0 0
10040 0.0698041 0.833333 335.417 0.341176 0.5 0 0
10050 0.0698041 0.833333 335.417 0.341176 0.5 0 0
10060 0.0696743 0.833333 336.25 0.345098 0.5 0 0
10070 0.0696743 0.833333 336.25 0.341176 0.5 0 0
10080 0.0695438 0.833333 337.083 0.345098 0.5 0 0
10090 0.0695438 0.833333 337.083 0.341176 0.5 0 0
10100 0.0694737 0.666667 337.75 0.341176 0.5 0 0
10110 0.0694737 0.666667 337.75 0.341176 0.5 0 0
10120 0.0694174 0.916667 338.667 0.341176 0.5 0 0
10130 0.0694174 0.916667 338.667 0.341176 0.5 0 0
10140 0.0693337 0.916667 339.583 0.341176 0.5 0 0
10150 0.0693337 0.916667 339.583 0.341176 0.5 0 0
10160 0.0695474 0.916667 340.5 0.341176 0.5 0 0
10170 0.0695474 0.916667 340.5 0.341176 0.5 0 0
10180 0.0694308 0.916667 341.417 0.341176 0.5 0 0
10190 0.0694308 0.916667 341.417 0.341176 0.5 0 0
10200 0.0692593 0.833333 342.25 0.341176 0.5 0 0
10210 0.0692593 0.833333 342.25 0.341176 0.5 0 0
10220 0.0691538 0.833333 343.083 0.341176 0.5 0 0
10230 0.0691538 0.833333 343.083 0.341176 0.5 0 0
10240 0.0691186 0.833333 343.917 0.341176 0.5 0 0
10250 0.0691186 0.833333 343.917 0.341176 0.5 0 0
10260 0.0689364 0.833333 344.75 0.341176 0.5 0 0
10270 0.0689364 0.833333 344.75 0.337255 0.5 0 0
10280 0.0687199 0.916667 345.667 0.337255 0.5 0 0
10290 0.0687199 0.916667 345.667 0.337255 0.5 0 0
10300 0.068507 0.916667 346.583 0.337255 0.5 0 0
10310 0.068507 0.916667 346.583 0.337255 0.5 0 0
10320 0.068288 0.75 347.333 0.337255 0.5 0 0
10330 0.068288 0.75 347.333 0.337255 0.5 0 0
10340 0.0675072 1 348.333 0.337255 0.5 0 0
10350 0.0675072 1 348.333 0.337255 0.5 0 0
10360 0.0672792 1 349.333 0.341176 0.5 0 0
10370 0.0672792 1 349.333 0.341176 0.5 0 0
10380 0.0672603 1 350.333 0.337255 0.5 0 0
10390 0.0672603 1 350.333 0.337255 0.5 0 0
10400 0.0672207 1 351.333 0.337255 0.5 0 0
10410 0.0672207 1 351.333 0.337255 0.5 0 0
10420 0.067197 1 352.333 0.337255 0.5 0 0
10430 0.067197 1 352.333 0.337255 0.5 0 0
10440 0.0671672 1 353.333 0.341176 0.5 0 0
10450 0.0671672 1 353.333 0.337255 0.5 0 0
10460 0.0670446 0.916667 354.25 0.337255 0.5 0 0
10470 0.0670446 0.916667 354.25 0.337255 0.5 0 0
10480 0.0669558 0.916667 355.167 0.337255 0.5 0 0
10490 0.0669558 0.916667 355.167 0.337255 0.5 0 0
10500 0.0669056 0.916667 356.083 0.337255 0.5 0 0
10510 0.0669056 0.916667 356.083 0.337255 0.5 0 0
10520 0.0668733 0.916667 357 0.337255 0.5 0 0
10530 0.0668733 0.916667 357 0.337255 0.5 0 0
10540 0.0668477 0.916667 357.917 0.337255 0.5 0 0
10550 0.0668477 0.916667 357.917 0.337255 0.5 0 0
10560 0.0667131 0.916667 358.833 0.341176 0.5 0 0
10570 0.0667131 0.916667 358.833 0.337255 0.5 0 0
10580 0.0665546 0.916667 359.75 0.341176 0.5 0 0
10590 0.0665546 0.916667 359.75 0.337255 0.5 0 0
10600 0.0664539 0.916667 360.667 0.341176 0.5 0 0
10610 0.0664539 0.916667 360.667 0.337255 0.5 0 0
10620 0.0663594 0.916667 361.583 0.337255 0.5 0 0
10630 0.0663594 0.916667 361.583 0.341176 0.5 0 0
10640 0.0662582 0.916667 362.5 0.341176 0.5 0 0
10650 0.0662582 0.916667 362.5 0.341176 0.5 0 0
10660 0.0662344 0.916667 363.417 0.341176 0.5 0 0
10670 0.0662344 0.916667 363.417 0.341176 0.5 0 0
10680 0.0662105 0.833333 364.25 0.341176 0.5 0 0
10690 0.0662105 0.833333 364.25 0.341176 0.5 0 0
10700 0.0661922 0.833333 365.083 0.341176 0.5 0 0
10710 0.0661922 0.833333 365.083 0.341176 0.5 0 0
10720 0.0661837 0.75 365.833 0.341176 0.5 0 0
10730 0.0661837 0.75 365.833 0.341176 0.5 0 0
10740 0.0661398 0.583333 366.417 0.341176 0.5 0 0
10750 0.0661398 0.583333 366.417 0.341176 0.5 0 0
10760 0.0660784 0.833333 367.25 0.341176 0.5 0 0
10770 0.0660784 0.833333 367.25 0.341176 0.5 0 0
10780 0.0660524 0.916667 368.167 0.345098 0.5 0 0
10790 0.0660524 0.916667 368.167 0.345098 0.5 0 0
10800 0.0657749 0.916667 369.083 0.345098 0.5 0 0
10810 0.0657749 0.916667 369.083 0.345098 0.5 0 0
10820 0.0656135 0.916667 370 0.345098 0.5 0 0
10830 0.0656135 0.916667 370 0.34902 0.5 0 0
10840 0.0655871 0.916667 370.917 0.34902 0.5 0 0
10850 0.0655871 0.916667 370.917 0.34902 0.5 0 0
10860 0.0655861 0.916667 371.833 0.34902 0.5 0 0
10870 0.0655861 0.916667 371.833 0.34902 0.5 0 0
10880 0.0655875 0.916667 372.75 0.34902 0.5 0 0
10890 0.0655875 0.916667 372.75 0.345098 0.5 0 0
10900 0.0655829 0.916667 373.667 0.34902 0.5 0 0
10910 0.0655829 0.916667 373.667 0.345098 0.5 0 0
10920 0.0655356 0.916667 374.583 0.34902 0.5 0 0
10930 0.0655356 0.916667 374.583 0.352941 0.5 0 0
10940 0.0654205 0.916667 375.5 0.352941 0.5 0 0
10950 0.0654205 0.916667 375.5 0.34902 0.5 0 0
10960 0.0653671 0.916667 376.417 0.352941 0.5 0 0
10970 0.0653671 0.916667 376.417 0.34902 0.5 0 0
10980 0.0653617 0.916667 377.333 0.352941 0.5 0 0
10990 0.0653617 0.916667 377.333 0.34902 0.5 0 0
11000 0.0653567 0.916667 378.25 0.345098 0.5 0 0
11010 0.0653567 0.916667 378.25 0.34902 0.5 0 0
11020 0.0653476 0.916667 379.167 0.34902 0.5 0 0
11030 0.0653476 0.916667 379.167 0.34902 0.5 0 0
11040 0.0653364 0.916667 380.083 0.34902 0.5 0 0
11050 0.0653364 0.916667 380.083 0.34902 0.5 0 0
11060 0.0653158 1 381.083 0.34902 0.5 0 0
11070 0.0653158 1 381.083 0.34902 0.5 0 0
11080 0.0651423 0.833333 381.917 0.34902 0.5 0 0
11090 0.0651423 0.833333 381.917 0.34902 0.5 0 0
11100 0.0650742 0.833333 382.75 0.34902 0.5 0 0
11110 0.0650742 0.833333 382.75 0.34902 0.5 0 0
11120 0.0650709 0.916667 383.667 0.34902 0.5 0 0
11130 0.0650709 0.916667 383.667 0.34902 0.5 0 0
11140 0.0650603 1 384.667 0.34902 0.5 0 0
11150 0.0650603 1 384.667 0.34902 0.5 0 0
11160 0.064989 0.916667 385.583 0.34902 0.5 0 0
11170 0.064989 0.916667 385.583 0.352941 0.5 0 0
11180 0.0649477 0.916667 386.5 0.34902 0.5 0 0
11190 0.0649477 0.916667 386.5 0.34902 0.5 0 0
11200 0.0649477 1 387.5 0.352941 0.5 0 0
11210 0.0649477 1 387.5 0.352941 0.5 0 0
11220 0.0649477 1 388.5 0.34902 0.5 0 0
11230 0.0649477 1 388.5 0.352941 0.5 0 0
11240 0.0649204 0.833333 389.333 0.34902 0.5 0 0
11250 0.0649204 0.833333 389.333 0.34902 0.5 0 0
11260 0.0648941 0.833333 390.167 0.34902 0.5 0 0
11270 0.0648941 0.833333 390.167 0.352941 0.5 0 0
11280 0.0648857 0.75 390.917 0.34902 0.5 0 0
11290 0.0648857 0.75 390.917 0.352941 0.5 0 0
11300 0.0648819 0.666667 391.583 0.34902 0.5 0 0
11310 0.0648819 0.666667 391.583 0.352941 0.5 0 0
11320 0.0648819 0.666667 392.25 0.356863 0.5 0 0
11330 0.0648819 0.666667 392.25 0.34902 0.5 0 0
11340 0.0648819 0.666667 392.917 0.34902 0.5 0 0
11350 0.0648819 0.666667 392.917 0.352941 0.5 0 0
11360 0.0648819 0.666667 393.583 0.34902 0.5 0 0
11370 0.0648819 0.666667 393.583 0.352941 0.5 0 0
11380 0.0648642 0.666667 394.25 0.352941 0.5 0 0
11390 0.0648642 0.666667 394.25 0.352941 0.5 0 0
11400 0.064839 0.833333 395.083 0.352941 0.5 0 0
11410 0.064839 0.833333 395.083 0.34902 0.5 0 0
11420 0.0647991 0.833333 395.917 0.34902 0.5 0 0
11430 0.0647991 0.833333 395.917 0.34902 0.5 0 0
11440 0.0647576 0.833333 396.75 0.34902 0.5 0 0
11450 0.0647576 0.833333 396.75 0.352941 0.5 0 0
11460 0.0645914 0.916667 397.667 0.352941 0.5 0 0
11470 0.0645914 0.916667 397.667 0.352941 0.5 0 0
11480 0.0645757 0.916667 398.583 0.352941 0.5 0 0
11490 0.0645757 0.916667 398.583 0.352941 0.5 0 0
11500 0.0645757 0.916667 399.5 0.352941 0.5 0 0
11510 0.0645757 0.916667 399.5 0.352941 0.5 0 0
11520 0.0645697 0.916667 400.417 0.352941 0.5 0 0
11530 0.0645697 0.916667 400.417 0.352941 0.5 0 0
11540 0.0645631 0.833333 401.25 0.356863 0.5 0 0
11550 0.0645631 0.833333 401.25 0.352941 0.5 0 0
11560 0.0645631 0.916667 402.167 0.352941 0.5 0 0
11570 0.0645631 0.916667 402.167 0.356863 0.5 0 0
11580 0.0645615 0.75 402.917 0.352941 0.5 0 0
11590 0.0645615 0.75 402.917 0.352941 0.5 0 0
11600 0.0645481 0.583333 403.5 0.356863 0.5 0 0
11610 0.0645481 0.583333 403.5 0.356863 0.5 0 0
11620 0.0645445 0.583333 404.083 0.352941 0.5 0 0
11630 0.0645445 0.583333 404.083 0.356863 0.5 0 0
11640 0.0645289 0.583333 404.667 0.352941 0.5 0 0
11650 0.0645289 0.583333 404.667 0.352941 0.5 0 0
11660 0.0645248 0.583333 405.25 0.356863 0.5 0 0
11670 0.0645248 0.583333 405.25 0.352941 0.5 0 0
11680 0.0645225 0.666667 405.917 0.352941 0.5 0 0
11690 0.0645225 0.666667 405.917 0.352941 0.5 0 0
11700 0.0645225 0.666667 406.583 0.356863 0.5 0 0
11710 0.0645225 0.666667 406.583 0.352941 0.5 0 0
11720 0.0645033 0.666667 407.25 0.356863 0.5 0 0
11730 0.0645033 0.666667 407.25 0.356863 0.5 0 0
11740 0.0644798 0.666667 407.917 0.356863 0.5 0 0
11750 0.0644798 0.666667 407.917 0.352941 0.5 0 0
11760 0.0644439 0.666667 408.583 0.352941 0.5 0 0
11770 0.0644439 0.666667 408.583 0.356863 0.5 0 0
11780 0.0642648 0.75 409.333 0.356863 0.5 0 0
11790 0.0642648 0.75 409.333 0.360784 0.5 0 0
11800 0.0635578 0.666667 410 0.356863 0.5 0 0
11810 0.0635578 0.666667 410 0.356863 0.5 0 0
11820 0.0635578 0.666667 410.667 0.356863 0.5 0 0
11830 0.0635578 0.666667 410.667 0.352941 0.5 0 0
11840 0.0635578 0.666667 411.333 0.356863 0.5 0 0
11850 0.0635578 0.666667 411.333 0.352941 0.5 0 0
11860 0.0635578 0.75 412.083 0.356863 0.5 0 0
11870 0.0635578 0.75 412.083 0.356863 0.5 0 0
11880 0.0635578 0.75 412.833 0.360784 0.5 0 0
11890 0.0635578 0.75 412.833 0.356863 0.5 0 0
11900 0.0635445 0.666667 413.5 0.352941 0.5 0 0
11910 0.0635445 0.666667 413.5 0.352941 0.5 0 0
11920 0.0635181 0.75 414.25 0.356863 0.5 0 0
11930 0.0635181 0.75 414.25 0.356863 0.5 0 0
11940 0.0634772 0.75 415 0.356863 0.5 0 0
11950 0.0634772 0.75 415 0.356863 0.5 0 0
11960 0.0634733 0.75 415.75 0.356863 0.5 0 0
11970 0.0634733 0.75 415.75 0.356863 0.5 0 0
11980 0.0634679 0.75 416.5 0.356863 0.5 0 0
11990 0.0634679 0.75 416.5 0.356863 0.5 0 0
12000 0.0634627 0.75 417.25 0.356863 0.5 0 0
12010 0.0634627 0.75 417.25 0.356863 0.5 0 0
12020 0.0634255 0.75 418 0.356863 0.5 0 0
12030 0.0634255 0.75 418 0.356863 0.5 0 0
12040 0.063401 0.666667 418.667 0.356863 0.5 0 0
12050 0.063401 0.666667 418.667 0.356863 0.5 0 0
12060 0.0633927 0.666667 419.333 0.356863 0.5 0 0
12070 0.0633927 0.666667 419.333 0.360784 0.5 0 0
12080 0.0633702 0.666667 420 0.356863 0.5 0 0
12090 0.0633702 0.666667 420 0.356863 0.5 0 0
12100 0.0633554 0.666667 420.667 0.356863 0.5 0 0
12110 0.0633554 0.666667 420.667 0.356863 0.5 0 0
12120 0.0633391 0.75 421.417 0.356863 0.5 0 0
12130 0.0633391 0.75 421.417 0.356863 0.5 0 0
12140 0.0633114 0.75 422.167 0.356863 0.5 0 0
12150 0.0633114 0.75 422.167 0.360784 0.5 0 0
12160 0.0633045 0.75 422.917 0.356863 0.5 0 0
12170 0.0633045 0.75 422.917 0.356863 0.5 0 0
12180 0.0632787 0.75 423.667 0.356863 0.5 0 0
12190 0.0632787 0.75 423.667 0.360784 0.5 0 0
12200 0.0633064 0.75 424.417 0.356863 0.5 0 0
12210 0.0633064 0.75 424.417 0.360784 0.5 0 0
12220 0.063853 0.75 425.167 0.356863 0.5 0 0
12230 0.063853 0.75 425.167 0.360784 0.5 0 0
12240 0.0640566 0.75 425.917 0.356863 0.5 0 0
12250 0.0640566 0.75 425.917 0.356863 0.5 0 0
12260 0.0647766 0.75 426.667 0.356863 0.5 0 0
12270 0.0647766 0.75 426.667 0.352941 0.5 0 0
12280 0.0655717 0.75 427.417 0.352941 0.5 0 0
12290 0.0655717 0.75 427.417 0.352941 0.5 0 0
12300 0.0665098 0.75 428.167 0.352941 0.5 0 0
12310 0.0665098 0.75 428.167 0.352941 0.5 0 0
12320 0.0670969 0.75 428.917 0.352941 0.5 0 0
12330 0.0670969 0.75 428.917 0.34902 0.5 0 0
12340 0.0678378 0.75 429.667 0.34902 0.5 0 0
12350 0.0678378 0.75 429.667 0.34902 0.5 0 0
12360 0.0688702 0.75 430.417 0.352941 0.5 0 0
12370 0.0688702 0.75 430.417 0.356863 0.5 0 0
12380 0.0689918 0.75 431.167 0.356863 0.5 0 0
12390 0.0689918 0.75 431.167 0.352941 0.5 0 0
12400 0.0689855 0.583333 431.75 0.356863 0.5 0 0
12410 0.0689855 0.583333 431.75 0.356863 0.5 0 0
12420 0.0689791 0.583333 432.333 0.352941 0.5 0 0
12430 0.0689791 0.583333 432.333 0.352941 0.5 0 0
12440 0.0687713 0.75 433.083 0.352941 0.5 0 0
12450 0.0687713 0.75 433.083 0.352941 0.5 0 0
12460 0.0686066 0.75 433.833 0.352941 0.5 0 0
12470 0.0686066 0.75 433.833 0.352941 0.5 0 0
12480 0.0685208 0.75 434.583 0.352941 0.5 0 0
12490 0.0685208 0.75 434.583 0.352941 0.5 0 0
12500 0.0685395 0.75 435.333 0.352941 0.5 0 0
12510 0.0685395 0.75 435.333 0.352941 0.5 0 0
12520 0.0686584 0.833333 436.167 0.352941 0.5 0 0
12530 0.0686584 0.833333 436.167 0.34902 0.5 0 0
12540 0.0687128 0.75 436.917 0.34902 0.5 0 0
12550 0.0687128 0.75 436.917 0.34902 0.5 0 0
12560 0.0691056 0.833333 437.75 0.34902 0.5 0 0
12570 0.0691056 0.833333 437.75 0.34902 0.5 0 0
12580 0.0691293 0.833333 438.583 0.34902 0.5 0 0
12590 0.0691293 0.833333 438.583 0.34902 0.5 0 0
12600 0.0692123 0.833333 439.417 0.34902 0.5 0 0
12610 0.0692123 0.833333 439.417 0.34902 0.5 0 0
12620 0.0690193 0.833333 440.25 0.34902 0.5 0 0
12630 0.0690193 0.833333 440.25 0.34902 0.5 0 0
12640 0.0690796 0.833333 441.083 0.34902 0.5 0 0
12650 0.0690796 0.833333 441.083 0.34902 0.5 0 0
12660 0.069168 0.916667 442 0.34902 0.5 0 0
12670 0.069168 0.916667 442 0.34902 0.5 0 0
12680 0.0690908 1 443 0.34902 0.5 0 0
12690 0.0690908 1 443 0.345098 0.5 0 0
12700 0.0685553 1 444 0.345098 0.5 0 0
12710 0.0685553 1 444 0.345098 0.5 0 0
12720 0.0681306 1 445 0.345098 0.5 0 0
12730 0.0681306 1 445 0.345098 0.5 0 0
12740 0.0678357 1 446 0.345098 0.5 0 0
12750 0.0678357 1 446 0.34902 0.5 0 0
12760 0.0677071 1 447 0.345098 0.5 0 0
12770 0.0677071 1 447 0.345098 0.5 0 0
12780 0.0676238 1 448 0.345098 0.5 0 0
12790 0.0676238 1 448 0.345098 0.5 0 0
12800 0.0675488 1 449 0.34902 0.5 0 0
12810 0.0675488 1 449 0.345098 0.5 0 0
12820 0.0674533 1 450 0.345098 0.5 0 0
12830 0.0674533 1 450 0.345098 0.5 0 0
12840 0.0673496 1 451 0.345098 0.5 0 0
12850 0.0673496 1 451 0.34902 0.5 0 0
12860 0.0672764 1 452 0.345098 0.5 0 0
12870 0.0672764 1 452 0.34902 0.5 0 0
12880 0.0671627 1 453 0.34902 0.5 0 0
12890 0.0671627 1 453 0.34902 0.5 0 0
12900 0.0671211 1 454 0.34902 0.5 0 0
12910 0.0671211 1 454 0.34902 0.5 0 0
12920 0.067137 1 455 0.34902 0.5 0 0
12930 0.067137 1 455 0.34902 0.5 0 0
12940 0.0671391 1 456 0.34902 0.5 0 0
12950 0.0671391 1 456 0.34902 0.5 0 0
12960 0.0671483 1 457 0.34902 0.5 0 0
12970 0.0671483 1 457 0.345098 0.5 0 0
12980 0.0671551 1 458 0.34902 0.5 0 0
12990 0.0671551 1 458 0.34902 0.5 0 0
13000 0.0671255 1 459 0.34902 0.5 0 0
13010 0.0671255 1 459 0.34902 0.5 0 0
13020 0.0671238 1 460 0.34902 0.5 0 0
13030 0.0671238 1 460 0.345098 0.5 0 0
13040 0.0671208 1 461 0.345098 0.5 0 0
13050 0.0671208 1 461 0.345098 0.5 0 0
13060 0.0671192 1 462 0.34902 0.5 0 0
13070 0.0671192 1 462 0.345098 0.5 0 0
13080 0.0671149 0.833333 462.833 0.34902 0.5 0 0
13090 0.0671149 0.833333 462.833 0.34902 0.5 0 0
13100 0.0670231 0.916667 463.75 0.345098 0.5 0 0
13110 0.0670231 0.916667 463.75 0.345098 0.5 0 0
13120 0.0669515 1 464.75 0.345098 0.5 0 0
13130 0.0669515 1 464.75 0.345098 0.5 0 0
13140 0.0669654 1 465.75 0.345098 0.5 0 0
13150 0.0669654 1 465.75 0.345098 0.5 0 0
13160 0.0669642 1 466.75 0.345098 0.5 0 0
13170 0.0669642 1 466.75 0.345098 0.5 0 0
13180 0.0669683 1 467.75 0.345098 0.5 0 0
13190 0.0669683 1 467.75 0.34902 0.5 0 0
13200 0.0669767 1 468.75 0.34902 0.5 0 0
13210 0.0669767 1 468.75 0.34902 0.5 0 0
13220 0.0670015 1 469.75 0.34902 0.5 0 0
13230 0.0670015 1 469.75 0.34902 0.5 0 0
13240 0.0669655 1 470.75 0.34902 0.5 0 0
13250 0.0669655 1 470.75 0.34902 0.5 0 0
13260 0.0668879 1 471.75 0.34902 0.5 0 0
13270 0.0668879 1 471.75 0.34902 0.5 0 0
13280 0.0667677 1 472.75 0.34902 0.5 0 0
13290 0.0667677 1 472.75 0.34902 0.5 0 0
13300 0.0666036 0.916667 473.667 0.34902 0.5 0 0
13310 0.0666036 0.916667 473.667 0.34902 0.5 0 0
13320 0.0663465 0.916667 474.583 0.34902 0.5 0 0
13330 0.0663465 0.916667 474.583 0.34902 0.5 0 0
13340 0.0658621 0.916667 475.5 0.345098 0.5 0 0
13350 0.0658621 0.916667 475.5 0.345098 0.5 0 0
13360 0.0655638 1 476.5 0.345098 0.5 0 0
13370 0.0655638 1 476.5 0.345098 0.5 0 0
13380 0.0653366 1 477.5 0.34902 0.5 0 0
13390 0.0653366 1 477.5 0.34902 0.5 0 0
13400 0.0652722 1 478.5 0.34902 0.5 0 0
13410 0.0652722 1 478.5 0.345098 0.5 0 0
13420 0.0652514 1 479.5 0.34902 0.5 0 0
13430 0.0652514 1 479.5 0.34902 0.5 0 0
13440 0.0652509 1 480.5 0.34902 0.5 0 0
13450 0.0652509 1 480.5 0.34902 0.5 0 0
13460 0.0652493 1 481.5 0.34902 0.5 0 0
13470 0.0652493 1 481.5 0.34902 0.5 0 0
13480 0.0652125 0.833333 482.333 0.34902 0.5 0 0
13490 0.0652125 0.833333 482.333 0.34902 0.5 0 0
13500 0.0651122 0.833333 483.167 0.34902 0.5 0 0
13510 0.0651122 0.833333 483.167 0.34902 0.5 0 0
13520 0.0650325 0.833333 484 0.34902 0.5 0 0
13530 0.0650325 0.833333 484 0.34902 0.5 0 0
13540 0.0649476 0.833333 484.833 0.34902 0.5 0 0
13550 0.0649476 0.833333 484.833 0.34902 0.5 0 0
13560 0.0648668 0.833333 485.667 0.34902 0.5 0 0
13570 0.0648668 0.833333 485.667 0.34902 0.5 0 0
13580 0.0648388 0.833333 486.5 0.34902 0.5 0 0
13590 0.0648388 0.833333 486.5 0.34902 0.5 0 0
13600 0.0647747 0.75 487.25 0.34902 0.5 0 0
13610 0.0647747 0.75 487.25 0.34902 0.5 0 0
13620 0.0638988 0.833333 488.083 0.34902 0.5 0 0
13630 0.0638988 0.833333 488.083 0.352941 0.5 0 0
13640 0.062335 0.75 488.833 0.356863 0.5 0 0
13650 0.062335 0.75 488.833 0.356863 0.5 0 0
13660 0.0624053 0.666667 489.5 0.356863 0.5 0 0
13670 0.0624053 0.666667 489.5 0.356863 0.5 0 0
13680 0.0624108 0.666667 490.167 0.356863 0.5 0 0
13690 0.0624108 0.666667 490.167 0.356863 0.5 0 0
13700 0.062267 0.666667 490.833 0.356863 0.5 0 0
13710 0.062267 0.666667 490.833 0.360784 0.5 0 0
13720 0.062184 0.666667 491.5 0.356863 0.5 0 0
13730 0.062184 0.666667 491.5 0.356863 0.5 0 0
13740 0.0621258 0.833333 492.333 0.356863 0.5 0 0
13750 0.0621258 0.833333 492.333 0.356863 0.5 0 0
13760 0.0620429 0.75 493.083 0.356863 0.5 0 0
13770 0.0620429 0.75 493.083 0.356863 0.5 0 0
13780 0.0619698 0.75 493.833 0.352941 0.5 0 0
13790 0.0619698 0.75 493.833 0.356863 0.5 0 0
13800 0.0619254 0.75 494.583 0.360784 0.5 0 0
13810 0.0619254 0.75 494.583 0.360784 0.5 0 0
13820 0.0618985 0.75 495.333 0.356863 0.5 0 0
13830 0.0618985 0.75 495.333 0.356863 0.5 0 0
13840 0.0618985 0.833333 496.167 0.356863 0.5 0 0
13850 0.0618985 0.833333 496.167 0.356863 0.5 0 0
13860 0.0618867 0.833333 497 0.356863 0.5 0 0
13870 0.0618867 0.833333 497 0.356863 0.5 0 0
13880 0.0618474 0.75 497.75 0.356863 0.5 0 0
13890 0.0618474 0.75 497.75 0.360784 0.5 0 0
13900 0.0618025 0.75 498.5 0.356863 0.5 0 0
13910 0.0618025 0.75 498.5 0.356863 0.5 0 0
13920 0.0617264 0.75 499.25 0.356863 0.5 0 0
13930 0.0617264 0.75 499.25 0.360784 0.5 0 0
13940 0.0616656 0.75 500 0.356863 0.5 0 0
13950 0.0616656 0.75 500 0.356863 0.5 0 0
13960 0.0610237 0.75 500.75 0.360784 0.5 0 0
13970 0.0610237 0.75 500.75 0.364706 0.5 0 0
13980 0.0607448 0.75 501.5 0.360784 0.5 0 0
13990 0.0607448 0.75 501.5 0.360784 0.5 0 0
14000 0.0607113 0.666667 502.167 0.360784 0.5 0 0
14010 0.0607113 0.666667 502.167 0.360784 0.5 0 0
14020 0.0606936 0.666667 502.833 0.364706 0.5 0 0
14030 0.0606936 0.666667 502.833 0.360784 0.5 0 0
14040 0.0606572 0.666667 503.5 0.364706 0.5 0 0
14050 0.0606572 0.666667 503.5 0.360784 0.5 0 0
14060 0.0606123 0.666667 504.167 0.364706 0.5 0 0
14070 0.0606123 0.666667 504.167 0.360784 0.5 0 0
14080 0.0605431 0.666667 504.833 0.360784 0.5 0 0
14090 0.0605431 0.666667 504.833 0.360784 0.5 0 0
14100 0.0605087 0.75 505.583 0.364706 0.5 0 0
14110 0.0605087 0.75 505.583 0.364706 0.5 0 0
14120 0.060475 0.75 506.333 0.360784 0.5 0 0
14130 0.060475 0.75 506.333 0.360784 0.5 0 0
14140 0.060406 0.75 507.083 0.364706 0.5 0 0
14150 0.060406 0.75 507.083 0.360784 0.5 0 0
14160 0.0603745 0.75 507.833 0.364706 0.5 0 0
14170 0.0603745 0.75 507.833 0.360784 0.5 0 0
14180 0.060333 0.75 508.583 0.364706 0.5 0 0
14190 0.060333 0.75 508.583 0.360784 0.5 0 0
14200 0.0602792 0.75 509.333 0.364706 0.5 0 0
14210 0.0602792 0.75 509.333 0.364706 0.5 0 0
14220 0.0602617 0.75 510.083 0.364706 0.5 0 0
14230 0.0602617 0.75 510.083 0.360784 0.5 0 0
14240 0.0602521 0.75 510.833 0.364706 0.5 0 0
14250 0.0602521 0.75 510.833 0.364706 0.5 0 0
14260 0.0602418 0.75 511.583 0.364706 0.5 0 0
14270 0.0602418 0.75 511.583 0.364706 0.5 0 0
14280 0.0602168 0.666667 512.25 0.364706 0.5 0 0
14290 0.0602168 0.666667 512.25 0.364706 0.5 0 0
14300 0.0600502 0.583333 512.833 0.360784 0.5 0 0
14310 0.0600502 0.583333 512.833 0.364706 0.5 0 0
14320 0.0600013 0.75 513.583 0.364706 0.5 0 0
14330 0.0600013 0.75 513.583 0.364706 0.5 0 0
14340 0.0599701 0.75 514.333 0.364706 0.5 0 0
14350 0.0599701 0.75 514.333 0.364706 0.5 0 0
14360 0.0599657 0.75 515.083 0.364706 0.5 0 0
14370 0.0599657 0.75 515.083 0.368627 0.5 0 0
14380 0.0597679 0.75 515.833 0.376471 0.5 0 0
14390 0.0597679 0.75 515.833 0.376471 0.5 0 0
14400 0.0597183 0.75 516.583 0.364706 0.5 0 0
14410 0.0597183 0.75 516.583 0.380392 0.5 0 0
14420 0.0596891 0.75 517.333 0.364706 0.5 0 0
14430 0.0596891 0.75 517.333 0.372549 0.5 0 0
14440 0.0596616 0.75 518.083 0.372549 0.5 0 0
14450 0.0596616 0.75 518.083 0.368627 0.5 0 0
14460 0.059637 0.75 518.833 0.380392 0.5 0 0
14470 0.059637 0.75 518.833 0.364706 0.5 0 0
14480 0.0596325 0.666667 519.5 0.368627 0.5 0 0
14490 0.0596325 0.666667 519.5 0.364706 0.5 0 0
14500 0.0596023 0.583333 520.083 0.372549 0.5 0 0
14510 0.0596023 0.583333 520.083 0.372549 0.5 0 0
14520 0.0595 0.5 520.583 0.372549 0.5 0 0
14530 0.0595 0.5 520.583 0.384314 0.5 0 0
14540 0.0594659 0.5 521.083 0.388235 0.5 0 0
14550 0.0594659 0.5 521.083 0.392157 0.5 0 0
14560 0.0593629 0.5 521.583 0.396078 0.5 0 0
14570 0.0593629 0.5 521.583 0.419608 0.5 0 0
14580 0.0592174 0.666667 522.25 0.384314 0.5 0 0
14590 0.0592174 0.666667 522.25 0.396078 0.5 0 0
14600 0.0600407 0.666667 522.917 0.364706 0.5 0 0
14610 0.0600407 0.666667 522.917 0.364706 0.5 0 0
14620 0.0612422 0.666667 523.583 0.364706 0.5 0 0
14630 0.0612422 0.666667 523.583 0.368627 0.5 0 0
14640 0.0615182 0.666667 524.25 0.364706 0.5 0 0
14650 0.0615182 0.666667 524.25 0.364706 0.5 0 0
14660 0.0620963 0.666667 524.917 0.364706 0.5 0 0
14670 0.0620963 0.666667 524.917 0.360784 0.5 0 0
14680 0.0627247 0.75 525.667 0.364706 0.5 0 0
14690 0.0627247 0.75 525.667 0.364706 0.5 0 0
14700 0.0634768 0.75 526.417 0.368627 0.5 0 0
14710 0.0634768 0.75 526.417 0.368627 0.5 0 0
14720 0.063848 0.666667 527.083 0.368627 0.5 0 0
14730 0.063848 0.666667 527.083 0.368627 0.5 0 0
14740 0.0642191 0.666667 527.75 0.368627 0.5 0 0
14750 0.0642191 0.666667 527.75 0.368627 0.5 0 0
14760 0.0643244 0.666667 528.417 0.372549 0.5 0 0
14770 0.0643244 0.666667 528.417 0.368627 0.5 0 0
14780 0.0649869 0.666667 529.083 0.372549 0.5 0 0
14790 0.0649869 0.666667 529.083 0.376471 0.5 0 0
14800 0.0656364 0.75 529.833 0.376471 0.5 0 0
14810 0.0656364 0.75 529.833 0.376471 0.5 0 0
14820 0.0657784 0.75 530.583 0.376471 0.5 0 0
14830 0.0657784 0.75 530.583 0.376471 0.5 0 0
14840 0.065473 0.75 531.333 0.376471 0.5 0 0
14850 0.065473 0.75 531.333 0.376471 0.5 0 0
14860 0.0653015 0.75 532.083 0.372549 0.5 0 0
14870 0.0653015 0.75 532.083 0.372549 0.5 0 0
14880 0.0649848 0.75 532.833 0.372549 0.5 0 0
14890 0.0649848 0.75 532.833 0.372549 0.5 0 0
14900 0.0648776 0.75 533.583 0.372549 0.5 0 0
14910 0.0648776 0.75 533.583 0.372549 0.5 0 0
14920 0.0648609 0.75 534.333 0.372549 0.5 0 0
14930 0.0648609 0.75 534.333 0.372549 0.5 0 0
14940 0.0649421 0.75 535.083 0.372549 0.5 0 0
14950 0.0649421 0.75 535.083 0.372549 0.5 0 0
14960 0.0649222 0.833333 535.917 0.372549 0.5 0 0
14970 0.0649222 0.833333 535.917 0.372549 0.5 0 0
14980 0.0647681 0.75 536.667 0.368627 0.5 0 0
14990 0.0647681 0.75 536.667 0.368627 0.5 0 0
15000 0.0647087 0.75 537.417 0.368627 0.5 0 0
15010 0.0647087 0.75 537.417 0.368627 0.5 0 0
15020 0.0646663 0.75 538.167 0.368627 0.5 0 0
15030 0.0646663 0.75 538.167 0.368627 0.5 0 0
15040 0.0646892 0.75 538.917 0.368627 0.5 0 0
15050 0.0646892 0.75 538.917 0.368627 0.5 0 0
15060 0.0648847 0.75 539.667 0.368627 0.5 0 0
15070 0.0648847 0.75 539.667 0.368627 0.5 0 0
15080 0.0649962 0.75 540.417 0.364706 0.5 0 0
15090 0.0649962 0.75 540.417 0.368627 0.5 0 0
15100 0.0651416 0.75 541.167 0.364706 0.5 0 0
15110 0.0651416 0.75 541.167 0.368627 0.5 0 0
15120 0.0651316 0.916667 542.083 0.364706 0.5 0 0
15130 0.0651316 0.916667 542.083 0.364706 0.5 0 0
15140 0.0651389 0.916667 543 0.368627 0.5 0 0
15150 0.0651389 0.916667 543 0.364706 0.5 0 0
15160 0.0651016 0.916667 543.917 0.368627 0.5 0 0
15170 0.0651016 0.916667 543.917 0.364706 0.5 0 0
15180 0.0650931 0.916667 544.833 0.368627 0.5 0 0
15190 0.0650931 0.916667 544.833 0.364706 0.5 0 0
15200 0.0650806 1 545.833 0.368627 0.5 0 0
15210 0.0650806 1 545.833 0.368627 0.5 0 0
15220 0.0650865 1 546.833 0.368627 0.5 0 0
15230 0.0650865 1 546.833 0.364706 0.5 0 0
15240 0.0650786 1 547.833 0.364706 0.5 0 0
15250 0.0650786 1 547.833 0.364706 0.5 0 0
15260 0.0650824 0.833333 548.667 0.364706 0.5 0 0
15270 0.0650824 0.833333 548.667 0.364706 0.5 0 0
15280 0.0650736 0.916667 549.583 0.368627 0.5 0 0
15290 0.0650736 0.916667 549.583 0.364706 0.5 0 0
15300 0.0650006 0.75 550.333 0.364706 0.5 0 0
15310 0.0650006 0.75 550.333 0.364706 0.5 0 0
15320 0.0649086 0.75 551.083 0.364706 0.5 0 0
15330 0.0649086 0.75 551.083 0.364706 0.5 0 0
15340 0.0649114 0.833333 551.917 0.364706 0.5 0 0
15350 0.0649114 0.833333 551.917 0.364706 0.5 0 0
15360 0.064846 0.916667 552.833 0.364706 0.5 0 0
15370 0.064846 0.916667 552.833 0.364706 0.5 0 0
15380 0.0648462 0.916667 553.75 0.364706 0.5 0 0
15390 0.0648462 0.916667 553.75 0.364706 0.5 0 0
15400 0.0648468 0.916667 554.667 0.364706 0.5 0 0
15410 0.0648468 0.916667 554.667 0.364706 0.5 0 0
15420 0.0648473 0.916667 555.583 0.364706 0.5 0 0
15430 0.0648473 0.916667 555.583 0.364706 0.5 0 0
15440 0.0648477 0.916667 556.5 0.364706 0.5 0 0
15450 0.0648477 0.916667 556.5 0.364706 0.5 0 0
15460 0.0648479 0.916667 557.417 0.364706 0.5 0 0
15470 0.0648479 0.916667 557.417 0.364706 0.5 0 0
15480 0.0647014 0.833333 558.25 0.364706 0.5 0 0
15490 0.0647014 0.833333 558.25 0.364706 0.5 0 0
15500 0.0647208 0.833333 559.083 0.364706 0.5 0 0
15510 0.0647208 0.833333 559.083 0.364706 0.5 0 0
15520 0.0647208 0.75 559.833 0.364706 0.5 0 0
15530 0.0647208 0.75 559.833 0.364706 0.5 0 0
15540 0.0647544 0.833333 560.667 0.364706 0.5 0 0
15550 0.0647544 0.833333 560.667 0.364706 0.5 0 0
15560 0.0647595 0.833333 561.5 0.364706 0.5 0 0
15570 0.0647595 0.833333 561.5 0.364706 0.5 0 0
15580 0.0646881 0.833333 562.333 0.364706 0.5 0 0
15590 0.0646881 0.833333 562.333 0.364706 0.5 0 0
15600 0.0646913 0.833333 563.167 0.364706 0.5 0 0
15610 0.0646913 0.833333 563.167 0.364706 0.5 0 0
15620 0.0646942 0.833333 564 0.364706 0.5 0 0
15630 0.0646942 0.833333 564 0.364706 0.5 0 0
15640 0.064697 0.833333 564.833 0.364706 0.5 0 0
15650 0.064697 0.833333 564.833 0.364706 0.5 0 0
15660 0.0646997 0.833333 565.667 0.364706 0.5 0 0
15670 0.0646997 0.833333 565.667 0.364706 0.5 0 0
15680 0.0646037 0.583333 566.25 0.364706 0.5 0 0
15690 0.0646037 0.583333 566.25 0.364706 0.5 0 0
15700 0.0645747 0.583333 566.833 0.364706 0.5 0 0
15710 0.0645747 0.583333 566.833 0.364706 0.5 0 0
15720 0.0645646 0.833333 567.667 0.364706 0.5 0 0
15730 0.0645646 0.833333 567.667 0.364706 0.5 0 0
15740 0.0645819 0.833333 568.5 0.364706 0.5 0 0
15750 0.0645819 0.833333 568.5 0.364706 0.5 0 0
15760 0.0646092 0.833333 569.333 0.364706 0.5 0 0
15770 0.0646092 0.833333 569.333 0.364706 0.5 0 0
15780 0.0646338 0.833333 570.167 0.364706 0.5 0 0
15790 0.0646338 0.833333 570.167 0.364706 0.5 0 0
15800 0.0646723 0.916667 571.083 0.364706 0.5 0 0
15810 0.0646723 0.916667 571.083 0.364706 0.5 0 0
15820 0.0646994 0.916667 572 0.364706 0.5 0 0
15830 0.0646994 0.916667 572 0.364706 0.5 0 0
15840 0.06472 0.916667 572.917 0.364706 0.5 0 0
15850 0.06472 0.916667 572.917 0.364706 0.5 0 0
15860 0.0647448 0.916667 573.833 0.364706 0.5 0 0
15870 0.0647448 0.916667 573.833 0.364706 0.5 0 0
15880 0.0647733 0.916667 574.75 0.364706 0.5 0 0
15890 0.0647733 0.916667 574.75 0.364706 0.5 0 0
15900 0.0648044 0.75 575.5 0.364706 0.5 0 0
15910 0.0648044 0.75 575.5 0.364706 0.5 0 0
15920 0.0646368 0.75 576.25 0.364706 0.5 0 0
15930 0.0646368 0.75 576.25 0.364706 0.5 0 0
15940 0.0646547 0.75 577 0.364706 0.5 0 0
15950 0.0646547 0.75 577 0.364706 0.5 0 0
15960 0.0646741 0.833333 577.833 0.364706 0.5 0 0
15970 0.0646741 0.833333 577.833 0.364706 0.5 0 0
15980 0.0645903 0.833333 578.667 0.364706 0.5 0 0
15990 0.0645903 0.833333 578.667 0.364706 0.5 0 0
16000 0.0646159 0.916667 579.583 0.364706 0.5 0 0
16010 0.0646159 0.916667 579.583 0.368627 0.5 0 0
16020 0.0646251 0.916667 580.5 0.368627 0.5 0 0
16030 0.0646251 0.916667 580.5 0.368627 0.5 0 0
16040 0.064517 0.916667 581.417 0.364706 0.5 0 0
16050 0.064517 0.916667 581.417 0.364706 0.5 0 0
16060 0.0640107 0.75 582.167 0.364706 0.5 0 0
16070 0.0640107 0.75 582.167 0.364706 0.5 0 0
16080 0.0639674 0.833333 583 0.364706 0.5 0 0
16090 0.0639674 0.833333 583 0.364706 0.5 0 0
16100 0.0639834 0.833333 583.833 0.364706 0.5 0 0
16110 0.0639834 0.833333 583.833 0.364706 0.5 0 0
16120 0.0640204 0.833333 584.667 0.364706 0.5 0 0
16130 0.0640204 0.833333 584.667 0.364706 0.5 0 0
16140 0.0640529 0.833333 585.5 0.364706 0.5 0 0
16150 0.0640529 0.833333 585.5 0.364706 0.5 0 0
16160 0.0640671 0.833333 586.333 0.364706 0.5 0 0
16170 0.0640671 0.833333 586.333 0.364706 0.5 0 0
16180 0.0640797 0.833333 587.167 0.364706 0.5 0 0
16190 0.0640797 0.833333 587.167 0.364706 0.5 0 0
16200 0.0640627 0.833333 588 0.364706 0.5 0 0
16210 0.0640627 0.833333 588 0.364706 0.5 0 0
16220 0.0638992 0.833333 588.833 0.364706 0.5 0 0
16230 0.0638992 0.833333 588.833 0.364706 0.5 0 0
16240 0.063824 0.833333 589.667 0.360784 0.5 0 0
16250 0.063824 0.833333 589.667 0.364706 0.5 0 0
16260 0.0637862 0.833333 590.5 0.360784 0.5 0 0
16270 0.0637862 0.833333 590.5 0.360784 0.5 0 0
16280 0.0637964 0.833333 591.333 0.364706 0.5 0 0
16290 0.0637964 0.833333 591.333 0.360784 0.5 0 0
16300 0.0639044 0.833333 592.167 0.364706 0.5 0 0
16310 0.0639044 0.833333 592.167 0.360784 0.5 0 0
16320 0.0639935 0.833333 593 0.360784 0.5 0 0
16330 0.0639935 0.833333 593 0.360784 0.5 0 0
16340 0.0641319 0.833333 593.833 0.360784 0.5 0 0
16350 0.0641319 0.833333 593.833 0.360784 0.5 0 0
16360 0.0640998 0.833333 594.667 0.360784 0.5 0 0
16370 0.0640998 0.833333 594.667 0.360784 0.5 0 0
16380 0.0644466 0.666667 595.333 0.360784 0.5 0 0
16390 0.0644466 0.666667 595.333 0.360784 0.5 0 0
16400 0.0649141 0.833333 596.167 0.360784 0.5 0 0
16410 0.0649141 0.833333 596.167 0.360784 0.5 0 0
16420 0.0650799 0.916667 597.083 0.360784 0.5 0 0
16430 0.0650799 0.916667 597.083 0.360784 0.5 0 0
16440 0.0650868 1 598.083 0.360784 0.5 0 0
16450 0.0650868 1 598.083 0.360784 0.5 0 0
16460 0.0650955 1 599.083 0.360784 0.5 0 0
16470 0.0650955 1 599.083 0.360784 0.5 0 0
16480 0.0651096 1 600.083 0.360784 0.5 0 0
16490 0.0651096 1 600.083 0.360784 0.5 0 0
16500 0.0650619 0.916667 601 0.360784 0.5 0 0
16510 0.0650619 0.916667 601 0.360784 0.5 0 0
16520 0.0650712 1 602 0.360784 0.5 0 0
16530 0.0650712 1 602 0.360784 0.5 0 0
16540 0.0650636 1 603 0.360784 0.5 0 0
16550 0.0650636 1 603 0.360784 0.5 0 0
16560 0.0650622 0.916667 603.917 0.360784 0.5 0 0
16570 0.0650622 0.916667 603.917 0.360784 0.5 0 0
16580 0.065063 0.833333 604.75 0.360784 0.5 0 0
16590 0.065063 0.833333 604.75 0.360784 0.5 0 0
16600 0.0650725 1 605.75 0.360784 0.5 0 0
16610 0.0650725 1 605.75 0.360784 0.5 0 0
16620 0.0650822 1 606.75 0.360784 0.5 0 0
16630 0.0650822 1 606.75 0.360784 0.5 0 0
16640 0.065089 1 607.75 0.360784 0.5 0 0
16650 0.065089 1 607.75 0.360784 0.5 0 0
16660 0.0651027 1 608.75 0.360784 0.5 0 0
16670 0.0651027 1 608.75 0.360784 0.5 0 0
16680 0.0650845 1 609.75 0.360784 0.5 0 0
16690 0.0650845 1 609.75 0.360784 0.5 0 0
16700 0.0650571 0.916667 610.667 0.360784 0.5 0 0
16710 0.0650571 0.916667 610.667 0.360784 0.5 0 0
16720 0.0650409 0.916667 611.583 0.360784 0.5 0 0
16730 0.0650409 0.916667 611.583 0.360784 0.5 0 0
16740 0.0650326 0.833333 612.417 0.360784 0.5 0 0
16750 0.0650326 0.833333 612.417 0.360784 0.5 0 0
16760 0.0650117 0.666667 613.083 0.360784 0.5 0 0
16770 0.0650117 0.666667 613.083 0.360784 0.5 0 0
16780 0.0648837 0.916667 614 0.360784 0.5 0 0
16790 0.0648837 0.916667 614 0.360784 0.5 0 0
16800 0.0648205 0.916667 614.917 0.360784 0.5 0 0
16810 0.0648205 0.916667 614.917 0.360784 0.5 0 0
16820 0.0648117 0.916667 615.833 0.360784 0.5 0 0
16830 0.0648117 0.916667 615.833 0.360784 0.5 0 0
16840 0.0647849 0.916667 616.75 0.360784 0.5 0 0
16850 0.0647849 0.916667 616.75 0.360784 0.5 0 0
16860 0.0647091 0.916667 617.667 0.360784 0.5 0 0
16870 0.0647091 0.916667 617.667 0.360784 0.5 0 0
16880 0.064682 0.833333 618.5 0.360784 0.5 0 0
16890 0.064682 0.833333 618.5 0.360784 0.5 0 0
16900 0.0646513 0.833333 619.333 0.360784 0.5 0 0
16910 0.0646513 0.833333 619.333 0.360784 0.5 0 0
16920 0.0646527 0.916667 620.25 0.360784 0.5 0 0
16930 0.0646527 0.916667 620.25 0.360784 0.5 0 0
16940 0.0646577 0.916667 621.167 0.360784 0.5 0 0
16950 0.0646577 0.916667 621.167 0.360784 0.5 0 0
16960 0.0646586 0.833333 622 0.360784 0.5 0 0
16970 0.0646586 0.833333 622 0.360784 0.5 0 0
16980 0.0645716 0.833333 622.833 0.360784 0.5 0 0
16990 0.0645716 0.833333 622.833 0.360784 0.5 0 0
17000 0.0645744 0.916667 623.75 0.360784 0.5 0 0
17010 0.0645744 0.916667 623.75 0.360784 0.5 0 0
17020 0.0645768 0.916667 624.667 0.360784 0.5 0 0
17030 0.0645768 0.916667 624.667 0.360784 0.5 0 0
17040 0.0645783 0.916667 625.583 0.360784 0.5 0 0
17050 0.0645783 0.916667 625.583 0.360784 0.5 0 0
17060 0.064579 0.833333 626.417 0.360784 0.5 0 0
17070 0.064579 0.833333 626.417 0.360784 0.5 0 0
17080 0.0644383 0.833333 627.25 0.360784 0.5 0 0
17090 0.0644383 0.833333 627.25 0.360784 0.5 0 0
17100 0.0643745 0.833333 628.083 0.360784 0.5 0 0
17110 0.0643745 0.833333 628.083 0.360784 0.5 0 0
17120 0.0643626 0.833333 628.917 0.360784 0.5 0 0
17130 0.0643626 0.833333 628.917 0.360784 0.5 0 0
17140 0.0643603 0.916667 629.833 0.360784 0.5 0 0
17150 0.0643603 0.916667 629.833 0.360784 0.5 0 0
17160 0.0643582 0.916667 630.75 0.360784 0.5 0 0
17170 0.0643582 0.916667 630.75 0.360784 0.5 0 0
17180 0.0643504 0.916667 631.667 0.360784 0.5 0 0
17190 0.0643504 0.916667 631.667 0.360784 0.5 0 0
17200 0.0643081 0.916667 632.583 0.360784 0.5 0 0
17210 0.0643081 0.916667 632.583 0.360784 0.5 0 0
17220 0.0642371 0.916667 633.5 0.360784 0.5 0 0
17230 0.0642371 0.916667 633.5 0.360784 0.5 0 0
17240 0.0640438 0.833333 634.333 0.360784 0.5 0 0
17250 0.0640438 0.833333 634.333 0.360784 0.5 0 0
17260 0.0638575 0.916667 635.25 0.360784 0.5 0 0
17270 0.0638575 0.916667 635.25 0.360784 0.5 0 0
17280 0.0637366 0.916667 636.167 0.360784 0.5 0 0
17290 0.0637366 0.916667 636.167 0.364706 0.5 0 0
17300 0.0633507 0.916667 637.083 0.360784 0.5 0 0
17310 0.0633507 0.916667 637.083 0.360784 0.5 0 0
17320 0.0631936 0.916667 638 0.360784 0.5 0 0
17330 0.0631936 0.916667 638 0.360784 0.5 0 0
17340 0.0631901 0.916667 638.917 0.360784 0.5 0 0
17350 0.0631901 0.916667 638.917 0.360784 0.5 0 0
17360 0.0632038 0.833333 639.75 0.360784 0.5 0 0
17370 0.0632038 0.833333 639.75 0.360784 0.5 0 0
17380 0.063221 0.75 640.5 0.360784 0.5 0 0
17390 0.063221 0.75 640.5 0.360784 0.5 0 0
17400 0.0632462 0.833333 641.333 0.360784 0.5 0 0
17410 0.0632462 0.833333 641.333 0.360784 0.5 0 0
17420 0.0632568 0.833333 642.167 0.360784 0.5 0 0
17430 0.0632568 0.833333 642.167 0.360784 0.5 0 0
17440 0.0632686 0.833333 643 0.356863 0.5 0 0
17450 0.0632686 0.833333 643 0.360784 0.5 0 0
17460 0.0632791 0.833333 643.833 0.360784 0.5 0 0
17470 0.0632791 0.833333 643.833 0.360784 0.5 0 0
17480 0.0632879 0.833333 644.667 0.360784 0.5 0 0
17490 0.0632879 0.833333 644.667 0.360784 0.5 0 0
17500 0.06329 0.833333 645.5 0.356863 0.5 0 0
17510 0.06329 0.833333 645.5 0.356863 0.5 0 0
17520 0.0632095 0.833333 646.333 0.356863 0.5 0 0
17530 0.0632095 0.833333 646.333 0.356863 0.5 0 0
17540 0.0632009 0.833333 647.167 0.356863 0.5 0 0
17550 0.0632009 0.833333 647.167 0.356863 0.5 0 0
17560 0.0632005 0.833333 648 0.356863 0.5 0 0
17570 0.0632005 0.833333 648 0.356863 0.5 0 0
17580 0.0632005 0.666667 648.667 0.356863 0.5 0 0
17590 0.0632005 0.666667 648.667 0.356863 0.5 0 0
17600 0.0631995 0.666667 649.333 0.356863 0.5 0 0
17610 0.0631995 0.666667 649.333 0.356863 0.5 0 0
17620 0.0631995 0.833333 650.167 0.356863 0.5 0 0
17630 0.0631995 0.833333 650.167 0.356863 0.5 0 0
17640 0.0631995 0.75 650.917 0.356863 0.5 0 0
17650 0.0631995 0.75 650.917 0.356863 0.5 0 0
17660 0.0631995 0.75 651.667 0.356863 0.5 0 0
17670 0.0631995 0.75 651.667 0.356863 0.5 0 0
17680 0.0631982 0.75 652.417 0.356863 0.5 0 0
17690 0.0631982 0.75 652.417 0.356863 0.5 0 0
17700 0.0631872 0.75 653.167 0.356863 0.5 0 0
17710 0.0631872 0.75 653.167 0.356863 0.5 0 0
17720 0.063182 0.75 653.917 0.356863 0.5 0 0
17730 0.063182 0.75 653.917 0.356863 0.5 0 0
17740 0.063182 0.75 654.667 0.356863 0.5 0 0
17750 0.063182 0.75 654.667 0.356863 0.5 0 0
17760 0.0631805 0.75 655.417 0.356863 0.5 0 0
17770 0.0631805 0.75 655.417 0.356863 0.5 0 0
17780 0.0631609 0.75 656.167 0.356863 0.5 0 0
17790 0.0631609 0.75 656.167 0.356863 0.5 0 0
17800 0.0632389 0.833333 657 0.356863 0.5 0 0
17810 0.0632389 0.833333 657 0.356863 0.5 0 0
17820 0.0638935 0.833333 657.833 0.356863 0.5 0 0
17830 0.0638935 0.833333 657.833 0.356863 0.5 0 0
17840 0.0639141 0.833333 658.667 0.356863 0.5 0 0
17850 0.0639141 0.833333 658.667 0.356863 0.5 0 0
17860 0.0642043 0.833333 659.5 0.356863 0.5 0 0
17870 0.0642043 0.833333 659.5 0.356863 0.5 0 0
17880 0.0642631 0.833333 660.333 0.356863 0.5 0 0
17890 0.0642631 0.833333 660.333 0.356863 0.5 0 0
17900 0.0642687 0.916667 661.25 0.356863 0.5 0 0
17910 0.0642687 0.916667 661.25 0.356863 0.5 0 0
17920 0.0642685 0.916667 662.167 0.356863 0.5 0 0
17930 0.0642685 0.916667 662.167 0.356863 0.5 0 0
17940 0.0642748 0.916667 663.083 0.356863 0.5 0 0
17950 0.0642748 0.916667 663.083 0.356863 0.5 0 0
17960 0.0642522 0.916667 664 0.356863 0.5 0 0
17970 0.0642522 0.916667 664 0.356863 0.5 0 0
17980 0.0641887 0.916667 664.917 0.356863 0.5 0 0
17990 0.0641887 0.916667 664.917 0.356863 0.5 0 0
18000 0.064035 0.916667 665.833 0.356863 0.5 0 0
18010 0.064035 0.916667 665.833 0.356863 0.5 0 0
18020 0.0639546 0.916667 666.75 0.356863 0.5 0 0
18030 0.0639546 0.916667 666.75 0.356863 0.5 0 0
18040 0.0639058 0.916667 667.667 0.356863 0.5 0 0
18050 0.0639058 0.916667 667.667 0.356863 0.5 0 0
18060 0.063878 0.916667 668.583 0.356863 0.5 0 0
18070 0.063878 0.916667 668.583 0.356863 0.5 0 0
18080 0.0640414 0.916667 669.5 0.356863 0.5 0 0
18090 0.0640414 0.916667 669.5 0.356863 0.5 0 0
18100 0.0641341 0.916667 670.417 0.356863 0.5 0 0
18110 0.0641341 0.916667 670.417 0.356863 0.5 0 0
18120 0.0642544 0.916667 671.333 0.356863 0.5 0 0
18130 0.0642544 0.916667 671.333 0.356863 0.5 0 0
18140 0.0643482 0.916667 672.25 0.356863 0.5 0 0
18150 0.0643482 0.916667 672.25 0.356863 0.5 0 0
18160 0.0644264 0.916667 673.167 0.356863 0.5 0 0
18170 0.0644264 0.916667 673.167 0.356863 0.5 0 0
18180 0.0645469 0.916667 674.083 0.356863 0.5 0 0
18190 0.0645469 0.916667 674.083 0.356863 0.5 0 0
18200 0.0646104 0.916667 675 0.356863 0.5 0 0
18210 0.0646104 0.916667 675 0.356863 0.5 0 0
18220 0.0646195 0.916667 675.917 0.356863 0.5 0 0
18230 0.0646195 0.916667 675.917 0.356863 0.5 0 0
18240 0.0646161 0.916667 676.833 0.356863 0.5 0 0
18250 0.0646161 0.916667 676.833 0.356863 0.5 0 0
18260 0.0646105 0.833333 677.667 0.356863 0.5 0 0
18270 0.0646105 0.833333 677.667 0.356863 0.5 0 0
18280 0.064591 0.833333 678.5 0.356863 0.5 0 0
18290 0.064591 0.833333 678.5 0.356863 0.5 0 0
18300 0.0645793 0.833333 679.333 0.356863 0.5 0 0
18310 0.0645793 0.833333 679.333 0.356863 0.5 0 0
18320 0.0645345 0.916667 680.25 0.356863 0.5 0 0
18330 0.0645345 0.916667 680.25 0.356863 0.5 0 0
18340 0.0645179 0.916667 681.167 0.356863 0.5 0 0
18350 0.0645179 0.916667 681.167 0.356863 0.5 0 0
18360 0.0645241 0.916667 682.083 0.356863 0.5 0 0
18370 0.0645241 0.916667 682.083 0.356863 0.5 0 0
18380 0.064537 0.916667 683 0.356863 0.5 0 0
18390 0.064537 0.916667 683 0.356863 0.5 0 0
18400 0.0645292 0.916667 683.917 0.356863 0.5 0 0
18410 0.0645292 0.916667 683.917 0.356863 0.5 0 0
18420 0.0645377 0.916667 684.833 0.356863 0.5 0 0
18430 0.0645377 0.916667 684.833 0.356863 0.5 0 0
18440 0.0646187 0.916667 685.75 0.356863 0.5 0 0
18450 0.0646187 0.916667 685.75 0.356863 0.5 0 0
18460 0.0647342 0.916667 686.667 0.356863 0.5 0 0
18470 0.0647342 0.916667 686.667 0.356863 0.5 0 0
18480 0.0647737 0.75 687.417 0.356863 0.5 0 0
18490 0.0647737 0.75 687.417 0.356863 0.5 0 0
18500 0.0647952 0.75 688.167 0.356863 0.5 0 0
18510 0.0647952 0.75 688.167 0.356863 0.5 0 0
18520 0.0648993 0.75 688.917 0.356863 0.5 0 0
18530 0.0648993 0.75 688.917 0.356863 0.5 0 0
18540 0.0649356 0.833333 689.75 0.356863 0.5 0 0
18550 0.0649356 0.833333 689.75 0.352941 0.5 0 0
18560 0.0649511 0.833333 690.583 0.356863 0.5 0 0
18570 0.0649511 0.833333 690.583 0.352941 0.5 0 0
18580 0.0649466 0.916667 691.5 0.356863 0.5 0 0
18590 0.0649466 0.916667 691.5 0.352941 0.5 0 0
18600 0.0647199 0.916667 692.417 0.352941 0.5 0 0
18610 0.0647199 0.916667 692.417 0.352941 0.5 0 0
18620 0.064599 0.916667 693.333 0.352941 0.5 0 0
18630 0.064599 0.916667 693.333 0.352941 0.5 0 0
18640 0.0647009 0.916667 694.25 0.352941 0.5 0 0
18650 0.0647009 0.916667 694.25 0.352941 0.5 0 0
18660 0.0647781 0.916667 695.167 0.356863 0.5 0 0
18670 0.0647781 0.916667 695.167 0.352941 0.5 0 0
18680 0.0648173 0.833333 696 0.352941 0.5 0 0
18690 0.0648173 0.833333 696 0.352941 0.5 0 0
18700 0.0648413 0.833333 696.833 0.352941 0.5 0 0
18710 0.0648413 0.833333 696.833 0.352941 0.5 0 0
18720 0.0648425 0.75 697.583 0.352941 0.5 0 0
18730 0.0648425 0.75 697.583 0.352941 0.5 0 0
18740 0.0648073 0.833333 698.417 0.352941 0.5 0 0
18750 0.0648073 0.833333 698.417 0.356863 0.5 0 0
18760 0.0647767 0.833333 699.25 0.352941 0.5 0 0
18770 0.0647767 0.833333 699.25 0.352941 0.5 0 0
18780 0.0647496 0.833333 700.083 0.352941 0.5 0 0
18790 0.0647496 0.833333 700.083 0.352941 0.5 0 0
18800 0.0647131 1 701.083 0.356863 0.5 0 0
18810 0.0647131 1 701.083 0.356863 0.5 0 0
18820 0.0646393 1 702.083 0.356863 0.5 0 0
18830 0.0646393 1 702.083 0.352941 0.5 0 0
18840 0.064665 1 703.083 0.352941 0.5 0 0
18850 0.064665 1 703.083 0.352941 0.5 0 0
18860 0.0647126 1 704.083 0.352941 0.5 0 0
18870 0.0647126 1 704.083 0.352941 0.5 0 0
18880 0.0645354 1 705.083 0.356863 0.5 0 0
18890 0.0645354 1 705.083 0.352941 0.5 0 0
18900 0.0645395 1 706.083 0.356863 0.5 0 0
18910 0.0645395 1 706.083 0.356863 0.5 0 0
18920 0.064549 0.916667 707 0.356863 0.5 0 0
18930 0.064549 0.916667 707 0.356863 0.5 0 0
18940 0.0645593 0.916667 707.917 0.352941 0.5 0 0
18950 0.0645593 0.916667 707.917 0.352941 0.5 0 0
18960 0.0645804 0.916667 708.833 0.352941 0.5 0 0
18970 0.0645804 0.916667 708.833 0.356863 0.5 0 0
18980 0.0646692 0.916667 709.75 0.352941 0.5 0 0
18990 0.0646692 0.916667 709.75 0.352941 0.5 0 0
19000 0.0647099 0.916667 710.667 0.352941 0.5 0 0
19010 0.0647099 0.916667 710.667 0.352941 0.5 0 0
19020 0.0647502 0.916667 711.583 0.352941 0.5 0 0
19030 0.0647502 0.916667 711.583 0.352941 0.5 0 0
19040 0.0647692 0.916667 712.5 0.352941 0.5 0 0
19050 0.0647692 0.916667 712.5 0.352941 0.5 0 0
19060 0.0647814 0.833333 713.333 0.352941 0.5 0 0
19070 0.0647814 0.833333 713.333 0.352941 0.5 0 0
19080 0.0647592 0.916667 714.25 0.352941 0.5 0 0
19090 0.0647592 0.916667 714.25 0.352941 0.5 0 0
19100 0.0647197 0.916667 715.167 0.34902 0.5 0 0
19110 0.0647197 0.916667 715.167 0.352941 0.5 0 0
19120 0.0647376 0.833333 716 0.352941 0.5 0 0
19130 0.0647376 0.833333 716 0.352941 0.5 0 0
19140 0.0643673 0.916667 716.917 0.352941 0.5 0 0
19150 0.0643673 0.916667 716.917 0.352941 0.5 0 0
19160 0.0644408 0.916667 717.833 0.352941 0.5 0 0
19170 0.0644408 0.916667 717.833 0.352941 0.5 0 0
19180 0.0644808 0.916667 718.75 0.352941 0.5 0 0
19190 0.0644808 0.916667 718.75 0.352941 0.5 0 0
19200 0.0645196 0.916667 719.667 0.352941 0.5 0 0
19210 0.0645196 0.916667 719.667 0.352941 0.5 0 0
19220 0.0645583 0.916667 720.583 0.352941 0.5 0 0
19230 0.0645583 0.916667 720.583 0.352941 0.5 0 0
19240 0.0646275 0.916667 721.5 0.34902 0.5 0 0
19250 0.0646275 0.916667 721.5 0.34902 0.5 0 0
19260 0.0647523 0.666667 722.167 0.34902 0.5 0 0
19270 0.0647523 0.666667 722.167 0.34902 0.5 0 0
19280 0.0648165 0.75 722.917 0.34902 0.5 0 0
19290 0.0648165 0.75 722.917 0.352941 0.5 0 0
19300 0.0646102 0.75 723.667 0.352941 0.5 0 0
19310 0.0646102 0.75 723.667 0.352941 0.5 0 0
19320 0.0644102 0.833333 724.5 0.352941 0.5 0 0
19330 0.0644102 0.833333 724.5 0.352941 0.5 0 0
19340 0.0643573 0.75 725.25 0.352941 0.5 0 0
19350 0.0643573 0.75 725.25 0.352941 0.5 0 0
19360 0.0643379 0.833333 726.083 0.352941 0.5 0 0
19370 0.0643379 0.833333 726.083 0.352941 0.5 0 0
19380 0.0643445 0.833333 726.917 0.352941 0.5 0 0
19390 0.0643445 0.833333 726.917 0.352941 0.5 0 0
19400 0.0644263 0.833333 727.75 0.352941 0.5 0 0
19410 0.0644263 0.833333 727.75 0.34902 0.5 0 0
19420 0.0644283 0.833333 728.583 0.352941 0.5 0 0
19430 0.0644283 0.833333 728.583 0.352941 0.5 0 0
19440 0.0644361 0.833333 729.417 0.352941 0.5 0 0
19450 0.0644361 0.833333 729.417 0.352941 0.5 0 0
19460 0.064419 0.833333 730.25 0.352941 0.5 0 0
19470 0.064419 0.833333 730.25 0.352941 0.5 0 0
19480 0.0643391 0.75 731 0.352941 0.5 0 0
19490 0.0643391 0.75 731 0.352941 0.5 0 0
19500 0.0643495 0.916667 731.917 0.352941 0.5 0 0
19510 0.0643495 0.916667 731.917 0.352941 0.5 0 0
19520 0.0643577 0.916667 732.833 0.352941 0.5 0 0
19530 0.0643577 0.916667 732.833 0.352941 0.5 0 0
19540 0.0639162 0.916667 733.75 0.356863 0.5 0 0
19550 0.0639162 0.916667 733.75 0.360784 0.5 0 0
19560 0.0639216 0.916667 734.667 0.360784 0.5 0 0
19570 0.0639216 0.916667 734.667 0.360784 0.5 0 0
19580 0.0639166 0.916667 735.583 0.360784 0.5 0 0
19590 0.0639166 0.916667 735.583 0.360784 0.5 0 0
19600 0.063892 0.916667 736.5 0.360784 0.5 0 0
19610 0.063892 0.916667 736.5 0.360784 0.5 0 0
19620 0.0638813 0.916667 737.417 0.360784 0.5 0 0
19630 0.0638813 0.916667 737.417 0.360784 0.5 0 0
19640 0.0638851 0.75 738.167 0.360784 0.5 0 0
19650 0.0638851 0.75 738.167 0.360784 0.5 0 0
19660 0.0639069 0.75 738.917 0.360784 0.5 0 0
19670 0.0639069 0.75 738.917 0.360784 0.5 0 0
19680 0.0638945 0.75 739.667 0.360784 0.5 0 0
19690 0.0638945 0.75 739.667 0.360784 0.5 0 0
19700 0.0638787 0.75 740.417 0.360784 0.5 0 0
19710 0.0638787 0.75 740.417 0.360784 0.5 0 0
19720 0.0638505 0.75 741.167 0.360784 0.5 0 0
19730 0.0638505 0.75 741.167 0.360784 0.5 0 0
19740 0.0638323 0.75 741.917 0.360784 0.5 0 0
19750 0.0638323 0.75 741.917 0.364706 0.5 0 0
19760 0.0638343 0.666667 742.583 0.364706 0.5 0 0
19770 0.0638343 0.666667 742.583 0.364706 0.5 0 0
19780 0.0638603 0.666667 743.25 0.364706 0.5 0 0
19790 0.0638603 0.666667 743.25 0.364706 0.5 0 0
19800 0.0638612 0.666667 743.917 0.364706 0.5 0 0
19810 0.0638612 0.666667 743.917 0.364706 0.5 0 0
19820 0.0638873 0.666667 744.583 0.364706 0.5 0 0
19830 0.0638873 0.666667 744.583 0.364706 0.5 0 0
19840 0.0638589 0.666667 745.25 0.364706 0.5 0 0
19850 0.0638589 0.666667 745.25 0.364706 0.5 0 0
19860 0.0637635 0.666667 745.917 0.364706 0.5 0 0
19870 0.0637635 0.666667 745.917 0.364706 0.5 0 0
19880 0.0635777 0.666667 746.583 0.364706 0.5 0 0
19890 0.0635777 0.666667 746.583 0.364706 0.5 0 0
19900 0.0635952 0.666667 747.25 0.364706 0.5 0 0
19910 0.0635952 0.666667 747.25 0.364706 0.5 0 0
19920 0.0635848 0.666667 747.917 0.364706 0.5 0 0
19930 0.0635848 0.666667 747.917 0.364706 0.5 0 0
19940 0.0632276 0.666667 748.583 0.364706 0.5 0 0
19950 0.0632276 0.666667 748.583 0.364706 0.5 0 0
19960 0.0629907 0.75 749.333 0.364706 0.5 0 0
19970 0.0629907 0.75 749.333 0.364706 0.5 0 0
19980 0.0629902 0.75 750.083 0.364706 0.5 0 0
19990 0.0629902 0.75 750.083 0.364706 0.5 0 0
20000 0.0629957 0.75 750.833 0.364706 0.5 0 0
20010 0.0629957 0.75 750.833 0.364706 0.5 0 0
