0 0.119903 0 0 0.5 0.5 0 0
10 0.119903 0 0 0.721569 0.5 0 0
20 0.117629 0.166667 0.166667 0.694118 0.5 0 0
30 0.117629 0.166667 0.166667 0.8 0.5 0 0
40 0.117212 0.166667 0.333333 0.721569 0.5 0 0
50 0.117212 0.166667 0.333333 0.796078 0.5 0 0
60 0.117353 0.25 0.583333 0.721569 0.5 0 0
70 0.117353 0.25 0.583333 0.686275 0.5 0 0
80 0.117286 0.333333 0.916667 0.686275 0.5 0 0
90 0.117286 0.333333 0.916667 0.8 0.5 0 0
100 0.117289 0.5 1.41667 0.8 0.5 0 0
110 0.117289 0.5 1.41667 0.721569 0.5 0 0
120 0.117421 0.416667 1.83333 0.729412 0.5 0 0
130 0.117421 0.416667 1.83333 0.8 0.5 0 0
140 0.117665 0.416667 2.25 0.694118 0.5 0 0
150 0.117665 0.416667 2.25 0.8 0.5 0 0
160 0.118162 0.416667 2.66667 0.694118 0.5 0 0
170 0.118162 0.416667 2.66667 0.729412 0.5 0 0
180 0.118338 0.333333 3 0.729412 0.5 0 0
190 0.118338 0.333333 3 0.639216 0.5 0 0
200 0.118865 0.333333 3.33333 0.65098 0.5 0 0
210 0.118865 0.333333 3.33333 0.592157 0.5 0 0
220 0.119398 0.333333 3.66667 0.564706 0.5 0 0
230 0.119398 0.333333 3.66667 0.552941 0.5 0 0
240 0.119591 0.333333 4 0.541176 0.5 0 0
250 0.119591 0.333333 4 0.552941 0.5 0 0
260 0.119641 0.416667 4.41667 0.541176 0.5 0 0
270 0.119641 0.416667 4.41667 0.552941 0.5 0 0
280 0.11946 0.333333 4.75 0.552941 0.5 0 0
290 0.11946 0.333333 4.75 0.545098 0.5 0 0
300 0.119353 0.333333 5.08333 0.54902 0.5 0 0
310 0.119353 0.333333 5.08333 0.54902 0.5 0 0
320 0.119359 0.416667 5.5 0.541176 0.5 0 0
330 0.119359 0.416667 5.5 0.552941 0.5 0 0
340 0.119369 0.5 6 0.560784 0.5 0 0
350 0.119369 0.5 6 0.54902 0.5 0 0
360 0.119378 0.5 6.5 0.560784 0.5 0 0
370 0.119378 0.5 6.5 0.560784 0.5 0 0
380 0.119388 0.5 7 0.541176 0.5 0 0
390 0.119388 0.5 7 0.54902 0.5 0 0
400 0.119398 0.5 7.5 0.54902 0.5 0 0
410 0.119398 0.5 7.5 0.537255 0.5 0 0
420 0.119362 0.5 8 0.537255 0.5 0 0
430 0.119362 0.5 8 0.529412 0.5 0 0
440 0.119363 0.416667 8.41667 0.533333 0.5 0 0
450 0.119363 0.416667 8.41667 0.541176 0.5 0 0
460 0.119363 0.583333 9 0.541176 0.5 0 0
470 0.119363 0.583333 9 0.533333 0.5 0 0
480 0.11936 0.583333 9.58333 0.552941 0.5 0 0
490 0.11936 0.583333 9.58333 0.552941 0.5 0 0
500 0.118973 0.583333 10.1667 0.521569 0.5 0 0
510 0.118973 0.583333 10.1667 0.509804 0.5 0 0
520 0.118485 0.583333 10.75 0.501961 0.5 0 0
530 0.118485 0.583333 10.75 0.486275 0.5 0 0
540 0.117335 0.583333 11.3333 0.486275 0.5 0 0
550 0.117335 0.583333 11.3333 0.486275 0.5 0 0
560 0.116912 0.583333 11.9167 0.486275 0.5 0 0
570 0.116912 0.583333 11.9167 0.486275 0.5 0 0
580 0.116905 0.583333 12.5 0.486275 0.5 0 0
590 0.116905 0.583333 12.5 0.482353 0.5 0 0
600 0.116905 0.416667 12.9167 0.486275 0.5 0 0
610 0.116905 0.416667 12.9167 0.486275 0.5 0 0
620 0.116905 0.583333 13.5 0.486275 0.5 0 0
630 0.116905 0.583333 13.5 0.486275 0.5 0 0
640 0.116905 0.583333 14.0833 0.486275 0.5 0 0
650 0.116905 0.583333 14.0833 0.486275 0.5 0 0
660 0.116898 0.583333 14.6667 0.486275 0.5 0 0
670 0.116898 0.583333 14.6667 0.486275 0.5 0 0
680 0.116826 0.583333 15.25 0.490196 0.5 0 0
690 0.116826 0.583333 15.25 0.486275 0.5 0 0
700 0.116826 0.583333 15.8333 0.490196 0.5 0 0
710 0.116826 0.583333 15.8333 0.486275 0.5 0 0
720 0.116829 0.583333 16.4167 0.486275 0.5 0 0
730 0.116829 0.583333 16.4167 0.486275 0.5 0 0
740 0.11683 0.583333 17 0.486275 0.5 0 0
750 0.11683 0.583333 17 0.490196 0.5 0 0
760 0.116871 0.583333 17.5833 0.486275 0.5 0 0
770 0.116871 0.583333 17.5833 0.486275 0.5 0 0
780 0.116872 0.583333 18.1667 0.486275 0.5 0 0
790 0.116872 0.583333 18.1667 0.486275 0.5 0 0
800 0.116881 0.5 18.6667 0.486275 0.5 0 0
810 0.116881 0.5 18.6667 0.486275 0.5 0 0
820 0.116881 0.583333 19.25 0.486275 0.5 0 0
830 0.116881 0.583333 19.25 0.486275 0.5 0 0
840 0.116832 0.583333 19.8333 0.490196 0.5 0 0
850 0.116832 0.583333 19.8333 0.490196 0.5 0 0
860 0.116798 0.583333 20.4167 0.486275 0.5 0 0
870 0.116798 0.583333 20.4167 0.486275 0.5 0 0
880 0.116798 0.5 20.9167 0.486275 0.5 0 0
890 0.116798 0.5 20.9167 0.490196 0.5 0 0
900 0.116798 0.5 21.4167 0.490196 0.5 0 0
910 0.116798 0.5 21.4167 0.486275 0.5 0 0
920 0.116798 0.5 21.9167 0.486275 0.5 0 0
930 0.116798 0.5 21.9167 0.486275 0.5 0 0
940 0.116798 0.5 22.4167 0.486275 0.5 0 0
950 0.116798 0.5 22.4167 0.486275 0.5 0 0
960 0.116798 0.583333 23 0.486275 0.5 0 0
970 0.116798 0.583333 23 0.486275 0.5 0 0
980 0.116798 0.666667 23.6667 0.490196 0.5 0 0
990 0.116798 0.666667 23.6667 0.490196 0.5 0 0
1000 0.116798 0.666667 24.3333 0.486275 0.5 0 0
1010 0.116798 0.666667 24.3333 0.490196 0.5 0 0
1020 0.116798 0.666667 25 0.482353 0.5 0 0
1030 0.116798 0.666667 25 0.490196 0.5 0 0
1040 0.116798 0.833333 25.8333 0.486275 0.5 0 0
1050 0.116798 0.833333 25.8333 0.486275 0.5 0 0
1060 0.116798 0.916667 26.75 0.486275 0.5 0 0
1070 0.116798 0.916667 26.75 0.486275 0.5 0 0
1080 0.116798 0.916667 27.6667 0.486275 0.5 0 0
1090 0.116798 0.916667 27.6667 0.486275 0.5 0 0
1100 0.116798 0.916667 28.5833 0.490196 0.5 0 0
1110 0.116798 0.916667 28.5833 0.486275 0.5 0 0
1120 0.116798 0.916667 29.5 0.486275 0.5 0 0
1130 0.116798 0.916667 29.5 0.486275 0.5 0 0
1140 0.116798 0.916667 30.4167 0.486275 0.5 0 0
1150 0.116798 0.916667 30.4167 0.486275 0.5 0 0
1160 0.116693 0.916667 31.3333 0.486275 0.5 0 0
1170 0.116693 0.916667 31.3333 0.486275 0.5 0 0
1180 0.11718 1 32.3333 0.490196 0.5 0 0
1190 0.11718 1 32.3333 0.486275 0.5 0 0
1200 0.117185 0.916667 33.25 0.486275 0.5 0 0
1210 0.117185 0.916667 33.25 0.486275 0.5 0 0
1220 0.117194 0.833333 34.0833 0.490196 0.5 0 0
1230 0.117194 0.833333 34.0833 0.486275 0.5 0 0
1240 0.117235 0.916667 35 0.486275 0.5 0 0
1250 0.117235 0.916667 35 0.486275 0.5 0 0
1260 0.117282 0.916667 35.9167 0.482353 0.5 0 0
1270 0.117282 0.916667 35.9167 0.486275 0.5 0 0
1280 0.1173 0.666667 36.5833 0.490196 0.5 0 0
1290 0.1173 0.666667 36.5833 0.486275 0.5 0 0
1300 0.117435 0.5 37.0833 0.486275 0.5 0 0
1310 0.117435 0.5 37.0833 0.486275 0.5 0 0
1320 0.1176 0.666667 37.75 0.482353 0.5 0 0
1330 0.1176 0.666667 37.75 0.490196 0.5 0 0
1340 0.11764 0.583333 38.3333 0.486275 0.5 0 0
1350 0.11764 0.583333 38.3333 0.486275 0.5 0 0
1360 0.117695 0.583333 38.9167 0.486275 0.5 0 0
1370 0.117695 0.583333 38.9167 0.486275 0.5 0 0
1380 0.117695 0.583333 39.5 0.486275 0.5 0 0
1390 0.117695 0.583333 39.5 0.490196 0.5 0 0
1400 0.117695 0.583333 40.0833 0.482353 0.5 0 0
1410 0.117695 0.583333 40.0833 0.486275 0.5 0 0
1420 0.117695 0.583333 40.6667 0.486275 0.5 0 0
1430 0.117695 0.583333 40.6667 0.490196 0.5 0 0
1440 0.11779 0.5 41.1667 0.486275 0.5 0 0
1450 0.11779 0.5 41.1667 0.486275 0.5 0 0
1460 0.118158 0.5 41.6667 0.482353 0.5 0 0
1470 0.118158 0.5 41.6667 0.478431 0.5 0 0
1480 0.118427 0.666667 42.3333 0.470588 0.5 0 0
1490 0.118427 0.666667 42.3333 0.462745 0.5 0 0
1500 0.118343 0.583333 42.9167 0.462745 0.5 0 0
1510 0.118343 0.583333 42.9167 0.458824 0.5 0 0
1520 0.118239 0.583333 43.5 0.462745 0.5 0 0
1530 0.118239 0.583333 43.5 0.462745 0.5 0 0
1540 0.11824 0.583333 44.0833 0.462745 0.5 0 0
1550 0.11824 0.583333 44.0833 0.462745 0.5 0 0
1560 0.118248 0.5 44.5833 0.462745 0.5 0 0
1570 0.118248 0.5 44.5833 0.462745 0.5 0 0
1580 0.118295 0.5 45.0833 0.458824 0.5 0 0
1590 0.118295 0.5 45.0833 0.458824 0.5 0 0
1600 0.118302 0.416667 45.5 0.458824 0.5 0 0
1610 0.118302 0.416667 45.5 0.462745 0.5 0 0
1620 0.118306 0.416667 45.9167 0.458824 0.5 0 0
1630 0.118306 0.416667 45.9167 0.462745 0.5 0 0
1640 0.11831 0.25 46.1667 0.462745 0.5 0 0
1650 0.11831 0.25 46.1667 0.458824 0.5 0 0
1660 0.118537 0.25 46.4167 0.454902 0.5 0 0
1670 0.118537 0.25 46.4167 0.454902 0.5 0 0
1680 0.11914 0.25 46.6667 0.447059 0.5 0 0
1690 0.11914 0.25 46.6667 0.447059 0.5 0 0
1700 0.119307 0.25 46.9167 0.443137 0.5 0 0
1710 0.119307 0.25 46.9167 0.439216 0.5 0 0
1720 0.119288 0.25 47.1667 0.439216 0.5 0 0
1730 0.119288 0.25 47.1667 0.439216 0.5 0 0
1740 0.119413 0.25 47.4167 0.439216 0.5 0 0
1750 0.119413 0.25 47.4167 0.439216 0.5 0 0
1760 0.119484 0.25 47.6667 0.443137 0.5 0 0
1770 0.119484 0.25 47.6667 0.439216 0.5 0 0
1780 0.119513 0.25 47.9167 0.439216 0.5 0 0
1790 0.119513 0.25 47.9167 0.431373 0.5 0 0
1800 0.119485 0.25 48.1667 0.427451 0.5 0 0
1810 0.119485 0.25 48.1667 0.427451 0.5 0 0
1820 0.118429 0.25 48.4167 0.427451 0.5 0 0
1830 0.118429 0.25 48.4167 0.427451 0.5 0 0
1840 0.11755 0.25 48.6667 0.427451 0.5 0 0
1850 0.11755 0.25 48.6667 0.427451 0.5 0 0
1860 0.117483 0.25 48.9167 0.427451 0.5 0 0
1870 0.117483 0.25 48.9167 0.427451 0.5 0 0
1880 0.117283 0.25 49.1667 0.427451 0.5 0 0
1890 0.117283 0.25 49.1667 0.427451 0.5 0 0
1900 0.117186 0.25 49.4167 0.427451 0.5 0 0
1910 0.117186 0.25 49.4167 0.427451 0.5 0 0
1920 0.117192 0.25 49.6667 0.427451 0.5 0 0
1930 0.117192 0.25 49.6667 0.427451 0.5 0 0
1940 0.117099 0.25 49.9167 0.427451 0.5 0 0
1950 0.117099 0.25 49.9167 0.427451 0.5 0 0
1960 0.116782 0.25 50.1667 0.427451 0.5 0 0
1970 0.116782 0.25 50.1667 0.427451 0.5 0 0
1980 0.1166 0.25 50.4167 0.427451 0.5 0 0
1990 0.1166 0.25 50.4167 0.427451 0.5 0 0
2000 0.116266 0.25 50.6667 0.427451 0.5 0 0
2010 0.116266 0.25 50.6667 0.427451 0.5 0 0
2020 0.116141 0.25 50.9167 0.427451 0.5 0 0
2030 0.116141 0.25 50.9167 0.427451 0.5 0 0
2040 0.115945 0.25 51.1667 0.427451 0.5 0 0
2050 0.115945 0.25 51.1667 0.427451 0.5 0 0
2060 0.11593 0.25 51.4167 0.427451 0.5 0 0
2070 0.11593 0.25 51.4167 0.427451 0.5 0 0
2080 0.11593 0.25 51.6667 0.427451 0.5 0 0
2090 0.11593 0.25 51.6667 0.427451 0.5 0 0
2100 0.11593 0.25 51.9167 0.427451 0.5 0 0
2110 0.11593 0.25 51.9167 0.427451 0.5 0 0
2120 0.115939 0 51.9167 0.427451 0.5 0 0
2130 0.115939 0 51.9167 0.427451 0.5 0 0
2140 0.116027 0.166667 52.0833 0.427451 0.5 0 0
2150 0.116027 0.166667 52.0833 0.427451 0.5 0 0
2160 0.11603 0.166667 52.25 0.427451 0.5 0 0
2170 0.11603 0.166667 52.25 0.427451 0.5 0 0
2180 0.11603 0.25 52.5 0.427451 0.5 0 0
2190 0.11603 0.25 52.5 0.427451 0.5 0 0
2200 0.11603 0.25 52.75 0.427451 0.5 0 0
2210 0.11603 0.25 52.75 0.427451 0.5 0 0
2220 0.11603 0.25 53 0.427451 0.5 0 0
2230 0.11603 0.25 53 0.427451 0.5 0 0
2240 0.11603 0.25 53.25 0.427451 0.5 0 0
2250 0.11603 0.25 53.25 0.427451 0.5 0 0
2260 0.116076 0.25 53.5 0.427451 0.5 0 0
2270 0.116076 0.25 53.5 0.427451 0.5 0 0
2280 0.116126 0.25 53.75 0.427451 0.5 0 0
2290 0.116126 0.25 53.75 0.427451 0.5 0 0
2300 0.116126 0.25 54 0.427451 0.5 0 0
2310 0.116126 0.25 54 0.427451 0.5 0 0
2320 0.116323 0.25 54.25 0.427451 0.5 0 0
2330 0.116323 0.25 54.25 0.427451 0.5 0 0
2340 0.116772 0.25 54.5 0.427451 0.5 0 0
2350 0.116772 0.25 54.5 0.427451 0.5 0 0
2360 0.117356 0.25 54.75 0.423529 0.5 0 0
2370 0.117356 0.25 54.75 0.423529 0.5 0 0
2380 0.118153 0.25 55 0.419608 0.5 0 0
2390 0.118153 0.25 55 0.419608 0.5 0 0
2400 0.1191 0.25 55.25 0.415686 0.5 0 0
2410 0.1191 0.25 55.25 0.411765 0.5 0 0
2420 0.119361 0.25 55.5 0.411765 0.5 0 0
2430 0.119361 0.25 55.5 0.407843 0.5 0 0
2440 0.119687 0.25 55.75 0.407843 0.5 0 0
2450 0.119687 0.25 55.75 0.407843 0.5 0 0
2460 0.119536 0.25 56 0.407843 0.5 0 0
2470 0.119536 0.25 56 0.407843 0.5 0 0
2480 0.119497 0.333333 56.3333 0.411765 0.5 0 0
2490 0.119497 0.333333 56.3333 0.407843 0.5 0 0
2500 0.119406 0.333333 56.6667 0.407843 0.5 0 0
2510 0.119406 0.333333 56.6667 0.407843 0.5 0 0
2520 0.118952 0.416667 57.0833 0.407843 0.5 0 0
2530 0.118952 0.416667 57.0833 0.407843 0.5 0 0
2540 0.118426 0.416667 57.5 0.407843 0.5 0 0
2550 0.118426 0.416667 57.5 0.407843 0.5 0 0
2560 0.118149 0.416667 57.9167 0.407843 0.5 0 0
2570 0.118149 0.416667 57.9167 0.407843 0.5 0 0
2580 0.11806 0.416667 58.3333 0.407843 0.5 0 0
2590 0.11806 0.416667 58.3333 0.403922 0.5 0 0
2600 0.117503 0.416667 58.75 0.407843 0.5 0 0
2610 0.117503 0.416667 58.75 0.407843 0.5 0 0
2620 0.116934 0.416667 59.1667 0.407843 0.5 0 0
2630 0.116934 0.416667 59.1667 0.407843 0.5 0 0
2640 0.116573 0.416667 59.5833 0.403922 0.5 0 0
2650 0.116573 0.416667 59.5833 0.407843 0.5 0 0
2660 0.116529 0.416667 60 0.407843 0.5 0 0
2670 0.116529 0.416667 60 0.407843 0.5 0 0
2680 0.116198 0.416667 60.4167 0.407843 0.5 0 0
2690 0.116198 0.416667 60.4167 0.403922 0.5 0 0
2700 0.116107 0.416667 60.8333 0.407843 0.5 0 0
2710 0.116107 0.416667 60.8333 0.403922 0.5 0 0
2720 0.116135 0.416667 61.25 0.407843 0.5 0 0
2730 0.116135 0.416667 61.25 0.407843 0.5 0 0
2740 0.116163 0.416667 61.6667 0.407843 0.5 0 0
2750 0.116163 0.416667 61.6667 0.403922 0.5 0 0
2760 0.116188 0.416667 62.0833 0.407843 0.5 0 0
2770 0.116188 0.416667 62.0833 0.407843 0.5 0 0
2780 0.116213 0.416667 62.5 0.407843 0.5 0 0
2790 0.116213 0.416667 62.5 0.407843 0.5 0 0
2800 0.116229 0.416667 62.9167 0.407843 0.5 0 0
2810 0.116229 0.416667 62.9167 0.407843 0.5 0 0
2820 0.116244 0.416667 63.3333 0.403922 0.5 0 0
2830 0.116244 0.416667 63.3333 0.403922 0.5 0 0
2840 0.116261 0.416667 63.75 0.403922 0.5 0 0
2850 0.116261 0.416667 63.75 0.407843 0.5 0 0
2860 0.116274 0.416667 64.1667 0.407843 0.5 0 0
2870 0.116274 0.416667 64.1667 0.407843 0.5 0 0
2880 0.116289 0.5 64.6667 0.403922 0.5 0 0
2890 0.116289 0.5 64.6667 0.407843 0.5 0 0
2900 0.116295 0.5 65.1667 0.407843 0.5 0 0
2910 0.116295 0.5 65.1667 0.407843 0.5 0 0
2920 0.116295 0.5 65.6667 0.407843 0.5 0 0
2930 0.116295 0.5 65.6667 0.407843 0.5 0 0
2940 0.116295 0.5 66.1667 0.407843 0.5 0 0
2950 0.116295 0.5 66.1667 0.407843 0.5 0 0
2960 0.116305 0.5 66.6667 0.403922 0.5 0 0
2970 0.116305 0.5 66.6667 0.403922 0.5 0 0
2980 0.116319 0.25 66.9167 0.403922 0.5 0 0
2990 0.116319 0.25 66.9167 0.407843 0.5 0 0
3000 0.116324 0.416667 67.3333 0.407843 0.5 0 0
3010 0.116324 0.416667 67.3333 0.407843 0.5 0 0
3020 0.116324 0.416667 67.75 0.407843 0.5 0 0
3030 0.116324 0.416667 67.75 0.407843 0.5 0 0
3040 0.116324 0.583333 68.3333 0.407843 0.5 0 0
3050 0.116324 0.583333 68.3333 0.407843 0.5 0 0
3060 0.116324 0.583333 68.9167 0.407843 0.5 0 0
3070 0.116324 0.583333 68.9167 0.407843 0.5 0 0
3080 0.116324 0.583333 69.5 0.407843 0.5 0 0
3090 0.116324 0.583333 69.5 0.407843 0.5 0 0
3100 0.116329 0.416667 69.9167 0.407843 0.5 0 0
3110 0.116329 0.416667 69.9167 0.407843 0.5 0 0
3120 0.116329 0.5 70.4167 0.407843 0.5 0 0
3130 0.116329 0.5 70.4167 0.407843 0.5 0 0
3140 0.116331 0.416667 70.8333 0.407843 0.5 0 0
3150 0.116331 0.416667 70.8333 0.403922 0.5 0 0
3160 0.116334 0.5 71.3333 0.407843 0.5 0 0
3170 0.116334 0.5 71.3333 0.403922 0.5 0 0
3180 0.116334 0.583333 71.9167 0.407843 0.5 0 0
3190 0.116334 0.583333 71.9167 0.407843 0.5 0 0
3200 0.11636 0.583333 72.5 0.403922 0.5 0 0
3210 0.11636 0.583333 72.5 0.403922 0.5 0 0
3220 0.116432 0.5 73 0.407843 0.5 0 0
3230 0.116432 0.5 73 0.407843 0.5 0 0
3240 0.11654 0.5 73.5 0.407843 0.5 0 0
3250 0.11654 0.5 73.5 0.403922 0.5 0 0
3260 0.116601 0.166667 73.6667 0.407843 0.5 0 0
3270 0.116601 0.166667 73.6667 0.407843 0.5 0 0
3280 0.116867 0.25 73.9167 0.407843 0.5 0 0
3290 0.116867 0.25 73.9167 0.407843 0.5 0 0
3300 0.116868 0.25 74.1667 0.403922 0.5 0 0
3310 0.116868 0.25 74.1667 0.407843 0.5 0 0
3320 0.116868 0.25 74.4167 0.403922 0.5 0 0
3330 0.116868 0.25 74.4167 0.403922 0.5 0 0
3340 0.116868 0.25 74.6667 0.407843 0.5 0 0
3350 0.116868 0.25 74.6667 0.407843 0.5 0 0
3360 0.116868 0.25 74.9167 0.407843 0.5 0 0
3370 0.116868 0.25 74.9167 0.407843 0.5 0 0
3380 0.116868 0.166667 75.0833 0.407843 0.5 0 0
3390 0.116868 0.166667 75.0833 0.407843 0.5 0 0
3400 0.116777 0.25 75.3333 0.407843 0.5 0 0
3410 0.116777 0.25 75.3333 0.407843 0.5 0 0
3420 0.116765 0.25 75.5833 0.403922 0.5 0 0
3430 0.116765 0.25 75.5833 0.407843 0.5 0 0
3440 0.116765 0.25 75.8333 0.403922 0.5 0 0
3450 0.116765 0.25 75.8333 0.407843 0.5 0 0
3460 0.116852 0.25 76.0833 0.407843 0.5 0 0
3470 0.116852 0.25 76.0833 0.403922 0.5 0 0
3480 0.11727 0.166667 76.25 0.403922 0.5 0 0
3490 0.11727 0.166667 76.25 0.403922 0.5 0 0
3500 0.117659 0.166667 76.4167 0.4 0.5 0 0
3510 0.117659 0.166667 76.4167 0.396078 0.5 0 0
3520 0.117797 0.25 76.6667 0.396078 0.5 0 0
3530 0.117797 0.25 76.6667 0.396078 0.5 0 0
3540 0.11781 0.5 77.1667 0.396078 0.5 0 0
3550 0.11781 0.5 77.1667 0.392157 0.5 0 0
3560 0.118014 0.583333 77.75 0.392157 0.5 0 0
3570 0.118014 0.583333 77.75 0.392157 0.5 0 0
3580 0.117912 0.666667 78.4167 0.392157 0.5 0 0
3590 0.117912 0.666667 78.4167 0.392157 0.5 0 0
3600 0.117586 0.916667 79.3333 0.392157 0.5 0 0
3610 0.117586 0.916667 79.3333 0.396078 0.5 0 0
3620 0.117195 0.916667 80.25 0.392157 0.5 0 0
3630 0.117195 0.916667 80.25 0.396078 0.5 0 0
3640 0.117064 0.833333 81.0833 0.392157 0.5 0 0
3650 0.117064 0.833333 81.0833 0.392157 0.5 0 0
3660 0.116392 0.833333 81.9167 0.384314 0.5 0 0
3670 0.116392 0.833333 81.9167 0.384314 0.5 0 0
3680 0.115333 0.833333 82.75 0.384314 0.5 0 0
3690 0.115333 0.833333 82.75 0.388235 0.5 0 0
3700 0.114886 0.583333 83.3333 0.388235 0.5 0 0
3710 0.114886 0.583333 83.3333 0.388235 0.5 0 0
3720 0.114845 0.5 83.8333 0.388235 0.5 0 0
3730 0.114845 0.5 83.8333 0.388235 0.5 0 0
3740 0.114136 0.5 84.3333 0.384314 0.5 0 0
3750 0.114136 0.5 84.3333 0.384314 0.5 0 0
3760 0.113393 0.583333 84.9167 0.384314 0.5 0 0
3770 0.113393 0.583333 84.9167 0.384314 0.5 0 0
3780 0.112765 0.583333 85.5 0.384314 0.5 0 0
3790 0.112765 0.583333 85.5 0.384314 0.5 0 0
3800 0.112625 0.583333 86.0833 0.384314 0.5 0 0
3810 0.112625 0.583333 86.0833 0.384314 0.5 0 0
3820 0.112625 0.583333 86.6667 0.384314 0.5 0 0
3830 0.112625 0.583333 86.6667 0.384314 0.5 0 0
3840 0.112625 0.583333 87.25 0.384314 0.5 0 0
3850 0.112625 0.583333 87.25 0.384314 0.5 0 0
3860 0.112625 0.416667 87.6667 0.384314 0.5 0 0
3870 0.112625 0.416667 87.6667 0.384314 0.5 0 0
3880 0.112419 0.416667 88.0833 0.384314 0.5 0 0
3890 0.112419 0.416667 88.0833 0.384314 0.5 0 0
3900 0.112737 0.333333 88.4167 0.384314 0.5 0 0
3910 0.112737 0.333333 88.4167 0.384314 0.5 0 0
3920 0.113567 0.666667 89.0833 0.384314 0.5 0 0
3930 0.113567 0.666667 89.0833 0.384314 0.5 0 0
3940 0.113898 0.666667 89.75 0.384314 0.5 0 0
3950 0.113898 0.666667 89.75 0.388235 0.5 0 0
3960 0.113795 0.666667 90.4167 0.388235 0.5 0 0
3970 0.113795 0.666667 90.4167 0.384314 0.5 0 0
3980 0.11371 0.666667 91.0833 0.388235 0.5 0 0
3990 0.11371 0.666667 91.0833 0.388235 0.5 0 0
4000 0.113451 0.666667 91.75 0.384314 0.5 0 0
4010 0.113451 0.666667 91.75 0.384314 0.5 0 0
4020 0.112965 0.583333 92.3333 0.384314 0.5 0 0
4030 0.112965 0.583333 92.3333 0.380392 0.5 0 0
4040 0.112414 0.583333 92.9167 0.380392 0.5 0 0
4050 0.112414 0.583333 92.9167 0.376471 0.5 0 0
4060 0.111391 0.583333 93.5 0.376471 0.5 0 0
4070 0.111391 0.583333 93.5 0.376471 0.5 0 0
4080 0.1107 0.583333 94.0833 0.380392 0.5 0 0
4090 0.1107 0.583333 94.0833 0.376471 0.5 0 0
4100 0.110222 0.416667 94.5 0.380392 0.5 0 0
4110 0.110222 0.416667 94.5 0.376471 0.5 0 0
4120 0.109731 0.583333 95.0833 0.376471 0.5 0 0
4130 0.109731 0.583333 95.0833 0.376471 0.5 0 0
4140 0.108393 0.583333 95.6667 0.376471 0.5 0 0
4150 0.108393 0.583333 95.6667 0.376471 0.5 0 0
4160 0.107727 0.583333 96.25 0.376471 0.5 0 0
4170 0.107727 0.583333 96.25 0.376471 0.5 0 0
4180 0.107502 0.583333 96.8333 0.376471 0.5 0 0
4190 0.107502 0.583333 96.8333 0.376471 0.5 0 0
4200 0.107738 0.75 97.5833 0.376471 0.5 0 0
4210 0.107738 0.75 97.5833 0.380392 0.5 0 0
4220 0.108005 0.75 98.3333 0.380392 0.5 0 0
4230 0.108005 0.75 98.3333 0.380392 0.5 0 0
4240 0.10794 0.75 99.0833 0.380392 0.5 0 0
4250 0.10794 0.75 99.0833 0.380392 0.5 0 0
4260 0.107878 0.75 99.8333 0.376471 0.5 0 0
4270 0.107878 0.75 99.8333 0.376471 0.5 0 0
4280 0.107482 0.75 100.583 0.372549 0.5 0 0
4290 0.107482 0.75 100.583 0.372549 0.5 0 0
4300 0.106284 0.75 101.333 0.372549 0.5 0 0
4310 0.106284 0.75 101.333 0.372549 0.5 0 0
4320 0.106116 0.75 102.083 0.372549 0.5 0 0
4330 0.106116 0.75 102.083 0.372549 0.5 0 0
4340 0.106116 0.583333 102.667 0.372549 0.5 0 0
4350 0.106116 0.583333 102.667 0.372549 0.5 0 0
4360 0.106019 0.583333 103.25 0.372549 0.5 0 0
4370 0.106019 0.583333 103.25 0.372549 0.5 0 0
4380 0.106015 0.583333 103.833 0.372549 0.5 0 0
4390 0.106015 0.583333 103.833 0.372549 0.5 0 0
4400 0.106015 0.583333 104.417 0.372549 0.5 0 0
4410 0.106015 0.583333 104.417 0.372549 0.5 0 0
4420 0.106015 0.666667 105.083 0.372549 0.5 0 0
4430 0.106015 0.666667 105.083 0.372549 0.5 0 0
4440 0.106015 0.666667 105.75 0.372549 0.5 0 0
4450 0.106015 0.666667 105.75 0.372549 0.5 0 0
4460 0.106015 0.583333 106.333 0.372549 0.5 0 0
4470 0.106015 0.583333 106.333 0.372549 0.5 0 0
4480 0.106015 0.583333 106.917 0.372549 0.5 0 0
4490 0.106015 0.583333 106.917 0.372549 0.5 0 0
4500 0.106015 0.75 107.667 0.372549 0.5 0 0
4510 0.106015 0.75 107.667 0.372549 0.5 0 0
4520 0.106015 0.75 108.417 0.372549 0.5 0 0
4530 0.106015 0.75 108.417 0.372549 0.5 0 0
4540 0.106015 0.75 109.167 0.372549 0.5 0 0
4550 0.106015 0.75 109.167 0.372549 0.5 0 0
4560 0.106015 0.75 109.917 0.372549 0.5 0 0
4570 0.106015 0.75 109.917 0.372549 0.5 0 0
4580 0.106015 0.75 110.667 0.372549 0.5 0 0
4590 0.106015 0.75 110.667 0.372549 0.5 0 0
4600 0.106015 0.75 111.417 0.372549 0.5 0 0
4610 0.106015 0.75 111.417 0.372549 0.5 0 0
4620 0.106015 0.75 112.167 0.372549 0.5 0 0
4630 0.106015 0.75 112.167 0.372549 0.5 0 0
4640 0.106015 0.833333 113 0.372549 0.5 0 0
4650 0.106015 0.833333 113 0.372549 0.5 0 0
4660 0.106005 0.833333 113.833 0.372549 0.5 0 0
4670 0.106005 0.833333 113.833 0.372549 0.5 0 0
4680 0.106002 0.833333 114.667 0.372549 0.5 0 0
4690 0.106002 0.833333 114.667 0.372549 0.5 0 0
4700 0.106002 0.833333 115.5 0.372549 0.5 0 0
4710 0.106002 0.833333 115.5 0.372549 0.5 0 0
4720 0.106002 0.833333 116.333 0.372549 0.5 0 0
4730 0.106002 0.833333 116.333 0.372549 0.5 0 0
4740 0.106002 0.833333 117.167 0.372549 0.5 0 0
4750 0.106002 0.833333 117.167 0.372549 0.5 0 0
4760 0.105963 0.833333 118 0.372549 0.5 0 0
4770 0.105963 0.833333 118 0.372549 0.5 0 0
4780 0.105963 0.833333 118.833 0.372549 0.5 0 0
4790 0.105963 0.833333 118.833 0.372549 0.5 0 0
4800 0.105963 0.833333 119.667 0.372549 0.5 0 0
4810 0.105963 0.833333 119.667 0.372549 0.5 0 0
4820 0.105963 0.833333 120.5 0.372549 0.5 0 0
4830 0.105963 0.833333 120.5 0.372549 0.5 0 0
4840 0.105963 0.833333 121.333 0.372549 0.5 0 0
4850 0.105963 0.833333 121.333 0.372549 0.5 0 0
4860 0.105963 0.75 122.083 0.372549 0.5 0 0
4870 0.105963 0.75 122.083 0.372549 0.5 0 0
4880 0.105963 0.75 122.833 0.372549 0.5 0 0
4890 0.105963 0.75 122.833 0.372549 0.5 0 0
4900 0.105861 0.833333 123.667 0.372549 0.5 0 0
4910 0.105861 0.833333 123.667 0.372549 0.5 0 0
4920 0.105842 0.833333 124.5 0.372549 0.5 0 0
4930 0.105842 0.833333 124.5 0.372549 0.5 0 0
4940 0.105842 0.833333 125.333 0.372549 0.5 0 0
4950 0.105842 0.833333 125.333 0.372549 0.5 0 0
4960 0.105842 0.833333 126.167 0.372549 0.5 0 0
4970 0.105842 0.833333 126.167 0.372549 0.5 0 0
4980 0.105842 0.833333 127 0.372549 0.5 0 0
4990 0.105842 0.833333 127 0.372549 0.5 0 0
5000 0.105839 0.916667 127.917 0.372549 0.5 0 0
5010 0.105839 0.916667 127.917 0.372549 0.5 0 0
5020 0.105822 0.916667 128.833 0.372549 0.5 0 0
5030 0.105822 0.916667 128.833 0.372549 0.5 0 0
5040 0.105819 0.916667 129.75 0.372549 0.5 0 0
5050 0.105819 0.916667 129.75 0.372549 0.5 0 0
5060 0.105819 0.916667 130.667 0.372549 0.5 0 0
5070 0.105819 0.916667 130.667 0.372549 0.5 0 0
5080 0.105819 0.916667 131.583 0.372549 0.5 0 0
5090 0.105819 0.916667 131.583 0.372549 0.5 0 0
5100 0.105819 0.916667 132.5 0.372549 0.5 0 0
5110 0.105819 0.916667 132.5 0.372549 0.5 0 0
5120 0.105818 0.916667 133.417 0.372549 0.5 0 0
5130 0.105818 0.916667 133.417 0.372549 0.5 0 0
5140 0.105818 0.833333 134.25 0.372549 0.5 0 0
5150 0.105818 0.833333 134.25 0.372549 0.5 0 0
5160 0.105818 0.833333 135.083 0.372549 0.5 0 0
5170 0.105818 0.833333 135.083 0.372549 0.5 0 0
5180 0.105795 0.916667 136 0.372549 0.5 0 0
5190 0.105795 0.916667 136 0.372549 0.5 0 0
5200 0.105753 0.916667 136.917 0.372549 0.5 0 0
5210 0.105753 0.916667 136.917 0.372549 0.5 0 0
5220 0.105753 1 137.917 0.372549 0.5 0 0
5230 0.105753 1 137.917 0.372549 0.5 0 0
5240 0.105753 1 138.917 0.372549 0.5 0 0
5250 0.105753 1 138.917 0.372549 0.5 0 0
5260 0.105753 1 139.917 0.372549 0.5 0 0
5270 0.105753 1 139.917 0.372549 0.5 0 0
5280 0.105753 1 140.917 0.372549 0.5 0 0
5290 0.105753 1 140.917 0.372549 0.5 0 0
5300 0.105753 0.666667 141.583 0.372549 0.5 0 0
5310 0.105753 0.666667 141.583 0.372549 0.5 0 0
5320 0.105753 0.916667 142.5 0.372549 0.5 0 0
5330 0.105753 0.916667 142.5 0.372549 0.5 0 0
5340 0.105753 0.916667 143.417 0.372549 0.5 0 0
5350 0.105753 0.916667 143.417 0.372549 0.5 0 0
5360 0.105753 0.916667 144.333 0.372549 0.5 0 0
5370 0.105753 0.916667 144.333 0.372549 0.5 0 0
5380 0.105753 0.666667 145 0.372549 0.5 0 0
5390 0.105753 0.666667 145 0.372549 0.5 0 0
5400 0.105753 1 146 0.372549 0.5 0 0
5410 0.105753 1 146 0.372549 0.5 0 0
5420 0.105753 1 147 0.372549 0.5 0 0
5430 0.105753 1 147 0.372549 0.5 0 0
5440 0.105753 1 148 0.372549 0.5 0 0
5450 0.105753 1 148 0.372549 0.5 0 0
5460 0.105753 1 149 0.372549 0.5 0 0
5470 0.105753 1 149 0.372549 0.5 0 0
5480 0.105753 1 150 0.372549 0.5 0 0
5490 0.105753 1 150 0.372549 0.5 0 0
5500 0.105753 0.916667 150.917 0.372549 0.5 0 0
5510 0.105753 0.916667 150.917 0.372549 0.5 0 0
5520 0.105753 0.833333 151.75 0.372549 0.5 0 0
5530 0.105753 0.833333 151.75 0.372549 0.5 0 0
5540 0.105753 0.916667 152.667 0.372549 0.5 0 0
5550 0.105753 0.916667 152.667 0.372549 0.5 0 0
5560 0.105753 0.916667 153.583 0.372549 0.5 0 0
5570 0.105753 0.916667 153.583 0.372549 0.5 0 0
5580 0.105753 0.916667 154.5 0.372549 0.5 0 0
5590 0.105753 0.916667 154.5 0.372549 0.5 0 0
5600 0.105753 0.916667 155.417 0.372549 0.5 0 0
5610 0.105753 0.916667 155.417 0.372549 0.5 0 0
5620 0.105753 1 156.417 0.372549 0.5 0 0
5630 0.105753 1 156.417 0.372549 0.5 0 0
5640 0.105753 1 157.417 0.372549 0.5 0 0
5650 0.105753 1 157.417 0.372549 0.5 0 0
5660 0.105753 1 158.417 0.372549 0.5 0 0
5670 0.105753 1 158.417 0.372549 0.5 0 0
5680 0.105753 1 159.417 0.372549 0.5 0 0
5690 0.105753 1 159.417 0.372549 0.5 0 0
5700 0.105753 0.833333 160.25 0.372549 0.5 0 0
5710 0.105753 0.833333 160.25 0.372549 0.5 0 0
5720 0.105753 1 161.25 0.372549 0.5 0 0
5730 0.105753 1 161.25 0.372549 0.5 0 0
5740 0.105753 1 162.25 0.372549 0.5 0 0
5750 0.105753 1 162.25 0.372549 0.5 0 0
5760 0.105753 0.916667 163.167 0.372549 0.5 0 0
5770 0.105753 0.916667 163.167 0.372549 0.5 0 0
5780 0.105753 1 164.167 0.372549 0.5 0 0
5790 0.105753 1 164.167 0.372549 0.5 0 0
5800 0.105753 1 165.167 0.372549 0.5 0 0
5810 0.105753 1 165.167 0.372549 0.5 0 0
5820 0.105753 1 166.167 0.372549 0.5 0 0
5830 0.105753 1 166.167 0.372549 0.5 0 0
5840 0.105753 1 167.167 0.372549 0.5 0 0
5850 0.105753 1 167.167 0.372549 0.5 0 0
5860 0.105753 0.916667 168.083 0.372549 0.5 0 0
5870 0.105753 0.916667 168.083 0.372549 0.5 0 0
5880 0.105753 1 169.083 0.372549 0.5 0 0
5890 0.105753 1 169.083 0.372549 0.5 0 0
5900 0.105753 0.75 169.833 0.372549 0.5 0 0
5910 0.105753 0.75 169.833 0.372549 0.5 0 0
5920 0.105753 0.916667 170.75 0.372549 0.5 0 0
5930 0.105753 0.916667 170.75 0.372549 0.5 0 0
5940 0.105753 1 171.75 0.372549 0.5 0 0
5950 0.105753 1 171.75 0.372549 0.5 0 0
5960 0.105753 0.916667 172.667 0.372549 0.5 0 0
5970 0.105753 0.916667 172.667 0.372549 0.5 0 0
5980 0.105753 1 173.667 0.372549 0.5 0 0
5990 0.105753 1 173.667 0.372549 0.5 0 0
6000 0.105753 1 174.667 0.372549 0.5 0 0
6010 0.105753 1 174.667 0.372549 0.5 0 0
6020 0.10575 0.916667 175.583 0.372549 0.5 0 0
6030 0.10575 0.916667 175.583 0.372549 0.5 0 0
6040 0.105718 1 176.583 0.372549 0.5 0 0
6050 0.105718 1 176.583 0.372549 0.5 0 0
6060 0.105718 0.833333 177.417 0.372549 0.5 0 0
6070 0.105718 0.833333 177.417 0.372549 0.5 0 0
6080 0.105718 1 178.417 0.372549 0.5 0 0
6090 0.105718 1 178.417 0.372549 0.5 0 0
6100 0.105718 1 179.417 0.372549 0.5 0 0
6110 0.105718 1 179.417 0.372549 0.5 0 0
6120 0.105718 1 180.417 0.372549 0.5 0 0
6130 0.105718 1 180.417 0.372549 0.5 0 0
6140 0.105718 1 181.417 0.372549 0.5 0 0
6150 0.105718 1 181.417 0.372549 0.5 0 0
6160 0.105716 1 182.417 0.372549 0.5 0 0
6170 0.105716 1 182.417 0.372549 0.5 0 0
6180 0.105714 0.833333 183.25 0.372549 0.5 0 0
6190 0.105714 0.833333 183.25 0.372549 0.5 0 0
6200 0.105714 0.833333 184.083 0.372549 0.5 0 0
6210 0.105714 0.833333 184.083 0.372549 0.5 0 0
6220 0.105709 1 185.083 0.372549 0.5 0 0
6230 0.105709 1 185.083 0.372549 0.5 0 0
6240 0.105709 1 186.083 0.372549 0.5 0 0
6250 0.105709 1 186.083 0.372549 0.5 0 0
6260 0.105708 1 187.083 0.372549 0.5 0 0
6270 0.105708 1 187.083 0.372549 0.5 0 0
6280 0.105704 0.916667 188 0.372549 0.5 0 0
6290 0.105704 0.916667 188 0.372549 0.5 0 0
6300 0.105703 1 189 0.372549 0.5 0 0
6310 0.105703 1 189 0.372549 0.5 0 0
6320 0.105703 1 190 0.372549 0.5 0 0
6330 0.105703 1 190 0.372549 0.5 0 0
6340 0.105703 1 191 0.372549 0.5 0 0
6350 0.105703 1 191 0.372549 0.5 0 0
6360 0.105703 1 192 0.372549 0.5 0 0
6370 0.105703 1 192 0.372549 0.5 0 0
6380 0.105702 1 193 0.372549 0.5 0 0
6390 0.105702 1 193 0.372549 0.5 0 0
6400 0.10569 1 194 0.372549 0.5 0 0
6410 0.10569 1 194 0.372549 0.5 0 0
6420 0.10569 1 195 0.372549 0.5 0 0
6430 0.10569 1 195 0.372549 0.5 0 0
6440 0.10569 1 196 0.372549 0.5 0 0
6450 0.10569 1 196 0.372549 0.5 0 0
6460 0.10569 1 197 0.372549 0.5 0 0
6470 0.10569 1 197 0.372549 0.5 0 0
6480 0.10569 1 198 0.372549 0.5 0 0
6490 0.10569 1 198 0.372549 0.5 0 0
6500 0.10568 0.916667 198.917 0.372549 0.5 0 0
6510 0.10568 0.916667 198.917 0.372549 0.5 0 0
6520 0.105665 1 199.917 0.372549 0.5 0 0
6530 0.105665 1 199.917 0.372549 0.5 0 0
6540 0.105606 1 200.917 0.372549 0.5 0 0
6550 0.105606 1 200.917 0.372549 0.5 0 0
6560 0.105473 1 201.917 0.372549 0.5 0 0
6570 0.105473 1 201.917 0.372549 0.5 0 0
6580 0.105417 1 202.917 0.372549 0.5 0 0
6590 0.105417 1 202.917 0.372549 0.5 0 0
6600 0.105411 1 203.917 0.372549 0.5 0 0
6610 0.105411 1 203.917 0.372549 0.5 0 0
6620 0.105406 0.916667 204.833 0.372549 0.5 0 0
6630 0.105406 0.916667 204.833 0.372549 0.5 0 0
6640 0.105401 0.916667 205.75 0.372549 0.5 0 0
6650 0.105401 0.916667 205.75 0.372549 0.5 0 0
6660 0.1054 0.916667 206.667 0.372549 0.5 0 0
6670 0.1054 0.916667 206.667 0.372549 0.5 0 0
6680 0.105399 1 207.667 0.372549 0.5 0 0
6690 0.105399 1 207.667 0.372549 0.5 0 0
6700 0.105398 1 208.667 0.372549 0.5 0 0
6710 0.105398 1 208.667 0.372549 0.5 0 0
6720 0.105397 1 209.667 0.372549 0.5 0 0
6730 0.105397 1 209.667 0.372549 0.5 0 0
6740 0.105397 1 210.667 0.372549 0.5 0 0
6750 0.105397 1 210.667 0.372549 0.5 0 0
6760 0.105397 0.916667 211.583 0.372549 0.5 0 0
6770 0.105397 0.916667 211.583 0.372549 0.5 0 0
6780 0.105397 0.916667 212.5 0.372549 0.5 0 0
6790 0.105397 0.916667 212.5 0.372549 0.5 0 0
6800 0.105396 0.916667 213.417 0.372549 0.5 0 0
6810 0.105396 0.916667 213.417 0.372549 0.5 0 0
6820 0.105386 0.916667 214.333 0.372549 0.5 0 0
6830 0.105386 0.916667 214.333 0.372549 0.5 0 0
6840 0.105367 0.75 215.083 0.372549 0.5 0 0
6850 0.105367 0.75 215.083 0.372549 0.5 0 0
6860 0.105317 0.75 215.833 0.372549 0.5 0 0
6870 0.105317 0.75 215.833 0.372549 0.5 0 0
6880 0.105293 0.833333 216.667 0.372549 0.5 0 0
6890 0.105293 0.833333 216.667 0.372549 0.5 0 0
6900 0.105282 0.833333 217.5 0.372549 0.5 0 0
6910 0.105282 0.833333 217.5 0.372549 0.5 0 0
6920 0.105282 0.833333 218.333 0.372549 0.5 0 0
6930 0.105282 0.833333 218.333 0.372549 0.5 0 0
6940 0.105282 0.833333 219.167 0.372549 0.5 0 0
6950 0.105282 0.833333 219.167 0.372549 0.5 0 0
6960 0.105282 0.916667 220.083 0.372549 0.5 0 0
6970 0.105282 0.916667 220.083 0.372549 0.5 0 0
6980 0.105279 0.583333 220.667 0.372549 0.5 0 0
6990 0.105279 0.583333 220.667 0.372549 0.5 0 0
7000 0.105281 0.833333 221.5 0.372549 0.5 0 0
7010 0.105281 0.833333 221.5 0.372549 0.5 0 0
7020 0.105257 1 222.5 0.372549 0.5 0 0
7030 0.105257 1 222.5 0.372549 0.5 0 0
7040 0.105254 1 223.5 0.372549 0.5 0 0
7050 0.105254 1 223.5 0.372549 0.5 0 0
7060 0.105254 1 224.5 0.372549 0.5 0 0
7070 0.105254 1 224.5 0.372549 0.5 0 0
7080 0.105253 0.916667 225.417 0.372549 0.5 0 0
7090 0.105253 0.916667 225.417 0.372549 0.5 0 0
7100 0.105253 0.916667 226.333 0.372549 0.5 0 0
7110 0.105253 0.916667 226.333 0.372549 0.5 0 0
7120 0.105253 0.916667 227.25 0.372549 0.5 0 0
7130 0.105253 0.916667 227.25 0.372549 0.5 0 0
7140 0.105245 0.916667 228.167 0.372549 0.5 0 0
7150 0.105245 0.916667 228.167 0.372549 0.5 0 0
7160 0.105242 1 229.167 0.372549 0.5 0 0
7170 0.105242 1 229.167 0.372549 0.5 0 0
7180 0.105184 1 230.167 0.372549 0.5 0 0
7190 0.105184 1 230.167 0.372549 0.5 0 0
7200 0.105184 1 231.167 0.372549 0.5 0 0
7210 0.105184 1 231.167 0.372549 0.5 0 0
7220 0.105184 1 232.167 0.372549 0.5 0 0
7230 0.105184 1 232.167 0.372549 0.5 0 0
7240 0.105184 1 233.167 0.372549 0.5 0 0
7250 0.105184 1 233.167 0.372549 0.5 0 0
7260 0.105184 1 234.167 0.372549 0.5 0 0
7270 0.105184 1 234.167 0.372549 0.5 0 0
7280 0.10519 0.916667 235.083 0.372549 0.5 0 0
7290 0.10519 0.916667 235.083 0.372549 0.5 0 0
7300 0.105188 0.916667 236 0.372549 0.5 0 0
7310 0.105188 0.916667 236 0.372549 0.5 0 0
7320 0.105185 0.916667 236.917 0.372549 0.5 0 0
7330 0.105185 0.916667 236.917 0.372549 0.5 0 0
7340 0.105184 0.916667 237.833 0.372549 0.5 0 0
7350 0.105184 0.916667 237.833 0.372549 0.5 0 0
7360 0.105181 0.833333 238.667 0.372549 0.5 0 0
7370 0.105181 0.833333 238.667 0.372549 0.5 0 0
7380 0.10518 0.833333 239.5 0.372549 0.5 0 0
7390 0.10518 0.833333 239.5 0.372549 0.5 0 0
7400 0.10518 0.833333 240.333 0.372549 0.5 0 0
7410 0.10518 0.833333 240.333 0.372549 0.5 0 0
7420 0.105164 0.833333 241.167 0.372549 0.5 0 0
7430 0.105164 0.833333 241.167 0.372549 0.5 0 0
7440 0.105161 0.666667 241.833 0.372549 0.5 0 0
7450 0.105161 0.666667 241.833 0.372549 0.5 0 0
7460 0.105158 0.583333 242.417 0.372549 0.5 0 0
7470 0.105158 0.583333 242.417 0.372549 0.5 0 0
7480 0.105158 0.666667 243.083 0.372549 0.5 0 0
7490 0.105158 0.666667 243.083 0.372549 0.5 0 0
7500 0.105158 0.666667 243.75 0.372549 0.5 0 0
7510 0.105158 0.666667 243.75 0.372549 0.5 0 0
7520 0.105126 0.916667 244.667 0.372549 0.5 0 0
7530 0.105126 0.916667 244.667 0.372549 0.5 0 0
7540 0.105125 0.916667 245.583 0.372549 0.5 0 0
7550 0.105125 0.916667 245.583 0.372549 0.5 0 0
7560 0.105125 0.916667 246.5 0.372549 0.5 0 0
7570 0.105125 0.916667 246.5 0.372549 0.5 0 0
7580 0.105125 0.916667 247.417 0.372549 0.5 0 0
7590 0.105125 0.916667 247.417 0.372549 0.5 0 0
7600 0.105125 0.916667 248.333 0.372549 0.5 0 0
7610 0.105125 0.916667 248.333 0.372549 0.5 0 0
7620 0.105125 0.916667 249.25 0.372549 0.5 0 0
7630 0.105125 0.916667 249.25 0.372549 0.5 0 0
7640 0.105092 0.916667 250.167 0.372549 0.5 0 0
7650 0.105092 0.916667 250.167 0.372549 0.5 0 0
7660 0.10509 0.916667 251.083 0.372549 0.5 0 0
7670 0.10509 0.916667 251.083 0.372549 0.5 0 0
7680 0.10509 0.916667 252 0.372549 0.5 0 0
7690 0.10509 0.916667 252 0.372549 0.5 0 0
7700 0.10509 0.916667 252.917 0.372549 0.5 0 0
7710 0.10509 0.916667 252.917 0.372549 0.5 0 0
7720 0.10509 0.916667 253.833 0.372549 0.5 0 0
7730 0.10509 0.916667 253.833 0.372549 0.5 0 0
7740 0.10509 0.833333 254.667 0.372549 0.5 0 0
7750 0.10509 0.833333 254.667 0.372549 0.5 0 0
7760 0.105088 0.833333 255.5 0.372549 0.5 0 0
7770 0.105088 0.833333 255.5 0.372549 0.5 0 0
7780 0.105073 0.833333 256.333 0.372549 0.5 0 0
7790 0.105073 0.833333 256.333 0.372549 0.5 0 0
7800 0.105073 0.666667 257 0.372549 0.5 0 0
7810 0.105073 0.666667 257 0.372549 0.5 0 0
7820 0.105073 0.833333 257.833 0.372549 0.5 0 0
7830 0.105073 0.833333 257.833 0.372549 0.5 0 0
7840 0.105073 0.916667 258.75 0.372549 0.5 0 0
7850 0.105073 0.916667 258.75 0.372549 0.5 0 0
7860 0.105073 0.916667 259.667 0.372549 0.5 0 0
7870 0.105073 0.916667 259.667 0.372549 0.5 0 0
7880 0.105073 0.583333 260.25 0.372549 0.5 0 0
7890 0.105073 0.583333 260.25 0.372549 0.5 0 0
7900 0.105073 1 261.25 0.372549 0.5 0 0
7910 0.105073 1 261.25 0.372549 0.5 0 0
7920 0.105071 1 262.25 0.372549 0.5 0 0
7930 0.105071 1 262.25 0.372549 0.5 0 0
7940 0.105071 1 263.25 0.372549 0.5 0 0
7950 0.105071 1 263.25 0.372549 0.5 0 0
7960 0.105071 1 264.25 0.372549 0.5 0 0
7970 0.105071 1 264.25 0.372549 0.5 0 0
7980 0.105071 1 265.25 0.372549 0.5 0 0
7990 0.105071 1 265.25 0.372549 0.5 0 0
8000 0.105069 0.916667 266.167 0.372549 0.5 0 0
8010 0.105069 0.916667 266.167 0.372549 0.5 0 0
8020 0.105067 0.916667 267.083 0.372549 0.5 0 0
8030 0.105067 0.916667 267.083 0.372549 0.5 0 0
8040 0.105063 0.916667 268 0.372549 0.5 0 0
8050 0.105063 0.916667 268 0.372549 0.5 0 0
8060 0.105061 0.916667 268.917 0.372549 0.5 0 0
8070 0.105061 0.916667 268.917 0.372549 0.5 0 0
8080 0.105061 0.833333 269.75 0.372549 0.5 0 0
8090 0.105061 0.833333 269.75 0.372549 0.5 0 0
8100 0.105061 0.833333 270.583 0.372549 0.5 0 0
8110 0.105061 0.833333 270.583 0.372549 0.5 0 0
8120 0.105061 0.666667 271.25 0.372549 0.5 0 0
8130 0.105061 0.666667 271.25 0.372549 0.5 0 0
8140 0.10506 0.75 272 0.372549 0.5 0 0
8150 0.10506 0.75 272 0.372549 0.5 0 0
8160 0.105057 0.833333 272.833 0.372549 0.5 0 0
8170 0.105057 0.833333 272.833 0.372549 0.5 0 0
8180 0.105053 0.833333 273.667 0.372549 0.5 0 0
8190 0.105053 0.833333 273.667 0.372549 0.5 0 0
8200 0.105053 0.833333 274.5 0.372549 0.5 0 0
8210 0.105053 0.833333 274.5 0.372549 0.5 0 0
8220 0.105053 0.833333 275.333 0.372549 0.5 0 0
8230 0.105053 0.833333 275.333 0.372549 0.5 0 0
8240 0.105053 0.833333 276.167 0.372549 0.5 0 0
8250 0.105053 0.833333 276.167 0.372549 0.5 0 0
8260 0.105053 0.666667 276.833 0.372549 0.5 0 0
8270 0.105053 0.666667 276.833 0.372549 0.5 0 0
8280 0.105027 0.666667 277.5 0.372549 0.5 0 0
8290 0.105027 0.666667 277.5 0.372549 0.5 0 0
8300 0.105024 0.75 278.25 0.372549 0.5 0 0
8310 0.105024 0.75 278.25 0.372549 0.5 0 0
8320 0.105024 0.75 279 0.372549 0.5 0 0
8330 0.105024 0.75 279 0.372549 0.5 0 0
8340 0.105024 0.75 279.75 0.372549 0.5 0 0
8350 0.105024 0.75 279.75 0.372549 0.5 0 0
8360 0.105024 0.75 280.5 0.372549 0.5 0 0
8370 0.105024 0.75 280.5 0.372549 0.5 0 0
8380 0.105024 0.75 281.25 0.372549 0.5 0 0
8390 0.105024 0.75 281.25 0.372549 0.5 0 0
8400 0.105024 0.75 282 0.372549 0.5 0 0
8410 0.105024 0.75 282 0.372549 0.5 0 0
8420 0.105068 0.666667 282.667 0.372549 0.5 0 0
8430 0.105068 0.666667 282.667 0.372549 0.5 0 0
8440 0.10526 0.666667 283.333 0.372549 0.5 0 0
8450 0.10526 0.666667 283.333 0.372549 0.5 0 0
8460 0.105262 0.666667 284 0.372549 0.5 0 0
8470 0.105262 0.666667 284 0.372549 0.5 0 0
8480 0.105312 0.666667 284.667 0.372549 0.5 0 0
8490 0.105312 0.666667 284.667 0.372549 0.5 0 0
8500 0.105485 0.5 285.167 0.372549 0.5 0 0
8510 0.105485 0.5 285.167 0.372549 0.5 0 0
8520 0.105485 0.5 285.667 0.372549 0.5 0 0
8530 0.105485 0.5 285.667 0.372549 0.5 0 0
8540 0.105485 0.5 286.167 0.372549 0.5 0 0
8550 0.105485 0.5 286.167 0.372549 0.5 0 0
8560 0.105485 0.5 286.667 0.372549 0.5 0 0
8570 0.105485 0.5 286.667 0.372549 0.5 0 0
8580 0.105485 0.5 287.167 0.372549 0.5 0 0
8590 0.105485 0.5 287.167 0.372549 0.5 0 0
8600 0.105567 0.5 287.667 0.368627 0.5 0 0
8610 0.105567 0.5 287.667 0.368627 0.5 0 0
8620 0.105652 0.5 288.167 0.368627 0.5 0 0
8630 0.105652 0.5 288.167 0.368627 0.5 0 0
8640 0.105408 0.5 288.667 0.364706 0.5 0 0
8650 0.105408 0.5 288.667 0.364706 0.5 0 0
8660 0.105037 0.416667 289.083 0.364706 0.5 0 0
8670 0.105037 0.416667 289.083 0.360784 0.5 0 0
8680 0.103811 0.416667 289.5 0.360784 0.5 0 0
8690 0.103811 0.416667 289.5 0.360784 0.5 0 0
8700 0.103543 0.583333 290.083 0.360784 0.5 0 0
8710 0.103543 0.583333 290.083 0.360784 0.5 0 0
8720 0.103243 0.75 290.833 0.356863 0.5 0 0
8730 0.103243 0.75 290.833 0.356863 0.5 0 0
8740 0.102078 0.833333 291.667 0.356863 0.5 0 0
8750 0.102078 0.833333 291.667 0.356863 0.5 0 0
8760 0.100553 0.833333 292.5 0.356863 0.5 0 0
8770 0.100553 0.833333 292.5 0.356863 0.5 0 0
8780 0.0990895 0.666667 293.167 0.356863 0.5 0 0
8790 0.0990895 0.666667 293.167 0.356863 0.5 0 0
8800 0.0986421 0.666667 293.833 0.356863 0.5 0 0
8810 0.0986421 0.666667 293.833 0.356863 0.5 0 0
8820 0.0985893 0.666667 294.5 0.356863 0.5 0 0
8830 0.0985893 0.666667 294.5 0.356863 0.5 0 0
8840 0.098434 0.5 295 0.356863 0.5 0 0
8850 0.098434 0.5 295 0.356863 0.5 0 0
8860 0.0984005 0.833333 295.833 0.356863 0.5 0 0
8870 0.0984005 0.833333 295.833 0.356863 0.5 0 0
8880 0.0983532 0.833333 296.667 0.356863 0.5 0 0
8890 0.0983532 0.833333 296.667 0.356863 0.5 0 0
8900 0.0983532 0.833333 297.5 0.356863 0.5 0 0
8910 0.0983532 0.833333 297.5 0.356863 0.5 0 0
8920 0.0983309 0.833333 298.333 0.356863 0.5 0 0
8930 0.0983309 0.833333 298.333 0.356863 0.5 0 0
8940 0.0983309 0.833333 299.167 0.356863 0.5 0 0
8950 0.0983309 0.833333 299.167 0.356863 0.5 0 0
8960 0.0983309 0.75 299.917 0.356863 0.5 0 0
8970 0.0983309 0.75 299.917 0.356863 0.5 0 0
8980 0.0983301 0.5 300.417 0.356863 0.5 0 0
8990 0.0983301 0.5 300.417 0.356863 0.5 0 0
9000 0.0983232 0.75 301.167 0.356863 0.5 0 0
9010 0.0983232 0.75 301.167 0.356863 0.5 0 0
9020 0.0983232 0.75 301.917 0.356863 0.5 0 0
9030 0.0983232 0.75 301.917 0.356863 0.5 0 0
9040 0.0983232 0.75 302.667 0.356863 0.5 0 0
9050 0.0983232 0.75 302.667 0.356863 0.5 0 0
9060 0.0983232 0.75 303.417 0.356863 0.5 0 0
9070 0.0983232 0.75 303.417 0.356863 0.5 0 0
9080 0.0983232 0.5 303.917 0.356863 0.5 0 0
9090 0.0983232 0.5 303.917 0.356863 0.5 0 0
9100 0.0983232 0.75 304.667 0.356863 0.5 0 0
9110 0.0983232 0.75 304.667 0.356863 0.5 0 0
9120 0.0983208 0.75 305.417 0.356863 0.5 0 0
9130 0.0983208 0.75 305.417 0.356863 0.5 0 0
9140 0.0983206 0.75 306.167 0.356863 0.5 0 0
9150 0.0983206 0.75 306.167 0.356863 0.5 0 0
9160 0.0983206 0.75 306.917 0.356863 0.5 0 0
9170 0.0983206 0.75 306.917 0.356863 0.5 0 0
9180 0.0983206 0.75 307.667 0.356863 0.5 0 0
9190 0.0983206 0.75 307.667 0.356863 0.5 0 0
9200 0.09832 0.75 308.417 0.356863 0.5 0 0
9210 0.09832 0.75 308.417 0.356863 0.5 0 0
9220 0.0983186 0.75 309.167 0.356863 0.5 0 0
9230 0.0983186 0.75 309.167 0.356863 0.5 0 0
9240 0.0983081 0.75 309.917 0.356863 0.5 0 0
9250 0.0983081 0.75 309.917 0.356863 0.5 0 0
9260 0.098308 0.75 310.667 0.356863 0.5 0 0
9270 0.098308 0.75 310.667 0.356863 0.5 0 0
9280 0.0983085 0.75 311.417 0.356863 0.5 0 0
9290 0.0983085 0.75 311.417 0.356863 0.5 0 0
9300 0.0984272 0.75 312.167 0.356863 0.5 0 0
9310 0.0984272 0.75 312.167 0.356863 0.5 0 0
9320 0.0991862 0.75 312.917 0.356863 0.5 0 0
9330 0.0991862 0.75 312.917 0.360784 0.5 0 0
9340 0.0998841 0.75 313.667 0.360784 0.5 0 0
9350 0.0998841 0.75 313.667 0.356863 0.5 0 0
9360 0.100789 0.75 314.417 0.356863 0.5 0 0
9370 0.100789 0.75 314.417 0.360784 0.5 0 0
9380 0.101463 0.75 315.167 0.364706 0.5 0 0
9390 0.101463 0.75 315.167 0.364706 0.5 0 0
9400 0.101576 0.75 315.917 0.364706 0.5 0 0
9410 0.101576 0.75 315.917 0.364706 0.5 0 0
9420 0.101575 0.666667 316.583 0.364706 0.5 0 0
9430 0.101575 0.666667 316.583 0.364706 0.5 0 0
9440 0.101393 0.666667 317.25 0.360784 0.5 0 0
9450 0.101393 0.666667 317.25 0.360784 0.5 0 0
9460 0.101116 0.666667 317.917 0.360784 0.5 0 0
9470 0.101116 0.666667 317.917 0.356863 0.5 0 0
9480 0.100922 0.666667 318.583 0.360784 0.5 0 0
9490 0.100922 0.666667 318.583 0.356863 0.5 0 0
9500 0.100846 0.666667 319.25 0.360784 0.5 0 0
9510 0.100846 0.666667 319.25 0.356863 0.5 0 0
9520 0.100846 0.75 320 0.360784 0.5 0 0
9530 0.100846 0.75 320 0.356863 0.5 0 0
9540 0.100846 0.833333 320.833 0.360784 0.5 0 0
9550 0.100846 0.833333 320.833 0.360784 0.5 0 0
9560 0.100514 0.833333 321.667 0.360784 0.5 0 0
9570 0.100514 0.833333 321.667 0.360784 0.5 0 0
9580 0.100474 0.833333 322.5 0.360784 0.5 0 0
9590 0.100474 0.833333 322.5 0.360784 0.5 0 0
9600 0.100473 0.916667 323.417 0.360784 0.5 0 0
9610 0.100473 0.916667 323.417 0.360784 0.5 0 0
9620 0.100448 0.916667 324.333 0.360784 0.5 0 0
9630 0.100448 0.916667 324.333 0.360784 0.5 0 0
9640 0.100317 0.916667 325.25 0.360784 0.5 0 0
9650 0.100317 0.916667 325.25 0.356863 0.5 0 0
9660 0.100217 0.916667 326.167 0.360784 0.5 0 0
9670 0.100217 0.916667 326.167 0.360784 0.5 0 0
9680 0.100216 0.916667 327.083 0.356863 0.5 0 0
9690 0.100216 0.916667 327.083 0.360784 0.5 0 0
9700 0.100215 0.916667 328 0.360784 0.5 0 0
9710 0.100215 0.916667 328 0.360784 0.5 0 0
9720 0.100216 0.916667 328.917 0.360784 0.5 0 0
9730 0.100216 0.916667 328.917 0.356863 0.5 0 0
9740 0.100216 0.833333 329.75 0.360784 0.5 0 0
9750 0.100216 0.833333 329.75 0.360784 0.5 0 0
9760 0.100217 0.833333 330.583 0.360784 0.5 0 0
9770 0.100217 0.833333 330.583 0.356863 0.5 0 0
9780 0.100217 0.75 331.333 0.360784 0.5 0 0
9790 0.100217 0.75 331.333 0.356863 0.5 0 0
9800 0.100216 0.833333 332.167 0.356863 0.5 0 0
9810 0.100216 0.833333 332.167 0.360784 0.5 0 0
9820 0.100198 0.833333 333 0.356863 0.5 0 0
9830 0.100198 0.833333 333 0.356863 0.5 0 0
9840 0.1002 0.75 333.75 0.360784 0.5 0 0
9850 0.1002 0.75 333.75 0.360784 0.5 0 0
9860 0.1002 0.75 334.5 0.360784 0.5 0 0
9870 0.1002 0.75 334.5 0.360784 0.5 0 0
9880 0.1002 0.75 335.25 0.360784 0.5 0 0
9890 0.1002 0.75 335.25 0.360784 0.5 0 0
9900 0.1002 0.75 336 0.360784 0.5 0 0
9910 0.1002 0.75 336 0.360784 0.5 0 0
9920 0.100198 0.75 336.75 0.360784 0.5 0 0
9930 0.100198 0.75 336.75 0.356863 0.5 0 0
9940 0.100199 0.75 337.5 0.360784 0.5 0 0
9950 0.100199 0.75 337.5 0.356863 0.5 0 0
9960 0.100198 0.916667 338.417 0.356863 0.5 0 0
9970 0.100198 0.916667 338.417 0.360784 0.5 0 0
9980 0.100198 0.916667 339.333 0.360784 0.5 0 0
9990 0.100198 0.916667 339.333 0.360784 0.5 0 0
10000 0.100198 0.916667 340.25 0.360784 0.5 0 0
10010 0.100198 0.916667 340.25 0.360784 0.5 0 0
10020 0.100198 0.833333 341.083 0.360784 0.5 0 0
10030 0.100198 0.833333 341.083 0.360784 0.5 0 0
10040 0.100198 0.916667 342 0.356863 0.5 0 0
10050 0.100198 0.916667 342 0.360784 0.5 0 0
10060 0.100196 0.916667 342.917 0.360784 0.5 0 0
10070 0.100196 0.916667 342.917 0.360784 0.5 0 0
10080 0.100198 0.916667 343.833 0.360784 0.5 0 0
10090 0.100198 0.916667 343.833 0.356863 0.5 0 0
10100 0.100198 0.916667 344.75 0.360784 0.5 0 0
10110 0.100198 0.916667 344.75 0.360784 0.5 0 0
10120 0.100198 0.916667 345.667 0.360784 0.5 0 0
10130 0.100198 0.916667 345.667 0.356863 0.5 0 0
10140 0.100198 0.833333 346.5 0.360784 0.5 0 0
10150 0.100198 0.833333 346.5 0.360784 0.5 0 0
10160 0.100195 0.833333 347.333 0.356863 0.5 0 0
10170 0.100195 0.833333 347.333 0.356863 0.5 0 0
10180 0.100197 1 348.333 0.356863 0.5 0 0
10190 0.100197 1 348.333 0.360784 0.5 0 0
10200 0.100198 1 349.333 0.356863 0.5 0 0
10210 0.100198 1 349.333 0.360784 0.5 0 0
10220 0.100198 1 350.333 0.356863 0.5 0 0
10230 0.100198 1 350.333 0.360784 0.5 0 0
10240 0.100198 0.916667 351.25 0.360784 0.5 0 0
10250 0.100198 0.916667 351.25 0.360784 0.5 0 0
10260 0.100198 1 352.25 0.356863 0.5 0 0
10270 0.100198 1 352.25 0.360784 0.5 0 0
10280 0.100195 1 353.25 0.360784 0.5 0 0
10290 0.100195 1 353.25 0.360784 0.5 0 0
10300 0.100169 1 354.25 0.356863 0.5 0 0
10310 0.100169 1 354.25 0.356863 0.5 0 0
10320 0.100169 1 355.25 0.360784 0.5 0 0
10330 0.100169 1 355.25 0.360784 0.5 0 0
10340 0.10017 1 356.25 0.360784 0.5 0 0
10350 0.10017 1 356.25 0.356863 0.5 0 0
10360 0.10017 1 357.25 0.360784 0.5 0 0
10370 0.10017 1 357.25 0.360784 0.5 0 0
10380 0.10017 1 358.25 0.356863 0.5 0 0
10390 0.10017 1 358.25 0.356863 0.5 0 0
10400 0.100168 0.916667 359.167 0.360784 0.5 0 0
10410 0.100168 0.916667 359.167 0.360784 0.5 0 0
10420 0.100166 1 360.167 0.360784 0.5 0 0
10430 0.100166 1 360.167 0.360784 0.5 0 0
10440 0.100161 1 361.167 0.360784 0.5 0 0
10450 0.100161 1 361.167 0.360784 0.5 0 0
10460 0.100161 1 362.167 0.360784 0.5 0 0
10470 0.100161 1 362.167 0.360784 0.5 0 0
10480 0.100162 1 363.167 0.360784 0.5 0 0
10490 0.100162 1 363.167 0.356863 0.5 0 0
10500 0.100162 1 364.167 0.356863 0.5 0 0
10510 0.100162 1 364.167 0.360784 0.5 0 0
10520 0.100161 1 365.167 0.360784 0.5 0 0
10530 0.100161 1 365.167 0.360784 0.5 0 0
10540 0.100159 1 366.167 0.360784 0.5 0 0
10550 0.100159 1 366.167 0.356863 0.5 0 0
10560 0.100161 1 367.167 0.360784 0.5 0 0
10570 0.100161 1 367.167 0.360784 0.5 0 0
10580 0.100161 1 368.167 0.360784 0.5 0 0
10590 0.100161 1 368.167 0.360784 0.5 0 0
10600 0.100161 1 369.167 0.356863 0.5 0 0
10610 0.100161 1 369.167 0.360784 0.5 0 0
10620 0.100161 1 370.167 0.360784 0.5 0 0
10630 0.100161 1 370.167 0.360784 0.5 0 0
10640 0.10016 0.916667 371.083 0.356863 0.5 0 0
10650 0.10016 0.916667 371.083 0.360784 0.5 0 0
10660 0.10016 1 372.083 0.360784 0.5 0 0
10670 0.10016 1 372.083 0.360784 0.5 0 0
10680 0.100159 1 373.083 0.356863 0.5 0 0
10690 0.100159 1 373.083 0.360784 0.5 0 0
10700 0.100159 1 374.083 0.356863 0.5 0 0
10710 0.100159 1 374.083 0.360784 0.5 0 0
10720 0.100159 1 375.083 0.356863 0.5 0 0
10730 0.100159 1 375.083 0.356863 0.5 0 0
10740 0.100158 1 376.083 0.360784 0.5 0 0
10750 0.100158 1 376.083 0.360784 0.5 0 0
10760 0.100154 1 377.083 0.360784 0.5 0 0
10770 0.100154 1 377.083 0.360784 0.5 0 0
10780 0.100153 0.916667 378 0.360784 0.5 0 0
10790 0.100153 0.916667 378 0.360784 0.5 0 0
10800 0.10015 0.833333 378.833 0.356863 0.5 0 0
10810 0.10015 0.833333 378.833 0.360784 0.5 0 0
10820 0.100151 0.916667 379.75 0.360784 0.5 0 0
10830 0.100151 0.916667 379.75 0.356863 0.5 0 0
10840 0.100151 0.916667 380.667 0.356863 0.5 0 0
10850 0.100151 0.916667 380.667 0.360784 0.5 0 0
10860 0.10015 0.833333 381.5 0.360784 0.5 0 0
10870 0.10015 0.833333 381.5 0.360784 0.5 0 0
10880 0.100148 0.916667 382.417 0.360784 0.5 0 0
10890 0.100148 0.916667 382.417 0.360784 0.5 0 0
10900 0.100143 0.833333 383.25 0.360784 0.5 0 0
10910 0.100143 0.833333 383.25 0.360784 0.5 0 0
10920 0.100141 0.916667 384.167 0.360784 0.5 0 0
10930 0.100141 0.916667 384.167 0.356863 0.5 0 0
10940 0.100131 1 385.167 0.360784 0.5 0 0
10950 0.100131 1 385.167 0.360784 0.5 0 0
10960 0.100131 1 386.167 0.356863 0.5 0 0
10970 0.100131 1 386.167 0.360784 0.5 0 0
10980 0.100131 1 387.167 0.356863 0.5 0 0
10990 0.100131 1 387.167 0.360784 0.5 0 0
11000 0.100132 1 388.167 0.356863 0.5 0 0
11010 0.100132 1 388.167 0.356863 0.5 0 0
11020 0.100128 1 389.167 0.360784 0.5 0 0
11030 0.100128 1 389.167 0.360784 0.5 0 0
11040 0.100127 1 390.167 0.360784 0.5 0 0
11050 0.100127 1 390.167 0.360784 0.5 0 0
11060 0.100125 1 391.167 0.360784 0.5 0 0
11070 0.100125 1 391.167 0.356863 0.5 0 0
11080 0.100122 1 392.167 0.360784 0.5 0 0
11090 0.100122 1 392.167 0.360784 0.5 0 0
11100 0.100122 1 393.167 0.360784 0.5 0 0
11110 0.100122 1 393.167 0.360784 0.5 0 0
11120 0.100122 1 394.167 0.360784 0.5 0 0
11130 0.100122 1 394.167 0.360784 0.5 0 0
11140 0.100122 0.916667 395.083 0.360784 0.5 0 0
11150 0.100122 0.916667 395.083 0.360784 0.5 0 0
11160 0.100123 0.916667 396 0.356863 0.5 0 0
11170 0.100123 0.916667 396 0.356863 0.5 0 0
11180 0.100122 0.916667 396.917 0.360784 0.5 0 0
11190 0.100122 0.916667 396.917 0.360784 0.5 0 0
11200 0.10012 0.916667 397.833 0.360784 0.5 0 0
11210 0.10012 0.916667 397.833 0.360784 0.5 0 0
11220 0.100118 1 398.833 0.356863 0.5 0 0
11230 0.100118 1 398.833 0.360784 0.5 0 0
11240 0.100117 0.916667 399.75 0.360784 0.5 0 0
11250 0.100117 0.916667 399.75 0.356863 0.5 0 0
11260 0.100118 0.916667 400.667 0.360784 0.5 0 0
11270 0.100118 0.916667 400.667 0.360784 0.5 0 0
11280 0.100119 1 401.667 0.356863 0.5 0 0
11290 0.100119 1 401.667 0.360784 0.5 0 0
11300 0.100117 1 402.667 0.356863 0.5 0 0
11310 0.100117 1 402.667 0.360784 0.5 0 0
11320 0.100115 1 403.667 0.360784 0.5 0 0
11330 0.100115 1 403.667 0.356863 0.5 0 0
11340 0.100115 1 404.667 0.356863 0.5 0 0
11350 0.100115 1 404.667 0.360784 0.5 0 0
11360 0.100116 0.916667 405.583 0.360784 0.5 0 0
11370 0.100116 0.916667 405.583 0.356863 0.5 0 0
11380 0.100116 0.916667 406.5 0.360784 0.5 0 0
11390 0.100116 0.916667 406.5 0.360784 0.5 0 0
11400 0.100118 0.833333 407.333 0.360784 0.5 0 0
11410 0.100118 0.833333 407.333 0.356863 0.5 0 0
11420 0.100113 0.916667 408.25 0.356863 0.5 0 0
11430 0.100113 0.916667 408.25 0.356863 0.5 0 0
11440 0.100111 0.75 409 0.360784 0.5 0 0
11450 0.100111 0.75 409 0.360784 0.5 0 0
11460 0.100115 0.916667 409.917 0.356863 0.5 0 0
11470 0.100115 0.916667 409.917 0.360784 0.5 0 0
11480 0.100116 0.916667 410.833 0.360784 0.5 0 0
11490 0.100116 0.916667 410.833 0.360784 0.5 0 0
11500 0.100116 0.916667 411.75 0.360784 0.5 0 0
11510 0.100116 0.916667 411.75 0.356863 0.5 0 0
11520 0.100106 0.75 412.5 0.360784 0.5 0 0
11530 0.100106 0.75 412.5 0.356863 0.5 0 0
11540 0.100096 0.916667 413.417 0.356863 0.5 0 0
11550 0.100096 0.916667 413.417 0.360784 0.5 0 0
11560 0.100094 0.916667 414.333 0.360784 0.5 0 0
11570 0.100094 0.916667 414.333 0.360784 0.5 0 0
11580 0.100095 0.916667 415.25 0.356863 0.5 0 0
11590 0.100095 0.916667 415.25 0.360784 0.5 0 0
11600 0.100095 0.916667 416.167 0.360784 0.5 0 0
11610 0.100095 0.916667 416.167 0.360784 0.5 0 0
11620 0.100094 0.916667 417.083 0.360784 0.5 0 0
11630 0.100094 0.916667 417.083 0.360784 0.5 0 0
11640 0.100094 0.75 417.833 0.356863 0.5 0 0
11650 0.100094 0.75 417.833 0.356863 0.5 0 0
11660 0.100077 0.916667 418.75 0.360784 0.5 0 0
11670 0.100077 0.916667 418.75 0.360784 0.5 0 0
11680 0.100077 0.916667 419.667 0.356863 0.5 0 0
11690 0.100077 0.916667 419.667 0.360784 0.5 0 0
11700 0.100076 0.916667 420.583 0.360784 0.5 0 0
11710 0.100076 0.916667 420.583 0.360784 0.5 0 0
11720 0.100075 0.916667 421.5 0.360784 0.5 0 0
11730 0.100075 0.916667 421.5 0.360784 0.5 0 0
11740 0.100075 0.916667 422.417 0.360784 0.5 0 0
11750 0.100075 0.916667 422.417 0.360784 0.5 0 0
11760 0.100068 0.916667 423.333 0.360784 0.5 0 0
11770 0.100068 0.916667 423.333 0.360784 0.5 0 0
11780 0.100056 0.833333 424.167 0.360784 0.5 0 0
11790 0.100056 0.833333 424.167 0.356863 0.5 0 0
11800 0.100047 0.666667 424.833 0.360784 0.5 0 0
11810 0.100047 0.666667 424.833 0.360784 0.5 0 0
11820 0.100108 0.666667 425.5 0.360784 0.5 0 0
11830 0.100108 0.666667 425.5 0.360784 0.5 0 0
11840 0.100184 0.75 426.25 0.360784 0.5 0 0
11850 0.100184 0.75 426.25 0.360784 0.5 0 0
11860 0.10052 0.75 427 0.360784 0.5 0 0
11870 0.10052 0.75 427 0.360784 0.5 0 0
11880 0.1007 0.75 427.75 0.360784 0.5 0 0
11890 0.1007 0.75 427.75 0.360784 0.5 0 0
11900 0.100742 0.75 428.5 0.360784 0.5 0 0
11910 0.100742 0.75 428.5 0.356863 0.5 0 0
11920 0.100561 0.583333 429.083 0.356863 0.5 0 0
11930 0.100561 0.583333 429.083 0.356863 0.5 0 0
11940 0.0993602 0.666667 429.75 0.352941 0.5 0 0
11950 0.0993602 0.666667 429.75 0.352941 0.5 0 0
11960 0.098048 0.666667 430.417 0.356863 0.5 0 0
11970 0.098048 0.666667 430.417 0.356863 0.5 0 0
11980 0.0979658 0.666667 431.083 0.352941 0.5 0 0
11990 0.0979658 0.666667 431.083 0.352941 0.5 0 0
12000 0.0979658 0.666667 431.75 0.352941 0.5 0 0
12010 0.0979658 0.666667 431.75 0.356863 0.5 0 0
12020 0.0969461 0.666667 432.417 0.356863 0.5 0 0
12030 0.0969461 0.666667 432.417 0.352941 0.5 0 0
12040 0.0968785 0.666667 433.083 0.352941 0.5 0 0
12050 0.0968785 0.666667 433.083 0.352941 0.5 0 0
12060 0.0981885 0.666667 433.75 0.352941 0.5 0 0
12070 0.0981885 0.666667 433.75 0.352941 0.5 0 0
12080 0.0989279 0.666667 434.417 0.356863 0.5 0 0
12090 0.0989279 0.666667 434.417 0.356863 0.5 0 0
12100 0.0989507 0.666667 435.083 0.356863 0.5 0 0
12110 0.0989507 0.666667 435.083 0.356863 0.5 0 0
12120 0.0989507 0.666667 435.75 0.356863 0.5 0 0
12130 0.0989507 0.666667 435.75 0.356863 0.5 0 0
12140 0.0990374 0.75 436.5 0.356863 0.5 0 0
12150 0.0990374 0.75 436.5 0.356863 0.5 0 0
12160 0.0990244 0.666667 437.167 0.360784 0.5 0 0
12170 0.0990244 0.666667 437.167 0.360784 0.5 0 0
12180 0.0987699 0.666667 437.833 0.356863 0.5 0 0
12190 0.0987699 0.666667 437.833 0.356863 0.5 0 0
12200 0.0984737 0.666667 438.5 0.352941 0.5 0 0
12210 0.0984737 0.666667 438.5 0.34902 0.5 0 0
12220 0.0975163 0.666667 439.167 0.345098 0.5 0 0
12230 0.0975163 0.666667 439.167 0.345098 0.5 0 0
12240 0.0969623 0.583333 439.75 0.345098 0.5 0 0
12250 0.0969623 0.583333 439.75 0.352941 0.5 0 0
12260 0.0973035 0.5 440.25 0.352941 0.5 0 0
12270 0.0973035 0.5 440.25 0.352941 0.5 0 0
12280 0.0971778 0.5 440.75 0.352941 0.5 0 0
12290 0.0971778 0.5 440.75 0.352941 0.5 0 0
12300 0.0961942 0.583333 441.333 0.34902 0.5 0 0
12310 0.0961942 0.583333 441.333 0.352941 0.5 0 0
12320 0.0944294 0.583333 441.917 0.34902 0.5 0 0
12330 0.0944294 0.583333 441.917 0.345098 0.5 0 0
12340 0.0927041 0.666667 442.583 0.341176 0.5 0 0
12350 0.0927041 0.666667 442.583 0.341176 0.5 0 0
12360 0.0909282 0.666667 443.25 0.341176 0.5 0 0
12370 0.0909282 0.666667 443.25 0.341176 0.5 0 0
12380 0.0901743 0.666667 443.917 0.341176 0.5 0 0
12390 0.0901743 0.666667 443.917 0.341176 0.5 0 0
12400 0.0901724 0.666667 444.583 0.341176 0.5 0 0
12410 0.0901724 0.666667 444.583 0.341176 0.5 0 0
12420 0.0899039 0.666667 445.25 0.341176 0.5 0 0
12430 0.0899039 0.666667 445.25 0.341176 0.5 0 0
12440 0.0898531 0.5 445.75 0.341176 0.5 0 0
12450 0.0898531 0.5 445.75 0.341176 0.5 0 0
12460 0.089853 0.5 446.25 0.341176 0.5 0 0
12470 0.089853 0.5 446.25 0.341176 0.5 0 0
12480 0.089853 0.5 446.75 0.341176 0.5 0 0
12490 0.089853 0.5 446.75 0.341176 0.5 0 0
12500 0.0898485 0.5 447.25 0.341176 0.5 0 0
12510 0.0898485 0.5 447.25 0.341176 0.5 0 0
12520 0.0898485 0.5 447.75 0.341176 0.5 0 0
12530 0.0898485 0.5 447.75 0.341176 0.5 0 0
12540 0.0898485 0.416667 448.167 0.341176 0.5 0 0
12550 0.0898485 0.416667 448.167 0.341176 0.5 0 0
12560 0.0898485 0.416667 448.583 0.341176 0.5 0 0
12570 0.0898485 0.416667 448.583 0.341176 0.5 0 0
12580 0.0905683 0.416667 449 0.345098 0.5 0 0
12590 0.0905683 0.416667 449 0.345098 0.5 0 0
12600 0.0913666 0.416667 449.417 0.345098 0.5 0 0
12610 0.0913666 0.416667 449.417 0.345098 0.5 0 0
12620 0.0917412 0.416667 449.833 0.345098 0.5 0 0
12630 0.0917412 0.416667 449.833 0.345098 0.5 0 0
12640 0.0928588 0.416667 450.25 0.345098 0.5 0 0
12650 0.0928588 0.416667 450.25 0.34902 0.5 0 0
12660 0.0936122 0.416667 450.667 0.34902 0.5 0 0
12670 0.0936122 0.416667 450.667 0.34902 0.5 0 0
12680 0.0939725 0.416667 451.083 0.34902 0.5 0 0
12690 0.0939725 0.416667 451.083 0.352941 0.5 0 0
12700 0.0940541 0.416667 451.5 0.352941 0.5 0 0
12710 0.0940541 0.416667 451.5 0.352941 0.5 0 0
12720 0.0940475 0.25 451.75 0.352941 0.5 0 0
12730 0.0940475 0.25 451.75 0.352941 0.5 0 0
12740 0.093813 0.416667 452.167 0.34902 0.5 0 0
12750 0.093813 0.416667 452.167 0.34902 0.5 0 0
12760 0.0930625 0.416667 452.583 0.341176 0.5 0 0
12770 0.0930625 0.416667 452.583 0.341176 0.5 0 0
12780 0.0918888 0.25 452.833 0.337255 0.5 0 0
12790 0.0918888 0.25 452.833 0.333333 0.5 0 0
12800 0.0912281 0.25 453.083 0.333333 0.5 0 0
12810 0.0912281 0.25 453.083 0.333333 0.5 0 0
12820 0.09127 0.25 453.333 0.337255 0.5 0 0
12830 0.09127 0.25 453.333 0.337255 0.5 0 0
12840 0.0917474 0.25 453.583 0.337255 0.5 0 0
12850 0.0917474 0.25 453.583 0.337255 0.5 0 0
12860 0.0915608 0.25 453.833 0.337255 0.5 0 0
12870 0.0915608 0.25 453.833 0.337255 0.5 0 0
12880 0.0915105 0.25 454.083 0.337255 0.5 0 0
12890 0.0915105 0.25 454.083 0.341176 0.5 0 0
12900 0.0912989 0.25 454.333 0.341176 0.5 0 0
12910 0.0912989 0.25 454.333 0.341176 0.5 0 0
12920 0.0913605 0.25 454.583 0.345098 0.5 0 0
12930 0.0913605 0.25 454.583 0.345098 0.5 0 0
12940 0.0907631 0.416667 455 0.34902 0.5 0 0
12950 0.0907631 0.416667 455 0.345098 0.5 0 0
12960 0.0903958 0.416667 455.417 0.345098 0.5 0 0
12970 0.0903958 0.416667 455.417 0.341176 0.5 0 0
12980 0.0889505 0.666667 456.083 0.333333 0.5 0 0
12990 0.0889505 0.666667 456.083 0.333333 0.5 0 0
13000 0.0870749 0.666667 456.75 0.333333 0.5 0 0
13010 0.0870749 0.666667 456.75 0.333333 0.5 0 0
13020 0.0863613 0.666667 457.417 0.337255 0.5 0 0
13030 0.0863613 0.666667 457.417 0.333333 0.5 0 0
13040 0.0862609 0.666667 458.083 0.333333 0.5 0 0
13050 0.0862609 0.666667 458.083 0.333333 0.5 0 0
13060 0.0852707 0.583333 458.667 0.337255 0.5 0 0
13070 0.0852707 0.583333 458.667 0.333333 0.5 0 0
13080 0.0840756 0.666667 459.333 0.333333 0.5 0 0
13090 0.0840756 0.666667 459.333 0.337255 0.5 0 0
13100 0.0830337 0.666667 460 0.337255 0.5 0 0
13110 0.0830337 0.666667 460 0.337255 0.5 0 0
13120 0.0826839 0.583333 460.583 0.337255 0.5 0 0
13130 0.0826839 0.583333 460.583 0.337255 0.5 0 0
13140 0.0823391 0.583333 461.167 0.333333 0.5 0 0
13150 0.0823391 0.583333 461.167 0.333333 0.5 0 0
13160 0.082339 0.75 461.917 0.337255 0.5 0 0
13170 0.082339 0.75 461.917 0.337255 0.5 0 0
13180 0.082339 0.75 462.667 0.333333 0.5 0 0
13190 0.082339 0.75 462.667 0.337255 0.5 0 0
13200 0.082339 0.666667 463.333 0.333333 0.5 0 0
13210 0.082339 0.666667 463.333 0.337255 0.5 0 0
13220 0.082339 0.75 464.083 0.337255 0.5 0 0
13230 0.082339 0.75 464.083 0.337255 0.5 0 0
13240 0.082339 0.75 464.833 0.337255 0.5 0 0
13250 0.082339 0.75 464.833 0.337255 0.5 0 0
13260 0.082339 0.75 465.583 0.333333 0.5 0 0
13270 0.082339 0.75 465.583 0.337255 0.5 0 0
13280 0.082339 0.666667 466.25 0.333333 0.5 0 0
13290 0.082339 0.666667 466.25 0.337255 0.5 0 0
13300 0.082339 0.666667 466.917 0.333333 0.5 0 0
13310 0.082339 0.666667 466.917 0.333333 0.5 0 0
13320 0.082339 0.666667 467.583 0.337255 0.5 0 0
13330 0.082339 0.666667 467.583 0.337255 0.5 0 0
13340 0.082339 0.583333 468.167 0.337255 0.5 0 0
13350 0.082339 0.583333 468.167 0.337255 0.5 0 0
13360 0.082339 0.583333 468.75 0.337255 0.5 0 0
13370 0.082339 0.583333 468.75 0.337255 0.5 0 0
13380 0.082339 0.666667 469.417 0.337255 0.5 0 0
13390 0.082339 0.666667 469.417 0.337255 0.5 0 0
13400 0.082339 0.666667 470.083 0.337255 0.5 0 0
13410 0.082339 0.666667 470.083 0.337255 0.5 0 0
13420 0.082339 0.666667 470.75 0.337255 0.5 0 0
13430 0.082339 0.666667 470.75 0.333333 0.5 0 0
13440 0.082339 0.666667 471.417 0.337255 0.5 0 0
13450 0.082339 0.666667 471.417 0.337255 0.5 0 0
13460 0.082339 0.75 472.167 0.337255 0.5 0 0
13470 0.082339 0.75 472.167 0.333333 0.5 0 0
13480 0.082339 0.75 472.917 0.337255 0.5 0 0
13490 0.082339 0.75 472.917 0.333333 0.5 0 0
13500 0.082339 0.75 473.667 0.337255 0.5 0 0
13510 0.082339 0.75 473.667 0.337255 0.5 0 0
13520 0.082339 0.75 474.417 0.337255 0.5 0 0
13530 0.082339 0.75 474.417 0.337255 0.5 0 0
13540 0.082339 0.666667 475.083 0.337255 0.5 0 0
13550 0.082339 0.666667 475.083 0.333333 0.5 0 0
13560 0.082339 0.833333 475.917 0.333333 0.5 0 0
13570 0.082339 0.833333 475.917 0.337255 0.5 0 0
13580 0.082339 0.75 476.667 0.337255 0.5 0 0
13590 0.082339 0.75 476.667 0.337255 0.5 0 0
13600 0.082339 0.416667 477.083 0.333333 0.5 0 0
13610 0.082339 0.416667 477.083 0.337255 0.5 0 0
13620 0.082339 0.416667 477.5 0.333333 0.5 0 0
13630 0.082339 0.416667 477.5 0.337255 0.5 0 0
13640 0.0823783 0.583333 478.083 0.337255 0.5 0 0
13650 0.0823783 0.583333 478.083 0.337255 0.5 0 0
13660 0.083141 0.666667 478.75 0.337255 0.5 0 0
13670 0.083141 0.666667 478.75 0.333333 0.5 0 0
13680 0.0835276 0.666667 479.417 0.337255 0.5 0 0
13690 0.0835276 0.666667 479.417 0.337255 0.5 0 0
13700 0.0844145 0.666667 480.083 0.337255 0.5 0 0
13710 0.0844145 0.666667 480.083 0.337255 0.5 0 0
13720 0.0852314 0.416667 480.5 0.337255 0.5 0 0
13730 0.0852314 0.416667 480.5 0.337255 0.5 0 0
13740 0.0858768 0.333333 480.833 0.337255 0.5 0 0
13750 0.0858768 0.333333 480.833 0.337255 0.5 0 0
13760 0.0863659 0.333333 481.167 0.337255 0.5 0 0
13770 0.0863659 0.333333 481.167 0.337255 0.5 0 0
13780 0.0868614 0.5 481.667 0.337255 0.5 0 0
13790 0.0868614 0.5 481.667 0.337255 0.5 0 0
13800 0.0871243 0.5 482.167 0.337255 0.5 0 0
13810 0.0871243 0.5 482.167 0.337255 0.5 0 0
13820 0.0872496 0.666667 482.833 0.341176 0.5 0 0
13830 0.0872496 0.666667 482.833 0.341176 0.5 0 0
13840 0.0871797 0.583333 483.417 0.341176 0.5 0 0
13850 0.0871797 0.583333 483.417 0.341176 0.5 0 0
13860 0.0869014 0.583333 484 0.341176 0.5 0 0
13870 0.0869014 0.583333 484 0.337255 0.5 0 0
13880 0.0859832 0.583333 484.583 0.333333 0.5 0 0
13890 0.0859832 0.583333 484.583 0.333333 0.5 0 0
13900 0.0848418 0.416667 485 0.333333 0.5 0 0
13910 0.0848418 0.416667 485 0.333333 0.5 0 0
13920 0.0842612 0.583333 485.583 0.337255 0.5 0 0
13930 0.0842612 0.583333 485.583 0.333333 0.5 0 0
13940 0.0836889 0.75 486.333 0.333333 0.5 0 0
13950 0.0836889 0.75 486.333 0.333333 0.5 0 0
13960 0.0830997 0.75 487.083 0.333333 0.5 0 0
13970 0.0830997 0.75 487.083 0.337255 0.5 0 0
13980 0.0824419 0.75 487.833 0.333333 0.5 0 0
13990 0.0824419 0.75 487.833 0.337255 0.5 0 0
14000 0.0816104 0.75 488.583 0.337255 0.5 0 0
14010 0.0816104 0.75 488.583 0.333333 0.5 0 0
14020 0.0813623 0.75 489.333 0.333333 0.5 0 0
14030 0.0813623 0.75 489.333 0.333333 0.5 0 0
14040 0.0811027 0.833333 490.167 0.333333 0.5 0 0
14050 0.0811027 0.833333 490.167 0.333333 0.5 0 0
14060 0.0811012 0.916667 491.083 0.333333 0.5 0 0
14070 0.0811012 0.916667 491.083 0.333333 0.5 0 0
14080 0.0811012 0.916667 492 0.337255 0.5 0 0
14090 0.0811012 0.916667 492 0.333333 0.5 0 0
14100 0.0811012 0.916667 492.917 0.333333 0.5 0 0
14110 0.0811012 0.916667 492.917 0.333333 0.5 0 0
14120 0.0811012 0.916667 493.833 0.333333 0.5 0 0
14130 0.0811012 0.916667 493.833 0.333333 0.5 0 0
14140 0.0811012 0.916667 494.75 0.333333 0.5 0 0
14150 0.0811012 0.916667 494.75 0.333333 0.5 0 0
14160 0.0811012 0.666667 495.417 0.333333 0.5 0 0
14170 0.0811012 0.666667 495.417 0.333333 0.5 0 0
14180 0.0811012 0.833333 496.25 0.333333 0.5 0 0
14190 0.0811012 0.833333 496.25 0.333333 0.5 0 0
14200 0.0811012 0.833333 497.083 0.333333 0.5 0 0
14210 0.0811012 0.833333 497.083 0.333333 0.5 0 0
14220 0.0811012 0.833333 497.917 0.333333 0.5 0 0
14230 0.0811012 0.833333 497.917 0.337255 0.5 0 0
14240 0.0811012 0.833333 498.75 0.333333 0.5 0 0
14250 0.0811012 0.833333 498.75 0.333333 0.5 0 0
14260 0.0811012 0.75 499.5 0.333333 0.5 0 0
14270 0.0811012 0.75 499.5 0.333333 0.5 0 0
14280 0.0811012 0.75 500.25 0.333333 0.5 0 0
14290 0.0811012 0.75 500.25 0.333333 0.5 0 0
14300 0.0811012 0.75 501 0.333333 0.5 0 0
14310 0.0811012 0.75 501 0.333333 0.5 0 0
14320 0.0811012 0.833333 501.833 0.333333 0.5 0 0
14330 0.0811012 0.833333 501.833 0.337255 0.5 0 0
14340 0.0811012 0.833333 502.667 0.337255 0.5 0 0
14350 0.0811012 0.833333 502.667 0.333333 0.5 0 0
14360 0.0811012 0.75 503.417 0.337255 0.5 0 0
14370 0.0811012 0.75 503.417 0.337255 0.5 0 0
14380 0.0811012 0.75 504.167 0.333333 0.5 0 0
14390 0.0811012 0.75 504.167 0.333333 0.5 0 0
14400 0.0811012 0.833333 505 0.333333 0.5 0 0
14410 0.0811012 0.833333 505 0.333333 0.5 0 0
14420 0.0811012 0.833333 505.833 0.333333 0.5 0 0
14430 0.0811012 0.833333 505.833 0.333333 0.5 0 0
14440 0.0811012 0.833333 506.667 0.333333 0.5 0 0
14450 0.0811012 0.833333 506.667 0.333333 0.5 0 0
14460 0.0811012 0.833333 507.5 0.333333 0.5 0 0
14470 0.0811012 0.833333 507.5 0.333333 0.5 0 0
14480 0.0811012 0.833333 508.333 0.333333 0.5 0 0
14490 0.0811012 0.833333 508.333 0.333333 0.5 0 0
14500 0.0811012 0.833333 509.167 0.333333 0.5 0 0
14510 0.0811012 0.833333 509.167 0.333333 0.5 0 0
14520 0.0811012 0.916667 510.083 0.333333 0.5 0 0
14530 0.0811012 0.916667 510.083 0.333333 0.5 0 0
14540 0.0811012 0.916667 511 0.333333 0.5 0 0
14550 0.0811012 0.916667 511 0.333333 0.5 0 0
14560 0.0811012 0.916667 511.917 0.333333 0.5 0 0
14570 0.0811012 0.916667 511.917 0.333333 0.5 0 0
14580 0.0811012 1 512.917 0.333333 0.5 0 0
14590 0.0811012 1 512.917 0.337255 0.5 0 0
14600 0.0811012 1 513.917 0.333333 0.5 0 0
14610 0.0811012 1 513.917 0.333333 0.5 0 0
14620 0.0811012 0.916667 514.833 0.333333 0.5 0 0
14630 0.0811012 0.916667 514.833 0.333333 0.5 0 0
14640 0.0811012 1 515.833 0.337255 0.5 0 0
14650 0.0811012 1 515.833 0.333333 0.5 0 0
14660 0.0811012 0.916667 516.75 0.333333 0.5 0 0
14670 0.0811012 0.916667 516.75 0.337255 0.5 0 0
14680 0.0811012 0.833333 517.583 0.333333 0.5 0 0
14690 0.0811012 0.833333 517.583 0.333333 0.5 0 0
14700 0.0811012 0.916667 518.5 0.337255 0.5 0 0
14710 0.0811012 0.916667 518.5 0.333333 0.5 0 0
14720 0.0811012 0.916667 519.417 0.333333 0.5 0 0
14730 0.0811012 0.916667 519.417 0.333333 0.5 0 0
14740 0.0811012 0.916667 520.333 0.333333 0.5 0 0
14750 0.0811012 0.916667 520.333 0.333333 0.5 0 0
14760 0.0811012 0.75 521.083 0.333333 0.5 0 0
14770 0.0811012 0.75 521.083 0.337255 0.5 0 0
14780 0.0811012 0.666667 521.75 0.333333 0.5 0 0
14790 0.0811012 0.666667 521.75 0.333333 0.5 0 0
14800 0.0810932 0.833333 522.583 0.333333 0.5 0 0
14810 0.0810932 0.833333 522.583 0.337255 0.5 0 0
14820 0.0810932 0.833333 523.417 0.333333 0.5 0 0
14830 0.0810932 0.833333 523.417 0.337255 0.5 0 0
14840 0.0810932 0.833333 524.25 0.333333 0.5 0 0
14850 0.0810932 0.833333 524.25 0.333333 0.5 0 0
14860 0.0810932 0.833333 525.083 0.333333 0.5 0 0
14870 0.0810932 0.833333 525.083 0.333333 0.5 0 0
14880 0.0810932 0.833333 525.917 0.333333 0.5 0 0
14890 0.0810932 0.833333 525.917 0.333333 0.5 0 0
14900 0.0810785 0.666667 526.583 0.333333 0.5 0 0
14910 0.0810785 0.666667 526.583 0.333333 0.5 0 0
14920 0.0810472 0.833333 527.417 0.333333 0.5 0 0
14930 0.0810472 0.833333 527.417 0.333333 0.5 0 0
14940 0.0810281 1 528.417 0.333333 0.5 0 0
14950 0.0810281 1 528.417 0.333333 0.5 0 0
14960 0.0810276 1 529.417 0.333333 0.5 0 0
14970 0.0810276 1 529.417 0.333333 0.5 0 0
14980 0.0810247 1 530.417 0.333333 0.5 0 0
14990 0.0810247 1 530.417 0.333333 0.5 0 0
15000 0.0810247 1 531.417 0.333333 0.5 0 0
15010 0.0810247 1 531.417 0.333333 0.5 0 0
15020 0.0810247 0.833333 532.25 0.333333 0.5 0 0
15030 0.0810247 0.833333 532.25 0.333333 0.5 0 0
15040 0.0810247 0.833333 533.083 0.333333 0.5 0 0
15050 0.0810247 0.833333 533.083 0.333333 0.5 0 0
15060 0.0810247 0.833333 533.917 0.333333 0.5 0 0
15070 0.0810247 0.833333 533.917 0.337255 0.5 0 0
15080 0.0810238 0.833333 534.75 0.333333 0.5 0 0
15090 0.0810238 0.833333 534.75 0.333333 0.5 0 0
15100 0.0810216 0.666667 535.417 0.333333 0.5 0 0
15110 0.0810216 0.666667 535.417 0.333333 0.5 0 0
15120 0.0810209 0.833333 536.25 0.337255 0.5 0 0
15130 0.0810209 0.833333 536.25 0.337255 0.5 0 0
15140 0.0810198 1 537.25 0.333333 0.5 0 0
15150 0.0810198 1 537.25 0.333333 0.5 0 0
15160 0.0810198 0.916667 538.167 0.337255 0.5 0 0
15170 0.0810198 0.916667 538.167 0.337255 0.5 0 0
15180 0.0810196 1 539.167 0.333333 0.5 0 0
15190 0.0810196 1 539.167 0.333333 0.5 0 0
15200 0.081019 1 540.167 0.333333 0.5 0 0
15210 0.081019 1 540.167 0.333333 0.5 0 0
15220 0.0810167 1 541.167 0.333333 0.5 0 0
15230 0.0810167 1 541.167 0.333333 0.5 0 0
15240 0.0810154 0.916667 542.083 0.333333 0.5 0 0
15250 0.0810154 0.916667 542.083 0.333333 0.5 0 0
15260 0.0810147 0.916667 543 0.333333 0.5 0 0
15270 0.0810147 0.916667 543 0.333333 0.5 0 0
15280 0.0810147 0.916667 543.917 0.333333 0.5 0 0
15290 0.0810147 0.916667 543.917 0.333333 0.5 0 0
15300 0.0810147 0.916667 544.833 0.333333 0.5 0 0
15310 0.0810147 0.916667 544.833 0.333333 0.5 0 0
15320 0.0810138 0.916667 545.75 0.333333 0.5 0 0
15330 0.0810138 0.916667 545.75 0.333333 0.5 0 0
15340 0.081012 0.916667 546.667 0.333333 0.5 0 0
15350 0.081012 0.916667 546.667 0.333333 0.5 0 0
15360 0.0810102 0.916667 547.583 0.333333 0.5 0 0
15370 0.0810102 0.916667 547.583 0.333333 0.5 0 0
15380 0.0810102 0.833333 548.417 0.333333 0.5 0 0
15390 0.0810102 0.833333 548.417 0.333333 0.5 0 0
15400 0.0810102 0.75 549.167 0.333333 0.5 0 0
15410 0.0810102 0.75 549.167 0.337255 0.5 0 0
15420 0.0810094 0.75 549.917 0.333333 0.5 0 0
15430 0.0810094 0.75 549.917 0.333333 0.5 0 0
15440 0.0810091 0.75 550.667 0.333333 0.5 0 0
15450 0.0810091 0.75 550.667 0.337255 0.5 0 0
15460 0.0810067 0.916667 551.583 0.333333 0.5 0 0
15470 0.0810067 0.916667 551.583 0.333333 0.5 0 0
15480 0.0810056 0.916667 552.5 0.337255 0.5 0 0
15490 0.0810056 0.916667 552.5 0.333333 0.5 0 0
15500 0.0810054 0.916667 553.417 0.333333 0.5 0 0
15510 0.0810054 0.916667 553.417 0.337255 0.5 0 0
15520 0.0810054 0.916667 554.333 0.333333 0.5 0 0
15530 0.0810054 0.916667 554.333 0.333333 0.5 0 0
15540 0.0810046 0.916667 555.25 0.333333 0.5 0 0
15550 0.0810046 0.916667 555.25 0.337255 0.5 0 0
15560 0.0810031 0.916667 556.167 0.333333 0.5 0 0
15570 0.0810031 0.916667 556.167 0.337255 0.5 0 0
15580 0.0810018 0.916667 557.083 0.333333 0.5 0 0
15590 0.0810018 0.916667 557.083 0.333333 0.5 0 0
15600 0.0810008 0.833333 557.917 0.333333 0.5 0 0
15610 0.0810008 0.833333 557.917 0.333333 0.5 0 0
15620 0.0810004 0.916667 558.833 0.333333 0.5 0 0
15630 0.0810004 0.916667 558.833 0.333333 0.5 0 0
15640 0.0810004 0.916667 559.75 0.333333 0.5 0 0
15650 0.0810004 0.916667 559.75 0.333333 0.5 0 0
15660 0.0810001 0.916667 560.667 0.333333 0.5 0 0
15670 0.0810001 0.916667 560.667 0.337255 0.5 0 0
15680 0.080999 0.916667 561.583 0.333333 0.5 0 0
15690 0.080999 0.916667 561.583 0.333333 0.5 0 0
15700 0.0809969 0.916667 562.5 0.333333 0.5 0 0
15710 0.0809969 0.916667 562.5 0.333333 0.5 0 0
15720 0.0809956 0.916667 563.417 0.333333 0.5 0 0
15730 0.0809956 0.916667 563.417 0.333333 0.5 0 0
15740 0.0809954 0.916667 564.333 0.333333 0.5 0 0
15750 0.0809954 0.916667 564.333 0.333333 0.5 0 0
15760 0.0809954 0.75 565.083 0.337255 0.5 0 0
15770 0.0809954 0.75 565.083 0.333333 0.5 0 0
15780 0.0809951 0.75 565.833 0.333333 0.5 0 0
15790 0.0809951 0.75 565.833 0.333333 0.5 0 0
15800 0.0809942 0.75 566.583 0.333333 0.5 0 0
15810 0.0809942 0.75 566.583 0.333333 0.5 0 0
15820 0.0809922 0.75 567.333 0.337255 0.5 0 0
15830 0.0809922 0.75 567.333 0.333333 0.5 0 0
15840 0.0809909 0.583333 567.917 0.333333 0.5 0 0
15850 0.0809909 0.583333 567.917 0.333333 0.5 0 0
15860 0.0809909 0.583333 568.5 0.333333 0.5 0 0
15870 0.0809909 0.583333 568.5 0.337255 0.5 0 0
15880 0.0809909 0.583333 569.083 0.333333 0.5 0 0
15890 0.0809909 0.583333 569.083 0.333333 0.5 0 0
15900 0.0809909 0.583333 569.667 0.337255 0.5 0 0
15910 0.0809909 0.583333 569.667 0.333333 0.5 0 0
15920 0.0809897 0.583333 570.25 0.337255 0.5 0 0
15930 0.0809897 0.583333 570.25 0.333333 0.5 0 0
15940 0.080987 0.75 571 0.337255 0.5 0 0
15950 0.080987 0.75 571 0.333333 0.5 0 0
15960 0.080987 0.75 571.75 0.333333 0.5 0 0
15970 0.080987 0.75 571.75 0.337255 0.5 0 0
15980 0.080987 0.75 572.5 0.333333 0.5 0 0
15990 0.080987 0.75 572.5 0.333333 0.5 0 0
16000 0.0814369 0.75 573.25 0.333333 0.5 0 0
16010 0.0814369 0.75 573.25 0.333333 0.5 0 0
16020 0.0820426 0.75 574 0.333333 0.5 0 0
16030 0.0820426 0.75 574 0.333333 0.5 0 0
16040 0.0829023 0.75 574.75 0.337255 0.5 0 0
16050 0.0829023 0.75 574.75 0.333333 0.5 0 0
16060 0.0831721 0.583333 575.333 0.333333 0.5 0 0
16070 0.0831721 0.583333 575.333 0.337255 0.5 0 0
16080 0.0838665 0.75 576.083 0.337255 0.5 0 0
16090 0.0838665 0.75 576.083 0.333333 0.5 0 0
16100 0.0845703 0.75 576.833 0.333333 0.5 0 0
16110 0.0845703 0.75 576.833 0.333333 0.5 0 0
16120 0.085337 0.75 577.583 0.337255 0.5 0 0
16130 0.085337 0.75 577.583 0.337255 0.5 0 0
16140 0.085556 0.75 578.333 0.337255 0.5 0 0
16150 0.085556 0.75 578.333 0.337255 0.5 0 0
16160 0.0855573 0.75 579.083 0.341176 0.5 0 0
16170 0.0855573 0.75 579.083 0.337255 0.5 0 0
16180 0.0855123 0.583333 579.667 0.337255 0.5 0 0
16190 0.0855123 0.583333 579.667 0.337255 0.5 0 0
16200 0.0854669 0.666667 580.333 0.337255 0.5 0 0
16210 0.0854669 0.666667 580.333 0.337255 0.5 0 0
16220 0.085342 0.666667 581 0.341176 0.5 0 0
16230 0.085342 0.666667 581 0.341176 0.5 0 0
16240 0.0851903 0.666667 581.667 0.345098 0.5 0 0
16250 0.0851903 0.666667 581.667 0.341176 0.5 0 0
16260 0.0848919 0.666667 582.333 0.341176 0.5 0 0
16270 0.0848919 0.666667 582.333 0.337255 0.5 0 0
16280 0.0843078 0.666667 583 0.32549 0.5 0 0
16290 0.0843078 0.666667 583 0.317647 0.5 0 0
16300 0.0833251 0.583333 583.583 0.317647 0.5 0 0
16310 0.0833251 0.583333 583.583 0.321569 0.5 0 0
16320 0.0835473 0.583333 584.167 0.333333 0.5 0 0
16330 0.0835473 0.583333 584.167 0.34902 0.5 0 0
16340 0.0834703 0.75 584.917 0.345098 0.5 0 0
16350 0.0834703 0.75 584.917 0.341176 0.5 0 0
16360 0.0833872 0.583333 585.5 0.341176 0.5 0 0
16370 0.0833872 0.583333 585.5 0.32549 0.5 0 0
16380 0.0825432 0.583333 586.083 0.321569 0.5 0 0
16390 0.0825432 0.583333 586.083 0.32549 0.5 0 0
16400 0.0812619 0.583333 586.667 0.321569 0.5 0 0
16410 0.0812619 0.583333 586.667 0.321569 0.5 0 0
16420 0.0810869 0.583333 587.25 0.32549 0.5 0 0
16430 0.0810869 0.583333 587.25 0.321569 0.5 0 0
16440 0.0811135 0.583333 587.833 0.321569 0.5 0 0
16450 0.0811135 0.583333 587.833 0.32549 0.5 0 0
16460 0.0817701 0.583333 588.417 0.333333 0.5 0 0
16470 0.0817701 0.583333 588.417 0.333333 0.5 0 0
16480 0.0819056 0.583333 589 0.337255 0.5 0 0
16490 0.0819056 0.583333 589 0.337255 0.5 0 0
16500 0.0819058 0.583333 589.583 0.333333 0.5 0 0
16510 0.0819058 0.583333 589.583 0.333333 0.5 0 0
16520 0.0815269 0.5 590.083 0.333333 0.5 0 0
16530 0.0815269 0.5 590.083 0.329412 0.5 0 0
16540 0.0796869 0.5 590.583 0.317647 0.5 0 0
16550 0.0796869 0.5 590.583 0.321569 0.5 0 0
16560 0.0783585 0.5 591.083 0.321569 0.5 0 0
16570 0.0783585 0.5 591.083 0.32549 0.5 0 0
16580 0.0782062 0.5 591.583 0.32549 0.5 0 0
16590 0.0782062 0.5 591.583 0.32549 0.5 0 0
16600 0.0782062 0.5 592.083 0.32549 0.5 0 0
16610 0.0782062 0.5 592.083 0.329412 0.5 0 0
16620 0.0782062 0.5 592.583 0.32549 0.5 0 0
16630 0.0782062 0.5 592.583 0.32549 0.5 0 0
16640 0.0777987 0.5 593.083 0.32549 0.5 0 0
16650 0.0777987 0.5 593.083 0.32549 0.5 0 0
16660 0.0771064 0.416667 593.5 0.32549 0.5 0 0
16670 0.0771064 0.416667 593.5 0.32549 0.5 0 0
16680 0.076631 0.416667 593.917 0.32549 0.5 0 0
16690 0.076631 0.416667 593.917 0.32549 0.5 0 0
16700 0.0765609 0.416667 594.333 0.32549 0.5 0 0
16710 0.0765609 0.416667 594.333 0.32549 0.5 0 0
16720 0.076456 0.5 594.833 0.32549 0.5 0 0
16730 0.076456 0.5 594.833 0.32549 0.5 0 0
16740 0.0764469 0.5 595.333 0.32549 0.5 0 0
16750 0.0764469 0.5 595.333 0.32549 0.5 0 0
16760 0.0762427 0.5 595.833 0.32549 0.5 0 0
16770 0.0762427 0.5 595.833 0.32549 0.5 0 0
16780 0.0762427 0.5 596.333 0.32549 0.5 0 0
16790 0.0762427 0.5 596.333 0.32549 0.5 0 0
16800 0.0762427 0.583333 596.917 0.32549 0.5 0 0
16810 0.0762427 0.583333 596.917 0.32549 0.5 0 0
16820 0.0763491 0.583333 597.5 0.32549 0.5 0 0
16830 0.0763491 0.583333 597.5 0.32549 0.5 0 0
16840 0.0776598 0.583333 598.083 0.32549 0.5 0 0
16850 0.0776598 0.583333 598.083 0.32549 0.5 0 0
16860 0.0783477 0.583333 598.667 0.32549 0.5 0 0
16870 0.0783477 0.583333 598.667 0.32549 0.5 0 0
16880 0.0788863 0.583333 599.25 0.32549 0.5 0 0
16890 0.0788863 0.583333 599.25 0.32549 0.5 0 0
16900 0.0794706 0.583333 599.833 0.32549 0.5 0 0
16910 0.0794706 0.583333 599.833 0.32549 0.5 0 0
16920 0.0800946 0.583333 600.417 0.32549 0.5 0 0
16930 0.0800946 0.583333 600.417 0.321569 0.5 0 0
16940 0.0810377 0.583333 601 0.32549 0.5 0 0
16950 0.0810377 0.583333 601 0.329412 0.5 0 0
16960 0.0818684 0.5 601.5 0.329412 0.5 0 0
16970 0.0818684 0.5 601.5 0.329412 0.5 0 0
16980 0.0819833 0.583333 602.083 0.333333 0.5 0 0
16990 0.0819833 0.583333 602.083 0.333333 0.5 0 0
17000 0.0819855 0.583333 602.667 0.333333 0.5 0 0
17010 0.0819855 0.583333 602.667 0.333333 0.5 0 0
17020 0.0817782 0.583333 603.25 0.333333 0.5 0 0
17030 0.0817782 0.583333 603.25 0.333333 0.5 0 0
17040 0.0813939 0.583333 603.833 0.329412 0.5 0 0
17050 0.0813939 0.583333 603.833 0.32549 0.5 0 0
17060 0.0802738 0.583333 604.417 0.321569 0.5 0 0
17070 0.0802738 0.583333 604.417 0.313725 0.5 0 0
17080 0.0791204 0.5 604.917 0.317647 0.5 0 0
17090 0.0791204 0.5 604.917 0.321569 0.5 0 0
17100 0.0786028 0.75 605.667 0.321569 0.5 0 0
17110 0.0786028 0.75 605.667 0.32549 0.5 0 0
17120 0.0785905 0.75 606.417 0.321569 0.5 0 0
17130 0.0785905 0.75 606.417 0.329412 0.5 0 0
17140 0.0789853 0.75 607.167 0.32549 0.5 0 0
17150 0.0789853 0.75 607.167 0.309804 0.5 0 0
17160 0.0781771 0.75 607.917 0.313725 0.5 0 0
17170 0.0781771 0.75 607.917 0.313725 0.5 0 0
17180 0.0781281 0.75 608.667 0.313725 0.5 0 0
17190 0.0781281 0.75 608.667 0.317647 0.5 0 0
17200 0.0776165 0.75 609.417 0.317647 0.5 0 0
17210 0.0776165 0.75 609.417 0.317647 0.5 0 0
17220 0.0776158 0.583333 610 0.317647 0.5 0 0
17230 0.0776158 0.583333 610 0.321569 0.5 0 0
17240 0.077457 0.583333 610.583 0.321569 0.5 0 0
17250 0.077457 0.583333 610.583 0.32549 0.5 0 0
17260 0.0769968 0.583333 611.167 0.321569 0.5 0 0
17270 0.0769968 0.583333 611.167 0.321569 0.5 0 0
17280 0.0769351 0.666667 611.833 0.321569 0.5 0 0
17290 0.0769351 0.666667 611.833 0.317647 0.5 0 0
17300 0.0761428 0.666667 612.5 0.313725 0.5 0 0
17310 0.0761428 0.666667 612.5 0.309804 0.5 0 0
17320 0.0749227 0.666667 613.167 0.309804 0.5 0 0
17330 0.0749227 0.666667 613.167 0.317647 0.5 0 0
17340 0.0742651 0.583333 613.75 0.317647 0.5 0 0
17350 0.0742651 0.583333 613.75 0.317647 0.5 0 0
17360 0.0742553 0.666667 614.417 0.317647 0.5 0 0
17370 0.0742553 0.666667 614.417 0.317647 0.5 0 0
17380 0.0742553 0.666667 615.083 0.317647 0.5 0 0
17390 0.0742553 0.666667 615.083 0.317647 0.5 0 0
17400 0.0736448 0.666667 615.75 0.317647 0.5 0 0
17410 0.0736448 0.666667 615.75 0.317647 0.5 0 0
17420 0.072986 0.666667 616.417 0.317647 0.5 0 0
17430 0.072986 0.666667 616.417 0.317647 0.5 0 0
17440 0.0729545 0.666667 617.083 0.317647 0.5 0 0
17450 0.0729545 0.666667 617.083 0.317647 0.5 0 0
17460 0.0727876 0.75 617.833 0.317647 0.5 0 0
17470 0.0727876 0.75 617.833 0.317647 0.5 0 0
17480 0.0726223 0.75 618.583 0.317647 0.5 0 0
17490 0.0726223 0.75 618.583 0.317647 0.5 0 0
17500 0.0726222 0.833333 619.417 0.317647 0.5 0 0
17510 0.0726222 0.833333 619.417 0.317647 0.5 0 0
17520 0.0726222 0.833333 620.25 0.317647 0.5 0 0
17530 0.0726222 0.833333 620.25 0.317647 0.5 0 0
17540 0.0726222 0.666667 620.917 0.317647 0.5 0 0
17550 0.0726222 0.666667 620.917 0.317647 0.5 0 0
17560 0.0726222 0.75 621.667 0.317647 0.5 0 0
17570 0.0726222 0.75 621.667 0.317647 0.5 0 0
17580 0.0726222 0.75 622.417 0.317647 0.5 0 0
17590 0.0726222 0.75 622.417 0.317647 0.5 0 0
17600 0.0726222 0.833333 623.25 0.317647 0.5 0 0
17610 0.0726222 0.833333 623.25 0.317647 0.5 0 0
17620 0.0726222 0.833333 624.083 0.317647 0.5 0 0
17630 0.0726222 0.833333 624.083 0.317647 0.5 0 0
17640 0.0726222 0.833333 624.917 0.317647 0.5 0 0
17650 0.0726222 0.833333 624.917 0.317647 0.5 0 0
17660 0.0726222 0.833333 625.75 0.317647 0.5 0 0
17670 0.0726222 0.833333 625.75 0.317647 0.5 0 0
17680 0.0726222 0.75 626.5 0.317647 0.5 0 0
17690 0.0726222 0.75 626.5 0.317647 0.5 0 0
17700 0.0726222 0.833333 627.333 0.317647 0.5 0 0
17710 0.0726222 0.833333 627.333 0.317647 0.5 0 0
17720 0.0726222 0.916667 628.25 0.317647 0.5 0 0
17730 0.0726222 0.916667 628.25 0.317647 0.5 0 0
17740 0.0726222 0.916667 629.167 0.317647 0.5 0 0
17750 0.0726222 0.916667 629.167 0.317647 0.5 0 0
17760 0.0726222 0.916667 630.083 0.317647 0.5 0 0
17770 0.0726222 0.916667 630.083 0.317647 0.5 0 0
17780 0.0726222 0.916667 631 0.317647 0.5 0 0
17790 0.0726222 0.916667 631 0.317647 0.5 0 0
17800 0.0726222 0.916667 631.917 0.317647 0.5 0 0
17810 0.0726222 0.916667 631.917 0.317647 0.5 0 0
17820 0.0726222 0.916667 632.833 0.317647 0.5 0 0
17830 0.0726222 0.916667 632.833 0.317647 0.5 0 0
17840 0.0726222 0.916667 633.75 0.317647 0.5 0 0
17850 0.0726222 0.916667 633.75 0.317647 0.5 0 0
17860 0.0726222 0.75 634.5 0.317647 0.5 0 0
17870 0.0726222 0.75 634.5 0.317647 0.5 0 0
17880 0.0726222 0.75 635.25 0.317647 0.5 0 0
17890 0.0726222 0.75 635.25 0.317647 0.5 0 0
17900 0.0726222 0.75 636 0.317647 0.5 0 0
17910 0.0726222 0.75 636 0.317647 0.5 0 0
17920 0.0726222 0.75 636.75 0.317647 0.5 0 0
17930 0.0726222 0.75 636.75 0.317647 0.5 0 0
17940 0.0726222 0.75 637.5 0.317647 0.5 0 0
17950 0.0726222 0.75 637.5 0.317647 0.5 0 0
17960 0.0726222 0.916667 638.417 0.317647 0.5 0 0
17970 0.0726222 0.916667 638.417 0.317647 0.5 0 0
17980 0.0726222 0.916667 639.333 0.317647 0.5 0 0
17990 0.0726222 0.916667 639.333 0.317647 0.5 0 0
18000 0.0726222 1 640.333 0.317647 0.5 0 0
18010 0.0726222 1 640.333 0.317647 0.5 0 0
18020 0.0726222 1 641.333 0.317647 0.5 0 0
18030 0.0726222 1 641.333 0.317647 0.5 0 0
18040 0.0726222 1 642.333 0.317647 0.5 0 0
18050 0.0726222 1 642.333 0.317647 0.5 0 0
18060 0.0726222 1 643.333 0.317647 0.5 0 0
18070 0.0726222 1 643.333 0.321569 0.5 0 0
18080 0.0726222 1 644.333 0.321569 0.5 0 0
18090 0.0726222 1 644.333 0.317647 0.5 0 0
18100 0.0726222 1 645.333 0.317647 0.5 0 0
18110 0.0726222 1 645.333 0.317647 0.5 0 0
18120 0.0726222 0.916667 646.25 0.317647 0.5 0 0
18130 0.0726222 0.916667 646.25 0.317647 0.5 0 0
18140 0.0726222 0.833333 647.083 0.317647 0.5 0 0
18150 0.0726222 0.833333 647.083 0.317647 0.5 0 0
18160 0.0726222 0.916667 648 0.317647 0.5 0 0
18170 0.0726222 0.916667 648 0.317647 0.5 0 0
18180 0.0726222 0.916667 648.917 0.317647 0.5 0 0
18190 0.0726222 0.916667 648.917 0.317647 0.5 0 0
18200 0.0726222 0.916667 649.833 0.317647 0.5 0 0
18210 0.0726222 0.916667 649.833 0.317647 0.5 0 0
18220 0.0726222 0.916667 650.75 0.317647 0.5 0 0
18230 0.0726222 0.916667 650.75 0.317647 0.5 0 0
18240 0.0726222 0.916667 651.667 0.317647 0.5 0 0
18250 0.0726222 0.916667 651.667 0.317647 0.5 0 0
18260 0.0726222 0.666667 652.333 0.317647 0.5 0 0
18270 0.0726222 0.666667 652.333 0.317647 0.5 0 0
18280 0.0726222 0.666667 653 0.317647 0.5 0 0
18290 0.0726222 0.666667 653 0.317647 0.5 0 0
18300 0.0726222 0.833333 653.833 0.317647 0.5 0 0
18310 0.0726222 0.833333 653.833 0.317647 0.5 0 0
18320 0.0726222 0.833333 654.667 0.317647 0.5 0 0
18330 0.0726222 0.833333 654.667 0.317647 0.5 0 0
18340 0.0726222 0.833333 655.5 0.317647 0.5 0 0
18350 0.0726222 0.833333 655.5 0.317647 0.5 0 0
18360 0.0726222 0.833333 656.333 0.317647 0.5 0 0
18370 0.0726222 0.833333 656.333 0.317647 0.5 0 0
18380 0.0726222 0.833333 657.167 0.317647 0.5 0 0
18390 0.0726222 0.833333 657.167 0.317647 0.5 0 0
18400 0.0726222 0.833333 658 0.317647 0.5 0 0
18410 0.0726222 0.833333 658 0.317647 0.5 0 0
18420 0.0726222 0.833333 658.833 0.317647 0.5 0 0
18430 0.0726222 0.833333 658.833 0.317647 0.5 0 0
18440 0.0726222 0.833333 659.667 0.321569 0.5 0 0
18450 0.0726222 0.833333 659.667 0.317647 0.5 0 0
18460 0.0726222 0.916667 660.583 0.317647 0.5 0 0
18470 0.0726222 0.916667 660.583 0.317647 0.5 0 0
18480 0.0726222 0.833333 661.417 0.317647 0.5 0 0
18490 0.0726222 0.833333 661.417 0.317647 0.5 0 0
18500 0.0726222 0.75 662.167 0.317647 0.5 0 0
18510 0.0726222 0.75 662.167 0.317647 0.5 0 0
18520 0.0726222 0.75 662.917 0.317647 0.5 0 0
18530 0.0726222 0.75 662.917 0.317647 0.5 0 0
18540 0.0726222 0.833333 663.75 0.317647 0.5 0 0
18550 0.0726222 0.833333 663.75 0.317647 0.5 0 0
18560 0.0726222 1 664.75 0.317647 0.5 0 0
18570 0.0726222 1 664.75 0.317647 0.5 0 0
18580 0.0726222 1 665.75 0.317647 0.5 0 0
18590 0.0726222 1 665.75 0.313725 0.5 0 0
18600 0.0726222 1 666.75 0.317647 0.5 0 0
18610 0.0726222 1 666.75 0.317647 0.5 0 0
18620 0.0726222 1 667.75 0.317647 0.5 0 0
18630 0.0726222 1 667.75 0.317647 0.5 0 0
18640 0.0726222 1 668.75 0.317647 0.5 0 0
18650 0.0726222 1 668.75 0.317647 0.5 0 0
18660 0.0726222 0.666667 669.417 0.317647 0.5 0 0
18670 0.0726222 0.666667 669.417 0.317647 0.5 0 0
18680 0.0726222 0.583333 670 0.317647 0.5 0 0
18690 0.0726222 0.583333 670 0.317647 0.5 0 0
18700 0.0726222 0.666667 670.667 0.317647 0.5 0 0
18710 0.0726222 0.666667 670.667 0.317647 0.5 0 0
18720 0.0726222 0.75 671.417 0.317647 0.5 0 0
18730 0.0726222 0.75 671.417 0.317647 0.5 0 0
18740 0.0726222 0.75 672.167 0.317647 0.5 0 0
18750 0.0726222 0.75 672.167 0.317647 0.5 0 0
18760 0.0726222 0.833333 673 0.321569 0.5 0 0
18770 0.0726222 0.833333 673 0.317647 0.5 0 0
18780 0.0726222 0.833333 673.833 0.317647 0.5 0 0
18790 0.0726222 0.833333 673.833 0.317647 0.5 0 0
18800 0.0726222 0.833333 674.667 0.317647 0.5 0 0
18810 0.0726222 0.833333 674.667 0.317647 0.5 0 0
18820 0.0726222 0.75 675.417 0.317647 0.5 0 0
18830 0.0726222 0.75 675.417 0.317647 0.5 0 0
18840 0.0726222 0.666667 676.083 0.317647 0.5 0 0
18850 0.0726222 0.666667 676.083 0.317647 0.5 0 0
18860 0.0726222 0.75 676.833 0.317647 0.5 0 0
18870 0.0726222 0.75 676.833 0.317647 0.5 0 0
18880 0.0726222 0.666667 677.5 0.317647 0.5 0 0
18890 0.0726222 0.666667 677.5 0.317647 0.5 0 0
18900 0.0726222 0.666667 678.167 0.317647 0.5 0 0
18910 0.0726222 0.666667 678.167 0.317647 0.5 0 0
18920 0.0726222 0.666667 678.833 0.317647 0.5 0 0
18930 0.0726222 0.666667 678.833 0.317647 0.5 0 0
18940 0.0726222 0.75 679.583 0.317647 0.5 0 0
18950 0.0726222 0.75 679.583 0.317647 0.5 0 0
18960 0.0726222 0.666667 680.25 0.317647 0.5 0 0
18970 0.0726222 0.666667 680.25 0.317647 0.5 0 0
18980 0.0726222 0.833333 681.083 0.317647 0.5 0 0
18990 0.0726222 0.833333 681.083 0.317647 0.5 0 0
19000 0.0726222 0.833333 681.917 0.317647 0.5 0 0
19010 0.0726222 0.833333 681.917 0.317647 0.5 0 0
19020 0.0726222 0.916667 682.833 0.317647 0.5 0 0
19030 0.0726222 0.916667 682.833 0.317647 0.5 0 0
19040 0.0726222 0.916667 683.75 0.317647 0.5 0 0
19050 0.0726222 0.916667 683.75 0.317647 0.5 0 0
19060 0.0726222 0.916667 684.667 0.317647 0.5 0 0
19070 0.0726222 0.916667 684.667 0.317647 0.5 0 0
19080 0.0726222 0.916667 685.583 0.317647 0.5 0 0
19090 0.0726222 0.916667 685.583 0.317647 0.5 0 0
19100 0.0726222 0.916667 686.5 0.313725 0.5 0 0
19110 0.0726222 0.916667 686.5 0.317647 0.5 0 0
19120 0.0726222 0.75 687.25 0.317647 0.5 0 0
19130 0.0726222 0.75 687.25 0.317647 0.5 0 0
19140 0.0726222 0.833333 688.083 0.317647 0.5 0 0
19150 0.0726222 0.833333 688.083 0.317647 0.5 0 0
19160 0.0726222 0.916667 689 0.317647 0.5 0 0
19170 0.0726222 0.916667 689 0.317647 0.5 0 0
19180 0.0726222 0.916667 689.917 0.317647 0.5 0 0
19190 0.0726222 0.916667 689.917 0.317647 0.5 0 0
19200 0.0726222 0.916667 690.833 0.317647 0.5 0 0
19210 0.0726222 0.916667 690.833 0.317647 0.5 0 0
19220 0.0726222 0.916667 691.75 0.317647 0.5 0 0
19230 0.0726222 0.916667 691.75 0.317647 0.5 0 0
19240 0.0726222 0.75 692.5 0.317647 0.5 0 0
19250 0.0726222 0.75 692.5 0.317647 0.5 0 0
19260 0.0726222 0.666667 693.167 0.317647 0.5 0 0
19270 0.0726222 0.666667 693.167 0.317647 0.5 0 0
19280 0.0726222 0.75 693.917 0.317647 0.5 0 0
19290 0.0726222 0.75 693.917 0.317647 0.5 0 0
19300 0.0726222 0.75 694.667 0.317647 0.5 0 0
19310 0.0726222 0.75 694.667 0.317647 0.5 0 0
19320 0.0726222 0.75 695.417 0.317647 0.5 0 0
19330 0.0726222 0.75 695.417 0.317647 0.5 0 0
19340 0.0726222 0.75 696.167 0.317647 0.5 0 0
19350 0.0726222 0.75 696.167 0.317647 0.5 0 0
19360 0.0726222 0.583333 696.75 0.317647 0.5 0 0
19370 0.0726222 0.583333 696.75 0.317647 0.5 0 0
19380 0.0726222 0.75 697.5 0.317647 0.5 0 0
19390 0.0726222 0.75 697.5 0.317647 0.5 0 0
19400 0.0726222 0.75 698.25 0.317647 0.5 0 0
19410 0.0726222 0.75 698.25 0.317647 0.5 0 0
19420 0.0726222 0.75 699 0.317647 0.5 0 0
19430 0.0726222 0.75 699 0.317647 0.5 0 0
19440 0.0726222 0.75 699.75 0.317647 0.5 0 0
19450 0.0726222 0.75 699.75 0.317647 0.5 0 0
19460 0.0726222 0.75 700.5 0.317647 0.5 0 0
19470 0.0726222 0.75 700.5 0.317647 0.5 0 0
19480 0.0726222 0.75 701.25 0.317647 0.5 0 0
19490 0.0726222 0.75 701.25 0.317647 0.5 0 0
19500 0.0726222 0.75 702 0.321569 0.5 0 0
19510 0.0726222 0.75 702 0.317647 0.5 0 0
19520 0.0726222 0.75 702.75 0.317647 0.5 0 0
19530 0.0726222 0.75 702.75 0.317647 0.5 0 0
19540 0.0726222 0.75 703.5 0.317647 0.5 0 0
19550 0.0726222 0.75 703.5 0.317647 0.5 0 0
19560 0.0726222 0.75 704.25 0.317647 0.5 0 0
19570 0.0726222 0.75 704.25 0.317647 0.5 0 0
19580 0.0726222 0.75 705 0.317647 0.5 0 0
19590 0.0726222 0.75 705 0.321569 0.5 0 0
19600 0.0726222 0.75 705.75 0.317647 0.5 0 0
19610 0.0726222 0.75 705.75 0.317647 0.5 0 0
19620 0.0726222 0.666667 706.417 0.317647 0.5 0 0
19630 0.0726222 0.666667 706.417 0.317647 0.5 0 0
19640 0.0730255 0.666667 707.083 0.317647 0.5 0 0
19650 0.0730255 0.666667 707.083 0.317647 0.5 0 0
19660 0.0733415 0.666667 707.75 0.317647 0.5 0 0
19670 0.0733415 0.666667 707.75 0.317647 0.5 0 0
19680 0.0739543 0.666667 708.417 0.317647 0.5 0 0
19690 0.0739543 0.666667 708.417 0.317647 0.5 0 0
19700 0.0746929 0.666667 709.083 0.317647 0.5 0 0
19710 0.0746929 0.666667 709.083 0.313725 0.5 0 0
19720 0.0751502 0.666667 709.75 0.313725 0.5 0 0
19730 0.0751502 0.666667 709.75 0.313725 0.5 0 0
19740 0.0757974 0.666667 710.417 0.317647 0.5 0 0
19750 0.0757974 0.666667 710.417 0.321569 0.5 0 0
19760 0.0759526 0.666667 711.083 0.321569 0.5 0 0
19770 0.0759526 0.666667 711.083 0.321569 0.5 0 0
19780 0.0759526 0.666667 711.75 0.321569 0.5 0 0
19790 0.0759526 0.666667 711.75 0.321569 0.5 0 0
19800 0.0759526 0.666667 712.417 0.317647 0.5 0 0
19810 0.0759526 0.666667 712.417 0.317647 0.5 0 0
19820 0.0752097 0.666667 713.083 0.317647 0.5 0 0
19830 0.0752097 0.666667 713.083 0.309804 0.5 0 0
19840 0.0734974 0.666667 713.75 0.301961 0.5 0 0
19850 0.0734974 0.666667 713.75 0.305882 0.5 0 0
19860 0.0734593 0.75 714.5 0.305882 0.5 0 0
19870 0.0734593 0.75 714.5 0.309804 0.5 0 0
19880 0.0736998 0.75 715.25 0.305882 0.5 0 0
19890 0.0736998 0.75 715.25 0.305882 0.5 0 0
19900 0.0742479 0.75 716 0.309804 0.5 0 0
19910 0.0742479 0.75 716 0.313725 0.5 0 0
19920 0.0741789 0.75 716.75 0.313725 0.5 0 0
19930 0.0741789 0.75 716.75 0.337255 0.5 0 0
19940 0.0737631 0.75 717.5 0.329412 0.5 0 0
19950 0.0737631 0.75 717.5 0.32549 0.5 0 0
19960 0.0731854 0.75 718.25 0.32549 0.5 0 0
19970 0.0731854 0.75 718.25 0.305882 0.5 0 0
19980 0.0718003 0.75 719 0.305882 0.5 0 0
19990 0.0718003 0.75 719 0.305882 0.5 0 0
20000 0.071099 0.75 719.75 0.305882 0.5 0 0
20010 0.071099 0.75 719.75 0.305882 0.5 0 0
