0 0.105837 0 0 0.5 0.5 0 0
10 0.105837 0 0 0.792157 0.5 0 0
20 0.105372 0.583333 0.583333 0.745098 0.5 0 0
30 0.105372 0.583333 0.583333 0.8 0.5 0 0
40 0.105061 0.583333 1.16667 0.686275 0.5 0 0
50 0.105061 0.583333 1.16667 0.792157 0.5 0 0
60 0.103747 0.75 1.91667 0.698039 0.5 0 0
70 0.103747 0.75 1.91667 0.654902 0.5 0 0
80 0.103218 0.75 2.66667 0.686275 0.5 0 0
90 0.103218 0.75 2.66667 0.792157 0.5 0 0
100 0.10312 0.75 3.41667 0.792157 0.5 0 0
110 0.10312 0.75 3.41667 0.694118 0.5 0 0
120 0.102804 0.5 3.91667 0.8 0.5 0 0
130 0.102804 0.5 3.91667 0.784314 0.5 0 0
140 0.102683 0.416667 4.33333 0.72549 0.5 0 0
150 0.102683 0.416667 4.33333 0.72549 0.5 0 0
160 0.102654 0.416667 4.75 0.792157 0.5 0 0
170 0.102654 0.416667 4.75 0.8 0.5 0 0
180 0.102616 0.416667 5.16667 0.772549 0.5 0 0
190 0.102616 0.416667 5.16667 0.717647 0.5 0 0
200 0.102612 0.416667 5.58333 0.670588 0.5 0 0
210 0.102612 0.416667 5.58333 0.788235 0.5 0 0
220 0.10261 0.5 6.08333 0.729412 0.5 0 0
230 0.10261 0.5 6.08333 0.72549 0.5 0 0
240 0.102681 0.5 6.58333 0.717647 0.5 0 0
250 0.102681 0.5 6.58333 0.772549 0.5 0 0
260 0.102645 0.5 7.08333 0.729412 0.5 0 0
270 0.102645 0.5 7.08333 0.776471 0.5 0 0
280 0.102236 0.5 7.58333 0.686275 0.5 0 0
290 0.102236 0.5 7.58333 0.717647 0.5 0 0
300 0.102026 0.416667 8 0.717647 0.5 0 0
310 0.102026 0.416667 8 0.701961 0.5 0 0
320 0.102667 0.416667 8.41667 0.827451 0.5 0 0
330 0.102667 0.416667 8.41667 0.803922 0.5 0 0
340 0.102645 0.416667 8.83333 0.788235 0.5 0 0
350 0.102645 0.416667 8.83333 0.803922 0.5 0 0
360 0.10246 0.5 9.33333 0.788235 0.5 0 0
370 0.10246 0.5 9.33333 0.807843 0.5 0 0
380 0.102069 0.5 9.83333 0.721569 0.5 0 0
390 0.102069 0.5 9.83333 0.74902 0.5 0 0
400 0.102033 0.583333 10.4167 0.8 0.5 0 0
410 0.102033 0.583333 10.4167 0.662745 0.5 0 0
420 0.101839 0.583333 11 0.788235 0.5 0 0
430 0.101839 0.583333 11 0.698039 0.5 0 0
440 0.10243 0.583333 11.5833 0.776471 0.5 0 0
450 0.10243 0.583333 11.5833 0.788235 0.5 0 0
460 0.102387 0.583333 12.1667 0.698039 0.5 0 0
470 0.102387 0.583333 12.1667 0.698039 0.5 0 0
480 0.102371 0.583333 12.75 0.788235 0.5 0 0
490 0.102371 0.583333 12.75 0.717647 0.5 0 0
500 0.102359 0.5 13.25 0.717647 0.5 0 0
510 0.102359 0.5 13.25 0.717647 0.5 0 0
520 0.102338 0.5 13.75 0.717647 0.5 0 0
530 0.102338 0.5 13.75 0.658824 0.5 0 0
540 0.102338 0.5 14.25 0.717647 0.5 0 0
550 0.102338 0.5 14.25 0.670588 0.5 0 0
560 0.102318 0.25 14.5 0.729412 0.5 0 0
570 0.102318 0.25 14.5 0.701961 0.5 0 0
580 0.10231 0.416667 14.9167 0.701961 0.5 0 0
590 0.10231 0.416667 14.9167 0.788235 0.5 0 0
600 0.102262 0.166667 15.0833 0.772549 0.5 0 0
610 0.102262 0.166667 15.0833 0.701961 0.5 0 0
620 0.102222 0.333333 15.4167 0.647059 0.5 0 0
630 0.102222 0.333333 15.4167 0.772549 0.5 0 0
640 0.102222 0.333333 15.75 0.701961 0.5 0 0
650 0.102222 0.333333 15.75 0.788235 0.5 0 0
660 0.102222 0.333333 16.0833 0.701961 0.5 0 0
670 0.102222 0.333333 16.0833 0.658824 0.5 0 0
680 0.102197 0.416667 16.5 0.788235 0.5 0 0
690 0.102197 0.416667 16.5 0.698039 0.5 0 0
700 0.102098 0.416667 16.9167 0.788235 0.5 0 0
710 0.102098 0.416667 16.9167 0.717647 0.5 0 0
720 0.102018 0.416667 17.3333 0.686275 0.5 0 0
730 0.102018 0.416667 17.3333 0.713725 0.5 0 0
740 0.101804 0.416667 17.75 0.776471 0.5 0 0
750 0.101804 0.416667 17.75 0.647059 0.5 0 0
760 0.101711 0.416667 18.1667 0.67451 0.5 0 0
770 0.101711 0.416667 18.1667 0.792157 0.5 0 0
780 0.101626 0.333333 18.5 0.717647 0.5 0 0
790 0.101626 0.333333 18.5 0.721569 0.5 0 0
800 0.101845 0.416667 18.9167 0.65098 0.5 0 0
810 0.101845 0.416667 18.9167 0.733333 0.5 0 0
820 0.101856 0.416667 19.3333 0.780392 0.5 0 0
830 0.101856 0.416667 19.3333 0.733333 0.5 0 0
840 0.101872 0.416667 19.75 0.631373 0.5 0 0
850 0.101872 0.416667 19.75 0.780392 0.5 0 0
860 0.101874 0.416667 20.1667 0.807843 0.5 0 0
870 0.101874 0.416667 20.1667 0.807843 0.5 0 0
880 0.101879 0.583333 20.75 0.796078 0.5 0 0
890 0.101879 0.583333 20.75 0.737255 0.5 0 0
900 0.101889 0.583333 21.3333 0.807843 0.5 0 0
910 0.101889 0.583333 21.3333 0.690196 0.5 0 0
920 0.101889 0.583333 21.9167 0.733333 0.5 0 0
930 0.101889 0.583333 21.9167 0.709804 0.5 0 0
940 0.101889 0.666667 22.5833 0.721569 0.5 0 0
950 0.101889 0.666667 22.5833 0.690196 0.5 0 0
960 0.101889 0.666667 23.25 0.690196 0.5 0 0
970 0.101889 0.666667 23.25 0.807843 0.5 0 0
980 0.101889 0.583333 23.8333 0.807843 0.5 0 0
990 0.101889 0.583333 23.8333 0.807843 0.5 0 0
1000 0.101695 0.666667 24.5 0.807843 0.5 0 0
1010 0.101695 0.666667 24.5 0.807843 0.5 0 0
1020 0.101564 0.666667 25.1667 0.635294 0.5 0 0
1030 0.101564 0.666667 25.1667 0.796078 0.5 0 0
1040 0.101569 0.666667 25.8333 0.709804 0.5 0 0
1050 0.101569 0.666667 25.8333 0.709804 0.5 0 0
1060 0.101652 0.666667 26.5 0.796078 0.5 0 0
1070 0.101652 0.666667 26.5 0.611765 0.5 0 0
1080 0.101707 0.666667 27.1667 0.8 0.5 0 0
1090 0.101707 0.666667 27.1667 0.811765 0.5 0 0
1100 0.101757 0.666667 27.8333 0.690196 0.5 0 0
1110 0.101757 0.666667 27.8333 0.8 0.5 0 0
1120 0.101762 0.5 28.3333 0.811765 0.5 0 0
1130 0.101762 0.5 28.3333 0.72549 0.5 0 0
1140 0.101805 0.5 28.8333 0.635294 0.5 0 0
1150 0.101805 0.5 28.8333 0.8 0.5 0 0
1160 0.101897 0.5 29.3333 0.8 0.5 0 0
1170 0.101897 0.5 29.3333 0.694118 0.5 0 0
1180 0.10193 0.583333 29.9167 0.713725 0.5 0 0
1190 0.10193 0.583333 29.9167 0.8 0.5 0 0
1200 0.101946 0.583333 30.5 0.741176 0.5 0 0
1210 0.101946 0.583333 30.5 0.8 0.5 0 0
1220 0.101947 0.583333 31.0833 0.815686 0.5 0 0
1230 0.101947 0.583333 31.0833 0.815686 0.5 0 0
1240 0.101947 0.5 31.5833 0.72549 0.5 0 0
1250 0.101947 0.5 31.5833 0.815686 0.5 0 0
1260 0.101947 0.5 32.0833 0.788235 0.5 0 0
1270 0.101947 0.5 32.0833 0.694118 0.5 0 0
1280 0.101919 0.75 32.8333 0.815686 0.5 0 0
1290 0.101919 0.75 32.8333 0.815686 0.5 0 0
1300 0.101751 0.833333 33.6667 0.815686 0.5 0 0
1310 0.101751 0.833333 33.6667 0.8 0.5 0 0
1320 0.101702 0.833333 34.5 0.8 0.5 0 0
1330 0.101702 0.833333 34.5 0.8 0.5 0 0
1340 0.101697 0.833333 35.3333 0.709804 0.5 0 0
1350 0.101697 0.833333 35.3333 0.788235 0.5 0 0
1360 0.101684 0.833333 36.1667 0.815686 0.5 0 0
1370 0.101684 0.833333 36.1667 0.729412 0.5 0 0
1380 0.101681 1 37.1667 0.658824 0.5 0 0
1390 0.101681 1 37.1667 0.8 0.5 0 0
1400 0.101679 0.916667 38.0833 0.8 0.5 0 0
1410 0.101679 0.916667 38.0833 0.709804 0.5 0 0
1420 0.101677 1 39.0833 0.8 0.5 0 0
1430 0.101677 1 39.0833 0.8 0.5 0 0
1440 0.101677 1 40.0833 0.815686 0.5 0 0
1450 0.101677 1 40.0833 0.72549 0.5 0 0
1460 0.101668 1 41.0833 0.67451 0.5 0 0
1470 0.101668 1 41.0833 0.815686 0.5 0 0
1480 0.101653 1 42.0833 0.803922 0.5 0 0
1490 0.101653 1 42.0833 0.686275 0.5 0 0
1500 0.101642 0.916667 43 0.729412 0.5 0 0
1510 0.101642 0.916667 43 0.729412 0.5 0 0
1520 0.101591 1 44 0.815686 0.5 0 0
1530 0.101591 1 44 0.788235 0.5 0 0
1540 0.101596 1 45 0.803922 0.5 0 0
1550 0.101596 1 45 0.815686 0.5 0 0
1560 0.101582 1 46 0.803922 0.5 0 0
1570 0.101582 1 46 0.815686 0.5 0 0
1580 0.101536 1 47 0.67451 0.5 0 0
1590 0.101536 1 47 0.67451 0.5 0 0
1600 0.101522 1 48 0.729412 0.5 0 0
1610 0.101522 1 48 0.815686 0.5 0 0
1620 0.101522 0.916667 48.9167 0.729412 0.5 0 0
1630 0.101522 0.916667 48.9167 0.815686 0.5 0 0
1640 0.101522 0.583333 49.5 0.717647 0.5 0 0
1650 0.101522 0.583333 49.5 0.745098 0.5 0 0
1660 0.101548 0.833333 50.3333 0.815686 0.5 0 0
1670 0.101548 0.833333 50.3333 0.698039 0.5 0 0
1680 0.101548 0.916667 51.25 0.815686 0.5 0 0
1690 0.101548 0.916667 51.25 0.729412 0.5 0 0
1700 0.10155 0.916667 52.1667 0.815686 0.5 0 0
1710 0.10155 0.916667 52.1667 0.819608 0.5 0 0
1720 0.101586 0.916667 53.0833 0.662745 0.5 0 0
1730 0.101586 0.916667 53.0833 0.745098 0.5 0 0
1740 0.101623 1 54.0833 0.67451 0.5 0 0
1750 0.101623 1 54.0833 0.698039 0.5 0 0
1760 0.101637 1 55.0833 0.733333 0.5 0 0
1770 0.101637 1 55.0833 0.815686 0.5 0 0
1780 0.101637 1 56.0833 0.698039 0.5 0 0
1790 0.101637 1 56.0833 0.662745 0.5 0 0
1800 0.101637 0.916667 57 0.713725 0.5 0 0
1810 0.101637 0.916667 57 0.803922 0.5 0 0
1820 0.101637 0.916667 57.9167 0.698039 0.5 0 0
1830 0.101637 0.916667 57.9167 0.745098 0.5 0 0
1840 0.101637 0.916667 58.8333 0.713725 0.5 0 0
1850 0.101637 0.916667 58.8333 0.67451 0.5 0 0
1860 0.101625 0.833333 59.6667 0.803922 0.5 0 0
1870 0.101625 0.833333 59.6667 0.67451 0.5 0 0
1880 0.101613 0.833333 60.5 0.721569 0.5 0 0
1890 0.101613 0.833333 60.5 0.698039 0.5 0 0
1900 0.101611 0.916667 61.4167 0.698039 0.5 0 0
1910 0.101611 0.916667 61.4167 0.745098 0.5 0 0
1920 0.10152 1 62.4167 0.74902 0.5 0 0
1930 0.10152 1 62.4167 0.678431 0.5 0 0
1940 0.101451 1 63.4167 0.698039 0.5 0 0
1950 0.101451 1 63.4167 0.698039 0.5 0 0
1960 0.101423 1 64.4167 0.67451 0.5 0 0
1970 0.101423 1 64.4167 0.678431 0.5 0 0
1980 0.101414 1 65.4167 0.67451 0.5 0 0
1990 0.101414 1 65.4167 0.690196 0.5 0 0
2000 0.101414 1 66.4167 0.721569 0.5 0 0
2010 0.101414 1 66.4167 0.713725 0.5 0 0
2020 0.101411 1 67.4167 0.733333 0.5 0 0
2030 0.101411 1 67.4167 0.717647 0.5 0 0
2040 0.101407 1 68.4167 0.713725 0.5 0 0
2050 0.101407 1 68.4167 0.686275 0.5 0 0
2060 0.101407 0.916667 69.3333 0.698039 0.5 0 0
2070 0.101407 0.916667 69.3333 0.67451 0.5 0 0
2080 0.101405 1 70.3333 0.698039 0.5 0 0
2090 0.101405 1 70.3333 0.658824 0.5 0 0
2100 0.101405 1 71.3333 0.678431 0.5 0 0
2110 0.101405 1 71.3333 0.67451 0.5 0 0
2120 0.101401 1 72.3333 0.713725 0.5 0 0
2130 0.101401 1 72.3333 0.698039 0.5 0 0
2140 0.101401 1 73.3333 0.67451 0.5 0 0
2150 0.101401 1 73.3333 0.745098 0.5 0 0
2160 0.101393 1 74.3333 0.713725 0.5 0 0
2170 0.101393 1 74.3333 0.690196 0.5 0 0
2180 0.101365 0.916667 75.25 0.666667 0.5 0 0
2190 0.101365 0.916667 75.25 0.807843 0.5 0 0
2200 0.101375 0.916667 76.1667 0.65098 0.5 0 0
2210 0.101375 0.916667 76.1667 0.678431 0.5 0 0
2220 0.101069 0.916667 77.0833 0.733333 0.5 0 0
2230 0.101069 0.916667 77.0833 0.729412 0.5 0 0
2240 0.0996829 0.916667 78 0.733333 0.5 0 0
2250 0.0996829 0.916667 78 0.686275 0.5 0 0
2260 0.0987808 0.833333 78.8333 0.698039 0.5 0 0
2270 0.0987808 0.833333 78.8333 0.74902 0.5 0 0
2280 0.0982608 0.75 79.5833 0.690196 0.5 0 0
2290 0.0982608 0.75 79.5833 0.662745 0.5 0 0
2300 0.0981943 0.75 80.3333 0.698039 0.5 0 0
2310 0.0981943 0.75 80.3333 0.698039 0.5 0 0
2320 0.0981838 0.75 81.0833 0.698039 0.5 0 0
2330 0.0981838 0.75 81.0833 0.745098 0.5 0 0
2340 0.0981838 0.833333 81.9167 0.690196 0.5 0 0
2350 0.0981838 0.833333 81.9167 0.662745 0.5 0 0
2360 0.0981838 0.833333 82.75 0.690196 0.5 0 0
2370 0.0981838 0.833333 82.75 0.694118 0.5 0 0
2380 0.0981838 0.833333 83.5833 0.733333 0.5 0 0
2390 0.0981838 0.833333 83.5833 0.745098 0.5 0 0
2400 0.0981838 0.833333 84.4167 0.745098 0.5 0 0
2410 0.0981838 0.833333 84.4167 0.67451 0.5 0 0
2420 0.0981816 0.75 85.1667 0.713725 0.5 0 0
2430 0.0981816 0.75 85.1667 0.709804 0.5 0 0
2440 0.0981262 0.75 85.9167 0.698039 0.5 0 0
2450 0.0981262 0.75 85.9167 0.698039 0.5 0 0
2460 0.098117 0.666667 86.5833 0.647059 0.5 0 0
2470 0.098117 0.666667 86.5833 0.67451 0.5 0 0
2480 0.0981137 0.666667 87.25 0.733333 0.5 0 0
2490 0.0981137 0.666667 87.25 0.721569 0.5 0 0
2500 0.0981137 0.666667 87.9167 0.662745 0.5 0 0
2510 0.0981137 0.666667 87.9167 0.698039 0.5 0 0
2520 0.0981137 0.666667 88.5833 0.686275 0.5 0 0
2530 0.0981137 0.666667 88.5833 0.662745 0.5 0 0
2540 0.0981137 0.666667 89.25 0.698039 0.5 0 0
2550 0.0981137 0.666667 89.25 0.698039 0.5 0 0
2560 0.098106 0.666667 89.9167 0.729412 0.5 0 0
2570 0.098106 0.666667 89.9167 0.678431 0.5 0 0
2580 0.0980983 0.666667 90.5833 0.745098 0.5 0 0
2590 0.0980983 0.666667 90.5833 0.717647 0.5 0 0
2600 0.0980949 0.583333 91.1667 0.690196 0.5 0 0
2610 0.0980949 0.583333 91.1667 0.694118 0.5 0 0
2620 0.0980949 0.666667 91.8333 0.713725 0.5 0 0
2630 0.0980949 0.666667 91.8333 0.713725 0.5 0 0
2640 0.0980949 0.75 92.5833 0.67451 0.5 0 0
2650 0.0980949 0.75 92.5833 0.694118 0.5 0 0
2660 0.0980926 0.833333 93.4167 0.654902 0.5 0 0
2670 0.0980926 0.833333 93.4167 0.67451 0.5 0 0
2680 0.0980824 0.833333 94.25 0.807843 0.5 0 0
2690 0.0980824 0.833333 94.25 0.662745 0.5 0 0
2700 0.0980822 0.833333 95.0833 0.745098 0.5 0 0
2710 0.0980822 0.833333 95.0833 0.713725 0.5 0 0
2720 0.0980822 0.833333 95.9167 0.733333 0.5 0 0
2730 0.0980822 0.833333 95.9167 0.74902 0.5 0 0
2740 0.0980822 0.75 96.6667 0.686275 0.5 0 0
2750 0.0980822 0.75 96.6667 0.678431 0.5 0 0
2760 0.0980822 0.75 97.4167 0.662745 0.5 0 0
2770 0.0980822 0.75 97.4167 0.678431 0.5 0 0
2780 0.0980739 0.833333 98.25 0.698039 0.5 0 0
2790 0.0980739 0.833333 98.25 0.698039 0.5 0 0
2800 0.0980663 0.833333 99.0833 0.690196 0.5 0 0
2810 0.0980663 0.833333 99.0833 0.713725 0.5 0 0
2820 0.0980611 0.833333 99.9167 0.690196 0.5 0 0
2830 0.0980611 0.833333 99.9167 0.67451 0.5 0 0
2840 0.0980611 0.833333 100.75 0.815686 0.5 0 0
2850 0.0980611 0.833333 100.75 0.67451 0.5 0 0
2860 0.0980611 0.833333 101.583 0.721569 0.5 0 0
2870 0.0980611 0.833333 101.583 0.733333 0.5 0 0
2880 0.0980611 0.833333 102.417 0.690196 0.5 0 0
2890 0.0980611 0.833333 102.417 0.690196 0.5 0 0
2900 0.0980339 0.666667 103.083 0.67451 0.5 0 0
2910 0.0980339 0.666667 103.083 0.678431 0.5 0 0
2920 0.098021 0.833333 103.917 0.662745 0.5 0 0
2930 0.098021 0.833333 103.917 0.745098 0.5 0 0
2940 0.098021 0.833333 104.75 0.733333 0.5 0 0
2950 0.098021 0.833333 104.75 0.729412 0.5 0 0
2960 0.098021 0.75 105.5 0.662745 0.5 0 0
2970 0.098021 0.75 105.5 0.67451 0.5 0 0
2980 0.098021 0.75 106.25 0.713725 0.5 0 0
2990 0.098021 0.75 106.25 0.678431 0.5 0 0
3000 0.098021 0.75 107 0.662745 0.5 0 0
3010 0.098021 0.75 107 0.658824 0.5 0 0
3020 0.0979934 0.833333 107.833 0.713725 0.5 0 0
3030 0.0979934 0.833333 107.833 0.713725 0.5 0 0
3040 0.0979906 0.833333 108.667 0.67451 0.5 0 0
3050 0.0979906 0.833333 108.667 0.733333 0.5 0 0
3060 0.0979878 0.833333 109.5 0.733333 0.5 0 0
3070 0.0979878 0.833333 109.5 0.745098 0.5 0 0
3080 0.0979878 0.833333 110.333 0.698039 0.5 0 0
3090 0.0979878 0.833333 110.333 0.678431 0.5 0 0
3100 0.0979878 0.833333 111.167 0.698039 0.5 0 0
3110 0.0979878 0.833333 111.167 0.803922 0.5 0 0
3120 0.0979865 0.833333 112 0.745098 0.5 0 0
3130 0.0979865 0.833333 112 0.733333 0.5 0 0
3140 0.0979674 0.833333 112.833 0.713725 0.5 0 0
3150 0.0979674 0.833333 112.833 0.698039 0.5 0 0
3160 0.0979325 0.833333 113.667 0.690196 0.5 0 0
3170 0.0979325 0.833333 113.667 0.686275 0.5 0 0
3180 0.0979325 0.833333 114.5 0.713725 0.5 0 0
3190 0.0979325 0.833333 114.5 0.698039 0.5 0 0
3200 0.0979325 0.833333 115.333 0.686275 0.5 0 0
3210 0.0979325 0.833333 115.333 0.67451 0.5 0 0
3220 0.0979325 0.833333 116.167 0.713725 0.5 0 0
3230 0.0979325 0.833333 116.167 0.713725 0.5 0 0
3240 0.0979325 0.833333 117 0.713725 0.5 0 0
3250 0.0979325 0.833333 117 0.698039 0.5 0 0
3260 0.0979325 0.75 117.75 0.686275 0.5 0 0
3270 0.0979325 0.75 117.75 0.698039 0.5 0 0
3280 0.0979325 0.75 118.5 0.713725 0.5 0 0
3290 0.0979325 0.75 118.5 0.694118 0.5 0 0
3300 0.0979325 0.75 119.25 0.717647 0.5 0 0
3310 0.0979325 0.75 119.25 0.807843 0.5 0 0
3320 0.0979325 0.666667 119.917 0.67451 0.5 0 0
3330 0.0979325 0.666667 119.917 0.662745 0.5 0 0
3340 0.0979325 0.666667 120.583 0.698039 0.5 0 0
3350 0.0979325 0.666667 120.583 0.698039 0.5 0 0
3360 0.0979325 0.666667 121.25 0.698039 0.5 0 0
3370 0.0979325 0.666667 121.25 0.698039 0.5 0 0
3380 0.0979325 0.666667 121.917 0.698039 0.5 0 0
3390 0.0979325 0.666667 121.917 0.67451 0.5 0 0
3400 0.0979325 0.666667 122.583 0.713725 0.5 0 0
3410 0.0979325 0.666667 122.583 0.698039 0.5 0 0
3420 0.0979325 0.666667 123.25 0.694118 0.5 0 0
3430 0.0979325 0.666667 123.25 0.698039 0.5 0 0
3440 0.0979325 0.666667 123.917 0.686275 0.5 0 0
3450 0.0979325 0.666667 123.917 0.658824 0.5 0 0
3460 0.0978216 0.833333 124.75 0.67451 0.5 0 0
3470 0.0978216 0.833333 124.75 0.713725 0.5 0 0
3480 0.0978159 0.833333 125.583 0.733333 0.5 0 0
3490 0.0978159 0.833333 125.583 0.678431 0.5 0 0
3500 0.0978159 0.75 126.333 0.698039 0.5 0 0
3510 0.0978159 0.75 126.333 0.662745 0.5 0 0
3520 0.0978317 0.833333 127.167 0.713725 0.5 0 0
3530 0.0978317 0.833333 127.167 0.807843 0.5 0 0
3540 0.0979999 0.833333 128 0.678431 0.5 0 0
3550 0.0979999 0.833333 128 0.803922 0.5 0 0
3560 0.0981513 0.833333 128.833 0.686275 0.5 0 0
3570 0.0981513 0.833333 128.833 0.721569 0.5 0 0
3580 0.0982847 0.833333 129.667 0.803922 0.5 0 0
3590 0.0982847 0.833333 129.667 0.819608 0.5 0 0
3600 0.0983637 0.75 130.417 0.8 0.5 0 0
3610 0.0983637 0.75 130.417 0.807843 0.5 0 0
3620 0.0984611 0.833333 131.25 0.8 0.5 0 0
3630 0.0984611 0.833333 131.25 0.717647 0.5 0 0
3640 0.098559 0.833333 132.083 0.823529 0.5 0 0
3650 0.098559 0.833333 132.083 0.807843 0.5 0 0
3660 0.098628 0.833333 132.917 0.823529 0.5 0 0
3670 0.098628 0.833333 132.917 0.717647 0.5 0 0
3680 0.0986698 0.833333 133.75 0.67451 0.5 0 0
3690 0.0986698 0.833333 133.75 0.682353 0.5 0 0
3700 0.0987087 0.75 134.5 0.752941 0.5 0 0
3710 0.0987087 0.75 134.5 0.823529 0.5 0 0
3720 0.0987975 0.833333 135.333 0.811765 0.5 0 0
3730 0.0987975 0.833333 135.333 0.823529 0.5 0 0
3740 0.0988387 0.833333 136.167 0.670588 0.5 0 0
3750 0.0988387 0.833333 136.167 0.662745 0.5 0 0
3760 0.09888 0.833333 137 0.721569 0.5 0 0
3770 0.09888 0.833333 137 0.682353 0.5 0 0
3780 0.0989195 0.916667 137.917 0.65098 0.5 0 0
3790 0.0989195 0.916667 137.917 0.811765 0.5 0 0
3800 0.0989573 0.916667 138.833 0.807843 0.5 0 0
3810 0.0989573 0.916667 138.833 0.654902 0.5 0 0
3820 0.0989827 0.916667 139.75 0.811765 0.5 0 0
3830 0.0989827 0.916667 139.75 0.811765 0.5 0 0
3840 0.0990673 0.75 140.5 0.670588 0.5 0 0
3850 0.0990673 0.75 140.5 0.752941 0.5 0 0
3860 0.099176 0.833333 141.333 0.752941 0.5 0 0
3870 0.099176 0.833333 141.333 0.741176 0.5 0 0
3880 0.0992833 0.833333 142.167 0.815686 0.5 0 0
3890 0.0992833 0.833333 142.167 0.717647 0.5 0 0
3900 0.0993888 0.583333 142.75 0.694118 0.5 0 0
3910 0.0993888 0.583333 142.75 0.694118 0.5 0 0
3920 0.0995549 0.75 143.5 0.698039 0.5 0 0
3930 0.0995549 0.75 143.5 0.678431 0.5 0 0
3940 0.099652 0.75 144.25 0.654902 0.5 0 0
3950 0.099652 0.75 144.25 0.631373 0.5 0 0
3960 0.100288 0.666667 144.917 0.717647 0.5 0 0
3970 0.100288 0.666667 144.917 0.823529 0.5 0 0
3980 0.100628 0.666667 145.583 0.666667 0.5 0 0
3990 0.100628 0.666667 145.583 0.819608 0.5 0 0
4000 0.100857 0.666667 146.25 0.701961 0.5 0 0
4010 0.100857 0.666667 146.25 0.643137 0.5 0 0
4020 0.101585 0.666667 146.917 0.627451 0.5 0 0
4030 0.101585 0.666667 146.917 0.592157 0.5 0 0
4040 0.102336 0.666667 147.583 0.580392 0.5 0 0
4050 0.102336 0.666667 147.583 0.560784 0.5 0 0
4060 0.103327 0.916667 148.5 0.552941 0.5 0 0
4070 0.103327 0.916667 148.5 0.545098 0.5 0 0
4080 0.103376 0.916667 149.417 0.541176 0.5 0 0
4090 0.103376 0.916667 149.417 0.537255 0.5 0 0
4100 0.103377 0.916667 150.333 0.541176 0.5 0 0
4110 0.103377 0.916667 150.333 0.541176 0.5 0 0
4120 0.103376 0.916667 151.25 0.537255 0.5 0 0
4130 0.103376 0.916667 151.25 0.541176 0.5 0 0
4140 0.103389 0.916667 152.167 0.541176 0.5 0 0
4150 0.103389 0.916667 152.167 0.537255 0.5 0 0
4160 0.103394 0.916667 153.083 0.537255 0.5 0 0
4170 0.103394 0.916667 153.083 0.537255 0.5 0 0
4180 0.103399 0.833333 153.917 0.541176 0.5 0 0
4190 0.103399 0.833333 153.917 0.537255 0.5 0 0
4200 0.103386 0.833333 154.75 0.537255 0.5 0 0
4210 0.103386 0.833333 154.75 0.537255 0.5 0 0
4220 0.103386 0.833333 155.583 0.537255 0.5 0 0
4230 0.103386 0.833333 155.583 0.541176 0.5 0 0
4240 0.103389 0.833333 156.417 0.541176 0.5 0 0
4250 0.103389 0.833333 156.417 0.537255 0.5 0 0
4260 0.103318 0.833333 157.25 0.537255 0.5 0 0
4270 0.103318 0.833333 157.25 0.541176 0.5 0 0
4280 0.1033 0.833333 158.083 0.537255 0.5 0 0
4290 0.1033 0.833333 158.083 0.541176 0.5 0 0
4300 0.103278 0.833333 158.917 0.537255 0.5 0 0
4310 0.103278 0.833333 158.917 0.537255 0.5 0 0
4320 0.10326 0.833333 159.75 0.533333 0.5 0 0
4330 0.10326 0.833333 159.75 0.529412 0.5 0 0
4340 0.103273 0.833333 160.583 0.529412 0.5 0 0
4350 0.103273 0.833333 160.583 0.529412 0.5 0 0
4360 0.103291 0.833333 161.417 0.529412 0.5 0 0
4370 0.103291 0.833333 161.417 0.52549 0.5 0 0
4380 0.103311 0.833333 162.25 0.52549 0.5 0 0
4390 0.103311 0.833333 162.25 0.521569 0.5 0 0
4400 0.10333 0.833333 163.083 0.521569 0.5 0 0
4410 0.10333 0.833333 163.083 0.517647 0.5 0 0
4420 0.103123 0.833333 163.917 0.517647 0.5 0 0
4430 0.103123 0.833333 163.917 0.513725 0.5 0 0
4440 0.103091 0.833333 164.75 0.517647 0.5 0 0
4450 0.103091 0.833333 164.75 0.509804 0.5 0 0
4460 0.103187 0.916667 165.667 0.513725 0.5 0 0
4470 0.103187 0.916667 165.667 0.509804 0.5 0 0
4480 0.103251 0.916667 166.583 0.509804 0.5 0 0
4490 0.103251 0.916667 166.583 0.509804 0.5 0 0
4500 0.103295 0.916667 167.5 0.505882 0.5 0 0
4510 0.103295 0.916667 167.5 0.509804 0.5 0 0
4520 0.103315 1 168.5 0.505882 0.5 0 0
4530 0.103315 1 168.5 0.505882 0.5 0 0
4540 0.103332 1 169.5 0.501961 0.5 0 0
4550 0.103332 1 169.5 0.501961 0.5 0 0
4560 0.103333 1 170.5 0.501961 0.5 0 0
4570 0.103333 1 170.5 0.501961 0.5 0 0
4580 0.103334 1 171.5 0.501961 0.5 0 0
4590 0.103334 1 171.5 0.498039 0.5 0 0
4600 0.103329 0.916667 172.417 0.498039 0.5 0 0
4610 0.103329 0.916667 172.417 0.498039 0.5 0 0
4620 0.103323 0.916667 173.333 0.498039 0.5 0 0
4630 0.103323 0.916667 173.333 0.498039 0.5 0 0
4640 0.103311 1 174.333 0.498039 0.5 0 0
4650 0.103311 1 174.333 0.494118 0.5 0 0
4660 0.103322 1 175.333 0.494118 0.5 0 0
4670 0.103322 1 175.333 0.498039 0.5 0 0
4680 0.103336 0.833333 176.167 0.494118 0.5 0 0
4690 0.103336 0.833333 176.167 0.494118 0.5 0 0
4700 0.103849 0.833333 177 0.490196 0.5 0 0
4710 0.103849 0.833333 177 0.490196 0.5 0 0
4720 0.104152 0.75 177.75 0.494118 0.5 0 0
4730 0.104152 0.75 177.75 0.494118 0.5 0 0
4740 0.104436 0.583333 178.333 0.490196 0.5 0 0
4750 0.104436 0.583333 178.333 0.494118 0.5 0 0
4760 0.104438 0.75 179.083 0.494118 0.5 0 0
4770 0.104438 0.75 179.083 0.482353 0.5 0 0
4780 0.104399 0.666667 179.75 0.478431 0.5 0 0
4790 0.104399 0.666667 179.75 0.478431 0.5 0 0
4800 0.10444 0.666667 180.417 0.478431 0.5 0 0
4810 0.10444 0.666667 180.417 0.478431 0.5 0 0
4820 0.104304 0.833333 181.25 0.478431 0.5 0 0
4830 0.104304 0.833333 181.25 0.478431 0.5 0 0
4840 0.104333 0.75 182 0.482353 0.5 0 0
4850 0.104333 0.75 182 0.482353 0.5 0 0
4860 0.104279 0.833333 182.833 0.482353 0.5 0 0
4870 0.104279 0.833333 182.833 0.478431 0.5 0 0
4880 0.104278 0.833333 183.667 0.478431 0.5 0 0
4890 0.104278 0.833333 183.667 0.482353 0.5 0 0
4900 0.104278 0.666667 184.333 0.478431 0.5 0 0
4910 0.104278 0.666667 184.333 0.478431 0.5 0 0
4920 0.104278 0.833333 185.167 0.478431 0.5 0 0
4930 0.104278 0.833333 185.167 0.482353 0.5 0 0
4940 0.104032 0.75 185.917 0.478431 0.5 0 0
4950 0.104032 0.75 185.917 0.478431 0.5 0 0
4960 0.103953 0.583333 186.5 0.478431 0.5 0 0
4970 0.103953 0.583333 186.5 0.478431 0.5 0 0
4980 0.103939 0.666667 187.167 0.482353 0.5 0 0
4990 0.103939 0.666667 187.167 0.478431 0.5 0 0
5000 0.103934 0.75 187.917 0.478431 0.5 0 0
5010 0.103934 0.75 187.917 0.478431 0.5 0 0
5020 0.103934 0.75 188.667 0.478431 0.5 0 0
5030 0.103934 0.75 188.667 0.478431 0.5 0 0
5040 0.103926 0.75 189.417 0.478431 0.5 0 0
5050 0.103926 0.75 189.417 0.478431 0.5 0 0
5060 0.103917 0.75 190.167 0.478431 0.5 0 0
5070 0.103917 0.75 190.167 0.478431 0.5 0 0
5080 0.103909 0.833333 191 0.478431 0.5 0 0
5090 0.103909 0.833333 191 0.47451 0.5 0 0
5100 0.104957 0.833333 191.833 0.470588 0.5 0 0
5110 0.104957 0.833333 191.833 0.47451 0.5 0 0
5120 0.105558 0.833333 192.667 0.47451 0.5 0 0
5130 0.105558 0.833333 192.667 0.478431 0.5 0 0
5140 0.105338 0.916667 193.583 0.47451 0.5 0 0
5150 0.105338 0.916667 193.583 0.47451 0.5 0 0
5160 0.105451 0.916667 194.5 0.470588 0.5 0 0
5170 0.105451 0.916667 194.5 0.466667 0.5 0 0
5180 0.10601 0.916667 195.417 0.458824 0.5 0 0
5190 0.10601 0.916667 195.417 0.458824 0.5 0 0
5200 0.106262 0.833333 196.25 0.458824 0.5 0 0
5210 0.106262 0.833333 196.25 0.458824 0.5 0 0
5220 0.106596 0.833333 197.083 0.454902 0.5 0 0
5230 0.106596 0.833333 197.083 0.454902 0.5 0 0
5240 0.107116 0.916667 198 0.454902 0.5 0 0
5250 0.107116 0.916667 198 0.454902 0.5 0 0
5260 0.107077 0.833333 198.833 0.454902 0.5 0 0
5270 0.107077 0.833333 198.833 0.45098 0.5 0 0
5280 0.106988 0.916667 199.75 0.45098 0.5 0 0
5290 0.106988 0.916667 199.75 0.454902 0.5 0 0
5300 0.10686 0.833333 200.583 0.454902 0.5 0 0
5310 0.10686 0.833333 200.583 0.45098 0.5 0 0
5320 0.106858 0.833333 201.417 0.454902 0.5 0 0
5330 0.106858 0.833333 201.417 0.454902 0.5 0 0
5340 0.106858 0.833333 202.25 0.454902 0.5 0 0
5350 0.106858 0.833333 202.25 0.45098 0.5 0 0
5360 0.106858 0.833333 203.083 0.454902 0.5 0 0
5370 0.106858 0.833333 203.083 0.454902 0.5 0 0
5380 0.106858 0.833333 203.917 0.454902 0.5 0 0
5390 0.106858 0.833333 203.917 0.454902 0.5 0 0
5400 0.106858 0.833333 204.75 0.454902 0.5 0 0
5410 0.106858 0.833333 204.75 0.45098 0.5 0 0
5420 0.106858 0.75 205.5 0.454902 0.5 0 0
5430 0.106858 0.75 205.5 0.454902 0.5 0 0
5440 0.106858 0.75 206.25 0.454902 0.5 0 0
5450 0.106858 0.75 206.25 0.454902 0.5 0 0
5460 0.106858 0.75 207 0.45098 0.5 0 0
5470 0.106858 0.75 207 0.454902 0.5 0 0
5480 0.10694 0.75 207.75 0.45098 0.5 0 0
5490 0.10694 0.75 207.75 0.454902 0.5 0 0
5500 0.107503 0.75 208.5 0.45098 0.5 0 0
5510 0.107503 0.75 208.5 0.45098 0.5 0 0
5520 0.10816 0.666667 209.167 0.45098 0.5 0 0
5530 0.10816 0.666667 209.167 0.447059 0.5 0 0
5540 0.109163 0.833333 210 0.443137 0.5 0 0
5550 0.109163 0.833333 210 0.439216 0.5 0 0
5560 0.10933 0.833333 210.833 0.439216 0.5 0 0
5570 0.10933 0.833333 210.833 0.443137 0.5 0 0
5580 0.109518 0.833333 211.667 0.439216 0.5 0 0
5590 0.109518 0.833333 211.667 0.443137 0.5 0 0
5600 0.109674 0.833333 212.5 0.443137 0.5 0 0
5610 0.109674 0.833333 212.5 0.443137 0.5 0 0
5620 0.109806 0.833333 213.333 0.443137 0.5 0 0
5630 0.109806 0.833333 213.333 0.439216 0.5 0 0
5640 0.109973 0.75 214.083 0.431373 0.5 0 0
5650 0.109973 0.75 214.083 0.435294 0.5 0 0
5660 0.109761 0.75 214.833 0.431373 0.5 0 0
5670 0.109761 0.75 214.833 0.431373 0.5 0 0
5680 0.109588 0.833333 215.667 0.431373 0.5 0 0
5690 0.109588 0.833333 215.667 0.435294 0.5 0 0
5700 0.109533 0.833333 216.5 0.435294 0.5 0 0
5710 0.109533 0.833333 216.5 0.431373 0.5 0 0
5720 0.109359 0.916667 217.417 0.431373 0.5 0 0
5730 0.109359 0.916667 217.417 0.431373 0.5 0 0
5740 0.109235 0.916667 218.333 0.435294 0.5 0 0
5750 0.109235 0.916667 218.333 0.435294 0.5 0 0
5760 0.109205 0.916667 219.25 0.431373 0.5 0 0
5770 0.109205 0.916667 219.25 0.431373 0.5 0 0
5780 0.109187 0.833333 220.083 0.431373 0.5 0 0
5790 0.109187 0.833333 220.083 0.431373 0.5 0 0
5800 0.109043 0.583333 220.667 0.431373 0.5 0 0
5810 0.109043 0.583333 220.667 0.431373 0.5 0 0
5820 0.10901 0.75 221.417 0.431373 0.5 0 0
5830 0.10901 0.75 221.417 0.431373 0.5 0 0
5840 0.109 0.833333 222.25 0.431373 0.5 0 0
5850 0.109 0.833333 222.25 0.431373 0.5 0 0
5860 0.108924 0.833333 223.083 0.431373 0.5 0 0
5870 0.108924 0.833333 223.083 0.431373 0.5 0 0
5880 0.108839 0.833333 223.917 0.431373 0.5 0 0
5890 0.108839 0.833333 223.917 0.431373 0.5 0 0
5900 0.108796 0.833333 224.75 0.431373 0.5 0 0
5910 0.108796 0.833333 224.75 0.427451 0.5 0 0
5920 0.108787 0.833333 225.583 0.431373 0.5 0 0
5930 0.108787 0.833333 225.583 0.431373 0.5 0 0
5940 0.10878 0.75 226.333 0.431373 0.5 0 0
5950 0.10878 0.75 226.333 0.427451 0.5 0 0
5960 0.10875 0.75 227.083 0.431373 0.5 0 0
5970 0.10875 0.75 227.083 0.431373 0.5 0 0
5980 0.108741 0.75 227.833 0.427451 0.5 0 0
5990 0.108741 0.75 227.833 0.431373 0.5 0 0
6000 0.108686 0.75 228.583 0.431373 0.5 0 0
6010 0.108686 0.75 228.583 0.431373 0.5 0 0
6020 0.109102 0.75 229.333 0.431373 0.5 0 0
6030 0.109102 0.75 229.333 0.431373 0.5 0 0
6040 0.109468 0.75 230.083 0.431373 0.5 0 0
6050 0.109468 0.75 230.083 0.431373 0.5 0 0
6060 0.109848 0.583333 230.667 0.431373 0.5 0 0
6070 0.109848 0.583333 230.667 0.431373 0.5 0 0
6080 0.110103 0.583333 231.25 0.431373 0.5 0 0
6090 0.110103 0.583333 231.25 0.431373 0.5 0 0
6100 0.110336 0.583333 231.833 0.427451 0.5 0 0
6110 0.110336 0.583333 231.833 0.423529 0.5 0 0
6120 0.11019 0.666667 232.5 0.423529 0.5 0 0
6130 0.11019 0.666667 232.5 0.423529 0.5 0 0
6140 0.110096 0.75 233.25 0.423529 0.5 0 0
6150 0.110096 0.75 233.25 0.423529 0.5 0 0
6160 0.110165 0.75 234 0.423529 0.5 0 0
6170 0.110165 0.75 234 0.423529 0.5 0 0
6180 0.110641 0.75 234.75 0.427451 0.5 0 0
6190 0.110641 0.75 234.75 0.427451 0.5 0 0
6200 0.110608 0.75 235.5 0.423529 0.5 0 0
6210 0.110608 0.75 235.5 0.423529 0.5 0 0
6220 0.110465 0.833333 236.333 0.423529 0.5 0 0
6230 0.110465 0.833333 236.333 0.423529 0.5 0 0
6240 0.110405 0.916667 237.25 0.419608 0.5 0 0
6250 0.110405 0.916667 237.25 0.419608 0.5 0 0
6260 0.110023 0.916667 238.167 0.419608 0.5 0 0
6270 0.110023 0.916667 238.167 0.419608 0.5 0 0
6280 0.109693 0.916667 239.083 0.419608 0.5 0 0
6290 0.109693 0.916667 239.083 0.419608 0.5 0 0
6300 0.109499 0.916667 240 0.419608 0.5 0 0
6310 0.109499 0.916667 240 0.419608 0.5 0 0
6320 0.109407 0.916667 240.917 0.419608 0.5 0 0
6330 0.109407 0.916667 240.917 0.419608 0.5 0 0
6340 0.109348 0.916667 241.833 0.419608 0.5 0 0
6350 0.109348 0.916667 241.833 0.419608 0.5 0 0
6360 0.10928 0.916667 242.75 0.419608 0.5 0 0
6370 0.10928 0.916667 242.75 0.419608 0.5 0 0
6380 0.109167 0.916667 243.667 0.419608 0.5 0 0
6390 0.109167 0.916667 243.667 0.419608 0.5 0 0
6400 0.109117 0.916667 244.583 0.419608 0.5 0 0
6410 0.109117 0.916667 244.583 0.419608 0.5 0 0
6420 0.10906 0.916667 245.5 0.419608 0.5 0 0
6430 0.10906 0.916667 245.5 0.419608 0.5 0 0
6440 0.108898 0.916667 246.417 0.419608 0.5 0 0
6450 0.108898 0.916667 246.417 0.419608 0.5 0 0
6460 0.108851 0.916667 247.333 0.419608 0.5 0 0
6470 0.108851 0.916667 247.333 0.419608 0.5 0 0
6480 0.108814 0.916667 248.25 0.419608 0.5 0 0
6490 0.108814 0.916667 248.25 0.419608 0.5 0 0
6500 0.108748 0.916667 249.167 0.419608 0.5 0 0
6510 0.108748 0.916667 249.167 0.419608 0.5 0 0
6520 0.108648 1 250.167 0.419608 0.5 0 0
6530 0.108648 1 250.167 0.419608 0.5 0 0
6540 0.108583 1 251.167 0.419608 0.5 0 0
6550 0.108583 1 251.167 0.415686 0.5 0 0
6560 0.108519 1 252.167 0.419608 0.5 0 0
6570 0.108519 1 252.167 0.419608 0.5 0 0
6580 0.108467 1 253.167 0.419608 0.5 0 0
6590 0.108467 1 253.167 0.419608 0.5 0 0
6600 0.108358 0.916667 254.083 0.419608 0.5 0 0
6610 0.108358 0.916667 254.083 0.415686 0.5 0 0
6620 0.108151 1 255.083 0.415686 0.5 0 0
6630 0.108151 1 255.083 0.419608 0.5 0 0
6640 0.107998 1 256.083 0.415686 0.5 0 0
6650 0.107998 1 256.083 0.415686 0.5 0 0
6660 0.107886 1 257.083 0.415686 0.5 0 0
6670 0.107886 1 257.083 0.415686 0.5 0 0
6680 0.107792 1 258.083 0.415686 0.5 0 0
6690 0.107792 1 258.083 0.415686 0.5 0 0
6700 0.107664 1 259.083 0.415686 0.5 0 0
6710 0.107664 1 259.083 0.415686 0.5 0 0
6720 0.1076 1 260.083 0.415686 0.5 0 0
6730 0.1076 1 260.083 0.415686 0.5 0 0
6740 0.10753 1 261.083 0.415686 0.5 0 0
6750 0.10753 1 261.083 0.415686 0.5 0 0
6760 0.107502 1 262.083 0.415686 0.5 0 0
6770 0.107502 1 262.083 0.415686 0.5 0 0
6780 0.107447 1 263.083 0.415686 0.5 0 0
6790 0.107447 1 263.083 0.415686 0.5 0 0
6800 0.10736 1 264.083 0.415686 0.5 0 0
6810 0.10736 1 264.083 0.415686 0.5 0 0
6820 0.10728 1 265.083 0.415686 0.5 0 0
6830 0.10728 1 265.083 0.415686 0.5 0 0
6840 0.107212 1 266.083 0.415686 0.5 0 0
6850 0.107212 1 266.083 0.415686 0.5 0 0
6860 0.107171 1 267.083 0.415686 0.5 0 0
6870 0.107171 1 267.083 0.415686 0.5 0 0
6880 0.107126 1 268.083 0.415686 0.5 0 0
6890 0.107126 1 268.083 0.415686 0.5 0 0
6900 0.107089 1 269.083 0.415686 0.5 0 0
6910 0.107089 1 269.083 0.415686 0.5 0 0
6920 0.107015 1 270.083 0.415686 0.5 0 0
6930 0.107015 1 270.083 0.415686 0.5 0 0
6940 0.106907 1 271.083 0.415686 0.5 0 0
6950 0.106907 1 271.083 0.415686 0.5 0 0
6960 0.106802 1 272.083 0.415686 0.5 0 0
6970 0.106802 1 272.083 0.415686 0.5 0 0
6980 0.106709 1 273.083 0.415686 0.5 0 0
6990 0.106709 1 273.083 0.415686 0.5 0 0
7000 0.10667 1 274.083 0.415686 0.5 0 0
7010 0.10667 1 274.083 0.415686 0.5 0 0
7020 0.10664 1 275.083 0.415686 0.5 0 0
7030 0.10664 1 275.083 0.415686 0.5 0 0
7040 0.106617 1 276.083 0.415686 0.5 0 0
7050 0.106617 1 276.083 0.415686 0.5 0 0
7060 0.106612 1 277.083 0.415686 0.5 0 0
7070 0.106612 1 277.083 0.415686 0.5 0 0
7080 0.106584 0.916667 278 0.415686 0.5 0 0
7090 0.106584 0.916667 278 0.415686 0.5 0 0
7100 0.106553 0.916667 278.917 0.415686 0.5 0 0
7110 0.106553 0.916667 278.917 0.415686 0.5 0 0
7120 0.10655 0.916667 279.833 0.415686 0.5 0 0
7130 0.10655 0.916667 279.833 0.415686 0.5 0 0
7140 0.106265 0.833333 280.667 0.415686 0.5 0 0
7150 0.106265 0.833333 280.667 0.415686 0.5 0 0
7160 0.106278 0.75 281.417 0.415686 0.5 0 0
7170 0.106278 0.75 281.417 0.415686 0.5 0 0
7180 0.106313 0.583333 282 0.415686 0.5 0 0
7190 0.106313 0.583333 282 0.415686 0.5 0 0
7200 0.10634 0.583333 282.583 0.415686 0.5 0 0
7210 0.10634 0.583333 282.583 0.415686 0.5 0 0
7220 0.106364 0.666667 283.25 0.415686 0.5 0 0
7230 0.106364 0.666667 283.25 0.411765 0.5 0 0
7240 0.106361 0.666667 283.917 0.411765 0.5 0 0
7250 0.106361 0.666667 283.917 0.415686 0.5 0 0
7260 0.106359 0.666667 284.583 0.415686 0.5 0 0
7270 0.106359 0.666667 284.583 0.415686 0.5 0 0
7280 0.106332 0.666667 285.25 0.411765 0.5 0 0
7290 0.106332 0.666667 285.25 0.415686 0.5 0 0
7300 0.106347 0.75 286 0.415686 0.5 0 0
7310 0.106347 0.75 286 0.415686 0.5 0 0
7320 0.106365 0.75 286.75 0.415686 0.5 0 0
7330 0.106365 0.75 286.75 0.415686 0.5 0 0
7340 0.106382 0.75 287.5 0.415686 0.5 0 0
7350 0.106382 0.75 287.5 0.415686 0.5 0 0
7360 0.106388 1 288.5 0.415686 0.5 0 0
7370 0.106388 1 288.5 0.411765 0.5 0 0
7380 0.106351 1 289.5 0.415686 0.5 0 0
7390 0.106351 1 289.5 0.415686 0.5 0 0
7400 0.106314 1 290.5 0.411765 0.5 0 0
7410 0.106314 1 290.5 0.415686 0.5 0 0
7420 0.106204 1 291.5 0.411765 0.5 0 0
7430 0.106204 1 291.5 0.415686 0.5 0 0
7440 0.105821 1 292.5 0.411765 0.5 0 0
7450 0.105821 1 292.5 0.411765 0.5 0 0
7460 0.104146 1 293.5 0.411765 0.5 0 0
7470 0.104146 1 293.5 0.411765 0.5 0 0
7480 0.102596 0.833333 294.333 0.411765 0.5 0 0
7490 0.102596 0.833333 294.333 0.411765 0.5 0 0
7500 0.10205 1 295.333 0.411765 0.5 0 0
7510 0.10205 1 295.333 0.411765 0.5 0 0
7520 0.101569 1 296.333 0.411765 0.5 0 0
7530 0.101569 1 296.333 0.411765 0.5 0 0
7540 0.101462 1 297.333 0.411765 0.5 0 0
7550 0.101462 1 297.333 0.411765 0.5 0 0
7560 0.101462 1 298.333 0.411765 0.5 0 0
7570 0.101462 1 298.333 0.411765 0.5 0 0
7580 0.101635 0.916667 299.25 0.411765 0.5 0 0
7590 0.101635 0.916667 299.25 0.411765 0.5 0 0
7600 0.101618 0.916667 300.167 0.407843 0.5 0 0
7610 0.101618 0.916667 300.167 0.411765 0.5 0 0
7620 0.101568 1 301.167 0.407843 0.5 0 0
7630 0.101568 1 301.167 0.407843 0.5 0 0
7640 0.101419 1 302.167 0.407843 0.5 0 0
7650 0.101419 1 302.167 0.407843 0.5 0 0
7660 0.101379 1 303.167 0.411765 0.5 0 0
7670 0.101379 1 303.167 0.411765 0.5 0 0
7680 0.101294 0.916667 304.083 0.407843 0.5 0 0
7690 0.101294 0.916667 304.083 0.411765 0.5 0 0
7700 0.10024 1 305.083 0.411765 0.5 0 0
7710 0.10024 1 305.083 0.411765 0.5 0 0
7720 0.100216 1 306.083 0.411765 0.5 0 0
7730 0.100216 1 306.083 0.407843 0.5 0 0
7740 0.100251 1 307.083 0.407843 0.5 0 0
7750 0.100251 1 307.083 0.407843 0.5 0 0
7760 0.100224 0.75 307.833 0.407843 0.5 0 0
7770 0.100224 0.75 307.833 0.407843 0.5 0 0
7780 0.100187 0.833333 308.667 0.407843 0.5 0 0
7790 0.100187 0.833333 308.667 0.407843 0.5 0 0
7800 0.1002 0.833333 309.5 0.407843 0.5 0 0
7810 0.1002 0.833333 309.5 0.407843 0.5 0 0
7820 0.10022 0.833333 310.333 0.407843 0.5 0 0
7830 0.10022 0.833333 310.333 0.407843 0.5 0 0
7840 0.100242 0.833333 311.167 0.407843 0.5 0 0
7850 0.100242 0.833333 311.167 0.407843 0.5 0 0
7860 0.100202 0.833333 312 0.407843 0.5 0 0
7870 0.100202 0.833333 312 0.407843 0.5 0 0
7880 0.100219 0.75 312.75 0.407843 0.5 0 0
7890 0.100219 0.75 312.75 0.407843 0.5 0 0
7900 0.10024 0.75 313.5 0.403922 0.5 0 0
7910 0.10024 0.75 313.5 0.407843 0.5 0 0
7920 0.100207 0.833333 314.333 0.403922 0.5 0 0
7930 0.100207 0.833333 314.333 0.403922 0.5 0 0
7940 0.100054 0.833333 315.167 0.403922 0.5 0 0
7950 0.100054 0.833333 315.167 0.403922 0.5 0 0
7960 0.100045 0.833333 316 0.403922 0.5 0 0
7970 0.100045 0.833333 316 0.403922 0.5 0 0
7980 0.100116 0.833333 316.833 0.403922 0.5 0 0
7990 0.100116 0.833333 316.833 0.403922 0.5 0 0
8000 0.100173 0.833333 317.667 0.403922 0.5 0 0
8010 0.100173 0.833333 317.667 0.403922 0.5 0 0
8020 0.100265 1 318.667 0.403922 0.5 0 0
8030 0.100265 1 318.667 0.403922 0.5 0 0
8040 0.100335 0.916667 319.583 0.403922 0.5 0 0
8050 0.100335 0.916667 319.583 0.403922 0.5 0 0
8060 0.10016 1 320.583 0.403922 0.5 0 0
8070 0.10016 1 320.583 0.403922 0.5 0 0
8080 0.100243 1 321.583 0.403922 0.5 0 0
8090 0.100243 1 321.583 0.403922 0.5 0 0
8100 0.100294 1 322.583 0.403922 0.5 0 0
8110 0.100294 1 322.583 0.403922 0.5 0 0
8120 0.100353 1 323.583 0.403922 0.5 0 0
8130 0.100353 1 323.583 0.403922 0.5 0 0
8140 0.100399 1 324.583 0.403922 0.5 0 0
8150 0.100399 1 324.583 0.4 0.5 0 0
8160 0.100465 1 325.583 0.403922 0.5 0 0
8170 0.100465 1 325.583 0.4 0.5 0 0
8180 0.100547 1 326.583 0.4 0.5 0 0
8190 0.100547 1 326.583 0.4 0.5 0 0
8200 0.100612 1 327.583 0.4 0.5 0 0
8210 0.100612 1 327.583 0.4 0.5 0 0
8220 0.100679 1 328.583 0.4 0.5 0 0
8230 0.100679 1 328.583 0.4 0.5 0 0
8240 0.100697 1 329.583 0.4 0.5 0 0
8250 0.100697 1 329.583 0.4 0.5 0 0
8260 0.100748 1 330.583 0.4 0.5 0 0
8270 0.100748 1 330.583 0.4 0.5 0 0
8280 0.100799 1 331.583 0.4 0.5 0 0
8290 0.100799 1 331.583 0.4 0.5 0 0
8300 0.100864 0.916667 332.5 0.4 0.5 0 0
8310 0.100864 0.916667 332.5 0.4 0.5 0 0
8320 0.101219 0.916667 333.417 0.4 0.5 0 0
8330 0.101219 0.916667 333.417 0.396078 0.5 0 0
8340 0.10131 1 334.417 0.396078 0.5 0 0
8350 0.10131 1 334.417 0.396078 0.5 0 0
8360 0.101317 1 335.417 0.4 0.5 0 0
8370 0.101317 1 335.417 0.4 0.5 0 0
8380 0.101365 1 336.417 0.396078 0.5 0 0
8390 0.101365 1 336.417 0.4 0.5 0 0
8400 0.101365 1 337.417 0.396078 0.5 0 0
8410 0.101365 1 337.417 0.4 0.5 0 0
8420 0.101344 1 338.417 0.396078 0.5 0 0
8430 0.101344 1 338.417 0.396078 0.5 0 0
8440 0.101296 1 339.417 0.396078 0.5 0 0
8450 0.101296 1 339.417 0.396078 0.5 0 0
8460 0.101189 1 340.417 0.396078 0.5 0 0
8470 0.101189 1 340.417 0.396078 0.5 0 0
8480 0.101063 1 341.417 0.396078 0.5 0 0
8490 0.101063 1 341.417 0.396078 0.5 0 0
8500 0.100919 1 342.417 0.396078 0.5 0 0
8510 0.100919 1 342.417 0.396078 0.5 0 0
8520 0.100757 1 343.417 0.396078 0.5 0 0
8530 0.100757 1 343.417 0.396078 0.5 0 0
8540 0.100471 1 344.417 0.396078 0.5 0 0
8550 0.100471 1 344.417 0.396078 0.5 0 0
8560 0.100325 1 345.417 0.396078 0.5 0 0
8570 0.100325 1 345.417 0.396078 0.5 0 0
8580 0.100385 0.916667 346.333 0.396078 0.5 0 0
8590 0.100385 0.916667 346.333 0.396078 0.5 0 0
8600 0.100408 0.916667 347.25 0.396078 0.5 0 0
8610 0.100408 0.916667 347.25 0.396078 0.5 0 0
8620 0.100428 0.916667 348.167 0.396078 0.5 0 0
8630 0.100428 0.916667 348.167 0.396078 0.5 0 0
8640 0.10044 0.833333 349 0.396078 0.5 0 0
8650 0.10044 0.833333 349 0.396078 0.5 0 0
8660 0.100435 0.916667 349.917 0.396078 0.5 0 0
8670 0.100435 0.916667 349.917 0.396078 0.5 0 0
8680 0.100527 0.916667 350.833 0.396078 0.5 0 0
8690 0.100527 0.916667 350.833 0.396078 0.5 0 0
8700 0.10049 1 351.833 0.396078 0.5 0 0
8710 0.10049 1 351.833 0.396078 0.5 0 0
8720 0.100443 1 352.833 0.396078 0.5 0 0
8730 0.100443 1 352.833 0.396078 0.5 0 0
8740 0.100508 1 353.833 0.396078 0.5 0 0
8750 0.100508 1 353.833 0.396078 0.5 0 0
8760 0.10058 0.916667 354.75 0.396078 0.5 0 0
8770 0.10058 0.916667 354.75 0.396078 0.5 0 0
8780 0.100609 0.916667 355.667 0.396078 0.5 0 0
8790 0.100609 0.916667 355.667 0.396078 0.5 0 0
8800 0.100703 0.666667 356.333 0.4 0.5 0 0
8810 0.100703 0.666667 356.333 0.396078 0.5 0 0
8820 0.100657 0.666667 357 0.396078 0.5 0 0
8830 0.100657 0.666667 357 0.396078 0.5 0 0
8840 0.100638 0.666667 357.667 0.396078 0.5 0 0
8850 0.100638 0.666667 357.667 0.396078 0.5 0 0
8860 0.100613 0.833333 358.5 0.396078 0.5 0 0
8870 0.100613 0.833333 358.5 0.396078 0.5 0 0
8880 0.100631 0.75 359.25 0.396078 0.5 0 0
8890 0.100631 0.75 359.25 0.396078 0.5 0 0
8900 0.100614 0.75 360 0.396078 0.5 0 0
8910 0.100614 0.75 360 0.396078 0.5 0 0
8920 0.100598 0.916667 360.917 0.396078 0.5 0 0
8930 0.100598 0.916667 360.917 0.396078 0.5 0 0
8940 0.100528 0.916667 361.833 0.396078 0.5 0 0
8950 0.100528 0.916667 361.833 0.396078 0.5 0 0
8960 0.100453 0.916667 362.75 0.396078 0.5 0 0
8970 0.100453 0.916667 362.75 0.396078 0.5 0 0
8980 0.100406 0.75 363.5 0.396078 0.5 0 0
8990 0.100406 0.75 363.5 0.396078 0.5 0 0
9000 0.0999267 0.916667 364.417 0.396078 0.5 0 0
9010 0.0999267 0.916667 364.417 0.396078 0.5 0 0
9020 0.0986839 0.916667 365.333 0.396078 0.5 0 0
9030 0.0986839 0.916667 365.333 0.396078 0.5 0 0
9040 0.0982932 0.916667 366.25 0.396078 0.5 0 0
9050 0.0982932 0.916667 366.25 0.396078 0.5 0 0
9060 0.0983103 1 367.25 0.396078 0.5 0 0
9070 0.0983103 1 367.25 0.396078 0.5 0 0
9080 0.098356 1 368.25 0.392157 0.5 0 0
9090 0.098356 1 368.25 0.396078 0.5 0 0
9100 0.0978 1 369.25 0.396078 0.5 0 0
9110 0.0978 1 369.25 0.396078 0.5 0 0
9120 0.0973567 1 370.25 0.396078 0.5 0 0
9130 0.0973567 1 370.25 0.396078 0.5 0 0
9140 0.0973263 1 371.25 0.396078 0.5 0 0
9150 0.0973263 1 371.25 0.396078 0.5 0 0
9160 0.0972876 1 372.25 0.396078 0.5 0 0
9170 0.0972876 1 372.25 0.396078 0.5 0 0
9180 0.0972589 1 373.25 0.396078 0.5 0 0
9190 0.0972589 1 373.25 0.396078 0.5 0 0
9200 0.0972186 1 374.25 0.396078 0.5 0 0
9210 0.0972186 1 374.25 0.396078 0.5 0 0
9220 0.0971942 0.833333 375.083 0.396078 0.5 0 0
9230 0.0971942 0.833333 375.083 0.396078 0.5 0 0
9240 0.0970249 0.833333 375.917 0.396078 0.5 0 0
9250 0.0970249 0.833333 375.917 0.396078 0.5 0 0
9260 0.0970187 0.666667 376.583 0.396078 0.5 0 0
9270 0.0970187 0.666667 376.583 0.396078 0.5 0 0
9280 0.0969068 0.5 377.083 0.396078 0.5 0 0
9290 0.0969068 0.5 377.083 0.396078 0.5 0 0
9300 0.0960766 0.583333 377.667 0.396078 0.5 0 0
9310 0.0960766 0.583333 377.667 0.396078 0.5 0 0
9320 0.0955341 0.583333 378.25 0.396078 0.5 0 0
9330 0.0955341 0.583333 378.25 0.396078 0.5 0 0
9340 0.0955865 0.583333 378.833 0.396078 0.5 0 0
9350 0.0955865 0.583333 378.833 0.396078 0.5 0 0
9360 0.0956257 0.666667 379.5 0.396078 0.5 0 0
9370 0.0956257 0.666667 379.5 0.396078 0.5 0 0
9380 0.095651 0.666667 380.167 0.396078 0.5 0 0
9390 0.095651 0.666667 380.167 0.396078 0.5 0 0
9400 0.0956684 0.666667 380.833 0.396078 0.5 0 0
9410 0.0956684 0.666667 380.833 0.396078 0.5 0 0
9420 0.0956753 0.666667 381.5 0.396078 0.5 0 0
9430 0.0956753 0.666667 381.5 0.396078 0.5 0 0
9440 0.0953407 0.75 382.25 0.396078 0.5 0 0
9450 0.0953407 0.75 382.25 0.396078 0.5 0 0
9460 0.0953435 0.75 383 0.396078 0.5 0 0
9470 0.0953435 0.75 383 0.396078 0.5 0 0
9480 0.0953512 0.833333 383.833 0.396078 0.5 0 0
9490 0.0953512 0.833333 383.833 0.396078 0.5 0 0
9500 0.095352 0.833333 384.667 0.396078 0.5 0 0
9510 0.095352 0.833333 384.667 0.396078 0.5 0 0
9520 0.0953569 0.833333 385.5 0.396078 0.5 0 0
9530 0.0953569 0.833333 385.5 0.396078 0.5 0 0
9540 0.0953557 0.75 386.25 0.396078 0.5 0 0
9550 0.0953557 0.75 386.25 0.396078 0.5 0 0
9560 0.0953548 0.666667 386.917 0.396078 0.5 0 0
9570 0.0953548 0.666667 386.917 0.396078 0.5 0 0
9580 0.0953469 0.583333 387.5 0.396078 0.5 0 0
9590 0.0953469 0.583333 387.5 0.396078 0.5 0 0
9600 0.0953417 0.666667 388.167 0.396078 0.5 0 0
9610 0.0953417 0.666667 388.167 0.396078 0.5 0 0
9620 0.0953291 0.666667 388.833 0.396078 0.5 0 0
9630 0.0953291 0.666667 388.833 0.396078 0.5 0 0
9640 0.095263 0.666667 389.5 0.396078 0.5 0 0
9650 0.095263 0.666667 389.5 0.396078 0.5 0 0
9660 0.0952654 0.666667 390.167 0.396078 0.5 0 0
9670 0.0952654 0.666667 390.167 0.396078 0.5 0 0
9680 0.0952596 0.666667 390.833 0.396078 0.5 0 0
9690 0.0952596 0.666667 390.833 0.396078 0.5 0 0
9700 0.0952489 0.666667 391.5 0.396078 0.5 0 0
9710 0.0952489 0.666667 391.5 0.396078 0.5 0 0
9720 0.0952344 0.666667 392.167 0.396078 0.5 0 0
9730 0.0952344 0.666667 392.167 0.396078 0.5 0 0
9740 0.0952183 0.666667 392.833 0.396078 0.5 0 0
9750 0.0952183 0.666667 392.833 0.396078 0.5 0 0
9760 0.0952153 0.666667 393.5 0.396078 0.5 0 0
9770 0.0952153 0.666667 393.5 0.396078 0.5 0 0
9780 0.0952168 0.583333 394.083 0.396078 0.5 0 0
9790 0.0952168 0.583333 394.083 0.396078 0.5 0 0
9800 0.0951226 0.583333 394.667 0.396078 0.5 0 0
9810 0.0951226 0.583333 394.667 0.396078 0.5 0 0
9820 0.0948504 0.583333 395.25 0.396078 0.5 0 0
9830 0.0948504 0.583333 395.25 0.396078 0.5 0 0
9840 0.0948383 0.583333 395.833 0.396078 0.5 0 0
9850 0.0948383 0.583333 395.833 0.396078 0.5 0 0
9860 0.0948389 0.666667 396.5 0.396078 0.5 0 0
9870 0.0948389 0.666667 396.5 0.396078 0.5 0 0
9880 0.0948409 0.666667 397.167 0.396078 0.5 0 0
9890 0.0948409 0.666667 397.167 0.396078 0.5 0 0
9900 0.0948416 0.583333 397.75 0.396078 0.5 0 0
9910 0.0948416 0.583333 397.75 0.396078 0.5 0 0
9920 0.0948358 0.583333 398.333 0.396078 0.5 0 0
9930 0.0948358 0.583333 398.333 0.396078 0.5 0 0
9940 0.0948035 0.5 398.833 0.396078 0.5 0 0
9950 0.0948035 0.5 398.833 0.396078 0.5 0 0
9960 0.0947933 0.666667 399.5 0.396078 0.5 0 0
9970 0.0947933 0.666667 399.5 0.396078 0.5 0 0
9980 0.0947818 0.666667 400.167 0.396078 0.5 0 0
9990 0.0947818 0.666667 400.167 0.396078 0.5 0 0
10000 0.0948172 0.666667 400.833 0.396078 0.5 0 0
10010 0.0948172 0.666667 400.833 0.396078 0.5 0 0
10020 0.0948589 0.666667 401.5 0.396078 0.5 0 0
10030 0.0948589 0.666667 401.5 0.396078 0.5 0 0
10040 0.0948242 0.75 402.25 0.396078 0.5 0 0
10050 0.0948242 0.75 402.25 0.396078 0.5 0 0
10060 0.0950284 0.75 403 0.396078 0.5 0 0
10070 0.0950284 0.75 403 0.392157 0.5 0 0
10080 0.0951138 0.583333 403.583 0.396078 0.5 0 0
10090 0.0951138 0.583333 403.583 0.396078 0.5 0 0
10100 0.0951999 0.75 404.333 0.392157 0.5 0 0
10110 0.0951999 0.75 404.333 0.392157 0.5 0 0
10120 0.0952275 0.75 405.083 0.392157 0.5 0 0
10130 0.0952275 0.75 405.083 0.396078 0.5 0 0
10140 0.0952532 0.75 405.833 0.396078 0.5 0 0
10150 0.0952532 0.75 405.833 0.392157 0.5 0 0
10160 0.0952812 0.666667 406.5 0.392157 0.5 0 0
10170 0.0952812 0.666667 406.5 0.392157 0.5 0 0
10180 0.095313 0.666667 407.167 0.392157 0.5 0 0
10190 0.095313 0.666667 407.167 0.392157 0.5 0 0
10200 0.0953455 0.75 407.917 0.392157 0.5 0 0
10210 0.0953455 0.75 407.917 0.392157 0.5 0 0
10220 0.0953724 0.75 408.667 0.392157 0.5 0 0
10230 0.0953724 0.75 408.667 0.392157 0.5 0 0
10240 0.0953935 0.75 409.417 0.392157 0.5 0 0
10250 0.0953935 0.75 409.417 0.392157 0.5 0 0
10260 0.0954162 0.666667 410.083 0.392157 0.5 0 0
10270 0.0954162 0.666667 410.083 0.392157 0.5 0 0
10280 0.0954334 0.666667 410.75 0.392157 0.5 0 0
10290 0.0954334 0.666667 410.75 0.392157 0.5 0 0
10300 0.0954538 0.666667 411.417 0.392157 0.5 0 0
10310 0.0954538 0.666667 411.417 0.392157 0.5 0 0
10320 0.0954727 0.75 412.167 0.392157 0.5 0 0
10330 0.0954727 0.75 412.167 0.392157 0.5 0 0
10340 0.0954944 0.75 412.917 0.392157 0.5 0 0
10350 0.0954944 0.75 412.917 0.392157 0.5 0 0
10360 0.0955146 0.75 413.667 0.392157 0.5 0 0
10370 0.0955146 0.75 413.667 0.392157 0.5 0 0
10380 0.0955325 0.75 414.417 0.392157 0.5 0 0
10390 0.0955325 0.75 414.417 0.392157 0.5 0 0
10400 0.0955516 0.75 415.167 0.392157 0.5 0 0
10410 0.0955516 0.75 415.167 0.392157 0.5 0 0
10420 0.0955674 0.75 415.917 0.392157 0.5 0 0
10430 0.0955674 0.75 415.917 0.392157 0.5 0 0
10440 0.095586 0.75 416.667 0.392157 0.5 0 0
10450 0.095586 0.75 416.667 0.392157 0.5 0 0
10460 0.0956067 0.75 417.417 0.392157 0.5 0 0
10470 0.0956067 0.75 417.417 0.388235 0.5 0 0
10480 0.0956272 0.75 418.167 0.392157 0.5 0 0
10490 0.0956272 0.75 418.167 0.388235 0.5 0 0
10500 0.095645 0.75 418.917 0.392157 0.5 0 0
10510 0.095645 0.75 418.917 0.388235 0.5 0 0
10520 0.095669 0.75 419.667 0.392157 0.5 0 0
10530 0.095669 0.75 419.667 0.388235 0.5 0 0
10540 0.0956866 0.75 420.417 0.388235 0.5 0 0
10550 0.0956866 0.75 420.417 0.388235 0.5 0 0
10560 0.0956947 0.75 421.167 0.392157 0.5 0 0
10570 0.0956947 0.75 421.167 0.388235 0.5 0 0
10580 0.0957116 0.75 421.917 0.388235 0.5 0 0
10590 0.0957116 0.75 421.917 0.392157 0.5 0 0
10600 0.0957317 0.833333 422.75 0.388235 0.5 0 0
10610 0.0957317 0.833333 422.75 0.388235 0.5 0 0
10620 0.095756 0.75 423.5 0.388235 0.5 0 0
10630 0.095756 0.75 423.5 0.392157 0.5 0 0
10640 0.0957782 0.833333 424.333 0.388235 0.5 0 0
10650 0.0957782 0.833333 424.333 0.388235 0.5 0 0
10660 0.0958037 0.833333 425.167 0.388235 0.5 0 0
10670 0.0958037 0.833333 425.167 0.388235 0.5 0 0
10680 0.0958296 0.833333 426 0.388235 0.5 0 0
10690 0.0958296 0.833333 426 0.388235 0.5 0 0
10700 0.0958537 0.833333 426.833 0.388235 0.5 0 0
10710 0.0958537 0.833333 426.833 0.388235 0.5 0 0
10720 0.095877 0.833333 427.667 0.388235 0.5 0 0
10730 0.095877 0.833333 427.667 0.388235 0.5 0 0
10740 0.0959047 0.833333 428.5 0.388235 0.5 0 0
10750 0.0959047 0.833333 428.5 0.388235 0.5 0 0
10760 0.0959361 0.833333 429.333 0.388235 0.5 0 0
10770 0.0959361 0.833333 429.333 0.388235 0.5 0 0
10780 0.0959644 0.833333 430.167 0.388235 0.5 0 0
10790 0.0959644 0.833333 430.167 0.388235 0.5 0 0
10800 0.095991 0.75 430.917 0.388235 0.5 0 0
10810 0.095991 0.75 430.917 0.388235 0.5 0 0
10820 0.0960164 0.75 431.667 0.388235 0.5 0 0
10830 0.0960164 0.75 431.667 0.388235 0.5 0 0
10840 0.0960213 0.75 432.417 0.388235 0.5 0 0
10850 0.0960213 0.75 432.417 0.388235 0.5 0 0
10860 0.0960213 0.583333 433 0.388235 0.5 0 0
10870 0.0960213 0.583333 433 0.388235 0.5 0 0
10880 0.0960213 0.916667 433.917 0.388235 0.5 0 0
10890 0.0960213 0.916667 433.917 0.388235 0.5 0 0
10900 0.0960233 0.916667 434.833 0.388235 0.5 0 0
10910 0.0960233 0.916667 434.833 0.388235 0.5 0 0
10920 0.0960445 0.75 435.583 0.388235 0.5 0 0
10930 0.0960445 0.75 435.583 0.388235 0.5 0 0
10940 0.0960445 0.916667 436.5 0.388235 0.5 0 0
10950 0.0960445 0.916667 436.5 0.388235 0.5 0 0
10960 0.096122 0.916667 437.417 0.388235 0.5 0 0
10970 0.096122 0.916667 437.417 0.388235 0.5 0 0
10980 0.0961336 0.75 438.167 0.388235 0.5 0 0
10990 0.0961336 0.75 438.167 0.388235 0.5 0 0
11000 0.0961192 0.666667 438.833 0.388235 0.5 0 0
11010 0.0961192 0.666667 438.833 0.388235 0.5 0 0
11020 0.0961032 0.75 439.583 0.388235 0.5 0 0
11030 0.0961032 0.75 439.583 0.388235 0.5 0 0
11040 0.0959651 0.916667 440.5 0.384314 0.5 0 0
11050 0.0959651 0.916667 440.5 0.388235 0.5 0 0
11060 0.0956687 0.916667 441.417 0.388235 0.5 0 0
11070 0.0956687 0.916667 441.417 0.388235 0.5 0 0
11080 0.0955775 0.916667 442.333 0.388235 0.5 0 0
11090 0.0955775 0.916667 442.333 0.384314 0.5 0 0
11100 0.0955764 0.916667 443.25 0.388235 0.5 0 0
11110 0.0955764 0.916667 443.25 0.388235 0.5 0 0
11120 0.0955783 0.833333 444.083 0.384314 0.5 0 0
11130 0.0955783 0.833333 444.083 0.388235 0.5 0 0
11140 0.0955785 0.916667 445 0.388235 0.5 0 0
11150 0.0955785 0.916667 445 0.388235 0.5 0 0
11160 0.0955767 0.833333 445.833 0.388235 0.5 0 0
11170 0.0955767 0.833333 445.833 0.384314 0.5 0 0
11180 0.0955787 0.75 446.583 0.388235 0.5 0 0
11190 0.0955787 0.75 446.583 0.384314 0.5 0 0
11200 0.0956269 0.666667 447.25 0.384314 0.5 0 0
11210 0.0956269 0.666667 447.25 0.384314 0.5 0 0
11220 0.0956541 0.666667 447.917 0.384314 0.5 0 0
11230 0.0956541 0.666667 447.917 0.384314 0.5 0 0
11240 0.0957543 0.833333 448.75 0.384314 0.5 0 0
11250 0.0957543 0.833333 448.75 0.384314 0.5 0 0
11260 0.0958822 0.833333 449.583 0.384314 0.5 0 0
11270 0.0958822 0.833333 449.583 0.384314 0.5 0 0
11280 0.0958595 0.833333 450.417 0.384314 0.5 0 0
11290 0.0958595 0.833333 450.417 0.384314 0.5 0 0
11300 0.0958861 0.833333 451.25 0.384314 0.5 0 0
11310 0.0958861 0.833333 451.25 0.384314 0.5 0 0
11320 0.0959138 0.833333 452.083 0.384314 0.5 0 0
11330 0.0959138 0.833333 452.083 0.384314 0.5 0 0
11340 0.0959392 0.833333 452.917 0.384314 0.5 0 0
11350 0.0959392 0.833333 452.917 0.384314 0.5 0 0
11360 0.0959689 0.583333 453.5 0.384314 0.5 0 0
11370 0.0959689 0.583333 453.5 0.384314 0.5 0 0
11380 0.0960025 0.583333 454.083 0.384314 0.5 0 0
11390 0.0960025 0.583333 454.083 0.384314 0.5 0 0
11400 0.0960362 0.5 454.583 0.384314 0.5 0 0
11410 0.0960362 0.5 454.583 0.384314 0.5 0 0
11420 0.0960519 0.583333 455.167 0.384314 0.5 0 0
11430 0.0960519 0.583333 455.167 0.384314 0.5 0 0
11440 0.0960756 0.583333 455.75 0.384314 0.5 0 0
11450 0.0960756 0.583333 455.75 0.384314 0.5 0 0
11460 0.0961048 0.583333 456.333 0.384314 0.5 0 0
11470 0.0961048 0.583333 456.333 0.384314 0.5 0 0
11480 0.0961306 0.583333 456.917 0.384314 0.5 0 0
11490 0.0961306 0.583333 456.917 0.384314 0.5 0 0
11500 0.0961576 0.583333 457.5 0.384314 0.5 0 0
11510 0.0961576 0.583333 457.5 0.384314 0.5 0 0
11520 0.0962083 0.583333 458.083 0.384314 0.5 0 0
11530 0.0962083 0.583333 458.083 0.384314 0.5 0 0
11540 0.0962575 0.416667 458.5 0.384314 0.5 0 0
11550 0.0962575 0.416667 458.5 0.384314 0.5 0 0
11560 0.0962978 0.416667 458.917 0.384314 0.5 0 0
11570 0.0962978 0.416667 458.917 0.384314 0.5 0 0
11580 0.0963305 0.416667 459.333 0.384314 0.5 0 0
11590 0.0963305 0.416667 459.333 0.384314 0.5 0 0
11600 0.0963571 0.416667 459.75 0.384314 0.5 0 0
11610 0.0963571 0.416667 459.75 0.384314 0.5 0 0
11620 0.0963799 0.416667 460.167 0.384314 0.5 0 0
11630 0.0963799 0.416667 460.167 0.384314 0.5 0 0
11640 0.0964035 0.416667 460.583 0.384314 0.5 0 0
11650 0.0964035 0.416667 460.583 0.384314 0.5 0 0
11660 0.0964249 0.416667 461 0.384314 0.5 0 0
11670 0.0964249 0.416667 461 0.384314 0.5 0 0
11680 0.0964476 0.416667 461.417 0.384314 0.5 0 0
11690 0.0964476 0.416667 461.417 0.384314 0.5 0 0
11700 0.0964655 0.416667 461.833 0.384314 0.5 0 0
11710 0.0964655 0.416667 461.833 0.384314 0.5 0 0
11720 0.0964842 0.416667 462.25 0.384314 0.5 0 0
11730 0.0964842 0.416667 462.25 0.384314 0.5 0 0
11740 0.0965043 0.416667 462.667 0.384314 0.5 0 0
11750 0.0965043 0.416667 462.667 0.384314 0.5 0 0
11760 0.0965239 0.416667 463.083 0.384314 0.5 0 0
11770 0.0965239 0.416667 463.083 0.384314 0.5 0 0
11780 0.0965387 0.416667 463.5 0.384314 0.5 0 0
11790 0.0965387 0.416667 463.5 0.384314 0.5 0 0
11800 0.0965524 0.416667 463.917 0.384314 0.5 0 0
11810 0.0965524 0.416667 463.917 0.384314 0.5 0 0
11820 0.0965651 0.416667 464.333 0.384314 0.5 0 0
11830 0.0965651 0.416667 464.333 0.384314 0.5 0 0
11840 0.0965764 0.416667 464.75 0.384314 0.5 0 0
11850 0.0965764 0.416667 464.75 0.384314 0.5 0 0
11860 0.096588 0.416667 465.167 0.384314 0.5 0 0
11870 0.096588 0.416667 465.167 0.384314 0.5 0 0
11880 0.0965982 0.416667 465.583 0.384314 0.5 0 0
11890 0.0965982 0.416667 465.583 0.384314 0.5 0 0
11900 0.0966085 0.416667 466 0.384314 0.5 0 0
11910 0.0966085 0.416667 466 0.384314 0.5 0 0
11920 0.0966172 0.416667 466.417 0.384314 0.5 0 0
11930 0.0966172 0.416667 466.417 0.384314 0.5 0 0
11940 0.0966275 0.416667 466.833 0.384314 0.5 0 0
11950 0.0966275 0.416667 466.833 0.380392 0.5 0 0
11960 0.0966602 0.416667 467.25 0.384314 0.5 0 0
11970 0.0966602 0.416667 467.25 0.384314 0.5 0 0
11980 0.0966884 0.416667 467.667 0.384314 0.5 0 0
11990 0.0966884 0.416667 467.667 0.380392 0.5 0 0
12000 0.096714 0.416667 468.083 0.384314 0.5 0 0
12010 0.096714 0.416667 468.083 0.380392 0.5 0 0
12020 0.0967308 0.416667 468.5 0.380392 0.5 0 0
12030 0.0967308 0.416667 468.5 0.380392 0.5 0 0
12040 0.0967536 0.416667 468.917 0.384314 0.5 0 0
12050 0.0967536 0.416667 468.917 0.384314 0.5 0 0
12060 0.0967726 0.416667 469.333 0.380392 0.5 0 0
12070 0.0967726 0.416667 469.333 0.380392 0.5 0 0
12080 0.096784 0.416667 469.75 0.380392 0.5 0 0
12090 0.096784 0.416667 469.75 0.380392 0.5 0 0
12100 0.0967972 0.416667 470.167 0.380392 0.5 0 0
12110 0.0967972 0.416667 470.167 0.380392 0.5 0 0
12120 0.0968189 0.416667 470.583 0.380392 0.5 0 0
12130 0.0968189 0.416667 470.583 0.380392 0.5 0 0
12140 0.0968394 0.416667 471 0.380392 0.5 0 0
12150 0.0968394 0.416667 471 0.380392 0.5 0 0
12160 0.0968561 0.416667 471.417 0.380392 0.5 0 0
12170 0.0968561 0.416667 471.417 0.380392 0.5 0 0
12180 0.0968731 0.5 471.917 0.380392 0.5 0 0
12190 0.0968731 0.5 471.917 0.380392 0.5 0 0
12200 0.096896 0.583333 472.5 0.380392 0.5 0 0
12210 0.096896 0.583333 472.5 0.380392 0.5 0 0
12220 0.0969217 0.666667 473.167 0.380392 0.5 0 0
12230 0.0969217 0.666667 473.167 0.380392 0.5 0 0
12240 0.0970003 0.666667 473.833 0.380392 0.5 0 0
12250 0.0970003 0.666667 473.833 0.380392 0.5 0 0
12260 0.0970231 0.666667 474.5 0.380392 0.5 0 0
12270 0.0970231 0.666667 474.5 0.380392 0.5 0 0
12280 0.0970426 0.666667 475.167 0.376471 0.5 0 0
12290 0.0970426 0.666667 475.167 0.380392 0.5 0 0
12300 0.0970525 0.666667 475.833 0.380392 0.5 0 0
12310 0.0970525 0.666667 475.833 0.380392 0.5 0 0
12320 0.0970595 0.583333 476.417 0.380392 0.5 0 0
12330 0.0970595 0.583333 476.417 0.376471 0.5 0 0
12340 0.0970737 0.583333 477 0.376471 0.5 0 0
12350 0.0970737 0.583333 477 0.380392 0.5 0 0
12360 0.0969658 0.666667 477.667 0.376471 0.5 0 0
12370 0.0969658 0.666667 477.667 0.380392 0.5 0 0
12380 0.096939 0.666667 478.333 0.376471 0.5 0 0
12390 0.096939 0.666667 478.333 0.376471 0.5 0 0
12400 0.096965 0.666667 479 0.376471 0.5 0 0
12410 0.096965 0.666667 479 0.376471 0.5 0 0
12420 0.0969777 0.666667 479.667 0.376471 0.5 0 0
12430 0.0969777 0.666667 479.667 0.376471 0.5 0 0
12440 0.0969962 0.666667 480.333 0.376471 0.5 0 0
12450 0.0969962 0.666667 480.333 0.376471 0.5 0 0
12460 0.0971484 0.75 481.083 0.376471 0.5 0 0
12470 0.0971484 0.75 481.083 0.376471 0.5 0 0
12480 0.0972235 0.666667 481.75 0.376471 0.5 0 0
12490 0.0972235 0.666667 481.75 0.376471 0.5 0 0
12500 0.0972466 0.666667 482.417 0.376471 0.5 0 0
12510 0.0972466 0.666667 482.417 0.376471 0.5 0 0
12520 0.0972752 0.666667 483.083 0.376471 0.5 0 0
12530 0.0972752 0.666667 483.083 0.376471 0.5 0 0
12540 0.0973042 0.666667 483.75 0.376471 0.5 0 0
12550 0.0973042 0.666667 483.75 0.376471 0.5 0 0
12560 0.0973404 0.666667 484.417 0.376471 0.5 0 0
12570 0.0973404 0.666667 484.417 0.376471 0.5 0 0
12580 0.0974385 0.583333 485 0.376471 0.5 0 0
12590 0.0974385 0.583333 485 0.376471 0.5 0 0
12600 0.0975543 0.583333 485.583 0.376471 0.5 0 0
12610 0.0975543 0.583333 485.583 0.376471 0.5 0 0
12620 0.0976849 0.5 486.083 0.376471 0.5 0 0
12630 0.0976849 0.5 486.083 0.376471 0.5 0 0
12640 0.0978218 0.583333 486.667 0.376471 0.5 0 0
12650 0.0978218 0.583333 486.667 0.376471 0.5 0 0
12660 0.0979229 0.75 487.417 0.376471 0.5 0 0
12670 0.0979229 0.75 487.417 0.376471 0.5 0 0
12680 0.0979837 0.75 488.167 0.376471 0.5 0 0
12690 0.0979837 0.75 488.167 0.372549 0.5 0 0
12700 0.0980875 0.75 488.917 0.372549 0.5 0 0
12710 0.0980875 0.75 488.917 0.372549 0.5 0 0
12720 0.0981437 0.75 489.667 0.372549 0.5 0 0
12730 0.0981437 0.75 489.667 0.372549 0.5 0 0
12740 0.0981852 0.75 490.417 0.372549 0.5 0 0
12750 0.0981852 0.75 490.417 0.372549 0.5 0 0
12760 0.0982661 0.583333 491 0.372549 0.5 0 0
12770 0.0982661 0.583333 491 0.372549 0.5 0 0
12780 0.098389 0.583333 491.583 0.372549 0.5 0 0
12790 0.098389 0.583333 491.583 0.372549 0.5 0 0
12800 0.098452 0.583333 492.167 0.372549 0.5 0 0
12810 0.098452 0.583333 492.167 0.372549 0.5 0 0
12820 0.0983937 0.666667 492.833 0.372549 0.5 0 0
12830 0.0983937 0.666667 492.833 0.372549 0.5 0 0
12840 0.09854 0.666667 493.5 0.372549 0.5 0 0
12850 0.09854 0.666667 493.5 0.372549 0.5 0 0
12860 0.0986702 0.583333 494.083 0.372549 0.5 0 0
12870 0.0986702 0.583333 494.083 0.372549 0.5 0 0
12880 0.0987967 0.583333 494.667 0.368627 0.5 0 0
12890 0.0987967 0.583333 494.667 0.372549 0.5 0 0
12900 0.0988841 0.583333 495.25 0.372549 0.5 0 0
12910 0.0988841 0.583333 495.25 0.372549 0.5 0 0
12920 0.0989322 0.583333 495.833 0.372549 0.5 0 0
12930 0.0989322 0.583333 495.833 0.368627 0.5 0 0
12940 0.0988774 0.5 496.333 0.368627 0.5 0 0
12950 0.0988774 0.5 496.333 0.368627 0.5 0 0
12960 0.0980973 0.583333 496.917 0.372549 0.5 0 0
12970 0.0980973 0.583333 496.917 0.372549 0.5 0 0
12980 0.0980899 0.583333 497.5 0.372549 0.5 0 0
12990 0.0980899 0.583333 497.5 0.372549 0.5 0 0
13000 0.0981919 0.583333 498.083 0.368627 0.5 0 0
13010 0.0981919 0.583333 498.083 0.372549 0.5 0 0
13020 0.0977168 0.583333 498.667 0.368627 0.5 0 0
13030 0.0977168 0.583333 498.667 0.368627 0.5 0 0
13040 0.0974337 0.583333 499.25 0.368627 0.5 0 0
13050 0.0974337 0.583333 499.25 0.368627 0.5 0 0
13060 0.0975168 0.5 499.75 0.368627 0.5 0 0
13070 0.0975168 0.5 499.75 0.368627 0.5 0 0
13080 0.0975994 0.5 500.25 0.368627 0.5 0 0
13090 0.0975994 0.5 500.25 0.368627 0.5 0 0
13100 0.0975774 0.333333 500.583 0.368627 0.5 0 0
13110 0.0975774 0.333333 500.583 0.368627 0.5 0 0
13120 0.0976564 0.416667 501 0.368627 0.5 0 0
13130 0.0976564 0.416667 501 0.368627 0.5 0 0
13140 0.0977526 0.416667 501.417 0.368627 0.5 0 0
13150 0.0977526 0.416667 501.417 0.368627 0.5 0 0
13160 0.0975813 0.416667 501.833 0.368627 0.5 0 0
13170 0.0975813 0.416667 501.833 0.368627 0.5 0 0
13180 0.0973666 0.416667 502.25 0.368627 0.5 0 0
13190 0.0973666 0.416667 502.25 0.368627 0.5 0 0
13200 0.0971877 0.416667 502.667 0.368627 0.5 0 0
13210 0.0971877 0.416667 502.667 0.368627 0.5 0 0
13220 0.0972481 0.416667 503.083 0.368627 0.5 0 0
13230 0.0972481 0.416667 503.083 0.368627 0.5 0 0
13240 0.0972263 0.416667 503.5 0.368627 0.5 0 0
13250 0.0972263 0.416667 503.5 0.368627 0.5 0 0
13260 0.0970837 0.416667 503.917 0.368627 0.5 0 0
13270 0.0970837 0.416667 503.917 0.368627 0.5 0 0
13280 0.097173 0.416667 504.333 0.368627 0.5 0 0
13290 0.097173 0.416667 504.333 0.368627 0.5 0 0
13300 0.0972606 0.416667 504.75 0.364706 0.5 0 0
13310 0.0972606 0.416667 504.75 0.368627 0.5 0 0
13320 0.0973683 0.416667 505.167 0.364706 0.5 0 0
13330 0.0973683 0.416667 505.167 0.368627 0.5 0 0
13340 0.0974356 0.416667 505.583 0.368627 0.5 0 0
13350 0.0974356 0.416667 505.583 0.368627 0.5 0 0
13360 0.0975158 0.416667 506 0.368627 0.5 0 0
13370 0.0975158 0.416667 506 0.368627 0.5 0 0
13380 0.0975859 0.416667 506.417 0.368627 0.5 0 0
13390 0.0975859 0.416667 506.417 0.368627 0.5 0 0
13400 0.0976563 0.583333 507 0.368627 0.5 0 0
13410 0.0976563 0.583333 507 0.364706 0.5 0 0
13420 0.097727 0.583333 507.583 0.364706 0.5 0 0
13430 0.097727 0.583333 507.583 0.368627 0.5 0 0
13440 0.0977913 0.583333 508.167 0.368627 0.5 0 0
13450 0.0977913 0.583333 508.167 0.368627 0.5 0 0
13460 0.0978549 0.583333 508.75 0.368627 0.5 0 0
13470 0.0978549 0.583333 508.75 0.368627 0.5 0 0
13480 0.0979175 0.583333 509.333 0.368627 0.5 0 0
13490 0.0979175 0.583333 509.333 0.368627 0.5 0 0
13500 0.0979822 0.583333 509.917 0.364706 0.5 0 0
13510 0.0979822 0.583333 509.917 0.368627 0.5 0 0
13520 0.0980252 0.5 510.417 0.368627 0.5 0 0
13530 0.0980252 0.5 510.417 0.364706 0.5 0 0
13540 0.0980826 0.416667 510.833 0.368627 0.5 0 0
13550 0.0980826 0.416667 510.833 0.368627 0.5 0 0
13560 0.0981434 0.416667 511.25 0.368627 0.5 0 0
13570 0.0981434 0.416667 511.25 0.368627 0.5 0 0
13580 0.0982119 0.416667 511.667 0.368627 0.5 0 0
13590 0.0982119 0.416667 511.667 0.368627 0.5 0 0
13600 0.098265 0.5 512.167 0.368627 0.5 0 0
13610 0.098265 0.5 512.167 0.368627 0.5 0 0
13620 0.0983214 0.5 512.667 0.368627 0.5 0 0
13630 0.0983214 0.5 512.667 0.368627 0.5 0 0
13640 0.0983578 0.5 513.167 0.368627 0.5 0 0
13650 0.0983578 0.5 513.167 0.368627 0.5 0 0
13660 0.0983916 0.5 513.667 0.368627 0.5 0 0
13670 0.0983916 0.5 513.667 0.368627 0.5 0 0
13680 0.0984194 0.5 514.167 0.368627 0.5 0 0
13690 0.0984194 0.5 514.167 0.368627 0.5 0 0
13700 0.0984793 0.583333 514.75 0.368627 0.5 0 0
13710 0.0984793 0.583333 514.75 0.368627 0.5 0 0
13720 0.0985211 0.583333 515.333 0.368627 0.5 0 0
13730 0.0985211 0.583333 515.333 0.368627 0.5 0 0
13740 0.0985637 0.583333 515.917 0.368627 0.5 0 0
13750 0.0985637 0.583333 515.917 0.368627 0.5 0 0
13760 0.0985821 0.5 516.417 0.368627 0.5 0 0
13770 0.0985821 0.5 516.417 0.368627 0.5 0 0
13780 0.0986596 0.5 516.917 0.368627 0.5 0 0
13790 0.0986596 0.5 516.917 0.368627 0.5 0 0
13800 0.098663 0.5 517.417 0.368627 0.5 0 0
13810 0.098663 0.5 517.417 0.368627 0.5 0 0
13820 0.098663 0.5 517.917 0.368627 0.5 0 0
13830 0.098663 0.5 517.917 0.368627 0.5 0 0
13840 0.098663 0.5 518.417 0.368627 0.5 0 0
13850 0.098663 0.5 518.417 0.368627 0.5 0 0
13860 0.0986657 0.583333 519 0.368627 0.5 0 0
13870 0.0986657 0.583333 519 0.364706 0.5 0 0
13880 0.0988493 0.666667 519.667 0.368627 0.5 0 0
13890 0.0988493 0.666667 519.667 0.368627 0.5 0 0
13900 0.0988952 0.666667 520.333 0.368627 0.5 0 0
13910 0.0988952 0.666667 520.333 0.368627 0.5 0 0
13920 0.0989246 0.583333 520.917 0.368627 0.5 0 0
13930 0.0989246 0.583333 520.917 0.368627 0.5 0 0
13940 0.0989576 0.666667 521.583 0.368627 0.5 0 0
13950 0.0989576 0.666667 521.583 0.368627 0.5 0 0
13960 0.0989926 0.583333 522.167 0.368627 0.5 0 0
13970 0.0989926 0.583333 522.167 0.368627 0.5 0 0
13980 0.0990331 0.583333 522.75 0.368627 0.5 0 0
13990 0.0990331 0.583333 522.75 0.368627 0.5 0 0
14000 0.0993981 0.583333 523.333 0.368627 0.5 0 0
14010 0.0993981 0.583333 523.333 0.368627 0.5 0 0
14020 0.0998138 0.75 524.083 0.368627 0.5 0 0
14030 0.0998138 0.75 524.083 0.368627 0.5 0 0
14040 0.100341 0.75 524.833 0.368627 0.5 0 0
14050 0.100341 0.75 524.833 0.368627 0.5 0 0
14060 0.100378 0.75 525.583 0.368627 0.5 0 0
14070 0.100378 0.75 525.583 0.368627 0.5 0 0
14080 0.100371 0.75 526.333 0.368627 0.5 0 0
14090 0.100371 0.75 526.333 0.368627 0.5 0 0
14100 0.100381 0.583333 526.917 0.368627 0.5 0 0
14110 0.100381 0.583333 526.917 0.368627 0.5 0 0
14120 0.100408 0.75 527.667 0.368627 0.5 0 0
14130 0.100408 0.75 527.667 0.368627 0.5 0 0
14140 0.100426 0.75 528.417 0.368627 0.5 0 0
14150 0.100426 0.75 528.417 0.368627 0.5 0 0
14160 0.10045 0.666667 529.083 0.368627 0.5 0 0
14170 0.10045 0.666667 529.083 0.368627 0.5 0 0
14180 0.100532 0.75 529.833 0.368627 0.5 0 0
14190 0.100532 0.75 529.833 0.368627 0.5 0 0
14200 0.100561 0.75 530.583 0.368627 0.5 0 0
14210 0.100561 0.75 530.583 0.368627 0.5 0 0
14220 0.100559 0.833333 531.417 0.368627 0.5 0 0
14230 0.100559 0.833333 531.417 0.368627 0.5 0 0
14240 0.100471 0.833333 532.25 0.368627 0.5 0 0
14250 0.100471 0.833333 532.25 0.368627 0.5 0 0
14260 0.100475 0.666667 532.917 0.368627 0.5 0 0
14270 0.100475 0.666667 532.917 0.368627 0.5 0 0
14280 0.100456 0.75 533.667 0.368627 0.5 0 0
14290 0.100456 0.75 533.667 0.368627 0.5 0 0
14300 0.100487 0.833333 534.5 0.368627 0.5 0 0
14310 0.100487 0.833333 534.5 0.368627 0.5 0 0
14320 0.1005 0.833333 535.333 0.368627 0.5 0 0
14330 0.1005 0.833333 535.333 0.368627 0.5 0 0
14340 0.10051 0.833333 536.167 0.368627 0.5 0 0
14350 0.10051 0.833333 536.167 0.368627 0.5 0 0
14360 0.100521 0.916667 537.083 0.368627 0.5 0 0
14370 0.100521 0.916667 537.083 0.368627 0.5 0 0
14380 0.100565 1 538.083 0.368627 0.5 0 0
14390 0.100565 1 538.083 0.368627 0.5 0 0
14400 0.100567 0.916667 539 0.368627 0.5 0 0
14410 0.100567 0.916667 539 0.372549 0.5 0 0
14420 0.100501 1 540 0.372549 0.5 0 0
14430 0.100501 1 540 0.368627 0.5 0 0
14440 0.100495 1 541 0.368627 0.5 0 0
14450 0.100495 1 541 0.368627 0.5 0 0
14460 0.100503 0.916667 541.917 0.368627 0.5 0 0
14470 0.100503 0.916667 541.917 0.368627 0.5 0 0
14480 0.100518 0.833333 542.75 0.368627 0.5 0 0
14490 0.100518 0.833333 542.75 0.372549 0.5 0 0
14500 0.100527 0.75 543.5 0.368627 0.5 0 0
14510 0.100527 0.75 543.5 0.372549 0.5 0 0
14520 0.100568 0.75 544.25 0.368627 0.5 0 0
14530 0.100568 0.75 544.25 0.368627 0.5 0 0
14540 0.100564 0.666667 544.917 0.368627 0.5 0 0
14550 0.100564 0.666667 544.917 0.368627 0.5 0 0
14560 0.100563 0.75 545.667 0.368627 0.5 0 0
14570 0.100563 0.75 545.667 0.368627 0.5 0 0
14580 0.100572 0.916667 546.583 0.372549 0.5 0 0
14590 0.100572 0.916667 546.583 0.368627 0.5 0 0
14600 0.100617 1 547.583 0.368627 0.5 0 0
14610 0.100617 1 547.583 0.368627 0.5 0 0
14620 0.100625 0.916667 548.5 0.372549 0.5 0 0
14630 0.100625 0.916667 548.5 0.368627 0.5 0 0
14640 0.100655 1 549.5 0.368627 0.5 0 0
14650 0.100655 1 549.5 0.372549 0.5 0 0
14660 0.100681 1 550.5 0.372549 0.5 0 0
14670 0.100681 1 550.5 0.368627 0.5 0 0
14680 0.100713 0.916667 551.417 0.372549 0.5 0 0
14690 0.100713 0.916667 551.417 0.372549 0.5 0 0
14700 0.100745 0.916667 552.333 0.372549 0.5 0 0
14710 0.100745 0.916667 552.333 0.372549 0.5 0 0
14720 0.100781 0.916667 553.25 0.368627 0.5 0 0
14730 0.100781 0.916667 553.25 0.368627 0.5 0 0
14740 0.100826 0.75 554 0.372549 0.5 0 0
14750 0.100826 0.75 554 0.368627 0.5 0 0
14760 0.100835 0.666667 554.667 0.368627 0.5 0 0
14770 0.100835 0.666667 554.667 0.372549 0.5 0 0
14780 0.100848 0.916667 555.583 0.372549 0.5 0 0
14790 0.100848 0.916667 555.583 0.368627 0.5 0 0
14800 0.100852 0.916667 556.5 0.372549 0.5 0 0
14810 0.100852 0.916667 556.5 0.368627 0.5 0 0
14820 0.10085 0.916667 557.417 0.372549 0.5 0 0
14830 0.10085 0.916667 557.417 0.368627 0.5 0 0
14840 0.10086 0.833333 558.25 0.368627 0.5 0 0
14850 0.10086 0.833333 558.25 0.372549 0.5 0 0
14860 0.100879 0.666667 558.917 0.372549 0.5 0 0
14870 0.100879 0.666667 558.917 0.368627 0.5 0 0
14880 0.100897 0.583333 559.5 0.368627 0.5 0 0
14890 0.100897 0.583333 559.5 0.368627 0.5 0 0
14900 0.100917 0.75 560.25 0.372549 0.5 0 0
14910 0.100917 0.75 560.25 0.368627 0.5 0 0
14920 0.100931 0.75 561 0.368627 0.5 0 0
14930 0.100931 0.75 561 0.372549 0.5 0 0
14940 0.100948 0.75 561.75 0.368627 0.5 0 0
14950 0.100948 0.75 561.75 0.372549 0.5 0 0
14960 0.100953 0.75 562.5 0.368627 0.5 0 0
14970 0.100953 0.75 562.5 0.372549 0.5 0 0
14980 0.100958 0.75 563.25 0.372549 0.5 0 0
14990 0.100958 0.75 563.25 0.368627 0.5 0 0
15000 0.100987 0.75 564 0.372549 0.5 0 0
15010 0.100987 0.75 564 0.368627 0.5 0 0
15020 0.100993 0.75 564.75 0.368627 0.5 0 0
15030 0.100993 0.75 564.75 0.372549 0.5 0 0
15040 0.101004 0.75 565.5 0.368627 0.5 0 0
15050 0.101004 0.75 565.5 0.372549 0.5 0 0
15060 0.101015 0.75 566.25 0.368627 0.5 0 0
15070 0.101015 0.75 566.25 0.372549 0.5 0 0
15080 0.101026 0.75 567 0.372549 0.5 0 0
15090 0.101026 0.75 567 0.368627 0.5 0 0
15100 0.101049 0.666667 567.667 0.372549 0.5 0 0
15110 0.101049 0.666667 567.667 0.372549 0.5 0 0
15120 0.101054 0.666667 568.333 0.368627 0.5 0 0
15130 0.101054 0.666667 568.333 0.372549 0.5 0 0
15140 0.10106 0.666667 569 0.372549 0.5 0 0
15150 0.10106 0.666667 569 0.372549 0.5 0 0
15160 0.10107 0.666667 569.667 0.372549 0.5 0 0
15170 0.10107 0.666667 569.667 0.372549 0.5 0 0
15180 0.101061 0.5 570.167 0.372549 0.5 0 0
15190 0.101061 0.5 570.167 0.368627 0.5 0 0
15200 0.101067 0.5 570.667 0.372549 0.5 0 0
15210 0.101067 0.5 570.667 0.372549 0.5 0 0
15220 0.10107 0.833333 571.5 0.372549 0.5 0 0
15230 0.10107 0.833333 571.5 0.372549 0.5 0 0
15240 0.101074 0.833333 572.333 0.372549 0.5 0 0
15250 0.101074 0.833333 572.333 0.372549 0.5 0 0
15260 0.101078 0.833333 573.167 0.368627 0.5 0 0
15270 0.101078 0.833333 573.167 0.372549 0.5 0 0
15280 0.101083 0.833333 574 0.372549 0.5 0 0
15290 0.101083 0.833333 574 0.368627 0.5 0 0
15300 0.101128 0.75 574.75 0.372549 0.5 0 0
15310 0.101128 0.75 574.75 0.368627 0.5 0 0
15320 0.100637 0.75 575.5 0.372549 0.5 0 0
15330 0.100637 0.75 575.5 0.372549 0.5 0 0
15340 0.100631 0.583333 576.083 0.372549 0.5 0 0
15350 0.100631 0.583333 576.083 0.372549 0.5 0 0
15360 0.100029 0.416667 576.5 0.368627 0.5 0 0
15370 0.100029 0.416667 576.5 0.372549 0.5 0 0
15380 0.0991449 0.583333 577.083 0.372549 0.5 0 0
15390 0.0991449 0.583333 577.083 0.372549 0.5 0 0
15400 0.0990223 0.583333 577.667 0.372549 0.5 0 0
15410 0.0990223 0.583333 577.667 0.372549 0.5 0 0
15420 0.0990408 0.583333 578.25 0.372549 0.5 0 0
15430 0.0990408 0.583333 578.25 0.372549 0.5 0 0
15440 0.0990312 0.583333 578.833 0.372549 0.5 0 0
15450 0.0990312 0.583333 578.833 0.372549 0.5 0 0
15460 0.0988875 0.583333 579.417 0.368627 0.5 0 0
15470 0.0988875 0.583333 579.417 0.368627 0.5 0 0
15480 0.0986973 0.583333 580 0.368627 0.5 0 0
15490 0.0986973 0.583333 580 0.368627 0.5 0 0
15500 0.0983962 0.416667 580.417 0.364706 0.5 0 0
15510 0.0983962 0.416667 580.417 0.364706 0.5 0 0
15520 0.0980694 0.416667 580.833 0.364706 0.5 0 0
15530 0.0980694 0.416667 580.833 0.364706 0.5 0 0
15540 0.097944 0.75 581.583 0.364706 0.5 0 0
15550 0.097944 0.75 581.583 0.364706 0.5 0 0
15560 0.0981771 0.75 582.333 0.364706 0.5 0 0
15570 0.0981771 0.75 582.333 0.364706 0.5 0 0
15580 0.0982405 0.75 583.083 0.364706 0.5 0 0
15590 0.0982405 0.75 583.083 0.364706 0.5 0 0
15600 0.0980357 0.916667 584 0.364706 0.5 0 0
15610 0.0980357 0.916667 584 0.364706 0.5 0 0
15620 0.0977528 0.916667 584.917 0.364706 0.5 0 0
15630 0.0977528 0.916667 584.917 0.360784 0.5 0 0
15640 0.0976272 0.916667 585.833 0.360784 0.5 0 0
15650 0.0976272 0.916667 585.833 0.360784 0.5 0 0
15660 0.0975895 0.916667 586.75 0.360784 0.5 0 0
15670 0.0975895 0.916667 586.75 0.360784 0.5 0 0
15680 0.0975002 0.916667 587.667 0.360784 0.5 0 0
15690 0.0975002 0.916667 587.667 0.360784 0.5 0 0
15700 0.0974186 0.916667 588.583 0.360784 0.5 0 0
15710 0.0974186 0.916667 588.583 0.360784 0.5 0 0
15720 0.0973255 0.916667 589.5 0.360784 0.5 0 0
15730 0.0973255 0.916667 589.5 0.360784 0.5 0 0
15740 0.0972367 0.916667 590.417 0.360784 0.5 0 0
15750 0.0972367 0.916667 590.417 0.360784 0.5 0 0
15760 0.0971385 0.75 591.167 0.360784 0.5 0 0
15770 0.0971385 0.75 591.167 0.360784 0.5 0 0
15780 0.0969389 0.666667 591.833 0.360784 0.5 0 0
15790 0.0969389 0.666667 591.833 0.360784 0.5 0 0
15800 0.0967278 0.833333 592.667 0.360784 0.5 0 0
15810 0.0967278 0.833333 592.667 0.356863 0.5 0 0
15820 0.0960102 0.75 593.417 0.356863 0.5 0 0
15830 0.0960102 0.75 593.417 0.356863 0.5 0 0
15840 0.0956569 0.75 594.167 0.356863 0.5 0 0
15850 0.0956569 0.75 594.167 0.356863 0.5 0 0
15860 0.0957449 0.75 594.917 0.356863 0.5 0 0
15870 0.0957449 0.75 594.917 0.360784 0.5 0 0
15880 0.095459 0.75 595.667 0.360784 0.5 0 0
15890 0.095459 0.75 595.667 0.360784 0.5 0 0
15900 0.0946936 0.75 596.417 0.356863 0.5 0 0
15910 0.0946936 0.75 596.417 0.356863 0.5 0 0
15920 0.093937 0.666667 597.083 0.356863 0.5 0 0
15930 0.093937 0.666667 597.083 0.360784 0.5 0 0
15940 0.0938128 0.666667 597.75 0.360784 0.5 0 0
15950 0.0938128 0.666667 597.75 0.360784 0.5 0 0
15960 0.0938252 0.666667 598.417 0.360784 0.5 0 0
15970 0.0938252 0.666667 598.417 0.356863 0.5 0 0
15980 0.0938182 0.75 599.167 0.356863 0.5 0 0
15990 0.0938182 0.75 599.167 0.356863 0.5 0 0
16000 0.0938051 0.75 599.917 0.360784 0.5 0 0
16010 0.0938051 0.75 599.917 0.356863 0.5 0 0
16020 0.0937188 0.666667 600.583 0.356863 0.5 0 0
16030 0.0937188 0.666667 600.583 0.356863 0.5 0 0
16040 0.0936785 0.666667 601.25 0.356863 0.5 0 0
16050 0.0936785 0.666667 601.25 0.356863 0.5 0 0
16060 0.0936851 0.666667 601.917 0.356863 0.5 0 0
16070 0.0936851 0.666667 601.917 0.356863 0.5 0 0
16080 0.0937186 0.666667 602.583 0.356863 0.5 0 0
16090 0.0937186 0.666667 602.583 0.356863 0.5 0 0
16100 0.0936243 0.666667 603.25 0.356863 0.5 0 0
16110 0.0936243 0.666667 603.25 0.356863 0.5 0 0
16120 0.0933933 0.666667 603.917 0.356863 0.5 0 0
16130 0.0933933 0.666667 603.917 0.356863 0.5 0 0
16140 0.09355 0.5 604.417 0.356863 0.5 0 0
16150 0.09355 0.5 604.417 0.356863 0.5 0 0
16160 0.0940842 0.5 604.917 0.360784 0.5 0 0
16170 0.0940842 0.5 604.917 0.360784 0.5 0 0
16180 0.0948758 0.416667 605.333 0.360784 0.5 0 0
16190 0.0948758 0.416667 605.333 0.360784 0.5 0 0
16200 0.0951206 0.5 605.833 0.360784 0.5 0 0
16210 0.0951206 0.5 605.833 0.356863 0.5 0 0
16220 0.0946011 0.5 606.333 0.356863 0.5 0 0
16230 0.0946011 0.5 606.333 0.352941 0.5 0 0
16240 0.0933965 0.333333 606.667 0.352941 0.5 0 0
16250 0.0933965 0.333333 606.667 0.352941 0.5 0 0
16260 0.0924833 0.333333 607 0.352941 0.5 0 0
16270 0.0924833 0.333333 607 0.352941 0.5 0 0
16280 0.0929381 0.333333 607.333 0.352941 0.5 0 0
16290 0.0929381 0.333333 607.333 0.352941 0.5 0 0
16300 0.0935436 0.333333 607.667 0.352941 0.5 0 0
16310 0.0935436 0.333333 607.667 0.352941 0.5 0 0
16320 0.0929058 0.333333 608 0.352941 0.5 0 0
16330 0.0929058 0.333333 608 0.352941 0.5 0 0
16340 0.0922691 0.333333 608.333 0.34902 0.5 0 0
16350 0.0922691 0.333333 608.333 0.34902 0.5 0 0
16360 0.0915015 0.333333 608.667 0.34902 0.5 0 0
16370 0.0915015 0.333333 608.667 0.345098 0.5 0 0
16380 0.0914797 0.333333 609 0.345098 0.5 0 0
16390 0.0914797 0.333333 609 0.341176 0.5 0 0
16400 0.0908325 0.5 609.5 0.341176 0.5 0 0
16410 0.0908325 0.5 609.5 0.345098 0.5 0 0
16420 0.0896163 0.416667 609.917 0.341176 0.5 0 0
16430 0.0896163 0.416667 609.917 0.341176 0.5 0 0
16440 0.0888218 0.583333 610.5 0.341176 0.5 0 0
16450 0.0888218 0.583333 610.5 0.341176 0.5 0 0
16460 0.0883346 0.583333 611.083 0.341176 0.5 0 0
16470 0.0883346 0.583333 611.083 0.341176 0.5 0 0
16480 0.0882719 0.583333 611.667 0.341176 0.5 0 0
16490 0.0882719 0.583333 611.667 0.341176 0.5 0 0
16500 0.0878056 0.583333 612.25 0.341176 0.5 0 0
16510 0.0878056 0.583333 612.25 0.337255 0.5 0 0
16520 0.0883401 0.416667 612.667 0.341176 0.5 0 0
16530 0.0883401 0.416667 612.667 0.341176 0.5 0 0
16540 0.088796 0.416667 613.083 0.341176 0.5 0 0
16550 0.088796 0.416667 613.083 0.341176 0.5 0 0
16560 0.0888783 0.416667 613.5 0.341176 0.5 0 0
16570 0.0888783 0.416667 613.5 0.345098 0.5 0 0
16580 0.0884128 0.333333 613.833 0.345098 0.5 0 0
16590 0.0884128 0.333333 613.833 0.345098 0.5 0 0
16600 0.0878268 0.416667 614.25 0.345098 0.5 0 0
16610 0.0878268 0.416667 614.25 0.345098 0.5 0 0
16620 0.087012 0.416667 614.667 0.345098 0.5 0 0
16630 0.087012 0.416667 614.667 0.34902 0.5 0 0
16640 0.0860315 0.416667 615.083 0.34902 0.5 0 0
16650 0.0860315 0.416667 615.083 0.34902 0.5 0 0
16660 0.0857914 0.25 615.333 0.34902 0.5 0 0
16670 0.0857914 0.25 615.333 0.34902 0.5 0 0
16680 0.0854731 0.25 615.583 0.34902 0.5 0 0
16690 0.0854731 0.25 615.583 0.34902 0.5 0 0
16700 0.0851113 0.166667 615.75 0.34902 0.5 0 0
16710 0.0851113 0.166667 615.75 0.352941 0.5 0 0
16720 0.0850967 0.166667 615.917 0.352941 0.5 0 0
16730 0.0850967 0.166667 615.917 0.34902 0.5 0 0
16740 0.085105 0.416667 616.333 0.352941 0.5 0 0
16750 0.085105 0.416667 616.333 0.34902 0.5 0 0
16760 0.085105 0.333333 616.667 0.34902 0.5 0 0
16770 0.085105 0.333333 616.667 0.352941 0.5 0 0
16780 0.0850125 0.333333 617 0.34902 0.5 0 0
16790 0.0850125 0.333333 617 0.34902 0.5 0 0
16800 0.0855476 0.333333 617.333 0.352941 0.5 0 0
16810 0.0855476 0.333333 617.333 0.352941 0.5 0 0
16820 0.0865472 0.333333 617.667 0.34902 0.5 0 0
16830 0.0865472 0.333333 617.667 0.34902 0.5 0 0
16840 0.0870175 0.333333 618 0.34902 0.5 0 0
16850 0.0870175 0.333333 618 0.34902 0.5 0 0
16860 0.0879064 0.333333 618.333 0.345098 0.5 0 0
16870 0.0879064 0.333333 618.333 0.341176 0.5 0 0
16880 0.0892892 0.333333 618.667 0.337255 0.5 0 0
16890 0.0892892 0.333333 618.667 0.341176 0.5 0 0
16900 0.0902967 0 618.667 0.341176 0.5 0 0
16910 0.0902967 0 618.667 0.345098 0.5 0 0
16920 0.0907486 0 618.667 0.345098 0.5 0 0
16930 0.0907486 0 618.667 0.345098 0.5 0 0
16940 0.0907692 0.166667 618.833 0.345098 0.5 0 0
16950 0.0907692 0.166667 618.833 0.345098 0.5 0 0
16960 0.0905282 0.166667 619 0.341176 0.5 0 0
16970 0.0905282 0.166667 619 0.345098 0.5 0 0
16980 0.0897895 0.166667 619.167 0.345098 0.5 0 0
16990 0.0897895 0.166667 619.167 0.341176 0.5 0 0
17000 0.0887876 0.166667 619.333 0.337255 0.5 0 0
17010 0.0887876 0.166667 619.333 0.333333 0.5 0 0
17020 0.088139 0.166667 619.5 0.333333 0.5 0 0
17030 0.088139 0.166667 619.5 0.345098 0.5 0 0
17040 0.0880314 0.166667 619.667 0.345098 0.5 0 0
17050 0.0880314 0.166667 619.667 0.345098 0.5 0 0
17060 0.0876764 0.166667 619.833 0.34902 0.5 0 0
17070 0.0876764 0.166667 619.833 0.352941 0.5 0 0
17080 0.0870631 0.166667 620 0.352941 0.5 0 0
17090 0.0870631 0.166667 620 0.345098 0.5 0 0
17100 0.0856726 0 620 0.333333 0.5 0 0
17110 0.0856726 0 620 0.333333 0.5 0 0
17120 0.0845103 0 620 0.333333 0.5 0 0
17130 0.0845103 0 620 0.333333 0.5 0 0
17140 0.0840049 0.166667 620.167 0.333333 0.5 0 0
17150 0.0840049 0.166667 620.167 0.333333 0.5 0 0
17160 0.0836406 0.333333 620.5 0.337255 0.5 0 0
17170 0.0836406 0.333333 620.5 0.337255 0.5 0 0
17180 0.0833581 0.333333 620.833 0.337255 0.5 0 0
17190 0.0833581 0.333333 620.833 0.337255 0.5 0 0
17200 0.0831392 0.333333 621.167 0.337255 0.5 0 0
17210 0.0831392 0.333333 621.167 0.333333 0.5 0 0
17220 0.0826774 0.333333 621.5 0.333333 0.5 0 0
17230 0.0826774 0.333333 621.5 0.333333 0.5 0 0
17240 0.0820784 0.333333 621.833 0.337255 0.5 0 0
17250 0.0820784 0.333333 621.833 0.337255 0.5 0 0
17260 0.0825045 0.333333 622.167 0.337255 0.5 0 0
17270 0.0825045 0.333333 622.167 0.337255 0.5 0 0
17280 0.0827282 0.166667 622.333 0.337255 0.5 0 0
17290 0.0827282 0.166667 622.333 0.337255 0.5 0 0
17300 0.0830566 0.583333 622.917 0.333333 0.5 0 0
17310 0.0830566 0.583333 622.917 0.333333 0.5 0 0
17320 0.0832358 0.583333 623.5 0.329412 0.5 0 0
17330 0.0832358 0.583333 623.5 0.333333 0.5 0 0
17340 0.0837739 0.583333 624.083 0.333333 0.5 0 0
17350 0.0837739 0.583333 624.083 0.333333 0.5 0 0
17360 0.0838697 0.583333 624.667 0.333333 0.5 0 0
17370 0.0838697 0.583333 624.667 0.333333 0.5 0 0
17380 0.0838366 0.5 625.167 0.333333 0.5 0 0
17390 0.0838366 0.5 625.167 0.333333 0.5 0 0
17400 0.0833546 0.333333 625.5 0.329412 0.5 0 0
17410 0.0833546 0.333333 625.5 0.32549 0.5 0 0
17420 0.0821475 0.5 626 0.32549 0.5 0 0
17430 0.0821475 0.5 626 0.32549 0.5 0 0
17440 0.0812669 0.583333 626.583 0.32549 0.5 0 0
17450 0.0812669 0.583333 626.583 0.32549 0.5 0 0
17460 0.0810387 0.583333 627.167 0.32549 0.5 0 0
17470 0.0810387 0.583333 627.167 0.32549 0.5 0 0
17480 0.080776 0.666667 627.833 0.32549 0.5 0 0
17490 0.080776 0.666667 627.833 0.329412 0.5 0 0
17500 0.0801157 0.666667 628.5 0.32549 0.5 0 0
17510 0.0801157 0.666667 628.5 0.329412 0.5 0 0
17520 0.0791689 0.666667 629.167 0.329412 0.5 0 0
17530 0.0791689 0.666667 629.167 0.32549 0.5 0 0
17540 0.0790116 0.583333 629.75 0.32549 0.5 0 0
17550 0.0790116 0.583333 629.75 0.329412 0.5 0 0
17560 0.078987 0.75 630.5 0.32549 0.5 0 0
17570 0.078987 0.75 630.5 0.32549 0.5 0 0
17580 0.0789326 0.583333 631.083 0.32549 0.5 0 0
17590 0.0789326 0.583333 631.083 0.32549 0.5 0 0
17600 0.0789236 0.75 631.833 0.329412 0.5 0 0
17610 0.0789236 0.75 631.833 0.329412 0.5 0 0
17620 0.0789214 0.75 632.583 0.329412 0.5 0 0
17630 0.0789214 0.75 632.583 0.329412 0.5 0 0
17640 0.0789192 0.75 633.333 0.32549 0.5 0 0
17650 0.0789192 0.75 633.333 0.329412 0.5 0 0
17660 0.0789192 0.75 634.083 0.329412 0.5 0 0
17670 0.0789192 0.75 634.083 0.329412 0.5 0 0
17680 0.0789192 0.666667 634.75 0.32549 0.5 0 0
17690 0.0789192 0.666667 634.75 0.329412 0.5 0 0
17700 0.0789192 0.75 635.5 0.329412 0.5 0 0
17710 0.0789192 0.75 635.5 0.329412 0.5 0 0
17720 0.0789192 0.75 636.25 0.329412 0.5 0 0
17730 0.0789192 0.75 636.25 0.32549 0.5 0 0
17740 0.0789192 0.75 637 0.32549 0.5 0 0
17750 0.0789192 0.75 637 0.329412 0.5 0 0
17760 0.0789192 0.75 637.75 0.329412 0.5 0 0
17770 0.0789192 0.75 637.75 0.329412 0.5 0 0
17780 0.0789192 0.75 638.5 0.329412 0.5 0 0
17790 0.0789192 0.75 638.5 0.329412 0.5 0 0
17800 0.0789192 0.583333 639.083 0.329412 0.5 0 0
17810 0.0789192 0.583333 639.083 0.329412 0.5 0 0
17820 0.0789192 0.666667 639.75 0.329412 0.5 0 0
17830 0.0789192 0.666667 639.75 0.329412 0.5 0 0
17840 0.0789192 0.666667 640.417 0.329412 0.5 0 0
17850 0.0789192 0.666667 640.417 0.329412 0.5 0 0
17860 0.0789192 0.666667 641.083 0.329412 0.5 0 0
17870 0.0789192 0.666667 641.083 0.32549 0.5 0 0
17880 0.0789192 0.583333 641.667 0.32549 0.5 0 0
17890 0.0789192 0.583333 641.667 0.329412 0.5 0 0
17900 0.0789192 0.583333 642.25 0.329412 0.5 0 0
17910 0.0789192 0.583333 642.25 0.329412 0.5 0 0
17920 0.0789192 0.666667 642.917 0.329412 0.5 0 0
17930 0.0789192 0.666667 642.917 0.329412 0.5 0 0
17940 0.0789192 0.666667 643.583 0.32549 0.5 0 0
17950 0.0789192 0.666667 643.583 0.329412 0.5 0 0
17960 0.0789192 0.666667 644.25 0.32549 0.5 0 0
17970 0.0789192 0.666667 644.25 0.329412 0.5 0 0
17980 0.0789192 0.666667 644.917 0.32549 0.5 0 0
17990 0.0789192 0.666667 644.917 0.329412 0.5 0 0
18000 0.0789192 0.666667 645.583 0.32549 0.5 0 0
18010 0.0789192 0.666667 645.583 0.329412 0.5 0 0
18020 0.0789192 0.666667 646.25 0.32549 0.5 0 0
18030 0.0789192 0.666667 646.25 0.329412 0.5 0 0
18040 0.0789192 0.583333 646.833 0.329412 0.5 0 0
18050 0.0789192 0.583333 646.833 0.329412 0.5 0 0
18060 0.0789192 0.583333 647.417 0.329412 0.5 0 0
18070 0.0789192 0.583333 647.417 0.329412 0.5 0 0
18080 0.0789192 0.75 648.167 0.32549 0.5 0 0
18090 0.0789192 0.75 648.167 0.329412 0.5 0 0
18100 0.0789192 0.75 648.917 0.329412 0.5 0 0
18110 0.0789192 0.75 648.917 0.329412 0.5 0 0
18120 0.0789192 0.75 649.667 0.329412 0.5 0 0
18130 0.0789192 0.75 649.667 0.32549 0.5 0 0
18140 0.0789192 0.75 650.417 0.329412 0.5 0 0
18150 0.0789192 0.75 650.417 0.329412 0.5 0 0
18160 0.0789192 0.75 651.167 0.329412 0.5 0 0
18170 0.0789192 0.75 651.167 0.329412 0.5 0 0
18180 0.0789192 0.666667 651.833 0.329412 0.5 0 0
18190 0.0789192 0.666667 651.833 0.329412 0.5 0 0
18200 0.0789192 0.75 652.583 0.329412 0.5 0 0
18210 0.0789192 0.75 652.583 0.329412 0.5 0 0
18220 0.0789192 0.666667 653.25 0.329412 0.5 0 0
18230 0.0789192 0.666667 653.25 0.329412 0.5 0 0
18240 0.0789192 0.666667 653.917 0.329412 0.5 0 0
18250 0.0789192 0.666667 653.917 0.32549 0.5 0 0
18260 0.0789192 0.666667 654.583 0.329412 0.5 0 0
18270 0.0789192 0.666667 654.583 0.32549 0.5 0 0
18280 0.0789192 0.833333 655.417 0.329412 0.5 0 0
18290 0.0789192 0.833333 655.417 0.32549 0.5 0 0
18300 0.0789192 0.75 656.167 0.329412 0.5 0 0
18310 0.0789192 0.75 656.167 0.329412 0.5 0 0
18320 0.0789192 0.75 656.917 0.32549 0.5 0 0
18330 0.0789192 0.75 656.917 0.329412 0.5 0 0
18340 0.0789192 0.583333 657.5 0.329412 0.5 0 0
18350 0.0789192 0.583333 657.5 0.329412 0.5 0 0
18360 0.0789192 0.5 658 0.329412 0.5 0 0
18370 0.0789192 0.5 658 0.329412 0.5 0 0
18380 0.078919 0.166667 658.167 0.32549 0.5 0 0
18390 0.078919 0.166667 658.167 0.329412 0.5 0 0
18400 0.078919 0.75 658.917 0.32549 0.5 0 0
18410 0.078919 0.75 658.917 0.32549 0.5 0 0
18420 0.078919 0.916667 659.833 0.32549 0.5 0 0
18430 0.078919 0.916667 659.833 0.32549 0.5 0 0
18440 0.078919 0.916667 660.75 0.329412 0.5 0 0
18450 0.078919 0.916667 660.75 0.32549 0.5 0 0
18460 0.078919 0.916667 661.667 0.32549 0.5 0 0
18470 0.078919 0.916667 661.667 0.329412 0.5 0 0
18480 0.0789188 0.916667 662.583 0.329412 0.5 0 0
18490 0.0789188 0.916667 662.583 0.329412 0.5 0 0
18500 0.0789188 0.916667 663.5 0.329412 0.5 0 0
18510 0.0789188 0.916667 663.5 0.329412 0.5 0 0
18520 0.0789188 0.75 664.25 0.32549 0.5 0 0
18530 0.0789188 0.75 664.25 0.329412 0.5 0 0
18540 0.0789188 0.75 665 0.329412 0.5 0 0
18550 0.0789188 0.75 665 0.329412 0.5 0 0
18560 0.0789188 0.583333 665.583 0.32549 0.5 0 0
18570 0.0789188 0.583333 665.583 0.32549 0.5 0 0
18580 0.0789187 0.583333 666.167 0.32549 0.5 0 0
18590 0.0789187 0.583333 666.167 0.329412 0.5 0 0
18600 0.0789187 0.583333 666.75 0.329412 0.5 0 0
18610 0.0789187 0.583333 666.75 0.329412 0.5 0 0
18620 0.0789187 0.583333 667.333 0.329412 0.5 0 0
18630 0.0789187 0.583333 667.333 0.329412 0.5 0 0
18640 0.0789187 0.583333 667.917 0.32549 0.5 0 0
18650 0.0789187 0.583333 667.917 0.32549 0.5 0 0
18660 0.0789187 0.5 668.417 0.329412 0.5 0 0
18670 0.0789187 0.5 668.417 0.329412 0.5 0 0
18680 0.0789176 0.833333 669.25 0.329412 0.5 0 0
18690 0.0789176 0.833333 669.25 0.329412 0.5 0 0
18700 0.0789175 0.833333 670.083 0.32549 0.5 0 0
18710 0.0789175 0.833333 670.083 0.329412 0.5 0 0
18720 0.0789174 0.75 670.833 0.329412 0.5 0 0
18730 0.0789174 0.75 670.833 0.329412 0.5 0 0
18740 0.0789174 0.75 671.583 0.329412 0.5 0 0
18750 0.0789174 0.75 671.583 0.329412 0.5 0 0
18760 0.0789174 0.833333 672.417 0.329412 0.5 0 0
18770 0.0789174 0.833333 672.417 0.329412 0.5 0 0
18780 0.0789153 0.75 673.167 0.329412 0.5 0 0
18790 0.0789153 0.75 673.167 0.329412 0.5 0 0
18800 0.0789104 0.833333 674 0.329412 0.5 0 0
18810 0.0789104 0.833333 674 0.329412 0.5 0 0
18820 0.0789071 0.833333 674.833 0.32549 0.5 0 0
18830 0.0789071 0.833333 674.833 0.329412 0.5 0 0
18840 0.0789068 0.833333 675.667 0.329412 0.5 0 0
18850 0.0789068 0.833333 675.667 0.32549 0.5 0 0
18860 0.0789068 0.833333 676.5 0.329412 0.5 0 0
18870 0.0789068 0.833333 676.5 0.32549 0.5 0 0
18880 0.0789068 0.75 677.25 0.329412 0.5 0 0
18890 0.0789068 0.75 677.25 0.329412 0.5 0 0
18900 0.0788883 0.75 678 0.32549 0.5 0 0
18910 0.0788883 0.75 678 0.329412 0.5 0 0
18920 0.0788856 0.833333 678.833 0.329412 0.5 0 0
18930 0.0788856 0.833333 678.833 0.329412 0.5 0 0
18940 0.0788856 0.833333 679.667 0.32549 0.5 0 0
18950 0.0788856 0.833333 679.667 0.329412 0.5 0 0
18960 0.0788852 0.833333 680.5 0.32549 0.5 0 0
18970 0.0788852 0.833333 680.5 0.32549 0.5 0 0
18980 0.0788849 0.833333 681.333 0.329412 0.5 0 0
18990 0.0788849 0.833333 681.333 0.329412 0.5 0 0
19000 0.0788849 0.666667 682 0.329412 0.5 0 0
19010 0.0788849 0.666667 682 0.329412 0.5 0 0
19020 0.0787627 0.833333 682.833 0.32549 0.5 0 0
19030 0.0787627 0.833333 682.833 0.329412 0.5 0 0
19040 0.0787264 0.916667 683.75 0.329412 0.5 0 0
19050 0.0787264 0.916667 683.75 0.32549 0.5 0 0
19060 0.0787264 1 684.75 0.329412 0.5 0 0
19070 0.0787264 1 684.75 0.329412 0.5 0 0
19080 0.0787225 1 685.75 0.329412 0.5 0 0
19090 0.0787225 1 685.75 0.32549 0.5 0 0
19100 0.0787221 1 686.75 0.329412 0.5 0 0
19110 0.0787221 1 686.75 0.32549 0.5 0 0
19120 0.0787221 1 687.75 0.329412 0.5 0 0
19130 0.0787221 1 687.75 0.32549 0.5 0 0
19140 0.0787208 0.916667 688.667 0.329412 0.5 0 0
19150 0.0787208 0.916667 688.667 0.329412 0.5 0 0
19160 0.0787195 0.666667 689.333 0.329412 0.5 0 0
19170 0.0787195 0.666667 689.333 0.329412 0.5 0 0
19180 0.0787193 0.666667 690 0.329412 0.5 0 0
19190 0.0787193 0.666667 690 0.329412 0.5 0 0
19200 0.0787193 0.583333 690.583 0.32549 0.5 0 0
19210 0.0787193 0.583333 690.583 0.329412 0.5 0 0
19220 0.0787193 0.666667 691.25 0.329412 0.5 0 0
19230 0.0787193 0.666667 691.25 0.329412 0.5 0 0
19240 0.078711 0.666667 691.917 0.32549 0.5 0 0
19250 0.078711 0.666667 691.917 0.329412 0.5 0 0
19260 0.0787094 0.666667 692.583 0.329412 0.5 0 0
19270 0.0787094 0.666667 692.583 0.329412 0.5 0 0
19280 0.0792956 0.666667 693.25 0.32549 0.5 0 0
19290 0.0792956 0.666667 693.25 0.329412 0.5 0 0
19300 0.0804822 0.833333 694.083 0.32549 0.5 0 0
19310 0.0804822 0.833333 694.083 0.329412 0.5 0 0
19320 0.0811985 0.833333 694.917 0.329412 0.5 0 0
19330 0.0811985 0.833333 694.917 0.32549 0.5 0 0
19340 0.0820946 0.833333 695.75 0.32549 0.5 0 0
19350 0.0820946 0.833333 695.75 0.32549 0.5 0 0
19360 0.0831028 0.833333 696.583 0.32549 0.5 0 0
19370 0.0831028 0.833333 696.583 0.329412 0.5 0 0
19380 0.0834497 0.75 697.333 0.329412 0.5 0 0
19390 0.0834497 0.75 697.333 0.329412 0.5 0 0
19400 0.083691 0.666667 698 0.329412 0.5 0 0
19410 0.083691 0.666667 698 0.329412 0.5 0 0
19420 0.0837931 0.833333 698.833 0.329412 0.5 0 0
19430 0.0837931 0.833333 698.833 0.333333 0.5 0 0
19440 0.0838154 0.833333 699.667 0.333333 0.5 0 0
19450 0.0838154 0.833333 699.667 0.333333 0.5 0 0
19460 0.0835891 0.833333 700.5 0.337255 0.5 0 0
19470 0.0835891 0.833333 700.5 0.337255 0.5 0 0
19480 0.083237 0.75 701.25 0.341176 0.5 0 0
19490 0.083237 0.75 701.25 0.34902 0.5 0 0
19500 0.0828991 0.916667 702.167 0.345098 0.5 0 0
19510 0.0828991 0.916667 702.167 0.341176 0.5 0 0
19520 0.0818019 0.833333 703 0.337255 0.5 0 0
19530 0.0818019 0.833333 703 0.34902 0.5 0 0
19540 0.0802327 0.833333 703.833 0.360784 0.5 0 0
19550 0.0802327 0.833333 703.833 0.352941 0.5 0 0
19560 0.0800805 0.916667 704.75 0.352941 0.5 0 0
19570 0.0800805 0.916667 704.75 0.360784 0.5 0 0
19580 0.0800805 0.916667 705.667 0.345098 0.5 0 0
19590 0.0800805 0.916667 705.667 0.32549 0.5 0 0
19600 0.0785284 0.916667 706.583 0.321569 0.5 0 0
19610 0.0785284 0.916667 706.583 0.321569 0.5 0 0
19620 0.0773992 0.833333 707.417 0.321569 0.5 0 0
19630 0.0773992 0.833333 707.417 0.321569 0.5 0 0
19640 0.0771401 0.666667 708.083 0.317647 0.5 0 0
19650 0.0771401 0.666667 708.083 0.321569 0.5 0 0
19660 0.0769498 0.666667 708.75 0.321569 0.5 0 0
19670 0.0769498 0.666667 708.75 0.321569 0.5 0 0
19680 0.0769235 0.75 709.5 0.321569 0.5 0 0
19690 0.0769235 0.75 709.5 0.321569 0.5 0 0
19700 0.0769202 0.75 710.25 0.317647 0.5 0 0
19710 0.0769202 0.75 710.25 0.317647 0.5 0 0
19720 0.076889 0.833333 711.083 0.321569 0.5 0 0
19730 0.076889 0.833333 711.083 0.321569 0.5 0 0
19740 0.0768498 0.916667 712 0.321569 0.5 0 0
19750 0.0768498 0.916667 712 0.317647 0.5 0 0
19760 0.0768302 0.916667 712.917 0.317647 0.5 0 0
19770 0.0768302 0.916667 712.917 0.321569 0.5 0 0
19780 0.0768135 0.833333 713.75 0.321569 0.5 0 0
19790 0.0768135 0.833333 713.75 0.321569 0.5 0 0
19800 0.0768135 0.833333 714.583 0.321569 0.5 0 0
19810 0.0768135 0.833333 714.583 0.321569 0.5 0 0
19820 0.0768133 0.833333 715.417 0.321569 0.5 0 0
19830 0.0768133 0.833333 715.417 0.321569 0.5 0 0
19840 0.0768057 0.833333 716.25 0.321569 0.5 0 0
19850 0.0768057 0.833333 716.25 0.321569 0.5 0 0
19860 0.0767833 0.833333 717.083 0.321569 0.5 0 0
19870 0.0767833 0.833333 717.083 0.321569 0.5 0 0
19880 0.0767708 0.833333 717.917 0.321569 0.5 0 0
19890 0.0767708 0.833333 717.917 0.317647 0.5 0 0
19900 0.076769 0.916667 718.833 0.321569 0.5 0 0
19910 0.076769 0.916667 718.833 0.321569 0.5 0 0
19920 0.0767689 0.916667 719.75 0.317647 0.5 0 0
19930 0.0767689 0.916667 719.75 0.321569 0.5 0 0
19940 0.0767673 0.916667 720.667 0.317647 0.5 0 0
19950 0.0767673 0.916667 720.667 0.321569 0.5 0 0
19960 0.0767654 0.916667 721.583 0.317647 0.5 0 0
19970 0.0767654 0.916667 721.583 0.321569 0.5 0 0
19980 0.07676 0.833333 722.417 0.317647 0.5 0 0
19990 0.07676 0.833333 722.417 0.317647 0.5 0 0
20000 0.0767522 0.75 723.167 0.317647 0.5 0 0
20010 0.0767522 0.75 723.167 0.321569 0.5 0 0
