0 0.059578 0 0 0.5 0.5 0 0
10 0.059578 0 0 0.658824 0.5 0 0
20 0.0583302 0.166667 0.166667 0.764706 0.5 0 0
30 0.0583302 0.166667 0.166667 0.635294 0.5 0 0
40 0.0583786 0.166667 0.333333 0.658824 0.5 0 0
50 0.0583786 0.166667 0.333333 0.709804 0.5 0 0
60 0.05838 0.166667 0.5 0.678431 0.5 0 0
70 0.05838 0.166667 0.5 0.709804 0.5 0 0
80 0.0595617 0.333333 0.833333 0.74902 0.5 0 0
90 0.0595617 0.333333 0.833333 0.643137 0.5 0 0
100 0.0609773 0.333333 1.16667 0.74902 0.5 0 0
110 0.0609773 0.333333 1.16667 0.764706 0.5 0 0
120 0.0616364 0.333333 1.5 0.721569 0.5 0 0
130 0.0616364 0.333333 1.5 0.709804 0.5 0 0
140 0.0615725 0.333333 1.83333 0.698039 0.5 0 0
150 0.0615725 0.333333 1.83333 0.737255 0.5 0 0
160 0.0610201 0.333333 2.16667 0.764706 0.5 0 0
170 0.0610201 0.333333 2.16667 0.690196 0.5 0 0
180 0.0605763 0.416667 2.58333 0.67451 0.5 0 0
190 0.0605763 0.416667 2.58333 0.694118 0.5 0 0
200 0.06039 0.416667 3 0.760784 0.5 0 0
210 0.06039 0.416667 3 0.690196 0.5 0 0
220 0.0601504 0.416667 3.41667 0.694118 0.5 0 0
230 0.0601504 0.416667 3.41667 0.65098 0.5 0 0
240 0.0600018 0.416667 3.83333 0.670588 0.5 0 0
250 0.0600018 0.416667 3.83333 0.670588 0.5 0 0
260 0.0599577 0.416667 4.25 0.678431 0.5 0 0
270 0.0599577 0.416667 4.25 0.690196 0.5 0 0
280 0.0601627 0.416667 4.66667 0.619608 0.5 0 0
290 0.0601627 0.416667 4.66667 0.764706 0.5 0 0
300 0.0600533 0.25 4.91667 0.635294 0.5 0 0
310 0.0600533 0.25 4.91667 0.596078 0.5 0 0
320 0.0599665 0.416667 5.33333 0.580392 0.5 0 0
330 0.0599665 0.416667 5.33333 0.709804 0.5 0 0
340 0.0598443 0.333333 5.66667 0.619608 0.5 0 0
350 0.0598443 0.333333 5.66667 0.764706 0.5 0 0
360 0.0597288 0.333333 6 0.690196 0.5 0 0
370 0.0597288 0.333333 6 0.764706 0.5 0 0
380 0.0597282 0.416667 6.41667 0.666667 0.5 0 0
390 0.0597282 0.416667 6.41667 0.74902 0.5 0 0
400 0.0597218 0.333333 6.75 0.67451 0.5 0 0
410 0.0597218 0.333333 6.75 0.74902 0.5 0 0
420 0.0587525 0.333333 7.08333 0.631373 0.5 0 0
430 0.0587525 0.333333 7.08333 0.643137 0.5 0 0
440 0.0580845 0.333333 7.41667 0.658824 0.5 0 0
450 0.0580845 0.333333 7.41667 0.596078 0.5 0 0
460 0.0573359 0.333333 7.75 0.67451 0.5 0 0
470 0.0573359 0.333333 7.75 0.619608 0.5 0 0
480 0.0571083 0.166667 7.91667 0.764706 0.5 0 0
490 0.0571083 0.166667 7.91667 0.74902 0.5 0 0
500 0.057004 0.166667 8.08333 0.67451 0.5 0 0
510 0.057004 0.166667 8.08333 0.560784 0.5 0 0
520 0.0569822 0.166667 8.25 0.690196 0.5 0 0
530 0.0569822 0.166667 8.25 0.74902 0.5 0 0
540 0.0569755 0.166667 8.41667 0.643137 0.5 0 0
550 0.0569755 0.166667 8.41667 0.690196 0.5 0 0
560 0.0569369 0.166667 8.58333 0.764706 0.5 0 0
570 0.0569369 0.166667 8.58333 0.658824 0.5 0 0
580 0.0569305 0.166667 8.75 0.764706 0.5 0 0
590 0.0569305 0.166667 8.75 0.603922 0.5 0 0
600 0.0568373 0.25 9 0.690196 0.5 0 0
610 0.0568373 0.25 9 0.690196 0.5 0 0
620 0.056771 0.25 9.25 0.658824 0.5 0 0
630 0.056771 0.25 9.25 0.74902 0.5 0 0
640 0.0567117 0.25 9.5 0.745098 0.5 0 0
650 0.0567117 0.25 9.5 0.67451 0.5 0 0
660 0.0566931 0.25 9.75 0.619608 0.5 0 0
670 0.0566931 0.25 9.75 0.643137 0.5 0 0
680 0.0566931 0.25 10 0.690196 0.5 0 0
690 0.0566931 0.25 10 0.635294 0.5 0 0
700 0.0566931 0.25 10.25 0.619608 0.5 0 0
710 0.0566931 0.25 10.25 0.768627 0.5 0 0
720 0.0572144 0.25 10.5 0.623529 0.5 0 0
730 0.0572144 0.25 10.5 0.576471 0.5 0 0
740 0.0574603 0.25 10.75 0.572549 0.5 0 0
750 0.0574603 0.25 10.75 0.533333 0.5 0 0
760 0.0578067 0.25 11 0.52549 0.5 0 0
770 0.0578067 0.25 11 0.521569 0.5 0 0
780 0.0580521 0.333333 11.3333 0.52549 0.5 0 0
790 0.0580521 0.333333 11.3333 0.52549 0.5 0 0
800 0.0582268 0.333333 11.6667 0.52549 0.5 0 0
810 0.0582268 0.333333 11.6667 0.52549 0.5 0 0
820 0.058196 0.333333 12 0.52549 0.5 0 0
830 0.058196 0.333333 12 0.521569 0.5 0 0
840 0.0581872 0.333333 12.3333 0.52549 0.5 0 0
850 0.0581872 0.333333 12.3333 0.517647 0.5 0 0
860 0.0581818 0.333333 12.6667 0.52549 0.5 0 0
870 0.0581818 0.333333 12.6667 0.52549 0.5 0 0
880 0.0581793 0.333333 13 0.52549 0.5 0 0
890 0.0581793 0.333333 13 0.52549 0.5 0 0
900 0.058402 0.333333 13.3333 0.513725 0.5 0 0
910 0.058402 0.333333 13.3333 0.517647 0.5 0 0
920 0.0586576 0.333333 13.6667 0.517647 0.5 0 0
930 0.0586576 0.333333 13.6667 0.513725 0.5 0 0
940 0.0586562 0.333333 14 0.517647 0.5 0 0
950 0.0586562 0.333333 14 0.509804 0.5 0 0
960 0.0591403 0.333333 14.3333 0.498039 0.5 0 0
970 0.0591403 0.333333 14.3333 0.490196 0.5 0 0
980 0.059279 0.333333 14.6667 0.482353 0.5 0 0
990 0.059279 0.333333 14.6667 0.47451 0.5 0 0
1000 0.0591237 0.333333 15 0.47451 0.5 0 0
1010 0.0591237 0.333333 15 0.478431 0.5 0 0
1020 0.0589528 0.333333 15.3333 0.478431 0.5 0 0
1030 0.0589528 0.333333 15.3333 0.478431 0.5 0 0
1040 0.0591802 0.333333 15.6667 0.478431 0.5 0 0
1050 0.0591802 0.333333 15.6667 0.47451 0.5 0 0
1060 0.0598005 0.333333 16 0.470588 0.5 0 0
1070 0.0598005 0.333333 16 0.462745 0.5 0 0
1080 0.06044 0.333333 16.3333 0.454902 0.5 0 0
1090 0.06044 0.333333 16.3333 0.45098 0.5 0 0
1100 0.0607723 0.333333 16.6667 0.45098 0.5 0 0
1110 0.0607723 0.333333 16.6667 0.447059 0.5 0 0
1120 0.0612949 0.333333 17 0.447059 0.5 0 0
1130 0.0612949 0.333333 17 0.443137 0.5 0 0
1140 0.0617247 0.333333 17.3333 0.443137 0.5 0 0
1150 0.0617247 0.333333 17.3333 0.435294 0.5 0 0
1160 0.0617775 0.333333 17.6667 0.431373 0.5 0 0
1170 0.0617775 0.333333 17.6667 0.431373 0.5 0 0
1180 0.0615582 0.333333 18 0.431373 0.5 0 0
1190 0.0615582 0.333333 18 0.431373 0.5 0 0
1200 0.0614528 0.333333 18.3333 0.427451 0.5 0 0
1210 0.0614528 0.333333 18.3333 0.423529 0.5 0 0
1220 0.0615004 0.5 18.8333 0.423529 0.5 0 0
1230 0.0615004 0.5 18.8333 0.419608 0.5 0 0
1240 0.0615162 0.5 19.3333 0.423529 0.5 0 0
1250 0.0615162 0.5 19.3333 0.419608 0.5 0 0
1260 0.0615254 0.583333 19.9167 0.423529 0.5 0 0
1270 0.0615254 0.583333 19.9167 0.419608 0.5 0 0
1280 0.0615345 0.666667 20.5833 0.419608 0.5 0 0
1290 0.0615345 0.666667 20.5833 0.419608 0.5 0 0
1300 0.0615459 0.75 21.3333 0.419608 0.5 0 0
1310 0.0615459 0.75 21.3333 0.419608 0.5 0 0
1320 0.0615582 0.75 22.0833 0.419608 0.5 0 0
1330 0.0615582 0.75 22.0833 0.419608 0.5 0 0
1340 0.061566 0.5 22.5833 0.419608 0.5 0 0
1350 0.061566 0.5 22.5833 0.419608 0.5 0 0
1360 0.0615897 0.5 23.0833 0.419608 0.5 0 0
1370 0.0615897 0.5 23.0833 0.419608 0.5 0 0
1380 0.061484 0.5 23.5833 0.419608 0.5 0 0
1390 0.061484 0.5 23.5833 0.415686 0.5 0 0
1400 0.0615016 0.583333 24.1667 0.415686 0.5 0 0
1410 0.0615016 0.583333 24.1667 0.419608 0.5 0 0
1420 0.0615299 0.583333 24.75 0.419608 0.5 0 0
1430 0.0615299 0.583333 24.75 0.415686 0.5 0 0
1440 0.0615811 0.5 25.25 0.415686 0.5 0 0
1450 0.0615811 0.5 25.25 0.419608 0.5 0 0
1460 0.0616646 0.5 25.75 0.415686 0.5 0 0
1470 0.0616646 0.5 25.75 0.415686 0.5 0 0
1480 0.0617556 0.583333 26.3333 0.415686 0.5 0 0
1490 0.0617556 0.583333 26.3333 0.415686 0.5 0 0
1500 0.0617558 0.583333 26.9167 0.415686 0.5 0 0
1510 0.0617558 0.583333 26.9167 0.419608 0.5 0 0
1520 0.061751 0.583333 27.5 0.415686 0.5 0 0
1530 0.061751 0.583333 27.5 0.419608 0.5 0 0
1540 0.0616728 0.583333 28.0833 0.415686 0.5 0 0
1550 0.0616728 0.583333 28.0833 0.419608 0.5 0 0
1560 0.0620454 0.583333 28.6667 0.415686 0.5 0 0
1570 0.0620454 0.583333 28.6667 0.419608 0.5 0 0
1580 0.062099 0.5 29.1667 0.419608 0.5 0 0
1590 0.062099 0.5 29.1667 0.415686 0.5 0 0
1600 0.062099 0.583333 29.75 0.415686 0.5 0 0
1610 0.062099 0.583333 29.75 0.415686 0.5 0 0
1620 0.0621773 0.583333 30.3333 0.415686 0.5 0 0
1630 0.0621773 0.583333 30.3333 0.415686 0.5 0 0
1640 0.0621732 0.416667 30.75 0.419608 0.5 0 0
1650 0.0621732 0.416667 30.75 0.419608 0.5 0 0
1660 0.0621718 0.416667 31.1667 0.415686 0.5 0 0
1670 0.0621718 0.416667 31.1667 0.415686 0.5 0 0
1680 0.0621718 0.416667 31.5833 0.415686 0.5 0 0
1690 0.0621718 0.416667 31.5833 0.415686 0.5 0 0
1700 0.0621351 0.5 32.0833 0.419608 0.5 0 0
1710 0.0621351 0.5 32.0833 0.415686 0.5 0 0
1720 0.0621405 0.5 32.5833 0.419608 0.5 0 0
1730 0.0621405 0.5 32.5833 0.415686 0.5 0 0
1740 0.062144 0.5 33.0833 0.419608 0.5 0 0
1750 0.062144 0.5 33.0833 0.415686 0.5 0 0
1760 0.062144 0.5 33.5833 0.415686 0.5 0 0
1770 0.062144 0.5 33.5833 0.419608 0.5 0 0
1780 0.062144 0.5 34.0833 0.419608 0.5 0 0
1790 0.062144 0.5 34.0833 0.419608 0.5 0 0
1800 0.0621401 0.5 34.5833 0.419608 0.5 0 0
1810 0.0621401 0.5 34.5833 0.419608 0.5 0 0
1820 0.0621401 0.5 35.0833 0.415686 0.5 0 0
1830 0.0621401 0.5 35.0833 0.415686 0.5 0 0
1840 0.0621401 0.5 35.5833 0.419608 0.5 0 0
1850 0.0621401 0.5 35.5833 0.419608 0.5 0 0
1860 0.0621401 0.666667 36.25 0.415686 0.5 0 0
1870 0.0621401 0.666667 36.25 0.415686 0.5 0 0
1880 0.0621401 0.666667 36.9167 0.415686 0.5 0 0
1890 0.0621401 0.666667 36.9167 0.419608 0.5 0 0
1900 0.0621401 0.5 37.4167 0.419608 0.5 0 0
1910 0.0621401 0.5 37.4167 0.415686 0.5 0 0
1920 0.0621488 0.583333 38 0.419608 0.5 0 0
1930 0.0621488 0.583333 38 0.415686 0.5 0 0
1940 0.0621831 0.583333 38.5833 0.415686 0.5 0 0
1950 0.0621831 0.583333 38.5833 0.419608 0.5 0 0
1960 0.0622006 0.583333 39.1667 0.419608 0.5 0 0
1970 0.0622006 0.583333 39.1667 0.419608 0.5 0 0
1980 0.0622006 0.583333 39.75 0.419608 0.5 0 0
1990 0.0622006 0.583333 39.75 0.419608 0.5 0 0
2000 0.0622006 0.583333 40.3333 0.415686 0.5 0 0
2010 0.0622006 0.583333 40.3333 0.415686 0.5 0 0
2020 0.0622006 0.583333 40.9167 0.415686 0.5 0 0
2030 0.0622006 0.583333 40.9167 0.419608 0.5 0 0
2040 0.0622006 0.583333 41.5 0.415686 0.5 0 0
2050 0.0622006 0.583333 41.5 0.419608 0.5 0 0
2060 0.0622117 0.333333 41.8333 0.411765 0.5 0 0
2070 0.0622117 0.333333 41.8333 0.415686 0.5 0 0
2080 0.0622117 0.333333 42.1667 0.415686 0.5 0 0
2090 0.0622117 0.333333 42.1667 0.415686 0.5 0 0
2100 0.0622117 0.333333 42.5 0.415686 0.5 0 0
2110 0.0622117 0.333333 42.5 0.415686 0.5 0 0
2120 0.0622322 0.666667 43.1667 0.415686 0.5 0 0
2130 0.0622322 0.666667 43.1667 0.415686 0.5 0 0
2140 0.0622322 0.666667 43.8333 0.419608 0.5 0 0
2150 0.0622322 0.666667 43.8333 0.419608 0.5 0 0
2160 0.0622322 0.666667 44.5 0.415686 0.5 0 0
2170 0.0622322 0.666667 44.5 0.419608 0.5 0 0
2180 0.0622322 0.666667 45.1667 0.419608 0.5 0 0
2190 0.0622322 0.666667 45.1667 0.415686 0.5 0 0
2200 0.0622322 0.666667 45.8333 0.419608 0.5 0 0
2210 0.0622322 0.666667 45.8333 0.415686 0.5 0 0
2220 0.06223 0.333333 46.1667 0.419608 0.5 0 0
2230 0.06223 0.333333 46.1667 0.415686 0.5 0 0
2240 0.06223 0.833333 47 0.415686 0.5 0 0
2250 0.06223 0.833333 47 0.419608 0.5 0 0
2260 0.06223 0.833333 47.8333 0.415686 0.5 0 0
2270 0.06223 0.833333 47.8333 0.419608 0.5 0 0
2280 0.06223 0.833333 48.6667 0.415686 0.5 0 0
2290 0.06223 0.833333 48.6667 0.419608 0.5 0 0
2300 0.06223 0.833333 49.5 0.415686 0.5 0 0
2310 0.06223 0.833333 49.5 0.419608 0.5 0 0
2320 0.06223 0.833333 50.3333 0.415686 0.5 0 0
2330 0.06223 0.833333 50.3333 0.415686 0.5 0 0
2340 0.06223 0.75 51.0833 0.419608 0.5 0 0
2350 0.06223 0.75 51.0833 0.415686 0.5 0 0
2360 0.06223 0.75 51.8333 0.419608 0.5 0 0
2370 0.06223 0.75 51.8333 0.415686 0.5 0 0
2380 0.0622344 0.75 52.5833 0.415686 0.5 0 0
2390 0.0622344 0.75 52.5833 0.415686 0.5 0 0
2400 0.0622344 0.75 53.3333 0.419608 0.5 0 0
2410 0.0622344 0.75 53.3333 0.415686 0.5 0 0
2420 0.0622355 0.75 54.0833 0.415686 0.5 0 0
2430 0.0622355 0.75 54.0833 0.415686 0.5 0 0
2440 0.0622376 0.75 54.8333 0.415686 0.5 0 0
2450 0.0622376 0.75 54.8333 0.415686 0.5 0 0
2460 0.0622632 0.75 55.5833 0.415686 0.5 0 0
2470 0.0622632 0.75 55.5833 0.419608 0.5 0 0
2480 0.0622394 0.75 56.3333 0.415686 0.5 0 0
2490 0.0622394 0.75 56.3333 0.415686 0.5 0 0
2500 0.0622082 0.75 57.0833 0.419608 0.5 0 0
2510 0.0622082 0.75 57.0833 0.415686 0.5 0 0
2520 0.0621546 0.916667 58 0.415686 0.5 0 0
2530 0.0621546 0.916667 58 0.419608 0.5 0 0
2540 0.0620112 0.916667 58.9167 0.411765 0.5 0 0
2550 0.0620112 0.916667 58.9167 0.415686 0.5 0 0
2560 0.0618683 0.916667 59.8333 0.415686 0.5 0 0
2570 0.0618683 0.916667 59.8333 0.415686 0.5 0 0
2580 0.061845 0.75 60.5833 0.411765 0.5 0 0
2590 0.061845 0.75 60.5833 0.415686 0.5 0 0
2600 0.0618116 0.916667 61.5 0.415686 0.5 0 0
2610 0.0618116 0.916667 61.5 0.411765 0.5 0 0
2620 0.0617012 0.916667 62.4167 0.411765 0.5 0 0
2630 0.0617012 0.916667 62.4167 0.411765 0.5 0 0
2640 0.0616653 0.916667 63.3333 0.411765 0.5 0 0
2650 0.0616653 0.916667 63.3333 0.411765 0.5 0 0
2660 0.0616315 0.833333 64.1667 0.411765 0.5 0 0
2670 0.0616315 0.833333 64.1667 0.411765 0.5 0 0
2680 0.0615874 0.833333 65 0.407843 0.5 0 0
2690 0.0615874 0.833333 65 0.407843 0.5 0 0
2700 0.0614833 0.833333 65.8333 0.407843 0.5 0 0
2710 0.0614833 0.833333 65.8333 0.411765 0.5 0 0
2720 0.0614019 0.833333 66.6667 0.407843 0.5 0 0
2730 0.0614019 0.833333 66.6667 0.407843 0.5 0 0
2740 0.0613701 0.833333 67.5 0.407843 0.5 0 0
2750 0.0613701 0.833333 67.5 0.407843 0.5 0 0
2760 0.0613397 0.833333 68.3333 0.407843 0.5 0 0
2770 0.0613397 0.833333 68.3333 0.407843 0.5 0 0
2780 0.061287 0.833333 69.1667 0.407843 0.5 0 0
2790 0.061287 0.833333 69.1667 0.407843 0.5 0 0
2800 0.0610744 0.833333 70 0.407843 0.5 0 0
2810 0.0610744 0.833333 70 0.407843 0.5 0 0
2820 0.0609341 0.833333 70.8333 0.407843 0.5 0 0
2830 0.0609341 0.833333 70.8333 0.407843 0.5 0 0
2840 0.0608852 0.833333 71.6667 0.407843 0.5 0 0
2850 0.0608852 0.833333 71.6667 0.407843 0.5 0 0
2860 0.060887 0.75 72.4167 0.403922 0.5 0 0
2870 0.060887 0.75 72.4167 0.403922 0.5 0 0
2880 0.0609085 0.75 73.1667 0.403922 0.5 0 0
2890 0.0609085 0.75 73.1667 0.403922 0.5 0 0
2900 0.0607017 0.833333 74 0.403922 0.5 0 0
2910 0.0607017 0.833333 74 0.403922 0.5 0 0
2920 0.0606027 0.916667 74.9167 0.403922 0.5 0 0
2930 0.0606027 0.916667 74.9167 0.403922 0.5 0 0
2940 0.0605086 0.916667 75.8333 0.403922 0.5 0 0
2950 0.0605086 0.916667 75.8333 0.403922 0.5 0 0
2960 0.0604505 0.916667 76.75 0.403922 0.5 0 0
2970 0.0604505 0.916667 76.75 0.403922 0.5 0 0
2980 0.0603842 0.916667 77.6667 0.403922 0.5 0 0
2990 0.0603842 0.916667 77.6667 0.403922 0.5 0 0
3000 0.0602834 0.916667 78.5833 0.403922 0.5 0 0
3010 0.0602834 0.916667 78.5833 0.403922 0.5 0 0
3020 0.0601959 0.916667 79.5 0.403922 0.5 0 0
3030 0.0601959 0.916667 79.5 0.403922 0.5 0 0
3040 0.0601667 0.916667 80.4167 0.403922 0.5 0 0
3050 0.0601667 0.916667 80.4167 0.403922 0.5 0 0
3060 0.0601398 0.833333 81.25 0.403922 0.5 0 0
3070 0.0601398 0.833333 81.25 0.403922 0.5 0 0
3080 0.0601302 0.833333 82.0833 0.403922 0.5 0 0
3090 0.0601302 0.833333 82.0833 0.403922 0.5 0 0
3100 0.0601189 0.833333 82.9167 0.403922 0.5 0 0
3110 0.0601189 0.833333 82.9167 0.403922 0.5 0 0
3120 0.0600804 0.833333 83.75 0.403922 0.5 0 0
3130 0.0600804 0.833333 83.75 0.403922 0.5 0 0
3140 0.0600517 0.833333 84.5833 0.403922 0.5 0 0
3150 0.0600517 0.833333 84.5833 0.403922 0.5 0 0
3160 0.060016 0.833333 85.4167 0.403922 0.5 0 0
3170 0.060016 0.833333 85.4167 0.403922 0.5 0 0
3180 0.0599817 0.833333 86.25 0.403922 0.5 0 0
3190 0.0599817 0.833333 86.25 0.403922 0.5 0 0
3200 0.0599536 0.833333 87.0833 0.403922 0.5 0 0
3210 0.0599536 0.833333 87.0833 0.403922 0.5 0 0
3220 0.059929 0.833333 87.9167 0.403922 0.5 0 0
3230 0.059929 0.833333 87.9167 0.403922 0.5 0 0
3240 0.0599182 0.833333 88.75 0.403922 0.5 0 0
3250 0.0599182 0.833333 88.75 0.403922 0.5 0 0
3260 0.059913 0.833333 89.5833 0.403922 0.5 0 0
3270 0.059913 0.833333 89.5833 0.403922 0.5 0 0
3280 0.0599109 0.833333 90.4167 0.403922 0.5 0 0
3290 0.0599109 0.833333 90.4167 0.403922 0.5 0 0
3300 0.0599053 0.833333 91.25 0.403922 0.5 0 0
3310 0.0599053 0.833333 91.25 0.403922 0.5 0 0
3320 0.0598893 0.833333 92.0833 0.403922 0.5 0 0
3330 0.0598893 0.833333 92.0833 0.403922 0.5 0 0
3340 0.059846 0.833333 92.9167 0.403922 0.5 0 0
3350 0.059846 0.833333 92.9167 0.403922 0.5 0 0
3360 0.0598096 0.833333 93.75 0.403922 0.5 0 0
3370 0.0598096 0.833333 93.75 0.403922 0.5 0 0
3380 0.0597905 0.833333 94.5833 0.403922 0.5 0 0
3390 0.0597905 0.833333 94.5833 0.403922 0.5 0 0
3400 0.0597407 0.583333 95.1667 0.403922 0.5 0 0
3410 0.0597407 0.583333 95.1667 0.403922 0.5 0 0
3420 0.0596914 0.583333 95.75 0.403922 0.5 0 0
3430 0.0596914 0.583333 95.75 0.403922 0.5 0 0
3440 0.0596976 0.583333 96.3333 0.403922 0.5 0 0
3450 0.0596976 0.583333 96.3333 0.403922 0.5 0 0
3460 0.0597044 0.416667 96.75 0.403922 0.5 0 0
3470 0.0597044 0.416667 96.75 0.403922 0.5 0 0
3480 0.0596853 0.333333 97.0833 0.403922 0.5 0 0
3490 0.0596853 0.333333 97.0833 0.403922 0.5 0 0
3500 0.0595398 0.416667 97.5 0.403922 0.5 0 0
3510 0.0595398 0.416667 97.5 0.403922 0.5 0 0
3520 0.0594676 0.416667 97.9167 0.403922 0.5 0 0
3530 0.0594676 0.416667 97.9167 0.403922 0.5 0 0
3540 0.0594586 0.75 98.6667 0.403922 0.5 0 0
3550 0.0594586 0.75 98.6667 0.403922 0.5 0 0
3560 0.0594518 0.833333 99.5 0.403922 0.5 0 0
3570 0.0594518 0.833333 99.5 0.403922 0.5 0 0
3580 0.0594461 0.833333 100.333 0.403922 0.5 0 0
3590 0.0594461 0.833333 100.333 0.403922 0.5 0 0
3600 0.0594375 0.75 101.083 0.403922 0.5 0 0
3610 0.0594375 0.75 101.083 0.403922 0.5 0 0
3620 0.0594419 0.833333 101.917 0.403922 0.5 0 0
3630 0.0594419 0.833333 101.917 0.403922 0.5 0 0
3640 0.0594452 0.75 102.667 0.403922 0.5 0 0
3650 0.0594452 0.75 102.667 0.403922 0.5 0 0
3660 0.0594481 0.833333 103.5 0.403922 0.5 0 0
3670 0.0594481 0.833333 103.5 0.403922 0.5 0 0
3680 0.0592577 0.833333 104.333 0.403922 0.5 0 0
3690 0.0592577 0.833333 104.333 0.403922 0.5 0 0
3700 0.0591988 0.833333 105.167 0.403922 0.5 0 0
3710 0.0591988 0.833333 105.167 0.403922 0.5 0 0
3720 0.0592287 0.833333 106 0.403922 0.5 0 0
3730 0.0592287 0.833333 106 0.403922 0.5 0 0
3740 0.059262 0.833333 106.833 0.403922 0.5 0 0
3750 0.059262 0.833333 106.833 0.403922 0.5 0 0
3760 0.0592917 0.833333 107.667 0.403922 0.5 0 0
3770 0.0592917 0.833333 107.667 0.403922 0.5 0 0
3780 0.0593046 0.75 108.417 0.403922 0.5 0 0
3790 0.0593046 0.75 108.417 0.403922 0.5 0 0
3800 0.0593143 0.75 109.167 0.403922 0.5 0 0
3810 0.0593143 0.75 109.167 0.403922 0.5 0 0
3820 0.0593226 0.75 109.917 0.403922 0.5 0 0
3830 0.0593226 0.75 109.917 0.403922 0.5 0 0
3840 0.0593318 0.75 110.667 0.403922 0.5 0 0
3850 0.0593318 0.75 110.667 0.403922 0.5 0 0
3860 0.0593398 0.75 111.417 0.403922 0.5 0 0
3870 0.0593398 0.75 111.417 0.403922 0.5 0 0
3880 0.0593498 0.75 112.167 0.403922 0.5 0 0
3890 0.0593498 0.75 112.167 0.403922 0.5 0 0
3900 0.0593606 0.75 112.917 0.403922 0.5 0 0
3910 0.0593606 0.75 112.917 0.403922 0.5 0 0
3920 0.059366 0.75 113.667 0.403922 0.5 0 0
3930 0.059366 0.75 113.667 0.403922 0.5 0 0
3940 0.0593761 0.75 114.417 0.403922 0.5 0 0
3950 0.0593761 0.75 114.417 0.403922 0.5 0 0
3960 0.059384 0.75 115.167 0.403922 0.5 0 0
3970 0.059384 0.75 115.167 0.403922 0.5 0 0
3980 0.0593899 0.75 115.917 0.403922 0.5 0 0
3990 0.0593899 0.75 115.917 0.403922 0.5 0 0
4000 0.0593899 0.75 116.667 0.403922 0.5 0 0
4010 0.0593899 0.75 116.667 0.403922 0.5 0 0
4020 0.0593899 0.666667 117.333 0.403922 0.5 0 0
4030 0.0593899 0.666667 117.333 0.403922 0.5 0 0
4040 0.0593899 0.583333 117.917 0.403922 0.5 0 0
4050 0.0593899 0.583333 117.917 0.403922 0.5 0 0
4060 0.0593899 0.583333 118.5 0.403922 0.5 0 0
4070 0.0593899 0.583333 118.5 0.403922 0.5 0 0
4080 0.0593899 0.666667 119.167 0.403922 0.5 0 0
4090 0.0593899 0.666667 119.167 0.403922 0.5 0 0
4100 0.0593899 0.666667 119.833 0.403922 0.5 0 0
4110 0.0593899 0.666667 119.833 0.403922 0.5 0 0
4120 0.059405 0.75 120.583 0.403922 0.5 0 0
4130 0.059405 0.75 120.583 0.403922 0.5 0 0
4140 0.0593491 0.75 121.333 0.403922 0.5 0 0
4150 0.0593491 0.75 121.333 0.4 0.5 0 0
4160 0.0593158 0.75 122.083 0.4 0.5 0 0
4170 0.0593158 0.75 122.083 0.4 0.5 0 0
4180 0.0593266 0.75 122.833 0.4 0.5 0 0
4190 0.0593266 0.75 122.833 0.4 0.5 0 0
4200 0.0593363 0.75 123.583 0.4 0.5 0 0
4210 0.0593363 0.75 123.583 0.4 0.5 0 0
4220 0.0593363 0.75 124.333 0.4 0.5 0 0
4230 0.0593363 0.75 124.333 0.4 0.5 0 0
4240 0.0593363 0.75 125.083 0.4 0.5 0 0
4250 0.0593363 0.75 125.083 0.4 0.5 0 0
4260 0.0593363 0.833333 125.917 0.4 0.5 0 0
4270 0.0593363 0.833333 125.917 0.4 0.5 0 0
4280 0.0593363 0.833333 126.75 0.4 0.5 0 0
4290 0.0593363 0.833333 126.75 0.4 0.5 0 0
4300 0.0593482 0.833333 127.583 0.4 0.5 0 0
4310 0.0593482 0.833333 127.583 0.4 0.5 0 0
4320 0.0595565 0.583333 128.167 0.4 0.5 0 0
4330 0.0595565 0.583333 128.167 0.4 0.5 0 0
4340 0.0596882 0.916667 129.083 0.4 0.5 0 0
4350 0.0596882 0.916667 129.083 0.4 0.5 0 0
4360 0.0597589 0.916667 130 0.4 0.5 0 0
4370 0.0597589 0.916667 130 0.4 0.5 0 0
4380 0.0597885 0.916667 130.917 0.4 0.5 0 0
4390 0.0597885 0.916667 130.917 0.396078 0.5 0 0
4400 0.0597885 0.833333 131.75 0.4 0.5 0 0
4410 0.0597885 0.833333 131.75 0.396078 0.5 0 0
4420 0.0597885 0.833333 132.583 0.4 0.5 0 0
4430 0.0597885 0.833333 132.583 0.4 0.5 0 0
4440 0.0599656 0.916667 133.5 0.4 0.5 0 0
4450 0.0599656 0.916667 133.5 0.4 0.5 0 0
4460 0.0600354 0.916667 134.417 0.396078 0.5 0 0
4470 0.0600354 0.916667 134.417 0.396078 0.5 0 0
4480 0.0600641 0.916667 135.333 0.396078 0.5 0 0
4490 0.0600641 0.916667 135.333 0.396078 0.5 0 0
4500 0.0601107 0.916667 136.25 0.396078 0.5 0 0
4510 0.0601107 0.916667 136.25 0.396078 0.5 0 0
4520 0.0601117 0.916667 137.167 0.396078 0.5 0 0
4530 0.0601117 0.916667 137.167 0.396078 0.5 0 0
4540 0.0601092 0.583333 137.75 0.396078 0.5 0 0
4550 0.0601092 0.583333 137.75 0.396078 0.5 0 0
4560 0.060159 0.583333 138.333 0.396078 0.5 0 0
4570 0.060159 0.583333 138.333 0.396078 0.5 0 0
4580 0.0600367 0.833333 139.167 0.392157 0.5 0 0
4590 0.0600367 0.833333 139.167 0.396078 0.5 0 0
4600 0.0599375 0.833333 140 0.396078 0.5 0 0
4610 0.0599375 0.833333 140 0.392157 0.5 0 0
4620 0.0598539 0.833333 140.833 0.392157 0.5 0 0
4630 0.0598539 0.833333 140.833 0.392157 0.5 0 0
4640 0.0597771 0.833333 141.667 0.392157 0.5 0 0
4650 0.0597771 0.833333 141.667 0.392157 0.5 0 0
4660 0.0595451 0.916667 142.583 0.392157 0.5 0 0
4670 0.0595451 0.916667 142.583 0.392157 0.5 0 0
4680 0.0594193 0.916667 143.5 0.392157 0.5 0 0
4690 0.0594193 0.916667 143.5 0.392157 0.5 0 0
4700 0.0593982 0.916667 144.417 0.392157 0.5 0 0
4710 0.0593982 0.916667 144.417 0.392157 0.5 0 0
4720 0.0592866 0.916667 145.333 0.392157 0.5 0 0
4730 0.0592866 0.916667 145.333 0.392157 0.5 0 0
4740 0.059267 0.916667 146.25 0.392157 0.5 0 0
4750 0.059267 0.916667 146.25 0.392157 0.5 0 0
4760 0.0592671 0.833333 147.083 0.392157 0.5 0 0
4770 0.0592671 0.833333 147.083 0.392157 0.5 0 0
4780 0.0592596 0.833333 147.917 0.392157 0.5 0 0
4790 0.0592596 0.833333 147.917 0.392157 0.5 0 0
4800 0.059247 0.833333 148.75 0.392157 0.5 0 0
4810 0.059247 0.833333 148.75 0.392157 0.5 0 0
4820 0.0592384 0.833333 149.583 0.392157 0.5 0 0
4830 0.0592384 0.833333 149.583 0.388235 0.5 0 0
4840 0.0592245 0.916667 150.5 0.388235 0.5 0 0
4850 0.0592245 0.916667 150.5 0.388235 0.5 0 0
4860 0.0591616 0.916667 151.417 0.388235 0.5 0 0
4870 0.0591616 0.916667 151.417 0.388235 0.5 0 0
4880 0.0590807 0.916667 152.333 0.388235 0.5 0 0
4890 0.0590807 0.916667 152.333 0.388235 0.5 0 0
4900 0.0590467 0.833333 153.167 0.388235 0.5 0 0
4910 0.0590467 0.833333 153.167 0.388235 0.5 0 0
4920 0.0590333 0.833333 154 0.388235 0.5 0 0
4930 0.0590333 0.833333 154 0.388235 0.5 0 0
4940 0.0589651 0.916667 154.917 0.388235 0.5 0 0
4950 0.0589651 0.916667 154.917 0.388235 0.5 0 0
4960 0.0588545 0.916667 155.833 0.388235 0.5 0 0
4970 0.0588545 0.916667 155.833 0.388235 0.5 0 0
4980 0.0588209 0.916667 156.75 0.388235 0.5 0 0
4990 0.0588209 0.916667 156.75 0.388235 0.5 0 0
5000 0.0588205 0.916667 157.667 0.388235 0.5 0 0
5010 0.0588205 0.916667 157.667 0.388235 0.5 0 0
5020 0.058809 0.916667 158.583 0.388235 0.5 0 0
5030 0.058809 0.916667 158.583 0.388235 0.5 0 0
5040 0.058765 0.916667 159.5 0.388235 0.5 0 0
5050 0.058765 0.916667 159.5 0.388235 0.5 0 0
5060 0.0587284 0.916667 160.417 0.388235 0.5 0 0
5070 0.0587284 0.916667 160.417 0.388235 0.5 0 0
5080 0.058714 0.833333 161.25 0.388235 0.5 0 0
5090 0.058714 0.833333 161.25 0.388235 0.5 0 0
5100 0.0586827 0.833333 162.083 0.388235 0.5 0 0
5110 0.0586827 0.833333 162.083 0.388235 0.5 0 0
5120 0.0586104 0.833333 162.917 0.388235 0.5 0 0
5130 0.0586104 0.833333 162.917 0.388235 0.5 0 0
5140 0.0585483 0.833333 163.75 0.388235 0.5 0 0
5150 0.0585483 0.833333 163.75 0.388235 0.5 0 0
5160 0.0585451 0.833333 164.583 0.388235 0.5 0 0
5170 0.0585451 0.833333 164.583 0.388235 0.5 0 0
5180 0.0585364 0.916667 165.5 0.388235 0.5 0 0
5190 0.0585364 0.916667 165.5 0.388235 0.5 0 0
5200 0.0585112 0.916667 166.417 0.388235 0.5 0 0
5210 0.0585112 0.916667 166.417 0.388235 0.5 0 0
5220 0.0584794 0.916667 167.333 0.388235 0.5 0 0
5230 0.0584794 0.916667 167.333 0.388235 0.5 0 0
5240 0.0584415 0.916667 168.25 0.388235 0.5 0 0
5250 0.0584415 0.916667 168.25 0.388235 0.5 0 0
5260 0.0583901 0.916667 169.167 0.388235 0.5 0 0
5270 0.0583901 0.916667 169.167 0.388235 0.5 0 0
5280 0.0582814 0.916667 170.083 0.388235 0.5 0 0
5290 0.0582814 0.916667 170.083 0.388235 0.5 0 0
5300 0.0582058 0.916667 171 0.388235 0.5 0 0
5310 0.0582058 0.916667 171 0.388235 0.5 0 0
5320 0.0582009 0.916667 171.917 0.388235 0.5 0 0
5330 0.0582009 0.916667 171.917 0.388235 0.5 0 0
5340 0.0581938 0.75 172.667 0.388235 0.5 0 0
5350 0.0581938 0.75 172.667 0.388235 0.5 0 0
5360 0.0581885 0.833333 173.5 0.388235 0.5 0 0
5370 0.0581885 0.833333 173.5 0.388235 0.5 0 0
5380 0.0581793 0.833333 174.333 0.388235 0.5 0 0
5390 0.0581793 0.833333 174.333 0.388235 0.5 0 0
5400 0.0581729 0.833333 175.167 0.388235 0.5 0 0
5410 0.0581729 0.833333 175.167 0.388235 0.5 0 0
5420 0.0581625 0.833333 176 0.388235 0.5 0 0
5430 0.0581625 0.833333 176 0.388235 0.5 0 0
5440 0.058153 0.833333 176.833 0.384314 0.5 0 0
5450 0.058153 0.833333 176.833 0.388235 0.5 0 0
5460 0.0581427 0.833333 177.667 0.388235 0.5 0 0
5470 0.0581427 0.833333 177.667 0.388235 0.5 0 0
5480 0.0581281 0.833333 178.5 0.388235 0.5 0 0
5490 0.0581281 0.833333 178.5 0.388235 0.5 0 0
5500 0.0581012 0.916667 179.417 0.388235 0.5 0 0
5510 0.0581012 0.916667 179.417 0.388235 0.5 0 0
5520 0.0580887 0.916667 180.333 0.388235 0.5 0 0
5530 0.0580887 0.916667 180.333 0.388235 0.5 0 0
5540 0.0580834 0.916667 181.25 0.388235 0.5 0 0
5550 0.0580834 0.916667 181.25 0.388235 0.5 0 0
5560 0.0580834 0.916667 182.167 0.388235 0.5 0 0
5570 0.0580834 0.916667 182.167 0.388235 0.5 0 0
5580 0.0580834 0.916667 183.083 0.388235 0.5 0 0
5590 0.0580834 0.916667 183.083 0.388235 0.5 0 0
5600 0.0580774 0.916667 184 0.388235 0.5 0 0
5610 0.0580774 0.916667 184 0.388235 0.5 0 0
5620 0.0580506 0.916667 184.917 0.388235 0.5 0 0
5630 0.0580506 0.916667 184.917 0.388235 0.5 0 0
5640 0.0580309 0.916667 185.833 0.388235 0.5 0 0
5650 0.0580309 0.916667 185.833 0.388235 0.5 0 0
5660 0.0580278 0.916667 186.75 0.388235 0.5 0 0
5670 0.0580278 0.916667 186.75 0.388235 0.5 0 0
5680 0.058049 0.916667 187.667 0.388235 0.5 0 0
5690 0.058049 0.916667 187.667 0.388235 0.5 0 0
5700 0.058077 0.916667 188.583 0.388235 0.5 0 0
5710 0.058077 0.916667 188.583 0.388235 0.5 0 0
5720 0.0580857 0.833333 189.417 0.388235 0.5 0 0
5730 0.0580857 0.833333 189.417 0.384314 0.5 0 0
5740 0.0581054 0.916667 190.333 0.384314 0.5 0 0
5750 0.0581054 0.916667 190.333 0.384314 0.5 0 0
5760 0.058175 0.916667 191.25 0.384314 0.5 0 0
5770 0.058175 0.916667 191.25 0.384314 0.5 0 0
5780 0.0582572 0.916667 192.167 0.384314 0.5 0 0
5790 0.0582572 0.916667 192.167 0.384314 0.5 0 0
5800 0.0583038 0.916667 193.083 0.384314 0.5 0 0
5810 0.0583038 0.916667 193.083 0.384314 0.5 0 0
5820 0.0583287 0.916667 194 0.384314 0.5 0 0
5830 0.0583287 0.916667 194 0.384314 0.5 0 0
5840 0.0583539 0.916667 194.917 0.384314 0.5 0 0
5850 0.0583539 0.916667 194.917 0.384314 0.5 0 0
5860 0.0583885 0.916667 195.833 0.384314 0.5 0 0
5870 0.0583885 0.916667 195.833 0.384314 0.5 0 0
5880 0.0584274 0.833333 196.667 0.384314 0.5 0 0
5890 0.0584274 0.833333 196.667 0.384314 0.5 0 0
5900 0.0584496 0.916667 197.583 0.384314 0.5 0 0
5910 0.0584496 0.916667 197.583 0.380392 0.5 0 0
5920 0.0584758 0.916667 198.5 0.380392 0.5 0 0
5930 0.0584758 0.916667 198.5 0.384314 0.5 0 0
5940 0.0585507 0.75 199.25 0.380392 0.5 0 0
5950 0.0585507 0.75 199.25 0.380392 0.5 0 0
5960 0.0586654 1 200.25 0.380392 0.5 0 0
5970 0.0586654 1 200.25 0.380392 0.5 0 0
5980 0.0587284 0.916667 201.167 0.380392 0.5 0 0
5990 0.0587284 0.916667 201.167 0.384314 0.5 0 0
6000 0.0587459 0.916667 202.083 0.380392 0.5 0 0
6010 0.0587459 0.916667 202.083 0.384314 0.5 0 0
6020 0.0587596 0.916667 203 0.380392 0.5 0 0
6030 0.0587596 0.916667 203 0.380392 0.5 0 0
6040 0.0587515 0.833333 203.833 0.384314 0.5 0 0
6050 0.0587515 0.833333 203.833 0.384314 0.5 0 0
6060 0.0587367 0.833333 204.667 0.384314 0.5 0 0
6070 0.0587367 0.833333 204.667 0.380392 0.5 0 0
6080 0.058756 0.916667 205.583 0.380392 0.5 0 0
6090 0.058756 0.916667 205.583 0.380392 0.5 0 0
6100 0.058825 1 206.583 0.380392 0.5 0 0
6110 0.058825 1 206.583 0.376471 0.5 0 0
6120 0.0588878 1 207.583 0.376471 0.5 0 0
6130 0.0588878 1 207.583 0.376471 0.5 0 0
6140 0.0590154 1 208.583 0.376471 0.5 0 0
6150 0.0590154 1 208.583 0.376471 0.5 0 0
6160 0.0591122 1 209.583 0.376471 0.5 0 0
6170 0.0591122 1 209.583 0.376471 0.5 0 0
6180 0.0594345 1 210.583 0.376471 0.5 0 0
6190 0.0594345 1 210.583 0.376471 0.5 0 0
6200 0.0594708 0.916667 211.5 0.376471 0.5 0 0
6210 0.0594708 0.916667 211.5 0.376471 0.5 0 0
6220 0.0591542 0.916667 212.417 0.372549 0.5 0 0
6230 0.0591542 0.916667 212.417 0.372549 0.5 0 0
6240 0.0588674 0.916667 213.333 0.372549 0.5 0 0
6250 0.0588674 0.916667 213.333 0.372549 0.5 0 0
6260 0.0587011 0.916667 214.25 0.372549 0.5 0 0
6270 0.0587011 0.916667 214.25 0.372549 0.5 0 0
6280 0.058547 0.916667 215.167 0.372549 0.5 0 0
6290 0.058547 0.916667 215.167 0.372549 0.5 0 0
6300 0.0583796 0.916667 216.083 0.372549 0.5 0 0
6310 0.0583796 0.916667 216.083 0.372549 0.5 0 0
6320 0.0583191 0.916667 217 0.372549 0.5 0 0
6330 0.0583191 0.916667 217 0.372549 0.5 0 0
6340 0.0583108 0.916667 217.917 0.372549 0.5 0 0
6350 0.0583108 0.916667 217.917 0.372549 0.5 0 0
6360 0.0582916 0.916667 218.833 0.372549 0.5 0 0
6370 0.0582916 0.916667 218.833 0.372549 0.5 0 0
6380 0.0582908 1 219.833 0.372549 0.5 0 0
6390 0.0582908 1 219.833 0.372549 0.5 0 0
6400 0.0582331 1 220.833 0.372549 0.5 0 0
6410 0.0582331 1 220.833 0.372549 0.5 0 0
6420 0.0577147 1 221.833 0.372549 0.5 0 0
6430 0.0577147 1 221.833 0.372549 0.5 0 0
6440 0.0576754 1 222.833 0.372549 0.5 0 0
6450 0.0576754 1 222.833 0.372549 0.5 0 0
6460 0.0576307 1 223.833 0.372549 0.5 0 0
6470 0.0576307 1 223.833 0.372549 0.5 0 0
6480 0.057552 1 224.833 0.372549 0.5 0 0
6490 0.057552 1 224.833 0.372549 0.5 0 0
6500 0.0574672 1 225.833 0.372549 0.5 0 0
6510 0.0574672 1 225.833 0.372549 0.5 0 0
6520 0.0574189 1 226.833 0.372549 0.5 0 0
6530 0.0574189 1 226.833 0.372549 0.5 0 0
6540 0.0573267 1 227.833 0.372549 0.5 0 0
6550 0.0573267 1 227.833 0.372549 0.5 0 0
6560 0.0571479 1 228.833 0.372549 0.5 0 0
6570 0.0571479 1 228.833 0.372549 0.5 0 0
6580 0.0569586 1 229.833 0.372549 0.5 0 0
6590 0.0569586 1 229.833 0.372549 0.5 0 0
6600 0.0568035 1 230.833 0.372549 0.5 0 0
6610 0.0568035 1 230.833 0.372549 0.5 0 0
6620 0.0566217 1 231.833 0.372549 0.5 0 0
6630 0.0566217 1 231.833 0.372549 0.5 0 0
6640 0.0564735 1 232.833 0.372549 0.5 0 0
6650 0.0564735 1 232.833 0.372549 0.5 0 0
6660 0.0563968 1 233.833 0.372549 0.5 0 0
6670 0.0563968 1 233.833 0.372549 0.5 0 0
6680 0.0563175 0.916667 234.75 0.372549 0.5 0 0
6690 0.0563175 0.916667 234.75 0.372549 0.5 0 0
6700 0.0562784 0.916667 235.667 0.372549 0.5 0 0
6710 0.0562784 0.916667 235.667 0.372549 0.5 0 0
6720 0.0563106 0.916667 236.583 0.372549 0.5 0 0
6730 0.0563106 0.916667 236.583 0.372549 0.5 0 0
6740 0.0563537 0.916667 237.5 0.372549 0.5 0 0
6750 0.0563537 0.916667 237.5 0.372549 0.5 0 0
6760 0.0562905 0.916667 238.417 0.372549 0.5 0 0
6770 0.0562905 0.916667 238.417 0.372549 0.5 0 0
6780 0.0563168 0.916667 239.333 0.372549 0.5 0 0
6790 0.0563168 0.916667 239.333 0.372549 0.5 0 0
6800 0.0563574 0.916667 240.25 0.372549 0.5 0 0
6810 0.0563574 0.916667 240.25 0.372549 0.5 0 0
6820 0.0563859 0.916667 241.167 0.372549 0.5 0 0
6830 0.0563859 0.916667 241.167 0.372549 0.5 0 0
6840 0.056424 0.916667 242.083 0.372549 0.5 0 0
6850 0.056424 0.916667 242.083 0.372549 0.5 0 0
6860 0.0564422 0.916667 243 0.372549 0.5 0 0
6870 0.0564422 0.916667 243 0.372549 0.5 0 0
6880 0.0564143 1 244 0.372549 0.5 0 0
6890 0.0564143 1 244 0.372549 0.5 0 0
6900 0.055739 1 245 0.376471 0.5 0 0
6910 0.055739 1 245 0.372549 0.5 0 0
6920 0.0556798 1 246 0.376471 0.5 0 0
6930 0.0556798 1 246 0.372549 0.5 0 0
6940 0.055677 1 247 0.376471 0.5 0 0
6950 0.055677 1 247 0.376471 0.5 0 0
6960 0.0556761 1 248 0.372549 0.5 0 0
6970 0.0556761 1 248 0.372549 0.5 0 0
6980 0.0556665 0.916667 248.917 0.376471 0.5 0 0
6990 0.0556665 0.916667 248.917 0.376471 0.5 0 0
7000 0.0556668 0.916667 249.833 0.372549 0.5 0 0
7010 0.0556668 0.916667 249.833 0.376471 0.5 0 0
7020 0.0557481 0.916667 250.75 0.376471 0.5 0 0
7030 0.0557481 0.916667 250.75 0.376471 0.5 0 0
7040 0.0557439 1 251.75 0.376471 0.5 0 0
7050 0.0557439 1 251.75 0.372549 0.5 0 0
7060 0.0557567 1 252.75 0.372549 0.5 0 0
7070 0.0557567 1 252.75 0.376471 0.5 0 0
7080 0.055768 1 253.75 0.372549 0.5 0 0
7090 0.055768 1 253.75 0.376471 0.5 0 0
7100 0.0557109 1 254.75 0.376471 0.5 0 0
7110 0.0557109 1 254.75 0.376471 0.5 0 0
7120 0.0554572 0.916667 255.667 0.376471 0.5 0 0
7130 0.0554572 0.916667 255.667 0.376471 0.5 0 0
7140 0.0555097 0.833333 256.5 0.376471 0.5 0 0
7150 0.0555097 0.833333 256.5 0.376471 0.5 0 0
7160 0.055505 0.833333 257.333 0.376471 0.5 0 0
7170 0.055505 0.833333 257.333 0.376471 0.5 0 0
7180 0.0555046 0.916667 258.25 0.376471 0.5 0 0
7190 0.0555046 0.916667 258.25 0.376471 0.5 0 0
7200 0.0555046 0.916667 259.167 0.376471 0.5 0 0
7210 0.0555046 0.916667 259.167 0.376471 0.5 0 0
7220 0.0554963 0.75 259.917 0.376471 0.5 0 0
7230 0.0554963 0.75 259.917 0.376471 0.5 0 0
7240 0.0554902 0.833333 260.75 0.376471 0.5 0 0
7250 0.0554902 0.833333 260.75 0.376471 0.5 0 0
7260 0.0554669 0.833333 261.583 0.372549 0.5 0 0
7270 0.0554669 0.833333 261.583 0.372549 0.5 0 0
7280 0.055042 0.916667 262.5 0.376471 0.5 0 0
7290 0.055042 0.916667 262.5 0.376471 0.5 0 0
7300 0.0549302 1 263.5 0.372549 0.5 0 0
7310 0.0549302 1 263.5 0.372549 0.5 0 0
7320 0.0547992 1 264.5 0.376471 0.5 0 0
7330 0.0547992 1 264.5 0.376471 0.5 0 0
7340 0.0547574 1 265.5 0.376471 0.5 0 0
7350 0.0547574 1 265.5 0.376471 0.5 0 0
7360 0.0547586 1 266.5 0.372549 0.5 0 0
7370 0.0547586 1 266.5 0.376471 0.5 0 0
7380 0.0547316 1 267.5 0.376471 0.5 0 0
7390 0.0547316 1 267.5 0.376471 0.5 0 0
7400 0.0546935 1 268.5 0.376471 0.5 0 0
7410 0.0546935 1 268.5 0.372549 0.5 0 0
7420 0.0546591 1 269.5 0.376471 0.5 0 0
7430 0.0546591 1 269.5 0.372549 0.5 0 0
7440 0.0546175 0.833333 270.333 0.376471 0.5 0 0
7450 0.0546175 0.833333 270.333 0.376471 0.5 0 0
7460 0.0545636 0.916667 271.25 0.376471 0.5 0 0
7470 0.0545636 0.916667 271.25 0.372549 0.5 0 0
7480 0.0545128 0.916667 272.167 0.372549 0.5 0 0
7490 0.0545128 0.916667 272.167 0.376471 0.5 0 0
7500 0.0545071 0.916667 273.083 0.376471 0.5 0 0
7510 0.0545071 0.916667 273.083 0.376471 0.5 0 0
7520 0.0545071 0.916667 274 0.372549 0.5 0 0
7530 0.0545071 0.916667 274 0.376471 0.5 0 0
7540 0.0545071 0.916667 274.917 0.376471 0.5 0 0
7550 0.0545071 0.916667 274.917 0.376471 0.5 0 0
7560 0.0544994 0.833333 275.75 0.376471 0.5 0 0
7570 0.0544994 0.833333 275.75 0.376471 0.5 0 0
7580 0.0544623 0.833333 276.583 0.376471 0.5 0 0
7590 0.0544623 0.833333 276.583 0.376471 0.5 0 0
7600 0.0544161 0.833333 277.417 0.376471 0.5 0 0
7610 0.0544161 0.833333 277.417 0.376471 0.5 0 0
7620 0.0543945 0.916667 278.333 0.376471 0.5 0 0
7630 0.0543945 0.916667 278.333 0.376471 0.5 0 0
7640 0.0543945 0.916667 279.25 0.372549 0.5 0 0
7650 0.0543945 0.916667 279.25 0.376471 0.5 0 0
7660 0.0543945 0.833333 280.083 0.376471 0.5 0 0
7670 0.0543945 0.833333 280.083 0.372549 0.5 0 0
7680 0.054379 0.833333 280.917 0.376471 0.5 0 0
7690 0.054379 0.833333 280.917 0.376471 0.5 0 0
7700 0.0542787 0.75 281.667 0.376471 0.5 0 0
7710 0.0542787 0.75 281.667 0.376471 0.5 0 0
7720 0.0540001 0.833333 282.5 0.376471 0.5 0 0
7730 0.0540001 0.833333 282.5 0.376471 0.5 0 0
7740 0.0540051 0.916667 283.417 0.376471 0.5 0 0
7750 0.0540051 0.916667 283.417 0.372549 0.5 0 0
7760 0.0530219 0.916667 284.333 0.376471 0.5 0 0
7770 0.0530219 0.916667 284.333 0.372549 0.5 0 0
7780 0.0529752 0.916667 285.25 0.372549 0.5 0 0
7790 0.0529752 0.916667 285.25 0.372549 0.5 0 0
7800 0.0530038 0.833333 286.083 0.372549 0.5 0 0
7810 0.0530038 0.833333 286.083 0.372549 0.5 0 0
7820 0.0530261 0.833333 286.917 0.372549 0.5 0 0
7830 0.0530261 0.833333 286.917 0.372549 0.5 0 0
7840 0.0530328 0.75 287.667 0.372549 0.5 0 0
7850 0.0530328 0.75 287.667 0.372549 0.5 0 0
7860 0.0530468 0.75 288.417 0.372549 0.5 0 0
7870 0.0530468 0.75 288.417 0.372549 0.5 0 0
7880 0.0530676 0.75 289.167 0.372549 0.5 0 0
7890 0.0530676 0.75 289.167 0.372549 0.5 0 0
7900 0.0530623 0.75 289.917 0.372549 0.5 0 0
7910 0.0530623 0.75 289.917 0.372549 0.5 0 0
7920 0.0530652 0.833333 290.75 0.372549 0.5 0 0
7930 0.0530652 0.833333 290.75 0.372549 0.5 0 0
7940 0.053067 0.75 291.5 0.372549 0.5 0 0
7950 0.053067 0.75 291.5 0.368627 0.5 0 0
7960 0.0530692 0.833333 292.333 0.372549 0.5 0 0
7970 0.0530692 0.833333 292.333 0.368627 0.5 0 0
7980 0.0530473 0.833333 293.167 0.368627 0.5 0 0
7990 0.0530473 0.833333 293.167 0.368627 0.5 0 0
8000 0.0530443 0.833333 294 0.368627 0.5 0 0
8010 0.0530443 0.833333 294 0.368627 0.5 0 0
8020 0.0530344 0.833333 294.833 0.368627 0.5 0 0
8030 0.0530344 0.833333 294.833 0.368627 0.5 0 0
8040 0.0530473 0.833333 295.667 0.368627 0.5 0 0
8050 0.0530473 0.833333 295.667 0.368627 0.5 0 0
8060 0.0530527 0.75 296.417 0.368627 0.5 0 0
8070 0.0530527 0.75 296.417 0.368627 0.5 0 0
8080 0.0530527 0.75 297.167 0.368627 0.5 0 0
8090 0.0530527 0.75 297.167 0.368627 0.5 0 0
8100 0.0529497 0.75 297.917 0.368627 0.5 0 0
8110 0.0529497 0.75 297.917 0.368627 0.5 0 0
8120 0.0529376 0.75 298.667 0.368627 0.5 0 0
8130 0.0529376 0.75 298.667 0.368627 0.5 0 0
8140 0.0529005 0.75 299.417 0.368627 0.5 0 0
8150 0.0529005 0.75 299.417 0.368627 0.5 0 0
8160 0.0528898 0.833333 300.25 0.368627 0.5 0 0
8170 0.0528898 0.833333 300.25 0.368627 0.5 0 0
8180 0.0528883 0.833333 301.083 0.368627 0.5 0 0
8190 0.0528883 0.833333 301.083 0.368627 0.5 0 0
8200 0.0528673 0.833333 301.917 0.368627 0.5 0 0
8210 0.0528673 0.833333 301.917 0.364706 0.5 0 0
8220 0.0528405 0.833333 302.75 0.368627 0.5 0 0
8230 0.0528405 0.833333 302.75 0.364706 0.5 0 0
8240 0.0527812 0.833333 303.583 0.368627 0.5 0 0
8250 0.0527812 0.833333 303.583 0.368627 0.5 0 0
8260 0.0518657 0.833333 304.417 0.364706 0.5 0 0
8270 0.0518657 0.833333 304.417 0.368627 0.5 0 0
8280 0.0518402 0.833333 305.25 0.364706 0.5 0 0
8290 0.0518402 0.833333 305.25 0.368627 0.5 0 0
8300 0.0518358 0.833333 306.083 0.364706 0.5 0 0
8310 0.0518358 0.833333 306.083 0.368627 0.5 0 0
8320 0.0518148 0.833333 306.917 0.368627 0.5 0 0
8330 0.0518148 0.833333 306.917 0.368627 0.5 0 0
8340 0.0517896 0.833333 307.75 0.368627 0.5 0 0
8350 0.0517896 0.833333 307.75 0.368627 0.5 0 0
8360 0.051761 0.583333 308.333 0.368627 0.5 0 0
8370 0.051761 0.583333 308.333 0.368627 0.5 0 0
8380 0.0516746 0.833333 309.167 0.368627 0.5 0 0
8390 0.0516746 0.833333 309.167 0.368627 0.5 0 0
8400 0.0516046 0.833333 310 0.368627 0.5 0 0
8410 0.0516046 0.833333 310 0.368627 0.5 0 0
8420 0.0515774 0.833333 310.833 0.368627 0.5 0 0
8430 0.0515774 0.833333 310.833 0.364706 0.5 0 0
8440 0.0515795 0.833333 311.667 0.368627 0.5 0 0
8450 0.0515795 0.833333 311.667 0.368627 0.5 0 0
8460 0.0515824 0.833333 312.5 0.364706 0.5 0 0
8470 0.0515824 0.833333 312.5 0.368627 0.5 0 0
8480 0.0515744 0.666667 313.167 0.368627 0.5 0 0
8490 0.0515744 0.666667 313.167 0.368627 0.5 0 0
8500 0.0508707 0.666667 313.833 0.368627 0.5 0 0
8510 0.0508707 0.666667 313.833 0.376471 0.5 0 0
8520 0.0494532 0.75 314.583 0.376471 0.5 0 0
8530 0.0494532 0.75 314.583 0.376471 0.5 0 0
8540 0.0494249 0.833333 315.417 0.376471 0.5 0 0
8550 0.0494249 0.833333 315.417 0.380392 0.5 0 0
8560 0.0494019 0.833333 316.25 0.380392 0.5 0 0
8570 0.0494019 0.833333 316.25 0.376471 0.5 0 0
8580 0.0493917 0.833333 317.083 0.380392 0.5 0 0
8590 0.0493917 0.833333 317.083 0.376471 0.5 0 0
8600 0.0497758 0.833333 317.917 0.376471 0.5 0 0
8610 0.0497758 0.833333 317.917 0.372549 0.5 0 0
8620 0.0502325 0.833333 318.75 0.376471 0.5 0 0
8630 0.0502325 0.833333 318.75 0.372549 0.5 0 0
8640 0.0504854 0.833333 319.583 0.372549 0.5 0 0
8650 0.0504854 0.833333 319.583 0.368627 0.5 0 0
8660 0.0507239 0.833333 320.417 0.368627 0.5 0 0
8670 0.0507239 0.833333 320.417 0.364706 0.5 0 0
8680 0.0507561 0.916667 321.333 0.368627 0.5 0 0
8690 0.0507561 0.916667 321.333 0.368627 0.5 0 0
8700 0.0507634 0.916667 322.25 0.368627 0.5 0 0
8710 0.0507634 0.916667 322.25 0.364706 0.5 0 0
8720 0.0507823 0.916667 323.167 0.364706 0.5 0 0
8730 0.0507823 0.916667 323.167 0.368627 0.5 0 0
8740 0.0507856 0.916667 324.083 0.364706 0.5 0 0
8750 0.0507856 0.916667 324.083 0.364706 0.5 0 0
8760 0.0507558 0.916667 325 0.364706 0.5 0 0
8770 0.0507558 0.916667 325 0.364706 0.5 0 0
8780 0.0507331 0.916667 325.917 0.364706 0.5 0 0
8790 0.0507331 0.916667 325.917 0.364706 0.5 0 0
8800 0.0506807 0.916667 326.833 0.364706 0.5 0 0
8810 0.0506807 0.916667 326.833 0.364706 0.5 0 0
8820 0.0506388 0.75 327.583 0.364706 0.5 0 0
8830 0.0506388 0.75 327.583 0.364706 0.5 0 0
8840 0.050599 0.75 328.333 0.364706 0.5 0 0
8850 0.050599 0.75 328.333 0.364706 0.5 0 0
8860 0.0505844 0.833333 329.167 0.360784 0.5 0 0
8870 0.0505844 0.833333 329.167 0.364706 0.5 0 0
8880 0.0505859 0.833333 330 0.364706 0.5 0 0
8890 0.0505859 0.833333 330 0.364706 0.5 0 0
8900 0.0505912 0.916667 330.917 0.364706 0.5 0 0
8910 0.0505912 0.916667 330.917 0.360784 0.5 0 0
8920 0.050581 0.916667 331.833 0.360784 0.5 0 0
8930 0.050581 0.916667 331.833 0.360784 0.5 0 0
8940 0.0505773 0.916667 332.75 0.360784 0.5 0 0
8950 0.0505773 0.916667 332.75 0.360784 0.5 0 0
8960 0.0505517 0.916667 333.667 0.360784 0.5 0 0
8970 0.0505517 0.916667 333.667 0.360784 0.5 0 0
8980 0.0505252 0.916667 334.583 0.360784 0.5 0 0
8990 0.0505252 0.916667 334.583 0.360784 0.5 0 0
9000 0.0505094 0.916667 335.5 0.360784 0.5 0 0
9010 0.0505094 0.916667 335.5 0.364706 0.5 0 0
9020 0.0505241 0.75 336.25 0.360784 0.5 0 0
9030 0.0505241 0.75 336.25 0.360784 0.5 0 0
9040 0.0507718 0.833333 337.083 0.356863 0.5 0 0
9050 0.0507718 0.833333 337.083 0.356863 0.5 0 0
9060 0.0511208 0.833333 337.917 0.356863 0.5 0 0
9070 0.0511208 0.833333 337.917 0.356863 0.5 0 0
9080 0.0513633 0.916667 338.833 0.356863 0.5 0 0
9090 0.0513633 0.916667 338.833 0.356863 0.5 0 0
9100 0.0517306 1 339.833 0.352941 0.5 0 0
9110 0.0517306 1 339.833 0.352941 0.5 0 0
9120 0.0520019 1 340.833 0.34902 0.5 0 0
9130 0.0520019 1 340.833 0.34902 0.5 0 0
9140 0.0520604 1 341.833 0.34902 0.5 0 0
9150 0.0520604 1 341.833 0.34902 0.5 0 0
9160 0.0520935 1 342.833 0.34902 0.5 0 0
9170 0.0520935 1 342.833 0.34902 0.5 0 0
9180 0.0521312 1 343.833 0.34902 0.5 0 0
9190 0.0521312 1 343.833 0.34902 0.5 0 0
9200 0.0521852 0.833333 344.667 0.34902 0.5 0 0
9210 0.0521852 0.833333 344.667 0.34902 0.5 0 0
9220 0.0522657 0.833333 345.5 0.34902 0.5 0 0
9230 0.0522657 0.833333 345.5 0.34902 0.5 0 0
9240 0.0523597 0.833333 346.333 0.34902 0.5 0 0
9250 0.0523597 0.833333 346.333 0.34902 0.5 0 0
9260 0.0524489 0.75 347.083 0.34902 0.5 0 0
9270 0.0524489 0.75 347.083 0.34902 0.5 0 0
9280 0.0525498 0.75 347.833 0.34902 0.5 0 0
9290 0.0525498 0.75 347.833 0.34902 0.5 0 0
9300 0.052665 0.75 348.583 0.34902 0.5 0 0
9310 0.052665 0.75 348.583 0.34902 0.5 0 0
9320 0.0527305 0.75 349.333 0.34902 0.5 0 0
9330 0.0527305 0.75 349.333 0.34902 0.5 0 0
9340 0.052813 0.75 350.083 0.34902 0.5 0 0
9350 0.052813 0.75 350.083 0.34902 0.5 0 0
9360 0.0528868 0.833333 350.917 0.34902 0.5 0 0
9370 0.0528868 0.833333 350.917 0.34902 0.5 0 0
9380 0.0529642 0.75 351.667 0.345098 0.5 0 0
9390 0.0529642 0.75 351.667 0.345098 0.5 0 0
9400 0.0530078 0.75 352.417 0.345098 0.5 0 0
9410 0.0530078 0.75 352.417 0.345098 0.5 0 0
9420 0.0530789 0.833333 353.25 0.345098 0.5 0 0
9430 0.0530789 0.833333 353.25 0.345098 0.5 0 0
9440 0.0531475 0.833333 354.083 0.345098 0.5 0 0
9450 0.0531475 0.833333 354.083 0.345098 0.5 0 0
9460 0.0532111 0.75 354.833 0.345098 0.5 0 0
9470 0.0532111 0.75 354.833 0.345098 0.5 0 0
9480 0.0532457 0.75 355.583 0.345098 0.5 0 0
9490 0.0532457 0.75 355.583 0.345098 0.5 0 0
9500 0.0532854 0.833333 356.417 0.345098 0.5 0 0
9510 0.0532854 0.833333 356.417 0.345098 0.5 0 0
9520 0.0533189 0.916667 357.333 0.345098 0.5 0 0
9530 0.0533189 0.916667 357.333 0.345098 0.5 0 0
9540 0.0533496 0.916667 358.25 0.345098 0.5 0 0
9550 0.0533496 0.916667 358.25 0.345098 0.5 0 0
9560 0.0533765 0.916667 359.167 0.345098 0.5 0 0
9570 0.0533765 0.916667 359.167 0.345098 0.5 0 0
9580 0.0534007 0.833333 360 0.345098 0.5 0 0
9590 0.0534007 0.833333 360 0.345098 0.5 0 0
9600 0.0534205 0.833333 360.833 0.345098 0.5 0 0
9610 0.0534205 0.833333 360.833 0.345098 0.5 0 0
9620 0.0534475 0.833333 361.667 0.345098 0.5 0 0
9630 0.0534475 0.833333 361.667 0.345098 0.5 0 0
9640 0.0534748 0.75 362.417 0.345098 0.5 0 0
9650 0.0534748 0.75 362.417 0.345098 0.5 0 0
9660 0.0534978 0.666667 363.083 0.345098 0.5 0 0
9670 0.0534978 0.666667 363.083 0.345098 0.5 0 0
9680 0.0535126 0.666667 363.75 0.341176 0.5 0 0
9690 0.0535126 0.666667 363.75 0.341176 0.5 0 0
9700 0.0535156 0.75 364.5 0.341176 0.5 0 0
9710 0.0535156 0.75 364.5 0.341176 0.5 0 0
9720 0.0535113 0.75 365.25 0.341176 0.5 0 0
9730 0.0535113 0.75 365.25 0.341176 0.5 0 0
9740 0.0535135 0.75 366 0.341176 0.5 0 0
9750 0.0535135 0.75 366 0.341176 0.5 0 0
9760 0.0535879 0.5 366.5 0.337255 0.5 0 0
9770 0.0535879 0.5 366.5 0.337255 0.5 0 0
9780 0.0536408 0.5 367 0.333333 0.5 0 0
9790 0.0536408 0.5 367 0.333333 0.5 0 0
9800 0.0534144 0.5 367.5 0.333333 0.5 0 0
9810 0.0534144 0.5 367.5 0.329412 0.5 0 0
9820 0.0530493 0.5 368 0.329412 0.5 0 0
9830 0.0530493 0.5 368 0.329412 0.5 0 0
9840 0.0527531 0.583333 368.583 0.329412 0.5 0 0
9850 0.0527531 0.583333 368.583 0.333333 0.5 0 0
9860 0.0522774 0.583333 369.167 0.337255 0.5 0 0
9870 0.0522774 0.583333 369.167 0.333333 0.5 0 0
9880 0.0516843 0.583333 369.75 0.329412 0.5 0 0
9890 0.0516843 0.583333 369.75 0.329412 0.5 0 0
9900 0.0513052 0.5 370.25 0.333333 0.5 0 0
9910 0.0513052 0.5 370.25 0.329412 0.5 0 0
9920 0.0511492 0.5 370.75 0.333333 0.5 0 0
9930 0.0511492 0.5 370.75 0.329412 0.5 0 0
9940 0.0511492 0.5 371.25 0.329412 0.5 0 0
9950 0.0511492 0.5 371.25 0.329412 0.5 0 0
9960 0.0511432 0.333333 371.583 0.329412 0.5 0 0
9970 0.0511432 0.333333 371.583 0.333333 0.5 0 0
9980 0.0510523 0.416667 372 0.333333 0.5 0 0
9990 0.0510523 0.416667 372 0.333333 0.5 0 0
10000 0.0510523 0.583333 372.583 0.329412 0.5 0 0
10010 0.0510523 0.583333 372.583 0.333333 0.5 0 0
10020 0.0510118 0.583333 373.167 0.333333 0.5 0 0
10030 0.0510118 0.583333 373.167 0.329412 0.5 0 0
10040 0.0510102 0.583333 373.75 0.329412 0.5 0 0
10050 0.0510102 0.583333 373.75 0.329412 0.5 0 0
10060 0.0510102 0.583333 374.333 0.333333 0.5 0 0
10070 0.0510102 0.583333 374.333 0.329412 0.5 0 0
10080 0.051004 0.5 374.833 0.329412 0.5 0 0
10090 0.051004 0.5 374.833 0.329412 0.5 0 0
10100 0.051004 0.416667 375.25 0.329412 0.5 0 0
10110 0.051004 0.416667 375.25 0.333333 0.5 0 0
10120 0.051004 0.25 375.5 0.329412 0.5 0 0
10130 0.051004 0.25 375.5 0.329412 0.5 0 0
10140 0.051004 0.416667 375.917 0.329412 0.5 0 0
10150 0.051004 0.416667 375.917 0.329412 0.5 0 0
10160 0.051004 0.416667 376.333 0.333333 0.5 0 0
10170 0.051004 0.416667 376.333 0.333333 0.5 0 0
10180 0.051004 0.416667 376.75 0.329412 0.5 0 0
10190 0.051004 0.416667 376.75 0.329412 0.5 0 0
10200 0.051004 0.416667 377.167 0.333333 0.5 0 0
10210 0.051004 0.416667 377.167 0.333333 0.5 0 0
10220 0.0509459 0.416667 377.583 0.333333 0.5 0 0
10230 0.0509459 0.416667 377.583 0.329412 0.5 0 0
10240 0.0507042 0.5 378.083 0.333333 0.5 0 0
10250 0.0507042 0.5 378.083 0.329412 0.5 0 0
10260 0.0507038 0.416667 378.5 0.333333 0.5 0 0
10270 0.0507038 0.416667 378.5 0.333333 0.5 0 0
10280 0.0507038 0.416667 378.917 0.333333 0.5 0 0
10290 0.0507038 0.416667 378.917 0.333333 0.5 0 0
10300 0.0506982 0.416667 379.333 0.329412 0.5 0 0
10310 0.0506982 0.416667 379.333 0.333333 0.5 0 0
10320 0.0506855 0.416667 379.75 0.333333 0.5 0 0
10330 0.0506855 0.416667 379.75 0.333333 0.5 0 0
10340 0.0506855 0.333333 380.083 0.329412 0.5 0 0
10350 0.0506855 0.333333 380.083 0.333333 0.5 0 0
10360 0.0506855 0.333333 380.417 0.333333 0.5 0 0
10370 0.0506855 0.333333 380.417 0.329412 0.5 0 0
10380 0.0506855 0.166667 380.583 0.333333 0.5 0 0
10390 0.0506855 0.166667 380.583 0.333333 0.5 0 0
10400 0.0506855 0.333333 380.917 0.333333 0.5 0 0
10410 0.0506855 0.333333 380.917 0.329412 0.5 0 0
10420 0.0506855 0.333333 381.25 0.329412 0.5 0 0
10430 0.0506855 0.333333 381.25 0.333333 0.5 0 0
10440 0.0513709 0.333333 381.583 0.329412 0.5 0 0
10450 0.0513709 0.333333 381.583 0.333333 0.5 0 0
10460 0.0521047 0.333333 381.917 0.333333 0.5 0 0
10470 0.0521047 0.333333 381.917 0.333333 0.5 0 0
10480 0.0528781 0.416667 382.333 0.333333 0.5 0 0
10490 0.0528781 0.416667 382.333 0.333333 0.5 0 0
10500 0.0540053 0.416667 382.75 0.329412 0.5 0 0
10510 0.0540053 0.416667 382.75 0.333333 0.5 0 0
10520 0.0547205 0.416667 383.167 0.337255 0.5 0 0
10530 0.0547205 0.416667 383.167 0.337255 0.5 0 0
10540 0.0548713 0.416667 383.583 0.337255 0.5 0 0
10550 0.0548713 0.416667 383.583 0.337255 0.5 0 0
10560 0.0548713 0.416667 384 0.337255 0.5 0 0
10570 0.0548713 0.416667 384 0.337255 0.5 0 0
10580 0.0548713 0.416667 384.417 0.337255 0.5 0 0
10590 0.0548713 0.416667 384.417 0.337255 0.5 0 0
10600 0.0546539 0.333333 384.75 0.337255 0.5 0 0
10610 0.0546539 0.333333 384.75 0.333333 0.5 0 0
10620 0.0539907 0.416667 385.167 0.329412 0.5 0 0
10630 0.0539907 0.416667 385.167 0.329412 0.5 0 0
10640 0.0533971 0.416667 385.583 0.329412 0.5 0 0
10650 0.0533971 0.416667 385.583 0.329412 0.5 0 0
10660 0.0532929 0.416667 386 0.329412 0.5 0 0
10670 0.0532929 0.416667 386 0.329412 0.5 0 0
10680 0.0532929 0.416667 386.417 0.329412 0.5 0 0
10690 0.0532929 0.416667 386.417 0.329412 0.5 0 0
10700 0.0532297 0.416667 386.833 0.329412 0.5 0 0
10710 0.0532297 0.416667 386.833 0.329412 0.5 0 0
10720 0.0532297 0.333333 387.167 0.329412 0.5 0 0
10730 0.0532297 0.333333 387.167 0.329412 0.5 0 0
10740 0.0532297 0.166667 387.333 0.329412 0.5 0 0
10750 0.0532297 0.166667 387.333 0.329412 0.5 0 0
10760 0.0532402 0.25 387.583 0.329412 0.5 0 0
10770 0.0532402 0.25 387.583 0.329412 0.5 0 0
10780 0.0532403 0.25 387.833 0.329412 0.5 0 0
10790 0.0532403 0.25 387.833 0.329412 0.5 0 0
10800 0.0532403 0.25 388.083 0.329412 0.5 0 0
10810 0.0532403 0.25 388.083 0.329412 0.5 0 0
10820 0.0531713 0.25 388.333 0.32549 0.5 0 0
10830 0.0531713 0.25 388.333 0.32549 0.5 0 0
10840 0.0536547 0.25 388.583 0.321569 0.5 0 0
10850 0.0536547 0.25 388.583 0.321569 0.5 0 0
10860 0.0536344 0.25 388.833 0.329412 0.5 0 0
10870 0.0536344 0.25 388.833 0.333333 0.5 0 0
10880 0.0533644 0.25 389.083 0.333333 0.5 0 0
10890 0.0533644 0.25 389.083 0.333333 0.5 0 0
10900 0.0531472 0.25 389.333 0.329412 0.5 0 0
10910 0.0531472 0.25 389.333 0.329412 0.5 0 0
10920 0.0524317 0.25 389.583 0.329412 0.5 0 0
10930 0.0524317 0.25 389.583 0.317647 0.5 0 0
10940 0.051309 0.416667 390 0.317647 0.5 0 0
10950 0.051309 0.416667 390 0.313725 0.5 0 0
10960 0.0502264 0.333333 390.333 0.313725 0.5 0 0
10970 0.0502264 0.333333 390.333 0.313725 0.5 0 0
10980 0.0501999 0.333333 390.667 0.313725 0.5 0 0
10990 0.0501999 0.333333 390.667 0.313725 0.5 0 0
11000 0.0507591 0.333333 391 0.313725 0.5 0 0
11010 0.0507591 0.333333 391 0.313725 0.5 0 0
11020 0.0510109 0.333333 391.333 0.313725 0.5 0 0
11030 0.0510109 0.333333 391.333 0.313725 0.5 0 0
11040 0.0512625 0.166667 391.5 0.313725 0.5 0 0
11050 0.0512625 0.166667 391.5 0.317647 0.5 0 0
11060 0.0514237 0.333333 391.833 0.317647 0.5 0 0
11070 0.0514237 0.333333 391.833 0.313725 0.5 0 0
11080 0.0514346 0.333333 392.167 0.317647 0.5 0 0
11090 0.0514346 0.333333 392.167 0.317647 0.5 0 0
11100 0.0514492 0.5 392.667 0.317647 0.5 0 0
11110 0.0514492 0.5 392.667 0.317647 0.5 0 0
11120 0.0514627 0.5 393.167 0.317647 0.5 0 0
11130 0.0514627 0.5 393.167 0.317647 0.5 0 0
11140 0.0514745 0.5 393.667 0.317647 0.5 0 0
11150 0.0514745 0.5 393.667 0.317647 0.5 0 0
11160 0.0514771 0.5 394.167 0.317647 0.5 0 0
11170 0.0514771 0.5 394.167 0.317647 0.5 0 0
11180 0.0514799 0.5 394.667 0.317647 0.5 0 0
11190 0.0514799 0.5 394.667 0.317647 0.5 0 0
11200 0.0514985 0.333333 395 0.317647 0.5 0 0
11210 0.0514985 0.333333 395 0.317647 0.5 0 0
11220 0.0515165 0.333333 395.333 0.313725 0.5 0 0
11230 0.0515165 0.333333 395.333 0.313725 0.5 0 0
11240 0.0515058 0.333333 395.667 0.313725 0.5 0 0
11250 0.0515058 0.333333 395.667 0.313725 0.5 0 0
11260 0.0514928 0.333333 396 0.309804 0.5 0 0
11270 0.0514928 0.333333 396 0.309804 0.5 0 0
11280 0.0515627 0.333333 396.333 0.309804 0.5 0 0
11290 0.0515627 0.333333 396.333 0.313725 0.5 0 0
11300 0.0517055 0.333333 396.667 0.313725 0.5 0 0
11310 0.0517055 0.333333 396.667 0.313725 0.5 0 0
11320 0.051805 0.333333 397 0.313725 0.5 0 0
11330 0.051805 0.333333 397 0.309804 0.5 0 0
11340 0.0518473 0.333333 397.333 0.313725 0.5 0 0
11350 0.0518473 0.333333 397.333 0.313725 0.5 0 0
11360 0.0518188 0.333333 397.667 0.317647 0.5 0 0
11370 0.0518188 0.333333 397.667 0.317647 0.5 0 0
11380 0.051818 0.333333 398 0.313725 0.5 0 0
11390 0.051818 0.333333 398 0.313725 0.5 0 0
11400 0.051818 0.333333 398.333 0.313725 0.5 0 0
11410 0.051818 0.333333 398.333 0.317647 0.5 0 0
11420 0.051818 0.5 398.833 0.317647 0.5 0 0
11430 0.051818 0.5 398.833 0.317647 0.5 0 0
11440 0.051818 0.5 399.333 0.317647 0.5 0 0
11450 0.051818 0.5 399.333 0.313725 0.5 0 0
11460 0.051818 0.666667 400 0.317647 0.5 0 0
11470 0.051818 0.666667 400 0.317647 0.5 0 0
11480 0.051818 0.75 400.75 0.317647 0.5 0 0
11490 0.051818 0.75 400.75 0.313725 0.5 0 0
11500 0.051818 0.75 401.5 0.317647 0.5 0 0
11510 0.051818 0.75 401.5 0.317647 0.5 0 0
11520 0.051818 0.583333 402.083 0.317647 0.5 0 0
11530 0.051818 0.583333 402.083 0.313725 0.5 0 0
11540 0.051818 0.583333 402.667 0.317647 0.5 0 0
11550 0.051818 0.583333 402.667 0.313725 0.5 0 0
11560 0.051818 0.666667 403.333 0.317647 0.5 0 0
11570 0.051818 0.666667 403.333 0.313725 0.5 0 0
11580 0.051818 0.583333 403.917 0.313725 0.5 0 0
11590 0.051818 0.583333 403.917 0.317647 0.5 0 0
11600 0.051818 0.5 404.417 0.317647 0.5 0 0
11610 0.051818 0.5 404.417 0.317647 0.5 0 0
11620 0.051818 0.666667 405.083 0.313725 0.5 0 0
11630 0.051818 0.666667 405.083 0.317647 0.5 0 0
11640 0.0518218 0.666667 405.75 0.317647 0.5 0 0
11650 0.0518218 0.666667 405.75 0.317647 0.5 0 0
11660 0.0518218 0.666667 406.417 0.317647 0.5 0 0
11670 0.0518218 0.666667 406.417 0.313725 0.5 0 0
11680 0.0518218 0.666667 407.083 0.313725 0.5 0 0
11690 0.0518218 0.666667 407.083 0.313725 0.5 0 0
11700 0.0518244 0.666667 407.75 0.317647 0.5 0 0
11710 0.0518244 0.666667 407.75 0.317647 0.5 0 0
11720 0.0518274 0.75 408.5 0.313725 0.5 0 0
11730 0.0518274 0.75 408.5 0.321569 0.5 0 0
11740 0.0515416 0.75 409.25 0.32549 0.5 0 0
11750 0.0515416 0.75 409.25 0.321569 0.5 0 0
11760 0.0515335 0.75 410 0.321569 0.5 0 0
11770 0.0515335 0.75 410 0.321569 0.5 0 0
11780 0.0515335 0.75 410.75 0.32549 0.5 0 0
11790 0.0515335 0.75 410.75 0.32549 0.5 0 0
11800 0.0515335 0.75 411.5 0.32549 0.5 0 0
11810 0.0515335 0.75 411.5 0.32549 0.5 0 0
11820 0.0515401 0.583333 412.083 0.321569 0.5 0 0
11830 0.0515401 0.583333 412.083 0.32549 0.5 0 0
11840 0.0516395 0.666667 412.75 0.321569 0.5 0 0
11850 0.0516395 0.666667 412.75 0.32549 0.5 0 0
11860 0.0516477 0.75 413.5 0.321569 0.5 0 0
11870 0.0516477 0.75 413.5 0.321569 0.5 0 0
11880 0.0516831 0.75 414.25 0.329412 0.5 0 0
11890 0.0516831 0.75 414.25 0.32549 0.5 0 0
11900 0.0517004 0.666667 414.917 0.329412 0.5 0 0
11910 0.0517004 0.666667 414.917 0.341176 0.5 0 0
11920 0.0516799 0.75 415.667 0.341176 0.5 0 0
11930 0.0516799 0.75 415.667 0.341176 0.5 0 0
11940 0.0516852 0.75 416.417 0.341176 0.5 0 0
11950 0.0516852 0.75 416.417 0.341176 0.5 0 0
11960 0.0516881 0.75 417.167 0.337255 0.5 0 0
11970 0.0516881 0.75 417.167 0.337255 0.5 0 0
11980 0.0516877 0.75 417.917 0.337255 0.5 0 0
11990 0.0516877 0.75 417.917 0.337255 0.5 0 0
12000 0.0516872 0.75 418.667 0.337255 0.5 0 0
12010 0.0516872 0.75 418.667 0.341176 0.5 0 0
12020 0.0516829 0.75 419.417 0.341176 0.5 0 0
12030 0.0516829 0.75 419.417 0.341176 0.5 0 0
12040 0.0516828 0.666667 420.083 0.337255 0.5 0 0
12050 0.0516828 0.666667 420.083 0.337255 0.5 0 0
12060 0.0516825 0.75 420.833 0.341176 0.5 0 0
12070 0.0516825 0.75 420.833 0.333333 0.5 0 0
12080 0.0516821 0.75 421.583 0.341176 0.5 0 0
12090 0.0516821 0.75 421.583 0.341176 0.5 0 0
12100 0.0516814 0.75 422.333 0.345098 0.5 0 0
12110 0.0516814 0.75 422.333 0.337255 0.5 0 0
12120 0.0516812 0.75 423.083 0.337255 0.5 0 0
12130 0.0516812 0.75 423.083 0.341176 0.5 0 0
12140 0.0516807 0.75 423.833 0.341176 0.5 0 0
12150 0.0516807 0.75 423.833 0.337255 0.5 0 0
12160 0.0516807 0.75 424.583 0.345098 0.5 0 0
12170 0.0516807 0.75 424.583 0.341176 0.5 0 0
12180 0.0516807 0.75 425.333 0.341176 0.5 0 0
12190 0.0516807 0.75 425.333 0.345098 0.5 0 0
12200 0.0516807 0.666667 426 0.341176 0.5 0 0
12210 0.0516807 0.666667 426 0.341176 0.5 0 0
12220 0.0516807 0.666667 426.667 0.341176 0.5 0 0
12230 0.0516807 0.666667 426.667 0.337255 0.5 0 0
12240 0.0516807 0.666667 427.333 0.333333 0.5 0 0
12250 0.0516807 0.666667 427.333 0.341176 0.5 0 0
12260 0.0516807 0.666667 428 0.341176 0.5 0 0
12270 0.0516807 0.666667 428 0.337255 0.5 0 0
12280 0.0516807 0.666667 428.667 0.34902 0.5 0 0
12290 0.0516807 0.666667 428.667 0.345098 0.5 0 0
12300 0.0516807 0.75 429.417 0.341176 0.5 0 0
12310 0.0516807 0.75 429.417 0.345098 0.5 0 0
12320 0.0516807 0.75 430.167 0.34902 0.5 0 0
12330 0.0516807 0.75 430.167 0.337255 0.5 0 0
12340 0.0516807 0.75 430.917 0.341176 0.5 0 0
12350 0.0516807 0.75 430.917 0.341176 0.5 0 0
12360 0.0516807 0.75 431.667 0.341176 0.5 0 0
12370 0.0516807 0.75 431.667 0.345098 0.5 0 0
12380 0.0516807 0.75 432.417 0.337255 0.5 0 0
12390 0.0516807 0.75 432.417 0.345098 0.5 0 0
12400 0.0516807 0.583333 433 0.337255 0.5 0 0
12410 0.0516807 0.583333 433 0.341176 0.5 0 0
12420 0.0516807 0.75 433.75 0.341176 0.5 0 0
12430 0.0516807 0.75 433.75 0.345098 0.5 0 0
12440 0.0516807 0.666667 434.417 0.341176 0.5 0 0
12450 0.0516807 0.666667 434.417 0.337255 0.5 0 0
12460 0.0516807 0.666667 435.083 0.337255 0.5 0 0
12470 0.0516807 0.666667 435.083 0.341176 0.5 0 0
12480 0.0516807 0.666667 435.75 0.345098 0.5 0 0
12490 0.0516807 0.666667 435.75 0.337255 0.5 0 0
12500 0.0516807 0.666667 436.417 0.337255 0.5 0 0
12510 0.0516807 0.666667 436.417 0.345098 0.5 0 0
12520 0.0516807 0.666667 437.083 0.337255 0.5 0 0
12530 0.0516807 0.666667 437.083 0.337255 0.5 0 0
12540 0.0516807 0.583333 437.667 0.337255 0.5 0 0
12550 0.0516807 0.583333 437.667 0.345098 0.5 0 0
12560 0.0516807 0.583333 438.25 0.337255 0.5 0 0
12570 0.0516807 0.583333 438.25 0.337255 0.5 0 0
12580 0.0516807 0.583333 438.833 0.337255 0.5 0 0
12590 0.0516807 0.583333 438.833 0.337255 0.5 0 0
12600 0.0516807 0.75 439.583 0.337255 0.5 0 0
12610 0.0516807 0.75 439.583 0.345098 0.5 0 0
12620 0.0516807 0.75 440.333 0.337255 0.5 0 0
12630 0.0516807 0.75 440.333 0.337255 0.5 0 0
12640 0.0516807 0.75 441.083 0.337255 0.5 0 0
12650 0.0516807 0.75 441.083 0.345098 0.5 0 0
12660 0.0516807 0.75 441.833 0.341176 0.5 0 0
12670 0.0516807 0.75 441.833 0.341176 0.5 0 0
12680 0.0516807 0.75 442.583 0.345098 0.5 0 0
12690 0.0516807 0.75 442.583 0.341176 0.5 0 0
12700 0.0516807 0.75 443.333 0.337255 0.5 0 0
12710 0.0516807 0.75 443.333 0.337255 0.5 0 0
12720 0.0516807 0.666667 444 0.341176 0.5 0 0
12730 0.0516807 0.666667 444 0.341176 0.5 0 0
12740 0.0516807 0.666667 444.667 0.341176 0.5 0 0
12750 0.0516807 0.666667 444.667 0.337255 0.5 0 0
12760 0.0516807 0.666667 445.333 0.337255 0.5 0 0
12770 0.0516807 0.666667 445.333 0.345098 0.5 0 0
12780 0.0516807 0.666667 446 0.337255 0.5 0 0
12790 0.0516807 0.666667 446 0.341176 0.5 0 0
12800 0.0516807 0.666667 446.667 0.341176 0.5 0 0
12810 0.0516807 0.666667 446.667 0.341176 0.5 0 0
12820 0.0516807 0.5 447.167 0.337255 0.5 0 0
12830 0.0516807 0.5 447.167 0.337255 0.5 0 0
12840 0.0516781 0.75 447.917 0.341176 0.5 0 0
12850 0.0516781 0.75 447.917 0.341176 0.5 0 0
12860 0.0516781 0.833333 448.75 0.345098 0.5 0 0
12870 0.0516781 0.833333 448.75 0.345098 0.5 0 0
12880 0.0516781 0.833333 449.583 0.341176 0.5 0 0
12890 0.0516781 0.833333 449.583 0.345098 0.5 0 0
12900 0.0516781 0.833333 450.417 0.341176 0.5 0 0
12910 0.0516781 0.833333 450.417 0.337255 0.5 0 0
12920 0.0516781 0.833333 451.25 0.34902 0.5 0 0
12930 0.0516781 0.833333 451.25 0.345098 0.5 0 0
12940 0.0516781 0.833333 452.083 0.337255 0.5 0 0
12950 0.0516781 0.833333 452.083 0.341176 0.5 0 0
12960 0.0516781 0.75 452.833 0.345098 0.5 0 0
12970 0.0516781 0.75 452.833 0.341176 0.5 0 0
12980 0.0516781 0.75 453.583 0.337255 0.5 0 0
12990 0.0516781 0.75 453.583 0.345098 0.5 0 0
13000 0.0516781 0.833333 454.417 0.34902 0.5 0 0
13010 0.0516781 0.833333 454.417 0.341176 0.5 0 0
13020 0.0516781 0.75 455.167 0.341176 0.5 0 0
13030 0.0516781 0.75 455.167 0.345098 0.5 0 0
13040 0.0516781 0.75 455.917 0.341176 0.5 0 0
13050 0.0516781 0.75 455.917 0.345098 0.5 0 0
13060 0.0516767 0.75 456.667 0.337255 0.5 0 0
13070 0.0516767 0.75 456.667 0.341176 0.5 0 0
13080 0.0516708 0.75 457.417 0.337255 0.5 0 0
13090 0.0516708 0.75 457.417 0.345098 0.5 0 0
13100 0.0516681 0.833333 458.25 0.337255 0.5 0 0
13110 0.0516681 0.833333 458.25 0.341176 0.5 0 0
13120 0.0516668 0.833333 459.083 0.345098 0.5 0 0
13130 0.0516668 0.833333 459.083 0.345098 0.5 0 0
13140 0.0516668 0.833333 459.917 0.345098 0.5 0 0
13150 0.0516668 0.833333 459.917 0.345098 0.5 0 0
13160 0.0516668 0.75 460.667 0.337255 0.5 0 0
13170 0.0516668 0.75 460.667 0.341176 0.5 0 0
13180 0.0516616 0.833333 461.5 0.345098 0.5 0 0
13190 0.0516616 0.833333 461.5 0.341176 0.5 0 0
13200 0.0516576 0.833333 462.333 0.341176 0.5 0 0
13210 0.0516576 0.833333 462.333 0.337255 0.5 0 0
13220 0.051651 0.833333 463.167 0.345098 0.5 0 0
13230 0.051651 0.833333 463.167 0.341176 0.5 0 0
13240 0.0516485 0.833333 464 0.337255 0.5 0 0
13250 0.0516485 0.833333 464 0.341176 0.5 0 0
13260 0.0516485 0.833333 464.833 0.337255 0.5 0 0
13270 0.0516485 0.833333 464.833 0.341176 0.5 0 0
13280 0.0516485 0.833333 465.667 0.345098 0.5 0 0
13290 0.0516485 0.833333 465.667 0.34902 0.5 0 0
13300 0.0516458 0.833333 466.5 0.34902 0.5 0 0
13310 0.0516458 0.833333 466.5 0.341176 0.5 0 0
13320 0.0516453 0.75 467.25 0.345098 0.5 0 0
13330 0.0516453 0.75 467.25 0.34902 0.5 0 0
13340 0.0516441 0.666667 467.917 0.341176 0.5 0 0
13350 0.0516441 0.666667 467.917 0.34902 0.5 0 0
13360 0.0516428 0.75 468.667 0.341176 0.5 0 0
13370 0.0516428 0.75 468.667 0.341176 0.5 0 0
13380 0.0516043 0.75 469.417 0.345098 0.5 0 0
13390 0.0516043 0.75 469.417 0.341176 0.5 0 0
13400 0.0516043 0.75 470.167 0.337255 0.5 0 0
13410 0.0516043 0.75 470.167 0.34902 0.5 0 0
13420 0.0516043 0.75 470.917 0.341176 0.5 0 0
13430 0.0516043 0.75 470.917 0.341176 0.5 0 0
13440 0.0516043 0.583333 471.5 0.341176 0.5 0 0
13450 0.0516043 0.583333 471.5 0.345098 0.5 0 0
13460 0.0516043 0.583333 472.083 0.34902 0.5 0 0
13470 0.0516043 0.583333 472.083 0.341176 0.5 0 0
13480 0.0516043 0.5 472.583 0.345098 0.5 0 0
13490 0.0516043 0.5 472.583 0.341176 0.5 0 0
13500 0.0516043 0.583333 473.167 0.34902 0.5 0 0
13510 0.0516043 0.583333 473.167 0.34902 0.5 0 0
13520 0.0516043 0.583333 473.75 0.34902 0.5 0 0
13530 0.0516043 0.583333 473.75 0.333333 0.5 0 0
13540 0.0504984 0.75 474.5 0.32549 0.5 0 0
13550 0.0504984 0.75 474.5 0.313725 0.5 0 0
13560 0.0493947 0.75 475.25 0.301961 0.5 0 0
13570 0.0493947 0.75 475.25 0.298039 0.5 0 0
13580 0.0475026 0.75 476 0.301961 0.5 0 0
13590 0.0475026 0.75 476 0.298039 0.5 0 0
13600 0.0467166 0.75 476.75 0.298039 0.5 0 0
13610 0.0467166 0.75 476.75 0.301961 0.5 0 0
13620 0.0464455 0.75 477.5 0.301961 0.5 0 0
13630 0.0464455 0.75 477.5 0.301961 0.5 0 0
13640 0.0464454 0.75 478.25 0.301961 0.5 0 0
13650 0.0464454 0.75 478.25 0.301961 0.5 0 0
13660 0.0464454 0.75 479 0.301961 0.5 0 0
13670 0.0464454 0.75 479 0.301961 0.5 0 0
13680 0.0464454 0.666667 479.667 0.301961 0.5 0 0
13690 0.0464454 0.666667 479.667 0.301961 0.5 0 0
13700 0.0465769 0.583333 480.25 0.298039 0.5 0 0
13710 0.0465769 0.583333 480.25 0.294118 0.5 0 0
13720 0.0467747 0.583333 480.833 0.294118 0.5 0 0
13730 0.0467747 0.583333 480.833 0.294118 0.5 0 0
13740 0.046835 0.666667 481.5 0.294118 0.5 0 0
13750 0.046835 0.666667 481.5 0.294118 0.5 0 0
13760 0.0468395 0.75 482.25 0.294118 0.5 0 0
13770 0.0468395 0.75 482.25 0.294118 0.5 0 0
13780 0.0468493 0.75 483 0.290196 0.5 0 0
13790 0.0468493 0.75 483 0.294118 0.5 0 0
13800 0.04688 0.75 483.75 0.294118 0.5 0 0
13810 0.04688 0.75 483.75 0.290196 0.5 0 0
13820 0.046911 0.75 484.5 0.294118 0.5 0 0
13830 0.046911 0.75 484.5 0.294118 0.5 0 0
13840 0.0469452 0.75 485.25 0.290196 0.5 0 0
13850 0.0469452 0.75 485.25 0.290196 0.5 0 0
13860 0.0469774 0.75 486 0.290196 0.5 0 0
13870 0.0469774 0.75 486 0.290196 0.5 0 0
13880 0.0470124 0.75 486.75 0.290196 0.5 0 0
13890 0.0470124 0.75 486.75 0.290196 0.5 0 0
13900 0.0470451 0.75 487.5 0.290196 0.5 0 0
13910 0.0470451 0.75 487.5 0.290196 0.5 0 0
13920 0.0470796 0.75 488.25 0.290196 0.5 0 0
13930 0.0470796 0.75 488.25 0.290196 0.5 0 0
13940 0.0471126 0.75 489 0.290196 0.5 0 0
13950 0.0471126 0.75 489 0.290196 0.5 0 0
13960 0.0471447 0.75 489.75 0.290196 0.5 0 0
13970 0.0471447 0.75 489.75 0.290196 0.5 0 0
13980 0.0472105 0.75 490.5 0.290196 0.5 0 0
13990 0.0472105 0.75 490.5 0.290196 0.5 0 0
14000 0.0472853 0.75 491.25 0.290196 0.5 0 0
14010 0.0472853 0.75 491.25 0.290196 0.5 0 0
14020 0.0473505 0.75 492 0.290196 0.5 0 0
14030 0.0473505 0.75 492 0.290196 0.5 0 0
14040 0.0474194 0.75 492.75 0.290196 0.5 0 0
14050 0.0474194 0.75 492.75 0.290196 0.5 0 0
14060 0.0474836 0.75 493.5 0.286275 0.5 0 0
14070 0.0474836 0.75 493.5 0.290196 0.5 0 0
14080 0.0475358 0.666667 494.167 0.290196 0.5 0 0
14090 0.0475358 0.666667 494.167 0.290196 0.5 0 0
14100 0.0475863 0.666667 494.833 0.290196 0.5 0 0
14110 0.0475863 0.666667 494.833 0.290196 0.5 0 0
14120 0.0476322 0.583333 495.417 0.290196 0.5 0 0
14130 0.0476322 0.583333 495.417 0.294118 0.5 0 0
14140 0.0476753 0.666667 496.083 0.290196 0.5 0 0
14150 0.0476753 0.666667 496.083 0.290196 0.5 0 0
14160 0.0477127 0.666667 496.75 0.290196 0.5 0 0
14170 0.0477127 0.666667 496.75 0.294118 0.5 0 0
14180 0.0477452 0.666667 497.417 0.290196 0.5 0 0
14190 0.0477452 0.666667 497.417 0.290196 0.5 0 0
14200 0.047779 0.666667 498.083 0.294118 0.5 0 0
14210 0.047779 0.666667 498.083 0.290196 0.5 0 0
14220 0.0478123 0.666667 498.75 0.294118 0.5 0 0
14230 0.0478123 0.666667 498.75 0.290196 0.5 0 0
14240 0.0478247 0.666667 499.417 0.294118 0.5 0 0
14250 0.0478247 0.666667 499.417 0.290196 0.5 0 0
14260 0.0478434 0.5 499.917 0.294118 0.5 0 0
14270 0.0478434 0.5 499.917 0.290196 0.5 0 0
14280 0.0478434 0.416667 500.333 0.290196 0.5 0 0
14290 0.0478434 0.416667 500.333 0.290196 0.5 0 0
14300 0.0478434 0.583333 500.917 0.290196 0.5 0 0
14310 0.0478434 0.583333 500.917 0.290196 0.5 0 0
14320 0.0478612 0.75 501.667 0.294118 0.5 0 0
14330 0.0478612 0.75 501.667 0.290196 0.5 0 0
14340 0.0468171 0.666667 502.333 0.290196 0.5 0 0
14350 0.0468171 0.666667 502.333 0.286275 0.5 0 0
14360 0.0460125 0.666667 503 0.290196 0.5 0 0
14370 0.0460125 0.666667 503 0.286275 0.5 0 0
14380 0.0457964 0.666667 503.667 0.286275 0.5 0 0
14390 0.0457964 0.666667 503.667 0.286275 0.5 0 0
14400 0.0458566 0.666667 504.333 0.286275 0.5 0 0
14410 0.0458566 0.666667 504.333 0.282353 0.5 0 0
14420 0.0458053 0.666667 505 0.282353 0.5 0 0
14430 0.0458053 0.666667 505 0.282353 0.5 0 0
14440 0.0455283 0.666667 505.667 0.282353 0.5 0 0
14450 0.0455283 0.666667 505.667 0.282353 0.5 0 0
14460 0.0455757 0.583333 506.25 0.286275 0.5 0 0
14470 0.0455757 0.583333 506.25 0.282353 0.5 0 0
14480 0.0456277 0.583333 506.833 0.286275 0.5 0 0
14490 0.0456277 0.583333 506.833 0.286275 0.5 0 0
14500 0.045672 0.666667 507.5 0.282353 0.5 0 0
14510 0.045672 0.666667 507.5 0.282353 0.5 0 0
14520 0.0457095 0.583333 508.083 0.286275 0.5 0 0
14530 0.0457095 0.583333 508.083 0.286275 0.5 0 0
14540 0.045734 0.583333 508.667 0.286275 0.5 0 0
14550 0.045734 0.583333 508.667 0.286275 0.5 0 0
14560 0.0457621 0.583333 509.25 0.286275 0.5 0 0
14570 0.0457621 0.583333 509.25 0.286275 0.5 0 0
14580 0.0457891 0.583333 509.833 0.286275 0.5 0 0
14590 0.0457891 0.583333 509.833 0.290196 0.5 0 0
14600 0.0458119 0.583333 510.417 0.290196 0.5 0 0
14610 0.0458119 0.583333 510.417 0.286275 0.5 0 0
14620 0.0458343 0.5 510.917 0.286275 0.5 0 0
14630 0.0458343 0.5 510.917 0.286275 0.5 0 0
14640 0.0458565 0.666667 511.583 0.286275 0.5 0 0
14650 0.0458565 0.666667 511.583 0.290196 0.5 0 0
14660 0.0458804 0.666667 512.25 0.286275 0.5 0 0
14670 0.0458804 0.666667 512.25 0.286275 0.5 0 0
14680 0.0459023 0.666667 512.917 0.290196 0.5 0 0
14690 0.0459023 0.666667 512.917 0.286275 0.5 0 0
14700 0.045923 0.75 513.667 0.286275 0.5 0 0
14710 0.045923 0.75 513.667 0.286275 0.5 0 0
14720 0.0459431 0.75 514.417 0.290196 0.5 0 0
14730 0.0459431 0.75 514.417 0.290196 0.5 0 0
14740 0.0459645 0.583333 515 0.290196 0.5 0 0
14750 0.0459645 0.583333 515 0.290196 0.5 0 0
14760 0.045982 0.416667 515.417 0.286275 0.5 0 0
14770 0.045982 0.416667 515.417 0.290196 0.5 0 0
14780 0.0459989 0.583333 516 0.286275 0.5 0 0
14790 0.0459989 0.583333 516 0.286275 0.5 0 0
14800 0.0460167 0.666667 516.667 0.286275 0.5 0 0
14810 0.0460167 0.666667 516.667 0.286275 0.5 0 0
14820 0.0460186 0.583333 517.25 0.290196 0.5 0 0
14830 0.0460186 0.583333 517.25 0.290196 0.5 0 0
14840 0.0460186 0.666667 517.917 0.286275 0.5 0 0
14850 0.0460186 0.666667 517.917 0.286275 0.5 0 0
14860 0.0460186 0.666667 518.583 0.290196 0.5 0 0
14870 0.0460186 0.666667 518.583 0.286275 0.5 0 0
14880 0.0460223 0.666667 519.25 0.286275 0.5 0 0
14890 0.0460223 0.666667 519.25 0.290196 0.5 0 0
14900 0.04595 0.75 520 0.290196 0.5 0 0
14910 0.04595 0.75 520 0.286275 0.5 0 0
14920 0.0458556 0.666667 520.667 0.282353 0.5 0 0
14930 0.0458556 0.666667 520.667 0.282353 0.5 0 0
14940 0.0458939 0.75 521.417 0.286275 0.5 0 0
14950 0.0458939 0.75 521.417 0.286275 0.5 0 0
14960 0.0458339 0.75 522.167 0.282353 0.5 0 0
14970 0.0458339 0.75 522.167 0.282353 0.5 0 0
14980 0.0457075 0.75 522.917 0.282353 0.5 0 0
14990 0.0457075 0.75 522.917 0.278431 0.5 0 0
15000 0.0455461 0.75 523.667 0.278431 0.5 0 0
15010 0.0455461 0.75 523.667 0.27451 0.5 0 0
15020 0.0453648 0.75 524.417 0.27451 0.5 0 0
15030 0.0453648 0.75 524.417 0.27451 0.5 0 0
15040 0.0451673 0.666667 525.083 0.27451 0.5 0 0
15050 0.0451673 0.666667 525.083 0.270588 0.5 0 0
15060 0.0449808 0.583333 525.667 0.270588 0.5 0 0
15070 0.0449808 0.583333 525.667 0.27451 0.5 0 0
15080 0.0449804 0.666667 526.333 0.270588 0.5 0 0
15090 0.0449804 0.666667 526.333 0.270588 0.5 0 0
15100 0.0449952 0.666667 527 0.270588 0.5 0 0
15110 0.0449952 0.666667 527 0.27451 0.5 0 0
15120 0.0450027 0.666667 527.667 0.270588 0.5 0 0
15130 0.0450027 0.666667 527.667 0.270588 0.5 0 0
15140 0.0449787 0.666667 528.333 0.270588 0.5 0 0
15150 0.0449787 0.666667 528.333 0.270588 0.5 0 0
15160 0.0448979 0.666667 529 0.270588 0.5 0 0
15170 0.0448979 0.666667 529 0.270588 0.5 0 0
15180 0.0448211 0.75 529.75 0.270588 0.5 0 0
15190 0.0448211 0.75 529.75 0.270588 0.5 0 0
15200 0.0437163 0.666667 530.417 0.27451 0.5 0 0
15210 0.0437163 0.666667 530.417 0.27451 0.5 0 0
15220 0.0433095 0.666667 531.083 0.270588 0.5 0 0
15230 0.0433095 0.666667 531.083 0.27451 0.5 0 0
15240 0.0433381 0.666667 531.75 0.27451 0.5 0 0
15250 0.0433381 0.666667 531.75 0.27451 0.5 0 0
15260 0.0433501 0.666667 532.417 0.27451 0.5 0 0
15270 0.0433501 0.666667 532.417 0.27451 0.5 0 0
15280 0.0432815 0.5 532.917 0.270588 0.5 0 0
15290 0.0432815 0.5 532.917 0.270588 0.5 0 0
15300 0.0432897 0.666667 533.583 0.270588 0.5 0 0
15310 0.0432897 0.666667 533.583 0.270588 0.5 0 0
15320 0.0431943 0.5 534.083 0.266667 0.5 0 0
15330 0.0431943 0.5 534.083 0.266667 0.5 0 0
15340 0.0430908 0.5 534.583 0.266667 0.5 0 0
15350 0.0430908 0.5 534.583 0.270588 0.5 0 0
15360 0.0429063 0.5 535.083 0.262745 0.5 0 0
15370 0.0429063 0.5 535.083 0.262745 0.5 0 0
15380 0.0425837 0.5 535.583 0.262745 0.5 0 0
15390 0.0425837 0.5 535.583 0.262745 0.5 0 0
15400 0.0422297 0.5 536.083 0.262745 0.5 0 0
15410 0.0422297 0.5 536.083 0.262745 0.5 0 0
15420 0.0416741 0.5 536.583 0.266667 0.5 0 0
15430 0.0416741 0.5 536.583 0.27451 0.5 0 0
15440 0.0414693 0.5 537.083 0.27451 0.5 0 0
15450 0.0414693 0.5 537.083 0.270588 0.5 0 0
15460 0.0414379 0.5 537.583 0.270588 0.5 0 0
15470 0.0414379 0.5 537.583 0.27451 0.5 0 0
15480 0.0414989 0.5 538.083 0.270588 0.5 0 0
15490 0.0414989 0.5 538.083 0.266667 0.5 0 0
15500 0.0415398 0.5 538.583 0.270588 0.5 0 0
15510 0.0415398 0.5 538.583 0.270588 0.5 0 0
15520 0.0415897 0.5 539.083 0.270588 0.5 0 0
15530 0.0415897 0.5 539.083 0.270588 0.5 0 0
15540 0.0416552 0.5 539.583 0.270588 0.5 0 0
15550 0.0416552 0.5 539.583 0.270588 0.5 0 0
15560 0.0417213 0.5 540.083 0.270588 0.5 0 0
15570 0.0417213 0.5 540.083 0.270588 0.5 0 0
15580 0.0417824 0.5 540.583 0.266667 0.5 0 0
15590 0.0417824 0.5 540.583 0.270588 0.5 0 0
15600 0.0418351 0.5 541.083 0.266667 0.5 0 0
15610 0.0418351 0.5 541.083 0.266667 0.5 0 0
15620 0.0418835 0.5 541.583 0.266667 0.5 0 0
15630 0.0418835 0.5 541.583 0.270588 0.5 0 0
15640 0.0419271 0.5 542.083 0.266667 0.5 0 0
15650 0.0419271 0.5 542.083 0.266667 0.5 0 0
15660 0.0419638 0.5 542.583 0.266667 0.5 0 0
15670 0.0419638 0.5 542.583 0.266667 0.5 0 0
15680 0.0419996 0.416667 543 0.266667 0.5 0 0
15690 0.0419996 0.416667 543 0.266667 0.5 0 0
15700 0.0421057 0.25 543.25 0.266667 0.5 0 0
15710 0.0421057 0.25 543.25 0.266667 0.5 0 0
15720 0.0421971 0.25 543.5 0.258824 0.5 0 0
15730 0.0421971 0.25 543.5 0.254902 0.5 0 0
15740 0.0420439 0.25 543.75 0.254902 0.5 0 0
15750 0.0420439 0.25 543.75 0.247059 0.5 0 0
15760 0.0414406 0.25 544 0.254902 0.5 0 0
15770 0.0414406 0.25 544 0.266667 0.5 0 0
15780 0.0411307 0.166667 544.167 0.27451 0.5 0 0
15790 0.0411307 0.166667 544.167 0.27451 0.5 0 0
15800 0.0409165 0.416667 544.583 0.27451 0.5 0 0
15810 0.0409165 0.416667 544.583 0.266667 0.5 0 0
15820 0.0401856 0.416667 545 0.235294 0.5 0 0
15830 0.0401856 0.416667 545 0.235294 0.5 0 0
15840 0.0392021 0.416667 545.417 0.231373 0.5 0 0
15850 0.0392021 0.416667 545.417 0.231373 0.5 0 0
15860 0.0386471 0.416667 545.833 0.231373 0.5 0 0
15870 0.0386471 0.416667 545.833 0.231373 0.5 0 0
15880 0.0384867 0.416667 546.25 0.227451 0.5 0 0
15890 0.0384867 0.416667 546.25 0.219608 0.5 0 0
15900 0.0378557 0.416667 546.667 0.223529 0.5 0 0
15910 0.0378557 0.416667 546.667 0.231373 0.5 0 0
15920 0.037355 0.333333 547 0.227451 0.5 0 0
15930 0.037355 0.333333 547 0.219608 0.5 0 0
15940 0.0371317 0.333333 547.333 0.215686 0.5 0 0
15950 0.0371317 0.333333 547.333 0.203922 0.5 0 0
15960 0.0361583 0.333333 547.667 0.207843 0.5 0 0
15970 0.0361583 0.333333 547.667 0.203922 0.5 0 0
15980 0.0354187 0.333333 548 0.207843 0.5 0 0
15990 0.0354187 0.333333 548 0.207843 0.5 0 0
16000 0.0353181 0.333333 548.333 0.207843 0.5 0 0
16010 0.0353181 0.333333 548.333 0.203922 0.5 0 0
16020 0.0351939 0.166667 548.5 0.2 0.5 0 0
16030 0.0351939 0.166667 548.5 0.203922 0.5 0 0
16040 0.0352748 0.166667 548.667 0.207843 0.5 0 0
16050 0.0352748 0.166667 548.667 0.207843 0.5 0 0
16060 0.0352766 0.166667 548.833 0.207843 0.5 0 0
16070 0.0352766 0.166667 548.833 0.203922 0.5 0 0
16080 0.0352766 0.166667 549 0.207843 0.5 0 0
16090 0.0352766 0.166667 549 0.207843 0.5 0 0
16100 0.0352766 0.166667 549.167 0.207843 0.5 0 0
16110 0.0352766 0.166667 549.167 0.207843 0.5 0 0
16120 0.0352759 0.166667 549.333 0.207843 0.5 0 0
16130 0.0352759 0.166667 549.333 0.203922 0.5 0 0
16140 0.0353303 0.166667 549.5 0.207843 0.5 0 0
16150 0.0353303 0.166667 549.5 0.207843 0.5 0 0
16160 0.0354381 0.333333 549.833 0.207843 0.5 0 0
16170 0.0354381 0.333333 549.833 0.207843 0.5 0 0
16180 0.0354335 0.333333 550.167 0.203922 0.5 0 0
16190 0.0354335 0.333333 550.167 0.207843 0.5 0 0
16200 0.0354635 0.333333 550.5 0.207843 0.5 0 0
16210 0.0354635 0.333333 550.5 0.211765 0.5 0 0
16220 0.0354918 0.333333 550.833 0.203922 0.5 0 0
16230 0.0354918 0.333333 550.833 0.207843 0.5 0 0
16240 0.0355192 0.333333 551.167 0.207843 0.5 0 0
16250 0.0355192 0.333333 551.167 0.203922 0.5 0 0
16260 0.0355453 0.333333 551.5 0.207843 0.5 0 0
16270 0.0355453 0.333333 551.5 0.207843 0.5 0 0
16280 0.0355699 0.166667 551.667 0.207843 0.5 0 0
16290 0.0355699 0.166667 551.667 0.207843 0.5 0 0
16300 0.0355934 0.166667 551.833 0.211765 0.5 0 0
16310 0.0355934 0.166667 551.833 0.207843 0.5 0 0
16320 0.0356167 0.166667 552 0.207843 0.5 0 0
16330 0.0356167 0.166667 552 0.207843 0.5 0 0
16340 0.0354612 0.166667 552.167 0.211765 0.5 0 0
16350 0.0354612 0.166667 552.167 0.211765 0.5 0 0
16360 0.0349096 0.166667 552.333 0.207843 0.5 0 0
16370 0.0349096 0.166667 552.333 0.203922 0.5 0 0
16380 0.0344936 0.166667 552.5 0.196078 0.5 0 0
16390 0.0344936 0.166667 552.5 0.184314 0.5 0 0
16400 0.033792 0.166667 552.667 0.180392 0.5 0 0
16410 0.033792 0.166667 552.667 0.180392 0.5 0 0
16420 0.0330798 0.166667 552.833 0.176471 0.5 0 0
16430 0.0330798 0.166667 552.833 0.172549 0.5 0 0
16440 0.0323693 0.166667 553 0.168627 0.5 0 0
16450 0.0323693 0.166667 553 0.164706 0.5 0 0
16460 0.0314894 0.5 553.5 0.160784 0.5 0 0
16470 0.0314894 0.5 553.5 0.160784 0.5 0 0
16480 0.030823 0.583333 554.083 0.160784 0.5 0 0
16490 0.030823 0.583333 554.083 0.160784 0.5 0 0
16500 0.0307765 0.583333 554.667 0.160784 0.5 0 0
16510 0.0307765 0.583333 554.667 0.160784 0.5 0 0
16520 0.0307308 0.583333 555.25 0.160784 0.5 0 0
16530 0.0307308 0.583333 555.25 0.160784 0.5 0 0
16540 0.0307085 0.583333 555.833 0.160784 0.5 0 0
16550 0.0307085 0.583333 555.833 0.160784 0.5 0 0
16560 0.030616 0.583333 556.417 0.160784 0.5 0 0
16570 0.030616 0.583333 556.417 0.160784 0.5 0 0
16580 0.0306145 0.583333 557 0.156863 0.5 0 0
16590 0.0306145 0.583333 557 0.160784 0.5 0 0
16600 0.0306046 0.5 557.5 0.160784 0.5 0 0
16610 0.0306046 0.5 557.5 0.160784 0.5 0 0
16620 0.0306022 0.666667 558.167 0.160784 0.5 0 0
16630 0.0306022 0.666667 558.167 0.156863 0.5 0 0
16640 0.0306022 0.666667 558.833 0.156863 0.5 0 0
16650 0.0306022 0.666667 558.833 0.160784 0.5 0 0
16660 0.0304077 0.666667 559.5 0.160784 0.5 0 0
16670 0.0304077 0.666667 559.5 0.160784 0.5 0 0
16680 0.0303732 0.666667 560.167 0.160784 0.5 0 0
16690 0.0303732 0.666667 560.167 0.160784 0.5 0 0
16700 0.0302293 0.666667 560.833 0.160784 0.5 0 0
16710 0.0302293 0.666667 560.833 0.160784 0.5 0 0
16720 0.0301948 0.666667 561.5 0.160784 0.5 0 0
16730 0.0301948 0.666667 561.5 0.160784 0.5 0 0
16740 0.0301406 0.75 562.25 0.160784 0.5 0 0
16750 0.0301406 0.75 562.25 0.160784 0.5 0 0
16760 0.0301338 0.75 563 0.156863 0.5 0 0
16770 0.0301338 0.75 563 0.160784 0.5 0 0
16780 0.030131 0.833333 563.833 0.160784 0.5 0 0
16790 0.030131 0.833333 563.833 0.156863 0.5 0 0
16800 0.0301244 0.833333 564.667 0.156863 0.5 0 0
16810 0.0301244 0.833333 564.667 0.156863 0.5 0 0
16820 0.0301217 0.833333 565.5 0.160784 0.5 0 0
16830 0.0301217 0.833333 565.5 0.160784 0.5 0 0
16840 0.0301192 0.833333 566.333 0.160784 0.5 0 0
16850 0.0301192 0.833333 566.333 0.160784 0.5 0 0
16860 0.0301168 0.833333 567.167 0.160784 0.5 0 0
16870 0.0301168 0.833333 567.167 0.160784 0.5 0 0
16880 0.0301143 0.583333 567.75 0.160784 0.5 0 0
16890 0.0301143 0.583333 567.75 0.160784 0.5 0 0
16900 0.0301094 0.583333 568.333 0.160784 0.5 0 0
16910 0.0301094 0.583333 568.333 0.160784 0.5 0 0
16920 0.0301072 0.666667 569 0.156863 0.5 0 0
16930 0.0301072 0.666667 569 0.160784 0.5 0 0
16940 0.0299845 0.75 569.75 0.156863 0.5 0 0
16950 0.0299845 0.75 569.75 0.160784 0.5 0 0
16960 0.0299522 0.75 570.5 0.160784 0.5 0 0
16970 0.0299522 0.75 570.5 0.160784 0.5 0 0
16980 0.0299518 0.75 571.25 0.160784 0.5 0 0
16990 0.0299518 0.75 571.25 0.160784 0.5 0 0
17000 0.0299518 0.75 572 0.160784 0.5 0 0
17010 0.0299518 0.75 572 0.160784 0.5 0 0
17020 0.0299518 0.75 572.75 0.160784 0.5 0 0
17030 0.0299518 0.75 572.75 0.156863 0.5 0 0
17040 0.0299518 0.75 573.5 0.156863 0.5 0 0
17050 0.0299518 0.75 573.5 0.160784 0.5 0 0
17060 0.0299518 0.75 574.25 0.160784 0.5 0 0
17070 0.0299518 0.75 574.25 0.160784 0.5 0 0
17080 0.0299516 0.75 575 0.160784 0.5 0 0
17090 0.0299516 0.75 575 0.160784 0.5 0 0
17100 0.0299487 0.5 575.5 0.160784 0.5 0 0
17110 0.0299487 0.5 575.5 0.160784 0.5 0 0
17120 0.0300113 0.416667 575.917 0.160784 0.5 0 0
17130 0.0300113 0.416667 575.917 0.156863 0.5 0 0
17140 0.0302362 0.5 576.417 0.160784 0.5 0 0
17150 0.0302362 0.5 576.417 0.156863 0.5 0 0
17160 0.0301337 0.5 576.917 0.152941 0.5 0 0
17170 0.0301337 0.5 576.917 0.14902 0.5 0 0
17180 0.0295971 0.666667 577.583 0.14902 0.5 0 0
17190 0.0295971 0.666667 577.583 0.152941 0.5 0 0
17200 0.0295811 0.583333 578.167 0.14902 0.5 0 0
17210 0.0295811 0.583333 578.167 0.152941 0.5 0 0
17220 0.0295642 0.583333 578.75 0.152941 0.5 0 0
17230 0.0295642 0.583333 578.75 0.152941 0.5 0 0
17240 0.0295495 0.333333 579.083 0.152941 0.5 0 0
17250 0.0295495 0.333333 579.083 0.152941 0.5 0 0
17260 0.0295353 0.5 579.583 0.14902 0.5 0 0
17270 0.0295353 0.5 579.583 0.152941 0.5 0 0
17280 0.0295031 0.333333 579.917 0.156863 0.5 0 0
17290 0.0295031 0.333333 579.917 0.156863 0.5 0 0
17300 0.0294194 0.333333 580.25 0.152941 0.5 0 0
17310 0.0294194 0.333333 580.25 0.152941 0.5 0 0
17320 0.029197 0.333333 580.583 0.152941 0.5 0 0
17330 0.029197 0.333333 580.583 0.152941 0.5 0 0
17340 0.0288499 0.583333 581.167 0.141176 0.5 0 0
17350 0.0288499 0.583333 581.167 0.137255 0.5 0 0
17360 0.0283405 0.583333 581.75 0.137255 0.5 0 0
17370 0.0283405 0.583333 581.75 0.137255 0.5 0 0
17380 0.0279951 0.583333 582.333 0.137255 0.5 0 0
17390 0.0279951 0.583333 582.333 0.137255 0.5 0 0
17400 0.0278119 0.583333 582.917 0.133333 0.5 0 0
17410 0.0278119 0.583333 582.917 0.137255 0.5 0 0
17420 0.0274781 0.75 583.667 0.137255 0.5 0 0
17430 0.0274781 0.75 583.667 0.133333 0.5 0 0
17440 0.0271803 0.833333 584.5 0.133333 0.5 0 0
17450 0.0271803 0.833333 584.5 0.137255 0.5 0 0
17460 0.0271434 0.583333 585.083 0.133333 0.5 0 0
17470 0.0271434 0.583333 585.083 0.133333 0.5 0 0
17480 0.027116 0.583333 585.667 0.137255 0.5 0 0
17490 0.027116 0.583333 585.667 0.133333 0.5 0 0
17500 0.0270838 0.666667 586.333 0.133333 0.5 0 0
17510 0.0270838 0.666667 586.333 0.133333 0.5 0 0
17520 0.0270677 0.666667 587 0.133333 0.5 0 0
17530 0.0270677 0.666667 587 0.133333 0.5 0 0
17540 0.0270633 0.666667 587.667 0.133333 0.5 0 0
17550 0.0270633 0.666667 587.667 0.133333 0.5 0 0
17560 0.0268601 0.666667 588.333 0.133333 0.5 0 0
17570 0.0268601 0.666667 588.333 0.133333 0.5 0 0
17580 0.0267833 0.666667 589 0.133333 0.5 0 0
17590 0.0267833 0.666667 589 0.133333 0.5 0 0
17600 0.0265589 0.75 589.75 0.133333 0.5 0 0
17610 0.0265589 0.75 589.75 0.133333 0.5 0 0
17620 0.0264134 0.75 590.5 0.133333 0.5 0 0
17630 0.0264134 0.75 590.5 0.133333 0.5 0 0
17640 0.0263341 0.916667 591.417 0.133333 0.5 0 0
17650 0.0263341 0.916667 591.417 0.133333 0.5 0 0
17660 0.0263311 0.916667 592.333 0.137255 0.5 0 0
17670 0.0263311 0.916667 592.333 0.133333 0.5 0 0
17680 0.0263301 0.833333 593.167 0.133333 0.5 0 0
17690 0.0263301 0.833333 593.167 0.133333 0.5 0 0
17700 0.0263204 0.916667 594.083 0.133333 0.5 0 0
17710 0.0263204 0.916667 594.083 0.133333 0.5 0 0
17720 0.02632 0.916667 595 0.133333 0.5 0 0
17730 0.02632 0.916667 595 0.133333 0.5 0 0
17740 0.0263192 0.833333 595.833 0.133333 0.5 0 0
17750 0.0263192 0.833333 595.833 0.137255 0.5 0 0
17760 0.0262639 0.75 596.583 0.137255 0.5 0 0
17770 0.0262639 0.75 596.583 0.133333 0.5 0 0
17780 0.0262451 0.833333 597.417 0.137255 0.5 0 0
17790 0.0262451 0.833333 597.417 0.137255 0.5 0 0
17800 0.0262451 0.833333 598.25 0.133333 0.5 0 0
17810 0.0262451 0.833333 598.25 0.137255 0.5 0 0
17820 0.0262451 0.75 599 0.133333 0.5 0 0
17830 0.0262451 0.75 599 0.133333 0.5 0 0
17840 0.0262451 0.833333 599.833 0.133333 0.5 0 0
17850 0.0262451 0.833333 599.833 0.133333 0.5 0 0
17860 0.0262451 0.833333 600.667 0.137255 0.5 0 0
17870 0.0262451 0.833333 600.667 0.133333 0.5 0 0
17880 0.0262289 0.75 601.417 0.133333 0.5 0 0
17890 0.0262289 0.75 601.417 0.137255 0.5 0 0
17900 0.0261927 0.583333 602 0.137255 0.5 0 0
17910 0.0261927 0.583333 602 0.137255 0.5 0 0
17920 0.0261548 0.583333 602.583 0.133333 0.5 0 0
17930 0.0261548 0.583333 602.583 0.133333 0.5 0 0
17940 0.0261463 0.583333 603.167 0.137255 0.5 0 0
17950 0.0261463 0.583333 603.167 0.133333 0.5 0 0
17960 0.0261466 0.666667 603.833 0.137255 0.5 0 0
17970 0.0261466 0.666667 603.833 0.137255 0.5 0 0
17980 0.0261451 0.75 604.583 0.137255 0.5 0 0
17990 0.0261451 0.75 604.583 0.137255 0.5 0 0
18000 0.0261458 0.583333 605.167 0.137255 0.5 0 0
18010 0.0261458 0.583333 605.167 0.133333 0.5 0 0
18020 0.0261449 0.583333 605.75 0.137255 0.5 0 0
18030 0.0261449 0.583333 605.75 0.133333 0.5 0 0
18040 0.0261449 0.666667 606.417 0.133333 0.5 0 0
18050 0.0261449 0.666667 606.417 0.141176 0.5 0 0
18060 0.0261331 0.666667 607.083 0.137255 0.5 0 0
18070 0.0261331 0.666667 607.083 0.141176 0.5 0 0
18080 0.0261105 1 608.083 0.141176 0.5 0 0
18090 0.0261105 1 608.083 0.137255 0.5 0 0
18100 0.0260875 1 609.083 0.137255 0.5 0 0
18110 0.0260875 1 609.083 0.137255 0.5 0 0
18120 0.0260738 1 610.083 0.137255 0.5 0 0
18130 0.0260738 1 610.083 0.141176 0.5 0 0
18140 0.0260712 1 611.083 0.137255 0.5 0 0
18150 0.0260712 1 611.083 0.137255 0.5 0 0
18160 0.0260712 1 612.083 0.137255 0.5 0 0
18170 0.0260712 1 612.083 0.141176 0.5 0 0
18180 0.0260602 0.916667 613 0.137255 0.5 0 0
18190 0.0260602 0.916667 613 0.137255 0.5 0 0
18200 0.0260537 0.833333 613.833 0.137255 0.5 0 0
18210 0.0260537 0.833333 613.833 0.137255 0.5 0 0
18220 0.0260416 0.416667 614.25 0.137255 0.5 0 0
18230 0.0260416 0.416667 614.25 0.137255 0.5 0 0
18240 0.0260253 0.666667 614.917 0.137255 0.5 0 0
18250 0.0260253 0.666667 614.917 0.141176 0.5 0 0
18260 0.0260253 0.833333 615.75 0.137255 0.5 0 0
18270 0.0260253 0.833333 615.75 0.137255 0.5 0 0
18280 0.0260231 0.833333 616.583 0.141176 0.5 0 0
18290 0.0260231 0.833333 616.583 0.137255 0.5 0 0
18300 0.0260176 0.833333 617.417 0.137255 0.5 0 0
18310 0.0260176 0.833333 617.417 0.141176 0.5 0 0
18320 0.0259829 0.833333 618.25 0.141176 0.5 0 0
18330 0.0259829 0.833333 618.25 0.137255 0.5 0 0
18340 0.0259825 0.833333 619.083 0.141176 0.5 0 0
18350 0.0259825 0.833333 619.083 0.141176 0.5 0 0
18360 0.0259868 0.666667 619.75 0.137255 0.5 0 0
18370 0.0259868 0.666667 619.75 0.137255 0.5 0 0
18380 0.0259874 0.833333 620.583 0.137255 0.5 0 0
18390 0.0259874 0.833333 620.583 0.137255 0.5 0 0
18400 0.0259874 0.916667 621.5 0.141176 0.5 0 0
18410 0.0259874 0.916667 621.5 0.137255 0.5 0 0
18420 0.026 0.916667 622.417 0.141176 0.5 0 0
18430 0.026 0.916667 622.417 0.141176 0.5 0 0
18440 0.0260002 0.916667 623.333 0.141176 0.5 0 0
18450 0.0260002 0.916667 623.333 0.141176 0.5 0 0
18460 0.0260015 0.916667 624.25 0.141176 0.5 0 0
18470 0.0260015 0.916667 624.25 0.141176 0.5 0 0
18480 0.0260022 0.833333 625.083 0.141176 0.5 0 0
18490 0.0260022 0.833333 625.083 0.141176 0.5 0 0
18500 0.0260028 0.916667 626 0.141176 0.5 0 0
18510 0.0260028 0.916667 626 0.141176 0.5 0 0
18520 0.026003 0.833333 626.833 0.141176 0.5 0 0
18530 0.026003 0.833333 626.833 0.145098 0.5 0 0
18540 0.0260034 0.75 627.583 0.141176 0.5 0 0
18550 0.0260034 0.75 627.583 0.141176 0.5 0 0
18560 0.0259444 0.916667 628.5 0.141176 0.5 0 0
18570 0.0259444 0.916667 628.5 0.141176 0.5 0 0
18580 0.0259012 1 629.5 0.141176 0.5 0 0
18590 0.0259012 1 629.5 0.145098 0.5 0 0
18600 0.0258966 0.916667 630.417 0.137255 0.5 0 0
18610 0.0258966 0.916667 630.417 0.145098 0.5 0 0
18620 0.0258966 0.916667 631.333 0.141176 0.5 0 0
18630 0.0258966 0.916667 631.333 0.141176 0.5 0 0
18640 0.0258966 0.916667 632.25 0.141176 0.5 0 0
18650 0.0258966 0.916667 632.25 0.141176 0.5 0 0
18660 0.0258966 0.916667 633.167 0.141176 0.5 0 0
18670 0.0258966 0.916667 633.167 0.141176 0.5 0 0
18680 0.0258966 0.833333 634 0.141176 0.5 0 0
18690 0.0258966 0.833333 634 0.145098 0.5 0 0
18700 0.0258966 0.833333 634.833 0.141176 0.5 0 0
18710 0.0258966 0.833333 634.833 0.141176 0.5 0 0
18720 0.0258966 0.583333 635.417 0.141176 0.5 0 0
18730 0.0258966 0.583333 635.417 0.141176 0.5 0 0
18740 0.0258966 0.833333 636.25 0.141176 0.5 0 0
18750 0.0258966 0.833333 636.25 0.141176 0.5 0 0
18760 0.0258966 0.833333 637.083 0.141176 0.5 0 0
18770 0.0258966 0.833333 637.083 0.141176 0.5 0 0
18780 0.0258966 0.75 637.833 0.141176 0.5 0 0
18790 0.0258966 0.75 637.833 0.141176 0.5 0 0
18800 0.0258966 0.833333 638.667 0.141176 0.5 0 0
18810 0.0258966 0.833333 638.667 0.141176 0.5 0 0
18820 0.0258828 1 639.667 0.141176 0.5 0 0
18830 0.0258828 1 639.667 0.141176 0.5 0 0
18840 0.0258828 0.916667 640.583 0.141176 0.5 0 0
18850 0.0258828 0.916667 640.583 0.141176 0.5 0 0
18860 0.0258828 0.916667 641.5 0.141176 0.5 0 0
18870 0.0258828 0.916667 641.5 0.141176 0.5 0 0
18880 0.0258828 0.916667 642.417 0.141176 0.5 0 0
18890 0.0258828 0.916667 642.417 0.141176 0.5 0 0
18900 0.0258828 0.833333 643.25 0.141176 0.5 0 0
18910 0.0258828 0.833333 643.25 0.141176 0.5 0 0
18920 0.025853 0.916667 644.167 0.145098 0.5 0 0
18930 0.025853 0.916667 644.167 0.141176 0.5 0 0
18940 0.0258322 1 645.167 0.141176 0.5 0 0
18950 0.0258322 1 645.167 0.145098 0.5 0 0
18960 0.0258312 1 646.167 0.141176 0.5 0 0
18970 0.0258312 1 646.167 0.141176 0.5 0 0
18980 0.0258312 1 647.167 0.141176 0.5 0 0
18990 0.0258312 1 647.167 0.141176 0.5 0 0
19000 0.0258312 0.916667 648.083 0.141176 0.5 0 0
19010 0.0258312 0.916667 648.083 0.141176 0.5 0 0
19020 0.0258312 0.916667 649 0.145098 0.5 0 0
19030 0.0258312 0.916667 649 0.145098 0.5 0 0
19040 0.0258299 0.916667 649.917 0.141176 0.5 0 0
19050 0.0258299 0.916667 649.917 0.145098 0.5 0 0
19060 0.0258264 0.916667 650.833 0.141176 0.5 0 0
19070 0.0258264 0.916667 650.833 0.141176 0.5 0 0
19080 0.0258239 0.916667 651.75 0.145098 0.5 0 0
19090 0.0258239 0.916667 651.75 0.145098 0.5 0 0
19100 0.0258225 0.916667 652.667 0.141176 0.5 0 0
19110 0.0258225 0.916667 652.667 0.141176 0.5 0 0
19120 0.0258225 0.916667 653.583 0.145098 0.5 0 0
19130 0.0258225 0.916667 653.583 0.141176 0.5 0 0
19140 0.0258225 0.916667 654.5 0.145098 0.5 0 0
19150 0.0258225 0.916667 654.5 0.141176 0.5 0 0
19160 0.0258212 0.916667 655.417 0.141176 0.5 0 0
19170 0.0258212 0.916667 655.417 0.145098 0.5 0 0
19180 0.0258157 0.916667 656.333 0.145098 0.5 0 0
19190 0.0258157 0.916667 656.333 0.141176 0.5 0 0
19200 0.0258109 0.916667 657.25 0.145098 0.5 0 0
19210 0.0258109 0.916667 657.25 0.141176 0.5 0 0
19220 0.0258088 0.916667 658.167 0.141176 0.5 0 0
19230 0.0258088 0.916667 658.167 0.141176 0.5 0 0
19240 0.0258082 0.916667 659.083 0.145098 0.5 0 0
19250 0.0258082 0.916667 659.083 0.141176 0.5 0 0
19260 0.0258082 0.916667 660 0.141176 0.5 0 0
19270 0.0258082 0.916667 660 0.141176 0.5 0 0
19280 0.0258082 0.916667 660.917 0.141176 0.5 0 0
19290 0.0258082 0.916667 660.917 0.145098 0.5 0 0
19300 0.0258087 0.916667 661.833 0.141176 0.5 0 0
19310 0.0258087 0.916667 661.833 0.145098 0.5 0 0
19320 0.0258092 0.5 662.333 0.145098 0.5 0 0
19330 0.0258092 0.5 662.333 0.141176 0.5 0 0
19340 0.0258265 0.75 663.083 0.141176 0.5 0 0
19350 0.0258265 0.75 663.083 0.141176 0.5 0 0
19360 0.0258248 0.75 663.833 0.141176 0.5 0 0
19370 0.0258248 0.75 663.833 0.145098 0.5 0 0
19380 0.0258171 0.833333 664.667 0.145098 0.5 0 0
19390 0.0258171 0.833333 664.667 0.141176 0.5 0 0
19400 0.0258156 0.833333 665.5 0.145098 0.5 0 0
19410 0.0258156 0.833333 665.5 0.141176 0.5 0 0
19420 0.0257788 0.833333 666.333 0.145098 0.5 0 0
19430 0.0257788 0.833333 666.333 0.137255 0.5 0 0
19440 0.0251221 0.583333 666.917 0.129412 0.5 0 0
19450 0.0251221 0.583333 666.917 0.121569 0.5 0 0
19460 0.0245322 0.833333 667.75 0.113725 0.5 0 0
19470 0.0245322 0.833333 667.75 0.113725 0.5 0 0
19480 0.0239715 0.916667 668.667 0.113725 0.5 0 0
19490 0.0239715 0.916667 668.667 0.113725 0.5 0 0
19500 0.0235867 0.916667 669.583 0.109804 0.5 0 0
19510 0.0235867 0.916667 669.583 0.109804 0.5 0 0
19520 0.023315 0.916667 670.5 0.113725 0.5 0 0
19530 0.023315 0.916667 670.5 0.109804 0.5 0 0
19540 0.0228471 0.916667 671.417 0.117647 0.5 0 0
19550 0.0228471 0.916667 671.417 0.113725 0.5 0 0
19560 0.0224975 0.833333 672.25 0.113725 0.5 0 0
19570 0.0224975 0.833333 672.25 0.109804 0.5 0 0
19580 0.022208 0.75 673 0.109804 0.5 0 0
19590 0.022208 0.75 673 0.109804 0.5 0 0
19600 0.0219866 0.833333 673.833 0.105882 0.5 0 0
19610 0.0219866 0.833333 673.833 0.109804 0.5 0 0
19620 0.0219142 0.916667 674.75 0.109804 0.5 0 0
19630 0.0219142 0.916667 674.75 0.105882 0.5 0 0
19640 0.0218953 0.833333 675.583 0.109804 0.5 0 0
19650 0.0218953 0.833333 675.583 0.109804 0.5 0 0
19660 0.0217341 0.75 676.333 0.109804 0.5 0 0
19670 0.0217341 0.75 676.333 0.109804 0.5 0 0
19680 0.0215644 0.75 677.083 0.105882 0.5 0 0
19690 0.0215644 0.75 677.083 0.109804 0.5 0 0
19700 0.0214466 0.666667 677.75 0.105882 0.5 0 0
19710 0.0214466 0.666667 677.75 0.109804 0.5 0 0
19720 0.021193 0.666667 678.417 0.105882 0.5 0 0
19730 0.021193 0.666667 678.417 0.109804 0.5 0 0
19740 0.0210595 0.666667 679.083 0.109804 0.5 0 0
19750 0.0210595 0.666667 679.083 0.109804 0.5 0 0
19760 0.021043 0.666667 679.75 0.109804 0.5 0 0
19770 0.021043 0.666667 679.75 0.105882 0.5 0 0
19780 0.0210048 0.75 680.5 0.109804 0.5 0 0
19790 0.0210048 0.75 680.5 0.105882 0.5 0 0
19800 0.0209758 0.666667 681.167 0.109804 0.5 0 0
19810 0.0209758 0.666667 681.167 0.109804 0.5 0 0
19820 0.0209423 0.666667 681.833 0.109804 0.5 0 0
19830 0.0209423 0.666667 681.833 0.105882 0.5 0 0
19840 0.020904 0.666667 682.5 0.109804 0.5 0 0
19850 0.020904 0.666667 682.5 0.109804 0.5 0 0
19860 0.0208735 0.666667 683.167 0.109804 0.5 0 0
19870 0.0208735 0.666667 683.167 0.109804 0.5 0 0
19880 0.0208149 0.666667 683.833 0.109804 0.5 0 0
19890 0.0208149 0.666667 683.833 0.109804 0.5 0 0
19900 0.020754 0.666667 684.5 0.109804 0.5 0 0
19910 0.020754 0.666667 684.5 0.109804 0.5 0 0
19920 0.0207218 0.833333 685.333 0.109804 0.5 0 0
19930 0.0207218 0.833333 685.333 0.109804 0.5 0 0
19940 0.0207023 0.916667 686.25 0.109804 0.5 0 0
19950 0.0207023 0.916667 686.25 0.109804 0.5 0 0
19960 0.0206876 0.916667 687.167 0.109804 0.5 0 0
19970 0.0206876 0.916667 687.167 0.109804 0.5 0 0
19980 0.0206766 0.916667 688.083 0.109804 0.5 0 0
19990 0.0206766 0.916667 688.083 0.109804 0.5 0 0
20000 0.0206585 0.833333 688.917 0.109804 0.5 0 0
20010 0.0206585 0.833333 688.917 0.109804 0.5 0 0
