0 0.105563 0 0 0.5 0.5 0 0
10 0.105563 0 0 0.745098 0.5 0 0
20 0.104023 0.416667 0.416667 0.611765 0.5 0 0
30 0.104023 0.416667 0.416667 0.65098 0.5 0 0
40 0.103587 0.416667 0.833333 0.745098 0.5 0 0
50 0.103587 0.416667 0.833333 0.690196 0.5 0 0
60 0.103048 0.416667 1.25 0.670588 0.5 0 0
70 0.103048 0.416667 1.25 0.623529 0.5 0 0
80 0.103178 0.416667 1.66667 0.670588 0.5 0 0
90 0.103178 0.416667 1.66667 0.611765 0.5 0 0
100 0.103032 0.416667 2.08333 0.631373 0.5 0 0
110 0.103032 0.416667 2.08333 0.690196 0.5 0 0
120 0.103678 0.333333 2.41667 0.788235 0.5 0 0
130 0.103678 0.333333 2.41667 0.729412 0.5 0 0
140 0.104913 0.333333 2.75 0.611765 0.5 0 0
150 0.104913 0.333333 2.75 0.580392 0.5 0 0
160 0.104678 0.333333 3.08333 0.576471 0.5 0 0
170 0.104678 0.333333 3.08333 0.745098 0.5 0 0
180 0.104533 0.416667 3.5 0.682353 0.5 0 0
190 0.104533 0.416667 3.5 0.658824 0.5 0 0
200 0.102472 0.416667 3.91667 0.682353 0.5 0 0
210 0.102472 0.416667 3.91667 0.670588 0.5 0 0
220 0.101233 0.25 4.16667 0.643137 0.5 0 0
230 0.101233 0.25 4.16667 0.768627 0.5 0 0
240 0.100618 0.25 4.41667 0.611765 0.5 0 0
250 0.100618 0.25 4.41667 0.705882 0.5 0 0
260 0.0999381 0.166667 4.58333 0.662745 0.5 0 0
270 0.0999381 0.166667 4.58333 0.529412 0.5 0 0
280 0.0993336 0.416667 5 0.529412 0.5 0 0
290 0.0993336 0.416667 5 0.52549 0.5 0 0
300 0.0987515 0.416667 5.41667 0.529412 0.5 0 0
310 0.0987515 0.416667 5.41667 0.529412 0.5 0 0
320 0.0986406 0.5 5.91667 0.529412 0.5 0 0
330 0.0986406 0.5 5.91667 0.529412 0.5 0 0
340 0.098529 0.5 6.41667 0.529412 0.5 0 0
350 0.098529 0.5 6.41667 0.529412 0.5 0 0
360 0.0984896 0.583333 7 0.529412 0.5 0 0
370 0.0984896 0.583333 7 0.533333 0.5 0 0
380 0.0985054 0.583333 7.58333 0.529412 0.5 0 0
390 0.0985054 0.583333 7.58333 0.529412 0.5 0 0
400 0.0985133 0.5 8.08333 0.529412 0.5 0 0
410 0.0985133 0.5 8.08333 0.529412 0.5 0 0
420 0.0985237 0.5 8.58333 0.533333 0.5 0 0
430 0.0985237 0.5 8.58333 0.52549 0.5 0 0
440 0.0990595 0.416667 9 0.513725 0.5 0 0
450 0.0990595 0.416667 9 0.521569 0.5 0 0
460 0.0995307 0.333333 9.33333 0.537255 0.5 0 0
470 0.0995307 0.333333 9.33333 0.552941 0.5 0 0
480 0.0997571 0.333333 9.66667 0.588235 0.5 0 0
490 0.0997571 0.333333 9.66667 0.615686 0.5 0 0
500 0.0997519 0.333333 10 0.6 0.5 0 0
510 0.0997519 0.333333 10 0.584314 0.5 0 0
520 0.0997764 0.5 10.5 0.615686 0.5 0 0
530 0.0997764 0.5 10.5 0.678431 0.5 0 0
540 0.099851 0.416667 10.9167 0.596078 0.5 0 0
550 0.099851 0.416667 10.9167 0.615686 0.5 0 0
560 0.0998896 0.5 11.4167 0.709804 0.5 0 0
570 0.0998896 0.5 11.4167 0.639216 0.5 0 0
580 0.0997416 0.5 11.9167 0.556863 0.5 0 0
590 0.0997416 0.5 11.9167 0.564706 0.5 0 0
600 0.0993739 0.5 12.4167 0.545098 0.5 0 0
610 0.0993739 0.5 12.4167 0.541176 0.5 0 0
620 0.0990736 0.5 12.9167 0.545098 0.5 0 0
630 0.0990736 0.5 12.9167 0.537255 0.5 0 0
640 0.0988104 0.5 13.4167 0.529412 0.5 0 0
650 0.0988104 0.5 13.4167 0.517647 0.5 0 0
660 0.0984768 0.583333 14 0.498039 0.5 0 0
670 0.0984768 0.583333 14 0.505882 0.5 0 0
680 0.0981331 0.583333 14.5833 0.490196 0.5 0 0
690 0.0981331 0.583333 14.5833 0.490196 0.5 0 0
700 0.0978524 0.5 15.0833 0.482353 0.5 0 0
710 0.0978524 0.5 15.0833 0.482353 0.5 0 0
720 0.0975526 0.5 15.5833 0.490196 0.5 0 0
730 0.0975526 0.5 15.5833 0.486275 0.5 0 0
740 0.0969078 0.333333 15.9167 0.482353 0.5 0 0
750 0.0969078 0.333333 15.9167 0.482353 0.5 0 0
760 0.0958141 0.333333 16.25 0.482353 0.5 0 0
770 0.0958141 0.333333 16.25 0.482353 0.5 0 0
780 0.0953099 0.333333 16.5833 0.482353 0.5 0 0
790 0.0953099 0.333333 16.5833 0.482353 0.5 0 0
800 0.0951338 0.333333 16.9167 0.482353 0.5 0 0
810 0.0951338 0.333333 16.9167 0.482353 0.5 0 0
820 0.0949802 0.333333 17.25 0.482353 0.5 0 0
830 0.0949802 0.333333 17.25 0.482353 0.5 0 0
840 0.0946742 0.166667 17.4167 0.482353 0.5 0 0
850 0.0946742 0.166667 17.4167 0.482353 0.5 0 0
860 0.0942233 0.166667 17.5833 0.470588 0.5 0 0
870 0.0942233 0.166667 17.5833 0.462745 0.5 0 0
880 0.0941818 0.416667 18 0.45098 0.5 0 0
890 0.0941818 0.416667 18 0.447059 0.5 0 0
900 0.0939643 0.416667 18.4167 0.447059 0.5 0 0
910 0.0939643 0.416667 18.4167 0.447059 0.5 0 0
920 0.0938836 0.416667 18.8333 0.447059 0.5 0 0
930 0.0938836 0.416667 18.8333 0.447059 0.5 0 0
940 0.0938823 0.416667 19.25 0.447059 0.5 0 0
950 0.0938823 0.416667 19.25 0.447059 0.5 0 0
960 0.0938854 0.416667 19.6667 0.447059 0.5 0 0
970 0.0938854 0.416667 19.6667 0.447059 0.5 0 0
980 0.0938891 0.583333 20.25 0.447059 0.5 0 0
990 0.0938891 0.583333 20.25 0.447059 0.5 0 0
1000 0.0938413 0.583333 20.8333 0.447059 0.5 0 0
1010 0.0938413 0.583333 20.8333 0.447059 0.5 0 0
1020 0.0937987 0.583333 21.4167 0.447059 0.5 0 0
1030 0.0937987 0.583333 21.4167 0.447059 0.5 0 0
1040 0.0942677 0.583333 22 0.443137 0.5 0 0
1050 0.0942677 0.583333 22 0.447059 0.5 0 0
1060 0.0952625 0.583333 22.5833 0.443137 0.5 0 0
1070 0.0952625 0.583333 22.5833 0.443137 0.5 0 0
1080 0.0960823 0.416667 23 0.447059 0.5 0 0
1090 0.0960823 0.416667 23 0.447059 0.5 0 0
1100 0.0965986 0.583333 23.5833 0.447059 0.5 0 0
1110 0.0965986 0.583333 23.5833 0.447059 0.5 0 0
1120 0.09705 0.666667 24.25 0.447059 0.5 0 0
1130 0.09705 0.666667 24.25 0.443137 0.5 0 0
1140 0.0973566 0.666667 24.9167 0.439216 0.5 0 0
1150 0.0973566 0.666667 24.9167 0.431373 0.5 0 0
1160 0.0971932 0.666667 25.5833 0.431373 0.5 0 0
1170 0.0971932 0.666667 25.5833 0.431373 0.5 0 0
1180 0.0971533 0.666667 26.25 0.431373 0.5 0 0
1190 0.0971533 0.666667 26.25 0.431373 0.5 0 0
1200 0.0971227 0.666667 26.9167 0.431373 0.5 0 0
1210 0.0971227 0.666667 26.9167 0.431373 0.5 0 0
1220 0.0970801 0.666667 27.5833 0.427451 0.5 0 0
1230 0.0970801 0.666667 27.5833 0.431373 0.5 0 0
1240 0.0970529 0.666667 28.25 0.431373 0.5 0 0
1250 0.0970529 0.666667 28.25 0.427451 0.5 0 0
1260 0.0970131 0.666667 28.9167 0.427451 0.5 0 0
1270 0.0970131 0.666667 28.9167 0.431373 0.5 0 0
1280 0.0969942 0.666667 29.5833 0.431373 0.5 0 0
1290 0.0969942 0.666667 29.5833 0.427451 0.5 0 0
1300 0.0969918 0.666667 30.25 0.427451 0.5 0 0
1310 0.0969918 0.666667 30.25 0.431373 0.5 0 0
1320 0.0969794 0.666667 30.9167 0.431373 0.5 0 0
1330 0.0969794 0.666667 30.9167 0.431373 0.5 0 0
1340 0.0969797 0.666667 31.5833 0.431373 0.5 0 0
1350 0.0969797 0.666667 31.5833 0.427451 0.5 0 0
1360 0.0969801 0.666667 32.25 0.431373 0.5 0 0
1370 0.0969801 0.666667 32.25 0.427451 0.5 0 0
1380 0.0969801 0.583333 32.8333 0.431373 0.5 0 0
1390 0.0969801 0.583333 32.8333 0.431373 0.5 0 0
1400 0.0969801 0.75 33.5833 0.431373 0.5 0 0
1410 0.0969801 0.75 33.5833 0.431373 0.5 0 0
1420 0.0969782 0.75 34.3333 0.431373 0.5 0 0
1430 0.0969782 0.75 34.3333 0.435294 0.5 0 0
1440 0.0969639 0.666667 35 0.427451 0.5 0 0
1450 0.0969639 0.666667 35 0.431373 0.5 0 0
1460 0.0969577 0.666667 35.6667 0.435294 0.5 0 0
1470 0.0969577 0.666667 35.6667 0.431373 0.5 0 0
1480 0.0969577 0.666667 36.3333 0.431373 0.5 0 0
1490 0.0969577 0.666667 36.3333 0.431373 0.5 0 0
1500 0.096957 0.75 37.0833 0.431373 0.5 0 0
1510 0.096957 0.75 37.0833 0.431373 0.5 0 0
1520 0.0969531 0.916667 38 0.431373 0.5 0 0
1530 0.0969531 0.916667 38 0.431373 0.5 0 0
1540 0.0969483 0.916667 38.9167 0.431373 0.5 0 0
1550 0.0969483 0.916667 38.9167 0.431373 0.5 0 0
1560 0.0969463 0.916667 39.8333 0.431373 0.5 0 0
1570 0.0969463 0.916667 39.8333 0.431373 0.5 0 0
1580 0.0969463 0.916667 40.75 0.427451 0.5 0 0
1590 0.0969463 0.916667 40.75 0.431373 0.5 0 0
1600 0.0969463 0.916667 41.6667 0.431373 0.5 0 0
1610 0.0969463 0.916667 41.6667 0.431373 0.5 0 0
1620 0.0969463 0.75 42.4167 0.431373 0.5 0 0
1630 0.0969463 0.75 42.4167 0.435294 0.5 0 0
1640 0.0969466 0.75 43.1667 0.431373 0.5 0 0
1650 0.0969466 0.75 43.1667 0.431373 0.5 0 0
1660 0.0969446 0.75 43.9167 0.431373 0.5 0 0
1670 0.0969446 0.75 43.9167 0.435294 0.5 0 0
1680 0.0969434 0.75 44.6667 0.427451 0.5 0 0
1690 0.0969434 0.75 44.6667 0.431373 0.5 0 0
1700 0.0969434 0.666667 45.3333 0.435294 0.5 0 0
1710 0.0969434 0.666667 45.3333 0.431373 0.5 0 0
1720 0.0969434 0.75 46.0833 0.431373 0.5 0 0
1730 0.0969434 0.75 46.0833 0.431373 0.5 0 0
1740 0.0969454 0.75 46.8333 0.435294 0.5 0 0
1750 0.0969454 0.75 46.8333 0.435294 0.5 0 0
1760 0.0969457 0.75 47.5833 0.427451 0.5 0 0
1770 0.0969457 0.75 47.5833 0.435294 0.5 0 0
1780 0.0969416 0.833333 48.4167 0.431373 0.5 0 0
1790 0.0969416 0.833333 48.4167 0.431373 0.5 0 0
1800 0.0969335 0.833333 49.25 0.427451 0.5 0 0
1810 0.0969335 0.833333 49.25 0.431373 0.5 0 0
1820 0.0969312 0.833333 50.0833 0.431373 0.5 0 0
1830 0.0969312 0.833333 50.0833 0.427451 0.5 0 0
1840 0.096834 0.833333 50.9167 0.431373 0.5 0 0
1850 0.096834 0.833333 50.9167 0.431373 0.5 0 0
1860 0.0968218 0.833333 51.75 0.431373 0.5 0 0
1870 0.0968218 0.833333 51.75 0.427451 0.5 0 0
1880 0.0968306 0.833333 52.5833 0.435294 0.5 0 0
1890 0.0968306 0.833333 52.5833 0.431373 0.5 0 0
1900 0.0968299 0.833333 53.4167 0.427451 0.5 0 0
1910 0.0968299 0.833333 53.4167 0.431373 0.5 0 0
1920 0.0968316 0.833333 54.25 0.431373 0.5 0 0
1930 0.0968316 0.833333 54.25 0.435294 0.5 0 0
1940 0.0968302 0.75 55 0.431373 0.5 0 0
1950 0.0968302 0.75 55 0.427451 0.5 0 0
1960 0.0968383 0.666667 55.6667 0.431373 0.5 0 0
1970 0.0968383 0.666667 55.6667 0.431373 0.5 0 0
1980 0.0968377 0.833333 56.5 0.431373 0.5 0 0
1990 0.0968377 0.833333 56.5 0.431373 0.5 0 0
2000 0.0967485 0.833333 57.3333 0.431373 0.5 0 0
2010 0.0967485 0.833333 57.3333 0.431373 0.5 0 0
2020 0.0966205 0.75 58.0833 0.431373 0.5 0 0
2030 0.0966205 0.75 58.0833 0.431373 0.5 0 0
2040 0.0966031 0.666667 58.75 0.431373 0.5 0 0
2050 0.0966031 0.666667 58.75 0.431373 0.5 0 0
2060 0.0965735 0.75 59.5 0.431373 0.5 0 0
2070 0.0965735 0.75 59.5 0.435294 0.5 0 0
2080 0.0965691 0.583333 60.0833 0.431373 0.5 0 0
2090 0.0965691 0.583333 60.0833 0.431373 0.5 0 0
2100 0.0965614 0.583333 60.6667 0.431373 0.5 0 0
2110 0.0965614 0.583333 60.6667 0.431373 0.5 0 0
2120 0.0965549 0.583333 61.25 0.435294 0.5 0 0
2130 0.0965549 0.583333 61.25 0.427451 0.5 0 0
2140 0.0965523 0.583333 61.8333 0.427451 0.5 0 0
2150 0.0965523 0.583333 61.8333 0.431373 0.5 0 0
2160 0.0965523 0.583333 62.4167 0.431373 0.5 0 0
2170 0.0965523 0.583333 62.4167 0.431373 0.5 0 0
2180 0.0965436 0.5 62.9167 0.431373 0.5 0 0
2190 0.0965436 0.5 62.9167 0.431373 0.5 0 0
2200 0.0965728 0.666667 63.5833 0.435294 0.5 0 0
2210 0.0965728 0.666667 63.5833 0.435294 0.5 0 0
2220 0.0965049 0.666667 64.25 0.435294 0.5 0 0
2230 0.0965049 0.666667 64.25 0.427451 0.5 0 0
2240 0.0956526 0.666667 64.9167 0.423529 0.5 0 0
2250 0.0956526 0.666667 64.9167 0.423529 0.5 0 0
2260 0.0948596 0.666667 65.5833 0.423529 0.5 0 0
2270 0.0948596 0.666667 65.5833 0.423529 0.5 0 0
2280 0.0946012 0.583333 66.1667 0.423529 0.5 0 0
2290 0.0946012 0.583333 66.1667 0.423529 0.5 0 0
2300 0.0942944 0.25 66.4167 0.423529 0.5 0 0
2310 0.0942944 0.25 66.4167 0.423529 0.5 0 0
2320 0.0942549 0.416667 66.8333 0.423529 0.5 0 0
2330 0.0942549 0.416667 66.8333 0.423529 0.5 0 0
2340 0.0942515 0.666667 67.5 0.423529 0.5 0 0
2350 0.0942515 0.666667 67.5 0.423529 0.5 0 0
2360 0.0942458 0.75 68.25 0.423529 0.5 0 0
2370 0.0942458 0.75 68.25 0.423529 0.5 0 0
2380 0.0942416 0.833333 69.0833 0.423529 0.5 0 0
2390 0.0942416 0.833333 69.0833 0.423529 0.5 0 0
2400 0.0941246 0.833333 69.9167 0.423529 0.5 0 0
2410 0.0941246 0.833333 69.9167 0.423529 0.5 0 0
2420 0.0939582 0.833333 70.75 0.423529 0.5 0 0
2430 0.0939582 0.833333 70.75 0.423529 0.5 0 0
2440 0.0939251 0.666667 71.4167 0.423529 0.5 0 0
2450 0.0939251 0.666667 71.4167 0.423529 0.5 0 0
2460 0.0939224 0.666667 72.0833 0.423529 0.5 0 0
2470 0.0939224 0.666667 72.0833 0.423529 0.5 0 0
2480 0.0939217 0.583333 72.6667 0.423529 0.5 0 0
2490 0.0939217 0.583333 72.6667 0.423529 0.5 0 0
2500 0.0939217 0.583333 73.25 0.423529 0.5 0 0
2510 0.0939217 0.583333 73.25 0.423529 0.5 0 0
2520 0.0939217 0.583333 73.8333 0.423529 0.5 0 0
2530 0.0939217 0.583333 73.8333 0.423529 0.5 0 0
2540 0.0939213 0.666667 74.5 0.423529 0.5 0 0
2550 0.0939213 0.666667 74.5 0.423529 0.5 0 0
2560 0.0939189 0.666667 75.1667 0.423529 0.5 0 0
2570 0.0939189 0.666667 75.1667 0.423529 0.5 0 0
2580 0.0938881 0.5 75.6667 0.423529 0.5 0 0
2590 0.0938881 0.5 75.6667 0.423529 0.5 0 0
2600 0.0938547 0.583333 76.25 0.423529 0.5 0 0
2610 0.0938547 0.583333 76.25 0.423529 0.5 0 0
2620 0.0938525 0.583333 76.8333 0.423529 0.5 0 0
2630 0.0938525 0.583333 76.8333 0.423529 0.5 0 0
2640 0.0938518 0.583333 77.4167 0.423529 0.5 0 0
2650 0.0938518 0.583333 77.4167 0.423529 0.5 0 0
2660 0.0939358 0.583333 78 0.423529 0.5 0 0
2670 0.0939358 0.583333 78 0.423529 0.5 0 0
2680 0.0946959 0.583333 78.5833 0.423529 0.5 0 0
2690 0.0946959 0.583333 78.5833 0.423529 0.5 0 0
2700 0.0953345 0.5 79.0833 0.423529 0.5 0 0
2710 0.0953345 0.5 79.0833 0.423529 0.5 0 0
2720 0.0962061 0.666667 79.75 0.423529 0.5 0 0
2730 0.0962061 0.666667 79.75 0.419608 0.5 0 0
2740 0.0966582 0.583333 80.3333 0.419608 0.5 0 0
2750 0.0966582 0.583333 80.3333 0.415686 0.5 0 0
2760 0.0964768 0.583333 80.9167 0.411765 0.5 0 0
2770 0.0964768 0.583333 80.9167 0.403922 0.5 0 0
2780 0.0956598 0.583333 81.5 0.403922 0.5 0 0
2790 0.0956598 0.583333 81.5 0.403922 0.5 0 0
2800 0.0948454 0.416667 81.9167 0.403922 0.5 0 0
2810 0.0948454 0.416667 81.9167 0.403922 0.5 0 0
2820 0.0947858 0.583333 82.5 0.403922 0.5 0 0
2830 0.0947858 0.583333 82.5 0.403922 0.5 0 0
2840 0.094719 0.583333 83.0833 0.403922 0.5 0 0
2850 0.094719 0.583333 83.0833 0.403922 0.5 0 0
2860 0.0946453 0.583333 83.6667 0.403922 0.5 0 0
2870 0.0946453 0.583333 83.6667 0.403922 0.5 0 0
2880 0.0945952 0.666667 84.3333 0.403922 0.5 0 0
2890 0.0945952 0.666667 84.3333 0.403922 0.5 0 0
2900 0.0945903 0.75 85.0833 0.403922 0.5 0 0
2910 0.0945903 0.75 85.0833 0.403922 0.5 0 0
2920 0.0945809 0.75 85.8333 0.403922 0.5 0 0
2930 0.0945809 0.75 85.8333 0.4 0.5 0 0
2940 0.0945749 0.75 86.5833 0.403922 0.5 0 0
2950 0.0945749 0.75 86.5833 0.403922 0.5 0 0
2960 0.0945675 0.75 87.3333 0.403922 0.5 0 0
2970 0.0945675 0.75 87.3333 0.403922 0.5 0 0
2980 0.0945206 0.583333 87.9167 0.403922 0.5 0 0
2990 0.0945206 0.583333 87.9167 0.403922 0.5 0 0
3000 0.0944539 0.583333 88.5 0.403922 0.5 0 0
3010 0.0944539 0.583333 88.5 0.403922 0.5 0 0
3020 0.0944539 0.5 89 0.403922 0.5 0 0
3030 0.0944539 0.5 89 0.403922 0.5 0 0
3040 0.0944539 0.5 89.5 0.403922 0.5 0 0
3050 0.0944539 0.5 89.5 0.4 0.5 0 0
3060 0.0941079 0.5 90 0.403922 0.5 0 0
3070 0.0941079 0.5 90 0.4 0.5 0 0
3080 0.0940267 0.5 90.5 0.403922 0.5 0 0
3090 0.0940267 0.5 90.5 0.403922 0.5 0 0
3100 0.0940267 0.5 91 0.403922 0.5 0 0
3110 0.0940267 0.5 91 0.403922 0.5 0 0
3120 0.0940267 0.416667 91.4167 0.403922 0.5 0 0
3130 0.0940267 0.416667 91.4167 0.403922 0.5 0 0
3140 0.0940267 0.416667 91.8333 0.403922 0.5 0 0
3150 0.0940267 0.416667 91.8333 0.403922 0.5 0 0
3160 0.0940259 0.416667 92.25 0.403922 0.5 0 0
3170 0.0940259 0.416667 92.25 0.403922 0.5 0 0
3180 0.0940248 0.666667 92.9167 0.403922 0.5 0 0
3190 0.0940248 0.666667 92.9167 0.403922 0.5 0 0
3200 0.0940237 0.666667 93.5833 0.403922 0.5 0 0
3210 0.0940237 0.666667 93.5833 0.403922 0.5 0 0
3220 0.0940237 0.666667 94.25 0.403922 0.5 0 0
3230 0.0940237 0.666667 94.25 0.403922 0.5 0 0
3240 0.0940237 0.583333 94.8333 0.4 0.5 0 0
3250 0.0940237 0.583333 94.8333 0.403922 0.5 0 0
3260 0.0940237 0.416667 95.25 0.403922 0.5 0 0
3270 0.0940237 0.416667 95.25 0.403922 0.5 0 0
3280 0.0940219 0.25 95.5 0.403922 0.5 0 0
3290 0.0940219 0.25 95.5 0.403922 0.5 0 0
3300 0.0940215 0.416667 95.9167 0.403922 0.5 0 0
3310 0.0940215 0.416667 95.9167 0.403922 0.5 0 0
3320 0.0940215 0.166667 96.0833 0.403922 0.5 0 0
3330 0.0940215 0.166667 96.0833 0.403922 0.5 0 0
3340 0.0940215 0.333333 96.4167 0.4 0.5 0 0
3350 0.0940215 0.333333 96.4167 0.403922 0.5 0 0
3360 0.0940215 0.416667 96.8333 0.403922 0.5 0 0
3370 0.0940215 0.416667 96.8333 0.403922 0.5 0 0
3380 0.0940215 0.416667 97.25 0.403922 0.5 0 0
3390 0.0940215 0.416667 97.25 0.4 0.5 0 0
3400 0.094021 0.416667 97.6667 0.403922 0.5 0 0
3410 0.094021 0.416667 97.6667 0.403922 0.5 0 0
3420 0.0939813 0.416667 98.0833 0.403922 0.5 0 0
3430 0.0939813 0.416667 98.0833 0.403922 0.5 0 0
3440 0.0940108 0.416667 98.5 0.4 0.5 0 0
3450 0.0940108 0.416667 98.5 0.396078 0.5 0 0
3460 0.0947032 0.416667 98.9167 0.4 0.5 0 0
3470 0.0947032 0.416667 98.9167 0.4 0.5 0 0
3480 0.0950621 0.416667 99.3333 0.396078 0.5 0 0
3490 0.0950621 0.416667 99.3333 0.396078 0.5 0 0
3500 0.0950727 0.416667 99.75 0.396078 0.5 0 0
3510 0.0950727 0.416667 99.75 0.396078 0.5 0 0
3520 0.0951004 0.416667 100.167 0.4 0.5 0 0
3530 0.0951004 0.416667 100.167 0.4 0.5 0 0
3540 0.0958787 0.416667 100.583 0.4 0.5 0 0
3550 0.0958787 0.416667 100.583 0.4 0.5 0 0
3560 0.0962043 0.416667 101 0.4 0.5 0 0
3570 0.0962043 0.416667 101 0.4 0.5 0 0
3580 0.0965973 0.5 101.5 0.4 0.5 0 0
3590 0.0965973 0.5 101.5 0.396078 0.5 0 0
3600 0.0968209 0.666667 102.167 0.396078 0.5 0 0
3610 0.0968209 0.666667 102.167 0.392157 0.5 0 0
3620 0.0963134 0.666667 102.833 0.392157 0.5 0 0
3630 0.0963134 0.666667 102.833 0.392157 0.5 0 0
3640 0.0960845 0.666667 103.5 0.392157 0.5 0 0
3650 0.0960845 0.666667 103.5 0.388235 0.5 0 0
3660 0.0961461 0.666667 104.167 0.388235 0.5 0 0
3670 0.0961461 0.666667 104.167 0.388235 0.5 0 0
3680 0.095916 0.666667 104.833 0.384314 0.5 0 0
3690 0.095916 0.666667 104.833 0.384314 0.5 0 0
3700 0.0952871 0.583333 105.417 0.384314 0.5 0 0
3710 0.0952871 0.583333 105.417 0.384314 0.5 0 0
3720 0.0951228 0.583333 106 0.384314 0.5 0 0
3730 0.0951228 0.583333 106 0.384314 0.5 0 0
3740 0.0950143 0.583333 106.583 0.384314 0.5 0 0
3750 0.0950143 0.583333 106.583 0.384314 0.5 0 0
3760 0.0947325 0.583333 107.167 0.384314 0.5 0 0
3770 0.0947325 0.583333 107.167 0.384314 0.5 0 0
3780 0.0942559 0.583333 107.75 0.384314 0.5 0 0
3790 0.0942559 0.583333 107.75 0.384314 0.5 0 0
3800 0.0940449 0.583333 108.333 0.384314 0.5 0 0
3810 0.0940449 0.583333 108.333 0.384314 0.5 0 0
3820 0.0938019 0.583333 108.917 0.384314 0.5 0 0
3830 0.0938019 0.583333 108.917 0.384314 0.5 0 0
3840 0.0937895 0.583333 109.5 0.384314 0.5 0 0
3850 0.0937895 0.583333 109.5 0.384314 0.5 0 0
3860 0.0937895 0.666667 110.167 0.384314 0.5 0 0
3870 0.0937895 0.666667 110.167 0.384314 0.5 0 0
3880 0.0937895 0.666667 110.833 0.384314 0.5 0 0
3890 0.0937895 0.666667 110.833 0.384314 0.5 0 0
3900 0.0937757 0.666667 111.5 0.384314 0.5 0 0
3910 0.0937757 0.666667 111.5 0.384314 0.5 0 0
3920 0.093775 0.666667 112.167 0.384314 0.5 0 0
3930 0.093775 0.666667 112.167 0.384314 0.5 0 0
3940 0.0943784 0.583333 112.75 0.380392 0.5 0 0
3950 0.0943784 0.583333 112.75 0.384314 0.5 0 0
3960 0.0949593 0.583333 113.333 0.384314 0.5 0 0
3970 0.0949593 0.583333 113.333 0.380392 0.5 0 0
3980 0.0959078 0.5 113.833 0.384314 0.5 0 0
3990 0.0959078 0.5 113.833 0.384314 0.5 0 0
4000 0.0966221 0.5 114.333 0.384314 0.5 0 0
4010 0.0966221 0.5 114.333 0.384314 0.5 0 0
4020 0.0967086 0.5 114.833 0.388235 0.5 0 0
4030 0.0967086 0.5 114.833 0.384314 0.5 0 0
4040 0.0966918 0.5 115.333 0.388235 0.5 0 0
4050 0.0966918 0.5 115.333 0.388235 0.5 0 0
4060 0.0968421 0.5 115.833 0.384314 0.5 0 0
4070 0.0968421 0.5 115.833 0.384314 0.5 0 0
4080 0.0968197 0.5 116.333 0.380392 0.5 0 0
4090 0.0968197 0.5 116.333 0.380392 0.5 0 0
4100 0.0961997 0.416667 116.75 0.376471 0.5 0 0
4110 0.0961997 0.416667 116.75 0.376471 0.5 0 0
4120 0.0953582 0.416667 117.167 0.376471 0.5 0 0
4130 0.0953582 0.416667 117.167 0.376471 0.5 0 0
4140 0.0956291 0.416667 117.583 0.376471 0.5 0 0
4150 0.0956291 0.416667 117.583 0.380392 0.5 0 0
4160 0.0956792 0.416667 118 0.380392 0.5 0 0
4170 0.0956792 0.416667 118 0.380392 0.5 0 0
4180 0.0956754 0.416667 118.417 0.380392 0.5 0 0
4190 0.0956754 0.416667 118.417 0.380392 0.5 0 0
4200 0.0957846 0.416667 118.833 0.380392 0.5 0 0
4210 0.0957846 0.416667 118.833 0.376471 0.5 0 0
4220 0.0955686 0.416667 119.25 0.376471 0.5 0 0
4230 0.0955686 0.416667 119.25 0.372549 0.5 0 0
4240 0.0951224 0.416667 119.667 0.372549 0.5 0 0
4250 0.0951224 0.416667 119.667 0.372549 0.5 0 0
4260 0.0950973 0.416667 120.083 0.372549 0.5 0 0
4270 0.0950973 0.416667 120.083 0.372549 0.5 0 0
4280 0.0949239 0.5 120.583 0.372549 0.5 0 0
4290 0.0949239 0.5 120.583 0.372549 0.5 0 0
4300 0.0946937 0.666667 121.25 0.372549 0.5 0 0
4310 0.0946937 0.666667 121.25 0.372549 0.5 0 0
4320 0.0946778 0.833333 122.083 0.372549 0.5 0 0
4330 0.0946778 0.833333 122.083 0.372549 0.5 0 0
4340 0.0942188 0.833333 122.917 0.372549 0.5 0 0
4350 0.0942188 0.833333 122.917 0.372549 0.5 0 0
4360 0.0939792 0.833333 123.75 0.372549 0.5 0 0
4370 0.0939792 0.833333 123.75 0.372549 0.5 0 0
4380 0.0937046 0.833333 124.583 0.372549 0.5 0 0
4390 0.0937046 0.833333 124.583 0.372549 0.5 0 0
4400 0.0937026 0.833333 125.417 0.372549 0.5 0 0
4410 0.0937026 0.833333 125.417 0.372549 0.5 0 0
4420 0.0936384 0.75 126.167 0.372549 0.5 0 0
4430 0.0936384 0.75 126.167 0.372549 0.5 0 0
4440 0.0936383 0.75 126.917 0.372549 0.5 0 0
4450 0.0936383 0.75 126.917 0.372549 0.5 0 0
4460 0.0936383 0.75 127.667 0.372549 0.5 0 0
4470 0.0936383 0.75 127.667 0.372549 0.5 0 0
4480 0.0936383 0.75 128.417 0.372549 0.5 0 0
4490 0.0936383 0.75 128.417 0.372549 0.5 0 0
4500 0.0936383 0.75 129.167 0.372549 0.5 0 0
4510 0.0936383 0.75 129.167 0.372549 0.5 0 0
4520 0.0936383 0.75 129.917 0.372549 0.5 0 0
4530 0.0936383 0.75 129.917 0.372549 0.5 0 0
4540 0.0936383 0.75 130.667 0.372549 0.5 0 0
4550 0.0936383 0.75 130.667 0.372549 0.5 0 0
4560 0.0936383 0.5 131.167 0.372549 0.5 0 0
4570 0.0936383 0.5 131.167 0.372549 0.5 0 0
4580 0.0936383 0.666667 131.833 0.372549 0.5 0 0
4590 0.0936383 0.666667 131.833 0.372549 0.5 0 0
4600 0.0936383 0.916667 132.75 0.372549 0.5 0 0
4610 0.0936383 0.916667 132.75 0.372549 0.5 0 0
4620 0.0936383 0.916667 133.667 0.372549 0.5 0 0
4630 0.0936383 0.916667 133.667 0.372549 0.5 0 0
4640 0.0936383 1 134.667 0.372549 0.5 0 0
4650 0.0936383 1 134.667 0.372549 0.5 0 0
4660 0.0936383 1 135.667 0.372549 0.5 0 0
4670 0.0936383 1 135.667 0.372549 0.5 0 0
4680 0.0936383 1 136.667 0.372549 0.5 0 0
4690 0.0936383 1 136.667 0.372549 0.5 0 0
4700 0.0936383 0.833333 137.5 0.372549 0.5 0 0
4710 0.0936383 0.833333 137.5 0.372549 0.5 0 0
4720 0.0936383 0.833333 138.333 0.372549 0.5 0 0
4730 0.0936383 0.833333 138.333 0.372549 0.5 0 0
4740 0.0936383 0.833333 139.167 0.372549 0.5 0 0
4750 0.0936383 0.833333 139.167 0.372549 0.5 0 0
4760 0.0936383 0.833333 140 0.372549 0.5 0 0
4770 0.0936383 0.833333 140 0.372549 0.5 0 0
4780 0.0936383 0.833333 140.833 0.372549 0.5 0 0
4790 0.0936383 0.833333 140.833 0.372549 0.5 0 0
4800 0.0936383 0.75 141.583 0.372549 0.5 0 0
4810 0.0936383 0.75 141.583 0.372549 0.5 0 0
4820 0.0936383 0.916667 142.5 0.372549 0.5 0 0
4830 0.0936383 0.916667 142.5 0.372549 0.5 0 0
4840 0.0936383 0.916667 143.417 0.372549 0.5 0 0
4850 0.0936383 0.916667 143.417 0.372549 0.5 0 0
4860 0.0936383 0.916667 144.333 0.372549 0.5 0 0
4870 0.0936383 0.916667 144.333 0.372549 0.5 0 0
4880 0.0936383 0.916667 145.25 0.372549 0.5 0 0
4890 0.0936383 0.916667 145.25 0.372549 0.5 0 0
4900 0.0936383 1 146.25 0.372549 0.5 0 0
4910 0.0936383 1 146.25 0.372549 0.5 0 0
4920 0.0936383 1 147.25 0.372549 0.5 0 0
4930 0.0936383 1 147.25 0.372549 0.5 0 0
4940 0.0936383 1 148.25 0.372549 0.5 0 0
4950 0.0936383 1 148.25 0.372549 0.5 0 0
4960 0.0936383 0.916667 149.167 0.372549 0.5 0 0
4970 0.0936383 0.916667 149.167 0.372549 0.5 0 0
4980 0.0936383 1 150.167 0.372549 0.5 0 0
4990 0.0936383 1 150.167 0.372549 0.5 0 0
5000 0.0936383 0.75 150.917 0.372549 0.5 0 0
5010 0.0936383 0.75 150.917 0.372549 0.5 0 0
5020 0.0936383 0.833333 151.75 0.372549 0.5 0 0
5030 0.0936383 0.833333 151.75 0.372549 0.5 0 0
5040 0.0936383 0.833333 152.583 0.372549 0.5 0 0
5050 0.0936383 0.833333 152.583 0.372549 0.5 0 0
5060 0.0936383 0.833333 153.417 0.372549 0.5 0 0
5070 0.0936383 0.833333 153.417 0.372549 0.5 0 0
5080 0.0936383 0.833333 154.25 0.372549 0.5 0 0
5090 0.0936383 0.833333 154.25 0.372549 0.5 0 0
5100 0.0936383 0.833333 155.083 0.372549 0.5 0 0
5110 0.0936383 0.833333 155.083 0.372549 0.5 0 0
5120 0.0936383 0.833333 155.917 0.372549 0.5 0 0
5130 0.0936383 0.833333 155.917 0.372549 0.5 0 0
5140 0.0936383 0.666667 156.583 0.372549 0.5 0 0
5150 0.0936383 0.666667 156.583 0.372549 0.5 0 0
5160 0.0936383 0.833333 157.417 0.372549 0.5 0 0
5170 0.0936383 0.833333 157.417 0.372549 0.5 0 0
5180 0.0936383 0.833333 158.25 0.372549 0.5 0 0
5190 0.0936383 0.833333 158.25 0.372549 0.5 0 0
5200 0.0936383 0.833333 159.083 0.372549 0.5 0 0
5210 0.0936383 0.833333 159.083 0.372549 0.5 0 0
5220 0.0936383 0.833333 159.917 0.372549 0.5 0 0
5230 0.0936383 0.833333 159.917 0.372549 0.5 0 0
5240 0.0936383 0.833333 160.75 0.372549 0.5 0 0
5250 0.0936383 0.833333 160.75 0.372549 0.5 0 0
5260 0.0936383 0.833333 161.583 0.372549 0.5 0 0
5270 0.0936383 0.833333 161.583 0.372549 0.5 0 0
5280 0.0936383 0.833333 162.417 0.372549 0.5 0 0
5290 0.0936383 0.833333 162.417 0.372549 0.5 0 0
5300 0.0936383 0.916667 163.333 0.372549 0.5 0 0
5310 0.0936383 0.916667 163.333 0.372549 0.5 0 0
5320 0.0936383 0.916667 164.25 0.372549 0.5 0 0
5330 0.0936383 0.916667 164.25 0.372549 0.5 0 0
5340 0.0936383 1 165.25 0.372549 0.5 0 0
5350 0.0936383 1 165.25 0.372549 0.5 0 0
5360 0.0936383 1 166.25 0.372549 0.5 0 0
5370 0.0936383 1 166.25 0.372549 0.5 0 0
5380 0.0936383 1 167.25 0.372549 0.5 0 0
5390 0.0936383 1 167.25 0.372549 0.5 0 0
5400 0.0936383 1 168.25 0.372549 0.5 0 0
5410 0.0936383 1 168.25 0.372549 0.5 0 0
5420 0.0936383 0.916667 169.167 0.372549 0.5 0 0
5430 0.0936383 0.916667 169.167 0.372549 0.5 0 0
5440 0.0936383 0.916667 170.083 0.372549 0.5 0 0
5450 0.0936383 0.916667 170.083 0.372549 0.5 0 0
5460 0.0936383 0.916667 171 0.372549 0.5 0 0
5470 0.0936383 0.916667 171 0.372549 0.5 0 0
5480 0.0936383 0.916667 171.917 0.372549 0.5 0 0
5490 0.0936383 0.916667 171.917 0.372549 0.5 0 0
5500 0.0936383 0.666667 172.583 0.372549 0.5 0 0
5510 0.0936383 0.666667 172.583 0.372549 0.5 0 0
5520 0.0936383 0.666667 173.25 0.372549 0.5 0 0
5530 0.0936383 0.666667 173.25 0.372549 0.5 0 0
5540 0.0936383 0.666667 173.917 0.372549 0.5 0 0
5550 0.0936383 0.666667 173.917 0.372549 0.5 0 0
5560 0.0936383 0.666667 174.583 0.372549 0.5 0 0
5570 0.0936383 0.666667 174.583 0.372549 0.5 0 0
5580 0.0936383 0.75 175.333 0.372549 0.5 0 0
5590 0.0936383 0.75 175.333 0.372549 0.5 0 0
5600 0.0936383 0.833333 176.167 0.372549 0.5 0 0
5610 0.0936383 0.833333 176.167 0.372549 0.5 0 0
5620 0.0936383 0.833333 177 0.372549 0.5 0 0
5630 0.0936383 0.833333 177 0.372549 0.5 0 0
5640 0.0936383 0.833333 177.833 0.372549 0.5 0 0
5650 0.0936383 0.833333 177.833 0.372549 0.5 0 0
5660 0.0936383 0.916667 178.75 0.372549 0.5 0 0
5670 0.0936383 0.916667 178.75 0.372549 0.5 0 0
5680 0.0936383 0.916667 179.667 0.372549 0.5 0 0
5690 0.0936383 0.916667 179.667 0.372549 0.5 0 0
5700 0.0936383 0.916667 180.583 0.372549 0.5 0 0
5710 0.0936383 0.916667 180.583 0.372549 0.5 0 0
5720 0.0936383 0.916667 181.5 0.372549 0.5 0 0
5730 0.0936383 0.916667 181.5 0.372549 0.5 0 0
5740 0.0936383 0.916667 182.417 0.372549 0.5 0 0
5750 0.0936383 0.916667 182.417 0.372549 0.5 0 0
5760 0.0936383 0.916667 183.333 0.372549 0.5 0 0
5770 0.0936383 0.916667 183.333 0.372549 0.5 0 0
5780 0.0936383 0.916667 184.25 0.372549 0.5 0 0
5790 0.0936383 0.916667 184.25 0.372549 0.5 0 0
5800 0.0936383 0.833333 185.083 0.372549 0.5 0 0
5810 0.0936383 0.833333 185.083 0.372549 0.5 0 0
5820 0.0936383 0.833333 185.917 0.372549 0.5 0 0
5830 0.0936383 0.833333 185.917 0.372549 0.5 0 0
5840 0.0936383 0.833333 186.75 0.372549 0.5 0 0
5850 0.0936383 0.833333 186.75 0.372549 0.5 0 0
5860 0.0936383 0.833333 187.583 0.372549 0.5 0 0
5870 0.0936383 0.833333 187.583 0.372549 0.5 0 0
5880 0.0936383 0.833333 188.417 0.372549 0.5 0 0
5890 0.0936383 0.833333 188.417 0.372549 0.5 0 0
5900 0.0936383 0.833333 189.25 0.372549 0.5 0 0
5910 0.0936383 0.833333 189.25 0.372549 0.5 0 0
5920 0.0936383 0.833333 190.083 0.372549 0.5 0 0
5930 0.0936383 0.833333 190.083 0.372549 0.5 0 0
5940 0.0936383 0.833333 190.917 0.372549 0.5 0 0
5950 0.0936383 0.833333 190.917 0.372549 0.5 0 0
5960 0.0936383 0.833333 191.75 0.372549 0.5 0 0
5970 0.0936383 0.833333 191.75 0.372549 0.5 0 0
5980 0.0936383 0.833333 192.583 0.372549 0.5 0 0
5990 0.0936383 0.833333 192.583 0.372549 0.5 0 0
6000 0.0936383 0.833333 193.417 0.372549 0.5 0 0
6010 0.0936383 0.833333 193.417 0.372549 0.5 0 0
6020 0.0936383 0.916667 194.333 0.372549 0.5 0 0
6030 0.0936383 0.916667 194.333 0.372549 0.5 0 0
6040 0.0936383 0.916667 195.25 0.372549 0.5 0 0
6050 0.0936383 0.916667 195.25 0.372549 0.5 0 0
6060 0.0936383 0.833333 196.083 0.372549 0.5 0 0
6070 0.0936383 0.833333 196.083 0.372549 0.5 0 0
6080 0.0936383 0.916667 197 0.372549 0.5 0 0
6090 0.0936383 0.916667 197 0.372549 0.5 0 0
6100 0.0936383 0.916667 197.917 0.372549 0.5 0 0
6110 0.0936383 0.916667 197.917 0.372549 0.5 0 0
6120 0.0936383 0.916667 198.833 0.372549 0.5 0 0
6130 0.0936383 0.916667 198.833 0.372549 0.5 0 0
6140 0.0936383 0.833333 199.667 0.372549 0.5 0 0
6150 0.0936383 0.833333 199.667 0.372549 0.5 0 0
6160 0.0936383 0.833333 200.5 0.372549 0.5 0 0
6170 0.0936383 0.833333 200.5 0.372549 0.5 0 0
6180 0.0943431 0.833333 201.333 0.372549 0.5 0 0
6190 0.0943431 0.833333 201.333 0.376471 0.5 0 0
6200 0.0947892 0.833333 202.167 0.376471 0.5 0 0
6210 0.0947892 0.833333 202.167 0.376471 0.5 0 0
6220 0.0947898 0.833333 203 0.376471 0.5 0 0
6230 0.0947898 0.833333 203 0.376471 0.5 0 0
6240 0.0948873 0.833333 203.833 0.376471 0.5 0 0
6250 0.0948873 0.833333 203.833 0.372549 0.5 0 0
6260 0.0948446 0.833333 204.667 0.372549 0.5 0 0
6270 0.0948446 0.833333 204.667 0.368627 0.5 0 0
6280 0.0945626 0.833333 205.5 0.368627 0.5 0 0
6290 0.0945626 0.833333 205.5 0.368627 0.5 0 0
6300 0.0937702 0.75 206.25 0.368627 0.5 0 0
6310 0.0937702 0.75 206.25 0.368627 0.5 0 0
6320 0.0931365 0.75 207 0.368627 0.5 0 0
6330 0.0931365 0.75 207 0.368627 0.5 0 0
6340 0.0931068 0.75 207.75 0.368627 0.5 0 0
6350 0.0931068 0.75 207.75 0.368627 0.5 0 0
6360 0.0929496 0.75 208.5 0.368627 0.5 0 0
6370 0.0929496 0.75 208.5 0.368627 0.5 0 0
6380 0.0928483 0.75 209.25 0.368627 0.5 0 0
6390 0.0928483 0.75 209.25 0.368627 0.5 0 0
6400 0.0925834 0.666667 209.917 0.368627 0.5 0 0
6410 0.0925834 0.666667 209.917 0.368627 0.5 0 0
6420 0.0924821 0.75 210.667 0.368627 0.5 0 0
6430 0.0924821 0.75 210.667 0.372549 0.5 0 0
6440 0.0924603 0.75 211.417 0.368627 0.5 0 0
6450 0.0924603 0.75 211.417 0.368627 0.5 0 0
6460 0.0924603 0.833333 212.25 0.368627 0.5 0 0
6470 0.0924603 0.833333 212.25 0.368627 0.5 0 0
6480 0.0924603 0.833333 213.083 0.372549 0.5 0 0
6490 0.0924603 0.833333 213.083 0.368627 0.5 0 0
6500 0.0924595 0.833333 213.917 0.368627 0.5 0 0
6510 0.0924595 0.833333 213.917 0.368627 0.5 0 0
6520 0.0924253 0.75 214.667 0.372549 0.5 0 0
6530 0.0924253 0.75 214.667 0.368627 0.5 0 0
6540 0.0923882 0.75 215.417 0.372549 0.5 0 0
6550 0.0923882 0.75 215.417 0.368627 0.5 0 0
6560 0.0923882 0.75 216.167 0.368627 0.5 0 0
6570 0.0923882 0.75 216.167 0.368627 0.5 0 0
6580 0.0923882 0.75 216.917 0.368627 0.5 0 0
6590 0.0923882 0.75 216.917 0.368627 0.5 0 0
6600 0.0923882 0.75 217.667 0.368627 0.5 0 0
6610 0.0923882 0.75 217.667 0.368627 0.5 0 0
6620 0.0923882 0.75 218.417 0.368627 0.5 0 0
6630 0.0923882 0.75 218.417 0.368627 0.5 0 0
6640 0.0923874 0.666667 219.083 0.368627 0.5 0 0
6650 0.0923874 0.666667 219.083 0.368627 0.5 0 0
6660 0.0923844 0.666667 219.75 0.368627 0.5 0 0
6670 0.0923844 0.666667 219.75 0.368627 0.5 0 0
6680 0.0921674 0.833333 220.583 0.368627 0.5 0 0
6690 0.0921674 0.833333 220.583 0.368627 0.5 0 0
6700 0.0920905 0.833333 221.417 0.368627 0.5 0 0
6710 0.0920905 0.833333 221.417 0.372549 0.5 0 0
6720 0.0920905 0.833333 222.25 0.368627 0.5 0 0
6730 0.0920905 0.833333 222.25 0.372549 0.5 0 0
6740 0.0920905 0.833333 223.083 0.368627 0.5 0 0
6750 0.0920905 0.833333 223.083 0.372549 0.5 0 0
6760 0.0920905 0.75 223.833 0.368627 0.5 0 0
6770 0.0920905 0.75 223.833 0.372549 0.5 0 0
6780 0.0920905 0.75 224.583 0.368627 0.5 0 0
6790 0.0920905 0.75 224.583 0.368627 0.5 0 0
6800 0.0920905 0.583333 225.167 0.368627 0.5 0 0
6810 0.0920905 0.583333 225.167 0.368627 0.5 0 0
6820 0.0920905 0.75 225.917 0.368627 0.5 0 0
6830 0.0920905 0.75 225.917 0.368627 0.5 0 0
6840 0.0920905 0.75 226.667 0.368627 0.5 0 0
6850 0.0920905 0.75 226.667 0.368627 0.5 0 0
6860 0.0920905 0.75 227.417 0.368627 0.5 0 0
6870 0.0920905 0.75 227.417 0.368627 0.5 0 0
6880 0.0920905 0.75 228.167 0.372549 0.5 0 0
6890 0.0920905 0.75 228.167 0.368627 0.5 0 0
6900 0.0920905 0.75 228.917 0.372549 0.5 0 0
6910 0.0920905 0.75 228.917 0.372549 0.5 0 0
6920 0.0920905 0.833333 229.75 0.368627 0.5 0 0
6930 0.0920905 0.833333 229.75 0.368627 0.5 0 0
6940 0.0920905 0.833333 230.583 0.368627 0.5 0 0
6950 0.0920905 0.833333 230.583 0.368627 0.5 0 0
6960 0.0920905 0.75 231.333 0.372549 0.5 0 0
6970 0.0920905 0.75 231.333 0.368627 0.5 0 0
6980 0.0920905 0.833333 232.167 0.368627 0.5 0 0
6990 0.0920905 0.833333 232.167 0.368627 0.5 0 0
7000 0.0920905 0.833333 233 0.368627 0.5 0 0
7010 0.0920905 0.833333 233 0.368627 0.5 0 0
7020 0.0920905 0.75 233.75 0.368627 0.5 0 0
7030 0.0920905 0.75 233.75 0.368627 0.5 0 0
7040 0.0920846 0.833333 234.583 0.368627 0.5 0 0
7050 0.0920846 0.833333 234.583 0.372549 0.5 0 0
7060 0.0920846 0.833333 235.417 0.368627 0.5 0 0
7070 0.0920846 0.833333 235.417 0.368627 0.5 0 0
7080 0.0920812 0.833333 236.25 0.368627 0.5 0 0
7090 0.0920812 0.833333 236.25 0.372549 0.5 0 0
7100 0.0923686 0.833333 237.083 0.368627 0.5 0 0
7110 0.0923686 0.833333 237.083 0.368627 0.5 0 0
7120 0.0933354 0.833333 237.917 0.372549 0.5 0 0
7130 0.0933354 0.833333 237.917 0.372549 0.5 0 0
7140 0.0938461 0.833333 238.75 0.376471 0.5 0 0
7150 0.0938461 0.833333 238.75 0.376471 0.5 0 0
7160 0.0941472 0.833333 239.583 0.376471 0.5 0 0
7170 0.0941472 0.833333 239.583 0.376471 0.5 0 0
7180 0.0944517 0.833333 240.417 0.376471 0.5 0 0
7190 0.0944517 0.833333 240.417 0.376471 0.5 0 0
7200 0.0946027 0.833333 241.25 0.376471 0.5 0 0
7210 0.0946027 0.833333 241.25 0.372549 0.5 0 0
7220 0.0943622 0.833333 242.083 0.372549 0.5 0 0
7230 0.0943622 0.833333 242.083 0.368627 0.5 0 0
7240 0.0935921 0.666667 242.75 0.364706 0.5 0 0
7250 0.0935921 0.666667 242.75 0.360784 0.5 0 0
7260 0.0918232 0.666667 243.417 0.360784 0.5 0 0
7270 0.0918232 0.666667 243.417 0.364706 0.5 0 0
7280 0.0913064 0.666667 244.083 0.364706 0.5 0 0
7290 0.0913064 0.666667 244.083 0.368627 0.5 0 0
7300 0.0912316 0.75 244.833 0.368627 0.5 0 0
7310 0.0912316 0.75 244.833 0.368627 0.5 0 0
7320 0.0908112 0.75 245.583 0.372549 0.5 0 0
7330 0.0908112 0.75 245.583 0.368627 0.5 0 0
7340 0.0901371 0.75 246.333 0.368627 0.5 0 0
7350 0.0901371 0.75 246.333 0.360784 0.5 0 0
7360 0.0885562 0.75 247.083 0.356863 0.5 0 0
7370 0.0885562 0.75 247.083 0.360784 0.5 0 0
7380 0.0879039 0.75 247.833 0.356863 0.5 0 0
7390 0.0879039 0.75 247.833 0.360784 0.5 0 0
7400 0.0875462 0.75 248.583 0.356863 0.5 0 0
7410 0.0875462 0.75 248.583 0.360784 0.5 0 0
7420 0.0873746 0.75 249.333 0.360784 0.5 0 0
7430 0.0873746 0.75 249.333 0.356863 0.5 0 0
7440 0.0865142 0.75 250.083 0.352941 0.5 0 0
7450 0.0865142 0.75 250.083 0.352941 0.5 0 0
7460 0.0855761 0.75 250.833 0.356863 0.5 0 0
7470 0.0855761 0.75 250.833 0.356863 0.5 0 0
7480 0.0852404 0.833333 251.667 0.356863 0.5 0 0
7490 0.0852404 0.833333 251.667 0.356863 0.5 0 0
7500 0.0852391 0.75 252.417 0.352941 0.5 0 0
7510 0.0852391 0.75 252.417 0.356863 0.5 0 0
7520 0.085235 0.75 253.167 0.356863 0.5 0 0
7530 0.085235 0.75 253.167 0.352941 0.5 0 0
7540 0.0852292 0.75 253.917 0.356863 0.5 0 0
7550 0.0852292 0.75 253.917 0.352941 0.5 0 0
7560 0.0851179 0.833333 254.75 0.352941 0.5 0 0
7570 0.0851179 0.833333 254.75 0.352941 0.5 0 0
7580 0.0850811 0.833333 255.583 0.352941 0.5 0 0
7590 0.0850811 0.833333 255.583 0.356863 0.5 0 0
7600 0.0848593 0.833333 256.417 0.356863 0.5 0 0
7610 0.0848593 0.833333 256.417 0.356863 0.5 0 0
7620 0.0848207 0.833333 257.25 0.356863 0.5 0 0
7630 0.0848207 0.833333 257.25 0.356863 0.5 0 0
7640 0.0848204 0.916667 258.167 0.356863 0.5 0 0
7650 0.0848204 0.916667 258.167 0.352941 0.5 0 0
7660 0.0848204 0.75 258.917 0.352941 0.5 0 0
7670 0.0848204 0.75 258.917 0.356863 0.5 0 0
7680 0.084816 0.666667 259.583 0.356863 0.5 0 0
7690 0.084816 0.666667 259.583 0.352941 0.5 0 0
7700 0.0848132 0.666667 260.25 0.356863 0.5 0 0
7710 0.0848132 0.666667 260.25 0.356863 0.5 0 0
7720 0.0848034 0.666667 260.917 0.356863 0.5 0 0
7730 0.0848034 0.666667 260.917 0.356863 0.5 0 0
7740 0.0847978 0.666667 261.583 0.352941 0.5 0 0
7750 0.0847978 0.666667 261.583 0.352941 0.5 0 0
7760 0.0847978 0.583333 262.167 0.356863 0.5 0 0
7770 0.0847978 0.583333 262.167 0.356863 0.5 0 0
7780 0.0847978 0.416667 262.583 0.356863 0.5 0 0
7790 0.0847978 0.416667 262.583 0.356863 0.5 0 0
7800 0.0847978 0.583333 263.167 0.356863 0.5 0 0
7810 0.0847978 0.583333 263.167 0.356863 0.5 0 0
7820 0.0847943 0.666667 263.833 0.352941 0.5 0 0
7830 0.0847943 0.666667 263.833 0.356863 0.5 0 0
7840 0.0847898 0.916667 264.75 0.352941 0.5 0 0
7850 0.0847898 0.916667 264.75 0.356863 0.5 0 0
7860 0.0847827 0.916667 265.667 0.352941 0.5 0 0
7870 0.0847827 0.916667 265.667 0.352941 0.5 0 0
7880 0.0847796 0.916667 266.583 0.356863 0.5 0 0
7890 0.0847796 0.916667 266.583 0.356863 0.5 0 0
7900 0.0847796 0.916667 267.5 0.352941 0.5 0 0
7910 0.0847796 0.916667 267.5 0.352941 0.5 0 0
7920 0.0847796 0.916667 268.417 0.356863 0.5 0 0
7930 0.0847796 0.916667 268.417 0.352941 0.5 0 0
7940 0.0847796 0.916667 269.333 0.356863 0.5 0 0
7950 0.0847796 0.916667 269.333 0.356863 0.5 0 0
7960 0.0847772 0.833333 270.167 0.352941 0.5 0 0
7970 0.0847772 0.833333 270.167 0.356863 0.5 0 0
7980 0.0847722 0.833333 271 0.356863 0.5 0 0
7990 0.0847722 0.833333 271 0.356863 0.5 0 0
8000 0.0847652 0.833333 271.833 0.352941 0.5 0 0
8010 0.0847652 0.833333 271.833 0.356863 0.5 0 0
8020 0.0847634 0.833333 272.667 0.352941 0.5 0 0
8030 0.0847634 0.833333 272.667 0.356863 0.5 0 0
8040 0.0847634 0.833333 273.5 0.356863 0.5 0 0
8050 0.0847634 0.833333 273.5 0.356863 0.5 0 0
8060 0.0847634 0.916667 274.417 0.356863 0.5 0 0
8070 0.0847634 0.916667 274.417 0.356863 0.5 0 0
8080 0.0847606 0.916667 275.333 0.356863 0.5 0 0
8090 0.0847606 0.916667 275.333 0.356863 0.5 0 0
8100 0.0847575 0.916667 276.25 0.356863 0.5 0 0
8110 0.0847575 0.916667 276.25 0.356863 0.5 0 0
8120 0.0847539 1 277.25 0.352941 0.5 0 0
8130 0.0847539 1 277.25 0.356863 0.5 0 0
8140 0.0847537 1 278.25 0.356863 0.5 0 0
8150 0.0847537 1 278.25 0.356863 0.5 0 0
8160 0.0847498 1 279.25 0.356863 0.5 0 0
8170 0.0847498 1 279.25 0.356863 0.5 0 0
8180 0.0847498 1 280.25 0.356863 0.5 0 0
8190 0.0847498 1 280.25 0.356863 0.5 0 0
8200 0.0847451 1 281.25 0.356863 0.5 0 0
8210 0.0847451 1 281.25 0.356863 0.5 0 0
8220 0.0847432 1 282.25 0.356863 0.5 0 0
8230 0.0847432 1 282.25 0.356863 0.5 0 0
8240 0.0847416 1 283.25 0.356863 0.5 0 0
8250 0.0847416 1 283.25 0.356863 0.5 0 0
8260 0.0847416 1 284.25 0.356863 0.5 0 0
8270 0.0847416 1 284.25 0.352941 0.5 0 0
8280 0.0847382 0.916667 285.167 0.356863 0.5 0 0
8290 0.0847382 0.916667 285.167 0.356863 0.5 0 0
8300 0.0847349 0.916667 286.083 0.356863 0.5 0 0
8310 0.0847349 0.916667 286.083 0.352941 0.5 0 0
8320 0.0847301 1 287.083 0.356863 0.5 0 0
8330 0.0847301 1 287.083 0.356863 0.5 0 0
8340 0.0847301 1 288.083 0.356863 0.5 0 0
8350 0.0847301 1 288.083 0.352941 0.5 0 0
8360 0.0847289 1 289.083 0.356863 0.5 0 0
8370 0.0847289 1 289.083 0.356863 0.5 0 0
8380 0.0847289 1 290.083 0.356863 0.5 0 0
8390 0.0847289 1 290.083 0.356863 0.5 0 0
8400 0.0847248 1 291.083 0.356863 0.5 0 0
8410 0.0847248 1 291.083 0.356863 0.5 0 0
8420 0.0847212 1 292.083 0.352941 0.5 0 0
8430 0.0847212 1 292.083 0.356863 0.5 0 0
8440 0.0847189 1 293.083 0.356863 0.5 0 0
8450 0.0847189 1 293.083 0.356863 0.5 0 0
8460 0.0847189 1 294.083 0.356863 0.5 0 0
8470 0.0847189 1 294.083 0.352941 0.5 0 0
8480 0.0847172 1 295.083 0.356863 0.5 0 0
8490 0.0847172 1 295.083 0.356863 0.5 0 0
8500 0.0847172 1 296.083 0.356863 0.5 0 0
8510 0.0847172 1 296.083 0.356863 0.5 0 0
8520 0.0847172 1 297.083 0.356863 0.5 0 0
8530 0.0847172 1 297.083 0.356863 0.5 0 0
8540 0.0847128 1 298.083 0.356863 0.5 0 0
8550 0.0847128 1 298.083 0.356863 0.5 0 0
8560 0.0847034 1 299.083 0.356863 0.5 0 0
8570 0.0847034 1 299.083 0.356863 0.5 0 0
8580 0.0847765 1 300.083 0.352941 0.5 0 0
8590 0.0847765 1 300.083 0.356863 0.5 0 0
8600 0.0848439 0.916667 301 0.356863 0.5 0 0
8610 0.0848439 0.916667 301 0.356863 0.5 0 0
8620 0.0848162 0.916667 301.917 0.352941 0.5 0 0
8630 0.0848162 0.916667 301.917 0.352941 0.5 0 0
8640 0.0848202 0.833333 302.75 0.356863 0.5 0 0
8650 0.0848202 0.833333 302.75 0.356863 0.5 0 0
8660 0.084808 0.833333 303.583 0.356863 0.5 0 0
8670 0.084808 0.833333 303.583 0.356863 0.5 0 0
8680 0.0848079 0.833333 304.417 0.356863 0.5 0 0
8690 0.0848079 0.833333 304.417 0.352941 0.5 0 0
8700 0.0847982 0.916667 305.333 0.356863 0.5 0 0
8710 0.0847982 0.916667 305.333 0.356863 0.5 0 0
8720 0.0847982 0.833333 306.167 0.356863 0.5 0 0
8730 0.0847982 0.833333 306.167 0.356863 0.5 0 0
8740 0.0847948 0.833333 307 0.356863 0.5 0 0
8750 0.0847948 0.833333 307 0.356863 0.5 0 0
8760 0.0847852 0.833333 307.833 0.356863 0.5 0 0
8770 0.0847852 0.833333 307.833 0.356863 0.5 0 0
8780 0.0847726 0.833333 308.667 0.356863 0.5 0 0
8790 0.0847726 0.833333 308.667 0.356863 0.5 0 0
8800 0.0847726 0.833333 309.5 0.356863 0.5 0 0
8810 0.0847726 0.833333 309.5 0.356863 0.5 0 0
8820 0.0847738 0.833333 310.333 0.356863 0.5 0 0
8830 0.0847738 0.833333 310.333 0.356863 0.5 0 0
8840 0.0847689 0.833333 311.167 0.356863 0.5 0 0
8850 0.0847689 0.833333 311.167 0.356863 0.5 0 0
8860 0.0847639 0.833333 312 0.356863 0.5 0 0
8870 0.0847639 0.833333 312 0.356863 0.5 0 0
8880 0.0847639 0.916667 312.917 0.356863 0.5 0 0
8890 0.0847639 0.916667 312.917 0.356863 0.5 0 0
8900 0.0847639 0.916667 313.833 0.356863 0.5 0 0
8910 0.0847639 0.916667 313.833 0.356863 0.5 0 0
8920 0.0847639 1 314.833 0.356863 0.5 0 0
8930 0.0847639 1 314.833 0.356863 0.5 0 0
8940 0.0847639 1 315.833 0.356863 0.5 0 0
8950 0.0847639 1 315.833 0.356863 0.5 0 0
8960 0.0847608 0.833333 316.667 0.356863 0.5 0 0
8970 0.0847608 0.833333 316.667 0.356863 0.5 0 0
8980 0.0847447 0.916667 317.583 0.356863 0.5 0 0
8990 0.0847447 0.916667 317.583 0.356863 0.5 0 0
9000 0.0847414 0.916667 318.5 0.356863 0.5 0 0
9010 0.0847414 0.916667 318.5 0.356863 0.5 0 0
9020 0.0847381 0.916667 319.417 0.356863 0.5 0 0
9030 0.0847381 0.916667 319.417 0.356863 0.5 0 0
9040 0.0847355 0.916667 320.333 0.356863 0.5 0 0
9050 0.0847355 0.916667 320.333 0.356863 0.5 0 0
9060 0.0847355 0.833333 321.167 0.352941 0.5 0 0
9070 0.0847355 0.833333 321.167 0.352941 0.5 0 0
9080 0.0847355 0.833333 322 0.356863 0.5 0 0
9090 0.0847355 0.833333 322 0.352941 0.5 0 0
9100 0.0847348 0.833333 322.833 0.356863 0.5 0 0
9110 0.0847348 0.833333 322.833 0.356863 0.5 0 0
9120 0.0847284 0.75 323.583 0.352941 0.5 0 0
9130 0.0847284 0.75 323.583 0.352941 0.5 0 0
9140 0.0846992 0.75 324.333 0.356863 0.5 0 0
9150 0.0846992 0.75 324.333 0.356863 0.5 0 0
9160 0.0846314 0.75 325.083 0.352941 0.5 0 0
9170 0.0846314 0.75 325.083 0.356863 0.5 0 0
9180 0.0846314 0.916667 326 0.356863 0.5 0 0
9190 0.0846314 0.916667 326 0.356863 0.5 0 0
9200 0.0846314 1 327 0.356863 0.5 0 0
9210 0.0846314 1 327 0.356863 0.5 0 0
9220 0.0846297 1 328 0.356863 0.5 0 0
9230 0.0846297 1 328 0.356863 0.5 0 0
9240 0.0846273 1 329 0.356863 0.5 0 0
9250 0.0846273 1 329 0.352941 0.5 0 0
9260 0.0846222 1 330 0.356863 0.5 0 0
9270 0.0846222 1 330 0.356863 0.5 0 0
9280 0.0846139 1 331 0.356863 0.5 0 0
9290 0.0846139 1 331 0.356863 0.5 0 0
9300 0.0846138 1 332 0.356863 0.5 0 0
9310 0.0846138 1 332 0.356863 0.5 0 0
9320 0.0846138 0.833333 332.833 0.352941 0.5 0 0
9330 0.0846138 0.833333 332.833 0.356863 0.5 0 0
9340 0.0846126 0.833333 333.667 0.352941 0.5 0 0
9350 0.0846126 0.833333 333.667 0.356863 0.5 0 0
9360 0.0845897 1 334.667 0.352941 0.5 0 0
9370 0.0845897 1 334.667 0.356863 0.5 0 0
9380 0.0845893 1 335.667 0.356863 0.5 0 0
9390 0.0845893 1 335.667 0.356863 0.5 0 0
9400 0.084588 0.833333 336.5 0.356863 0.5 0 0
9410 0.084588 0.833333 336.5 0.356863 0.5 0 0
9420 0.0845852 0.833333 337.333 0.352941 0.5 0 0
9430 0.0845852 0.833333 337.333 0.356863 0.5 0 0
9440 0.0845832 0.833333 338.167 0.356863 0.5 0 0
9450 0.0845832 0.833333 338.167 0.356863 0.5 0 0
9460 0.0845832 0.833333 339 0.352941 0.5 0 0
9470 0.0845832 0.833333 339 0.352941 0.5 0 0
9480 0.0845793 0.75 339.75 0.356863 0.5 0 0
9490 0.0845793 0.75 339.75 0.356863 0.5 0 0
9500 0.0845728 0.666667 340.417 0.356863 0.5 0 0
9510 0.0845728 0.666667 340.417 0.356863 0.5 0 0
9520 0.0845613 0.416667 340.833 0.356863 0.5 0 0
9530 0.0845613 0.416667 340.833 0.352941 0.5 0 0
9540 0.0844579 0.5 341.333 0.356863 0.5 0 0
9550 0.0844579 0.5 341.333 0.356863 0.5 0 0
9560 0.0844575 0.5 341.833 0.356863 0.5 0 0
9570 0.0844575 0.5 341.833 0.356863 0.5 0 0
9580 0.0844301 0.5 342.333 0.356863 0.5 0 0
9590 0.0844301 0.5 342.333 0.352941 0.5 0 0
9600 0.0844222 0.666667 343 0.356863 0.5 0 0
9610 0.0844222 0.666667 343 0.356863 0.5 0 0
9620 0.084405 0.666667 343.667 0.352941 0.5 0 0
9630 0.084405 0.666667 343.667 0.356863 0.5 0 0
9640 0.0843978 0.833333 344.5 0.356863 0.5 0 0
9650 0.0843978 0.833333 344.5 0.356863 0.5 0 0
9660 0.0843978 0.833333 345.333 0.356863 0.5 0 0
9670 0.0843978 0.833333 345.333 0.356863 0.5 0 0
9680 0.0843978 0.833333 346.167 0.356863 0.5 0 0
9690 0.0843978 0.833333 346.167 0.352941 0.5 0 0
9700 0.0843753 0.5 346.667 0.356863 0.5 0 0
9710 0.0843753 0.5 346.667 0.356863 0.5 0 0
9720 0.0841342 0.666667 347.333 0.356863 0.5 0 0
9730 0.0841342 0.666667 347.333 0.356863 0.5 0 0
9740 0.0841342 0.75 348.083 0.356863 0.5 0 0
9750 0.0841342 0.75 348.083 0.356863 0.5 0 0
9760 0.0841342 0.75 348.833 0.356863 0.5 0 0
9770 0.0841342 0.75 348.833 0.356863 0.5 0 0
9780 0.0841342 0.75 349.583 0.356863 0.5 0 0
9790 0.0841342 0.75 349.583 0.356863 0.5 0 0
9800 0.0841342 0.75 350.333 0.356863 0.5 0 0
9810 0.0841342 0.75 350.333 0.356863 0.5 0 0
9820 0.0841342 0.75 351.083 0.352941 0.5 0 0
9830 0.0841342 0.75 351.083 0.356863 0.5 0 0
9840 0.0841342 0.916667 352 0.356863 0.5 0 0
9850 0.0841342 0.916667 352 0.356863 0.5 0 0
9860 0.0841342 0.916667 352.917 0.356863 0.5 0 0
9870 0.0841342 0.916667 352.917 0.356863 0.5 0 0
9880 0.0841342 0.916667 353.833 0.356863 0.5 0 0
9890 0.0841342 0.916667 353.833 0.356863 0.5 0 0
9900 0.0841342 0.916667 354.75 0.356863 0.5 0 0
9910 0.0841342 0.916667 354.75 0.356863 0.5 0 0
9920 0.0841342 0.916667 355.667 0.356863 0.5 0 0
9930 0.0841342 0.916667 355.667 0.356863 0.5 0 0
9940 0.0841342 0.916667 356.583 0.356863 0.5 0 0
9950 0.0841342 0.916667 356.583 0.356863 0.5 0 0
9960 0.0841342 0.833333 357.417 0.356863 0.5 0 0
9970 0.0841342 0.833333 357.417 0.356863 0.5 0 0
9980 0.0841342 0.916667 358.333 0.356863 0.5 0 0
9990 0.0841342 0.916667 358.333 0.356863 0.5 0 0
10000 0.0841342 0.916667 359.25 0.356863 0.5 0 0
10010 0.0841342 0.916667 359.25 0.356863 0.5 0 0
10020 0.0841342 0.916667 360.167 0.356863 0.5 0 0
10030 0.0841342 0.916667 360.167 0.356863 0.5 0 0
10040 0.0841342 0.916667 361.083 0.356863 0.5 0 0
10050 0.0841342 0.916667 361.083 0.356863 0.5 0 0
10060 0.0841342 0.916667 362 0.356863 0.5 0 0
10070 0.0841342 0.916667 362 0.356863 0.5 0 0
10080 0.0841342 0.916667 362.917 0.356863 0.5 0 0
10090 0.0841342 0.916667 362.917 0.356863 0.5 0 0
10100 0.0841342 0.916667 363.833 0.356863 0.5 0 0
10110 0.0841342 0.916667 363.833 0.356863 0.5 0 0
10120 0.0841342 0.833333 364.667 0.356863 0.5 0 0
10130 0.0841342 0.833333 364.667 0.356863 0.5 0 0
10140 0.0841342 0.833333 365.5 0.356863 0.5 0 0
10150 0.0841342 0.833333 365.5 0.356863 0.5 0 0
10160 0.0841342 0.833333 366.333 0.356863 0.5 0 0
10170 0.0841342 0.833333 366.333 0.356863 0.5 0 0
10180 0.0841342 1 367.333 0.356863 0.5 0 0
10190 0.0841342 1 367.333 0.356863 0.5 0 0
10200 0.0841342 0.75 368.083 0.356863 0.5 0 0
10210 0.0841342 0.75 368.083 0.356863 0.5 0 0
10220 0.0841342 0.75 368.833 0.356863 0.5 0 0
10230 0.0841342 0.75 368.833 0.356863 0.5 0 0
10240 0.0841342 0.75 369.583 0.356863 0.5 0 0
10250 0.0841342 0.75 369.583 0.356863 0.5 0 0
10260 0.0841342 0.75 370.333 0.356863 0.5 0 0
10270 0.0841342 0.75 370.333 0.356863 0.5 0 0
10280 0.0841342 0.666667 371 0.356863 0.5 0 0
10290 0.0841342 0.666667 371 0.356863 0.5 0 0
10300 0.0841342 0.666667 371.667 0.356863 0.5 0 0
10310 0.0841342 0.666667 371.667 0.356863 0.5 0 0
10320 0.0841342 0.583333 372.25 0.356863 0.5 0 0
10330 0.0841342 0.583333 372.25 0.356863 0.5 0 0
10340 0.0841342 0.666667 372.917 0.356863 0.5 0 0
10350 0.0841342 0.666667 372.917 0.356863 0.5 0 0
10360 0.0841342 0.666667 373.583 0.356863 0.5 0 0
10370 0.0841342 0.666667 373.583 0.356863 0.5 0 0
10380 0.0841342 0.833333 374.417 0.356863 0.5 0 0
10390 0.0841342 0.833333 374.417 0.356863 0.5 0 0
10400 0.0841342 0.833333 375.25 0.356863 0.5 0 0
10410 0.0841342 0.833333 375.25 0.356863 0.5 0 0
10420 0.0841342 0.833333 376.083 0.356863 0.5 0 0
10430 0.0841342 0.833333 376.083 0.356863 0.5 0 0
10440 0.0841204 0.833333 376.917 0.356863 0.5 0 0
10450 0.0841204 0.833333 376.917 0.356863 0.5 0 0
10460 0.0841204 0.833333 377.75 0.356863 0.5 0 0
10470 0.0841204 0.833333 377.75 0.356863 0.5 0 0
10480 0.0841204 0.666667 378.417 0.356863 0.5 0 0
10490 0.0841204 0.666667 378.417 0.356863 0.5 0 0
10500 0.0841204 0.666667 379.083 0.356863 0.5 0 0
10510 0.0841204 0.666667 379.083 0.356863 0.5 0 0
10520 0.0841204 0.916667 380 0.356863 0.5 0 0
10530 0.0841204 0.916667 380 0.356863 0.5 0 0
10540 0.0841204 0.916667 380.917 0.356863 0.5 0 0
10550 0.0841204 0.916667 380.917 0.356863 0.5 0 0
10560 0.0841204 0.916667 381.833 0.356863 0.5 0 0
10570 0.0841204 0.916667 381.833 0.356863 0.5 0 0
10580 0.0841204 0.916667 382.75 0.356863 0.5 0 0
10590 0.0841204 0.916667 382.75 0.356863 0.5 0 0
10600 0.0841204 0.916667 383.667 0.356863 0.5 0 0
10610 0.0841204 0.916667 383.667 0.356863 0.5 0 0
10620 0.0841204 0.916667 384.583 0.356863 0.5 0 0
10630 0.0841204 0.916667 384.583 0.356863 0.5 0 0
10640 0.0841204 0.916667 385.5 0.356863 0.5 0 0
10650 0.0841204 0.916667 385.5 0.356863 0.5 0 0
10660 0.0841204 0.666667 386.167 0.356863 0.5 0 0
10670 0.0841204 0.666667 386.167 0.356863 0.5 0 0
10680 0.0841204 0.583333 386.75 0.356863 0.5 0 0
10690 0.0841204 0.583333 386.75 0.356863 0.5 0 0
10700 0.0841204 0.75 387.5 0.356863 0.5 0 0
10710 0.0841204 0.75 387.5 0.356863 0.5 0 0
10720 0.0841204 0.833333 388.333 0.356863 0.5 0 0
10730 0.0841204 0.833333 388.333 0.356863 0.5 0 0
10740 0.0841204 0.833333 389.167 0.356863 0.5 0 0
10750 0.0841204 0.833333 389.167 0.356863 0.5 0 0
10760 0.0841204 0.833333 390 0.356863 0.5 0 0
10770 0.0841204 0.833333 390 0.356863 0.5 0 0
10780 0.0841204 0.833333 390.833 0.356863 0.5 0 0
10790 0.0841204 0.833333 390.833 0.356863 0.5 0 0
10800 0.0841204 0.75 391.583 0.356863 0.5 0 0
10810 0.0841204 0.75 391.583 0.356863 0.5 0 0
10820 0.0841204 0.583333 392.167 0.356863 0.5 0 0
10830 0.0841204 0.583333 392.167 0.356863 0.5 0 0
10840 0.0841204 0.916667 393.083 0.356863 0.5 0 0
10850 0.0841204 0.916667 393.083 0.356863 0.5 0 0
10860 0.0841204 0.916667 394 0.356863 0.5 0 0
10870 0.0841204 0.916667 394 0.356863 0.5 0 0
10880 0.0841204 0.916667 394.917 0.356863 0.5 0 0
10890 0.0841204 0.916667 394.917 0.356863 0.5 0 0
10900 0.0841204 0.916667 395.833 0.356863 0.5 0 0
10910 0.0841204 0.916667 395.833 0.356863 0.5 0 0
10920 0.0841204 0.916667 396.75 0.356863 0.5 0 0
10930 0.0841204 0.916667 396.75 0.356863 0.5 0 0
10940 0.0841204 0.833333 397.583 0.356863 0.5 0 0
10950 0.0841204 0.833333 397.583 0.356863 0.5 0 0
10960 0.0841204 0.75 398.333 0.356863 0.5 0 0
10970 0.0841204 0.75 398.333 0.356863 0.5 0 0
10980 0.0841204 0.75 399.083 0.356863 0.5 0 0
10990 0.0841204 0.75 399.083 0.356863 0.5 0 0
11000 0.0841204 0.75 399.833 0.356863 0.5 0 0
11010 0.0841204 0.75 399.833 0.356863 0.5 0 0
11020 0.084148 0.75 400.583 0.356863 0.5 0 0
11030 0.084148 0.75 400.583 0.356863 0.5 0 0
11040 0.0841521 0.833333 401.417 0.356863 0.5 0 0
11050 0.0841521 0.833333 401.417 0.356863 0.5 0 0
11060 0.0841521 0.75 402.167 0.356863 0.5 0 0
11070 0.0841521 0.75 402.167 0.356863 0.5 0 0
11080 0.0841521 0.75 402.917 0.356863 0.5 0 0
11090 0.0841521 0.75 402.917 0.356863 0.5 0 0
11100 0.0841521 0.75 403.667 0.356863 0.5 0 0
11110 0.0841521 0.75 403.667 0.356863 0.5 0 0
11120 0.084375 0.833333 404.5 0.356863 0.5 0 0
11130 0.084375 0.833333 404.5 0.352941 0.5 0 0
11140 0.0854205 0.833333 405.333 0.352941 0.5 0 0
11150 0.0854205 0.833333 405.333 0.356863 0.5 0 0
11160 0.0864444 0.833333 406.167 0.356863 0.5 0 0
11170 0.0864444 0.833333 406.167 0.360784 0.5 0 0
11180 0.0865887 0.833333 407 0.360784 0.5 0 0
11190 0.0865887 0.833333 407 0.356863 0.5 0 0
11200 0.0865887 0.833333 407.833 0.360784 0.5 0 0
11210 0.0865887 0.833333 407.833 0.356863 0.5 0 0
11220 0.0866198 0.75 408.583 0.356863 0.5 0 0
11230 0.0866198 0.75 408.583 0.356863 0.5 0 0
11240 0.0864593 0.75 409.333 0.356863 0.5 0 0
11250 0.0864593 0.75 409.333 0.352941 0.5 0 0
11260 0.0860896 0.75 410.083 0.352941 0.5 0 0
11270 0.0860896 0.75 410.083 0.352941 0.5 0 0
11280 0.085395 0.75 410.833 0.34902 0.5 0 0
11290 0.085395 0.75 410.833 0.34902 0.5 0 0
11300 0.0843713 0.75 411.583 0.352941 0.5 0 0
11310 0.0843713 0.75 411.583 0.352941 0.5 0 0
11320 0.0841578 0.75 412.333 0.352941 0.5 0 0
11330 0.0841578 0.75 412.333 0.34902 0.5 0 0
11340 0.0841578 0.666667 413 0.352941 0.5 0 0
11350 0.0841578 0.666667 413 0.34902 0.5 0 0
11360 0.0833115 0.75 413.75 0.34902 0.5 0 0
11370 0.0833115 0.75 413.75 0.34902 0.5 0 0
11380 0.0822062 0.75 414.5 0.34902 0.5 0 0
11390 0.0822062 0.75 414.5 0.352941 0.5 0 0
11400 0.0816168 0.75 415.25 0.352941 0.5 0 0
11410 0.0816168 0.75 415.25 0.352941 0.5 0 0
11420 0.0815489 0.666667 415.917 0.352941 0.5 0 0
11430 0.0815489 0.666667 415.917 0.352941 0.5 0 0
11440 0.0815489 0.666667 416.583 0.352941 0.5 0 0
11450 0.0815489 0.666667 416.583 0.352941 0.5 0 0
11460 0.0815489 0.75 417.333 0.352941 0.5 0 0
11470 0.0815489 0.75 417.333 0.352941 0.5 0 0
11480 0.0815489 0.75 418.083 0.352941 0.5 0 0
11490 0.0815489 0.75 418.083 0.352941 0.5 0 0
11500 0.0815489 0.75 418.833 0.352941 0.5 0 0
11510 0.0815489 0.75 418.833 0.352941 0.5 0 0
11520 0.0815489 0.916667 419.75 0.352941 0.5 0 0
11530 0.0815489 0.916667 419.75 0.352941 0.5 0 0
11540 0.0815489 0.916667 420.667 0.352941 0.5 0 0
11550 0.0815489 0.916667 420.667 0.352941 0.5 0 0
11560 0.0815489 0.833333 421.5 0.352941 0.5 0 0
11570 0.0815489 0.833333 421.5 0.352941 0.5 0 0
11580 0.0815489 0.666667 422.167 0.352941 0.5 0 0
11590 0.0815489 0.666667 422.167 0.352941 0.5 0 0
11600 0.0815489 0.666667 422.833 0.352941 0.5 0 0
11610 0.0815489 0.666667 422.833 0.352941 0.5 0 0
11620 0.0815489 0.5 423.333 0.352941 0.5 0 0
11630 0.0815489 0.5 423.333 0.352941 0.5 0 0
11640 0.0815355 0.583333 423.917 0.352941 0.5 0 0
11650 0.0815355 0.583333 423.917 0.352941 0.5 0 0
11660 0.0814897 0.583333 424.5 0.352941 0.5 0 0
11670 0.0814897 0.583333 424.5 0.352941 0.5 0 0
11680 0.0814897 0.75 425.25 0.352941 0.5 0 0
11690 0.0814897 0.75 425.25 0.352941 0.5 0 0
11700 0.0814897 0.666667 425.917 0.352941 0.5 0 0
11710 0.0814897 0.666667 425.917 0.352941 0.5 0 0
11720 0.0814897 0.75 426.667 0.352941 0.5 0 0
11730 0.0814897 0.75 426.667 0.352941 0.5 0 0
11740 0.0814897 0.75 427.417 0.352941 0.5 0 0
11750 0.0814897 0.75 427.417 0.352941 0.5 0 0
11760 0.0814897 0.75 428.167 0.352941 0.5 0 0
11770 0.0814897 0.75 428.167 0.352941 0.5 0 0
11780 0.0814897 0.75 428.917 0.352941 0.5 0 0
11790 0.0814897 0.75 428.917 0.352941 0.5 0 0
11800 0.0814897 0.916667 429.833 0.352941 0.5 0 0
11810 0.0814897 0.916667 429.833 0.352941 0.5 0 0
11820 0.0814897 0.916667 430.75 0.352941 0.5 0 0
11830 0.0814897 0.916667 430.75 0.352941 0.5 0 0
11840 0.0814555 0.916667 431.667 0.352941 0.5 0 0
11850 0.0814555 0.916667 431.667 0.352941 0.5 0 0
11860 0.081416 0.916667 432.583 0.352941 0.5 0 0
11870 0.081416 0.916667 432.583 0.352941 0.5 0 0
11880 0.081416 0.916667 433.5 0.352941 0.5 0 0
11890 0.081416 0.916667 433.5 0.352941 0.5 0 0
11900 0.081416 0.833333 434.333 0.352941 0.5 0 0
11910 0.081416 0.833333 434.333 0.352941 0.5 0 0
11920 0.0820622 0.833333 435.167 0.34902 0.5 0 0
11930 0.0820622 0.833333 435.167 0.352941 0.5 0 0
11940 0.0826829 0.833333 436 0.352941 0.5 0 0
11950 0.0826829 0.833333 436 0.352941 0.5 0 0
11960 0.0827589 0.833333 436.833 0.352941 0.5 0 0
11970 0.0827589 0.833333 436.833 0.352941 0.5 0 0
11980 0.0827589 0.75 437.583 0.352941 0.5 0 0
11990 0.0827589 0.75 437.583 0.352941 0.5 0 0
12000 0.0827685 0.75 438.333 0.352941 0.5 0 0
12010 0.0827685 0.75 438.333 0.352941 0.5 0 0
12020 0.0825836 0.75 439.083 0.352941 0.5 0 0
12030 0.0825836 0.75 439.083 0.34902 0.5 0 0
12040 0.0821164 0.75 439.833 0.345098 0.5 0 0
12050 0.0821164 0.75 439.833 0.345098 0.5 0 0
12060 0.0812382 0.833333 440.667 0.345098 0.5 0 0
12070 0.0812382 0.833333 440.667 0.345098 0.5 0 0
12080 0.0804631 0.833333 441.5 0.345098 0.5 0 0
12090 0.0804631 0.833333 441.5 0.345098 0.5 0 0
12100 0.0798577 0.833333 442.333 0.345098 0.5 0 0
12110 0.0798577 0.833333 442.333 0.345098 0.5 0 0
12120 0.0798397 0.916667 443.25 0.345098 0.5 0 0
12130 0.0798397 0.916667 443.25 0.345098 0.5 0 0
12140 0.0798366 0.75 444 0.345098 0.5 0 0
12150 0.0798366 0.75 444 0.345098 0.5 0 0
12160 0.0796973 0.833333 444.833 0.34902 0.5 0 0
12170 0.0796973 0.833333 444.833 0.345098 0.5 0 0
12180 0.0796145 0.833333 445.667 0.345098 0.5 0 0
12190 0.0796145 0.833333 445.667 0.34902 0.5 0 0
12200 0.0796128 0.833333 446.5 0.345098 0.5 0 0
12210 0.0796128 0.833333 446.5 0.345098 0.5 0 0
12220 0.079612 0.75 447.25 0.34902 0.5 0 0
12230 0.079612 0.75 447.25 0.345098 0.5 0 0
12240 0.0796106 0.916667 448.167 0.345098 0.5 0 0
12250 0.0796106 0.916667 448.167 0.345098 0.5 0 0
12260 0.0796094 0.916667 449.083 0.345098 0.5 0 0
12270 0.0796094 0.916667 449.083 0.345098 0.5 0 0
12280 0.0796094 0.916667 450 0.345098 0.5 0 0
12290 0.0796094 0.916667 450 0.345098 0.5 0 0
12300 0.0796084 0.916667 450.917 0.345098 0.5 0 0
12310 0.0796084 0.916667 450.917 0.345098 0.5 0 0
12320 0.0796079 0.916667 451.833 0.345098 0.5 0 0
12330 0.0796079 0.916667 451.833 0.345098 0.5 0 0
12340 0.0796074 0.666667 452.5 0.345098 0.5 0 0
12350 0.0796074 0.666667 452.5 0.345098 0.5 0 0
12360 0.0796061 0.833333 453.333 0.345098 0.5 0 0
12370 0.0796061 0.833333 453.333 0.345098 0.5 0 0
12380 0.0795669 0.75 454.083 0.345098 0.5 0 0
12390 0.0795669 0.75 454.083 0.345098 0.5 0 0
12400 0.0795462 0.75 454.833 0.345098 0.5 0 0
12410 0.0795462 0.75 454.833 0.345098 0.5 0 0
12420 0.0795462 0.583333 455.417 0.345098 0.5 0 0
12430 0.0795462 0.583333 455.417 0.345098 0.5 0 0
12440 0.0795462 0.75 456.167 0.345098 0.5 0 0
12450 0.0795462 0.75 456.167 0.345098 0.5 0 0
12460 0.0795462 0.833333 457 0.34902 0.5 0 0
12470 0.0795462 0.833333 457 0.345098 0.5 0 0
12480 0.0795462 0.833333 457.833 0.34902 0.5 0 0
12490 0.0795462 0.833333 457.833 0.345098 0.5 0 0
12500 0.0795462 0.916667 458.75 0.345098 0.5 0 0
12510 0.0795462 0.916667 458.75 0.345098 0.5 0 0
12520 0.0795462 0.916667 459.667 0.345098 0.5 0 0
12530 0.0795462 0.916667 459.667 0.34902 0.5 0 0
12540 0.0795462 0.916667 460.583 0.345098 0.5 0 0
12550 0.0795462 0.916667 460.583 0.345098 0.5 0 0
12560 0.0795462 0.833333 461.417 0.34902 0.5 0 0
12570 0.0795462 0.833333 461.417 0.345098 0.5 0 0
12580 0.0795462 0.666667 462.083 0.345098 0.5 0 0
12590 0.0795462 0.666667 462.083 0.34902 0.5 0 0
12600 0.0795422 0.833333 462.917 0.345098 0.5 0 0
12610 0.0795422 0.833333 462.917 0.345098 0.5 0 0
12620 0.0795421 0.833333 463.75 0.345098 0.5 0 0
12630 0.0795421 0.833333 463.75 0.345098 0.5 0 0
12640 0.0795421 0.833333 464.583 0.345098 0.5 0 0
12650 0.0795421 0.833333 464.583 0.345098 0.5 0 0
12660 0.0795421 0.833333 465.417 0.345098 0.5 0 0
12670 0.0795421 0.833333 465.417 0.34902 0.5 0 0
12680 0.0795421 0.916667 466.333 0.345098 0.5 0 0
12690 0.0795421 0.916667 466.333 0.345098 0.5 0 0
12700 0.0795421 0.75 467.083 0.34902 0.5 0 0
12710 0.0795421 0.75 467.083 0.345098 0.5 0 0
12720 0.0795421 0.916667 468 0.345098 0.5 0 0
12730 0.0795421 0.916667 468 0.345098 0.5 0 0
12740 0.0795484 1 469 0.345098 0.5 0 0
12750 0.0795484 1 469 0.345098 0.5 0 0
12760 0.0795484 1 470 0.345098 0.5 0 0
12770 0.0795484 1 470 0.345098 0.5 0 0
12780 0.0795484 0.916667 470.917 0.345098 0.5 0 0
12790 0.0795484 0.916667 470.917 0.345098 0.5 0 0
12800 0.0795484 1 471.917 0.345098 0.5 0 0
12810 0.0795484 1 471.917 0.345098 0.5 0 0
12820 0.0795484 1 472.917 0.345098 0.5 0 0
12830 0.0795484 1 472.917 0.345098 0.5 0 0
12840 0.0795484 0.75 473.667 0.34902 0.5 0 0
12850 0.0795484 0.75 473.667 0.34902 0.5 0 0
12860 0.0795484 0.833333 474.5 0.345098 0.5 0 0
12870 0.0795484 0.833333 474.5 0.345098 0.5 0 0
12880 0.0795484 0.833333 475.333 0.345098 0.5 0 0
12890 0.0795484 0.833333 475.333 0.345098 0.5 0 0
12900 0.0794729 0.75 476.083 0.345098 0.5 0 0
12910 0.0794729 0.75 476.083 0.34902 0.5 0 0
12920 0.0794055 0.666667 476.75 0.345098 0.5 0 0
12930 0.0794055 0.666667 476.75 0.345098 0.5 0 0
12940 0.0793898 0.666667 477.417 0.345098 0.5 0 0
12950 0.0793898 0.666667 477.417 0.345098 0.5 0 0
12960 0.0793898 0.583333 478 0.345098 0.5 0 0
12970 0.0793898 0.583333 478 0.345098 0.5 0 0
12980 0.0793862 0.583333 478.583 0.345098 0.5 0 0
12990 0.0793862 0.583333 478.583 0.345098 0.5 0 0
13000 0.0793862 0.666667 479.25 0.345098 0.5 0 0
13010 0.0793862 0.666667 479.25 0.345098 0.5 0 0
13020 0.0793862 0.75 480 0.345098 0.5 0 0
13030 0.0793862 0.75 480 0.345098 0.5 0 0
13040 0.0793862 0.75 480.75 0.345098 0.5 0 0
13050 0.0793862 0.75 480.75 0.345098 0.5 0 0
13060 0.0793862 0.75 481.5 0.345098 0.5 0 0
13070 0.0793862 0.75 481.5 0.345098 0.5 0 0
13080 0.079377 0.666667 482.167 0.345098 0.5 0 0
13090 0.079377 0.666667 482.167 0.345098 0.5 0 0
13100 0.0793626 0.833333 483 0.345098 0.5 0 0
13110 0.0793626 0.833333 483 0.345098 0.5 0 0
13120 0.0793626 0.833333 483.833 0.345098 0.5 0 0
13130 0.0793626 0.833333 483.833 0.345098 0.5 0 0
13140 0.0793626 0.75 484.583 0.34902 0.5 0 0
13150 0.0793626 0.75 484.583 0.345098 0.5 0 0
13160 0.0793626 0.75 485.333 0.345098 0.5 0 0
13170 0.0793626 0.75 485.333 0.345098 0.5 0 0
13180 0.0793626 0.666667 486 0.345098 0.5 0 0
13190 0.0793626 0.666667 486 0.345098 0.5 0 0
13200 0.079359 0.833333 486.833 0.345098 0.5 0 0
13210 0.079359 0.833333 486.833 0.345098 0.5 0 0
13220 0.079359 0.833333 487.667 0.345098 0.5 0 0
13230 0.079359 0.833333 487.667 0.345098 0.5 0 0
13240 0.0793447 0.916667 488.583 0.345098 0.5 0 0
13250 0.0793447 0.916667 488.583 0.34902 0.5 0 0
13260 0.0793447 0.916667 489.5 0.345098 0.5 0 0
13270 0.0793447 0.916667 489.5 0.345098 0.5 0 0
13280 0.0793447 0.916667 490.417 0.345098 0.5 0 0
13290 0.0793447 0.916667 490.417 0.345098 0.5 0 0
13300 0.0793447 0.75 491.167 0.345098 0.5 0 0
13310 0.0793447 0.75 491.167 0.345098 0.5 0 0
13320 0.0793447 0.833333 492 0.345098 0.5 0 0
13330 0.0793447 0.833333 492 0.345098 0.5 0 0
13340 0.0792642 0.833333 492.833 0.345098 0.5 0 0
13350 0.0792642 0.833333 492.833 0.345098 0.5 0 0
13360 0.0792329 0.833333 493.667 0.34902 0.5 0 0
13370 0.0792329 0.833333 493.667 0.345098 0.5 0 0
13380 0.0792329 0.833333 494.5 0.345098 0.5 0 0
13390 0.0792329 0.833333 494.5 0.345098 0.5 0 0
13400 0.0792329 0.416667 494.917 0.345098 0.5 0 0
13410 0.0792329 0.416667 494.917 0.345098 0.5 0 0
13420 0.0792329 0.666667 495.583 0.345098 0.5 0 0
13430 0.0792329 0.666667 495.583 0.34902 0.5 0 0
13440 0.0792329 0.666667 496.25 0.345098 0.5 0 0
13450 0.0792329 0.666667 496.25 0.345098 0.5 0 0
13460 0.0792329 0.666667 496.917 0.345098 0.5 0 0
13470 0.0792329 0.666667 496.917 0.345098 0.5 0 0
13480 0.0792329 0.666667 497.583 0.34902 0.5 0 0
13490 0.0792329 0.666667 497.583 0.345098 0.5 0 0
13500 0.0792032 0.666667 498.25 0.345098 0.5 0 0
13510 0.0792032 0.666667 498.25 0.345098 0.5 0 0
13520 0.0792032 0.666667 498.917 0.345098 0.5 0 0
13530 0.0792032 0.666667 498.917 0.345098 0.5 0 0
13540 0.0792032 0.666667 499.583 0.345098 0.5 0 0
13550 0.0792032 0.666667 499.583 0.345098 0.5 0 0
13560 0.0792032 0.666667 500.25 0.345098 0.5 0 0
13570 0.0792032 0.666667 500.25 0.345098 0.5 0 0
13580 0.0792032 0.666667 500.917 0.345098 0.5 0 0
13590 0.0792032 0.666667 500.917 0.345098 0.5 0 0
13600 0.0791306 0.75 501.667 0.34902 0.5 0 0
13610 0.0791306 0.75 501.667 0.345098 0.5 0 0
13620 0.0791259 0.666667 502.333 0.345098 0.5 0 0
13630 0.0791259 0.666667 502.333 0.345098 0.5 0 0
13640 0.0791496 0.583333 502.917 0.345098 0.5 0 0
13650 0.0791496 0.583333 502.917 0.34902 0.5 0 0
13660 0.0791625 0.583333 503.5 0.345098 0.5 0 0
13670 0.0791625 0.583333 503.5 0.345098 0.5 0 0
13680 0.0791635 0.583333 504.083 0.345098 0.5 0 0
13690 0.0791635 0.583333 504.083 0.34902 0.5 0 0
13700 0.0791635 0.666667 504.75 0.345098 0.5 0 0
13710 0.0791635 0.666667 504.75 0.345098 0.5 0 0
13720 0.0791635 0.666667 505.417 0.345098 0.5 0 0
13730 0.0791635 0.666667 505.417 0.345098 0.5 0 0
13740 0.0791635 0.583333 506 0.345098 0.5 0 0
13750 0.0791635 0.583333 506 0.345098 0.5 0 0
13760 0.079509 0.666667 506.667 0.345098 0.5 0 0
13770 0.079509 0.666667 506.667 0.345098 0.5 0 0
13780 0.079865 0.666667 507.333 0.345098 0.5 0 0
13790 0.079865 0.666667 507.333 0.345098 0.5 0 0
13800 0.0803266 0.666667 508 0.345098 0.5 0 0
13810 0.0803266 0.666667 508 0.345098 0.5 0 0
13820 0.080544 0.666667 508.667 0.345098 0.5 0 0
13830 0.080544 0.666667 508.667 0.345098 0.5 0 0
13840 0.0806104 0.666667 509.333 0.34902 0.5 0 0
13850 0.0806104 0.666667 509.333 0.345098 0.5 0 0
13860 0.0805592 0.666667 510 0.345098 0.5 0 0
13870 0.0805592 0.666667 510 0.345098 0.5 0 0
13880 0.0799572 0.5 510.5 0.345098 0.5 0 0
13890 0.0799572 0.5 510.5 0.341176 0.5 0 0
13900 0.0789521 0.5 511 0.341176 0.5 0 0
13910 0.0789521 0.5 511 0.341176 0.5 0 0
13920 0.0781598 0.666667 511.667 0.341176 0.5 0 0
13930 0.0781598 0.666667 511.667 0.341176 0.5 0 0
13940 0.0774649 0.666667 512.333 0.341176 0.5 0 0
13950 0.0774649 0.666667 512.333 0.341176 0.5 0 0
13960 0.0770149 0.666667 513 0.341176 0.5 0 0
13970 0.0770149 0.666667 513 0.341176 0.5 0 0
13980 0.0769884 0.666667 513.667 0.341176 0.5 0 0
13990 0.0769884 0.666667 513.667 0.341176 0.5 0 0
14000 0.0769884 0.75 514.417 0.341176 0.5 0 0
14010 0.0769884 0.75 514.417 0.341176 0.5 0 0
14020 0.0769884 0.75 515.167 0.341176 0.5 0 0
14030 0.0769884 0.75 515.167 0.341176 0.5 0 0
14040 0.0769884 0.75 515.917 0.341176 0.5 0 0
14050 0.0769884 0.75 515.917 0.341176 0.5 0 0
14060 0.0769895 0.75 516.667 0.341176 0.5 0 0
14070 0.0769895 0.75 516.667 0.341176 0.5 0 0
14080 0.076992 0.666667 517.333 0.341176 0.5 0 0
14090 0.076992 0.666667 517.333 0.341176 0.5 0 0
14100 0.0769958 0.666667 518 0.341176 0.5 0 0
14110 0.0769958 0.666667 518 0.341176 0.5 0 0
14120 0.0769958 0.5 518.5 0.341176 0.5 0 0
14130 0.0769958 0.5 518.5 0.341176 0.5 0 0
14140 0.0769958 0.666667 519.167 0.341176 0.5 0 0
14150 0.0769958 0.666667 519.167 0.341176 0.5 0 0
14160 0.0769958 0.666667 519.833 0.341176 0.5 0 0
14170 0.0769958 0.666667 519.833 0.341176 0.5 0 0
14180 0.0769969 0.666667 520.5 0.341176 0.5 0 0
14190 0.0769969 0.666667 520.5 0.341176 0.5 0 0
14200 0.0770001 0.666667 521.167 0.341176 0.5 0 0
14210 0.0770001 0.666667 521.167 0.341176 0.5 0 0
14220 0.0769951 0.583333 521.75 0.341176 0.5 0 0
14230 0.0769951 0.583333 521.75 0.341176 0.5 0 0
14240 0.0761098 0.666667 522.417 0.341176 0.5 0 0
14250 0.0761098 0.666667 522.417 0.341176 0.5 0 0
14260 0.0758019 0.666667 523.083 0.341176 0.5 0 0
14270 0.0758019 0.666667 523.083 0.345098 0.5 0 0
14280 0.0757844 0.666667 523.75 0.341176 0.5 0 0
14290 0.0757844 0.666667 523.75 0.341176 0.5 0 0
14300 0.0757823 0.666667 524.417 0.345098 0.5 0 0
14310 0.0757823 0.666667 524.417 0.341176 0.5 0 0
14320 0.0756713 0.666667 525.083 0.345098 0.5 0 0
14330 0.0756713 0.666667 525.083 0.341176 0.5 0 0
14340 0.0756713 0.5 525.583 0.341176 0.5 0 0
14350 0.0756713 0.5 525.583 0.341176 0.5 0 0
14360 0.0756713 0.416667 526 0.341176 0.5 0 0
14370 0.0756713 0.416667 526 0.345098 0.5 0 0
14380 0.075511 0.5 526.5 0.345098 0.5 0 0
14390 0.075511 0.5 526.5 0.345098 0.5 0 0
14400 0.0753791 0.5 527 0.341176 0.5 0 0
14410 0.0753791 0.5 527 0.345098 0.5 0 0
14420 0.0755141 0.583333 527.583 0.341176 0.5 0 0
14430 0.0755141 0.583333 527.583 0.345098 0.5 0 0
14440 0.076033 0.583333 528.167 0.341176 0.5 0 0
14450 0.076033 0.583333 528.167 0.345098 0.5 0 0
14460 0.0760193 0.583333 528.75 0.345098 0.5 0 0
14470 0.0760193 0.583333 528.75 0.345098 0.5 0 0
14480 0.076332 0.583333 529.333 0.345098 0.5 0 0
14490 0.076332 0.583333 529.333 0.345098 0.5 0 0
14500 0.077225 0.5 529.833 0.341176 0.5 0 0
14510 0.077225 0.5 529.833 0.345098 0.5 0 0
14520 0.078079 0.666667 530.5 0.345098 0.5 0 0
14530 0.078079 0.666667 530.5 0.345098 0.5 0 0
14540 0.0785176 0.666667 531.167 0.345098 0.5 0 0
14550 0.0785176 0.666667 531.167 0.345098 0.5 0 0
14560 0.0785935 0.666667 531.833 0.345098 0.5 0 0
14570 0.0785935 0.666667 531.833 0.345098 0.5 0 0
14580 0.0782846 0.666667 532.5 0.345098 0.5 0 0
14590 0.0782846 0.666667 532.5 0.341176 0.5 0 0
14600 0.0778887 0.416667 532.917 0.341176 0.5 0 0
14610 0.0778887 0.416667 532.917 0.341176 0.5 0 0
14620 0.0774138 0.583333 533.5 0.345098 0.5 0 0
14630 0.0774138 0.583333 533.5 0.345098 0.5 0 0
14640 0.0773326 0.583333 534.083 0.34902 0.5 0 0
14650 0.0773326 0.583333 534.083 0.34902 0.5 0 0
14660 0.076845 0.583333 534.667 0.345098 0.5 0 0
14670 0.076845 0.583333 534.667 0.345098 0.5 0 0
14680 0.0762108 0.666667 535.333 0.337255 0.5 0 0
14690 0.0762108 0.666667 535.333 0.337255 0.5 0 0
14700 0.0757532 0.75 536.083 0.341176 0.5 0 0
14710 0.0757532 0.75 536.083 0.341176 0.5 0 0
14720 0.0757897 0.75 536.833 0.341176 0.5 0 0
14730 0.0757897 0.75 536.833 0.341176 0.5 0 0
14740 0.0757314 0.75 537.583 0.341176 0.5 0 0
14750 0.0757314 0.75 537.583 0.341176 0.5 0 0
14760 0.0756767 0.833333 538.417 0.341176 0.5 0 0
14770 0.0756767 0.833333 538.417 0.341176 0.5 0 0
14780 0.0756013 0.833333 539.25 0.341176 0.5 0 0
14790 0.0756013 0.833333 539.25 0.345098 0.5 0 0
14800 0.0755374 0.833333 540.083 0.341176 0.5 0 0
14810 0.0755374 0.833333 540.083 0.345098 0.5 0 0
14820 0.0754654 0.833333 540.917 0.341176 0.5 0 0
14830 0.0754654 0.833333 540.917 0.341176 0.5 0 0
14840 0.0753905 0.833333 541.75 0.345098 0.5 0 0
14850 0.0753905 0.833333 541.75 0.341176 0.5 0 0
14860 0.075351 0.833333 542.583 0.345098 0.5 0 0
14870 0.075351 0.833333 542.583 0.345098 0.5 0 0
14880 0.0753451 0.75 543.333 0.345098 0.5 0 0
14890 0.0753451 0.75 543.333 0.345098 0.5 0 0
14900 0.075336 0.75 544.083 0.345098 0.5 0 0
14910 0.075336 0.75 544.083 0.341176 0.5 0 0
14920 0.075336 0.666667 544.75 0.341176 0.5 0 0
14930 0.075336 0.666667 544.75 0.341176 0.5 0 0
14940 0.0753121 0.833333 545.583 0.341176 0.5 0 0
14950 0.0753121 0.833333 545.583 0.341176 0.5 0 0
14960 0.0752708 0.833333 546.417 0.341176 0.5 0 0
14970 0.0752708 0.833333 546.417 0.345098 0.5 0 0
14980 0.0751703 0.75 547.167 0.345098 0.5 0 0
14990 0.0751703 0.75 547.167 0.341176 0.5 0 0
15000 0.0751038 0.75 547.917 0.341176 0.5 0 0
15010 0.0751038 0.75 547.917 0.345098 0.5 0 0
15020 0.0750794 0.833333 548.75 0.341176 0.5 0 0
15030 0.0750794 0.833333 548.75 0.345098 0.5 0 0
15040 0.0750511 0.833333 549.583 0.345098 0.5 0 0
15050 0.0750511 0.833333 549.583 0.341176 0.5 0 0
15060 0.075012 0.833333 550.417 0.345098 0.5 0 0
15070 0.075012 0.833333 550.417 0.341176 0.5 0 0
15080 0.0749689 0.666667 551.083 0.345098 0.5 0 0
15090 0.0749689 0.666667 551.083 0.341176 0.5 0 0
15100 0.0749433 0.666667 551.75 0.341176 0.5 0 0
15110 0.0749433 0.666667 551.75 0.345098 0.5 0 0
15120 0.0749151 0.833333 552.583 0.341176 0.5 0 0
15130 0.0749151 0.833333 552.583 0.341176 0.5 0 0
15140 0.0748965 0.833333 553.417 0.345098 0.5 0 0
15150 0.0748965 0.833333 553.417 0.345098 0.5 0 0
15160 0.0747878 0.666667 554.083 0.345098 0.5 0 0
15170 0.0747878 0.666667 554.083 0.341176 0.5 0 0
15180 0.0746427 0.666667 554.75 0.345098 0.5 0 0
15190 0.0746427 0.666667 554.75 0.345098 0.5 0 0
15200 0.0745883 0.666667 555.417 0.345098 0.5 0 0
15210 0.0745883 0.666667 555.417 0.345098 0.5 0 0
15220 0.0740176 0.666667 556.083 0.345098 0.5 0 0
15230 0.0740176 0.666667 556.083 0.345098 0.5 0 0
15240 0.0732164 0.833333 556.917 0.345098 0.5 0 0
15250 0.0732164 0.833333 556.917 0.345098 0.5 0 0
15260 0.0728762 0.833333 557.75 0.34902 0.5 0 0
15270 0.0728762 0.833333 557.75 0.345098 0.5 0 0
15280 0.0728895 0.833333 558.583 0.34902 0.5 0 0
15290 0.0728895 0.833333 558.583 0.345098 0.5 0 0
15300 0.0729921 0.833333 559.417 0.34902 0.5 0 0
15310 0.0729921 0.833333 559.417 0.34902 0.5 0 0
15320 0.0734324 0.833333 560.25 0.34902 0.5 0 0
15330 0.0734324 0.833333 560.25 0.34902 0.5 0 0
15340 0.0738052 0.666667 560.917 0.34902 0.5 0 0
15350 0.0738052 0.666667 560.917 0.34902 0.5 0 0
15360 0.0740491 0.583333 561.5 0.34902 0.5 0 0
15370 0.0740491 0.583333 561.5 0.34902 0.5 0 0
15380 0.0747654 0.75 562.25 0.34902 0.5 0 0
15390 0.0747654 0.75 562.25 0.345098 0.5 0 0
15400 0.0755764 0.75 563 0.345098 0.5 0 0
15410 0.0755764 0.75 563 0.341176 0.5 0 0
15420 0.0762016 0.833333 563.833 0.345098 0.5 0 0
15430 0.0762016 0.833333 563.833 0.345098 0.5 0 0
15440 0.0761159 0.833333 564.667 0.345098 0.5 0 0
15450 0.0761159 0.833333 564.667 0.345098 0.5 0 0
15460 0.0760625 0.833333 565.5 0.345098 0.5 0 0
15470 0.0760625 0.833333 565.5 0.341176 0.5 0 0
15480 0.0762846 0.833333 566.333 0.341176 0.5 0 0
15490 0.0762846 0.833333 566.333 0.341176 0.5 0 0
15500 0.0762815 0.833333 567.167 0.341176 0.5 0 0
15510 0.0762815 0.833333 567.167 0.341176 0.5 0 0
15520 0.0755181 0.916667 568.083 0.341176 0.5 0 0
15530 0.0755181 0.916667 568.083 0.341176 0.5 0 0
15540 0.0755909 0.916667 569 0.341176 0.5 0 0
15550 0.0755909 0.916667 569 0.341176 0.5 0 0
15560 0.0758611 0.916667 569.917 0.341176 0.5 0 0
15570 0.0758611 0.916667 569.917 0.345098 0.5 0 0
15580 0.0761096 0.916667 570.833 0.345098 0.5 0 0
15590 0.0761096 0.916667 570.833 0.345098 0.5 0 0
15600 0.076061 0.916667 571.75 0.345098 0.5 0 0
15610 0.076061 0.916667 571.75 0.345098 0.5 0 0
15620 0.0760088 0.916667 572.667 0.341176 0.5 0 0
15630 0.0760088 0.916667 572.667 0.341176 0.5 0 0
15640 0.0755583 0.916667 573.583 0.341176 0.5 0 0
15650 0.0755583 0.916667 573.583 0.341176 0.5 0 0
15660 0.0752912 1 574.583 0.337255 0.5 0 0
15670 0.0752912 1 574.583 0.337255 0.5 0 0
15680 0.075256 1 575.583 0.341176 0.5 0 0
15690 0.075256 1 575.583 0.341176 0.5 0 0
15700 0.0752252 1 576.583 0.337255 0.5 0 0
15710 0.0752252 1 576.583 0.341176 0.5 0 0
15720 0.0751439 1 577.583 0.341176 0.5 0 0
15730 0.0751439 1 577.583 0.337255 0.5 0 0
15740 0.0750832 1 578.583 0.337255 0.5 0 0
15750 0.0750832 1 578.583 0.337255 0.5 0 0
15760 0.0749751 1 579.583 0.337255 0.5 0 0
15770 0.0749751 1 579.583 0.337255 0.5 0 0
15780 0.0748532 1 580.583 0.337255 0.5 0 0
15790 0.0748532 1 580.583 0.337255 0.5 0 0
15800 0.0747419 1 581.583 0.341176 0.5 0 0
15810 0.0747419 1 581.583 0.337255 0.5 0 0
15820 0.0746234 1 582.583 0.337255 0.5 0 0
15830 0.0746234 1 582.583 0.337255 0.5 0 0
15840 0.0745389 1 583.583 0.337255 0.5 0 0
15850 0.0745389 1 583.583 0.337255 0.5 0 0
15860 0.0744674 1 584.583 0.337255 0.5 0 0
15870 0.0744674 1 584.583 0.337255 0.5 0 0
15880 0.0744403 0.916667 585.5 0.337255 0.5 0 0
15890 0.0744403 0.916667 585.5 0.337255 0.5 0 0
15900 0.0743147 0.916667 586.417 0.337255 0.5 0 0
15910 0.0743147 0.916667 586.417 0.337255 0.5 0 0
15920 0.0742642 0.916667 587.333 0.337255 0.5 0 0
15930 0.0742642 0.916667 587.333 0.337255 0.5 0 0
15940 0.074255 0.916667 588.25 0.337255 0.5 0 0
15950 0.074255 0.916667 588.25 0.337255 0.5 0 0
15960 0.0741533 0.916667 589.167 0.337255 0.5 0 0
15970 0.0741533 0.916667 589.167 0.337255 0.5 0 0
15980 0.0741023 0.916667 590.083 0.337255 0.5 0 0
15990 0.0741023 0.916667 590.083 0.337255 0.5 0 0
16000 0.0740473 0.916667 591 0.337255 0.5 0 0
16010 0.0740473 0.916667 591 0.337255 0.5 0 0
16020 0.0739233 0.916667 591.917 0.337255 0.5 0 0
16030 0.0739233 0.916667 591.917 0.337255 0.5 0 0
16040 0.0738135 0.916667 592.833 0.337255 0.5 0 0
16050 0.0738135 0.916667 592.833 0.337255 0.5 0 0
16060 0.0737031 0.916667 593.75 0.337255 0.5 0 0
16070 0.0737031 0.916667 593.75 0.337255 0.5 0 0
16080 0.0736003 0.916667 594.667 0.341176 0.5 0 0
16090 0.0736003 0.916667 594.667 0.337255 0.5 0 0
16100 0.0735195 0.916667 595.583 0.337255 0.5 0 0
16110 0.0735195 0.916667 595.583 0.341176 0.5 0 0
16120 0.07348 0.916667 596.5 0.341176 0.5 0 0
16130 0.07348 0.916667 596.5 0.337255 0.5 0 0
16140 0.0734145 0.833333 597.333 0.341176 0.5 0 0
16150 0.0734145 0.833333 597.333 0.341176 0.5 0 0
16160 0.0730002 0.916667 598.25 0.341176 0.5 0 0
16170 0.0730002 0.916667 598.25 0.341176 0.5 0 0
16180 0.0729878 0.916667 599.167 0.341176 0.5 0 0
16190 0.0729878 0.916667 599.167 0.341176 0.5 0 0
16200 0.0729765 0.916667 600.083 0.341176 0.5 0 0
16210 0.0729765 0.916667 600.083 0.341176 0.5 0 0
16220 0.0729584 0.916667 601 0.341176 0.5 0 0
16230 0.0729584 0.916667 601 0.341176 0.5 0 0
16240 0.0729335 0.833333 601.833 0.341176 0.5 0 0
16250 0.0729335 0.833333 601.833 0.341176 0.5 0 0
16260 0.0729177 0.833333 602.667 0.341176 0.5 0 0
16270 0.0729177 0.833333 602.667 0.341176 0.5 0 0
16280 0.0729072 0.75 603.417 0.341176 0.5 0 0
16290 0.0729072 0.75 603.417 0.341176 0.5 0 0
16300 0.0729 0.75 604.167 0.341176 0.5 0 0
16310 0.0729 0.75 604.167 0.341176 0.5 0 0
16320 0.07289 0.75 604.917 0.341176 0.5 0 0
16330 0.07289 0.75 604.917 0.341176 0.5 0 0
16340 0.0728711 0.666667 605.583 0.341176 0.5 0 0
16350 0.0728711 0.666667 605.583 0.341176 0.5 0 0
16360 0.0727679 0.833333 606.417 0.341176 0.5 0 0
16370 0.0727679 0.833333 606.417 0.341176 0.5 0 0
16380 0.0727427 0.833333 607.25 0.341176 0.5 0 0
16390 0.0727427 0.833333 607.25 0.341176 0.5 0 0
16400 0.0727305 0.833333 608.083 0.341176 0.5 0 0
16410 0.0727305 0.833333 608.083 0.341176 0.5 0 0
16420 0.0727216 0.833333 608.917 0.341176 0.5 0 0
16430 0.0727216 0.833333 608.917 0.341176 0.5 0 0
16440 0.0727122 0.916667 609.833 0.341176 0.5 0 0
16450 0.0727122 0.916667 609.833 0.341176 0.5 0 0
16460 0.0727124 0.916667 610.75 0.341176 0.5 0 0
16470 0.0727124 0.916667 610.75 0.341176 0.5 0 0
16480 0.0726492 0.833333 611.583 0.341176 0.5 0 0
16490 0.0726492 0.833333 611.583 0.341176 0.5 0 0
16500 0.0726204 0.916667 612.5 0.341176 0.5 0 0
16510 0.0726204 0.916667 612.5 0.341176 0.5 0 0
16520 0.0726132 0.916667 613.417 0.341176 0.5 0 0
16530 0.0726132 0.916667 613.417 0.341176 0.5 0 0
16540 0.0726112 0.833333 614.25 0.341176 0.5 0 0
16550 0.0726112 0.833333 614.25 0.341176 0.5 0 0
16560 0.0725214 0.833333 615.083 0.341176 0.5 0 0
16570 0.0725214 0.833333 615.083 0.341176 0.5 0 0
16580 0.0724375 0.833333 615.917 0.341176 0.5 0 0
16590 0.0724375 0.833333 615.917 0.341176 0.5 0 0
16600 0.0724354 0.833333 616.75 0.341176 0.5 0 0
16610 0.0724354 0.833333 616.75 0.341176 0.5 0 0
16620 0.0723644 0.75 617.5 0.341176 0.5 0 0
16630 0.0723644 0.75 617.5 0.341176 0.5 0 0
16640 0.0723532 0.583333 618.083 0.341176 0.5 0 0
16650 0.0723532 0.583333 618.083 0.341176 0.5 0 0
16660 0.0723475 0.5 618.583 0.341176 0.5 0 0
16670 0.0723475 0.5 618.583 0.341176 0.5 0 0
16680 0.0723441 0.583333 619.167 0.341176 0.5 0 0
16690 0.0723441 0.583333 619.167 0.341176 0.5 0 0
16700 0.072339 0.75 619.917 0.341176 0.5 0 0
16710 0.072339 0.75 619.917 0.341176 0.5 0 0
16720 0.0723372 0.75 620.667 0.341176 0.5 0 0
16730 0.0723372 0.75 620.667 0.341176 0.5 0 0
16740 0.0723337 0.75 621.417 0.341176 0.5 0 0
16750 0.0723337 0.75 621.417 0.341176 0.5 0 0
16760 0.0723318 0.75 622.167 0.341176 0.5 0 0
16770 0.0723318 0.75 622.167 0.341176 0.5 0 0
16780 0.0723318 0.75 622.917 0.341176 0.5 0 0
16790 0.0723318 0.75 622.917 0.341176 0.5 0 0
16800 0.072329 0.75 623.667 0.341176 0.5 0 0
16810 0.072329 0.75 623.667 0.341176 0.5 0 0
16820 0.072329 0.75 624.417 0.341176 0.5 0 0
16830 0.072329 0.75 624.417 0.341176 0.5 0 0
16840 0.072329 0.75 625.167 0.341176 0.5 0 0
16850 0.072329 0.75 625.167 0.341176 0.5 0 0
16860 0.0723184 0.833333 626 0.341176 0.5 0 0
16870 0.0723184 0.833333 626 0.341176 0.5 0 0
16880 0.072298 0.833333 626.833 0.341176 0.5 0 0
16890 0.072298 0.833333 626.833 0.341176 0.5 0 0
16900 0.0722921 0.833333 627.667 0.341176 0.5 0 0
16910 0.0722921 0.833333 627.667 0.341176 0.5 0 0
16920 0.0722921 0.833333 628.5 0.341176 0.5 0 0
16930 0.0722921 0.833333 628.5 0.341176 0.5 0 0
16940 0.0722904 0.833333 629.333 0.341176 0.5 0 0
16950 0.0722904 0.833333 629.333 0.341176 0.5 0 0
16960 0.0722864 0.75 630.083 0.341176 0.5 0 0
16970 0.0722864 0.75 630.083 0.341176 0.5 0 0
16980 0.0691743 0.833333 630.917 0.360784 0.5 0 0
16990 0.0691743 0.833333 630.917 0.376471 0.5 0 0
17000 0.0685392 0.833333 631.75 0.380392 0.5 0 0
17010 0.0685392 0.833333 631.75 0.376471 0.5 0 0
17020 0.0684875 0.833333 632.583 0.372549 0.5 0 0
17030 0.0684875 0.833333 632.583 0.372549 0.5 0 0
17040 0.0684818 0.916667 633.5 0.384314 0.5 0 0
17050 0.0684818 0.916667 633.5 0.384314 0.5 0 0
17060 0.0684818 0.916667 634.417 0.376471 0.5 0 0
17070 0.0684818 0.916667 634.417 0.376471 0.5 0 0
17080 0.0684818 0.916667 635.333 0.372549 0.5 0 0
17090 0.0684818 0.916667 635.333 0.384314 0.5 0 0
17100 0.0684818 0.916667 636.25 0.372549 0.5 0 0
17110 0.0684818 0.916667 636.25 0.376471 0.5 0 0
17120 0.068478 0.75 637 0.380392 0.5 0 0
17130 0.068478 0.75 637 0.372549 0.5 0 0
17140 0.0684752 0.916667 637.917 0.380392 0.5 0 0
17150 0.0684752 0.916667 637.917 0.376471 0.5 0 0
17160 0.0684752 0.833333 638.75 0.372549 0.5 0 0
17170 0.0684752 0.833333 638.75 0.376471 0.5 0 0
17180 0.0684752 0.833333 639.583 0.384314 0.5 0 0
17190 0.0684752 0.833333 639.583 0.384314 0.5 0 0
17200 0.0684752 0.75 640.333 0.380392 0.5 0 0
17210 0.0684752 0.75 640.333 0.376471 0.5 0 0
17220 0.0684724 0.666667 641 0.380392 0.5 0 0
17230 0.0684724 0.666667 641 0.376471 0.5 0 0
17240 0.0684687 0.666667 641.667 0.376471 0.5 0 0
17250 0.0684687 0.666667 641.667 0.380392 0.5 0 0
17260 0.0684662 0.666667 642.333 0.372549 0.5 0 0
17270 0.0684662 0.666667 642.333 0.384314 0.5 0 0
17280 0.0684662 0.666667 643 0.384314 0.5 0 0
17290 0.0684662 0.666667 643 0.380392 0.5 0 0
17300 0.0684662 0.833333 643.833 0.384314 0.5 0 0
17310 0.0684662 0.833333 643.833 0.380392 0.5 0 0
17320 0.0684662 0.833333 644.667 0.380392 0.5 0 0
17330 0.0684662 0.833333 644.667 0.384314 0.5 0 0
17340 0.0684645 0.833333 645.5 0.380392 0.5 0 0
17350 0.0684645 0.833333 645.5 0.384314 0.5 0 0
17360 0.068451 0.833333 646.333 0.384314 0.5 0 0
17370 0.068451 0.833333 646.333 0.392157 0.5 0 0
17380 0.0684509 0.833333 647.167 0.380392 0.5 0 0
17390 0.0684509 0.833333 647.167 0.380392 0.5 0 0
17400 0.0684509 0.833333 648 0.380392 0.5 0 0
17410 0.0684509 0.833333 648 0.380392 0.5 0 0
17420 0.0684509 0.75 648.75 0.376471 0.5 0 0
17430 0.0684509 0.75 648.75 0.376471 0.5 0 0
17440 0.0684509 0.916667 649.667 0.380392 0.5 0 0
17450 0.0684509 0.916667 649.667 0.376471 0.5 0 0
17460 0.0684487 0.916667 650.583 0.376471 0.5 0 0
17470 0.0684487 0.916667 650.583 0.384314 0.5 0 0
17480 0.0684273 0.916667 651.5 0.376471 0.5 0 0
17490 0.0684273 0.916667 651.5 0.380392 0.5 0 0
17500 0.068387 0.916667 652.417 0.380392 0.5 0 0
17510 0.068387 0.916667 652.417 0.376471 0.5 0 0
17520 0.0684675 0.833333 653.25 0.384314 0.5 0 0
17530 0.0684675 0.833333 653.25 0.384314 0.5 0 0
17540 0.0688842 0.916667 654.167 0.376471 0.5 0 0
17550 0.0688842 0.916667 654.167 0.388235 0.5 0 0
17560 0.0689841 0.916667 655.083 0.388235 0.5 0 0
17570 0.0689841 0.916667 655.083 0.364706 0.5 0 0
17580 0.0698999 0.916667 656 0.360784 0.5 0 0
17590 0.0698999 0.916667 656 0.360784 0.5 0 0
17600 0.0710211 0.916667 656.917 0.360784 0.5 0 0
17610 0.0710211 0.916667 656.917 0.356863 0.5 0 0
17620 0.0717811 0.916667 657.833 0.360784 0.5 0 0
17630 0.0717811 0.916667 657.833 0.360784 0.5 0 0
17640 0.071992 0.833333 658.667 0.360784 0.5 0 0
17650 0.071992 0.833333 658.667 0.360784 0.5 0 0
17660 0.0722486 0.833333 659.5 0.360784 0.5 0 0
17670 0.0722486 0.833333 659.5 0.356863 0.5 0 0
17680 0.0727324 0.833333 660.333 0.356863 0.5 0 0
17690 0.0727324 0.833333 660.333 0.352941 0.5 0 0
17700 0.0730998 0.833333 661.167 0.356863 0.5 0 0
17710 0.0730998 0.833333 661.167 0.356863 0.5 0 0
17720 0.0732701 0.833333 662 0.352941 0.5 0 0
17730 0.0732701 0.833333 662 0.356863 0.5 0 0
17740 0.0728418 0.833333 662.833 0.352941 0.5 0 0
17750 0.0728418 0.833333 662.833 0.352941 0.5 0 0
17760 0.0721903 0.833333 663.667 0.352941 0.5 0 0
17770 0.0721903 0.833333 663.667 0.352941 0.5 0 0
17780 0.0716822 0.916667 664.583 0.352941 0.5 0 0
17790 0.0716822 0.916667 664.583 0.356863 0.5 0 0
17800 0.0711421 1 665.583 0.356863 0.5 0 0
17810 0.0711421 1 665.583 0.356863 0.5 0 0
17820 0.0707566 1 666.583 0.356863 0.5 0 0
17830 0.0707566 1 666.583 0.360784 0.5 0 0
17840 0.0704411 1 667.583 0.360784 0.5 0 0
17850 0.0704411 1 667.583 0.360784 0.5 0 0
17860 0.0703466 1 668.583 0.360784 0.5 0 0
17870 0.0703466 1 668.583 0.360784 0.5 0 0
17880 0.0701125 0.75 669.333 0.360784 0.5 0 0
17890 0.0701125 0.75 669.333 0.360784 0.5 0 0
17900 0.0690909 0.833333 670.167 0.360784 0.5 0 0
17910 0.0690909 0.833333 670.167 0.360784 0.5 0 0
17920 0.0687013 0.916667 671.083 0.364706 0.5 0 0
17930 0.0687013 0.916667 671.083 0.364706 0.5 0 0
17940 0.0686929 0.833333 671.917 0.360784 0.5 0 0
17950 0.0686929 0.833333 671.917 0.360784 0.5 0 0
17960 0.0686929 0.916667 672.833 0.360784 0.5 0 0
17970 0.0686929 0.916667 672.833 0.364706 0.5 0 0
17980 0.0686929 0.916667 673.75 0.364706 0.5 0 0
17990 0.0686929 0.916667 673.75 0.360784 0.5 0 0
18000 0.0686929 0.833333 674.583 0.360784 0.5 0 0
18010 0.0686929 0.833333 674.583 0.360784 0.5 0 0
18020 0.0685935 0.75 675.333 0.360784 0.5 0 0
18030 0.0685935 0.75 675.333 0.364706 0.5 0 0
18040 0.0685753 0.666667 676 0.360784 0.5 0 0
18050 0.0685753 0.666667 676 0.360784 0.5 0 0
18060 0.0683874 0.833333 676.833 0.364706 0.5 0 0
18070 0.0683874 0.833333 676.833 0.360784 0.5 0 0
18080 0.0683785 0.833333 677.667 0.364706 0.5 0 0
18090 0.0683785 0.833333 677.667 0.364706 0.5 0 0
18100 0.0683785 0.833333 678.5 0.364706 0.5 0 0
18110 0.0683785 0.833333 678.5 0.360784 0.5 0 0
18120 0.0683785 1 679.5 0.364706 0.5 0 0
18130 0.0683785 1 679.5 0.364706 0.5 0 0
18140 0.0683639 1 680.5 0.364706 0.5 0 0
18150 0.0683639 1 680.5 0.364706 0.5 0 0
18160 0.0683334 0.916667 681.417 0.364706 0.5 0 0
18170 0.0683334 0.916667 681.417 0.364706 0.5 0 0
18180 0.0683118 0.916667 682.333 0.364706 0.5 0 0
18190 0.0683118 0.916667 682.333 0.364706 0.5 0 0
18200 0.0683005 0.916667 683.25 0.364706 0.5 0 0
18210 0.0683005 0.916667 683.25 0.364706 0.5 0 0
18220 0.0683005 0.916667 684.167 0.364706 0.5 0 0
18230 0.0683005 0.916667 684.167 0.364706 0.5 0 0
18240 0.0683005 0.916667 685.083 0.364706 0.5 0 0
18250 0.0683005 0.916667 685.083 0.360784 0.5 0 0
18260 0.0682899 1 686.083 0.364706 0.5 0 0
18270 0.0682899 1 686.083 0.364706 0.5 0 0
18280 0.0682052 1 687.083 0.364706 0.5 0 0
18290 0.0682052 1 687.083 0.364706 0.5 0 0
18300 0.0681884 1 688.083 0.364706 0.5 0 0
18310 0.0681884 1 688.083 0.364706 0.5 0 0
18320 0.0681737 1 689.083 0.364706 0.5 0 0
18330 0.0681737 1 689.083 0.364706 0.5 0 0
18340 0.0681718 1 690.083 0.364706 0.5 0 0
18350 0.0681718 1 690.083 0.364706 0.5 0 0
18360 0.0681718 0.916667 691 0.364706 0.5 0 0
18370 0.0681718 0.916667 691 0.364706 0.5 0 0
18380 0.0681605 0.666667 691.667 0.364706 0.5 0 0
18390 0.0681605 0.666667 691.667 0.364706 0.5 0 0
18400 0.0680978 0.916667 692.583 0.364706 0.5 0 0
18410 0.0680978 0.916667 692.583 0.364706 0.5 0 0
18420 0.0680752 0.916667 693.5 0.364706 0.5 0 0
18430 0.0680752 0.916667 693.5 0.364706 0.5 0 0
18440 0.0680659 0.916667 694.417 0.364706 0.5 0 0
18450 0.0680659 0.916667 694.417 0.364706 0.5 0 0
18460 0.0680659 0.916667 695.333 0.364706 0.5 0 0
18470 0.0680659 0.916667 695.333 0.364706 0.5 0 0
18480 0.0680659 1 696.333 0.364706 0.5 0 0
18490 0.0680659 1 696.333 0.364706 0.5 0 0
18500 0.068056 0.916667 697.25 0.364706 0.5 0 0
18510 0.068056 0.916667 697.25 0.364706 0.5 0 0
18520 0.068037 0.916667 698.167 0.364706 0.5 0 0
18530 0.068037 0.916667 698.167 0.364706 0.5 0 0
18540 0.0680176 0.916667 699.083 0.364706 0.5 0 0
18550 0.0680176 0.916667 699.083 0.364706 0.5 0 0
18560 0.0680166 0.833333 699.917 0.364706 0.5 0 0
18570 0.0680166 0.833333 699.917 0.364706 0.5 0 0
18580 0.0680166 0.833333 700.75 0.364706 0.5 0 0
18590 0.0680166 0.833333 700.75 0.364706 0.5 0 0
18600 0.0680166 0.916667 701.667 0.364706 0.5 0 0
18610 0.0680166 0.916667 701.667 0.364706 0.5 0 0
18620 0.0680029 0.916667 702.583 0.364706 0.5 0 0
18630 0.0680029 0.916667 702.583 0.364706 0.5 0 0
18640 0.0679703 0.916667 703.5 0.364706 0.5 0 0
18650 0.0679703 0.916667 703.5 0.364706 0.5 0 0
18660 0.0679313 0.916667 704.417 0.364706 0.5 0 0
18670 0.0679313 0.916667 704.417 0.364706 0.5 0 0
18680 0.0679196 0.916667 705.333 0.364706 0.5 0 0
18690 0.0679196 0.916667 705.333 0.364706 0.5 0 0
18700 0.0679109 0.916667 706.25 0.364706 0.5 0 0
18710 0.0679109 0.916667 706.25 0.364706 0.5 0 0
18720 0.0679077 0.916667 707.167 0.364706 0.5 0 0
18730 0.0679077 0.916667 707.167 0.364706 0.5 0 0
18740 0.0679077 0.916667 708.083 0.364706 0.5 0 0
18750 0.0679077 0.916667 708.083 0.364706 0.5 0 0
18760 0.0679025 0.916667 709 0.364706 0.5 0 0
18770 0.0679025 0.916667 709 0.364706 0.5 0 0
18780 0.0678876 0.916667 709.917 0.364706 0.5 0 0
18790 0.0678876 0.916667 709.917 0.364706 0.5 0 0
18800 0.0678709 1 710.917 0.364706 0.5 0 0
18810 0.0678709 1 710.917 0.364706 0.5 0 0
18820 0.0678702 0.916667 711.833 0.364706 0.5 0 0
18830 0.0678702 0.916667 711.833 0.364706 0.5 0 0
18840 0.0678702 0.916667 712.75 0.364706 0.5 0 0
18850 0.0678702 0.916667 712.75 0.364706 0.5 0 0
18860 0.0678702 0.666667 713.417 0.364706 0.5 0 0
18870 0.0678702 0.666667 713.417 0.364706 0.5 0 0
18880 0.0678525 0.833333 714.25 0.364706 0.5 0 0
18890 0.0678525 0.833333 714.25 0.364706 0.5 0 0
18900 0.0678318 0.75 715 0.364706 0.5 0 0
18910 0.0678318 0.75 715 0.364706 0.5 0 0
18920 0.0678126 0.916667 715.917 0.364706 0.5 0 0
18930 0.0678126 0.916667 715.917 0.364706 0.5 0 0
18940 0.0678126 0.916667 716.833 0.364706 0.5 0 0
18950 0.0678126 0.916667 716.833 0.364706 0.5 0 0
18960 0.0678126 0.916667 717.75 0.364706 0.5 0 0
18970 0.0678126 0.916667 717.75 0.364706 0.5 0 0
18980 0.0678126 0.916667 718.667 0.364706 0.5 0 0
18990 0.0678126 0.916667 718.667 0.364706 0.5 0 0
19000 0.0677982 0.916667 719.583 0.364706 0.5 0 0
19010 0.0677982 0.916667 719.583 0.364706 0.5 0 0
19020 0.0677757 0.916667 720.5 0.364706 0.5 0 0
19030 0.0677757 0.916667 720.5 0.364706 0.5 0 0
19040 0.0677561 0.833333 721.333 0.364706 0.5 0 0
19050 0.0677561 0.833333 721.333 0.364706 0.5 0 0
19060 0.0677561 0.833333 722.167 0.368627 0.5 0 0
19070 0.0677561 0.833333 722.167 0.368627 0.5 0 0
19080 0.0677561 0.833333 723 0.364706 0.5 0 0
19090 0.0677561 0.833333 723 0.364706 0.5 0 0
19100 0.0676783 0.833333 723.833 0.364706 0.5 0 0
19110 0.0676783 0.833333 723.833 0.364706 0.5 0 0
19120 0.0676762 0.833333 724.667 0.364706 0.5 0 0
19130 0.0676762 0.833333 724.667 0.368627 0.5 0 0
19140 0.0676203 0.666667 725.333 0.368627 0.5 0 0
19150 0.0676203 0.666667 725.333 0.368627 0.5 0 0
19160 0.0676201 0.666667 726 0.364706 0.5 0 0
19170 0.0676201 0.666667 726 0.364706 0.5 0 0
19180 0.0676201 0.666667 726.667 0.368627 0.5 0 0
19190 0.0676201 0.666667 726.667 0.368627 0.5 0 0
19200 0.0676201 0.75 727.417 0.368627 0.5 0 0
19210 0.0676201 0.75 727.417 0.368627 0.5 0 0
19220 0.0676201 0.75 728.167 0.364706 0.5 0 0
19230 0.0676201 0.75 728.167 0.368627 0.5 0 0
19240 0.0676183 0.916667 729.083 0.368627 0.5 0 0
19250 0.0676183 0.916667 729.083 0.364706 0.5 0 0
19260 0.0676083 0.916667 730 0.368627 0.5 0 0
19270 0.0676083 0.916667 730 0.364706 0.5 0 0
19280 0.0676004 0.916667 730.917 0.368627 0.5 0 0
19290 0.0676004 0.916667 730.917 0.368627 0.5 0 0
19300 0.0676004 0.916667 731.833 0.368627 0.5 0 0
19310 0.0676004 0.916667 731.833 0.368627 0.5 0 0
19320 0.0676004 0.916667 732.75 0.368627 0.5 0 0
19330 0.0676004 0.916667 732.75 0.368627 0.5 0 0
19340 0.0675999 0.916667 733.667 0.368627 0.5 0 0
19350 0.0675999 0.916667 733.667 0.364706 0.5 0 0
19360 0.0675859 0.916667 734.583 0.364706 0.5 0 0
19370 0.0675859 0.916667 734.583 0.368627 0.5 0 0
19380 0.0675765 0.916667 735.5 0.368627 0.5 0 0
19390 0.0675765 0.916667 735.5 0.368627 0.5 0 0
19400 0.0675546 0.916667 736.417 0.368627 0.5 0 0
19410 0.0675546 0.916667 736.417 0.368627 0.5 0 0
19420 0.0675539 0.916667 737.333 0.368627 0.5 0 0
19430 0.0675539 0.916667 737.333 0.368627 0.5 0 0
19440 0.0675539 0.916667 738.25 0.368627 0.5 0 0
19450 0.0675539 0.916667 738.25 0.368627 0.5 0 0
19460 0.0675539 0.916667 739.167 0.368627 0.5 0 0
19470 0.0675539 0.916667 739.167 0.368627 0.5 0 0
19480 0.0675433 0.833333 740 0.368627 0.5 0 0
19490 0.0675433 0.833333 740 0.368627 0.5 0 0
19500 0.0675313 0.833333 740.833 0.368627 0.5 0 0
19510 0.0675313 0.833333 740.833 0.368627 0.5 0 0
19520 0.0675156 0.833333 741.667 0.368627 0.5 0 0
19530 0.0675156 0.833333 741.667 0.368627 0.5 0 0
19540 0.0675156 0.833333 742.5 0.368627 0.5 0 0
19550 0.0675156 0.833333 742.5 0.368627 0.5 0 0
19560 0.0675156 0.916667 743.417 0.368627 0.5 0 0
19570 0.0675156 0.916667 743.417 0.368627 0.5 0 0
19580 0.067505 0.916667 744.333 0.368627 0.5 0 0
19590 0.067505 0.916667 744.333 0.368627 0.5 0 0
19600 0.0675032 0.916667 745.25 0.368627 0.5 0 0
19610 0.0675032 0.916667 745.25 0.368627 0.5 0 0
19620 0.0674888 0.916667 746.167 0.368627 0.5 0 0
19630 0.0674888 0.916667 746.167 0.368627 0.5 0 0
19640 0.0674835 0.833333 747 0.368627 0.5 0 0
19650 0.0674835 0.833333 747 0.368627 0.5 0 0
19660 0.0674835 0.916667 747.917 0.368627 0.5 0 0
19670 0.0674835 0.916667 747.917 0.368627 0.5 0 0
19680 0.0674609 0.916667 748.833 0.368627 0.5 0 0
19690 0.0674609 0.916667 748.833 0.368627 0.5 0 0
19700 0.0674475 0.916667 749.75 0.368627 0.5 0 0
19710 0.0674475 0.916667 749.75 0.368627 0.5 0 0
19720 0.0674474 0.833333 750.583 0.368627 0.5 0 0
19730 0.0674474 0.833333 750.583 0.368627 0.5 0 0
19740 0.067435 0.833333 751.417 0.368627 0.5 0 0
19750 0.067435 0.833333 751.417 0.368627 0.5 0 0
19760 0.0674347 0.833333 752.25 0.368627 0.5 0 0
19770 0.0674347 0.833333 752.25 0.368627 0.5 0 0
19780 0.0674347 0.666667 752.917 0.368627 0.5 0 0
19790 0.0674347 0.666667 752.917 0.368627 0.5 0 0
19800 0.0674304 0.666667 753.583 0.368627 0.5 0 0
19810 0.0674304 0.666667 753.583 0.368627 0.5 0 0
19820 0.06742 0.5 754.083 0.368627 0.5 0 0
19830 0.06742 0.5 754.083 0.368627 0.5 0 0
19840 0.0674021 0.75 754.833 0.368627 0.5 0 0
19850 0.0674021 0.75 754.833 0.368627 0.5 0 0
19860 0.0672805 0.583333 755.417 0.368627 0.5 0 0
19870 0.0672805 0.583333 755.417 0.368627 0.5 0 0
19880 0.0671646 0.833333 756.25 0.372549 0.5 0 0
19890 0.0671646 0.833333 756.25 0.372549 0.5 0 0
19900 0.0671553 0.833333 757.083 0.372549 0.5 0 0
19910 0.0671553 0.833333 757.083 0.372549 0.5 0 0
19920 0.0671553 0.833333 757.917 0.372549 0.5 0 0
19930 0.0671553 0.833333 757.917 0.372549 0.5 0 0
19940 0.0671553 0.833333 758.75 0.372549 0.5 0 0
19950 0.0671553 0.833333 758.75 0.372549 0.5 0 0
19960 0.0671553 0.833333 759.583 0.372549 0.5 0 0
19970 0.0671553 0.833333 759.583 0.372549 0.5 0 0
19980 0.0671553 0.833333 760.417 0.372549 0.5 0 0
19990 0.0671553 0.833333 760.417 0.372549 0.5 0 0
20000 0.0669964 0.666667 761.083 0.372549 0.5 0 0
20010 0.0669964 0.666667 761.083 0.372549 0.5 0 0
