0 0.104816 0 0 0.5 0.5 0 0
10 0.104816 0 0 0.694118 0.5 0 0
20 0.104333 0.25 0.25 0.678431 0.5 0 0
30 0.104333 0.25 0.25 0.823529 0.5 0 0
40 0.10452 0.25 0.5 0.72549 0.5 0 0
50 0.10452 0.25 0.5 0.662745 0.5 0 0
60 0.10452 0.25 0.75 0.705882 0.5 0 0
70 0.10452 0.25 0.75 0.72549 0.5 0 0
80 0.10452 0.25 1 0.698039 0.5 0 0
90 0.10452 0.25 1 0.729412 0.5 0 0
100 0.10479 0.25 1.25 0.8 0.5 0 0
110 0.10479 0.25 1.25 0.694118 0.5 0 0
120 0.105165 0.25 1.5 0.670588 0.5 0 0
130 0.105165 0.25 1.5 0.647059 0.5 0 0
140 0.10659 0.25 1.75 0.670588 0.5 0 0
150 0.10659 0.25 1.75 0.752941 0.5 0 0
160 0.107197 0.0833333 1.83333 0.694118 0.5 0 0
170 0.107197 0.0833333 1.83333 0.705882 0.5 0 0
180 0.107012 0.0833333 1.91667 0.721569 0.5 0 0
190 0.107012 0.0833333 1.91667 0.752941 0.5 0 0
200 0.106274 0.0833333 2 0.658824 0.5 0 0
210 0.106274 0.0833333 2 0.694118 0.5 0 0
220 0.105449 0.0833333 2.08333 0.8 0.5 0 0
230 0.105449 0.0833333 2.08333 0.658824 0.5 0 0
240 0.105201 0.333333 2.41667 0.611765 0.5 0 0
250 0.105201 0.333333 2.41667 0.560784 0.5 0 0
260 0.104454 0.5 2.91667 0.52549 0.5 0 0
270 0.104454 0.5 2.91667 0.505882 0.5 0 0
280 0.102503 0.5 3.41667 0.47451 0.5 0 0
290 0.102503 0.5 3.41667 0.470588 0.5 0 0
300 0.100602 0.5 3.91667 0.47451 0.5 0 0
310 0.100602 0.5 3.91667 0.470588 0.5 0 0
320 0.100549 0.5 4.41667 0.47451 0.5 0 0
330 0.100549 0.5 4.41667 0.47451 0.5 0 0
340 0.100604 0.416667 4.83333 0.47451 0.5 0 0
350 0.100604 0.416667 4.83333 0.478431 0.5 0 0
360 0.100535 0.416667 5.25 0.478431 0.5 0 0
370 0.100535 0.416667 5.25 0.47451 0.5 0 0
380 0.100007 0.416667 5.66667 0.478431 0.5 0 0
390 0.100007 0.416667 5.66667 0.47451 0.5 0 0
400 0.099613 0.5 6.16667 0.47451 0.5 0 0
410 0.099613 0.5 6.16667 0.470588 0.5 0 0
420 0.0993482 0.416667 6.58333 0.478431 0.5 0 0
430 0.0993482 0.416667 6.58333 0.47451 0.5 0 0
440 0.0992168 0.416667 7 0.47451 0.5 0 0
450 0.0992168 0.416667 7 0.470588 0.5 0 0
460 0.0987673 0.416667 7.41667 0.458824 0.5 0 0
470 0.0987673 0.416667 7.41667 0.45098 0.5 0 0
480 0.0976416 0.416667 7.83333 0.45098 0.5 0 0
490 0.0976416 0.416667 7.83333 0.45098 0.5 0 0
500 0.0972324 0.416667 8.25 0.45098 0.5 0 0
510 0.0972324 0.416667 8.25 0.45098 0.5 0 0
520 0.0969788 0.416667 8.66667 0.447059 0.5 0 0
530 0.0969788 0.416667 8.66667 0.45098 0.5 0 0
540 0.0969507 0.416667 9.08333 0.45098 0.5 0 0
550 0.0969507 0.416667 9.08333 0.45098 0.5 0 0
560 0.0969507 0.416667 9.5 0.447059 0.5 0 0
570 0.0969507 0.416667 9.5 0.447059 0.5 0 0
580 0.0969873 0.416667 9.91667 0.443137 0.5 0 0
590 0.0969873 0.416667 9.91667 0.431373 0.5 0 0
600 0.0969052 0.5 10.4167 0.423529 0.5 0 0
610 0.0969052 0.5 10.4167 0.419608 0.5 0 0
620 0.0962959 0.5 10.9167 0.419608 0.5 0 0
630 0.0962959 0.5 10.9167 0.419608 0.5 0 0
640 0.0956888 0.5 11.4167 0.415686 0.5 0 0
650 0.0956888 0.5 11.4167 0.415686 0.5 0 0
660 0.0953734 0.5 11.9167 0.419608 0.5 0 0
670 0.0953734 0.5 11.9167 0.419608 0.5 0 0
680 0.0954376 0.5 12.4167 0.415686 0.5 0 0
690 0.0954376 0.5 12.4167 0.419608 0.5 0 0
700 0.0949974 0.583333 13 0.419608 0.5 0 0
710 0.0949974 0.583333 13 0.419608 0.5 0 0
720 0.0948088 0.5 13.5 0.415686 0.5 0 0
730 0.0948088 0.5 13.5 0.419608 0.5 0 0
740 0.0947213 0.5 14 0.419608 0.5 0 0
750 0.0947213 0.5 14 0.415686 0.5 0 0
760 0.0946791 0.5 14.5 0.415686 0.5 0 0
770 0.0946791 0.5 14.5 0.419608 0.5 0 0
780 0.0946456 0.5 15 0.415686 0.5 0 0
790 0.0946456 0.5 15 0.415686 0.5 0 0
800 0.0946009 0.5 15.5 0.415686 0.5 0 0
810 0.0946009 0.5 15.5 0.415686 0.5 0 0
820 0.0953137 0.5 16 0.419608 0.5 0 0
830 0.0953137 0.5 16 0.419608 0.5 0 0
840 0.0957496 0.5 16.5 0.419608 0.5 0 0
850 0.0957496 0.5 16.5 0.419608 0.5 0 0
860 0.0959937 0.5 17 0.419608 0.5 0 0
870 0.0959937 0.5 17 0.419608 0.5 0 0
880 0.0964004 0.583333 17.5833 0.415686 0.5 0 0
890 0.0964004 0.583333 17.5833 0.411765 0.5 0 0
900 0.0966465 0.583333 18.1667 0.411765 0.5 0 0
910 0.0966465 0.583333 18.1667 0.411765 0.5 0 0
920 0.0966305 0.75 18.9167 0.407843 0.5 0 0
930 0.0966305 0.75 18.9167 0.407843 0.5 0 0
940 0.0960129 0.75 19.6667 0.403922 0.5 0 0
950 0.0960129 0.75 19.6667 0.403922 0.5 0 0
960 0.0957187 0.75 20.4167 0.403922 0.5 0 0
970 0.0957187 0.75 20.4167 0.403922 0.5 0 0
980 0.0955681 0.833333 21.25 0.403922 0.5 0 0
990 0.0955681 0.833333 21.25 0.403922 0.5 0 0
1000 0.0954373 0.833333 22.0833 0.403922 0.5 0 0
1010 0.0954373 0.833333 22.0833 0.403922 0.5 0 0
1020 0.0953568 0.833333 22.9167 0.403922 0.5 0 0
1030 0.0953568 0.833333 22.9167 0.403922 0.5 0 0
1040 0.0953151 0.833333 23.75 0.403922 0.5 0 0
1050 0.0953151 0.833333 23.75 0.403922 0.5 0 0
1060 0.0952398 0.833333 24.5833 0.403922 0.5 0 0
1070 0.0952398 0.833333 24.5833 0.403922 0.5 0 0
1080 0.0951628 0.75 25.3333 0.403922 0.5 0 0
1090 0.0951628 0.75 25.3333 0.403922 0.5 0 0
1100 0.0948989 0.666667 26 0.403922 0.5 0 0
1110 0.0948989 0.666667 26 0.403922 0.5 0 0
1120 0.0945267 0.75 26.75 0.403922 0.5 0 0
1130 0.0945267 0.75 26.75 0.403922 0.5 0 0
1140 0.0944278 0.75 27.5 0.4 0.5 0 0
1150 0.0944278 0.75 27.5 0.4 0.5 0 0
1160 0.0943703 0.75 28.25 0.4 0.5 0 0
1170 0.0943703 0.75 28.25 0.4 0.5 0 0
1180 0.094315 0.833333 29.0833 0.4 0.5 0 0
1190 0.094315 0.833333 29.0833 0.403922 0.5 0 0
1200 0.0941524 0.833333 29.9167 0.4 0.5 0 0
1210 0.0941524 0.833333 29.9167 0.4 0.5 0 0
1220 0.093918 0.833333 30.75 0.4 0.5 0 0
1230 0.093918 0.833333 30.75 0.4 0.5 0 0
1240 0.0937925 0.75 31.5 0.4 0.5 0 0
1250 0.0937925 0.75 31.5 0.4 0.5 0 0
1260 0.0936971 0.75 32.25 0.4 0.5 0 0
1270 0.0936971 0.75 32.25 0.4 0.5 0 0
1280 0.0935104 0.666667 32.9167 0.4 0.5 0 0
1290 0.0935104 0.666667 32.9167 0.4 0.5 0 0
1300 0.0933984 0.666667 33.5833 0.4 0.5 0 0
1310 0.0933984 0.666667 33.5833 0.4 0.5 0 0
1320 0.0926657 0.75 34.3333 0.4 0.5 0 0
1330 0.0926657 0.75 34.3333 0.4 0.5 0 0
1340 0.0923688 0.75 35.0833 0.4 0.5 0 0
1350 0.0923688 0.75 35.0833 0.4 0.5 0 0
1360 0.0922689 0.75 35.8333 0.4 0.5 0 0
1370 0.0922689 0.75 35.8333 0.4 0.5 0 0
1380 0.0922296 0.75 36.5833 0.4 0.5 0 0
1390 0.0922296 0.75 36.5833 0.4 0.5 0 0
1400 0.0921974 0.75 37.3333 0.4 0.5 0 0
1410 0.0921974 0.75 37.3333 0.4 0.5 0 0
1420 0.0921427 0.666667 38 0.4 0.5 0 0
1430 0.0921427 0.666667 38 0.4 0.5 0 0
1440 0.0919509 0.666667 38.6667 0.4 0.5 0 0
1450 0.0919509 0.666667 38.6667 0.4 0.5 0 0
1460 0.0918852 0.666667 39.3333 0.4 0.5 0 0
1470 0.0918852 0.666667 39.3333 0.4 0.5 0 0
1480 0.0918223 0.5 39.8333 0.4 0.5 0 0
1490 0.0918223 0.5 39.8333 0.396078 0.5 0 0
1500 0.091758 0.5 40.3333 0.396078 0.5 0 0
1510 0.091758 0.5 40.3333 0.396078 0.5 0 0
1520 0.0916224 0.583333 40.9167 0.4 0.5 0 0
1530 0.0916224 0.583333 40.9167 0.396078 0.5 0 0
1540 0.0915521 0.583333 41.5 0.396078 0.5 0 0
1550 0.0915521 0.583333 41.5 0.396078 0.5 0 0
1560 0.0914941 0.75 42.25 0.396078 0.5 0 0
1570 0.0914941 0.75 42.25 0.396078 0.5 0 0
1580 0.0914501 0.833333 43.0833 0.4 0.5 0 0
1590 0.0914501 0.833333 43.0833 0.4 0.5 0 0
1600 0.0914058 0.833333 43.9167 0.4 0.5 0 0
1610 0.0914058 0.833333 43.9167 0.4 0.5 0 0
1620 0.0913691 0.833333 44.75 0.396078 0.5 0 0
1630 0.0913691 0.833333 44.75 0.396078 0.5 0 0
1640 0.0920064 0.75 45.5 0.396078 0.5 0 0
1650 0.0920064 0.75 45.5 0.396078 0.5 0 0
1660 0.0921529 0.916667 46.4167 0.396078 0.5 0 0
1670 0.0921529 0.916667 46.4167 0.392157 0.5 0 0
1680 0.0918513 0.916667 47.3333 0.396078 0.5 0 0
1690 0.0918513 0.916667 47.3333 0.396078 0.5 0 0
1700 0.0917441 0.916667 48.25 0.396078 0.5 0 0
1710 0.0917441 0.916667 48.25 0.396078 0.5 0 0
1720 0.0916647 0.916667 49.1667 0.392157 0.5 0 0
1730 0.0916647 0.916667 49.1667 0.392157 0.5 0 0
1740 0.091615 0.916667 50.0833 0.396078 0.5 0 0
1750 0.091615 0.916667 50.0833 0.396078 0.5 0 0
1760 0.0915012 0.916667 51 0.396078 0.5 0 0
1770 0.0915012 0.916667 51 0.396078 0.5 0 0
1780 0.0913683 0.916667 51.9167 0.396078 0.5 0 0
1790 0.0913683 0.916667 51.9167 0.396078 0.5 0 0
1800 0.0909706 0.833333 52.75 0.396078 0.5 0 0
1810 0.0909706 0.833333 52.75 0.396078 0.5 0 0
1820 0.0908806 0.916667 53.6667 0.396078 0.5 0 0
1830 0.0908806 0.916667 53.6667 0.396078 0.5 0 0
1840 0.0908815 0.916667 54.5833 0.396078 0.5 0 0
1850 0.0908815 0.916667 54.5833 0.396078 0.5 0 0
1860 0.0908608 0.916667 55.5 0.392157 0.5 0 0
1870 0.0908608 0.916667 55.5 0.396078 0.5 0 0
1880 0.0908407 0.916667 56.4167 0.392157 0.5 0 0
1890 0.0908407 0.916667 56.4167 0.392157 0.5 0 0
1900 0.0908284 0.916667 57.3333 0.392157 0.5 0 0
1910 0.0908284 0.916667 57.3333 0.392157 0.5 0 0
1920 0.0908044 0.916667 58.25 0.396078 0.5 0 0
1930 0.0908044 0.916667 58.25 0.396078 0.5 0 0
1940 0.0906734 0.916667 59.1667 0.396078 0.5 0 0
1950 0.0906734 0.916667 59.1667 0.396078 0.5 0 0
1960 0.0898822 0.916667 60.0833 0.392157 0.5 0 0
1970 0.0898822 0.916667 60.0833 0.392157 0.5 0 0
1980 0.0898415 0.916667 61 0.392157 0.5 0 0
1990 0.0898415 0.916667 61 0.392157 0.5 0 0
2000 0.0898279 0.916667 61.9167 0.392157 0.5 0 0
2010 0.0898279 0.916667 61.9167 0.392157 0.5 0 0
2020 0.0898101 0.916667 62.8333 0.392157 0.5 0 0
2030 0.0898101 0.916667 62.8333 0.392157 0.5 0 0
2040 0.0897933 0.916667 63.75 0.392157 0.5 0 0
2050 0.0897933 0.916667 63.75 0.396078 0.5 0 0
2060 0.0897799 0.833333 64.5833 0.392157 0.5 0 0
2070 0.0897799 0.833333 64.5833 0.392157 0.5 0 0
2080 0.0897518 0.833333 65.4167 0.392157 0.5 0 0
2090 0.0897518 0.833333 65.4167 0.392157 0.5 0 0
2100 0.0897249 0.916667 66.3333 0.392157 0.5 0 0
2110 0.0897249 0.916667 66.3333 0.392157 0.5 0 0
2120 0.0897109 0.916667 67.25 0.392157 0.5 0 0
2130 0.0897109 0.916667 67.25 0.392157 0.5 0 0
2140 0.0897039 0.916667 68.1667 0.396078 0.5 0 0
2150 0.0897039 0.916667 68.1667 0.392157 0.5 0 0
2160 0.0896784 0.916667 69.0833 0.392157 0.5 0 0
2170 0.0896784 0.916667 69.0833 0.392157 0.5 0 0
2180 0.0896171 0.916667 70 0.396078 0.5 0 0
2190 0.0896171 0.916667 70 0.392157 0.5 0 0
2200 0.0895595 0.916667 70.9167 0.392157 0.5 0 0
2210 0.0895595 0.916667 70.9167 0.392157 0.5 0 0
2220 0.0895353 0.916667 71.8333 0.392157 0.5 0 0
2230 0.0895353 0.916667 71.8333 0.392157 0.5 0 0
2240 0.0895069 0.916667 72.75 0.392157 0.5 0 0
2250 0.0895069 0.916667 72.75 0.392157 0.5 0 0
2260 0.0895012 0.916667 73.6667 0.392157 0.5 0 0
2270 0.0895012 0.916667 73.6667 0.392157 0.5 0 0
2280 0.0894982 0.916667 74.5833 0.392157 0.5 0 0
2290 0.0894982 0.916667 74.5833 0.392157 0.5 0 0
2300 0.089491 0.916667 75.5 0.392157 0.5 0 0
2310 0.089491 0.916667 75.5 0.392157 0.5 0 0
2320 0.0894798 0.916667 76.4167 0.392157 0.5 0 0
2330 0.0894798 0.916667 76.4167 0.392157 0.5 0 0
2340 0.0894743 0.916667 77.3333 0.392157 0.5 0 0
2350 0.0894743 0.916667 77.3333 0.392157 0.5 0 0
2360 0.0894376 0.916667 78.25 0.392157 0.5 0 0
2370 0.0894376 0.916667 78.25 0.392157 0.5 0 0
2380 0.0894052 0.916667 79.1667 0.392157 0.5 0 0
2390 0.0894052 0.916667 79.1667 0.392157 0.5 0 0
2400 0.089382 0.916667 80.0833 0.392157 0.5 0 0
2410 0.089382 0.916667 80.0833 0.392157 0.5 0 0
2420 0.0893511 0.916667 81 0.392157 0.5 0 0
2430 0.0893511 0.916667 81 0.392157 0.5 0 0
2440 0.0893215 0.833333 81.8333 0.392157 0.5 0 0
2450 0.0893215 0.833333 81.8333 0.392157 0.5 0 0
2460 0.0892853 0.916667 82.75 0.392157 0.5 0 0
2470 0.0892853 0.916667 82.75 0.392157 0.5 0 0
2480 0.089274 0.916667 83.6667 0.392157 0.5 0 0
2490 0.089274 0.916667 83.6667 0.392157 0.5 0 0
2500 0.0893134 0.916667 84.5833 0.392157 0.5 0 0
2510 0.0893134 0.916667 84.5833 0.392157 0.5 0 0
2520 0.0893374 0.916667 85.5 0.392157 0.5 0 0
2530 0.0893374 0.916667 85.5 0.392157 0.5 0 0
2540 0.0893498 0.833333 86.3333 0.392157 0.5 0 0
2550 0.0893498 0.833333 86.3333 0.392157 0.5 0 0
2560 0.0894099 0.833333 87.1667 0.392157 0.5 0 0
2570 0.0894099 0.833333 87.1667 0.392157 0.5 0 0
2580 0.0894712 0.833333 88 0.392157 0.5 0 0
2590 0.0894712 0.833333 88 0.392157 0.5 0 0
2600 0.0895308 0.833333 88.8333 0.392157 0.5 0 0
2610 0.0895308 0.833333 88.8333 0.392157 0.5 0 0
2620 0.0895818 0.833333 89.6667 0.392157 0.5 0 0
2630 0.0895818 0.833333 89.6667 0.392157 0.5 0 0
2640 0.0895827 0.916667 90.5833 0.392157 0.5 0 0
2650 0.0895827 0.916667 90.5833 0.392157 0.5 0 0
2660 0.0895322 0.916667 91.5 0.392157 0.5 0 0
2670 0.0895322 0.916667 91.5 0.392157 0.5 0 0
2680 0.0891725 0.833333 92.3333 0.392157 0.5 0 0
2690 0.0891725 0.833333 92.3333 0.392157 0.5 0 0
2700 0.0888832 0.833333 93.1667 0.392157 0.5 0 0
2710 0.0888832 0.833333 93.1667 0.392157 0.5 0 0
2720 0.0888017 0.833333 94 0.392157 0.5 0 0
2730 0.0888017 0.833333 94 0.392157 0.5 0 0
2740 0.0887434 0.833333 94.8333 0.392157 0.5 0 0
2750 0.0887434 0.833333 94.8333 0.392157 0.5 0 0
2760 0.0887012 0.833333 95.6667 0.392157 0.5 0 0
2770 0.0887012 0.833333 95.6667 0.392157 0.5 0 0
2780 0.0885694 0.916667 96.5833 0.392157 0.5 0 0
2790 0.0885694 0.916667 96.5833 0.392157 0.5 0 0
2800 0.0885149 0.916667 97.5 0.392157 0.5 0 0
2810 0.0885149 0.916667 97.5 0.392157 0.5 0 0
2820 0.0885063 0.916667 98.4167 0.392157 0.5 0 0
2830 0.0885063 0.916667 98.4167 0.392157 0.5 0 0
2840 0.0884897 0.916667 99.3333 0.392157 0.5 0 0
2850 0.0884897 0.916667 99.3333 0.392157 0.5 0 0
2860 0.0884772 1 100.333 0.392157 0.5 0 0
2870 0.0884772 1 100.333 0.392157 0.5 0 0
2880 0.0884664 1 101.333 0.392157 0.5 0 0
2890 0.0884664 1 101.333 0.392157 0.5 0 0
2900 0.0884713 1 102.333 0.392157 0.5 0 0
2910 0.0884713 1 102.333 0.392157 0.5 0 0
2920 0.0884886 1 103.333 0.388235 0.5 0 0
2930 0.0884886 1 103.333 0.388235 0.5 0 0
2940 0.0885231 1 104.333 0.392157 0.5 0 0
2950 0.0885231 1 104.333 0.388235 0.5 0 0
2960 0.088575 1 105.333 0.388235 0.5 0 0
2970 0.088575 1 105.333 0.388235 0.5 0 0
2980 0.0886292 1 106.333 0.388235 0.5 0 0
2990 0.0886292 1 106.333 0.388235 0.5 0 0
3000 0.0888597 0.833333 107.167 0.388235 0.5 0 0
3010 0.0888597 0.833333 107.167 0.388235 0.5 0 0
3020 0.0889946 1 108.167 0.388235 0.5 0 0
3030 0.0889946 1 108.167 0.388235 0.5 0 0
3040 0.0889946 1 109.167 0.388235 0.5 0 0
3050 0.0889946 1 109.167 0.388235 0.5 0 0
3060 0.0889946 1 110.167 0.388235 0.5 0 0
3070 0.0889946 1 110.167 0.388235 0.5 0 0
3080 0.0889838 1 111.167 0.388235 0.5 0 0
3090 0.0889838 1 111.167 0.388235 0.5 0 0
3100 0.0889706 1 112.167 0.388235 0.5 0 0
3110 0.0889706 1 112.167 0.388235 0.5 0 0
3120 0.0889455 1 113.167 0.388235 0.5 0 0
3130 0.0889455 1 113.167 0.388235 0.5 0 0
3140 0.0888833 1 114.167 0.388235 0.5 0 0
3150 0.0888833 1 114.167 0.388235 0.5 0 0
3160 0.0888392 1 115.167 0.388235 0.5 0 0
3170 0.0888392 1 115.167 0.388235 0.5 0 0
3180 0.0888042 1 116.167 0.388235 0.5 0 0
3190 0.0888042 1 116.167 0.388235 0.5 0 0
3200 0.08879 1 117.167 0.388235 0.5 0 0
3210 0.08879 1 117.167 0.388235 0.5 0 0
3220 0.0887741 1 118.167 0.388235 0.5 0 0
3230 0.0887741 1 118.167 0.388235 0.5 0 0
3240 0.0887277 1 119.167 0.388235 0.5 0 0
3250 0.0887277 1 119.167 0.388235 0.5 0 0
3260 0.0887021 1 120.167 0.388235 0.5 0 0
3270 0.0887021 1 120.167 0.388235 0.5 0 0
3280 0.0886844 1 121.167 0.388235 0.5 0 0
3290 0.0886844 1 121.167 0.388235 0.5 0 0
3300 0.0886915 1 122.167 0.388235 0.5 0 0
3310 0.0886915 1 122.167 0.388235 0.5 0 0
3320 0.0887072 1 123.167 0.388235 0.5 0 0
3330 0.0887072 1 123.167 0.388235 0.5 0 0
3340 0.0887306 1 124.167 0.388235 0.5 0 0
3350 0.0887306 1 124.167 0.388235 0.5 0 0
3360 0.0887508 1 125.167 0.388235 0.5 0 0
3370 0.0887508 1 125.167 0.388235 0.5 0 0
3380 0.0887751 1 126.167 0.388235 0.5 0 0
3390 0.0887751 1 126.167 0.388235 0.5 0 0
3400 0.0887707 1 127.167 0.388235 0.5 0 0
3410 0.0887707 1 127.167 0.388235 0.5 0 0
3420 0.0887676 1 128.167 0.388235 0.5 0 0
3430 0.0887676 1 128.167 0.388235 0.5 0 0
3440 0.0887575 1 129.167 0.388235 0.5 0 0
3450 0.0887575 1 129.167 0.388235 0.5 0 0
3460 0.0887572 1 130.167 0.388235 0.5 0 0
3470 0.0887572 1 130.167 0.388235 0.5 0 0
3480 0.0887615 1 131.167 0.388235 0.5 0 0
3490 0.0887615 1 131.167 0.388235 0.5 0 0
3500 0.0887729 1 132.167 0.388235 0.5 0 0
3510 0.0887729 1 132.167 0.384314 0.5 0 0
3520 0.0887906 1 133.167 0.388235 0.5 0 0
3530 0.0887906 1 133.167 0.388235 0.5 0 0
3540 0.0888083 1 134.167 0.384314 0.5 0 0
3550 0.0888083 1 134.167 0.388235 0.5 0 0
3560 0.0888234 1 135.167 0.388235 0.5 0 0
3570 0.0888234 1 135.167 0.384314 0.5 0 0
3580 0.0888426 1 136.167 0.388235 0.5 0 0
3590 0.0888426 1 136.167 0.388235 0.5 0 0
3600 0.0888591 1 137.167 0.388235 0.5 0 0
3610 0.0888591 1 137.167 0.388235 0.5 0 0
3620 0.0888722 1 138.167 0.388235 0.5 0 0
3630 0.0888722 1 138.167 0.388235 0.5 0 0
3640 0.0887817 1 139.167 0.388235 0.5 0 0
3650 0.0887817 1 139.167 0.388235 0.5 0 0
3660 0.0887422 1 140.167 0.388235 0.5 0 0
3670 0.0887422 1 140.167 0.388235 0.5 0 0
3680 0.0887664 1 141.167 0.388235 0.5 0 0
3690 0.0887664 1 141.167 0.388235 0.5 0 0
3700 0.088766 1 142.167 0.388235 0.5 0 0
3710 0.088766 1 142.167 0.388235 0.5 0 0
3720 0.0887789 1 143.167 0.388235 0.5 0 0
3730 0.0887789 1 143.167 0.388235 0.5 0 0
3740 0.0888167 0.833333 144 0.388235 0.5 0 0
3750 0.0888167 0.833333 144 0.384314 0.5 0 0
3760 0.0887256 1 145 0.388235 0.5 0 0
3770 0.0887256 1 145 0.388235 0.5 0 0
3780 0.0886768 1 146 0.388235 0.5 0 0
3790 0.0886768 1 146 0.388235 0.5 0 0
3800 0.088583 1 147 0.388235 0.5 0 0
3810 0.088583 1 147 0.388235 0.5 0 0
3820 0.0885537 1 148 0.388235 0.5 0 0
3830 0.0885537 1 148 0.388235 0.5 0 0
3840 0.0885451 1 149 0.388235 0.5 0 0
3850 0.0885451 1 149 0.388235 0.5 0 0
3860 0.0884817 1 150 0.388235 0.5 0 0
3870 0.0884817 1 150 0.388235 0.5 0 0
3880 0.0884687 1 151 0.388235 0.5 0 0
3890 0.0884687 1 151 0.388235 0.5 0 0
3900 0.0884331 1 152 0.388235 0.5 0 0
3910 0.0884331 1 152 0.388235 0.5 0 0
3920 0.0883737 1 153 0.388235 0.5 0 0
3930 0.0883737 1 153 0.388235 0.5 0 0
3940 0.088314 1 154 0.388235 0.5 0 0
3950 0.088314 1 154 0.388235 0.5 0 0
3960 0.0882368 0.916667 154.917 0.388235 0.5 0 0
3970 0.0882368 0.916667 154.917 0.388235 0.5 0 0
3980 0.0881599 1 155.917 0.388235 0.5 0 0
3990 0.0881599 1 155.917 0.388235 0.5 0 0
4000 0.0881399 1 156.917 0.388235 0.5 0 0
4010 0.0881399 1 156.917 0.388235 0.5 0 0
4020 0.0881655 0.916667 157.833 0.388235 0.5 0 0
4030 0.0881655 0.916667 157.833 0.384314 0.5 0 0
4040 0.0882126 1 158.833 0.388235 0.5 0 0
4050 0.0882126 1 158.833 0.388235 0.5 0 0
4060 0.0882231 0.833333 159.667 0.388235 0.5 0 0
4070 0.0882231 0.833333 159.667 0.388235 0.5 0 0
4080 0.0882405 0.916667 160.583 0.388235 0.5 0 0
4090 0.0882405 0.916667 160.583 0.388235 0.5 0 0
4100 0.0882567 0.916667 161.5 0.388235 0.5 0 0
4110 0.0882567 0.916667 161.5 0.388235 0.5 0 0
4120 0.0882456 0.916667 162.417 0.384314 0.5 0 0
4130 0.0882456 0.916667 162.417 0.388235 0.5 0 0
4140 0.0882525 0.916667 163.333 0.384314 0.5 0 0
4150 0.0882525 0.916667 163.333 0.388235 0.5 0 0
4160 0.0882456 0.916667 164.25 0.384314 0.5 0 0
4170 0.0882456 0.916667 164.25 0.384314 0.5 0 0
4180 0.0881094 0.916667 165.167 0.384314 0.5 0 0
4190 0.0881094 0.916667 165.167 0.388235 0.5 0 0
4200 0.0879584 0.916667 166.083 0.388235 0.5 0 0
4210 0.0879584 0.916667 166.083 0.388235 0.5 0 0
4220 0.0878705 1 167.083 0.388235 0.5 0 0
4230 0.0878705 1 167.083 0.388235 0.5 0 0
4240 0.0878022 1 168.083 0.384314 0.5 0 0
4250 0.0878022 1 168.083 0.384314 0.5 0 0
4260 0.0877567 1 169.083 0.384314 0.5 0 0
4270 0.0877567 1 169.083 0.388235 0.5 0 0
4280 0.0877483 1 170.083 0.388235 0.5 0 0
4290 0.0877483 1 170.083 0.388235 0.5 0 0
4300 0.0876865 1 171.083 0.384314 0.5 0 0
4310 0.0876865 1 171.083 0.388235 0.5 0 0
4320 0.087637 0.916667 172 0.388235 0.5 0 0
4330 0.087637 0.916667 172 0.388235 0.5 0 0
4340 0.0874525 0.916667 172.917 0.388235 0.5 0 0
4350 0.0874525 0.916667 172.917 0.384314 0.5 0 0
4360 0.0865606 1 173.917 0.388235 0.5 0 0
4370 0.0865606 1 173.917 0.388235 0.5 0 0
4380 0.0846417 1 174.917 0.388235 0.5 0 0
4390 0.0846417 1 174.917 0.388235 0.5 0 0
4400 0.0826743 0.916667 175.833 0.388235 0.5 0 0
4410 0.0826743 0.916667 175.833 0.388235 0.5 0 0
4420 0.0818368 1 176.833 0.388235 0.5 0 0
4430 0.0818368 1 176.833 0.388235 0.5 0 0
4440 0.0815324 0.916667 177.75 0.388235 0.5 0 0
4450 0.0815324 0.916667 177.75 0.388235 0.5 0 0
4460 0.081214 0.916667 178.667 0.388235 0.5 0 0
4470 0.081214 0.916667 178.667 0.388235 0.5 0 0
4480 0.0811828 0.833333 179.5 0.388235 0.5 0 0
4490 0.0811828 0.833333 179.5 0.388235 0.5 0 0
4500 0.0811424 0.916667 180.417 0.388235 0.5 0 0
4510 0.0811424 0.916667 180.417 0.388235 0.5 0 0
4520 0.0811013 0.916667 181.333 0.388235 0.5 0 0
4530 0.0811013 0.916667 181.333 0.388235 0.5 0 0
4540 0.0810331 0.916667 182.25 0.388235 0.5 0 0
4550 0.0810331 0.916667 182.25 0.388235 0.5 0 0
4560 0.0809597 0.916667 183.167 0.388235 0.5 0 0
4570 0.0809597 0.916667 183.167 0.388235 0.5 0 0
4580 0.0809024 0.916667 184.083 0.388235 0.5 0 0
4590 0.0809024 0.916667 184.083 0.388235 0.5 0 0
4600 0.0808803 0.833333 184.917 0.388235 0.5 0 0
4610 0.0808803 0.833333 184.917 0.388235 0.5 0 0
4620 0.0808423 0.75 185.667 0.388235 0.5 0 0
4630 0.0808423 0.75 185.667 0.388235 0.5 0 0
4640 0.0806053 0.75 186.417 0.388235 0.5 0 0
4650 0.0806053 0.75 186.417 0.388235 0.5 0 0
4660 0.080515 0.916667 187.333 0.388235 0.5 0 0
4670 0.080515 0.916667 187.333 0.388235 0.5 0 0
4680 0.0804809 0.916667 188.25 0.392157 0.5 0 0
4690 0.0804809 0.916667 188.25 0.388235 0.5 0 0
4700 0.0804489 0.916667 189.167 0.392157 0.5 0 0
4710 0.0804489 0.916667 189.167 0.388235 0.5 0 0
4720 0.0804454 0.916667 190.083 0.388235 0.5 0 0
4730 0.0804454 0.916667 190.083 0.388235 0.5 0 0
4740 0.0804299 0.916667 191 0.392157 0.5 0 0
4750 0.0804299 0.916667 191 0.388235 0.5 0 0
4760 0.0804191 0.916667 191.917 0.388235 0.5 0 0
4770 0.0804191 0.916667 191.917 0.388235 0.5 0 0
4780 0.0804069 0.916667 192.833 0.388235 0.5 0 0
4790 0.0804069 0.916667 192.833 0.388235 0.5 0 0
4800 0.0803965 0.916667 193.75 0.392157 0.5 0 0
4810 0.0803965 0.916667 193.75 0.388235 0.5 0 0
4820 0.0804048 0.916667 194.667 0.388235 0.5 0 0
4830 0.0804048 0.916667 194.667 0.388235 0.5 0 0
4840 0.0803875 0.916667 195.583 0.388235 0.5 0 0
4850 0.0803875 0.916667 195.583 0.392157 0.5 0 0
4860 0.0803294 0.916667 196.5 0.388235 0.5 0 0
4870 0.0803294 0.916667 196.5 0.392157 0.5 0 0
4880 0.0803373 0.916667 197.417 0.388235 0.5 0 0
4890 0.0803373 0.916667 197.417 0.388235 0.5 0 0
4900 0.0803047 0.916667 198.333 0.392157 0.5 0 0
4910 0.0803047 0.916667 198.333 0.388235 0.5 0 0
4920 0.0802978 0.916667 199.25 0.392157 0.5 0 0
4930 0.0802978 0.916667 199.25 0.388235 0.5 0 0
4940 0.0802794 0.916667 200.167 0.392157 0.5 0 0
4950 0.0802794 0.916667 200.167 0.392157 0.5 0 0
4960 0.0802182 0.916667 201.083 0.388235 0.5 0 0
4970 0.0802182 0.916667 201.083 0.388235 0.5 0 0
4980 0.0799883 0.916667 202 0.392157 0.5 0 0
4990 0.0799883 0.916667 202 0.388235 0.5 0 0
5000 0.0799882 0.916667 202.917 0.392157 0.5 0 0
5010 0.0799882 0.916667 202.917 0.392157 0.5 0 0
5020 0.0799831 0.916667 203.833 0.392157 0.5 0 0
5030 0.0799831 0.916667 203.833 0.392157 0.5 0 0
5040 0.0799768 0.916667 204.75 0.392157 0.5 0 0
5050 0.0799768 0.916667 204.75 0.392157 0.5 0 0
5060 0.0799559 0.916667 205.667 0.392157 0.5 0 0
5070 0.0799559 0.916667 205.667 0.392157 0.5 0 0
5080 0.0799293 0.75 206.417 0.392157 0.5 0 0
5090 0.0799293 0.75 206.417 0.392157 0.5 0 0
5100 0.0799127 0.75 207.167 0.392157 0.5 0 0
5110 0.0799127 0.75 207.167 0.392157 0.5 0 0
5120 0.0796141 0.833333 208 0.392157 0.5 0 0
5130 0.0796141 0.833333 208 0.396078 0.5 0 0
5140 0.0787167 0.833333 208.833 0.396078 0.5 0 0
5150 0.0787167 0.833333 208.833 0.396078 0.5 0 0
5160 0.0788411 0.833333 209.667 0.396078 0.5 0 0
5170 0.0788411 0.833333 209.667 0.396078 0.5 0 0
5180 0.0789009 0.833333 210.5 0.396078 0.5 0 0
5190 0.0789009 0.833333 210.5 0.396078 0.5 0 0
5200 0.0789012 1 211.5 0.396078 0.5 0 0
5210 0.0789012 1 211.5 0.396078 0.5 0 0
5220 0.0788834 1 212.5 0.396078 0.5 0 0
5230 0.0788834 1 212.5 0.396078 0.5 0 0
5240 0.078868 0.916667 213.417 0.396078 0.5 0 0
5250 0.078868 0.916667 213.417 0.396078 0.5 0 0
5260 0.0788321 0.916667 214.333 0.396078 0.5 0 0
5270 0.0788321 0.916667 214.333 0.396078 0.5 0 0
5280 0.0788134 1 215.333 0.396078 0.5 0 0
5290 0.0788134 1 215.333 0.396078 0.5 0 0
5300 0.0788134 1 216.333 0.396078 0.5 0 0
5310 0.0788134 1 216.333 0.396078 0.5 0 0
5320 0.0788055 1 217.333 0.396078 0.5 0 0
5330 0.0788055 1 217.333 0.396078 0.5 0 0
5340 0.0787997 1 218.333 0.396078 0.5 0 0
5350 0.0787997 1 218.333 0.396078 0.5 0 0
5360 0.0786801 1 219.333 0.396078 0.5 0 0
5370 0.0786801 1 219.333 0.396078 0.5 0 0
5380 0.0786638 1 220.333 0.396078 0.5 0 0
5390 0.0786638 1 220.333 0.396078 0.5 0 0
5400 0.0786482 1 221.333 0.396078 0.5 0 0
5410 0.0786482 1 221.333 0.396078 0.5 0 0
5420 0.0786481 1 222.333 0.396078 0.5 0 0
5430 0.0786481 1 222.333 0.396078 0.5 0 0
5440 0.0786481 1 223.333 0.396078 0.5 0 0
5450 0.0786481 1 223.333 0.396078 0.5 0 0
5460 0.0785357 0.833333 224.167 0.396078 0.5 0 0
5470 0.0785357 0.833333 224.167 0.396078 0.5 0 0
5480 0.078272 0.833333 225 0.396078 0.5 0 0
5490 0.078272 0.833333 225 0.396078 0.5 0 0
5500 0.0782713 0.833333 225.833 0.396078 0.5 0 0
5510 0.0782713 0.833333 225.833 0.396078 0.5 0 0
5520 0.0782593 1 226.833 0.396078 0.5 0 0
5530 0.0782593 1 226.833 0.396078 0.5 0 0
5540 0.0782287 1 227.833 0.396078 0.5 0 0
5550 0.0782287 1 227.833 0.396078 0.5 0 0
5560 0.0782234 1 228.833 0.396078 0.5 0 0
5570 0.0782234 1 228.833 0.396078 0.5 0 0
5580 0.0782234 0.916667 229.75 0.392157 0.5 0 0
5590 0.0782234 0.916667 229.75 0.396078 0.5 0 0
5600 0.0781391 0.916667 230.667 0.396078 0.5 0 0
5610 0.0781391 0.916667 230.667 0.396078 0.5 0 0
5620 0.0779585 0.916667 231.583 0.396078 0.5 0 0
5630 0.0779585 0.916667 231.583 0.396078 0.5 0 0
5640 0.0779533 0.916667 232.5 0.396078 0.5 0 0
5650 0.0779533 0.916667 232.5 0.396078 0.5 0 0
5660 0.0778936 0.75 233.25 0.396078 0.5 0 0
5670 0.0778936 0.75 233.25 0.396078 0.5 0 0
5680 0.0778923 0.75 234 0.396078 0.5 0 0
5690 0.0778923 0.75 234 0.396078 0.5 0 0
5700 0.0778923 0.75 234.75 0.396078 0.5 0 0
5710 0.0778923 0.75 234.75 0.396078 0.5 0 0
5720 0.0778923 0.666667 235.417 0.396078 0.5 0 0
5730 0.0778923 0.666667 235.417 0.396078 0.5 0 0
5740 0.0778923 0.916667 236.333 0.396078 0.5 0 0
5750 0.0778923 0.916667 236.333 0.396078 0.5 0 0
5760 0.0778923 0.916667 237.25 0.396078 0.5 0 0
5770 0.0778923 0.916667 237.25 0.396078 0.5 0 0
5780 0.0778923 0.916667 238.167 0.396078 0.5 0 0
5790 0.0778923 0.916667 238.167 0.396078 0.5 0 0
5800 0.0778923 0.916667 239.083 0.396078 0.5 0 0
5810 0.0778923 0.916667 239.083 0.396078 0.5 0 0
5820 0.0778923 1 240.083 0.396078 0.5 0 0
5830 0.0778923 1 240.083 0.396078 0.5 0 0
5840 0.0778872 0.666667 240.75 0.396078 0.5 0 0
5850 0.0778872 0.666667 240.75 0.396078 0.5 0 0
5860 0.0778871 0.833333 241.583 0.396078 0.5 0 0
5870 0.0778871 0.833333 241.583 0.396078 0.5 0 0
5880 0.0777843 0.916667 242.5 0.396078 0.5 0 0
5890 0.0777843 0.916667 242.5 0.396078 0.5 0 0
5900 0.0777528 0.916667 243.417 0.396078 0.5 0 0
5910 0.0777528 0.916667 243.417 0.396078 0.5 0 0
5920 0.0777528 0.916667 244.333 0.396078 0.5 0 0
5930 0.0777528 0.916667 244.333 0.396078 0.5 0 0
5940 0.0777528 0.833333 245.167 0.396078 0.5 0 0
5950 0.0777528 0.833333 245.167 0.396078 0.5 0 0
5960 0.0777528 0.833333 246 0.396078 0.5 0 0
5970 0.0777528 0.833333 246 0.396078 0.5 0 0
5980 0.0777528 0.833333 246.833 0.396078 0.5 0 0
5990 0.0777528 0.833333 246.833 0.396078 0.5 0 0
6000 0.0777252 0.916667 247.75 0.396078 0.5 0 0
6010 0.0777252 0.916667 247.75 0.396078 0.5 0 0
6020 0.0776706 0.916667 248.667 0.396078 0.5 0 0
6030 0.0776706 0.916667 248.667 0.396078 0.5 0 0
6040 0.077671 0.916667 249.583 0.396078 0.5 0 0
6050 0.077671 0.916667 249.583 0.396078 0.5 0 0
6060 0.077671 0.916667 250.5 0.396078 0.5 0 0
6070 0.077671 0.916667 250.5 0.396078 0.5 0 0
6080 0.077671 0.916667 251.417 0.396078 0.5 0 0
6090 0.077671 0.916667 251.417 0.396078 0.5 0 0
6100 0.077671 0.916667 252.333 0.396078 0.5 0 0
6110 0.077671 0.916667 252.333 0.396078 0.5 0 0
6120 0.0776616 0.75 253.083 0.396078 0.5 0 0
6130 0.0776616 0.75 253.083 0.396078 0.5 0 0
6140 0.0776351 0.75 253.833 0.396078 0.5 0 0
6150 0.0776351 0.75 253.833 0.396078 0.5 0 0
6160 0.0776251 0.75 254.583 0.396078 0.5 0 0
6170 0.0776251 0.75 254.583 0.396078 0.5 0 0
6180 0.0776251 0.833333 255.417 0.396078 0.5 0 0
6190 0.0776251 0.833333 255.417 0.396078 0.5 0 0
6200 0.0776251 0.833333 256.25 0.396078 0.5 0 0
6210 0.0776251 0.833333 256.25 0.396078 0.5 0 0
6220 0.0776251 0.833333 257.083 0.396078 0.5 0 0
6230 0.0776251 0.833333 257.083 0.396078 0.5 0 0
6240 0.0776091 0.833333 257.917 0.396078 0.5 0 0
6250 0.0776091 0.833333 257.917 0.396078 0.5 0 0
6260 0.0775846 0.833333 258.75 0.396078 0.5 0 0
6270 0.0775846 0.833333 258.75 0.4 0.5 0 0
6280 0.0775532 0.916667 259.667 0.396078 0.5 0 0
6290 0.0775532 0.916667 259.667 0.396078 0.5 0 0
6300 0.077546 1 260.667 0.396078 0.5 0 0
6310 0.077546 1 260.667 0.396078 0.5 0 0
6320 0.0775412 1 261.667 0.396078 0.5 0 0
6330 0.0775412 1 261.667 0.4 0.5 0 0
6340 0.0775361 1 262.667 0.396078 0.5 0 0
6350 0.0775361 1 262.667 0.396078 0.5 0 0
6360 0.0775303 1 263.667 0.396078 0.5 0 0
6370 0.0775303 1 263.667 0.4 0.5 0 0
6380 0.0775032 1 264.667 0.4 0.5 0 0
6390 0.0775032 1 264.667 0.396078 0.5 0 0
6400 0.07748 1 265.667 0.396078 0.5 0 0
6410 0.07748 1 265.667 0.396078 0.5 0 0
6420 0.0774728 0.916667 266.583 0.396078 0.5 0 0
6430 0.0774728 0.916667 266.583 0.396078 0.5 0 0
6440 0.0774707 0.916667 267.5 0.396078 0.5 0 0
6450 0.0774707 0.916667 267.5 0.396078 0.5 0 0
6460 0.0774649 0.916667 268.417 0.396078 0.5 0 0
6470 0.0774649 0.916667 268.417 0.4 0.5 0 0
6480 0.0774548 0.916667 269.333 0.396078 0.5 0 0
6490 0.0774548 0.916667 269.333 0.396078 0.5 0 0
6500 0.0774353 1 270.333 0.396078 0.5 0 0
6510 0.0774353 1 270.333 0.396078 0.5 0 0
6520 0.077399 1 271.333 0.396078 0.5 0 0
6530 0.077399 1 271.333 0.4 0.5 0 0
6540 0.0773858 1 272.333 0.4 0.5 0 0
6550 0.0773858 1 272.333 0.4 0.5 0 0
6560 0.0773858 0.833333 273.167 0.4 0.5 0 0
6570 0.0773858 0.833333 273.167 0.396078 0.5 0 0
6580 0.0773858 1 274.167 0.396078 0.5 0 0
6590 0.0773858 1 274.167 0.396078 0.5 0 0
6600 0.0773858 0.833333 275 0.396078 0.5 0 0
6610 0.0773858 0.833333 275 0.396078 0.5 0 0
6620 0.0773729 1 276 0.396078 0.5 0 0
6630 0.0773729 1 276 0.396078 0.5 0 0
6640 0.0773557 0.916667 276.917 0.4 0.5 0 0
6650 0.0773557 0.916667 276.917 0.4 0.5 0 0
6660 0.0773468 0.916667 277.833 0.4 0.5 0 0
6670 0.0773468 0.916667 277.833 0.396078 0.5 0 0
6680 0.0772793 0.75 278.583 0.4 0.5 0 0
6690 0.0772793 0.75 278.583 0.396078 0.5 0 0
6700 0.077097 0.75 279.333 0.4 0.5 0 0
6710 0.077097 0.75 279.333 0.4 0.5 0 0
6720 0.0770578 0.833333 280.167 0.4 0.5 0 0
6730 0.0770578 0.833333 280.167 0.4 0.5 0 0
6740 0.0768968 0.833333 281 0.4 0.5 0 0
6750 0.0768968 0.833333 281 0.4 0.5 0 0
6760 0.0768654 1 282 0.4 0.5 0 0
6770 0.0768654 1 282 0.4 0.5 0 0
6780 0.0768654 1 283 0.4 0.5 0 0
6790 0.0768654 1 283 0.4 0.5 0 0
6800 0.0768476 1 284 0.4 0.5 0 0
6810 0.0768476 1 284 0.4 0.5 0 0
6820 0.0768277 0.833333 284.833 0.4 0.5 0 0
6830 0.0768277 0.833333 284.833 0.4 0.5 0 0
6840 0.0768189 0.833333 285.667 0.4 0.5 0 0
6850 0.0768189 0.833333 285.667 0.4 0.5 0 0
6860 0.0768189 0.75 286.417 0.4 0.5 0 0
6870 0.0768189 0.75 286.417 0.4 0.5 0 0
6880 0.0768189 0.833333 287.25 0.4 0.5 0 0
6890 0.0768189 0.833333 287.25 0.4 0.5 0 0
6900 0.0768171 0.833333 288.083 0.4 0.5 0 0
6910 0.0768171 0.833333 288.083 0.4 0.5 0 0
6920 0.0768061 0.833333 288.917 0.4 0.5 0 0
6930 0.0768061 0.833333 288.917 0.4 0.5 0 0
6940 0.0767873 0.833333 289.75 0.4 0.5 0 0
6950 0.0767873 0.833333 289.75 0.4 0.5 0 0
6960 0.0767776 0.833333 290.583 0.4 0.5 0 0
6970 0.0767776 0.833333 290.583 0.4 0.5 0 0
6980 0.0767776 0.833333 291.417 0.4 0.5 0 0
6990 0.0767776 0.833333 291.417 0.4 0.5 0 0
7000 0.0767776 0.833333 292.25 0.4 0.5 0 0
7010 0.0767776 0.833333 292.25 0.4 0.5 0 0
7020 0.0767776 1 293.25 0.4 0.5 0 0
7030 0.0767776 1 293.25 0.4 0.5 0 0
7040 0.0767741 1 294.25 0.4 0.5 0 0
7050 0.0767741 1 294.25 0.4 0.5 0 0
7060 0.0767593 1 295.25 0.4 0.5 0 0
7070 0.0767593 1 295.25 0.4 0.5 0 0
7080 0.0767475 0.833333 296.083 0.4 0.5 0 0
7090 0.0767475 0.833333 296.083 0.4 0.5 0 0
7100 0.0767475 0.833333 296.917 0.4 0.5 0 0
7110 0.0767475 0.833333 296.917 0.4 0.5 0 0
7120 0.0767475 0.833333 297.75 0.4 0.5 0 0
7130 0.0767475 0.833333 297.75 0.4 0.5 0 0
7140 0.0767475 1 298.75 0.4 0.5 0 0
7150 0.0767475 1 298.75 0.4 0.5 0 0
7160 0.0767391 1 299.75 0.4 0.5 0 0
7170 0.0767391 1 299.75 0.4 0.5 0 0
7180 0.0767147 1 300.75 0.4 0.5 0 0
7190 0.0767147 1 300.75 0.4 0.5 0 0
7200 0.0767115 0.916667 301.667 0.4 0.5 0 0
7210 0.0767115 0.916667 301.667 0.4 0.5 0 0
7220 0.0767115 1 302.667 0.4 0.5 0 0
7230 0.0767115 1 302.667 0.4 0.5 0 0
7240 0.0767115 1 303.667 0.4 0.5 0 0
7250 0.0767115 1 303.667 0.4 0.5 0 0
7260 0.0767115 1 304.667 0.4 0.5 0 0
7270 0.0767115 1 304.667 0.4 0.5 0 0
7280 0.0767076 1 305.667 0.4 0.5 0 0
7290 0.0767076 1 305.667 0.4 0.5 0 0
7300 0.076692 0.833333 306.5 0.4 0.5 0 0
7310 0.076692 0.833333 306.5 0.4 0.5 0 0
7320 0.0766866 0.75 307.25 0.4 0.5 0 0
7330 0.0766866 0.75 307.25 0.4 0.5 0 0
7340 0.0766866 0.583333 307.833 0.4 0.5 0 0
7350 0.0766866 0.583333 307.833 0.4 0.5 0 0
7360 0.0766866 0.583333 308.417 0.4 0.5 0 0
7370 0.0766866 0.583333 308.417 0.4 0.5 0 0
7380 0.0766866 0.583333 309 0.4 0.5 0 0
7390 0.0766866 0.583333 309 0.4 0.5 0 0
7400 0.0765251 0.583333 309.583 0.4 0.5 0 0
7410 0.0765251 0.583333 309.583 0.4 0.5 0 0
7420 0.0764888 0.666667 310.25 0.4 0.5 0 0
7430 0.0764888 0.666667 310.25 0.4 0.5 0 0
7440 0.0764888 0.75 311 0.4 0.5 0 0
7450 0.0764888 0.75 311 0.4 0.5 0 0
7460 0.0764888 0.75 311.75 0.4 0.5 0 0
7470 0.0764888 0.75 311.75 0.4 0.5 0 0
7480 0.0764888 0.75 312.5 0.4 0.5 0 0
7490 0.0764888 0.75 312.5 0.4 0.5 0 0
7500 0.0764888 0.916667 313.417 0.4 0.5 0 0
7510 0.0764888 0.916667 313.417 0.4 0.5 0 0
7520 0.0764888 1 314.417 0.4 0.5 0 0
7530 0.0764888 1 314.417 0.4 0.5 0 0
7540 0.0764752 0.916667 315.333 0.4 0.5 0 0
7550 0.0764752 0.916667 315.333 0.4 0.5 0 0
7560 0.0764744 1 316.333 0.4 0.5 0 0
7570 0.0764744 1 316.333 0.4 0.5 0 0
7580 0.0764667 1 317.333 0.4 0.5 0 0
7590 0.0764667 1 317.333 0.4 0.5 0 0
7600 0.0764653 1 318.333 0.4 0.5 0 0
7610 0.0764653 1 318.333 0.4 0.5 0 0
7620 0.0764653 0.833333 319.167 0.4 0.5 0 0
7630 0.0764653 0.833333 319.167 0.4 0.5 0 0
7640 0.0764513 0.833333 320 0.4 0.5 0 0
7650 0.0764513 0.833333 320 0.4 0.5 0 0
7660 0.0764308 0.75 320.75 0.4 0.5 0 0
7670 0.0764308 0.75 320.75 0.4 0.5 0 0
7680 0.0764303 0.833333 321.583 0.4 0.5 0 0
7690 0.0764303 0.833333 321.583 0.4 0.5 0 0
7700 0.0764303 0.833333 322.417 0.4 0.5 0 0
7710 0.0764303 0.833333 322.417 0.4 0.5 0 0
7720 0.0764244 0.833333 323.25 0.4 0.5 0 0
7730 0.0764244 0.833333 323.25 0.4 0.5 0 0
7740 0.0764244 0.833333 324.083 0.4 0.5 0 0
7750 0.0764244 0.833333 324.083 0.4 0.5 0 0
7760 0.0764244 0.833333 324.917 0.4 0.5 0 0
7770 0.0764244 0.833333 324.917 0.4 0.5 0 0
7780 0.0764185 0.916667 325.833 0.4 0.5 0 0
7790 0.0764185 0.916667 325.833 0.4 0.5 0 0
7800 0.0763683 0.833333 326.667 0.4 0.5 0 0
7810 0.0763683 0.833333 326.667 0.4 0.5 0 0
7820 0.0762894 0.833333 327.5 0.4 0.5 0 0
7830 0.0762894 0.833333 327.5 0.4 0.5 0 0
7840 0.0762891 0.916667 328.417 0.4 0.5 0 0
7850 0.0762891 0.916667 328.417 0.4 0.5 0 0
7860 0.0762891 0.916667 329.333 0.4 0.5 0 0
7870 0.0762891 0.916667 329.333 0.4 0.5 0 0
7880 0.0762891 1 330.333 0.4 0.5 0 0
7890 0.0762891 1 330.333 0.4 0.5 0 0
7900 0.0762784 1 331.333 0.4 0.5 0 0
7910 0.0762784 1 331.333 0.4 0.5 0 0
7920 0.0762644 1 332.333 0.4 0.5 0 0
7930 0.0762644 1 332.333 0.4 0.5 0 0
7940 0.0762502 1 333.333 0.4 0.5 0 0
7950 0.0762502 1 333.333 0.4 0.5 0 0
7960 0.076237 0.916667 334.25 0.4 0.5 0 0
7970 0.076237 0.916667 334.25 0.4 0.5 0 0
7980 0.076224 0.916667 335.167 0.4 0.5 0 0
7990 0.076224 0.916667 335.167 0.4 0.5 0 0
8000 0.0762114 0.916667 336.083 0.4 0.5 0 0
8010 0.0762114 0.916667 336.083 0.4 0.5 0 0
8020 0.076199 0.916667 337 0.4 0.5 0 0
8030 0.076199 0.916667 337 0.4 0.5 0 0
8040 0.0761875 0.833333 337.833 0.4 0.5 0 0
8050 0.0761875 0.833333 337.833 0.4 0.5 0 0
8060 0.0761819 0.833333 338.667 0.4 0.5 0 0
8070 0.0761819 0.833333 338.667 0.4 0.5 0 0
8080 0.0761819 0.833333 339.5 0.4 0.5 0 0
8090 0.0761819 0.833333 339.5 0.4 0.5 0 0
8100 0.0761819 1 340.5 0.4 0.5 0 0
8110 0.0761819 1 340.5 0.4 0.5 0 0
8120 0.0761819 0.916667 341.417 0.4 0.5 0 0
8130 0.0761819 0.916667 341.417 0.4 0.5 0 0
8140 0.0761819 0.916667 342.333 0.4 0.5 0 0
8150 0.0761819 0.916667 342.333 0.4 0.5 0 0
8160 0.0761819 0.916667 343.25 0.4 0.5 0 0
8170 0.0761819 0.916667 343.25 0.4 0.5 0 0
8180 0.0761819 0.916667 344.167 0.4 0.5 0 0
8190 0.0761819 0.916667 344.167 0.4 0.5 0 0
8200 0.0761819 1 345.167 0.4 0.5 0 0
8210 0.0761819 1 345.167 0.403922 0.5 0 0
8220 0.0761819 1 346.167 0.4 0.5 0 0
8230 0.0761819 1 346.167 0.4 0.5 0 0
8240 0.0761819 1 347.167 0.4 0.5 0 0
8250 0.0761819 1 347.167 0.4 0.5 0 0
8260 0.0761819 1 348.167 0.4 0.5 0 0
8270 0.0761819 1 348.167 0.4 0.5 0 0
8280 0.0761819 1 349.167 0.4 0.5 0 0
8290 0.0761819 1 349.167 0.4 0.5 0 0
8300 0.0761058 1 350.167 0.4 0.5 0 0
8310 0.0761058 1 350.167 0.4 0.5 0 0
8320 0.0759739 1 351.167 0.4 0.5 0 0
8330 0.0759739 1 351.167 0.4 0.5 0 0
8340 0.0759475 1 352.167 0.4 0.5 0 0
8350 0.0759475 1 352.167 0.4 0.5 0 0
8360 0.0759311 1 353.167 0.4 0.5 0 0
8370 0.0759311 1 353.167 0.4 0.5 0 0
8380 0.0759119 1 354.167 0.4 0.5 0 0
8390 0.0759119 1 354.167 0.4 0.5 0 0
8400 0.0758925 0.916667 355.083 0.4 0.5 0 0
8410 0.0758925 0.916667 355.083 0.4 0.5 0 0
8420 0.0758771 0.833333 355.917 0.4 0.5 0 0
8430 0.0758771 0.833333 355.917 0.4 0.5 0 0
8440 0.0758611 0.916667 356.833 0.4 0.5 0 0
8450 0.0758611 0.916667 356.833 0.4 0.5 0 0
8460 0.0758229 1 357.833 0.4 0.5 0 0
8470 0.0758229 1 357.833 0.4 0.5 0 0
8480 0.0757673 1 358.833 0.4 0.5 0 0
8490 0.0757673 1 358.833 0.4 0.5 0 0
8500 0.0757231 1 359.833 0.4 0.5 0 0
8510 0.0757231 1 359.833 0.4 0.5 0 0
8520 0.0756822 1 360.833 0.4 0.5 0 0
8530 0.0756822 1 360.833 0.4 0.5 0 0
8540 0.0756365 1 361.833 0.4 0.5 0 0
8550 0.0756365 1 361.833 0.4 0.5 0 0
8560 0.0755993 1 362.833 0.4 0.5 0 0
8570 0.0755993 1 362.833 0.4 0.5 0 0
8580 0.0755843 1 363.833 0.4 0.5 0 0
8590 0.0755843 1 363.833 0.4 0.5 0 0
8600 0.0755787 1 364.833 0.4 0.5 0 0
8610 0.0755787 1 364.833 0.4 0.5 0 0
8620 0.0755655 1 365.833 0.4 0.5 0 0
8630 0.0755655 1 365.833 0.4 0.5 0 0
8640 0.0755494 1 366.833 0.4 0.5 0 0
8650 0.0755494 1 366.833 0.4 0.5 0 0
8660 0.0755372 1 367.833 0.4 0.5 0 0
8670 0.0755372 1 367.833 0.4 0.5 0 0
8680 0.0755291 0.916667 368.75 0.4 0.5 0 0
8690 0.0755291 0.916667 368.75 0.4 0.5 0 0
8700 0.0755291 0.916667 369.667 0.4 0.5 0 0
8710 0.0755291 0.916667 369.667 0.4 0.5 0 0
8720 0.0755291 0.75 370.417 0.4 0.5 0 0
8730 0.0755291 0.75 370.417 0.4 0.5 0 0
8740 0.075527 0.916667 371.333 0.4 0.5 0 0
8750 0.075527 0.916667 371.333 0.4 0.5 0 0
8760 0.075509 1 372.333 0.4 0.5 0 0
8770 0.075509 1 372.333 0.4 0.5 0 0
8780 0.0754949 1 373.333 0.4 0.5 0 0
8790 0.0754949 1 373.333 0.4 0.5 0 0
8800 0.0754896 1 374.333 0.4 0.5 0 0
8810 0.0754896 1 374.333 0.4 0.5 0 0
8820 0.0754896 1 375.333 0.4 0.5 0 0
8830 0.0754896 1 375.333 0.4 0.5 0 0
8840 0.0754896 1 376.333 0.4 0.5 0 0
8850 0.0754896 1 376.333 0.4 0.5 0 0
8860 0.0754781 1 377.333 0.4 0.5 0 0
8870 0.0754781 1 377.333 0.4 0.5 0 0
8880 0.0754651 0.916667 378.25 0.4 0.5 0 0
8890 0.0754651 0.916667 378.25 0.4 0.5 0 0
8900 0.0754651 1 379.25 0.4 0.5 0 0
8910 0.0754651 1 379.25 0.4 0.5 0 0
8920 0.0754651 0.75 380 0.4 0.5 0 0
8930 0.0754651 0.75 380 0.4 0.5 0 0
8940 0.0754651 0.666667 380.667 0.4 0.5 0 0
8950 0.0754651 0.666667 380.667 0.4 0.5 0 0
8960 0.0753579 0.833333 381.5 0.4 0.5 0 0
8970 0.0753579 0.833333 381.5 0.4 0.5 0 0
8980 0.0753565 0.833333 382.333 0.4 0.5 0 0
8990 0.0753565 0.833333 382.333 0.4 0.5 0 0
9000 0.0753565 0.666667 383 0.4 0.5 0 0
9010 0.0753565 0.666667 383 0.4 0.5 0 0
9020 0.0753565 0.833333 383.833 0.4 0.5 0 0
9030 0.0753565 0.833333 383.833 0.4 0.5 0 0
9040 0.0753565 0.75 384.583 0.4 0.5 0 0
9050 0.0753565 0.75 384.583 0.4 0.5 0 0
9060 0.0753565 0.75 385.333 0.4 0.5 0 0
9070 0.0753565 0.75 385.333 0.4 0.5 0 0
9080 0.0753565 0.833333 386.167 0.4 0.5 0 0
9090 0.0753565 0.833333 386.167 0.4 0.5 0 0
9100 0.0753565 0.833333 387 0.4 0.5 0 0
9110 0.0753565 0.833333 387 0.4 0.5 0 0
9120 0.0753565 0.833333 387.833 0.4 0.5 0 0
9130 0.0753565 0.833333 387.833 0.4 0.5 0 0
9140 0.0753565 0.833333 388.667 0.4 0.5 0 0
9150 0.0753565 0.833333 388.667 0.4 0.5 0 0
9160 0.0753565 0.75 389.417 0.4 0.5 0 0
9170 0.0753565 0.75 389.417 0.4 0.5 0 0
9180 0.0753565 0.75 390.167 0.4 0.5 0 0
9190 0.0753565 0.75 390.167 0.4 0.5 0 0
9200 0.0753565 0.75 390.917 0.4 0.5 0 0
9210 0.0753565 0.75 390.917 0.4 0.5 0 0
9220 0.0753565 0.75 391.667 0.4 0.5 0 0
9230 0.0753565 0.75 391.667 0.4 0.5 0 0
9240 0.0753565 0.666667 392.333 0.4 0.5 0 0
9250 0.0753565 0.666667 392.333 0.4 0.5 0 0
9260 0.0753565 0.75 393.083 0.4 0.5 0 0
9270 0.0753565 0.75 393.083 0.4 0.5 0 0
9280 0.0753565 0.666667 393.75 0.4 0.5 0 0
9290 0.0753565 0.666667 393.75 0.4 0.5 0 0
9300 0.0753565 0.666667 394.417 0.4 0.5 0 0
9310 0.0753565 0.666667 394.417 0.4 0.5 0 0
9320 0.0753565 0.833333 395.25 0.4 0.5 0 0
9330 0.0753565 0.833333 395.25 0.4 0.5 0 0
9340 0.0753565 0.833333 396.083 0.4 0.5 0 0
9350 0.0753565 0.833333 396.083 0.4 0.5 0 0
9360 0.0753565 0.833333 396.917 0.4 0.5 0 0
9370 0.0753565 0.833333 396.917 0.4 0.5 0 0
9380 0.0753565 0.75 397.667 0.4 0.5 0 0
9390 0.0753565 0.75 397.667 0.4 0.5 0 0
9400 0.0753565 0.833333 398.5 0.4 0.5 0 0
9410 0.0753565 0.833333 398.5 0.4 0.5 0 0
9420 0.0753565 0.833333 399.333 0.4 0.5 0 0
9430 0.0753565 0.833333 399.333 0.4 0.5 0 0
9440 0.0753565 0.75 400.083 0.4 0.5 0 0
9450 0.0753565 0.75 400.083 0.4 0.5 0 0
9460 0.0753565 0.75 400.833 0.4 0.5 0 0
9470 0.0753565 0.75 400.833 0.4 0.5 0 0
9480 0.0753565 0.75 401.583 0.4 0.5 0 0
9490 0.0753565 0.75 401.583 0.4 0.5 0 0
9500 0.0753565 0.583333 402.167 0.4 0.5 0 0
9510 0.0753565 0.583333 402.167 0.4 0.5 0 0
9520 0.0753565 0.833333 403 0.4 0.5 0 0
9530 0.0753565 0.833333 403 0.4 0.5 0 0
9540 0.0753565 0.833333 403.833 0.4 0.5 0 0
9550 0.0753565 0.833333 403.833 0.4 0.5 0 0
9560 0.0753565 0.833333 404.667 0.4 0.5 0 0
9570 0.0753565 0.833333 404.667 0.4 0.5 0 0
9580 0.0753565 0.833333 405.5 0.4 0.5 0 0
9590 0.0753565 0.833333 405.5 0.4 0.5 0 0
9600 0.0753565 0.833333 406.333 0.4 0.5 0 0
9610 0.0753565 0.833333 406.333 0.4 0.5 0 0
9620 0.0753565 0.75 407.083 0.4 0.5 0 0
9630 0.0753565 0.75 407.083 0.4 0.5 0 0
9640 0.0753565 0.666667 407.75 0.4 0.5 0 0
9650 0.0753565 0.666667 407.75 0.4 0.5 0 0
9660 0.0752812 0.583333 408.333 0.4 0.5 0 0
9670 0.0752812 0.583333 408.333 0.4 0.5 0 0
9680 0.0752777 0.833333 409.167 0.4 0.5 0 0
9690 0.0752777 0.833333 409.167 0.4 0.5 0 0
9700 0.0752777 0.833333 410 0.4 0.5 0 0
9710 0.0752777 0.833333 410 0.4 0.5 0 0
9720 0.0752777 0.833333 410.833 0.4 0.5 0 0
9730 0.0752777 0.833333 410.833 0.4 0.5 0 0
9740 0.0752777 0.833333 411.667 0.4 0.5 0 0
9750 0.0752777 0.833333 411.667 0.4 0.5 0 0
9760 0.0752777 0.833333 412.5 0.4 0.5 0 0
9770 0.0752777 0.833333 412.5 0.4 0.5 0 0
9780 0.0752777 0.833333 413.333 0.4 0.5 0 0
9790 0.0752777 0.833333 413.333 0.4 0.5 0 0
9800 0.0752777 0.583333 413.917 0.4 0.5 0 0
9810 0.0752777 0.583333 413.917 0.4 0.5 0 0
9820 0.0752777 0.666667 414.583 0.4 0.5 0 0
9830 0.0752777 0.666667 414.583 0.4 0.5 0 0
9840 0.0752777 0.666667 415.25 0.4 0.5 0 0
9850 0.0752777 0.666667 415.25 0.4 0.5 0 0
9860 0.0752777 0.75 416 0.4 0.5 0 0
9870 0.0752777 0.75 416 0.4 0.5 0 0
9880 0.0752777 0.75 416.75 0.4 0.5 0 0
9890 0.0752777 0.75 416.75 0.4 0.5 0 0
9900 0.0752777 0.833333 417.583 0.4 0.5 0 0
9910 0.0752777 0.833333 417.583 0.4 0.5 0 0
9920 0.0752777 0.75 418.333 0.4 0.5 0 0
9930 0.0752777 0.75 418.333 0.4 0.5 0 0
9940 0.0752777 0.75 419.083 0.4 0.5 0 0
9950 0.0752777 0.75 419.083 0.4 0.5 0 0
9960 0.0752777 0.75 419.833 0.4 0.5 0 0
9970 0.0752777 0.75 419.833 0.4 0.5 0 0
9980 0.0752777 0.666667 420.5 0.4 0.5 0 0
9990 0.0752777 0.666667 420.5 0.4 0.5 0 0
10000 0.0752777 0.666667 421.167 0.4 0.5 0 0
10010 0.0752777 0.666667 421.167 0.4 0.5 0 0
10020 0.0752777 0.5 421.667 0.4 0.5 0 0
10030 0.0752777 0.5 421.667 0.4 0.5 0 0
10040 0.0752777 0.5 422.167 0.4 0.5 0 0
10050 0.0752777 0.5 422.167 0.4 0.5 0 0
10060 0.0752777 0.5 422.667 0.4 0.5 0 0
10070 0.0752777 0.5 422.667 0.4 0.5 0 0
10080 0.0752777 0.5 423.167 0.4 0.5 0 0
10090 0.0752777 0.5 423.167 0.4 0.5 0 0
10100 0.0758491 0.666667 423.833 0.4 0.5 0 0
10110 0.0758491 0.666667 423.833 0.396078 0.5 0 0
10120 0.0773759 0.833333 424.667 0.396078 0.5 0 0
10130 0.0773759 0.833333 424.667 0.392157 0.5 0 0
10140 0.0793045 0.833333 425.5 0.388235 0.5 0 0
10150 0.0793045 0.833333 425.5 0.388235 0.5 0 0
10160 0.0800359 0.833333 426.333 0.388235 0.5 0 0
10170 0.0800359 0.833333 426.333 0.388235 0.5 0 0
10180 0.0800654 0.833333 427.167 0.388235 0.5 0 0
10190 0.0800654 0.833333 427.167 0.388235 0.5 0 0
10200 0.0804421 0.75 427.917 0.388235 0.5 0 0
10210 0.0804421 0.75 427.917 0.388235 0.5 0 0
10220 0.0807414 0.833333 428.75 0.388235 0.5 0 0
10230 0.0807414 0.833333 428.75 0.388235 0.5 0 0
10240 0.080538 0.666667 429.417 0.388235 0.5 0 0
10250 0.080538 0.666667 429.417 0.384314 0.5 0 0
10260 0.0803592 0.833333 430.25 0.384314 0.5 0 0
10270 0.0803592 0.833333 430.25 0.384314 0.5 0 0
10280 0.0803401 0.833333 431.083 0.384314 0.5 0 0
10290 0.0803401 0.833333 431.083 0.384314 0.5 0 0
10300 0.0802967 0.833333 431.917 0.384314 0.5 0 0
10310 0.0802967 0.833333 431.917 0.380392 0.5 0 0
10320 0.0797974 0.916667 432.833 0.380392 0.5 0 0
10330 0.0797974 0.916667 432.833 0.380392 0.5 0 0
10340 0.0797262 1 433.833 0.380392 0.5 0 0
10350 0.0797262 1 433.833 0.380392 0.5 0 0
10360 0.079707 1 434.833 0.380392 0.5 0 0
10370 0.079707 1 434.833 0.384314 0.5 0 0
10380 0.0796783 1 435.833 0.380392 0.5 0 0
10390 0.0796783 1 435.833 0.380392 0.5 0 0
10400 0.0796514 1 436.833 0.380392 0.5 0 0
10410 0.0796514 1 436.833 0.384314 0.5 0 0
10420 0.0796331 1 437.833 0.384314 0.5 0 0
10430 0.0796331 1 437.833 0.384314 0.5 0 0
10440 0.0796278 1 438.833 0.380392 0.5 0 0
10450 0.0796278 1 438.833 0.380392 0.5 0 0
10460 0.0796159 0.916667 439.75 0.384314 0.5 0 0
10470 0.0796159 0.916667 439.75 0.384314 0.5 0 0
10480 0.0795659 1 440.75 0.380392 0.5 0 0
10490 0.0795659 1 440.75 0.380392 0.5 0 0
10500 0.0795559 1 441.75 0.384314 0.5 0 0
10510 0.0795559 1 441.75 0.384314 0.5 0 0
10520 0.0795458 1 442.75 0.384314 0.5 0 0
10530 0.0795458 1 442.75 0.384314 0.5 0 0
10540 0.0795379 1 443.75 0.380392 0.5 0 0
10550 0.0795379 1 443.75 0.380392 0.5 0 0
10560 0.079531 0.916667 444.667 0.384314 0.5 0 0
10570 0.079531 0.916667 444.667 0.380392 0.5 0 0
10580 0.0795034 0.833333 445.5 0.384314 0.5 0 0
10590 0.0795034 0.833333 445.5 0.384314 0.5 0 0
10600 0.0794685 0.833333 446.333 0.384314 0.5 0 0
10610 0.0794685 0.833333 446.333 0.384314 0.5 0 0
10620 0.0794347 0.833333 447.167 0.380392 0.5 0 0
10630 0.0794347 0.833333 447.167 0.384314 0.5 0 0
10640 0.0793844 0.833333 448 0.384314 0.5 0 0
10650 0.0793844 0.833333 448 0.380392 0.5 0 0
10660 0.0793477 0.75 448.75 0.384314 0.5 0 0
10670 0.0793477 0.75 448.75 0.380392 0.5 0 0
10680 0.0793402 0.666667 449.417 0.384314 0.5 0 0
10690 0.0793402 0.666667 449.417 0.384314 0.5 0 0
10700 0.0793315 0.583333 450 0.380392 0.5 0 0
10710 0.0793315 0.583333 450 0.384314 0.5 0 0
10720 0.0793226 0.833333 450.833 0.380392 0.5 0 0
10730 0.0793226 0.833333 450.833 0.384314 0.5 0 0
10740 0.0792773 0.833333 451.667 0.384314 0.5 0 0
10750 0.0792773 0.833333 451.667 0.384314 0.5 0 0
10760 0.079232 0.916667 452.583 0.384314 0.5 0 0
10770 0.079232 0.916667 452.583 0.384314 0.5 0 0
10780 0.0791944 0.916667 453.5 0.384314 0.5 0 0
10790 0.0791944 0.916667 453.5 0.384314 0.5 0 0
10800 0.0791807 0.916667 454.417 0.384314 0.5 0 0
10810 0.0791807 0.916667 454.417 0.384314 0.5 0 0
10820 0.0791725 0.75 455.167 0.384314 0.5 0 0
10830 0.0791725 0.75 455.167 0.384314 0.5 0 0
10840 0.0791242 0.75 455.917 0.384314 0.5 0 0
10850 0.0791242 0.75 455.917 0.384314 0.5 0 0
10860 0.0789764 0.75 456.667 0.384314 0.5 0 0
10870 0.0789764 0.75 456.667 0.384314 0.5 0 0
10880 0.0789764 0.833333 457.5 0.384314 0.5 0 0
10890 0.0789764 0.833333 457.5 0.384314 0.5 0 0
10900 0.0789764 0.833333 458.333 0.384314 0.5 0 0
10910 0.0789764 0.833333 458.333 0.384314 0.5 0 0
10920 0.0789764 0.666667 459 0.384314 0.5 0 0
10930 0.0789764 0.666667 459 0.384314 0.5 0 0
10940 0.0789764 0.583333 459.583 0.384314 0.5 0 0
10950 0.0789764 0.583333 459.583 0.384314 0.5 0 0
10960 0.0789764 0.583333 460.167 0.384314 0.5 0 0
10970 0.0789764 0.583333 460.167 0.384314 0.5 0 0
10980 0.0789432 0.5 460.667 0.384314 0.5 0 0
10990 0.0789432 0.5 460.667 0.384314 0.5 0 0
11000 0.0789286 0.75 461.417 0.384314 0.5 0 0
11010 0.0789286 0.75 461.417 0.384314 0.5 0 0
11020 0.0786694 0.833333 462.25 0.384314 0.5 0 0
11030 0.0786694 0.833333 462.25 0.384314 0.5 0 0
11040 0.0784609 0.833333 463.083 0.384314 0.5 0 0
11050 0.0784609 0.833333 463.083 0.384314 0.5 0 0
11060 0.0784553 0.833333 463.917 0.384314 0.5 0 0
11070 0.0784553 0.833333 463.917 0.384314 0.5 0 0
11080 0.0783858 0.833333 464.75 0.384314 0.5 0 0
11090 0.0783858 0.833333 464.75 0.388235 0.5 0 0
11100 0.0782142 0.666667 465.417 0.384314 0.5 0 0
11110 0.0782142 0.666667 465.417 0.388235 0.5 0 0
11120 0.0782142 0.5 465.917 0.388235 0.5 0 0
11130 0.0782142 0.5 465.917 0.388235 0.5 0 0
11140 0.0778826 0.5 466.417 0.388235 0.5 0 0
11150 0.0778826 0.5 466.417 0.388235 0.5 0 0
11160 0.0778647 0.583333 467 0.388235 0.5 0 0
11170 0.0778647 0.583333 467 0.388235 0.5 0 0
11180 0.0777616 0.583333 467.583 0.388235 0.5 0 0
11190 0.0777616 0.583333 467.583 0.388235 0.5 0 0
11200 0.0776248 0.5 468.083 0.388235 0.5 0 0
11210 0.0776248 0.5 468.083 0.388235 0.5 0 0
11220 0.0775861 0.5 468.583 0.388235 0.5 0 0
11230 0.0775861 0.5 468.583 0.388235 0.5 0 0
11240 0.0774928 0.583333 469.167 0.388235 0.5 0 0
11250 0.0774928 0.583333 469.167 0.388235 0.5 0 0
11260 0.0774928 0.583333 469.75 0.388235 0.5 0 0
11270 0.0774928 0.583333 469.75 0.388235 0.5 0 0
11280 0.0774928 0.583333 470.333 0.388235 0.5 0 0
11290 0.0774928 0.583333 470.333 0.388235 0.5 0 0
11300 0.0774928 0.666667 471 0.388235 0.5 0 0
11310 0.0774928 0.666667 471 0.388235 0.5 0 0
11320 0.0774928 0.75 471.75 0.388235 0.5 0 0
11330 0.0774928 0.75 471.75 0.392157 0.5 0 0
11340 0.0773032 0.666667 472.417 0.388235 0.5 0 0
11350 0.0773032 0.666667 472.417 0.388235 0.5 0 0
11360 0.0769916 0.75 473.167 0.388235 0.5 0 0
11370 0.0769916 0.75 473.167 0.388235 0.5 0 0
11380 0.0769915 0.75 473.917 0.388235 0.5 0 0
11390 0.0769915 0.75 473.917 0.388235 0.5 0 0
11400 0.0769915 0.75 474.667 0.388235 0.5 0 0
11410 0.0769915 0.75 474.667 0.388235 0.5 0 0
11420 0.0769915 0.75 475.417 0.388235 0.5 0 0
11430 0.0769915 0.75 475.417 0.388235 0.5 0 0
11440 0.0769915 0.75 476.167 0.388235 0.5 0 0
11450 0.0769915 0.75 476.167 0.388235 0.5 0 0
11460 0.0768975 0.666667 476.833 0.392157 0.5 0 0
11470 0.0768975 0.666667 476.833 0.388235 0.5 0 0
11480 0.0767295 0.833333 477.667 0.388235 0.5 0 0
11490 0.0767295 0.833333 477.667 0.388235 0.5 0 0
11500 0.0767293 0.833333 478.5 0.388235 0.5 0 0
11510 0.0767293 0.833333 478.5 0.388235 0.5 0 0
11520 0.0767293 0.833333 479.333 0.388235 0.5 0 0
11530 0.0767293 0.833333 479.333 0.388235 0.5 0 0
11540 0.0767293 0.833333 480.167 0.388235 0.5 0 0
11550 0.0767293 0.833333 480.167 0.388235 0.5 0 0
11560 0.0767293 0.833333 481 0.388235 0.5 0 0
11570 0.0767293 0.833333 481 0.388235 0.5 0 0
11580 0.0767293 0.833333 481.833 0.388235 0.5 0 0
11590 0.0767293 0.833333 481.833 0.388235 0.5 0 0
11600 0.0767265 0.833333 482.667 0.388235 0.5 0 0
11610 0.0767265 0.833333 482.667 0.388235 0.5 0 0
11620 0.0766016 0.75 483.417 0.388235 0.5 0 0
11630 0.0766016 0.75 483.417 0.388235 0.5 0 0
11640 0.0765874 0.833333 484.25 0.388235 0.5 0 0
11650 0.0765874 0.833333 484.25 0.388235 0.5 0 0
11660 0.0765262 0.833333 485.083 0.388235 0.5 0 0
11670 0.0765262 0.833333 485.083 0.388235 0.5 0 0
11680 0.076523 0.75 485.833 0.388235 0.5 0 0
11690 0.076523 0.75 485.833 0.388235 0.5 0 0
11700 0.0764619 0.833333 486.667 0.388235 0.5 0 0
11710 0.0764619 0.833333 486.667 0.388235 0.5 0 0
11720 0.0764563 0.833333 487.5 0.388235 0.5 0 0
11730 0.0764563 0.833333 487.5 0.392157 0.5 0 0
11740 0.0764548 0.833333 488.333 0.388235 0.5 0 0
11750 0.0764548 0.833333 488.333 0.388235 0.5 0 0
11760 0.0764517 0.833333 489.167 0.388235 0.5 0 0
11770 0.0764517 0.833333 489.167 0.388235 0.5 0 0
11780 0.0764501 0.833333 490 0.388235 0.5 0 0
11790 0.0764501 0.833333 490 0.388235 0.5 0 0
11800 0.0764434 0.75 490.75 0.388235 0.5 0 0
11810 0.0764434 0.75 490.75 0.388235 0.5 0 0
11820 0.0764349 0.666667 491.417 0.388235 0.5 0 0
11830 0.0764349 0.666667 491.417 0.388235 0.5 0 0
11840 0.0764246 0.666667 492.083 0.388235 0.5 0 0
11850 0.0764246 0.666667 492.083 0.388235 0.5 0 0
11860 0.0764188 0.75 492.833 0.388235 0.5 0 0
11870 0.0764188 0.75 492.833 0.388235 0.5 0 0
11880 0.0764055 0.833333 493.667 0.388235 0.5 0 0
11890 0.0764055 0.833333 493.667 0.388235 0.5 0 0
11900 0.0763974 0.833333 494.5 0.388235 0.5 0 0
11910 0.0763974 0.833333 494.5 0.388235 0.5 0 0
11920 0.0763926 0.666667 495.167 0.388235 0.5 0 0
11930 0.0763926 0.666667 495.167 0.388235 0.5 0 0
11940 0.0763243 0.75 495.917 0.388235 0.5 0 0
11950 0.0763243 0.75 495.917 0.388235 0.5 0 0
11960 0.0763228 0.833333 496.75 0.388235 0.5 0 0
11970 0.0763228 0.833333 496.75 0.388235 0.5 0 0
11980 0.0762632 0.833333 497.583 0.388235 0.5 0 0
11990 0.0762632 0.833333 497.583 0.392157 0.5 0 0
12000 0.075114 0.833333 498.417 0.392157 0.5 0 0
12010 0.075114 0.833333 498.417 0.392157 0.5 0 0
12020 0.075055 0.666667 499.083 0.392157 0.5 0 0
12030 0.075055 0.666667 499.083 0.388235 0.5 0 0
12040 0.0750534 0.75 499.833 0.392157 0.5 0 0
12050 0.0750534 0.75 499.833 0.392157 0.5 0 0
12060 0.0750534 0.75 500.583 0.388235 0.5 0 0
12070 0.0750534 0.75 500.583 0.392157 0.5 0 0
12080 0.0750534 0.75 501.333 0.392157 0.5 0 0
12090 0.0750534 0.75 501.333 0.392157 0.5 0 0
12100 0.0743636 0.833333 502.167 0.392157 0.5 0 0
12110 0.0743636 0.833333 502.167 0.392157 0.5 0 0
12120 0.0743787 0.833333 503 0.392157 0.5 0 0
12130 0.0743787 0.833333 503 0.388235 0.5 0 0
12140 0.0750645 0.833333 503.833 0.388235 0.5 0 0
12150 0.0750645 0.833333 503.833 0.388235 0.5 0 0
12160 0.0755541 0.666667 504.5 0.388235 0.5 0 0
12170 0.0755541 0.666667 504.5 0.384314 0.5 0 0
12180 0.0763876 0.666667 505.167 0.384314 0.5 0 0
12190 0.0763876 0.666667 505.167 0.380392 0.5 0 0
12200 0.076855 0.666667 505.833 0.380392 0.5 0 0
12210 0.076855 0.666667 505.833 0.380392 0.5 0 0
12220 0.0777107 0.75 506.583 0.380392 0.5 0 0
12230 0.0777107 0.75 506.583 0.380392 0.5 0 0
12240 0.0781686 0.833333 507.417 0.376471 0.5 0 0
12250 0.0781686 0.833333 507.417 0.376471 0.5 0 0
12260 0.0784264 0.833333 508.25 0.372549 0.5 0 0
12270 0.0784264 0.833333 508.25 0.372549 0.5 0 0
12280 0.0784776 0.916667 509.167 0.372549 0.5 0 0
12290 0.0784776 0.916667 509.167 0.372549 0.5 0 0
12300 0.078521 1 510.167 0.372549 0.5 0 0
12310 0.078521 1 510.167 0.372549 0.5 0 0
12320 0.0784524 1 511.167 0.372549 0.5 0 0
12330 0.0784524 1 511.167 0.372549 0.5 0 0
12340 0.0783979 1 512.167 0.372549 0.5 0 0
12350 0.0783979 1 512.167 0.372549 0.5 0 0
12360 0.0783938 1 513.167 0.372549 0.5 0 0
12370 0.0783938 1 513.167 0.372549 0.5 0 0
12380 0.0782803 1 514.167 0.372549 0.5 0 0
12390 0.0782803 1 514.167 0.372549 0.5 0 0
12400 0.07824 1 515.167 0.372549 0.5 0 0
12410 0.07824 1 515.167 0.372549 0.5 0 0
12420 0.0782363 1 516.167 0.372549 0.5 0 0
12430 0.0782363 1 516.167 0.372549 0.5 0 0
12440 0.0782463 0.916667 517.083 0.368627 0.5 0 0
12450 0.0782463 0.916667 517.083 0.368627 0.5 0 0
12460 0.078185 0.916667 518 0.368627 0.5 0 0
12470 0.078185 0.916667 518 0.368627 0.5 0 0
12480 0.0779476 1 519 0.368627 0.5 0 0
12490 0.0779476 1 519 0.372549 0.5 0 0
12500 0.0778853 1 520 0.368627 0.5 0 0
12510 0.0778853 1 520 0.368627 0.5 0 0
12520 0.0778289 1 521 0.368627 0.5 0 0
12530 0.0778289 1 521 0.368627 0.5 0 0
12540 0.0778308 1 522 0.368627 0.5 0 0
12550 0.0778308 1 522 0.368627 0.5 0 0
12560 0.077703 1 523 0.368627 0.5 0 0
12570 0.077703 1 523 0.372549 0.5 0 0
12580 0.0768991 1 524 0.372549 0.5 0 0
12590 0.0768991 1 524 0.372549 0.5 0 0
12600 0.0757267 1 525 0.376471 0.5 0 0
12610 0.0757267 1 525 0.376471 0.5 0 0
12620 0.074771 1 526 0.376471 0.5 0 0
12630 0.074771 1 526 0.376471 0.5 0 0
12640 0.074757 0.916667 526.917 0.376471 0.5 0 0
12650 0.074757 0.916667 526.917 0.376471 0.5 0 0
12660 0.0747614 0.916667 527.833 0.376471 0.5 0 0
12670 0.0747614 0.916667 527.833 0.376471 0.5 0 0
12680 0.0748814 0.916667 528.75 0.376471 0.5 0 0
12690 0.0748814 0.916667 528.75 0.376471 0.5 0 0
12700 0.0750226 0.916667 529.667 0.376471 0.5 0 0
12710 0.0750226 0.916667 529.667 0.376471 0.5 0 0
12720 0.075102 0.916667 530.583 0.376471 0.5 0 0
12730 0.075102 0.916667 530.583 0.376471 0.5 0 0
12740 0.0750869 0.916667 531.5 0.376471 0.5 0 0
12750 0.0750869 0.916667 531.5 0.376471 0.5 0 0
12760 0.0750491 0.916667 532.417 0.376471 0.5 0 0
12770 0.0750491 0.916667 532.417 0.376471 0.5 0 0
12780 0.0750055 0.916667 533.333 0.376471 0.5 0 0
12790 0.0750055 0.916667 533.333 0.376471 0.5 0 0
12800 0.0749817 0.916667 534.25 0.376471 0.5 0 0
12810 0.0749817 0.916667 534.25 0.376471 0.5 0 0
12820 0.0749697 0.833333 535.083 0.372549 0.5 0 0
12830 0.0749697 0.833333 535.083 0.376471 0.5 0 0
12840 0.0749745 0.916667 536 0.376471 0.5 0 0
12850 0.0749745 0.916667 536 0.376471 0.5 0 0
12860 0.0749745 0.916667 536.917 0.376471 0.5 0 0
12870 0.0749745 0.916667 536.917 0.376471 0.5 0 0
12880 0.0749589 1 537.917 0.376471 0.5 0 0
12890 0.0749589 1 537.917 0.376471 0.5 0 0
12900 0.0748489 0.916667 538.833 0.376471 0.5 0 0
12910 0.0748489 0.916667 538.833 0.376471 0.5 0 0
12920 0.0748183 0.916667 539.75 0.376471 0.5 0 0
12930 0.0748183 0.916667 539.75 0.376471 0.5 0 0
12940 0.0747805 1 540.75 0.376471 0.5 0 0
12950 0.0747805 1 540.75 0.376471 0.5 0 0
12960 0.0747698 1 541.75 0.376471 0.5 0 0
12970 0.0747698 1 541.75 0.376471 0.5 0 0
12980 0.0747601 1 542.75 0.376471 0.5 0 0
12990 0.0747601 1 542.75 0.376471 0.5 0 0
13000 0.0747012 1 543.75 0.376471 0.5 0 0
13010 0.0747012 1 543.75 0.376471 0.5 0 0
13020 0.0746301 1 544.75 0.376471 0.5 0 0
13030 0.0746301 1 544.75 0.376471 0.5 0 0
13040 0.074598 0.583333 545.333 0.380392 0.5 0 0
13050 0.074598 0.583333 545.333 0.380392 0.5 0 0
13060 0.0744685 0.666667 546 0.376471 0.5 0 0
13070 0.0744685 0.666667 546 0.380392 0.5 0 0
13080 0.0744479 0.833333 546.833 0.380392 0.5 0 0
13090 0.0744479 0.833333 546.833 0.376471 0.5 0 0
13100 0.0744409 0.833333 547.667 0.376471 0.5 0 0
13110 0.0744409 0.833333 547.667 0.376471 0.5 0 0
13120 0.0743832 0.916667 548.583 0.380392 0.5 0 0
13130 0.0743832 0.916667 548.583 0.380392 0.5 0 0
13140 0.0743706 0.916667 549.5 0.380392 0.5 0 0
13150 0.0743706 0.916667 549.5 0.380392 0.5 0 0
13160 0.074358 0.916667 550.417 0.376471 0.5 0 0
13170 0.074358 0.916667 550.417 0.376471 0.5 0 0
13180 0.0741788 0.916667 551.333 0.380392 0.5 0 0
13190 0.0741788 0.916667 551.333 0.376471 0.5 0 0
13200 0.0740484 1 552.333 0.380392 0.5 0 0
13210 0.0740484 1 552.333 0.380392 0.5 0 0
13220 0.0739894 1 553.333 0.380392 0.5 0 0
13230 0.0739894 1 553.333 0.380392 0.5 0 0
13240 0.0736914 1 554.333 0.380392 0.5 0 0
13250 0.0736914 1 554.333 0.380392 0.5 0 0
13260 0.0735389 1 555.333 0.380392 0.5 0 0
13270 0.0735389 1 555.333 0.380392 0.5 0 0
13280 0.07324 0.916667 556.25 0.384314 0.5 0 0
13290 0.07324 0.916667 556.25 0.384314 0.5 0 0
13300 0.0730477 0.916667 557.167 0.384314 0.5 0 0
13310 0.0730477 0.916667 557.167 0.384314 0.5 0 0
13320 0.0730378 0.916667 558.083 0.384314 0.5 0 0
13330 0.0730378 0.916667 558.083 0.384314 0.5 0 0
13340 0.0730254 0.916667 559 0.384314 0.5 0 0
13350 0.0730254 0.916667 559 0.384314 0.5 0 0
13360 0.0730143 0.916667 559.917 0.384314 0.5 0 0
13370 0.0730143 0.916667 559.917 0.384314 0.5 0 0
13380 0.0730068 0.916667 560.833 0.384314 0.5 0 0
13390 0.0730068 0.916667 560.833 0.384314 0.5 0 0
13400 0.0729954 0.833333 561.667 0.384314 0.5 0 0
13410 0.0729954 0.833333 561.667 0.384314 0.5 0 0
13420 0.07296 0.833333 562.5 0.384314 0.5 0 0
13430 0.07296 0.833333 562.5 0.384314 0.5 0 0
13440 0.072947 0.833333 563.333 0.384314 0.5 0 0
13450 0.072947 0.833333 563.333 0.384314 0.5 0 0
13460 0.0729113 0.75 564.083 0.384314 0.5 0 0
13470 0.0729113 0.75 564.083 0.384314 0.5 0 0
13480 0.0728502 1 565.083 0.384314 0.5 0 0
13490 0.0728502 1 565.083 0.384314 0.5 0 0
13500 0.0728409 1 566.083 0.384314 0.5 0 0
13510 0.0728409 1 566.083 0.384314 0.5 0 0
13520 0.0727947 1 567.083 0.384314 0.5 0 0
13530 0.0727947 1 567.083 0.384314 0.5 0 0
13540 0.0727734 1 568.083 0.384314 0.5 0 0
13550 0.0727734 1 568.083 0.384314 0.5 0 0
13560 0.0727639 1 569.083 0.384314 0.5 0 0
13570 0.0727639 1 569.083 0.384314 0.5 0 0
13580 0.0727487 1 570.083 0.384314 0.5 0 0
13590 0.0727487 1 570.083 0.384314 0.5 0 0
13600 0.0727487 1 571.083 0.384314 0.5 0 0
13610 0.0727487 1 571.083 0.384314 0.5 0 0
13620 0.072743 0.916667 572 0.384314 0.5 0 0
13630 0.072743 0.916667 572 0.384314 0.5 0 0
13640 0.072752 1 573 0.384314 0.5 0 0
13650 0.072752 1 573 0.384314 0.5 0 0
13660 0.0727448 1 574 0.384314 0.5 0 0
13670 0.0727448 1 574 0.384314 0.5 0 0
13680 0.0727355 0.916667 574.917 0.384314 0.5 0 0
13690 0.0727355 0.916667 574.917 0.384314 0.5 0 0
13700 0.0728371 0.916667 575.833 0.384314 0.5 0 0
13710 0.0728371 0.916667 575.833 0.384314 0.5 0 0
13720 0.0729461 0.916667 576.75 0.384314 0.5 0 0
13730 0.0729461 0.916667 576.75 0.384314 0.5 0 0
13740 0.0729168 0.916667 577.667 0.384314 0.5 0 0
13750 0.0729168 0.916667 577.667 0.384314 0.5 0 0
13760 0.0728232 0.916667 578.583 0.384314 0.5 0 0
13770 0.0728232 0.916667 578.583 0.384314 0.5 0 0
13780 0.0722767 0.833333 579.417 0.384314 0.5 0 0
13790 0.0722767 0.833333 579.417 0.384314 0.5 0 0
13800 0.0722179 0.833333 580.25 0.388235 0.5 0 0
13810 0.0722179 0.833333 580.25 0.388235 0.5 0 0
13820 0.0721892 0.833333 581.083 0.384314 0.5 0 0
13830 0.0721892 0.833333 581.083 0.388235 0.5 0 0
13840 0.071986 0.833333 581.917 0.388235 0.5 0 0
13850 0.071986 0.833333 581.917 0.388235 0.5 0 0
13860 0.0710585 0.833333 582.75 0.392157 0.5 0 0
13870 0.0710585 0.833333 582.75 0.388235 0.5 0 0
13880 0.0709496 0.833333 583.583 0.388235 0.5 0 0
13890 0.0709496 0.833333 583.583 0.388235 0.5 0 0
13900 0.0709319 1 584.583 0.388235 0.5 0 0
13910 0.0709319 1 584.583 0.388235 0.5 0 0
13920 0.0709316 1 585.583 0.388235 0.5 0 0
13930 0.0709316 1 585.583 0.388235 0.5 0 0
13940 0.0709313 1 586.583 0.392157 0.5 0 0
13950 0.0709313 1 586.583 0.388235 0.5 0 0
13960 0.0709313 1 587.583 0.388235 0.5 0 0
13970 0.0709313 1 587.583 0.388235 0.5 0 0
13980 0.0709272 0.916667 588.5 0.388235 0.5 0 0
13990 0.0709272 0.916667 588.5 0.388235 0.5 0 0
14000 0.0709169 0.916667 589.417 0.388235 0.5 0 0
14010 0.0709169 0.916667 589.417 0.388235 0.5 0 0
14020 0.0709053 0.916667 590.333 0.388235 0.5 0 0
14030 0.0709053 0.916667 590.333 0.388235 0.5 0 0
14040 0.070895 0.916667 591.25 0.388235 0.5 0 0
14050 0.070895 0.916667 591.25 0.392157 0.5 0 0
14060 0.0708871 0.916667 592.167 0.388235 0.5 0 0
14070 0.0708871 0.916667 592.167 0.392157 0.5 0 0
14080 0.0708848 0.916667 593.083 0.388235 0.5 0 0
14090 0.0708848 0.916667 593.083 0.392157 0.5 0 0
14100 0.0708825 0.833333 593.917 0.388235 0.5 0 0
14110 0.0708825 0.833333 593.917 0.388235 0.5 0 0
14120 0.0708741 0.666667 594.583 0.388235 0.5 0 0
14130 0.0708741 0.666667 594.583 0.392157 0.5 0 0
14140 0.0708566 0.75 595.333 0.388235 0.5 0 0
14150 0.0708566 0.75 595.333 0.388235 0.5 0 0
14160 0.070311 0.75 596.083 0.392157 0.5 0 0
14170 0.070311 0.75 596.083 0.392157 0.5 0 0
14180 0.0702868 0.75 596.833 0.388235 0.5 0 0
14190 0.0702868 0.75 596.833 0.388235 0.5 0 0
14200 0.0702868 0.75 597.583 0.392157 0.5 0 0
14210 0.0702868 0.75 597.583 0.388235 0.5 0 0
14220 0.0702868 0.75 598.333 0.388235 0.5 0 0
14230 0.0702868 0.75 598.333 0.388235 0.5 0 0
14240 0.0702868 0.833333 599.167 0.392157 0.5 0 0
14250 0.0702868 0.833333 599.167 0.388235 0.5 0 0
14260 0.0692196 0.833333 600 0.4 0.5 0 0
14270 0.0692196 0.833333 600 0.4 0.5 0 0
14280 0.0691904 0.75 600.75 0.4 0.5 0 0
14290 0.0691904 0.75 600.75 0.4 0.5 0 0
14300 0.0691904 0.833333 601.583 0.4 0.5 0 0
14310 0.0691904 0.833333 601.583 0.4 0.5 0 0
14320 0.0691904 0.75 602.333 0.4 0.5 0 0
14330 0.0691904 0.75 602.333 0.4 0.5 0 0
14340 0.0691904 0.833333 603.167 0.4 0.5 0 0
14350 0.0691904 0.833333 603.167 0.403922 0.5 0 0
14360 0.0691904 0.833333 604 0.4 0.5 0 0
14370 0.0691904 0.833333 604 0.4 0.5 0 0
14380 0.0691904 0.833333 604.833 0.4 0.5 0 0
14390 0.0691904 0.833333 604.833 0.4 0.5 0 0
14400 0.0691904 0.833333 605.667 0.4 0.5 0 0
14410 0.0691904 0.833333 605.667 0.4 0.5 0 0
14420 0.0691904 0.833333 606.5 0.4 0.5 0 0
14430 0.0691904 0.833333 606.5 0.403922 0.5 0 0
14440 0.0691904 0.833333 607.333 0.4 0.5 0 0
14450 0.0691904 0.833333 607.333 0.4 0.5 0 0
14460 0.0691904 0.833333 608.167 0.4 0.5 0 0
14470 0.0691904 0.833333 608.167 0.4 0.5 0 0
14480 0.0691904 0.833333 609 0.4 0.5 0 0
14490 0.0691904 0.833333 609 0.4 0.5 0 0
14500 0.0691904 0.833333 609.833 0.4 0.5 0 0
14510 0.0691904 0.833333 609.833 0.4 0.5 0 0
14520 0.0691904 0.833333 610.667 0.4 0.5 0 0
14530 0.0691904 0.833333 610.667 0.4 0.5 0 0
14540 0.0691904 0.75 611.417 0.4 0.5 0 0
14550 0.0691904 0.75 611.417 0.4 0.5 0 0
14560 0.0691904 0.666667 612.083 0.4 0.5 0 0
14570 0.0691904 0.666667 612.083 0.403922 0.5 0 0
14580 0.0691904 0.833333 612.917 0.403922 0.5 0 0
14590 0.0691904 0.833333 612.917 0.4 0.5 0 0
14600 0.0691904 0.666667 613.583 0.4 0.5 0 0
14610 0.0691904 0.666667 613.583 0.4 0.5 0 0
14620 0.0691904 0.75 614.333 0.403922 0.5 0 0
14630 0.0691904 0.75 614.333 0.4 0.5 0 0
14640 0.0691904 0.833333 615.167 0.4 0.5 0 0
14650 0.0691904 0.833333 615.167 0.4 0.5 0 0
14660 0.0691904 0.833333 616 0.4 0.5 0 0
14670 0.0691904 0.833333 616 0.4 0.5 0 0
14680 0.0691904 0.833333 616.833 0.4 0.5 0 0
14690 0.0691904 0.833333 616.833 0.4 0.5 0 0
14700 0.0691904 0.75 617.583 0.4 0.5 0 0
14710 0.0691904 0.75 617.583 0.4 0.5 0 0
14720 0.0691904 0.666667 618.25 0.4 0.5 0 0
14730 0.0691904 0.666667 618.25 0.4 0.5 0 0
14740 0.0691904 0.666667 618.917 0.4 0.5 0 0
14750 0.0691904 0.666667 618.917 0.4 0.5 0 0
14760 0.0684214 0.666667 619.583 0.4 0.5 0 0
14770 0.0684214 0.666667 619.583 0.4 0.5 0 0
14780 0.0684043 0.666667 620.25 0.4 0.5 0 0
14790 0.0684043 0.666667 620.25 0.4 0.5 0 0
14800 0.0684043 0.75 621 0.4 0.5 0 0
14810 0.0684043 0.75 621 0.4 0.5 0 0
14820 0.0684043 0.75 621.75 0.4 0.5 0 0
14830 0.0684043 0.75 621.75 0.4 0.5 0 0
14840 0.0684043 0.75 622.5 0.4 0.5 0 0
14850 0.0684043 0.75 622.5 0.4 0.5 0 0
14860 0.0683265 0.75 623.25 0.4 0.5 0 0
14870 0.0683265 0.75 623.25 0.4 0.5 0 0
14880 0.0682004 0.583333 623.833 0.4 0.5 0 0
14890 0.0682004 0.583333 623.833 0.4 0.5 0 0
14900 0.0681907 0.666667 624.5 0.4 0.5 0 0
14910 0.0681907 0.666667 624.5 0.4 0.5 0 0
14920 0.0681741 0.666667 625.167 0.4 0.5 0 0
14930 0.0681741 0.666667 625.167 0.4 0.5 0 0
14940 0.0681731 0.666667 625.833 0.4 0.5 0 0
14950 0.0681731 0.666667 625.833 0.4 0.5 0 0
14960 0.068109 0.666667 626.5 0.4 0.5 0 0
14970 0.068109 0.666667 626.5 0.4 0.5 0 0
14980 0.0680912 0.75 627.25 0.4 0.5 0 0
14990 0.0680912 0.75 627.25 0.4 0.5 0 0
15000 0.0680912 0.833333 628.083 0.4 0.5 0 0
15010 0.0680912 0.833333 628.083 0.396078 0.5 0 0
15020 0.0680912 0.833333 628.917 0.4 0.5 0 0
15030 0.0680912 0.833333 628.917 0.4 0.5 0 0
15040 0.0680814 0.833333 629.75 0.4 0.5 0 0
15050 0.0680814 0.833333 629.75 0.4 0.5 0 0
15060 0.0680741 0.833333 630.583 0.4 0.5 0 0
15070 0.0680741 0.833333 630.583 0.4 0.5 0 0
15080 0.068074 0.75 631.333 0.4 0.5 0 0
15090 0.068074 0.75 631.333 0.4 0.5 0 0
15100 0.068074 0.833333 632.167 0.4 0.5 0 0
15110 0.068074 0.833333 632.167 0.4 0.5 0 0
15120 0.068074 0.833333 633 0.4 0.5 0 0
15130 0.068074 0.833333 633 0.4 0.5 0 0
15140 0.0679138 0.75 633.75 0.4 0.5 0 0
15150 0.0679138 0.75 633.75 0.4 0.5 0 0
15160 0.0678409 0.75 634.5 0.4 0.5 0 0
15170 0.0678409 0.75 634.5 0.4 0.5 0 0
15180 0.0678409 0.833333 635.333 0.4 0.5 0 0
15190 0.0678409 0.833333 635.333 0.4 0.5 0 0
15200 0.0678409 0.833333 636.167 0.4 0.5 0 0
15210 0.0678409 0.833333 636.167 0.4 0.5 0 0
15220 0.0678409 0.833333 637 0.4 0.5 0 0
15230 0.0678409 0.833333 637 0.4 0.5 0 0
15240 0.0678409 0.75 637.75 0.4 0.5 0 0
15250 0.0678409 0.75 637.75 0.4 0.5 0 0
15260 0.0678192 0.75 638.5 0.4 0.5 0 0
15270 0.0678192 0.75 638.5 0.4 0.5 0 0
15280 0.0685278 0.5 639 0.4 0.5 0 0
15290 0.0685278 0.5 639 0.4 0.5 0 0
15300 0.0688017 0.666667 639.667 0.4 0.5 0 0
15310 0.0688017 0.666667 639.667 0.4 0.5 0 0
15320 0.0692814 0.666667 640.333 0.392157 0.5 0 0
15330 0.0692814 0.666667 640.333 0.388235 0.5 0 0
15340 0.0703872 0.75 641.083 0.384314 0.5 0 0
15350 0.0703872 0.75 641.083 0.384314 0.5 0 0
15360 0.0714305 0.75 641.833 0.384314 0.5 0 0
15370 0.0714305 0.75 641.833 0.384314 0.5 0 0
15380 0.0719393 0.75 642.583 0.380392 0.5 0 0
15390 0.0719393 0.75 642.583 0.380392 0.5 0 0
15400 0.071893 0.75 643.333 0.380392 0.5 0 0
15410 0.071893 0.75 643.333 0.380392 0.5 0 0
15420 0.0713939 0.75 644.083 0.380392 0.5 0 0
15430 0.0713939 0.75 644.083 0.380392 0.5 0 0
15440 0.0711683 0.75 644.833 0.380392 0.5 0 0
15450 0.0711683 0.75 644.833 0.380392 0.5 0 0
15460 0.0711871 0.75 645.583 0.380392 0.5 0 0
15470 0.0711871 0.75 645.583 0.380392 0.5 0 0
15480 0.0715743 0.75 646.333 0.380392 0.5 0 0
15490 0.0715743 0.75 646.333 0.380392 0.5 0 0
15500 0.0721259 0.75 647.083 0.380392 0.5 0 0
15510 0.0721259 0.75 647.083 0.384314 0.5 0 0
15520 0.0727654 0.666667 647.75 0.384314 0.5 0 0
15530 0.0727654 0.666667 647.75 0.384314 0.5 0 0
15540 0.0731028 0.75 648.5 0.384314 0.5 0 0
15550 0.0731028 0.75 648.5 0.384314 0.5 0 0
15560 0.0734129 0.75 649.25 0.380392 0.5 0 0
15570 0.0734129 0.75 649.25 0.380392 0.5 0 0
15580 0.0736247 0.75 650 0.380392 0.5 0 0
15590 0.0736247 0.75 650 0.380392 0.5 0 0
15600 0.0739198 0.75 650.75 0.380392 0.5 0 0
15610 0.0739198 0.75 650.75 0.380392 0.5 0 0
15620 0.0742128 0.833333 651.583 0.380392 0.5 0 0
15630 0.0742128 0.833333 651.583 0.380392 0.5 0 0
15640 0.0742216 0.833333 652.417 0.376471 0.5 0 0
15650 0.0742216 0.833333 652.417 0.376471 0.5 0 0
15660 0.0741779 0.833333 653.25 0.376471 0.5 0 0
15670 0.0741779 0.833333 653.25 0.380392 0.5 0 0
15680 0.0741447 0.833333 654.083 0.380392 0.5 0 0
15690 0.0741447 0.833333 654.083 0.380392 0.5 0 0
15700 0.0725019 0.833333 654.917 0.380392 0.5 0 0
15710 0.0725019 0.833333 654.917 0.380392 0.5 0 0
15720 0.0720276 0.833333 655.75 0.384314 0.5 0 0
15730 0.0720276 0.833333 655.75 0.384314 0.5 0 0
15740 0.0717265 0.833333 656.583 0.384314 0.5 0 0
15750 0.0717265 0.833333 656.583 0.384314 0.5 0 0
15760 0.07154 0.833333 657.417 0.384314 0.5 0 0
15770 0.07154 0.833333 657.417 0.384314 0.5 0 0
15780 0.071495 0.833333 658.25 0.384314 0.5 0 0
15790 0.071495 0.833333 658.25 0.384314 0.5 0 0
15800 0.0714599 0.75 659 0.384314 0.5 0 0
15810 0.0714599 0.75 659 0.384314 0.5 0 0
15820 0.0714567 0.75 659.75 0.384314 0.5 0 0
15830 0.0714567 0.75 659.75 0.384314 0.5 0 0
15840 0.0714727 0.75 660.5 0.384314 0.5 0 0
15850 0.0714727 0.75 660.5 0.384314 0.5 0 0
15860 0.0714632 0.666667 661.167 0.384314 0.5 0 0
15870 0.0714632 0.666667 661.167 0.384314 0.5 0 0
15880 0.0714494 0.666667 661.833 0.384314 0.5 0 0
15890 0.0714494 0.666667 661.833 0.384314 0.5 0 0
15900 0.0713907 0.75 662.583 0.380392 0.5 0 0
15910 0.0713907 0.75 662.583 0.380392 0.5 0 0
15920 0.0713536 0.75 663.333 0.380392 0.5 0 0
15930 0.0713536 0.75 663.333 0.380392 0.5 0 0
15940 0.0713623 0.75 664.083 0.380392 0.5 0 0
15950 0.0713623 0.75 664.083 0.380392 0.5 0 0
15960 0.0713816 0.75 664.833 0.380392 0.5 0 0
15970 0.0713816 0.75 664.833 0.380392 0.5 0 0
15980 0.0713815 0.75 665.583 0.380392 0.5 0 0
15990 0.0713815 0.75 665.583 0.380392 0.5 0 0
16000 0.0713591 0.666667 666.25 0.380392 0.5 0 0
16010 0.0713591 0.666667 666.25 0.380392 0.5 0 0
16020 0.0713496 0.666667 666.917 0.380392 0.5 0 0
16030 0.0713496 0.666667 666.917 0.380392 0.5 0 0
16040 0.0713625 0.666667 667.583 0.380392 0.5 0 0
16050 0.0713625 0.666667 667.583 0.380392 0.5 0 0
16060 0.0713483 0.5 668.083 0.380392 0.5 0 0
16070 0.0713483 0.5 668.083 0.380392 0.5 0 0
16080 0.0712768 0.583333 668.667 0.380392 0.5 0 0
16090 0.0712768 0.583333 668.667 0.380392 0.5 0 0
16100 0.0711843 0.583333 669.25 0.380392 0.5 0 0
16110 0.0711843 0.583333 669.25 0.380392 0.5 0 0
16120 0.0711344 0.583333 669.833 0.380392 0.5 0 0
16130 0.0711344 0.583333 669.833 0.380392 0.5 0 0
16140 0.0710618 0.583333 670.417 0.380392 0.5 0 0
16150 0.0710618 0.583333 670.417 0.380392 0.5 0 0
16160 0.071068 0.583333 671 0.380392 0.5 0 0
16170 0.071068 0.583333 671 0.380392 0.5 0 0
16180 0.0710728 0.583333 671.583 0.380392 0.5 0 0
16190 0.0710728 0.583333 671.583 0.380392 0.5 0 0
16200 0.071034 0.5 672.083 0.380392 0.5 0 0
16210 0.071034 0.5 672.083 0.380392 0.5 0 0
16220 0.0707901 0.583333 672.667 0.380392 0.5 0 0
16230 0.0707901 0.583333 672.667 0.380392 0.5 0 0
16240 0.0706568 0.583333 673.25 0.380392 0.5 0 0
16250 0.0706568 0.583333 673.25 0.380392 0.5 0 0
16260 0.0704833 0.583333 673.833 0.380392 0.5 0 0
16270 0.0704833 0.583333 673.833 0.384314 0.5 0 0
16280 0.0703638 0.583333 674.417 0.384314 0.5 0 0
16290 0.0703638 0.583333 674.417 0.380392 0.5 0 0
16300 0.0702946 0.583333 675 0.380392 0.5 0 0
16310 0.0702946 0.583333 675 0.380392 0.5 0 0
16320 0.0702977 0.5 675.5 0.380392 0.5 0 0
16330 0.0702977 0.5 675.5 0.380392 0.5 0 0
16340 0.0703151 0.5 676 0.380392 0.5 0 0
16350 0.0703151 0.5 676 0.380392 0.5 0 0
16360 0.0703227 0.5 676.5 0.380392 0.5 0 0
16370 0.0703227 0.5 676.5 0.380392 0.5 0 0
16380 0.0703284 0.416667 676.917 0.380392 0.5 0 0
16390 0.0703284 0.416667 676.917 0.380392 0.5 0 0
16400 0.0703405 0.416667 677.333 0.380392 0.5 0 0
16410 0.0703405 0.416667 677.333 0.384314 0.5 0 0
16420 0.0703505 0.416667 677.75 0.380392 0.5 0 0
16430 0.0703505 0.416667 677.75 0.380392 0.5 0 0
16440 0.0703865 0.416667 678.167 0.380392 0.5 0 0
16450 0.0703865 0.416667 678.167 0.380392 0.5 0 0
16460 0.0706831 0.416667 678.583 0.380392 0.5 0 0
16470 0.0706831 0.416667 678.583 0.380392 0.5 0 0
16480 0.0714635 0.416667 679 0.380392 0.5 0 0
16490 0.0714635 0.416667 679 0.380392 0.5 0 0
16500 0.0721096 0.416667 679.417 0.380392 0.5 0 0
16510 0.0721096 0.416667 679.417 0.380392 0.5 0 0
16520 0.0723621 0.416667 679.833 0.380392 0.5 0 0
16530 0.0723621 0.416667 679.833 0.380392 0.5 0 0
16540 0.0725532 0.5 680.333 0.380392 0.5 0 0
16550 0.0725532 0.5 680.333 0.376471 0.5 0 0
16560 0.0725804 0.5 680.833 0.380392 0.5 0 0
16570 0.0725804 0.5 680.833 0.380392 0.5 0 0
16580 0.0725998 0.5 681.333 0.376471 0.5 0 0
16590 0.0725998 0.5 681.333 0.376471 0.5 0 0
16600 0.0726186 0.5 681.833 0.376471 0.5 0 0
16610 0.0726186 0.5 681.833 0.376471 0.5 0 0
16620 0.0726356 0.5 682.333 0.376471 0.5 0 0
16630 0.0726356 0.5 682.333 0.376471 0.5 0 0
16640 0.0726506 0.416667 682.75 0.376471 0.5 0 0
16650 0.0726506 0.416667 682.75 0.376471 0.5 0 0
16660 0.072683 0.5 683.25 0.376471 0.5 0 0
16670 0.072683 0.5 683.25 0.376471 0.5 0 0
16680 0.0727073 0.5 683.75 0.376471 0.5 0 0
16690 0.0727073 0.5 683.75 0.376471 0.5 0 0
16700 0.0727297 0.5 684.25 0.376471 0.5 0 0
16710 0.0727297 0.5 684.25 0.376471 0.5 0 0
16720 0.0727674 0.5 684.75 0.376471 0.5 0 0
16730 0.0727674 0.5 684.75 0.376471 0.5 0 0
16740 0.0727894 0.5 685.25 0.376471 0.5 0 0
16750 0.0727894 0.5 685.25 0.376471 0.5 0 0
16760 0.0727961 0.5 685.75 0.376471 0.5 0 0
16770 0.0727961 0.5 685.75 0.376471 0.5 0 0
16780 0.072807 0.5 686.25 0.376471 0.5 0 0
16790 0.072807 0.5 686.25 0.376471 0.5 0 0
16800 0.0730068 0.5 686.75 0.376471 0.5 0 0
16810 0.0730068 0.5 686.75 0.376471 0.5 0 0
16820 0.0730194 0.5 687.25 0.376471 0.5 0 0
16830 0.0730194 0.5 687.25 0.376471 0.5 0 0
16840 0.0730327 0.5 687.75 0.376471 0.5 0 0
16850 0.0730327 0.5 687.75 0.376471 0.5 0 0
16860 0.0730444 0.5 688.25 0.376471 0.5 0 0
16870 0.0730444 0.5 688.25 0.376471 0.5 0 0
16880 0.0730745 0.5 688.75 0.376471 0.5 0 0
16890 0.0730745 0.5 688.75 0.376471 0.5 0 0
16900 0.0732351 0.5 689.25 0.372549 0.5 0 0
16910 0.0732351 0.5 689.25 0.372549 0.5 0 0
16920 0.0732485 0.5 689.75 0.376471 0.5 0 0
16930 0.0732485 0.5 689.75 0.372549 0.5 0 0
16940 0.0732876 0.5 690.25 0.372549 0.5 0 0
16950 0.0732876 0.5 690.25 0.372549 0.5 0 0
16960 0.0733383 0.5 690.75 0.372549 0.5 0 0
16970 0.0733383 0.5 690.75 0.372549 0.5 0 0
16980 0.0733787 0.583333 691.333 0.372549 0.5 0 0
16990 0.0733787 0.583333 691.333 0.372549 0.5 0 0
17000 0.0734179 0.583333 691.917 0.372549 0.5 0 0
17010 0.0734179 0.583333 691.917 0.372549 0.5 0 0
17020 0.0734592 0.583333 692.5 0.372549 0.5 0 0
17030 0.0734592 0.583333 692.5 0.372549 0.5 0 0
17040 0.0734973 0.583333 693.083 0.372549 0.5 0 0
17050 0.0734973 0.583333 693.083 0.372549 0.5 0 0
17060 0.0735336 0.583333 693.667 0.372549 0.5 0 0
17070 0.0735336 0.583333 693.667 0.372549 0.5 0 0
17080 0.073559 0.5 694.167 0.372549 0.5 0 0
17090 0.073559 0.5 694.167 0.368627 0.5 0 0
17100 0.0736306 0.416667 694.583 0.368627 0.5 0 0
17110 0.0736306 0.416667 694.583 0.368627 0.5 0 0
17120 0.0736686 0.416667 695 0.368627 0.5 0 0
17130 0.0736686 0.416667 695 0.368627 0.5 0 0
17140 0.0737101 0.416667 695.417 0.368627 0.5 0 0
17150 0.0737101 0.416667 695.417 0.368627 0.5 0 0
17160 0.0737608 0.416667 695.833 0.368627 0.5 0 0
17170 0.0737608 0.416667 695.833 0.368627 0.5 0 0
17180 0.0738106 0.5 696.333 0.368627 0.5 0 0
17190 0.0738106 0.5 696.333 0.368627 0.5 0 0
17200 0.0738651 0.5 696.833 0.368627 0.5 0 0
17210 0.0738651 0.5 696.833 0.368627 0.5 0 0
17220 0.0739162 0.5 697.333 0.368627 0.5 0 0
17230 0.0739162 0.5 697.333 0.368627 0.5 0 0
17240 0.0739598 0.5 697.833 0.368627 0.5 0 0
17250 0.0739598 0.5 697.833 0.368627 0.5 0 0
17260 0.0740053 0.666667 698.5 0.368627 0.5 0 0
17270 0.0740053 0.666667 698.5 0.368627 0.5 0 0
17280 0.0740521 0.75 699.25 0.368627 0.5 0 0
17290 0.0740521 0.75 699.25 0.368627 0.5 0 0
17300 0.0741036 0.75 700 0.368627 0.5 0 0
17310 0.0741036 0.75 700 0.368627 0.5 0 0
17320 0.0741686 0.75 700.75 0.368627 0.5 0 0
17330 0.0741686 0.75 700.75 0.368627 0.5 0 0
17340 0.0742222 0.75 701.5 0.368627 0.5 0 0
17350 0.0742222 0.75 701.5 0.368627 0.5 0 0
17360 0.0742653 0.75 702.25 0.368627 0.5 0 0
17370 0.0742653 0.75 702.25 0.368627 0.5 0 0
17380 0.0743112 0.666667 702.917 0.368627 0.5 0 0
17390 0.0743112 0.666667 702.917 0.368627 0.5 0 0
17400 0.0743192 0.583333 703.5 0.368627 0.5 0 0
17410 0.0743192 0.583333 703.5 0.364706 0.5 0 0
17420 0.0744638 0.583333 704.083 0.364706 0.5 0 0
17430 0.0744638 0.583333 704.083 0.364706 0.5 0 0
17440 0.0747011 0.666667 704.75 0.364706 0.5 0 0
17450 0.0747011 0.666667 704.75 0.364706 0.5 0 0
17460 0.0747419 0.75 705.5 0.364706 0.5 0 0
17470 0.0747419 0.75 705.5 0.364706 0.5 0 0
17480 0.0747502 0.583333 706.083 0.364706 0.5 0 0
17490 0.0747502 0.583333 706.083 0.364706 0.5 0 0
17500 0.0747692 0.666667 706.75 0.364706 0.5 0 0
17510 0.0747692 0.666667 706.75 0.364706 0.5 0 0
17520 0.0747851 0.666667 707.417 0.364706 0.5 0 0
17530 0.0747851 0.666667 707.417 0.364706 0.5 0 0
17540 0.0748061 0.75 708.167 0.364706 0.5 0 0
17550 0.0748061 0.75 708.167 0.364706 0.5 0 0
17560 0.0748253 0.666667 708.833 0.364706 0.5 0 0
17570 0.0748253 0.666667 708.833 0.364706 0.5 0 0
17580 0.0748619 0.75 709.583 0.364706 0.5 0 0
17590 0.0748619 0.75 709.583 0.364706 0.5 0 0
17600 0.0748878 0.75 710.333 0.364706 0.5 0 0
17610 0.0748878 0.75 710.333 0.364706 0.5 0 0
17620 0.0749009 0.666667 711 0.364706 0.5 0 0
17630 0.0749009 0.666667 711 0.364706 0.5 0 0
17640 0.0749134 0.75 711.75 0.360784 0.5 0 0
17650 0.0749134 0.75 711.75 0.364706 0.5 0 0
17660 0.0749332 0.75 712.5 0.364706 0.5 0 0
17670 0.0749332 0.75 712.5 0.360784 0.5 0 0
17680 0.0749506 0.666667 713.167 0.360784 0.5 0 0
17690 0.0749506 0.666667 713.167 0.360784 0.5 0 0
17700 0.0750143 0.75 713.917 0.360784 0.5 0 0
17710 0.0750143 0.75 713.917 0.364706 0.5 0 0
17720 0.0750748 0.75 714.667 0.364706 0.5 0 0
17730 0.0750748 0.75 714.667 0.364706 0.5 0 0
17740 0.0751304 0.75 715.417 0.364706 0.5 0 0
17750 0.0751304 0.75 715.417 0.364706 0.5 0 0
17760 0.075192 0.75 716.167 0.364706 0.5 0 0
17770 0.075192 0.75 716.167 0.364706 0.5 0 0
17780 0.0752748 0.75 716.917 0.364706 0.5 0 0
17790 0.0752748 0.75 716.917 0.364706 0.5 0 0
17800 0.0753556 0.75 717.667 0.364706 0.5 0 0
17810 0.0753556 0.75 717.667 0.364706 0.5 0 0
17820 0.0754194 0.75 718.417 0.364706 0.5 0 0
17830 0.0754194 0.75 718.417 0.364706 0.5 0 0
17840 0.0754748 0.75 719.167 0.364706 0.5 0 0
17850 0.0754748 0.75 719.167 0.364706 0.5 0 0
17860 0.0755251 0.75 719.917 0.364706 0.5 0 0
17870 0.0755251 0.75 719.917 0.364706 0.5 0 0
17880 0.0755785 0.583333 720.5 0.364706 0.5 0 0
17890 0.0755785 0.583333 720.5 0.364706 0.5 0 0
17900 0.0756287 0.75 721.25 0.364706 0.5 0 0
17910 0.0756287 0.75 721.25 0.364706 0.5 0 0
17920 0.0757086 0.666667 721.917 0.364706 0.5 0 0
17930 0.0757086 0.666667 721.917 0.364706 0.5 0 0
17940 0.075776 0.583333 722.5 0.364706 0.5 0 0
17950 0.075776 0.583333 722.5 0.364706 0.5 0 0
17960 0.0759099 0.75 723.25 0.364706 0.5 0 0
17970 0.0759099 0.75 723.25 0.364706 0.5 0 0
17980 0.0758791 0.75 724 0.364706 0.5 0 0
17990 0.0758791 0.75 724 0.364706 0.5 0 0
18000 0.0758519 0.583333 724.583 0.364706 0.5 0 0
18010 0.0758519 0.583333 724.583 0.364706 0.5 0 0
18020 0.0758238 0.75 725.333 0.364706 0.5 0 0
18030 0.0758238 0.75 725.333 0.360784 0.5 0 0
18040 0.0757983 0.75 726.083 0.364706 0.5 0 0
18050 0.0757983 0.75 726.083 0.364706 0.5 0 0
18060 0.0758029 0.75 726.833 0.364706 0.5 0 0
18070 0.0758029 0.75 726.833 0.364706 0.5 0 0
18080 0.0758092 0.75 727.583 0.360784 0.5 0 0
18090 0.0758092 0.75 727.583 0.360784 0.5 0 0
18100 0.0757806 0.75 728.333 0.360784 0.5 0 0
18110 0.0757806 0.75 728.333 0.360784 0.5 0 0
18120 0.0757473 0.75 729.083 0.360784 0.5 0 0
18130 0.0757473 0.75 729.083 0.360784 0.5 0 0
18140 0.0757212 0.75 729.833 0.360784 0.5 0 0
18150 0.0757212 0.75 729.833 0.360784 0.5 0 0
18160 0.0757107 0.75 730.583 0.360784 0.5 0 0
18170 0.0757107 0.75 730.583 0.360784 0.5 0 0
18180 0.0757189 0.75 731.333 0.360784 0.5 0 0
18190 0.0757189 0.75 731.333 0.360784 0.5 0 0
18200 0.0757354 0.833333 732.167 0.360784 0.5 0 0
18210 0.0757354 0.833333 732.167 0.360784 0.5 0 0
18220 0.0756854 0.833333 733 0.360784 0.5 0 0
18230 0.0756854 0.833333 733 0.360784 0.5 0 0
18240 0.0756823 0.833333 733.833 0.360784 0.5 0 0
18250 0.0756823 0.833333 733.833 0.360784 0.5 0 0
18260 0.0756651 0.833333 734.667 0.360784 0.5 0 0
18270 0.0756651 0.833333 734.667 0.360784 0.5 0 0
18280 0.0756258 0.833333 735.5 0.360784 0.5 0 0
18290 0.0756258 0.833333 735.5 0.360784 0.5 0 0
18300 0.0755801 0.833333 736.333 0.360784 0.5 0 0
18310 0.0755801 0.833333 736.333 0.360784 0.5 0 0
18320 0.075527 0.833333 737.167 0.360784 0.5 0 0
18330 0.075527 0.833333 737.167 0.360784 0.5 0 0
18340 0.0754825 0.833333 738 0.360784 0.5 0 0
18350 0.0754825 0.833333 738 0.360784 0.5 0 0
18360 0.0754447 0.833333 738.833 0.360784 0.5 0 0
18370 0.0754447 0.833333 738.833 0.360784 0.5 0 0
18380 0.0754094 0.833333 739.667 0.360784 0.5 0 0
18390 0.0754094 0.833333 739.667 0.360784 0.5 0 0
18400 0.0753752 0.833333 740.5 0.360784 0.5 0 0
18410 0.0753752 0.833333 740.5 0.360784 0.5 0 0
18420 0.0753249 0.833333 741.333 0.360784 0.5 0 0
18430 0.0753249 0.833333 741.333 0.360784 0.5 0 0
18440 0.0753038 0.833333 742.167 0.360784 0.5 0 0
18450 0.0753038 0.833333 742.167 0.360784 0.5 0 0
18460 0.0752853 0.833333 743 0.360784 0.5 0 0
18470 0.0752853 0.833333 743 0.360784 0.5 0 0
18480 0.0752611 0.833333 743.833 0.360784 0.5 0 0
18490 0.0752611 0.833333 743.833 0.360784 0.5 0 0
18500 0.075222 0.666667 744.5 0.360784 0.5 0 0
18510 0.075222 0.666667 744.5 0.356863 0.5 0 0
18520 0.075209 0.833333 745.333 0.356863 0.5 0 0
18530 0.075209 0.833333 745.333 0.356863 0.5 0 0
18540 0.0751925 0.833333 746.167 0.356863 0.5 0 0
18550 0.0751925 0.833333 746.167 0.356863 0.5 0 0
18560 0.0751671 0.75 746.917 0.356863 0.5 0 0
18570 0.0751671 0.75 746.917 0.356863 0.5 0 0
18580 0.0751406 0.75 747.667 0.356863 0.5 0 0
18590 0.0751406 0.75 747.667 0.356863 0.5 0 0
18600 0.0750891 0.75 748.417 0.356863 0.5 0 0
18610 0.0750891 0.75 748.417 0.356863 0.5 0 0
18620 0.0750378 0.666667 749.083 0.356863 0.5 0 0
18630 0.0750378 0.666667 749.083 0.356863 0.5 0 0
18640 0.0749745 0.666667 749.75 0.356863 0.5 0 0
18650 0.0749745 0.666667 749.75 0.356863 0.5 0 0
18660 0.0749642 0.666667 750.417 0.356863 0.5 0 0
18670 0.0749642 0.666667 750.417 0.356863 0.5 0 0
18680 0.0749678 0.666667 751.083 0.356863 0.5 0 0
18690 0.0749678 0.666667 751.083 0.356863 0.5 0 0
18700 0.0749554 0.583333 751.667 0.356863 0.5 0 0
18710 0.0749554 0.583333 751.667 0.356863 0.5 0 0
18720 0.0749982 0.583333 752.25 0.356863 0.5 0 0
18730 0.0749982 0.583333 752.25 0.356863 0.5 0 0
18740 0.0751078 0.583333 752.833 0.352941 0.5 0 0
18750 0.0751078 0.583333 752.833 0.356863 0.5 0 0
18760 0.0752016 0.583333 753.417 0.356863 0.5 0 0
18770 0.0752016 0.583333 753.417 0.356863 0.5 0 0
18780 0.0752602 0.583333 754 0.356863 0.5 0 0
18790 0.0752602 0.583333 754 0.356863 0.5 0 0
18800 0.0753147 0.583333 754.583 0.356863 0.5 0 0
18810 0.0753147 0.583333 754.583 0.356863 0.5 0 0
18820 0.0753727 0.583333 755.167 0.356863 0.5 0 0
18830 0.0753727 0.583333 755.167 0.356863 0.5 0 0
18840 0.075426 0.583333 755.75 0.356863 0.5 0 0
18850 0.075426 0.583333 755.75 0.356863 0.5 0 0
18860 0.0754706 0.583333 756.333 0.356863 0.5 0 0
18870 0.0754706 0.583333 756.333 0.356863 0.5 0 0
18880 0.0755442 0.583333 756.917 0.356863 0.5 0 0
18890 0.0755442 0.583333 756.917 0.356863 0.5 0 0
18900 0.0755831 0.583333 757.5 0.356863 0.5 0 0
18910 0.0755831 0.583333 757.5 0.356863 0.5 0 0
18920 0.0756248 0.583333 758.083 0.356863 0.5 0 0
18930 0.0756248 0.583333 758.083 0.356863 0.5 0 0
18940 0.0756707 0.583333 758.667 0.356863 0.5 0 0
18950 0.0756707 0.583333 758.667 0.356863 0.5 0 0
18960 0.075716 0.583333 759.25 0.356863 0.5 0 0
18970 0.075716 0.583333 759.25 0.356863 0.5 0 0
18980 0.0758046 0.5 759.75 0.356863 0.5 0 0
18990 0.0758046 0.5 759.75 0.356863 0.5 0 0
19000 0.0758585 0.416667 760.167 0.356863 0.5 0 0
19010 0.0758585 0.416667 760.167 0.356863 0.5 0 0
19020 0.0758791 0.416667 760.583 0.356863 0.5 0 0
19030 0.0758791 0.416667 760.583 0.356863 0.5 0 0
19040 0.075923 0.416667 761 0.356863 0.5 0 0
19050 0.075923 0.416667 761 0.356863 0.5 0 0
19060 0.0759681 0.5 761.5 0.356863 0.5 0 0
19070 0.0759681 0.5 761.5 0.356863 0.5 0 0
19080 0.0760206 0.5 762 0.356863 0.5 0 0
19090 0.0760206 0.5 762 0.356863 0.5 0 0
19100 0.0760653 0.5 762.5 0.356863 0.5 0 0
19110 0.0760653 0.5 762.5 0.356863 0.5 0 0
19120 0.076114 0.5 763 0.356863 0.5 0 0
19130 0.076114 0.5 763 0.356863 0.5 0 0
19140 0.0761607 0.666667 763.667 0.356863 0.5 0 0
19150 0.0761607 0.666667 763.667 0.356863 0.5 0 0
19160 0.0762117 0.666667 764.333 0.356863 0.5 0 0
19170 0.0762117 0.666667 764.333 0.356863 0.5 0 0
19180 0.0762155 0.666667 765 0.356863 0.5 0 0
19190 0.0762155 0.666667 765 0.356863 0.5 0 0
19200 0.0762502 0.75 765.75 0.356863 0.5 0 0
19210 0.0762502 0.75 765.75 0.356863 0.5 0 0
19220 0.0762762 0.75 766.5 0.352941 0.5 0 0
19230 0.0762762 0.75 766.5 0.356863 0.5 0 0
19240 0.076291 0.666667 767.167 0.356863 0.5 0 0
19250 0.076291 0.666667 767.167 0.352941 0.5 0 0
19260 0.0763164 0.666667 767.833 0.356863 0.5 0 0
19270 0.0763164 0.666667 767.833 0.356863 0.5 0 0
19280 0.0763674 0.666667 768.5 0.356863 0.5 0 0
19290 0.0763674 0.666667 768.5 0.352941 0.5 0 0
19300 0.0764282 0.666667 769.167 0.356863 0.5 0 0
19310 0.0764282 0.666667 769.167 0.356863 0.5 0 0
19320 0.076472 0.666667 769.833 0.356863 0.5 0 0
19330 0.076472 0.666667 769.833 0.356863 0.5 0 0
19340 0.0764748 0.5 770.333 0.356863 0.5 0 0
19350 0.0764748 0.5 770.333 0.352941 0.5 0 0
19360 0.0765178 0.583333 770.917 0.352941 0.5 0 0
19370 0.0765178 0.583333 770.917 0.352941 0.5 0 0
19380 0.0765588 0.583333 771.5 0.356863 0.5 0 0
19390 0.0765588 0.583333 771.5 0.352941 0.5 0 0
19400 0.0765778 0.583333 772.083 0.352941 0.5 0 0
19410 0.0765778 0.583333 772.083 0.352941 0.5 0 0
19420 0.0766225 0.583333 772.667 0.352941 0.5 0 0
19430 0.0766225 0.583333 772.667 0.352941 0.5 0 0
19440 0.076671 0.416667 773.083 0.352941 0.5 0 0
19450 0.076671 0.416667 773.083 0.352941 0.5 0 0
19460 0.0767081 0.583333 773.667 0.352941 0.5 0 0
19470 0.0767081 0.583333 773.667 0.352941 0.5 0 0
19480 0.0767535 0.583333 774.25 0.352941 0.5 0 0
19490 0.0767535 0.583333 774.25 0.352941 0.5 0 0
19500 0.0767792 0.583333 774.833 0.352941 0.5 0 0
19510 0.0767792 0.583333 774.833 0.352941 0.5 0 0
19520 0.0767845 0.583333 775.417 0.352941 0.5 0 0
19530 0.0767845 0.583333 775.417 0.352941 0.5 0 0
19540 0.0768615 0.75 776.167 0.352941 0.5 0 0
19550 0.0768615 0.75 776.167 0.352941 0.5 0 0
19560 0.0768041 0.75 776.917 0.352941 0.5 0 0
19570 0.0768041 0.75 776.917 0.352941 0.5 0 0
19580 0.0766647 0.75 777.667 0.352941 0.5 0 0
19590 0.0766647 0.75 777.667 0.352941 0.5 0 0
19600 0.07651 0.75 778.417 0.34902 0.5 0 0
19610 0.07651 0.75 778.417 0.34902 0.5 0 0
19620 0.0764057 0.833333 779.25 0.34902 0.5 0 0
19630 0.0764057 0.833333 779.25 0.34902 0.5 0 0
19640 0.0763081 0.833333 780.083 0.34902 0.5 0 0
19650 0.0763081 0.833333 780.083 0.34902 0.5 0 0
19660 0.0756535 0.75 780.833 0.352941 0.5 0 0
19670 0.0756535 0.75 780.833 0.352941 0.5 0 0
19680 0.0753669 0.583333 781.417 0.352941 0.5 0 0
19690 0.0753669 0.583333 781.417 0.352941 0.5 0 0
19700 0.0753841 0.75 782.167 0.352941 0.5 0 0
19710 0.0753841 0.75 782.167 0.352941 0.5 0 0
19720 0.0754003 0.75 782.917 0.352941 0.5 0 0
19730 0.0754003 0.75 782.917 0.352941 0.5 0 0
19740 0.0754311 0.75 783.667 0.352941 0.5 0 0
19750 0.0754311 0.75 783.667 0.352941 0.5 0 0
19760 0.0754473 0.75 784.417 0.352941 0.5 0 0
19770 0.0754473 0.75 784.417 0.352941 0.5 0 0
19780 0.0754603 0.75 785.167 0.352941 0.5 0 0
19790 0.0754603 0.75 785.167 0.352941 0.5 0 0
19800 0.0754711 0.583333 785.75 0.352941 0.5 0 0
19810 0.0754711 0.583333 785.75 0.352941 0.5 0 0
19820 0.0754408 0.833333 786.583 0.352941 0.5 0 0
19830 0.0754408 0.833333 786.583 0.352941 0.5 0 0
19840 0.0754508 0.75 787.333 0.34902 0.5 0 0
19850 0.0754508 0.75 787.333 0.352941 0.5 0 0
19860 0.0754661 0.75 788.083 0.352941 0.5 0 0
19870 0.0754661 0.75 788.083 0.352941 0.5 0 0
19880 0.0754743 0.666667 788.75 0.352941 0.5 0 0
19890 0.0754743 0.666667 788.75 0.352941 0.5 0 0
19900 0.0754858 0.75 789.5 0.352941 0.5 0 0
19910 0.0754858 0.75 789.5 0.352941 0.5 0 0
19920 0.0754994 0.75 790.25 0.352941 0.5 0 0
19930 0.0754994 0.75 790.25 0.352941 0.5 0 0
19940 0.0755083 0.75 791 0.352941 0.5 0 0
19950 0.0755083 0.75 791 0.352941 0.5 0 0
19960 0.075573 0.75 791.75 0.352941 0.5 0 0
19970 0.075573 0.75 791.75 0.352941 0.5 0 0
19980 0.0756381 0.75 792.5 0.352941 0.5 0 0
19990 0.0756381 0.75 792.5 0.34902 0.5 0 0
20000 0.0757051 0.416667 792.917 0.352941 0.5 0 0
20010 0.0757051 0.416667 792.917 0.352941 0.5 0 0
