0 0.0850344 0 0 0.5 0.5 0 0
10 0.0850344 0 0 0.772549 0.5 0 0
20 0.0854086 0.166667 0.166667 0.807843 0.5 0 0
30 0.0854086 0.166667 0.166667 0.698039 0.5 0 0
40 0.0868093 0.166667 0.333333 0.729412 0.5 0 0
50 0.0868093 0.166667 0.333333 0.729412 0.5 0 0
60 0.0875972 0.166667 0.5 0.756863 0.5 0 0
70 0.0875972 0.166667 0.5 0.807843 0.5 0 0
80 0.0888432 0.166667 0.666667 0.74902 0.5 0 0
90 0.0888432 0.166667 0.666667 0.772549 0.5 0 0
100 0.0891469 0.416667 1.08333 0.662745 0.5 0 0
110 0.0891469 0.416667 1.08333 0.713725 0.5 0 0
120 0.0904442 0.333333 1.41667 0.713725 0.5 0 0
130 0.0904442 0.333333 1.41667 0.705882 0.5 0 0
140 0.0907359 0.333333 1.75 0.705882 0.5 0 0
150 0.0907359 0.333333 1.75 0.807843 0.5 0 0
160 0.0907551 0.333333 2.08333 0.807843 0.5 0 0
170 0.0907551 0.333333 2.08333 0.823529 0.5 0 0
180 0.0906119 0.333333 2.41667 0.823529 0.5 0 0
190 0.0906119 0.333333 2.41667 0.713725 0.5 0 0
200 0.0897287 0.333333 2.75 0.690196 0.5 0 0
210 0.0897287 0.333333 2.75 0.756863 0.5 0 0
220 0.0890931 0.333333 3.08333 0.772549 0.5 0 0
230 0.0890931 0.333333 3.08333 0.729412 0.5 0 0
240 0.0891162 0.166667 3.25 0.772549 0.5 0 0
250 0.0891162 0.166667 3.25 0.807843 0.5 0 0
260 0.0894035 0.166667 3.41667 0.745098 0.5 0 0
270 0.0894035 0.166667 3.41667 0.678431 0.5 0 0
280 0.089492 0.416667 3.83333 0.678431 0.5 0 0
290 0.089492 0.416667 3.83333 0.823529 0.5 0 0
300 0.0893112 0.5 4.33333 0.678431 0.5 0 0
310 0.0893112 0.5 4.33333 0.729412 0.5 0 0
320 0.0888249 0.5 4.83333 0.729412 0.5 0 0
330 0.0888249 0.5 4.83333 0.823529 0.5 0 0
340 0.088614 0.5 5.33333 0.729412 0.5 0 0
350 0.088614 0.5 5.33333 0.694118 0.5 0 0
360 0.0886147 0.5 5.83333 0.694118 0.5 0 0
370 0.0886147 0.5 5.83333 0.670588 0.5 0 0
380 0.0885899 0.416667 6.25 0.823529 0.5 0 0
390 0.0885899 0.416667 6.25 0.8 0.5 0 0
400 0.0885561 0.333333 6.58333 0.823529 0.5 0 0
410 0.0885561 0.333333 6.58333 0.803922 0.5 0 0
420 0.0892437 0.166667 6.75 0.662745 0.5 0 0
430 0.0892437 0.166667 6.75 0.611765 0.5 0 0
440 0.090232 0.166667 6.91667 0.639216 0.5 0 0
450 0.090232 0.166667 6.91667 0.666667 0.5 0 0
460 0.0910199 0 6.91667 0.792157 0.5 0 0
470 0.0910199 0 6.91667 0.815686 0.5 0 0
480 0.0916231 0.333333 7.25 0.694118 0.5 0 0
490 0.0916231 0.333333 7.25 0.717647 0.5 0 0
500 0.0921356 0.333333 7.58333 0.752941 0.5 0 0
510 0.0921356 0.333333 7.58333 0.713725 0.5 0 0
520 0.0920284 0.333333 7.91667 0.603922 0.5 0 0
530 0.0920284 0.333333 7.91667 0.54902 0.5 0 0
540 0.091727 0.333333 8.25 0.52549 0.5 0 0
550 0.091727 0.333333 8.25 0.52549 0.5 0 0
560 0.0913457 0.333333 8.58333 0.529412 0.5 0 0
570 0.0913457 0.333333 8.58333 0.521569 0.5 0 0
580 0.0914597 0.333333 8.91667 0.529412 0.5 0 0
590 0.0914597 0.333333 8.91667 0.52549 0.5 0 0
600 0.0914489 0.333333 9.25 0.52549 0.5 0 0
610 0.0914489 0.333333 9.25 0.529412 0.5 0 0
620 0.0913537 0.333333 9.58333 0.52549 0.5 0 0
630 0.0913537 0.333333 9.58333 0.52549 0.5 0 0
640 0.0910603 0.333333 9.91667 0.52549 0.5 0 0
650 0.0910603 0.333333 9.91667 0.517647 0.5 0 0
660 0.091301 0.333333 10.25 0.505882 0.5 0 0
670 0.091301 0.333333 10.25 0.498039 0.5 0 0
680 0.0912643 0.5 10.75 0.486275 0.5 0 0
690 0.0912643 0.5 10.75 0.482353 0.5 0 0
700 0.0911015 0.5 11.25 0.482353 0.5 0 0
710 0.0911015 0.5 11.25 0.482353 0.5 0 0
720 0.0913355 0.416667 11.6667 0.47451 0.5 0 0
730 0.0913355 0.416667 11.6667 0.47451 0.5 0 0
740 0.0923551 0.416667 12.0833 0.478431 0.5 0 0
750 0.0923551 0.416667 12.0833 0.482353 0.5 0 0
760 0.0927885 0.416667 12.5 0.486275 0.5 0 0
770 0.0927885 0.416667 12.5 0.490196 0.5 0 0
780 0.0921582 0.25 12.75 0.486275 0.5 0 0
790 0.0921582 0.25 12.75 0.490196 0.5 0 0
800 0.092338 0.25 13 0.486275 0.5 0 0
810 0.092338 0.25 13 0.478431 0.5 0 0
820 0.0928805 0.25 13.25 0.482353 0.5 0 0
830 0.0928805 0.25 13.25 0.466667 0.5 0 0
840 0.0928512 0.416667 13.6667 0.458824 0.5 0 0
850 0.0928512 0.416667 13.6667 0.462745 0.5 0 0
860 0.0923801 0.416667 14.0833 0.466667 0.5 0 0
870 0.0923801 0.416667 14.0833 0.462745 0.5 0 0
880 0.0921793 0.5 14.5833 0.458824 0.5 0 0
890 0.0921793 0.5 14.5833 0.45098 0.5 0 0
900 0.0913516 0.5 15.0833 0.447059 0.5 0 0
910 0.0913516 0.5 15.0833 0.447059 0.5 0 0
920 0.0900215 0.5 15.5833 0.447059 0.5 0 0
930 0.0900215 0.5 15.5833 0.443137 0.5 0 0
940 0.0900045 0.5 16.0833 0.447059 0.5 0 0
950 0.0900045 0.5 16.0833 0.454902 0.5 0 0
960 0.0898554 0.5 16.5833 0.439216 0.5 0 0
970 0.0898554 0.5 16.5833 0.439216 0.5 0 0
980 0.0902738 0.583333 17.1667 0.439216 0.5 0 0
990 0.0902738 0.583333 17.1667 0.435294 0.5 0 0
1000 0.0906497 0.583333 17.75 0.454902 0.5 0 0
1010 0.0906497 0.583333 17.75 0.435294 0.5 0 0
1020 0.0908476 0.583333 18.3333 0.431373 0.5 0 0
1030 0.0908476 0.583333 18.3333 0.431373 0.5 0 0
1040 0.0908266 0.583333 18.9167 0.431373 0.5 0 0
1050 0.0908266 0.583333 18.9167 0.470588 0.5 0 0
1060 0.0903772 0.583333 19.5 0.431373 0.5 0 0
1070 0.0903772 0.583333 19.5 0.431373 0.5 0 0
1080 0.0900642 0.5 20 0.431373 0.5 0 0
1090 0.0900642 0.5 20 0.431373 0.5 0 0
1100 0.0899325 0.5 20.5 0.431373 0.5 0 0
1110 0.0899325 0.5 20.5 0.431373 0.5 0 0
1120 0.0898898 0.583333 21.0833 0.454902 0.5 0 0
1130 0.0898898 0.583333 21.0833 0.470588 0.5 0 0
1140 0.0898497 0.583333 21.6667 0.47451 0.5 0 0
1150 0.0898497 0.583333 21.6667 0.431373 0.5 0 0
1160 0.0898043 0.416667 22.0833 0.431373 0.5 0 0
1170 0.0898043 0.416667 22.0833 0.47451 0.5 0 0
1180 0.0897214 0.416667 22.5 0.431373 0.5 0 0
1190 0.0897214 0.416667 22.5 0.431373 0.5 0 0
1200 0.0896954 0.75 23.25 0.47451 0.5 0 0
1210 0.0896954 0.75 23.25 0.431373 0.5 0 0
1220 0.0896236 0.666667 23.9167 0.431373 0.5 0 0
1230 0.0896236 0.666667 23.9167 0.470588 0.5 0 0
1240 0.0895449 0.666667 24.5833 0.454902 0.5 0 0
1250 0.0895449 0.666667 24.5833 0.431373 0.5 0 0
1260 0.0895328 0.666667 25.25 0.447059 0.5 0 0
1270 0.0895328 0.666667 25.25 0.431373 0.5 0 0
1280 0.0895295 0.833333 26.0833 0.431373 0.5 0 0
1290 0.0895295 0.833333 26.0833 0.45098 0.5 0 0
1300 0.0895285 0.833333 26.9167 0.470588 0.5 0 0
1310 0.0895285 0.833333 26.9167 0.47451 0.5 0 0
1320 0.0894679 0.833333 27.75 0.431373 0.5 0 0
1330 0.0894679 0.833333 27.75 0.431373 0.5 0 0
1340 0.0893856 0.833333 28.5833 0.431373 0.5 0 0
1350 0.0893856 0.833333 28.5833 0.431373 0.5 0 0
1360 0.0890747 0.833333 29.4167 0.431373 0.5 0 0
1370 0.0890747 0.833333 29.4167 0.431373 0.5 0 0
1380 0.0889033 0.916667 30.3333 0.431373 0.5 0 0
1390 0.0889033 0.916667 30.3333 0.431373 0.5 0 0
1400 0.0888764 0.916667 31.25 0.431373 0.5 0 0
1410 0.0888764 0.916667 31.25 0.431373 0.5 0 0
1420 0.0887685 0.916667 32.1667 0.431373 0.5 0 0
1430 0.0887685 0.916667 32.1667 0.431373 0.5 0 0
1440 0.0887016 0.916667 33.0833 0.431373 0.5 0 0
1450 0.0887016 0.916667 33.0833 0.431373 0.5 0 0
1460 0.0886589 0.833333 33.9167 0.431373 0.5 0 0
1470 0.0886589 0.833333 33.9167 0.431373 0.5 0 0
1480 0.0886356 0.916667 34.8333 0.431373 0.5 0 0
1490 0.0886356 0.916667 34.8333 0.431373 0.5 0 0
1500 0.0886168 0.916667 35.75 0.431373 0.5 0 0
1510 0.0886168 0.916667 35.75 0.431373 0.5 0 0
1520 0.0886002 0.916667 36.6667 0.431373 0.5 0 0
1530 0.0886002 0.916667 36.6667 0.431373 0.5 0 0
1540 0.0885906 0.916667 37.5833 0.431373 0.5 0 0
1550 0.0885906 0.916667 37.5833 0.431373 0.5 0 0
1560 0.0885834 0.916667 38.5 0.431373 0.5 0 0
1570 0.0885834 0.916667 38.5 0.431373 0.5 0 0
1580 0.0885766 0.833333 39.3333 0.431373 0.5 0 0
1590 0.0885766 0.833333 39.3333 0.431373 0.5 0 0
1600 0.0885766 0.75 40.0833 0.431373 0.5 0 0
1610 0.0885766 0.75 40.0833 0.431373 0.5 0 0
1620 0.0885159 0.75 40.8333 0.431373 0.5 0 0
1630 0.0885159 0.75 40.8333 0.431373 0.5 0 0
1640 0.0885146 0.75 41.5833 0.431373 0.5 0 0
1650 0.0885146 0.75 41.5833 0.431373 0.5 0 0
1660 0.0885076 0.583333 42.1667 0.431373 0.5 0 0
1670 0.0885076 0.583333 42.1667 0.431373 0.5 0 0
1680 0.0883552 0.666667 42.8333 0.431373 0.5 0 0
1690 0.0883552 0.666667 42.8333 0.431373 0.5 0 0
1700 0.0883373 0.666667 43.5 0.431373 0.5 0 0
1710 0.0883373 0.666667 43.5 0.431373 0.5 0 0
1720 0.0883373 0.666667 44.1667 0.431373 0.5 0 0
1730 0.0883373 0.666667 44.1667 0.431373 0.5 0 0
1740 0.0883211 0.666667 44.8333 0.431373 0.5 0 0
1750 0.0883211 0.666667 44.8333 0.431373 0.5 0 0
1760 0.0883059 0.666667 45.5 0.431373 0.5 0 0
1770 0.0883059 0.666667 45.5 0.431373 0.5 0 0
1780 0.0883056 0.583333 46.0833 0.431373 0.5 0 0
1790 0.0883056 0.583333 46.0833 0.431373 0.5 0 0
1800 0.0882996 0.666667 46.75 0.431373 0.5 0 0
1810 0.0882996 0.666667 46.75 0.431373 0.5 0 0
1820 0.0882915 0.666667 47.4167 0.431373 0.5 0 0
1830 0.0882915 0.666667 47.4167 0.431373 0.5 0 0
1840 0.0882913 0.666667 48.0833 0.431373 0.5 0 0
1850 0.0882913 0.666667 48.0833 0.431373 0.5 0 0
1860 0.088285 0.666667 48.75 0.431373 0.5 0 0
1870 0.088285 0.666667 48.75 0.431373 0.5 0 0
1880 0.0882662 0.666667 49.4167 0.431373 0.5 0 0
1890 0.0882662 0.666667 49.4167 0.431373 0.5 0 0
1900 0.0882657 0.666667 50.0833 0.431373 0.5 0 0
1910 0.0882657 0.666667 50.0833 0.431373 0.5 0 0
1920 0.0882576 0.583333 50.6667 0.431373 0.5 0 0
1930 0.0882576 0.583333 50.6667 0.431373 0.5 0 0
1940 0.0882575 0.583333 51.25 0.431373 0.5 0 0
1950 0.0882575 0.583333 51.25 0.431373 0.5 0 0
1960 0.0882498 0.5 51.75 0.431373 0.5 0 0
1970 0.0882498 0.5 51.75 0.431373 0.5 0 0
1980 0.0882498 0.5 52.25 0.431373 0.5 0 0
1990 0.0882498 0.5 52.25 0.431373 0.5 0 0
2000 0.0882498 0.5 52.75 0.431373 0.5 0 0
2010 0.0882498 0.5 52.75 0.431373 0.5 0 0
2020 0.0882498 0.416667 53.1667 0.431373 0.5 0 0
2030 0.0882498 0.416667 53.1667 0.431373 0.5 0 0
2040 0.0882498 0.416667 53.5833 0.431373 0.5 0 0
2050 0.0882498 0.416667 53.5833 0.431373 0.5 0 0
2060 0.0882498 0.5 54.0833 0.431373 0.5 0 0
2070 0.0882498 0.5 54.0833 0.431373 0.5 0 0
2080 0.0882498 0.5 54.5833 0.431373 0.5 0 0
2090 0.0882498 0.5 54.5833 0.431373 0.5 0 0
2100 0.0882498 0.583333 55.1667 0.431373 0.5 0 0
2110 0.0882498 0.583333 55.1667 0.431373 0.5 0 0
2120 0.0882468 0.583333 55.75 0.431373 0.5 0 0
2130 0.0882468 0.583333 55.75 0.431373 0.5 0 0
2140 0.08824 0.583333 56.3333 0.431373 0.5 0 0
2150 0.08824 0.583333 56.3333 0.431373 0.5 0 0
2160 0.0882368 0.75 57.0833 0.431373 0.5 0 0
2170 0.0882368 0.75 57.0833 0.431373 0.5 0 0
2180 0.0882368 0.666667 57.75 0.431373 0.5 0 0
2190 0.0882368 0.666667 57.75 0.431373 0.5 0 0
2200 0.0882368 0.666667 58.4167 0.431373 0.5 0 0
2210 0.0882368 0.666667 58.4167 0.431373 0.5 0 0
2220 0.0882368 0.75 59.1667 0.431373 0.5 0 0
2230 0.0882368 0.75 59.1667 0.431373 0.5 0 0
2240 0.0882368 0.75 59.9167 0.431373 0.5 0 0
2250 0.0882368 0.75 59.9167 0.431373 0.5 0 0
2260 0.0882368 0.75 60.6667 0.431373 0.5 0 0
2270 0.0882368 0.75 60.6667 0.431373 0.5 0 0
2280 0.0882368 0.75 61.4167 0.431373 0.5 0 0
2290 0.0882368 0.75 61.4167 0.431373 0.5 0 0
2300 0.0882368 0.666667 62.0833 0.431373 0.5 0 0
2310 0.0882368 0.666667 62.0833 0.431373 0.5 0 0
2320 0.0882368 0.666667 62.75 0.431373 0.5 0 0
2330 0.0882368 0.666667 62.75 0.431373 0.5 0 0
2340 0.0882368 0.666667 63.4167 0.431373 0.5 0 0
2350 0.0882368 0.666667 63.4167 0.431373 0.5 0 0
2360 0.0882368 0.666667 64.0833 0.431373 0.5 0 0
2370 0.0882368 0.666667 64.0833 0.431373 0.5 0 0
2380 0.0879898 0.75 64.8333 0.431373 0.5 0 0
2390 0.0879898 0.75 64.8333 0.431373 0.5 0 0
2400 0.0879878 0.75 65.5833 0.431373 0.5 0 0
2410 0.0879878 0.75 65.5833 0.431373 0.5 0 0
2420 0.0880033 0.75 66.3333 0.431373 0.5 0 0
2430 0.0880033 0.75 66.3333 0.431373 0.5 0 0
2440 0.0886384 0.75 67.0833 0.431373 0.5 0 0
2450 0.0886384 0.75 67.0833 0.431373 0.5 0 0
2460 0.0888813 0.666667 67.75 0.431373 0.5 0 0
2470 0.0888813 0.666667 67.75 0.427451 0.5 0 0
2480 0.0894843 0.666667 68.4167 0.431373 0.5 0 0
2490 0.0894843 0.666667 68.4167 0.431373 0.5 0 0
2500 0.0900088 0.666667 69.0833 0.431373 0.5 0 0
2510 0.0900088 0.666667 69.0833 0.431373 0.5 0 0
2520 0.0902786 0.666667 69.75 0.427451 0.5 0 0
2530 0.0902786 0.666667 69.75 0.423529 0.5 0 0
2540 0.0904038 0.666667 70.4167 0.423529 0.5 0 0
2550 0.0904038 0.666667 70.4167 0.423529 0.5 0 0
2560 0.0908468 0.416667 70.8333 0.423529 0.5 0 0
2570 0.0908468 0.416667 70.8333 0.423529 0.5 0 0
2580 0.0912541 0.583333 71.4167 0.423529 0.5 0 0
2590 0.0912541 0.583333 71.4167 0.423529 0.5 0 0
2600 0.091243 0.583333 72 0.423529 0.5 0 0
2610 0.091243 0.583333 72 0.419608 0.5 0 0
2620 0.0909966 0.583333 72.5833 0.415686 0.5 0 0
2630 0.0909966 0.583333 72.5833 0.415686 0.5 0 0
2640 0.090615 0.75 73.3333 0.415686 0.5 0 0
2650 0.090615 0.75 73.3333 0.415686 0.5 0 0
2660 0.0900785 0.75 74.0833 0.415686 0.5 0 0
2670 0.0900785 0.75 74.0833 0.415686 0.5 0 0
2680 0.0900623 0.75 74.8333 0.415686 0.5 0 0
2690 0.0900623 0.75 74.8333 0.415686 0.5 0 0
2700 0.090039 0.75 75.5833 0.415686 0.5 0 0
2710 0.090039 0.75 75.5833 0.415686 0.5 0 0
2720 0.0900027 0.75 76.3333 0.415686 0.5 0 0
2730 0.0900027 0.75 76.3333 0.415686 0.5 0 0
2740 0.0899725 0.75 77.0833 0.415686 0.5 0 0
2750 0.0899725 0.75 77.0833 0.415686 0.5 0 0
2760 0.0897708 0.833333 77.9167 0.415686 0.5 0 0
2770 0.0897708 0.833333 77.9167 0.415686 0.5 0 0
2780 0.0896743 0.833333 78.75 0.415686 0.5 0 0
2790 0.0896743 0.833333 78.75 0.411765 0.5 0 0
2800 0.0906063 0.833333 79.5833 0.411765 0.5 0 0
2810 0.0906063 0.833333 79.5833 0.411765 0.5 0 0
2820 0.0916649 0.833333 80.4167 0.415686 0.5 0 0
2830 0.0916649 0.833333 80.4167 0.415686 0.5 0 0
2840 0.0919693 0.75 81.1667 0.415686 0.5 0 0
2850 0.0919693 0.75 81.1667 0.415686 0.5 0 0
2860 0.0919693 0.75 81.9167 0.415686 0.5 0 0
2870 0.0919693 0.75 81.9167 0.415686 0.5 0 0
2880 0.092305 0.75 82.6667 0.415686 0.5 0 0
2890 0.092305 0.75 82.6667 0.411765 0.5 0 0
2900 0.0925338 0.75 83.4167 0.407843 0.5 0 0
2910 0.0925338 0.75 83.4167 0.407843 0.5 0 0
2920 0.0923925 0.833333 84.25 0.407843 0.5 0 0
2930 0.0923925 0.833333 84.25 0.407843 0.5 0 0
2940 0.0919398 0.833333 85.0833 0.407843 0.5 0 0
2950 0.0919398 0.833333 85.0833 0.407843 0.5 0 0
2960 0.0916265 0.833333 85.9167 0.407843 0.5 0 0
2970 0.0916265 0.833333 85.9167 0.407843 0.5 0 0
2980 0.0915387 0.916667 86.8333 0.407843 0.5 0 0
2990 0.0915387 0.916667 86.8333 0.407843 0.5 0 0
3000 0.0914945 0.916667 87.75 0.407843 0.5 0 0
3010 0.0914945 0.916667 87.75 0.407843 0.5 0 0
3020 0.0914477 0.916667 88.6667 0.407843 0.5 0 0
3030 0.0914477 0.916667 88.6667 0.407843 0.5 0 0
3040 0.0914015 0.916667 89.5833 0.407843 0.5 0 0
3050 0.0914015 0.916667 89.5833 0.407843 0.5 0 0
3060 0.0913483 0.916667 90.5 0.407843 0.5 0 0
3070 0.0913483 0.916667 90.5 0.407843 0.5 0 0
3080 0.0912616 0.916667 91.4167 0.407843 0.5 0 0
3090 0.0912616 0.916667 91.4167 0.407843 0.5 0 0
3100 0.0912155 0.916667 92.3333 0.407843 0.5 0 0
3110 0.0912155 0.916667 92.3333 0.407843 0.5 0 0
3120 0.0911444 0.75 93.0833 0.407843 0.5 0 0
3130 0.0911444 0.75 93.0833 0.407843 0.5 0 0
3140 0.0910683 0.75 93.8333 0.407843 0.5 0 0
3150 0.0910683 0.75 93.8333 0.407843 0.5 0 0
3160 0.090979 0.75 94.5833 0.407843 0.5 0 0
3170 0.090979 0.75 94.5833 0.407843 0.5 0 0
3180 0.0909016 0.75 95.3333 0.407843 0.5 0 0
3190 0.0909016 0.75 95.3333 0.407843 0.5 0 0
3200 0.0908796 0.916667 96.25 0.407843 0.5 0 0
3210 0.0908796 0.916667 96.25 0.407843 0.5 0 0
3220 0.0908419 0.916667 97.1667 0.407843 0.5 0 0
3230 0.0908419 0.916667 97.1667 0.407843 0.5 0 0
3240 0.0907913 0.75 97.9167 0.407843 0.5 0 0
3250 0.0907913 0.75 97.9167 0.407843 0.5 0 0
3260 0.0907569 0.833333 98.75 0.407843 0.5 0 0
3270 0.0907569 0.833333 98.75 0.407843 0.5 0 0
3280 0.0907287 0.833333 99.5833 0.407843 0.5 0 0
3290 0.0907287 0.833333 99.5833 0.407843 0.5 0 0
3300 0.0907045 0.833333 100.417 0.407843 0.5 0 0
3310 0.0907045 0.833333 100.417 0.407843 0.5 0 0
3320 0.0906787 0.833333 101.25 0.407843 0.5 0 0
3330 0.0906787 0.833333 101.25 0.407843 0.5 0 0
3340 0.0906479 0.833333 102.083 0.407843 0.5 0 0
3350 0.0906479 0.833333 102.083 0.407843 0.5 0 0
3360 0.0905999 0.75 102.833 0.407843 0.5 0 0
3370 0.0905999 0.75 102.833 0.407843 0.5 0 0
3380 0.0905606 0.75 103.583 0.407843 0.5 0 0
3390 0.0905606 0.75 103.583 0.407843 0.5 0 0
3400 0.0905013 0.75 104.333 0.407843 0.5 0 0
3410 0.0905013 0.75 104.333 0.407843 0.5 0 0
3420 0.0903374 0.75 105.083 0.407843 0.5 0 0
3430 0.0903374 0.75 105.083 0.407843 0.5 0 0
3440 0.0899603 0.833333 105.917 0.407843 0.5 0 0
3450 0.0899603 0.833333 105.917 0.407843 0.5 0 0
3460 0.0897774 0.666667 106.583 0.407843 0.5 0 0
3470 0.0897774 0.666667 106.583 0.407843 0.5 0 0
3480 0.0896682 0.583333 107.167 0.407843 0.5 0 0
3490 0.0896682 0.583333 107.167 0.407843 0.5 0 0
3500 0.0895931 0.666667 107.833 0.407843 0.5 0 0
3510 0.0895931 0.666667 107.833 0.407843 0.5 0 0
3520 0.0895418 0.666667 108.5 0.407843 0.5 0 0
3530 0.0895418 0.666667 108.5 0.407843 0.5 0 0
3540 0.0894948 0.666667 109.167 0.407843 0.5 0 0
3550 0.0894948 0.666667 109.167 0.407843 0.5 0 0
3560 0.0894536 0.666667 109.833 0.407843 0.5 0 0
3570 0.0894536 0.666667 109.833 0.407843 0.5 0 0
3580 0.0894189 0.666667 110.5 0.407843 0.5 0 0
3590 0.0894189 0.666667 110.5 0.407843 0.5 0 0
3600 0.0893917 0.75 111.25 0.407843 0.5 0 0
3610 0.0893917 0.75 111.25 0.407843 0.5 0 0
3620 0.0891548 0.666667 111.917 0.407843 0.5 0 0
3630 0.0891548 0.666667 111.917 0.407843 0.5 0 0
3640 0.0887305 0.666667 112.583 0.407843 0.5 0 0
3650 0.0887305 0.666667 112.583 0.407843 0.5 0 0
3660 0.088649 0.75 113.333 0.407843 0.5 0 0
3670 0.088649 0.75 113.333 0.407843 0.5 0 0
3680 0.0885555 0.75 114.083 0.407843 0.5 0 0
3690 0.0885555 0.75 114.083 0.407843 0.5 0 0
3700 0.0885094 0.75 114.833 0.407843 0.5 0 0
3710 0.0885094 0.75 114.833 0.407843 0.5 0 0
3720 0.0884815 0.75 115.583 0.407843 0.5 0 0
3730 0.0884815 0.75 115.583 0.407843 0.5 0 0
3740 0.0884549 0.416667 116 0.407843 0.5 0 0
3750 0.0884549 0.416667 116 0.407843 0.5 0 0
3760 0.0884031 0.5 116.5 0.407843 0.5 0 0
3770 0.0884031 0.5 116.5 0.407843 0.5 0 0
3780 0.0883913 0.5 117 0.407843 0.5 0 0
3790 0.0883913 0.5 117 0.407843 0.5 0 0
3800 0.088386 0.5 117.5 0.407843 0.5 0 0
3810 0.088386 0.5 117.5 0.407843 0.5 0 0
3820 0.0883815 0.5 118 0.407843 0.5 0 0
3830 0.0883815 0.5 118 0.407843 0.5 0 0
3840 0.0883739 0.5 118.5 0.407843 0.5 0 0
3850 0.0883739 0.5 118.5 0.407843 0.5 0 0
3860 0.0883473 0.5 119 0.407843 0.5 0 0
3870 0.0883473 0.5 119 0.407843 0.5 0 0
3880 0.0881803 0.333333 119.333 0.407843 0.5 0 0
3890 0.0881803 0.333333 119.333 0.407843 0.5 0 0
3900 0.0877192 0.583333 119.917 0.407843 0.5 0 0
3910 0.0877192 0.583333 119.917 0.407843 0.5 0 0
3920 0.0841942 0.583333 120.5 0.407843 0.5 0 0
3930 0.0841942 0.583333 120.5 0.407843 0.5 0 0
3940 0.0838511 0.583333 121.083 0.407843 0.5 0 0
3950 0.0838511 0.583333 121.083 0.407843 0.5 0 0
3960 0.0838362 0.583333 121.667 0.407843 0.5 0 0
3970 0.0838362 0.583333 121.667 0.407843 0.5 0 0
3980 0.0838315 0.583333 122.25 0.407843 0.5 0 0
3990 0.0838315 0.583333 122.25 0.407843 0.5 0 0
4000 0.0838263 0.583333 122.833 0.407843 0.5 0 0
4010 0.0838263 0.583333 122.833 0.407843 0.5 0 0
4020 0.0838219 0.416667 123.25 0.411765 0.5 0 0
4030 0.0838219 0.416667 123.25 0.411765 0.5 0 0
4040 0.0837664 0.25 123.5 0.407843 0.5 0 0
4050 0.0837664 0.25 123.5 0.407843 0.5 0 0
4060 0.08371 0.416667 123.917 0.411765 0.5 0 0
4070 0.08371 0.416667 123.917 0.411765 0.5 0 0
4080 0.0836807 0.416667 124.333 0.407843 0.5 0 0
4090 0.0836807 0.416667 124.333 0.407843 0.5 0 0
4100 0.0840359 0.416667 124.75 0.407843 0.5 0 0
4110 0.0840359 0.416667 124.75 0.407843 0.5 0 0
4120 0.0849843 0.416667 125.167 0.411765 0.5 0 0
4130 0.0849843 0.416667 125.167 0.415686 0.5 0 0
4140 0.0854927 0.416667 125.583 0.415686 0.5 0 0
4150 0.0854927 0.416667 125.583 0.419608 0.5 0 0
4160 0.0856178 0.416667 126 0.419608 0.5 0 0
4170 0.0856178 0.416667 126 0.419608 0.5 0 0
4180 0.0855077 0.416667 126.417 0.419608 0.5 0 0
4190 0.0855077 0.416667 126.417 0.419608 0.5 0 0
4200 0.0854291 0.416667 126.833 0.415686 0.5 0 0
4210 0.0854291 0.416667 126.833 0.415686 0.5 0 0
4220 0.0852946 0.5 127.333 0.415686 0.5 0 0
4230 0.0852946 0.5 127.333 0.415686 0.5 0 0
4240 0.0852729 0.5 127.833 0.415686 0.5 0 0
4250 0.0852729 0.5 127.833 0.411765 0.5 0 0
4260 0.0852513 0.5 128.333 0.411765 0.5 0 0
4270 0.0852513 0.5 128.333 0.411765 0.5 0 0
4280 0.0851506 0.5 128.833 0.411765 0.5 0 0
4290 0.0851506 0.5 128.833 0.411765 0.5 0 0
4300 0.0846332 0.5 129.333 0.411765 0.5 0 0
4310 0.0846332 0.5 129.333 0.411765 0.5 0 0
4320 0.0838797 0.5 129.833 0.407843 0.5 0 0
4330 0.0838797 0.5 129.833 0.407843 0.5 0 0
4340 0.083294 0.333333 130.167 0.407843 0.5 0 0
4350 0.083294 0.333333 130.167 0.403922 0.5 0 0
4360 0.0826884 0.416667 130.583 0.403922 0.5 0 0
4370 0.0826884 0.416667 130.583 0.403922 0.5 0 0
4380 0.0820933 0.416667 131 0.403922 0.5 0 0
4390 0.0820933 0.416667 131 0.403922 0.5 0 0
4400 0.0817725 0.416667 131.417 0.403922 0.5 0 0
4410 0.0817725 0.416667 131.417 0.403922 0.5 0 0
4420 0.0816555 0.416667 131.833 0.403922 0.5 0 0
4430 0.0816555 0.416667 131.833 0.403922 0.5 0 0
4440 0.0816369 0.416667 132.25 0.407843 0.5 0 0
4450 0.0816369 0.416667 132.25 0.403922 0.5 0 0
4460 0.0816282 0.416667 132.667 0.403922 0.5 0 0
4470 0.0816282 0.416667 132.667 0.407843 0.5 0 0
4480 0.0814898 0.5 133.167 0.403922 0.5 0 0
4490 0.0814898 0.5 133.167 0.407843 0.5 0 0
4500 0.0814478 0.5 133.667 0.403922 0.5 0 0
4510 0.0814478 0.5 133.667 0.403922 0.5 0 0
4520 0.0814434 0.5 134.167 0.403922 0.5 0 0
4530 0.0814434 0.5 134.167 0.407843 0.5 0 0
4540 0.0814409 0.5 134.667 0.403922 0.5 0 0
4550 0.0814409 0.5 134.667 0.407843 0.5 0 0
4560 0.0814404 0.5 135.167 0.407843 0.5 0 0
4570 0.0814404 0.5 135.167 0.407843 0.5 0 0
4580 0.0814357 0.5 135.667 0.407843 0.5 0 0
4590 0.0814357 0.5 135.667 0.403922 0.5 0 0
4600 0.0813007 0.416667 136.083 0.407843 0.5 0 0
4610 0.0813007 0.416667 136.083 0.407843 0.5 0 0
4620 0.0805279 0.5 136.583 0.407843 0.5 0 0
4630 0.0805279 0.5 136.583 0.403922 0.5 0 0
4640 0.0814586 0.5 137.083 0.407843 0.5 0 0
4650 0.0814586 0.5 137.083 0.407843 0.5 0 0
4660 0.0820378 0.5 137.583 0.407843 0.5 0 0
4670 0.0820378 0.5 137.583 0.407843 0.5 0 0
4680 0.0821191 0.5 138.083 0.407843 0.5 0 0
4690 0.0821191 0.5 138.083 0.407843 0.5 0 0
4700 0.082123 0.5 138.583 0.411765 0.5 0 0
4710 0.082123 0.5 138.583 0.407843 0.5 0 0
4720 0.082498 0.416667 139 0.407843 0.5 0 0
4730 0.082498 0.416667 139 0.407843 0.5 0 0
4740 0.0827263 0.5 139.5 0.407843 0.5 0 0
4750 0.0827263 0.5 139.5 0.407843 0.5 0 0
4760 0.0826832 0.5 140 0.403922 0.5 0 0
4770 0.0826832 0.5 140 0.403922 0.5 0 0
4780 0.0821999 0.583333 140.583 0.403922 0.5 0 0
4790 0.0821999 0.583333 140.583 0.403922 0.5 0 0
4800 0.0814917 0.666667 141.25 0.4 0.5 0 0
4810 0.0814917 0.666667 141.25 0.4 0.5 0 0
4820 0.0808931 0.666667 141.917 0.4 0.5 0 0
4830 0.0808931 0.666667 141.917 0.4 0.5 0 0
4840 0.0807296 0.583333 142.5 0.4 0.5 0 0
4850 0.0807296 0.583333 142.5 0.4 0.5 0 0
4860 0.0805731 0.666667 143.167 0.4 0.5 0 0
4870 0.0805731 0.666667 143.167 0.4 0.5 0 0
4880 0.0802953 0.666667 143.833 0.4 0.5 0 0
4890 0.0802953 0.666667 143.833 0.4 0.5 0 0
4900 0.0802669 0.666667 144.5 0.4 0.5 0 0
4910 0.0802669 0.666667 144.5 0.4 0.5 0 0
4920 0.080227 0.666667 145.167 0.4 0.5 0 0
4930 0.080227 0.666667 145.167 0.4 0.5 0 0
4940 0.0801993 0.666667 145.833 0.4 0.5 0 0
4950 0.0801993 0.666667 145.833 0.4 0.5 0 0
4960 0.0805465 0.666667 146.5 0.396078 0.5 0 0
4970 0.0805465 0.666667 146.5 0.396078 0.5 0 0
4980 0.0808418 0.666667 147.167 0.396078 0.5 0 0
4990 0.0808418 0.666667 147.167 0.396078 0.5 0 0
5000 0.0809865 0.666667 147.833 0.4 0.5 0 0
5010 0.0809865 0.666667 147.833 0.4 0.5 0 0
5020 0.0809763 0.75 148.583 0.4 0.5 0 0
5030 0.0809763 0.75 148.583 0.396078 0.5 0 0
5040 0.080965 0.75 149.333 0.4 0.5 0 0
5050 0.080965 0.75 149.333 0.396078 0.5 0 0
5060 0.0809359 0.75 150.083 0.4 0.5 0 0
5070 0.0809359 0.75 150.083 0.396078 0.5 0 0
5080 0.0808828 0.75 150.833 0.4 0.5 0 0
5090 0.0808828 0.75 150.833 0.396078 0.5 0 0
5100 0.0807991 0.75 151.583 0.396078 0.5 0 0
5110 0.0807991 0.75 151.583 0.4 0.5 0 0
5120 0.0808207 0.75 152.333 0.4 0.5 0 0
5130 0.0808207 0.75 152.333 0.396078 0.5 0 0
5140 0.0808162 0.75 153.083 0.396078 0.5 0 0
5150 0.0808162 0.75 153.083 0.4 0.5 0 0
5160 0.0807901 0.75 153.833 0.4 0.5 0 0
5170 0.0807901 0.75 153.833 0.4 0.5 0 0
5180 0.080785 0.75 154.583 0.4 0.5 0 0
5190 0.080785 0.75 154.583 0.4 0.5 0 0
5200 0.0807273 0.666667 155.25 0.396078 0.5 0 0
5210 0.0807273 0.666667 155.25 0.4 0.5 0 0
5220 0.0804503 0.75 156 0.4 0.5 0 0
5230 0.0804503 0.75 156 0.4 0.5 0 0
5240 0.0802937 0.75 156.75 0.4 0.5 0 0
5250 0.0802937 0.75 156.75 0.4 0.5 0 0
5260 0.080332 0.75 157.5 0.4 0.5 0 0
5270 0.080332 0.75 157.5 0.4 0.5 0 0
5280 0.0803595 0.75 158.25 0.4 0.5 0 0
5290 0.0803595 0.75 158.25 0.4 0.5 0 0
5300 0.0804132 0.75 159 0.396078 0.5 0 0
5310 0.0804132 0.75 159 0.4 0.5 0 0
5320 0.0804649 0.75 159.75 0.396078 0.5 0 0
5330 0.0804649 0.75 159.75 0.4 0.5 0 0
5340 0.0806509 0.75 160.5 0.396078 0.5 0 0
5350 0.0806509 0.75 160.5 0.4 0.5 0 0
5360 0.0806835 0.75 161.25 0.4 0.5 0 0
5370 0.0806835 0.75 161.25 0.4 0.5 0 0
5380 0.0807222 0.916667 162.167 0.396078 0.5 0 0
5390 0.0807222 0.916667 162.167 0.4 0.5 0 0
5400 0.0807627 0.916667 163.083 0.4 0.5 0 0
5410 0.0807627 0.916667 163.083 0.396078 0.5 0 0
5420 0.0807812 0.75 163.833 0.396078 0.5 0 0
5430 0.0807812 0.75 163.833 0.4 0.5 0 0
5440 0.0807969 0.833333 164.667 0.396078 0.5 0 0
5450 0.0807969 0.833333 164.667 0.396078 0.5 0 0
5460 0.0807427 0.833333 165.5 0.396078 0.5 0 0
5470 0.0807427 0.833333 165.5 0.396078 0.5 0 0
5480 0.0807082 0.916667 166.417 0.396078 0.5 0 0
5490 0.0807082 0.916667 166.417 0.396078 0.5 0 0
5500 0.0807216 0.916667 167.333 0.396078 0.5 0 0
5510 0.0807216 0.916667 167.333 0.396078 0.5 0 0
5520 0.0807398 0.916667 168.25 0.396078 0.5 0 0
5530 0.0807398 0.916667 168.25 0.396078 0.5 0 0
5540 0.0807728 0.916667 169.167 0.396078 0.5 0 0
5550 0.0807728 0.916667 169.167 0.396078 0.5 0 0
5560 0.0808341 1 170.167 0.396078 0.5 0 0
5570 0.0808341 1 170.167 0.396078 0.5 0 0
5580 0.0808499 1 171.167 0.396078 0.5 0 0
5590 0.0808499 1 171.167 0.396078 0.5 0 0
5600 0.0808788 1 172.167 0.396078 0.5 0 0
5610 0.0808788 1 172.167 0.396078 0.5 0 0
5620 0.0809208 1 173.167 0.396078 0.5 0 0
5630 0.0809208 1 173.167 0.396078 0.5 0 0
5640 0.0809536 0.916667 174.083 0.396078 0.5 0 0
5650 0.0809536 0.916667 174.083 0.396078 0.5 0 0
5660 0.0809931 0.916667 175 0.396078 0.5 0 0
5670 0.0809931 0.916667 175 0.396078 0.5 0 0
5680 0.0832717 0.916667 175.917 0.396078 0.5 0 0
5690 0.0832717 0.916667 175.917 0.396078 0.5 0 0
5700 0.0842231 1 176.917 0.396078 0.5 0 0
5710 0.0842231 1 176.917 0.396078 0.5 0 0
5720 0.084288 1 177.917 0.396078 0.5 0 0
5730 0.084288 1 177.917 0.396078 0.5 0 0
5740 0.0843897 1 178.917 0.396078 0.5 0 0
5750 0.0843897 1 178.917 0.396078 0.5 0 0
5760 0.0845228 0.833333 179.75 0.396078 0.5 0 0
5770 0.0845228 0.833333 179.75 0.396078 0.5 0 0
5780 0.0846112 1 180.75 0.396078 0.5 0 0
5790 0.0846112 1 180.75 0.396078 0.5 0 0
5800 0.0846337 1 181.75 0.396078 0.5 0 0
5810 0.0846337 1 181.75 0.396078 0.5 0 0
5820 0.0847051 1 182.75 0.396078 0.5 0 0
5830 0.0847051 1 182.75 0.396078 0.5 0 0
5840 0.0847839 1 183.75 0.396078 0.5 0 0
5850 0.0847839 1 183.75 0.396078 0.5 0 0
5860 0.0848582 1 184.75 0.396078 0.5 0 0
5870 0.0848582 1 184.75 0.396078 0.5 0 0
5880 0.0849432 0.833333 185.583 0.396078 0.5 0 0
5890 0.0849432 0.833333 185.583 0.396078 0.5 0 0
5900 0.0850512 0.833333 186.417 0.396078 0.5 0 0
5910 0.0850512 0.833333 186.417 0.396078 0.5 0 0
5920 0.085126 0.833333 187.25 0.396078 0.5 0 0
5930 0.085126 0.833333 187.25 0.396078 0.5 0 0
5940 0.085199 0.833333 188.083 0.396078 0.5 0 0
5950 0.085199 0.833333 188.083 0.396078 0.5 0 0
5960 0.0852527 0.833333 188.917 0.396078 0.5 0 0
5970 0.0852527 0.833333 188.917 0.396078 0.5 0 0
5980 0.0852842 0.833333 189.75 0.396078 0.5 0 0
5990 0.0852842 0.833333 189.75 0.396078 0.5 0 0
6000 0.0853012 0.833333 190.583 0.396078 0.5 0 0
6010 0.0853012 0.833333 190.583 0.392157 0.5 0 0
6020 0.0852735 0.833333 191.417 0.392157 0.5 0 0
6030 0.0852735 0.833333 191.417 0.392157 0.5 0 0
6040 0.0852473 0.666667 192.083 0.392157 0.5 0 0
6050 0.0852473 0.666667 192.083 0.396078 0.5 0 0
6060 0.0852979 0.666667 192.75 0.392157 0.5 0 0
6070 0.0852979 0.666667 192.75 0.396078 0.5 0 0
6080 0.0853157 0.666667 193.417 0.396078 0.5 0 0
6090 0.0853157 0.666667 193.417 0.392157 0.5 0 0
6100 0.0853076 0.666667 194.083 0.396078 0.5 0 0
6110 0.0853076 0.666667 194.083 0.396078 0.5 0 0
6120 0.0852886 0.666667 194.75 0.396078 0.5 0 0
6130 0.0852886 0.666667 194.75 0.396078 0.5 0 0
6140 0.0852814 0.666667 195.417 0.396078 0.5 0 0
6150 0.0852814 0.666667 195.417 0.392157 0.5 0 0
6160 0.0852828 0.666667 196.083 0.396078 0.5 0 0
6170 0.0852828 0.666667 196.083 0.396078 0.5 0 0
6180 0.0850726 0.833333 196.917 0.392157 0.5 0 0
6190 0.0850726 0.833333 196.917 0.396078 0.5 0 0
6200 0.0835318 1 197.917 0.396078 0.5 0 0
6210 0.0835318 1 197.917 0.396078 0.5 0 0
6220 0.0835093 1 198.917 0.396078 0.5 0 0
6230 0.0835093 1 198.917 0.396078 0.5 0 0
6240 0.0835452 1 199.917 0.396078 0.5 0 0
6250 0.0835452 1 199.917 0.396078 0.5 0 0
6260 0.0835757 0.916667 200.833 0.396078 0.5 0 0
6270 0.0835757 0.916667 200.833 0.4 0.5 0 0
6280 0.0835807 0.833333 201.667 0.396078 0.5 0 0
6290 0.0835807 0.833333 201.667 0.4 0.5 0 0
6300 0.0836324 1 202.667 0.4 0.5 0 0
6310 0.0836324 1 202.667 0.4 0.5 0 0
6320 0.0836478 0.833333 203.5 0.4 0.5 0 0
6330 0.0836478 0.833333 203.5 0.4 0.5 0 0
6340 0.0836508 0.833333 204.333 0.4 0.5 0 0
6350 0.0836508 0.833333 204.333 0.4 0.5 0 0
6360 0.0836675 0.916667 205.25 0.4 0.5 0 0
6370 0.0836675 0.916667 205.25 0.4 0.5 0 0
6380 0.0837 0.916667 206.167 0.4 0.5 0 0
6390 0.0837 0.916667 206.167 0.4 0.5 0 0
6400 0.0837276 0.916667 207.083 0.403922 0.5 0 0
6410 0.0837276 0.916667 207.083 0.4 0.5 0 0
6420 0.0837514 0.916667 208 0.4 0.5 0 0
6430 0.0837514 0.916667 208 0.403922 0.5 0 0
6440 0.0837684 0.916667 208.917 0.4 0.5 0 0
6450 0.0837684 0.916667 208.917 0.403922 0.5 0 0
6460 0.0836186 0.916667 209.833 0.403922 0.5 0 0
6470 0.0836186 0.916667 209.833 0.4 0.5 0 0
6480 0.0836415 0.916667 210.75 0.403922 0.5 0 0
6490 0.0836415 0.916667 210.75 0.4 0.5 0 0
6500 0.0836647 0.916667 211.667 0.403922 0.5 0 0
6510 0.0836647 0.916667 211.667 0.403922 0.5 0 0
6520 0.0836886 0.916667 212.583 0.403922 0.5 0 0
6530 0.0836886 0.916667 212.583 0.403922 0.5 0 0
6540 0.0837123 0.916667 213.5 0.403922 0.5 0 0
6550 0.0837123 0.916667 213.5 0.403922 0.5 0 0
6560 0.0837334 0.916667 214.417 0.403922 0.5 0 0
6570 0.0837334 0.916667 214.417 0.403922 0.5 0 0
6580 0.0837829 0.916667 215.333 0.403922 0.5 0 0
6590 0.0837829 0.916667 215.333 0.407843 0.5 0 0
6600 0.0838269 0.916667 216.25 0.407843 0.5 0 0
6610 0.0838269 0.916667 216.25 0.407843 0.5 0 0
6620 0.083873 0.916667 217.167 0.407843 0.5 0 0
6630 0.083873 0.916667 217.167 0.407843 0.5 0 0
6640 0.0839106 0.916667 218.083 0.407843 0.5 0 0
6650 0.0839106 0.916667 218.083 0.403922 0.5 0 0
6660 0.0839411 0.916667 219 0.407843 0.5 0 0
6670 0.0839411 0.916667 219 0.407843 0.5 0 0
6680 0.0839819 0.833333 219.833 0.411765 0.5 0 0
6690 0.0839819 0.833333 219.833 0.407843 0.5 0 0
6700 0.084021 0.833333 220.667 0.411765 0.5 0 0
6710 0.084021 0.833333 220.667 0.411765 0.5 0 0
6720 0.0840611 0.833333 221.5 0.411765 0.5 0 0
6730 0.0840611 0.833333 221.5 0.411765 0.5 0 0
6740 0.0840932 0.833333 222.333 0.407843 0.5 0 0
6750 0.0840932 0.833333 222.333 0.411765 0.5 0 0
6760 0.0842549 0.916667 223.25 0.415686 0.5 0 0
6770 0.0842549 0.916667 223.25 0.415686 0.5 0 0
6780 0.0842933 0.833333 224.083 0.415686 0.5 0 0
6790 0.0842933 0.833333 224.083 0.415686 0.5 0 0
6800 0.084309 0.833333 224.917 0.415686 0.5 0 0
6810 0.084309 0.833333 224.917 0.419608 0.5 0 0
6820 0.0843397 0.833333 225.75 0.415686 0.5 0 0
6830 0.0843397 0.833333 225.75 0.415686 0.5 0 0
6840 0.0843458 0.833333 226.583 0.415686 0.5 0 0
6850 0.0843458 0.833333 226.583 0.415686 0.5 0 0
6860 0.0843032 0.833333 227.417 0.415686 0.5 0 0
6870 0.0843032 0.833333 227.417 0.415686 0.5 0 0
6880 0.0843124 0.833333 228.25 0.415686 0.5 0 0
6890 0.0843124 0.833333 228.25 0.415686 0.5 0 0
6900 0.0843289 0.75 229 0.419608 0.5 0 0
6910 0.0843289 0.75 229 0.415686 0.5 0 0
6920 0.0843338 0.75 229.75 0.415686 0.5 0 0
6930 0.0843338 0.75 229.75 0.415686 0.5 0 0
6940 0.084346 0.833333 230.583 0.419608 0.5 0 0
6950 0.084346 0.833333 230.583 0.415686 0.5 0 0
6960 0.084346 0.75 231.333 0.419608 0.5 0 0
6970 0.084346 0.75 231.333 0.415686 0.5 0 0
6980 0.0843508 0.666667 232 0.419608 0.5 0 0
6990 0.0843508 0.666667 232 0.415686 0.5 0 0
7000 0.0843563 0.75 232.75 0.415686 0.5 0 0
7010 0.0843563 0.75 232.75 0.415686 0.5 0 0
7020 0.0843608 0.75 233.5 0.415686 0.5 0 0
7030 0.0843608 0.75 233.5 0.419608 0.5 0 0
7040 0.0843791 0.75 234.25 0.419608 0.5 0 0
7050 0.0843791 0.75 234.25 0.419608 0.5 0 0
7060 0.0843865 0.75 235 0.419608 0.5 0 0
7070 0.0843865 0.75 235 0.419608 0.5 0 0
7080 0.084939 0.833333 235.833 0.415686 0.5 0 0
7090 0.084939 0.833333 235.833 0.415686 0.5 0 0
7100 0.0850008 0.833333 236.667 0.419608 0.5 0 0
7110 0.0850008 0.833333 236.667 0.419608 0.5 0 0
7120 0.0850003 0.833333 237.5 0.415686 0.5 0 0
7130 0.0850003 0.833333 237.5 0.419608 0.5 0 0
7140 0.0850003 0.833333 238.333 0.419608 0.5 0 0
7150 0.0850003 0.833333 238.333 0.415686 0.5 0 0
7160 0.0850003 0.833333 239.167 0.419608 0.5 0 0
7170 0.0850003 0.833333 239.167 0.419608 0.5 0 0
7180 0.0849933 0.833333 240 0.419608 0.5 0 0
7190 0.0849933 0.833333 240 0.415686 0.5 0 0
7200 0.0849917 0.75 240.75 0.419608 0.5 0 0
7210 0.0849917 0.75 240.75 0.415686 0.5 0 0
7220 0.0849984 0.75 241.5 0.415686 0.5 0 0
7230 0.0849984 0.75 241.5 0.415686 0.5 0 0
7240 0.0850074 0.75 242.25 0.419608 0.5 0 0
7250 0.0850074 0.75 242.25 0.419608 0.5 0 0
7260 0.0850148 0.833333 243.083 0.419608 0.5 0 0
7270 0.0850148 0.833333 243.083 0.419608 0.5 0 0
7280 0.0850148 0.833333 243.917 0.415686 0.5 0 0
7290 0.0850148 0.833333 243.917 0.415686 0.5 0 0
7300 0.0850109 0.833333 244.75 0.415686 0.5 0 0
7310 0.0850109 0.833333 244.75 0.419608 0.5 0 0
7320 0.0850218 0.833333 245.583 0.415686 0.5 0 0
7330 0.0850218 0.833333 245.583 0.415686 0.5 0 0
7340 0.085011 0.833333 246.417 0.415686 0.5 0 0
7350 0.085011 0.833333 246.417 0.419608 0.5 0 0
7360 0.0850241 0.833333 247.25 0.419608 0.5 0 0
7370 0.0850241 0.833333 247.25 0.415686 0.5 0 0
7380 0.0850302 0.833333 248.083 0.419608 0.5 0 0
7390 0.0850302 0.833333 248.083 0.415686 0.5 0 0
7400 0.0850302 0.833333 248.917 0.419608 0.5 0 0
7410 0.0850302 0.833333 248.917 0.415686 0.5 0 0
7420 0.0849902 0.833333 249.75 0.419608 0.5 0 0
7430 0.0849902 0.833333 249.75 0.419608 0.5 0 0
7440 0.0850013 0.833333 250.583 0.415686 0.5 0 0
7450 0.0850013 0.833333 250.583 0.415686 0.5 0 0
7460 0.084982 0.75 251.333 0.419608 0.5 0 0
7470 0.084982 0.75 251.333 0.415686 0.5 0 0
7480 0.0849912 0.75 252.083 0.419608 0.5 0 0
7490 0.0849912 0.75 252.083 0.415686 0.5 0 0
7500 0.0850578 0.833333 252.917 0.419608 0.5 0 0
7510 0.0850578 0.833333 252.917 0.415686 0.5 0 0
7520 0.0850623 0.833333 253.75 0.419608 0.5 0 0
7530 0.0850623 0.833333 253.75 0.419608 0.5 0 0
7540 0.0850373 0.833333 254.583 0.415686 0.5 0 0
7550 0.0850373 0.833333 254.583 0.419608 0.5 0 0
7560 0.0850178 0.833333 255.417 0.415686 0.5 0 0
7570 0.0850178 0.833333 255.417 0.415686 0.5 0 0
7580 0.0849867 0.833333 256.25 0.419608 0.5 0 0
7590 0.0849867 0.833333 256.25 0.419608 0.5 0 0
7600 0.0849844 0.833333 257.083 0.415686 0.5 0 0
7610 0.0849844 0.833333 257.083 0.415686 0.5 0 0
7620 0.0849844 0.75 257.833 0.419608 0.5 0 0
7630 0.0849844 0.75 257.833 0.415686 0.5 0 0
7640 0.0849844 0.75 258.583 0.415686 0.5 0 0
7650 0.0849844 0.75 258.583 0.419608 0.5 0 0
7660 0.0849819 0.75 259.333 0.415686 0.5 0 0
7670 0.0849819 0.75 259.333 0.415686 0.5 0 0
7680 0.0849606 0.666667 260 0.415686 0.5 0 0
7690 0.0849606 0.666667 260 0.419608 0.5 0 0
7700 0.0849256 0.833333 260.833 0.415686 0.5 0 0
7710 0.0849256 0.833333 260.833 0.419608 0.5 0 0
7720 0.0848112 0.833333 261.667 0.415686 0.5 0 0
7730 0.0848112 0.833333 261.667 0.419608 0.5 0 0
7740 0.0844712 0.75 262.417 0.419608 0.5 0 0
7750 0.0844712 0.75 262.417 0.419608 0.5 0 0
7760 0.0844786 0.75 263.167 0.415686 0.5 0 0
7770 0.0844786 0.75 263.167 0.415686 0.5 0 0
7780 0.084496 0.75 263.917 0.415686 0.5 0 0
7790 0.084496 0.75 263.917 0.415686 0.5 0 0
7800 0.084496 0.75 264.667 0.419608 0.5 0 0
7810 0.084496 0.75 264.667 0.415686 0.5 0 0
7820 0.0844482 0.75 265.417 0.415686 0.5 0 0
7830 0.0844482 0.75 265.417 0.415686 0.5 0 0
7840 0.0843169 0.666667 266.083 0.415686 0.5 0 0
7850 0.0843169 0.666667 266.083 0.411765 0.5 0 0
7860 0.0835619 0.666667 266.75 0.411765 0.5 0 0
7870 0.0835619 0.666667 266.75 0.415686 0.5 0 0
7880 0.0833733 0.75 267.5 0.415686 0.5 0 0
7890 0.0833733 0.75 267.5 0.415686 0.5 0 0
7900 0.0833751 0.75 268.25 0.415686 0.5 0 0
7910 0.0833751 0.75 268.25 0.415686 0.5 0 0
7920 0.0833449 0.75 269 0.411765 0.5 0 0
7930 0.0833449 0.75 269 0.411765 0.5 0 0
7940 0.0832746 0.75 269.75 0.411765 0.5 0 0
7950 0.0832746 0.75 269.75 0.411765 0.5 0 0
7960 0.0831615 0.75 270.5 0.411765 0.5 0 0
7970 0.0831615 0.75 270.5 0.407843 0.5 0 0
7980 0.0830538 0.666667 271.167 0.407843 0.5 0 0
7990 0.0830538 0.666667 271.167 0.403922 0.5 0 0
8000 0.0828517 0.666667 271.833 0.403922 0.5 0 0
8010 0.0828517 0.666667 271.833 0.392157 0.5 0 0
8020 0.0818444 0.666667 272.5 0.384314 0.5 0 0
8030 0.0818444 0.666667 272.5 0.380392 0.5 0 0
8040 0.0809359 0.75 273.25 0.380392 0.5 0 0
8050 0.0809359 0.75 273.25 0.380392 0.5 0 0
8060 0.0806501 0.833333 274.083 0.384314 0.5 0 0
8070 0.0806501 0.833333 274.083 0.384314 0.5 0 0
8080 0.080647 0.833333 274.917 0.384314 0.5 0 0
8090 0.080647 0.833333 274.917 0.384314 0.5 0 0
8100 0.0806459 0.833333 275.75 0.384314 0.5 0 0
8110 0.0806459 0.833333 275.75 0.384314 0.5 0 0
8120 0.0806459 0.833333 276.583 0.380392 0.5 0 0
8130 0.0806459 0.833333 276.583 0.384314 0.5 0 0
8140 0.0806807 0.833333 277.417 0.384314 0.5 0 0
8150 0.0806807 0.833333 277.417 0.380392 0.5 0 0
8160 0.0808482 0.833333 278.25 0.380392 0.5 0 0
8170 0.0808482 0.833333 278.25 0.380392 0.5 0 0
8180 0.0809183 0.833333 279.083 0.380392 0.5 0 0
8190 0.0809183 0.833333 279.083 0.376471 0.5 0 0
8200 0.0811578 0.75 279.833 0.376471 0.5 0 0
8210 0.0811578 0.75 279.833 0.376471 0.5 0 0
8220 0.0811625 0.75 280.583 0.376471 0.5 0 0
8230 0.0811625 0.75 280.583 0.376471 0.5 0 0
8240 0.0811563 0.916667 281.5 0.376471 0.5 0 0
8250 0.0811563 0.916667 281.5 0.376471 0.5 0 0
8260 0.0811429 0.916667 282.417 0.376471 0.5 0 0
8270 0.0811429 0.916667 282.417 0.376471 0.5 0 0
8280 0.0811993 0.916667 283.333 0.376471 0.5 0 0
8290 0.0811993 0.916667 283.333 0.376471 0.5 0 0
8300 0.0813003 0.75 284.083 0.372549 0.5 0 0
8310 0.0813003 0.75 284.083 0.372549 0.5 0 0
8320 0.0816745 0.833333 284.917 0.372549 0.5 0 0
8330 0.0816745 0.833333 284.917 0.372549 0.5 0 0
8340 0.0819332 0.75 285.667 0.368627 0.5 0 0
8350 0.0819332 0.75 285.667 0.368627 0.5 0 0
8360 0.0820612 0.833333 286.5 0.372549 0.5 0 0
8370 0.0820612 0.833333 286.5 0.372549 0.5 0 0
8380 0.0821761 0.833333 287.333 0.372549 0.5 0 0
8390 0.0821761 0.833333 287.333 0.372549 0.5 0 0
8400 0.0821799 0.833333 288.167 0.372549 0.5 0 0
8410 0.0821799 0.833333 288.167 0.372549 0.5 0 0
8420 0.0821388 0.833333 289 0.368627 0.5 0 0
8430 0.0821388 0.833333 289 0.372549 0.5 0 0
8440 0.0820993 0.833333 289.833 0.368627 0.5 0 0
8450 0.0820993 0.833333 289.833 0.372549 0.5 0 0
8460 0.0820732 0.833333 290.667 0.372549 0.5 0 0
8470 0.0820732 0.833333 290.667 0.372549 0.5 0 0
8480 0.0820482 0.833333 291.5 0.372549 0.5 0 0
8490 0.0820482 0.833333 291.5 0.372549 0.5 0 0
8500 0.082023 0.666667 292.167 0.372549 0.5 0 0
8510 0.082023 0.666667 292.167 0.368627 0.5 0 0
8520 0.0819644 0.666667 292.833 0.368627 0.5 0 0
8530 0.0819644 0.666667 292.833 0.368627 0.5 0 0
8540 0.0819405 0.5 293.333 0.372549 0.5 0 0
8550 0.0819405 0.5 293.333 0.368627 0.5 0 0
8560 0.0816477 0.583333 293.917 0.372549 0.5 0 0
8570 0.0816477 0.583333 293.917 0.372549 0.5 0 0
8580 0.0814248 0.666667 294.583 0.368627 0.5 0 0
8590 0.0814248 0.666667 294.583 0.368627 0.5 0 0
8600 0.0814244 0.666667 295.25 0.372549 0.5 0 0
8610 0.0814244 0.666667 295.25 0.368627 0.5 0 0
8620 0.0814392 0.583333 295.833 0.372549 0.5 0 0
8630 0.0814392 0.583333 295.833 0.368627 0.5 0 0
8640 0.0815515 0.583333 296.417 0.368627 0.5 0 0
8650 0.0815515 0.583333 296.417 0.368627 0.5 0 0
8660 0.0817685 0.5 296.917 0.368627 0.5 0 0
8670 0.0817685 0.5 296.917 0.368627 0.5 0 0
8680 0.0817935 0.583333 297.5 0.368627 0.5 0 0
8690 0.0817935 0.583333 297.5 0.368627 0.5 0 0
8700 0.0818399 0.583333 298.083 0.368627 0.5 0 0
8710 0.0818399 0.583333 298.083 0.364706 0.5 0 0
8720 0.0818996 0.75 298.833 0.368627 0.5 0 0
8730 0.0818996 0.75 298.833 0.368627 0.5 0 0
8740 0.0819548 0.833333 299.667 0.368627 0.5 0 0
8750 0.0819548 0.833333 299.667 0.368627 0.5 0 0
8760 0.0822075 0.75 300.417 0.364706 0.5 0 0
8770 0.0822075 0.75 300.417 0.364706 0.5 0 0
8780 0.0824567 0.666667 301.083 0.364706 0.5 0 0
8790 0.0824567 0.666667 301.083 0.364706 0.5 0 0
8800 0.0825133 0.666667 301.75 0.364706 0.5 0 0
8810 0.0825133 0.666667 301.75 0.364706 0.5 0 0
8820 0.0823933 0.666667 302.417 0.364706 0.5 0 0
8830 0.0823933 0.666667 302.417 0.364706 0.5 0 0
8840 0.0822535 0.666667 303.083 0.364706 0.5 0 0
8850 0.0822535 0.666667 303.083 0.364706 0.5 0 0
8860 0.0821455 0.5 303.583 0.364706 0.5 0 0
8870 0.0821455 0.5 303.583 0.364706 0.5 0 0
8880 0.0821253 0.75 304.333 0.364706 0.5 0 0
8890 0.0821253 0.75 304.333 0.364706 0.5 0 0
8900 0.0820928 0.75 305.083 0.364706 0.5 0 0
8910 0.0820928 0.75 305.083 0.364706 0.5 0 0
8920 0.0820692 0.75 305.833 0.364706 0.5 0 0
8930 0.0820692 0.75 305.833 0.364706 0.5 0 0
8940 0.0820477 0.75 306.583 0.364706 0.5 0 0
8950 0.0820477 0.75 306.583 0.364706 0.5 0 0
8960 0.0820454 0.75 307.333 0.364706 0.5 0 0
8970 0.0820454 0.75 307.333 0.364706 0.5 0 0
8980 0.0820571 0.666667 308 0.364706 0.5 0 0
8990 0.0820571 0.666667 308 0.364706 0.5 0 0
9000 0.082092 0.666667 308.667 0.364706 0.5 0 0
9010 0.082092 0.666667 308.667 0.364706 0.5 0 0
9020 0.0821225 0.666667 309.333 0.364706 0.5 0 0
9030 0.0821225 0.666667 309.333 0.364706 0.5 0 0
9040 0.0821277 0.5 309.833 0.364706 0.5 0 0
9050 0.0821277 0.5 309.833 0.364706 0.5 0 0
9060 0.0821621 0.416667 310.25 0.364706 0.5 0 0
9070 0.0821621 0.416667 310.25 0.364706 0.5 0 0
9080 0.0821606 0.416667 310.667 0.364706 0.5 0 0
9090 0.0821606 0.416667 310.667 0.364706 0.5 0 0
9100 0.082114 0.666667 311.333 0.360784 0.5 0 0
9110 0.082114 0.666667 311.333 0.360784 0.5 0 0
9120 0.0818706 0.666667 312 0.360784 0.5 0 0
9130 0.0818706 0.666667 312 0.360784 0.5 0 0
9140 0.0818914 0.666667 312.667 0.360784 0.5 0 0
9150 0.0818914 0.666667 312.667 0.360784 0.5 0 0
9160 0.0819104 0.666667 313.333 0.364706 0.5 0 0
9170 0.0819104 0.666667 313.333 0.360784 0.5 0 0
9180 0.0819473 0.75 314.083 0.360784 0.5 0 0
9190 0.0819473 0.75 314.083 0.360784 0.5 0 0
9200 0.0820788 0.75 314.833 0.360784 0.5 0 0
9210 0.0820788 0.75 314.833 0.360784 0.5 0 0
9220 0.082228 0.75 315.583 0.360784 0.5 0 0
9230 0.082228 0.75 315.583 0.360784 0.5 0 0
9240 0.0825718 0.75 316.333 0.360784 0.5 0 0
9250 0.0825718 0.75 316.333 0.360784 0.5 0 0
9260 0.0828669 0.833333 317.167 0.360784 0.5 0 0
9270 0.0828669 0.833333 317.167 0.360784 0.5 0 0
9280 0.0830699 0.833333 318 0.360784 0.5 0 0
9290 0.0830699 0.833333 318 0.360784 0.5 0 0
9300 0.0830842 0.833333 318.833 0.360784 0.5 0 0
9310 0.0830842 0.833333 318.833 0.360784 0.5 0 0
9320 0.0831077 0.833333 319.667 0.360784 0.5 0 0
9330 0.0831077 0.833333 319.667 0.360784 0.5 0 0
9340 0.0831298 0.833333 320.5 0.360784 0.5 0 0
9350 0.0831298 0.833333 320.5 0.360784 0.5 0 0
9360 0.0833087 0.666667 321.167 0.360784 0.5 0 0
9370 0.0833087 0.666667 321.167 0.360784 0.5 0 0
9380 0.0835257 0.666667 321.833 0.360784 0.5 0 0
9390 0.0835257 0.666667 321.833 0.360784 0.5 0 0
9400 0.0838907 0.666667 322.5 0.360784 0.5 0 0
9410 0.0838907 0.666667 322.5 0.360784 0.5 0 0
9420 0.0843163 0.666667 323.167 0.360784 0.5 0 0
9430 0.0843163 0.666667 323.167 0.360784 0.5 0 0
9440 0.084337 0.833333 324 0.360784 0.5 0 0
9450 0.084337 0.833333 324 0.360784 0.5 0 0
9460 0.0843587 0.666667 324.667 0.360784 0.5 0 0
9470 0.0843587 0.666667 324.667 0.360784 0.5 0 0
9480 0.0843836 0.666667 325.333 0.360784 0.5 0 0
9490 0.0843836 0.666667 325.333 0.360784 0.5 0 0
9500 0.0843999 0.666667 326 0.360784 0.5 0 0
9510 0.0843999 0.666667 326 0.360784 0.5 0 0
9520 0.0844213 0.666667 326.667 0.360784 0.5 0 0
9530 0.0844213 0.666667 326.667 0.360784 0.5 0 0
9540 0.0844721 0.583333 327.25 0.360784 0.5 0 0
9550 0.0844721 0.583333 327.25 0.364706 0.5 0 0
9560 0.0844768 0.583333 327.833 0.360784 0.5 0 0
9570 0.0844768 0.583333 327.833 0.360784 0.5 0 0
9580 0.0844246 0.583333 328.417 0.360784 0.5 0 0
9590 0.0844246 0.583333 328.417 0.360784 0.5 0 0
9600 0.0843442 0.833333 329.25 0.360784 0.5 0 0
9610 0.0843442 0.833333 329.25 0.360784 0.5 0 0
9620 0.0843578 0.833333 330.083 0.360784 0.5 0 0
9630 0.0843578 0.833333 330.083 0.360784 0.5 0 0
9640 0.0843737 0.833333 330.917 0.360784 0.5 0 0
9650 0.0843737 0.833333 330.917 0.360784 0.5 0 0
9660 0.0843875 0.833333 331.75 0.360784 0.5 0 0
9670 0.0843875 0.833333 331.75 0.360784 0.5 0 0
9680 0.0843993 0.833333 332.583 0.360784 0.5 0 0
9690 0.0843993 0.833333 332.583 0.360784 0.5 0 0
9700 0.0845152 0.833333 333.417 0.360784 0.5 0 0
9710 0.0845152 0.833333 333.417 0.360784 0.5 0 0
9720 0.0846282 0.833333 334.25 0.360784 0.5 0 0
9730 0.0846282 0.833333 334.25 0.360784 0.5 0 0
9740 0.0846365 0.833333 335.083 0.364706 0.5 0 0
9750 0.0846365 0.833333 335.083 0.360784 0.5 0 0
9760 0.0846365 0.833333 335.917 0.360784 0.5 0 0
9770 0.0846365 0.833333 335.917 0.360784 0.5 0 0
9780 0.0846365 0.916667 336.833 0.360784 0.5 0 0
9790 0.0846365 0.916667 336.833 0.360784 0.5 0 0
9800 0.0846438 0.833333 337.667 0.360784 0.5 0 0
9810 0.0846438 0.833333 337.667 0.360784 0.5 0 0
9820 0.0846504 0.916667 338.583 0.360784 0.5 0 0
9830 0.0846504 0.916667 338.583 0.360784 0.5 0 0
9840 0.0846532 0.916667 339.5 0.360784 0.5 0 0
9850 0.0846532 0.916667 339.5 0.364706 0.5 0 0
9860 0.0846532 0.916667 340.417 0.360784 0.5 0 0
9870 0.0846532 0.916667 340.417 0.360784 0.5 0 0
9880 0.084655 0.916667 341.333 0.364706 0.5 0 0
9890 0.084655 0.916667 341.333 0.360784 0.5 0 0
9900 0.0846631 0.916667 342.25 0.360784 0.5 0 0
9910 0.0846631 0.916667 342.25 0.360784 0.5 0 0
9920 0.0846675 0.916667 343.167 0.360784 0.5 0 0
9930 0.0846675 0.916667 343.167 0.364706 0.5 0 0
9940 0.0846273 0.916667 344.083 0.360784 0.5 0 0
9950 0.0846273 0.916667 344.083 0.360784 0.5 0 0
9960 0.0846277 0.916667 345 0.360784 0.5 0 0
9970 0.0846277 0.916667 345 0.360784 0.5 0 0
9980 0.0846823 1 346 0.360784 0.5 0 0
9990 0.0846823 1 346 0.364706 0.5 0 0
10000 0.0846839 1 347 0.360784 0.5 0 0
10010 0.0846839 1 347 0.360784 0.5 0 0
10020 0.0846839 1 348 0.364706 0.5 0 0
10030 0.0846839 1 348 0.360784 0.5 0 0
10040 0.0846839 0.916667 348.917 0.364706 0.5 0 0
10050 0.0846839 0.916667 348.917 0.364706 0.5 0 0
10060 0.0846839 0.916667 349.833 0.360784 0.5 0 0
10070 0.0846839 0.916667 349.833 0.364706 0.5 0 0
10080 0.0846839 0.916667 350.75 0.360784 0.5 0 0
10090 0.0846839 0.916667 350.75 0.364706 0.5 0 0
10100 0.0846889 0.833333 351.583 0.360784 0.5 0 0
10110 0.0846889 0.833333 351.583 0.364706 0.5 0 0
10120 0.0846889 0.833333 352.417 0.360784 0.5 0 0
10130 0.0846889 0.833333 352.417 0.360784 0.5 0 0
10140 0.0846889 0.75 353.167 0.360784 0.5 0 0
10150 0.0846889 0.75 353.167 0.360784 0.5 0 0
10160 0.0848491 0.916667 354.083 0.360784 0.5 0 0
10170 0.0848491 0.916667 354.083 0.360784 0.5 0 0
10180 0.084874 0.916667 355 0.364706 0.5 0 0
10190 0.084874 0.916667 355 0.360784 0.5 0 0
10200 0.0848848 0.916667 355.917 0.360784 0.5 0 0
10210 0.0848848 0.916667 355.917 0.364706 0.5 0 0
10220 0.0848942 1 356.917 0.360784 0.5 0 0
10230 0.0848942 1 356.917 0.360784 0.5 0 0
10240 0.0849023 1 357.917 0.364706 0.5 0 0
10250 0.0849023 1 357.917 0.364706 0.5 0 0
10260 0.0849124 0.916667 358.833 0.364706 0.5 0 0
10270 0.0849124 0.916667 358.833 0.364706 0.5 0 0
10280 0.0850019 0.75 359.583 0.364706 0.5 0 0
10290 0.0850019 0.75 359.583 0.364706 0.5 0 0
10300 0.085012 0.75 360.333 0.364706 0.5 0 0
10310 0.085012 0.75 360.333 0.364706 0.5 0 0
10320 0.085012 0.75 361.083 0.364706 0.5 0 0
10330 0.085012 0.75 361.083 0.364706 0.5 0 0
10340 0.085012 0.75 361.833 0.364706 0.5 0 0
10350 0.085012 0.75 361.833 0.360784 0.5 0 0
10360 0.085012 0.916667 362.75 0.360784 0.5 0 0
10370 0.085012 0.916667 362.75 0.364706 0.5 0 0
10380 0.0850454 0.916667 363.667 0.364706 0.5 0 0
10390 0.0850454 0.916667 363.667 0.360784 0.5 0 0
10400 0.0851017 1 364.667 0.364706 0.5 0 0
10410 0.0851017 1 364.667 0.364706 0.5 0 0
10420 0.0851017 1 365.667 0.360784 0.5 0 0
10430 0.0851017 1 365.667 0.364706 0.5 0 0
10440 0.0851017 1 366.667 0.360784 0.5 0 0
10450 0.0851017 1 366.667 0.360784 0.5 0 0
10460 0.0851017 0.916667 367.583 0.364706 0.5 0 0
10470 0.0851017 0.916667 367.583 0.364706 0.5 0 0
10480 0.0851017 0.916667 368.5 0.364706 0.5 0 0
10490 0.0851017 0.916667 368.5 0.360784 0.5 0 0
10500 0.0851017 0.75 369.25 0.364706 0.5 0 0
10510 0.0851017 0.75 369.25 0.364706 0.5 0 0
10520 0.0863352 1 370.25 0.364706 0.5 0 0
10530 0.0863352 1 370.25 0.360784 0.5 0 0
10540 0.0864791 0.833333 371.083 0.360784 0.5 0 0
10550 0.0864791 0.833333 371.083 0.364706 0.5 0 0
10560 0.0865549 0.833333 371.917 0.364706 0.5 0 0
10570 0.0865549 0.833333 371.917 0.360784 0.5 0 0
10580 0.0866801 0.833333 372.75 0.360784 0.5 0 0
10590 0.0866801 0.833333 372.75 0.364706 0.5 0 0
10600 0.0867941 0.833333 373.583 0.364706 0.5 0 0
10610 0.0867941 0.833333 373.583 0.364706 0.5 0 0
10620 0.0867891 0.75 374.333 0.364706 0.5 0 0
10630 0.0867891 0.75 374.333 0.360784 0.5 0 0
10640 0.08678 0.666667 375 0.364706 0.5 0 0
10650 0.08678 0.666667 375 0.364706 0.5 0 0
10660 0.0869411 0.833333 375.833 0.364706 0.5 0 0
10670 0.0869411 0.833333 375.833 0.364706 0.5 0 0
10680 0.0869365 0.833333 376.667 0.364706 0.5 0 0
10690 0.0869365 0.833333 376.667 0.364706 0.5 0 0
10700 0.0869278 0.833333 377.5 0.364706 0.5 0 0
10710 0.0869278 0.833333 377.5 0.364706 0.5 0 0
10720 0.086947 0.916667 378.417 0.364706 0.5 0 0
10730 0.086947 0.916667 378.417 0.364706 0.5 0 0
10740 0.0869543 0.916667 379.333 0.364706 0.5 0 0
10750 0.0869543 0.916667 379.333 0.364706 0.5 0 0
10760 0.0869498 0.833333 380.167 0.364706 0.5 0 0
10770 0.0869498 0.833333 380.167 0.364706 0.5 0 0
10780 0.0869434 1 381.167 0.364706 0.5 0 0
10790 0.0869434 1 381.167 0.364706 0.5 0 0
10800 0.0869401 1 382.167 0.364706 0.5 0 0
10810 0.0869401 1 382.167 0.364706 0.5 0 0
10820 0.0869371 1 383.167 0.364706 0.5 0 0
10830 0.0869371 1 383.167 0.364706 0.5 0 0
10840 0.0869283 1 384.167 0.364706 0.5 0 0
10850 0.0869283 1 384.167 0.360784 0.5 0 0
10860 0.0868189 1 385.167 0.364706 0.5 0 0
10870 0.0868189 1 385.167 0.364706 0.5 0 0
10880 0.0867586 1 386.167 0.364706 0.5 0 0
10890 0.0867586 1 386.167 0.364706 0.5 0 0
10900 0.0867096 0.833333 387 0.364706 0.5 0 0
10910 0.0867096 0.833333 387 0.364706 0.5 0 0
10920 0.0866813 0.833333 387.833 0.364706 0.5 0 0
10930 0.0866813 0.833333 387.833 0.364706 0.5 0 0
10940 0.0866804 0.75 388.583 0.360784 0.5 0 0
10950 0.0866804 0.75 388.583 0.364706 0.5 0 0
10960 0.0866823 0.833333 389.417 0.360784 0.5 0 0
10970 0.0866823 0.833333 389.417 0.360784 0.5 0 0
10980 0.0867352 0.833333 390.25 0.360784 0.5 0 0
10990 0.0867352 0.833333 390.25 0.360784 0.5 0 0
11000 0.0867588 0.833333 391.083 0.360784 0.5 0 0
11010 0.0867588 0.833333 391.083 0.364706 0.5 0 0
11020 0.086764 0.916667 392 0.360784 0.5 0 0
11030 0.086764 0.916667 392 0.360784 0.5 0 0
11040 0.0867688 0.916667 392.917 0.360784 0.5 0 0
11050 0.0867688 0.916667 392.917 0.360784 0.5 0 0
11060 0.0867688 0.916667 393.833 0.360784 0.5 0 0
11070 0.0867688 0.916667 393.833 0.364706 0.5 0 0
11080 0.0867589 0.833333 394.667 0.360784 0.5 0 0
11090 0.0867589 0.833333 394.667 0.360784 0.5 0 0
11100 0.0852063 0.833333 395.5 0.360784 0.5 0 0
11110 0.0852063 0.833333 395.5 0.360784 0.5 0 0
11120 0.0846735 1 396.5 0.360784 0.5 0 0
11130 0.0846735 1 396.5 0.356863 0.5 0 0
11140 0.0846668 1 397.5 0.360784 0.5 0 0
11150 0.0846668 1 397.5 0.360784 0.5 0 0
11160 0.084669 1 398.5 0.360784 0.5 0 0
11170 0.084669 1 398.5 0.356863 0.5 0 0
11180 0.0846737 1 399.5 0.356863 0.5 0 0
11190 0.0846737 1 399.5 0.360784 0.5 0 0
11200 0.084677 0.833333 400.333 0.356863 0.5 0 0
11210 0.084677 0.833333 400.333 0.356863 0.5 0 0
11220 0.0847487 0.916667 401.25 0.360784 0.5 0 0
11230 0.0847487 0.916667 401.25 0.356863 0.5 0 0
11240 0.0847579 0.916667 402.167 0.360784 0.5 0 0
11250 0.0847579 0.916667 402.167 0.360784 0.5 0 0
11260 0.0847639 0.916667 403.083 0.356863 0.5 0 0
11270 0.0847639 0.916667 403.083 0.360784 0.5 0 0
11280 0.0851172 1 404.083 0.360784 0.5 0 0
11290 0.0851172 1 404.083 0.360784 0.5 0 0
11300 0.0855529 1 405.083 0.360784 0.5 0 0
11310 0.0855529 1 405.083 0.360784 0.5 0 0
11320 0.0855381 1 406.083 0.360784 0.5 0 0
11330 0.0855381 1 406.083 0.360784 0.5 0 0
11340 0.0843288 0.75 406.833 0.360784 0.5 0 0
11350 0.0843288 0.75 406.833 0.364706 0.5 0 0
11360 0.0836321 0.75 407.583 0.360784 0.5 0 0
11370 0.0836321 0.75 407.583 0.360784 0.5 0 0
11380 0.0832729 0.75 408.333 0.360784 0.5 0 0
11390 0.0832729 0.75 408.333 0.360784 0.5 0 0
11400 0.0823834 0.833333 409.167 0.356863 0.5 0 0
11410 0.0823834 0.833333 409.167 0.356863 0.5 0 0
11420 0.0816253 0.75 409.917 0.356863 0.5 0 0
11430 0.0816253 0.75 409.917 0.356863 0.5 0 0
11440 0.0814712 0.666667 410.583 0.360784 0.5 0 0
11450 0.0814712 0.666667 410.583 0.360784 0.5 0 0
11460 0.0815513 0.666667 411.25 0.360784 0.5 0 0
11470 0.0815513 0.666667 411.25 0.360784 0.5 0 0
11480 0.0814019 0.666667 411.917 0.360784 0.5 0 0
11490 0.0814019 0.666667 411.917 0.360784 0.5 0 0
11500 0.0813444 0.666667 412.583 0.360784 0.5 0 0
11510 0.0813444 0.666667 412.583 0.360784 0.5 0 0
11520 0.0813444 0.833333 413.417 0.356863 0.5 0 0
11530 0.0813444 0.833333 413.417 0.360784 0.5 0 0
11540 0.0813501 0.833333 414.25 0.360784 0.5 0 0
11550 0.0813501 0.833333 414.25 0.356863 0.5 0 0
11560 0.0813588 0.833333 415.083 0.360784 0.5 0 0
11570 0.0813588 0.833333 415.083 0.360784 0.5 0 0
11580 0.0813677 0.833333 415.917 0.360784 0.5 0 0
11590 0.0813677 0.833333 415.917 0.360784 0.5 0 0
11600 0.0813779 0.833333 416.75 0.360784 0.5 0 0
11610 0.0813779 0.833333 416.75 0.360784 0.5 0 0
11620 0.0813867 0.75 417.5 0.360784 0.5 0 0
11630 0.0813867 0.75 417.5 0.360784 0.5 0 0
11640 0.0813871 0.75 418.25 0.360784 0.5 0 0
11650 0.0813871 0.75 418.25 0.360784 0.5 0 0
11660 0.0813871 0.75 419 0.360784 0.5 0 0
11670 0.0813871 0.75 419 0.360784 0.5 0 0
11680 0.0813871 0.583333 419.583 0.360784 0.5 0 0
11690 0.0813871 0.583333 419.583 0.360784 0.5 0 0
11700 0.0813871 0.583333 420.167 0.360784 0.5 0 0
11710 0.0813871 0.583333 420.167 0.356863 0.5 0 0
11720 0.0813871 0.666667 420.833 0.360784 0.5 0 0
11730 0.0813871 0.666667 420.833 0.360784 0.5 0 0
11740 0.0813871 0.666667 421.5 0.360784 0.5 0 0
11750 0.0813871 0.666667 421.5 0.360784 0.5 0 0
11760 0.0813871 0.666667 422.167 0.360784 0.5 0 0
11770 0.0813871 0.666667 422.167 0.360784 0.5 0 0
11780 0.0813871 0.583333 422.75 0.360784 0.5 0 0
11790 0.0813871 0.583333 422.75 0.356863 0.5 0 0
11800 0.0813871 0.666667 423.417 0.360784 0.5 0 0
11810 0.0813871 0.666667 423.417 0.356863 0.5 0 0
11820 0.0814202 0.833333 424.25 0.360784 0.5 0 0
11830 0.0814202 0.833333 424.25 0.356863 0.5 0 0
11840 0.081984 0.833333 425.083 0.356863 0.5 0 0
11850 0.081984 0.833333 425.083 0.356863 0.5 0 0
11860 0.0819901 0.833333 425.917 0.356863 0.5 0 0
11870 0.0819901 0.833333 425.917 0.360784 0.5 0 0
11880 0.0819647 0.833333 426.75 0.356863 0.5 0 0
11890 0.0819647 0.833333 426.75 0.360784 0.5 0 0
11900 0.0819467 0.833333 427.583 0.356863 0.5 0 0
11910 0.0819467 0.833333 427.583 0.356863 0.5 0 0
11920 0.0819353 0.833333 428.417 0.356863 0.5 0 0
11930 0.0819353 0.833333 428.417 0.356863 0.5 0 0
11940 0.0819239 0.833333 429.25 0.356863 0.5 0 0
11950 0.0819239 0.833333 429.25 0.356863 0.5 0 0
11960 0.0819194 0.5 429.75 0.356863 0.5 0 0
11970 0.0819194 0.5 429.75 0.356863 0.5 0 0
11980 0.0816091 0.333333 430.083 0.356863 0.5 0 0
11990 0.0816091 0.333333 430.083 0.356863 0.5 0 0
12000 0.0813627 0.5 430.583 0.356863 0.5 0 0
12010 0.0813627 0.5 430.583 0.356863 0.5 0 0
12020 0.0813197 0.5 431.083 0.356863 0.5 0 0
12030 0.0813197 0.5 431.083 0.356863 0.5 0 0
12040 0.0812669 0.5 431.583 0.356863 0.5 0 0
12050 0.0812669 0.5 431.583 0.356863 0.5 0 0
12060 0.0809095 0.583333 432.167 0.352941 0.5 0 0
12070 0.0809095 0.583333 432.167 0.352941 0.5 0 0
12080 0.0803922 0.666667 432.833 0.34902 0.5 0 0
12090 0.0803922 0.666667 432.833 0.352941 0.5 0 0
12100 0.0802258 0.5 433.333 0.352941 0.5 0 0
12110 0.0802258 0.5 433.333 0.352941 0.5 0 0
12120 0.0801461 0.666667 434 0.352941 0.5 0 0
12130 0.0801461 0.666667 434 0.352941 0.5 0 0
12140 0.0800374 0.666667 434.667 0.352941 0.5 0 0
12150 0.0800374 0.666667 434.667 0.352941 0.5 0 0
12160 0.0800432 0.666667 435.333 0.352941 0.5 0 0
12170 0.0800432 0.666667 435.333 0.352941 0.5 0 0
12180 0.0800467 0.666667 436 0.352941 0.5 0 0
12190 0.0800467 0.666667 436 0.352941 0.5 0 0
12200 0.0800545 0.666667 436.667 0.352941 0.5 0 0
12210 0.0800545 0.666667 436.667 0.352941 0.5 0 0
12220 0.0800852 0.666667 437.333 0.352941 0.5 0 0
12230 0.0800852 0.666667 437.333 0.352941 0.5 0 0
12240 0.0800909 0.583333 437.917 0.352941 0.5 0 0
12250 0.0800909 0.583333 437.917 0.352941 0.5 0 0
12260 0.0801067 0.666667 438.583 0.352941 0.5 0 0
12270 0.0801067 0.666667 438.583 0.352941 0.5 0 0
12280 0.0801312 0.666667 439.25 0.34902 0.5 0 0
12290 0.0801312 0.666667 439.25 0.34902 0.5 0 0
12300 0.0801425 0.666667 439.917 0.34902 0.5 0 0
12310 0.0801425 0.666667 439.917 0.34902 0.5 0 0
12320 0.0801463 0.666667 440.583 0.34902 0.5 0 0
12330 0.0801463 0.666667 440.583 0.34902 0.5 0 0
12340 0.0801499 0.666667 441.25 0.34902 0.5 0 0
12350 0.0801499 0.666667 441.25 0.34902 0.5 0 0
12360 0.0801524 0.666667 441.917 0.34902 0.5 0 0
12370 0.0801524 0.666667 441.917 0.34902 0.5 0 0
12380 0.0801571 0.666667 442.583 0.34902 0.5 0 0
12390 0.0801571 0.666667 442.583 0.34902 0.5 0 0
12400 0.0801678 0.666667 443.25 0.34902 0.5 0 0
12410 0.0801678 0.666667 443.25 0.34902 0.5 0 0
12420 0.0801686 0.666667 443.917 0.34902 0.5 0 0
12430 0.0801686 0.666667 443.917 0.34902 0.5 0 0
12440 0.0801695 0.666667 444.583 0.34902 0.5 0 0
12450 0.0801695 0.666667 444.583 0.34902 0.5 0 0
12460 0.0801697 0.666667 445.25 0.34902 0.5 0 0
12470 0.0801697 0.666667 445.25 0.34902 0.5 0 0
12480 0.0801696 0.666667 445.917 0.34902 0.5 0 0
12490 0.0801696 0.666667 445.917 0.34902 0.5 0 0
12500 0.0801692 0.583333 446.5 0.34902 0.5 0 0
12510 0.0801692 0.583333 446.5 0.34902 0.5 0 0
12520 0.080168 0.583333 447.083 0.34902 0.5 0 0
12530 0.080168 0.583333 447.083 0.34902 0.5 0 0
12540 0.0801669 0.583333 447.667 0.34902 0.5 0 0
12550 0.0801669 0.583333 447.667 0.34902 0.5 0 0
12560 0.0801559 0.75 448.417 0.34902 0.5 0 0
12570 0.0801559 0.75 448.417 0.34902 0.5 0 0
12580 0.0801537 0.75 449.167 0.34902 0.5 0 0
12590 0.0801537 0.75 449.167 0.34902 0.5 0 0
12600 0.0801517 0.666667 449.833 0.34902 0.5 0 0
12610 0.0801517 0.666667 449.833 0.34902 0.5 0 0
12620 0.08015 0.75 450.583 0.34902 0.5 0 0
12630 0.08015 0.75 450.583 0.34902 0.5 0 0
12640 0.08015 0.75 451.333 0.34902 0.5 0 0
12650 0.08015 0.75 451.333 0.34902 0.5 0 0
12660 0.08015 0.75 452.083 0.34902 0.5 0 0
12670 0.08015 0.75 452.083 0.34902 0.5 0 0
12680 0.08015 0.75 452.833 0.34902 0.5 0 0
12690 0.08015 0.75 452.833 0.34902 0.5 0 0
12700 0.08015 0.75 453.583 0.34902 0.5 0 0
12710 0.08015 0.75 453.583 0.34902 0.5 0 0
12720 0.08015 0.75 454.333 0.34902 0.5 0 0
12730 0.08015 0.75 454.333 0.34902 0.5 0 0
12740 0.0801471 0.666667 455 0.34902 0.5 0 0
12750 0.0801471 0.666667 455 0.34902 0.5 0 0
12760 0.0801427 0.666667 455.667 0.34902 0.5 0 0
12770 0.0801427 0.666667 455.667 0.34902 0.5 0 0
12780 0.0801393 0.666667 456.333 0.34902 0.5 0 0
12790 0.0801393 0.666667 456.333 0.34902 0.5 0 0
12800 0.0801361 0.666667 457 0.34902 0.5 0 0
12810 0.0801361 0.666667 457 0.34902 0.5 0 0
12820 0.0801291 0.666667 457.667 0.34902 0.5 0 0
12830 0.0801291 0.666667 457.667 0.34902 0.5 0 0
12840 0.0801405 0.666667 458.333 0.34902 0.5 0 0
12850 0.0801405 0.666667 458.333 0.34902 0.5 0 0
12860 0.0801621 0.583333 458.917 0.34902 0.5 0 0
12870 0.0801621 0.583333 458.917 0.34902 0.5 0 0
12880 0.0801636 0.583333 459.5 0.34902 0.5 0 0
12890 0.0801636 0.583333 459.5 0.34902 0.5 0 0
12900 0.0801641 0.583333 460.083 0.34902 0.5 0 0
12910 0.0801641 0.583333 460.083 0.34902 0.5 0 0
12920 0.0801612 0.583333 460.667 0.34902 0.5 0 0
12930 0.0801612 0.583333 460.667 0.34902 0.5 0 0
12940 0.0801599 0.583333 461.25 0.34902 0.5 0 0
12950 0.0801599 0.583333 461.25 0.34902 0.5 0 0
12960 0.0801572 0.583333 461.833 0.34902 0.5 0 0
12970 0.0801572 0.583333 461.833 0.34902 0.5 0 0
12980 0.0802763 0.666667 462.5 0.34902 0.5 0 0
12990 0.0802763 0.666667 462.5 0.34902 0.5 0 0
13000 0.0802723 0.666667 463.167 0.34902 0.5 0 0
13010 0.0802723 0.666667 463.167 0.34902 0.5 0 0
13020 0.0802579 0.583333 463.75 0.34902 0.5 0 0
13030 0.0802579 0.583333 463.75 0.34902 0.5 0 0
13040 0.080243 0.583333 464.333 0.34902 0.5 0 0
13050 0.080243 0.583333 464.333 0.34902 0.5 0 0
13060 0.0797609 0.75 465.083 0.34902 0.5 0 0
13070 0.0797609 0.75 465.083 0.34902 0.5 0 0
13080 0.0797582 0.583333 465.667 0.34902 0.5 0 0
13090 0.0797582 0.583333 465.667 0.34902 0.5 0 0
13100 0.0798017 0.583333 466.25 0.34902 0.5 0 0
13110 0.0798017 0.583333 466.25 0.34902 0.5 0 0
13120 0.0797947 0.583333 466.833 0.34902 0.5 0 0
13130 0.0797947 0.583333 466.833 0.34902 0.5 0 0
13140 0.0797988 0.583333 467.417 0.34902 0.5 0 0
13150 0.0797988 0.583333 467.417 0.34902 0.5 0 0
13160 0.0797765 0.666667 468.083 0.34902 0.5 0 0
13170 0.0797765 0.666667 468.083 0.34902 0.5 0 0
13180 0.0793794 0.5 468.583 0.34902 0.5 0 0
13190 0.0793794 0.5 468.583 0.34902 0.5 0 0
13200 0.0792587 0.5 469.083 0.34902 0.5 0 0
13210 0.0792587 0.5 469.083 0.34902 0.5 0 0
13220 0.0787309 0.5 469.583 0.34902 0.5 0 0
13230 0.0787309 0.5 469.583 0.34902 0.5 0 0
13240 0.0780951 0.416667 470 0.34902 0.5 0 0
13250 0.0780951 0.416667 470 0.34902 0.5 0 0
13260 0.0780912 0.333333 470.333 0.34902 0.5 0 0
13270 0.0780912 0.333333 470.333 0.34902 0.5 0 0
13280 0.077662 0.416667 470.75 0.34902 0.5 0 0
13290 0.077662 0.416667 470.75 0.34902 0.5 0 0
13300 0.0775714 0.416667 471.167 0.34902 0.5 0 0
13310 0.0775714 0.416667 471.167 0.34902 0.5 0 0
13320 0.0775842 0.5 471.667 0.34902 0.5 0 0
13330 0.0775842 0.5 471.667 0.34902 0.5 0 0
13340 0.0775987 0.5 472.167 0.34902 0.5 0 0
13350 0.0775987 0.5 472.167 0.34902 0.5 0 0
13360 0.0776157 0.5 472.667 0.34902 0.5 0 0
13370 0.0776157 0.5 472.667 0.34902 0.5 0 0
13380 0.0776302 0.5 473.167 0.34902 0.5 0 0
13390 0.0776302 0.5 473.167 0.34902 0.5 0 0
13400 0.0776667 0.5 473.667 0.34902 0.5 0 0
13410 0.0776667 0.5 473.667 0.34902 0.5 0 0
13420 0.0776818 0.5 474.167 0.34902 0.5 0 0
13430 0.0776818 0.5 474.167 0.34902 0.5 0 0
13440 0.0776997 0.333333 474.5 0.34902 0.5 0 0
13450 0.0776997 0.333333 474.5 0.34902 0.5 0 0
13460 0.0776581 0.416667 474.917 0.34902 0.5 0 0
13470 0.0776581 0.416667 474.917 0.34902 0.5 0 0
13480 0.0775803 0.416667 475.333 0.34902 0.5 0 0
13490 0.0775803 0.416667 475.333 0.345098 0.5 0 0
13500 0.0775936 0.416667 475.75 0.34902 0.5 0 0
13510 0.0775936 0.416667 475.75 0.345098 0.5 0 0
13520 0.0772947 0.416667 476.167 0.34902 0.5 0 0
13530 0.0772947 0.416667 476.167 0.345098 0.5 0 0
13540 0.0772929 0.416667 476.583 0.345098 0.5 0 0
13550 0.0772929 0.416667 476.583 0.345098 0.5 0 0
13560 0.0773068 0.416667 477 0.345098 0.5 0 0
13570 0.0773068 0.416667 477 0.345098 0.5 0 0
13580 0.0773189 0.416667 477.417 0.345098 0.5 0 0
13590 0.0773189 0.416667 477.417 0.345098 0.5 0 0
13600 0.0773308 0.416667 477.833 0.345098 0.5 0 0
13610 0.0773308 0.416667 477.833 0.345098 0.5 0 0
13620 0.077341 0.416667 478.25 0.345098 0.5 0 0
13630 0.077341 0.416667 478.25 0.34902 0.5 0 0
13640 0.0773517 0.416667 478.667 0.345098 0.5 0 0
13650 0.0773517 0.416667 478.667 0.345098 0.5 0 0
13660 0.0773608 0.333333 479 0.345098 0.5 0 0
13670 0.0773608 0.333333 479 0.34902 0.5 0 0
13680 0.0773711 0.416667 479.417 0.345098 0.5 0 0
13690 0.0773711 0.416667 479.417 0.345098 0.5 0 0
13700 0.0773808 0.416667 479.833 0.345098 0.5 0 0
13710 0.0773808 0.416667 479.833 0.345098 0.5 0 0
13720 0.0773897 0.416667 480.25 0.345098 0.5 0 0
13730 0.0773897 0.416667 480.25 0.345098 0.5 0 0
13740 0.0773977 0.416667 480.667 0.345098 0.5 0 0
13750 0.0773977 0.416667 480.667 0.345098 0.5 0 0
13760 0.0774075 0.416667 481.083 0.345098 0.5 0 0
13770 0.0774075 0.416667 481.083 0.345098 0.5 0 0
13780 0.0774161 0.416667 481.5 0.345098 0.5 0 0
13790 0.0774161 0.416667 481.5 0.345098 0.5 0 0
13800 0.0774259 0.416667 481.917 0.345098 0.5 0 0
13810 0.0774259 0.416667 481.917 0.345098 0.5 0 0
13820 0.0774383 0.416667 482.333 0.345098 0.5 0 0
13830 0.0774383 0.416667 482.333 0.345098 0.5 0 0
13840 0.0774472 0.416667 482.75 0.345098 0.5 0 0
13850 0.0774472 0.416667 482.75 0.345098 0.5 0 0
13860 0.0774572 0.416667 483.167 0.345098 0.5 0 0
13870 0.0774572 0.416667 483.167 0.345098 0.5 0 0
13880 0.0774654 0.5 483.667 0.345098 0.5 0 0
13890 0.0774654 0.5 483.667 0.345098 0.5 0 0
13900 0.0774707 0.5 484.167 0.345098 0.5 0 0
13910 0.0774707 0.5 484.167 0.345098 0.5 0 0
13920 0.0774747 0.5 484.667 0.345098 0.5 0 0
13930 0.0774747 0.5 484.667 0.345098 0.5 0 0
13940 0.0774756 0.5 485.167 0.345098 0.5 0 0
13950 0.0774756 0.5 485.167 0.345098 0.5 0 0
13960 0.0774743 0.416667 485.583 0.345098 0.5 0 0
13970 0.0774743 0.416667 485.583 0.345098 0.5 0 0
13980 0.077469 0.416667 486 0.345098 0.5 0 0
13990 0.077469 0.416667 486 0.345098 0.5 0 0
14000 0.0774623 0.416667 486.417 0.341176 0.5 0 0
14010 0.0774623 0.416667 486.417 0.345098 0.5 0 0
14020 0.0774513 0.416667 486.833 0.345098 0.5 0 0
14030 0.0774513 0.416667 486.833 0.345098 0.5 0 0
14040 0.0774399 0.416667 487.25 0.345098 0.5 0 0
14050 0.0774399 0.416667 487.25 0.341176 0.5 0 0
14060 0.0774238 0.583333 487.833 0.341176 0.5 0 0
14070 0.0774238 0.583333 487.833 0.341176 0.5 0 0
14080 0.0774196 0.583333 488.417 0.345098 0.5 0 0
14090 0.0774196 0.583333 488.417 0.341176 0.5 0 0
14100 0.0774237 0.583333 489 0.341176 0.5 0 0
14110 0.0774237 0.583333 489 0.341176 0.5 0 0
14120 0.0774133 0.583333 489.583 0.341176 0.5 0 0
14130 0.0774133 0.583333 489.583 0.341176 0.5 0 0
14140 0.0774011 0.583333 490.167 0.341176 0.5 0 0
14150 0.0774011 0.583333 490.167 0.341176 0.5 0 0
14160 0.077387 0.583333 490.75 0.341176 0.5 0 0
14170 0.077387 0.583333 490.75 0.341176 0.5 0 0
14180 0.0773637 0.416667 491.167 0.341176 0.5 0 0
14190 0.0773637 0.416667 491.167 0.341176 0.5 0 0
14200 0.0773461 0.416667 491.583 0.341176 0.5 0 0
14210 0.0773461 0.416667 491.583 0.341176 0.5 0 0
14220 0.0773357 0.416667 492 0.341176 0.5 0 0
14230 0.0773357 0.416667 492 0.341176 0.5 0 0
14240 0.0773497 0.416667 492.417 0.341176 0.5 0 0
14250 0.0773497 0.416667 492.417 0.341176 0.5 0 0
14260 0.0773922 0.416667 492.833 0.341176 0.5 0 0
14270 0.0773922 0.416667 492.833 0.341176 0.5 0 0
14280 0.0777695 0.333333 493.167 0.337255 0.5 0 0
14290 0.0777695 0.333333 493.167 0.337255 0.5 0 0
14300 0.0780001 0.5 493.667 0.337255 0.5 0 0
14310 0.0780001 0.5 493.667 0.337255 0.5 0 0
14320 0.0782251 0.5 494.167 0.337255 0.5 0 0
14330 0.0782251 0.5 494.167 0.341176 0.5 0 0
14340 0.0783165 0.416667 494.583 0.341176 0.5 0 0
14350 0.0783165 0.416667 494.583 0.341176 0.5 0 0
14360 0.0780524 0.5 495.083 0.341176 0.5 0 0
14370 0.0780524 0.5 495.083 0.333333 0.5 0 0
14380 0.0775002 0.583333 495.667 0.337255 0.5 0 0
14390 0.0775002 0.583333 495.667 0.337255 0.5 0 0
14400 0.0773346 0.583333 496.25 0.333333 0.5 0 0
14410 0.0773346 0.583333 496.25 0.341176 0.5 0 0
14420 0.0772959 0.583333 496.833 0.337255 0.5 0 0
14430 0.0772959 0.583333 496.833 0.337255 0.5 0 0
14440 0.0772709 0.5 497.333 0.337255 0.5 0 0
14450 0.0772709 0.5 497.333 0.337255 0.5 0 0
14460 0.0773551 0.5 497.833 0.341176 0.5 0 0
14470 0.0773551 0.5 497.833 0.345098 0.5 0 0
14480 0.0773419 0.5 498.333 0.341176 0.5 0 0
14490 0.0773419 0.5 498.333 0.345098 0.5 0 0
14500 0.077022 0.5 498.833 0.34902 0.5 0 0
14510 0.077022 0.5 498.833 0.34902 0.5 0 0
14520 0.0769275 0.5 499.333 0.341176 0.5 0 0
14530 0.0769275 0.5 499.333 0.341176 0.5 0 0
14540 0.0761579 0.5 499.833 0.337255 0.5 0 0
14550 0.0761579 0.5 499.833 0.337255 0.5 0 0
14560 0.07424 0.5 500.333 0.337255 0.5 0 0
14570 0.07424 0.5 500.333 0.333333 0.5 0 0
14580 0.0738829 0.5 500.833 0.333333 0.5 0 0
14590 0.0738829 0.5 500.833 0.333333 0.5 0 0
14600 0.0739259 0.333333 501.167 0.333333 0.5 0 0
14610 0.0739259 0.333333 501.167 0.333333 0.5 0 0
14620 0.0740206 0.5 501.667 0.333333 0.5 0 0
14630 0.0740206 0.5 501.667 0.333333 0.5 0 0
14640 0.0740698 0.5 502.167 0.333333 0.5 0 0
14650 0.0740698 0.5 502.167 0.333333 0.5 0 0
14660 0.0741298 0.5 502.667 0.333333 0.5 0 0
14670 0.0741298 0.5 502.667 0.333333 0.5 0 0
14680 0.0741881 0.5 503.167 0.333333 0.5 0 0
14690 0.0741881 0.5 503.167 0.333333 0.5 0 0
14700 0.074246 0.5 503.667 0.333333 0.5 0 0
14710 0.074246 0.5 503.667 0.333333 0.5 0 0
14720 0.0743028 0.5 504.167 0.333333 0.5 0 0
14730 0.0743028 0.5 504.167 0.333333 0.5 0 0
14740 0.0743442 0.5 504.667 0.333333 0.5 0 0
14750 0.0743442 0.5 504.667 0.333333 0.5 0 0
14760 0.0743918 0.5 505.167 0.333333 0.5 0 0
14770 0.0743918 0.5 505.167 0.333333 0.5 0 0
14780 0.0744479 0.5 505.667 0.333333 0.5 0 0
14790 0.0744479 0.5 505.667 0.333333 0.5 0 0
14800 0.0745129 0.5 506.167 0.333333 0.5 0 0
14810 0.0745129 0.5 506.167 0.333333 0.5 0 0
14820 0.0745498 0.5 506.667 0.333333 0.5 0 0
14830 0.0745498 0.5 506.667 0.333333 0.5 0 0
14840 0.074575 0.5 507.167 0.333333 0.5 0 0
14850 0.074575 0.5 507.167 0.333333 0.5 0 0
14860 0.0746069 0.916667 508.083 0.333333 0.5 0 0
14870 0.0746069 0.916667 508.083 0.333333 0.5 0 0
14880 0.0746343 0.916667 509 0.333333 0.5 0 0
14890 0.0746343 0.916667 509 0.333333 0.5 0 0
14900 0.0746623 0.916667 509.917 0.333333 0.5 0 0
14910 0.0746623 0.916667 509.917 0.333333 0.5 0 0
14920 0.0746945 0.916667 510.833 0.333333 0.5 0 0
14930 0.0746945 0.916667 510.833 0.333333 0.5 0 0
14940 0.0747296 0.916667 511.75 0.333333 0.5 0 0
14950 0.0747296 0.916667 511.75 0.333333 0.5 0 0
14960 0.0748653 0.916667 512.667 0.333333 0.5 0 0
14970 0.0748653 0.916667 512.667 0.333333 0.5 0 0
14980 0.0748944 0.333333 513 0.333333 0.5 0 0
14990 0.0748944 0.333333 513 0.333333 0.5 0 0
15000 0.0749256 0.333333 513.333 0.333333 0.5 0 0
15010 0.0749256 0.333333 513.333 0.333333 0.5 0 0
15020 0.0749556 0.333333 513.667 0.333333 0.5 0 0
15030 0.0749556 0.333333 513.667 0.333333 0.5 0 0
15040 0.0749874 0.5 514.167 0.333333 0.5 0 0
15050 0.0749874 0.5 514.167 0.333333 0.5 0 0
15060 0.0750934 0.5 514.667 0.333333 0.5 0 0
15070 0.0750934 0.5 514.667 0.333333 0.5 0 0
15080 0.0751332 0.5 515.167 0.333333 0.5 0 0
15090 0.0751332 0.5 515.167 0.333333 0.5 0 0
15100 0.0751616 0.666667 515.833 0.333333 0.5 0 0
15110 0.0751616 0.666667 515.833 0.333333 0.5 0 0
15120 0.0751854 0.666667 516.5 0.333333 0.5 0 0
15130 0.0751854 0.666667 516.5 0.333333 0.5 0 0
15140 0.0752099 0.666667 517.167 0.333333 0.5 0 0
15150 0.0752099 0.666667 517.167 0.333333 0.5 0 0
15160 0.0752247 0.666667 517.833 0.333333 0.5 0 0
15170 0.0752247 0.666667 517.833 0.333333 0.5 0 0
15180 0.0752463 0.666667 518.5 0.333333 0.5 0 0
15190 0.0752463 0.666667 518.5 0.333333 0.5 0 0
15200 0.0752713 0.75 519.25 0.333333 0.5 0 0
15210 0.0752713 0.75 519.25 0.333333 0.5 0 0
15220 0.0752955 0.75 520 0.333333 0.5 0 0
15230 0.0752955 0.75 520 0.333333 0.5 0 0
15240 0.0753176 0.75 520.75 0.333333 0.5 0 0
15250 0.0753176 0.75 520.75 0.333333 0.5 0 0
15260 0.0753369 0.666667 521.417 0.333333 0.5 0 0
15270 0.0753369 0.666667 521.417 0.333333 0.5 0 0
15280 0.0753479 0.666667 522.083 0.333333 0.5 0 0
15290 0.0753479 0.666667 522.083 0.333333 0.5 0 0
15300 0.075365 0.666667 522.75 0.333333 0.5 0 0
15310 0.075365 0.666667 522.75 0.333333 0.5 0 0
15320 0.0753844 0.666667 523.417 0.333333 0.5 0 0
15330 0.0753844 0.666667 523.417 0.333333 0.5 0 0
15340 0.0754029 0.666667 524.083 0.333333 0.5 0 0
15350 0.0754029 0.666667 524.083 0.333333 0.5 0 0
15360 0.0754197 0.666667 524.75 0.333333 0.5 0 0
15370 0.0754197 0.666667 524.75 0.333333 0.5 0 0
15380 0.0754359 0.666667 525.417 0.333333 0.5 0 0
15390 0.0754359 0.666667 525.417 0.333333 0.5 0 0
15400 0.075452 0.916667 526.333 0.333333 0.5 0 0
15410 0.075452 0.916667 526.333 0.333333 0.5 0 0
15420 0.0754672 0.75 527.083 0.333333 0.5 0 0
15430 0.0754672 0.75 527.083 0.333333 0.5 0 0
15440 0.0754765 0.75 527.833 0.333333 0.5 0 0
15450 0.0754765 0.75 527.833 0.333333 0.5 0 0
15460 0.0754858 0.916667 528.75 0.333333 0.5 0 0
15470 0.0754858 0.916667 528.75 0.333333 0.5 0 0
15480 0.0754997 0.916667 529.667 0.333333 0.5 0 0
15490 0.0754997 0.916667 529.667 0.333333 0.5 0 0
15500 0.0755118 0.916667 530.583 0.333333 0.5 0 0
15510 0.0755118 0.916667 530.583 0.333333 0.5 0 0
15520 0.0755217 0.916667 531.5 0.333333 0.5 0 0
15530 0.0755217 0.916667 531.5 0.333333 0.5 0 0
15540 0.0755482 0.916667 532.417 0.333333 0.5 0 0
15550 0.0755482 0.916667 532.417 0.333333 0.5 0 0
15560 0.075577 0.833333 533.25 0.333333 0.5 0 0
15570 0.075577 0.833333 533.25 0.333333 0.5 0 0
15580 0.0756041 0.75 534 0.333333 0.5 0 0
15590 0.0756041 0.75 534 0.333333 0.5 0 0
15600 0.0756343 0.583333 534.583 0.333333 0.5 0 0
15610 0.0756343 0.583333 534.583 0.333333 0.5 0 0
15620 0.0756653 0.75 535.333 0.333333 0.5 0 0
15630 0.0756653 0.75 535.333 0.333333 0.5 0 0
15640 0.0756776 0.583333 535.917 0.333333 0.5 0 0
15650 0.0756776 0.583333 535.917 0.333333 0.5 0 0
15660 0.0756846 0.75 536.667 0.333333 0.5 0 0
15670 0.0756846 0.75 536.667 0.333333 0.5 0 0
15680 0.0756905 0.75 537.417 0.333333 0.5 0 0
15690 0.0756905 0.75 537.417 0.333333 0.5 0 0
15700 0.0757007 0.583333 538 0.333333 0.5 0 0
15710 0.0757007 0.583333 538 0.333333 0.5 0 0
15720 0.075708 0.583333 538.583 0.333333 0.5 0 0
15730 0.075708 0.583333 538.583 0.333333 0.5 0 0
15740 0.0757217 0.583333 539.167 0.333333 0.5 0 0
15750 0.0757217 0.583333 539.167 0.333333 0.5 0 0
15760 0.0757408 0.5 539.667 0.333333 0.5 0 0
15770 0.0757408 0.5 539.667 0.333333 0.5 0 0
15780 0.0757543 0.5 540.167 0.333333 0.5 0 0
15790 0.0757543 0.5 540.167 0.333333 0.5 0 0
15800 0.0757604 0.5 540.667 0.333333 0.5 0 0
15810 0.0757604 0.5 540.667 0.333333 0.5 0 0
15820 0.0757704 0.666667 541.333 0.337255 0.5 0 0
15830 0.0757704 0.666667 541.333 0.333333 0.5 0 0
15840 0.0757883 0.666667 542 0.333333 0.5 0 0
15850 0.0757883 0.666667 542 0.333333 0.5 0 0
15860 0.0758312 0.666667 542.667 0.333333 0.5 0 0
15870 0.0758312 0.666667 542.667 0.333333 0.5 0 0
15880 0.0758428 0.666667 543.333 0.337255 0.5 0 0
15890 0.0758428 0.666667 543.333 0.333333 0.5 0 0
15900 0.0758548 0.833333 544.167 0.333333 0.5 0 0
15910 0.0758548 0.833333 544.167 0.333333 0.5 0 0
15920 0.0758607 0.833333 545 0.333333 0.5 0 0
15930 0.0758607 0.833333 545 0.337255 0.5 0 0
15940 0.0758665 0.833333 545.833 0.333333 0.5 0 0
15950 0.0758665 0.833333 545.833 0.337255 0.5 0 0
15960 0.0759046 0.833333 546.667 0.333333 0.5 0 0
15970 0.0759046 0.833333 546.667 0.333333 0.5 0 0
15980 0.0759272 0.833333 547.5 0.337255 0.5 0 0
15990 0.0759272 0.833333 547.5 0.337255 0.5 0 0
16000 0.0759374 0.75 548.25 0.333333 0.5 0 0
16010 0.0759374 0.75 548.25 0.333333 0.5 0 0
16020 0.075947 0.666667 548.917 0.337255 0.5 0 0
16030 0.075947 0.666667 548.917 0.337255 0.5 0 0
16040 0.0759566 0.666667 549.583 0.337255 0.5 0 0
16050 0.0759566 0.666667 549.583 0.337255 0.5 0 0
16060 0.0759642 0.666667 550.25 0.337255 0.5 0 0
16070 0.0759642 0.666667 550.25 0.337255 0.5 0 0
16080 0.0759643 0.666667 550.917 0.337255 0.5 0 0
16090 0.0759643 0.666667 550.917 0.337255 0.5 0 0
16100 0.0759643 0.583333 551.5 0.337255 0.5 0 0
16110 0.0759643 0.583333 551.5 0.333333 0.5 0 0
16120 0.0759643 0.583333 552.083 0.337255 0.5 0 0
16130 0.0759643 0.583333 552.083 0.333333 0.5 0 0
16140 0.075969 0.666667 552.75 0.337255 0.5 0 0
16150 0.075969 0.666667 552.75 0.333333 0.5 0 0
16160 0.0759759 0.75 553.5 0.333333 0.5 0 0
16170 0.0759759 0.75 553.5 0.337255 0.5 0 0
16180 0.0759857 0.916667 554.417 0.337255 0.5 0 0
16190 0.0759857 0.916667 554.417 0.337255 0.5 0 0
16200 0.0759906 0.916667 555.333 0.337255 0.5 0 0
16210 0.0759906 0.916667 555.333 0.337255 0.5 0 0
16220 0.0760057 0.75 556.083 0.337255 0.5 0 0
16230 0.0760057 0.75 556.083 0.333333 0.5 0 0
16240 0.0748098 0.75 556.833 0.333333 0.5 0 0
16250 0.0748098 0.75 556.833 0.333333 0.5 0 0
16260 0.0738018 0.916667 557.75 0.329412 0.5 0 0
16270 0.0738018 0.916667 557.75 0.329412 0.5 0 0
16280 0.0734586 0.916667 558.667 0.329412 0.5 0 0
16290 0.0734586 0.916667 558.667 0.329412 0.5 0 0
16300 0.0730467 0.916667 559.583 0.329412 0.5 0 0
16310 0.0730467 0.916667 559.583 0.329412 0.5 0 0
16320 0.0722388 0.916667 560.5 0.329412 0.5 0 0
16330 0.0722388 0.916667 560.5 0.329412 0.5 0 0
16340 0.0715056 0.75 561.25 0.32549 0.5 0 0
16350 0.0715056 0.75 561.25 0.329412 0.5 0 0
16360 0.0708948 0.916667 562.167 0.329412 0.5 0 0
16370 0.0708948 0.916667 562.167 0.329412 0.5 0 0
16380 0.0703835 0.916667 563.083 0.329412 0.5 0 0
16390 0.0703835 0.916667 563.083 0.329412 0.5 0 0
16400 0.0704021 0.833333 563.917 0.32549 0.5 0 0
16410 0.0704021 0.833333 563.917 0.32549 0.5 0 0
16420 0.0704308 0.833333 564.75 0.32549 0.5 0 0
16430 0.0704308 0.833333 564.75 0.32549 0.5 0 0
16440 0.0704855 0.916667 565.667 0.32549 0.5 0 0
16450 0.0704855 0.916667 565.667 0.32549 0.5 0 0
16460 0.0705315 0.916667 566.583 0.32549 0.5 0 0
16470 0.0705315 0.916667 566.583 0.32549 0.5 0 0
16480 0.070562 0.916667 567.5 0.32549 0.5 0 0
16490 0.070562 0.916667 567.5 0.32549 0.5 0 0
16500 0.0705899 0.916667 568.417 0.32549 0.5 0 0
16510 0.0705899 0.916667 568.417 0.32549 0.5 0 0
16520 0.0706051 0.916667 569.333 0.32549 0.5 0 0
16530 0.0706051 0.916667 569.333 0.32549 0.5 0 0
16540 0.0706162 0.916667 570.25 0.32549 0.5 0 0
16550 0.0706162 0.916667 570.25 0.32549 0.5 0 0
16560 0.0706261 0.916667 571.167 0.32549 0.5 0 0
16570 0.0706261 0.916667 571.167 0.321569 0.5 0 0
16580 0.0706305 0.833333 572 0.321569 0.5 0 0
16590 0.0706305 0.833333 572 0.321569 0.5 0 0
16600 0.0706355 0.833333 572.833 0.321569 0.5 0 0
16610 0.0706355 0.833333 572.833 0.321569 0.5 0 0
16620 0.0706421 0.833333 573.667 0.321569 0.5 0 0
16630 0.0706421 0.833333 573.667 0.321569 0.5 0 0
16640 0.0706465 0.833333 574.5 0.321569 0.5 0 0
16650 0.0706465 0.833333 574.5 0.321569 0.5 0 0
16660 0.0706476 0.833333 575.333 0.321569 0.5 0 0
16670 0.0706476 0.833333 575.333 0.321569 0.5 0 0
16680 0.070545 0.916667 576.25 0.321569 0.5 0 0
16690 0.070545 0.916667 576.25 0.321569 0.5 0 0
16700 0.0703198 0.916667 577.167 0.321569 0.5 0 0
16710 0.0703198 0.916667 577.167 0.321569 0.5 0 0
16720 0.0703105 0.916667 578.083 0.321569 0.5 0 0
16730 0.0703105 0.916667 578.083 0.321569 0.5 0 0
16740 0.0702988 0.75 578.833 0.321569 0.5 0 0
16750 0.0702988 0.75 578.833 0.321569 0.5 0 0
16760 0.0702892 0.916667 579.75 0.321569 0.5 0 0
16770 0.0702892 0.916667 579.75 0.321569 0.5 0 0
16780 0.0702814 0.916667 580.667 0.321569 0.5 0 0
16790 0.0702814 0.916667 580.667 0.321569 0.5 0 0
16800 0.0702624 0.916667 581.583 0.321569 0.5 0 0
16810 0.0702624 0.916667 581.583 0.321569 0.5 0 0
16820 0.0701022 0.75 582.333 0.321569 0.5 0 0
16830 0.0701022 0.75 582.333 0.321569 0.5 0 0
16840 0.069968 0.833333 583.167 0.321569 0.5 0 0
16850 0.069968 0.833333 583.167 0.321569 0.5 0 0
16860 0.0696831 0.833333 584 0.321569 0.5 0 0
16870 0.0696831 0.833333 584 0.321569 0.5 0 0
16880 0.0696661 0.833333 584.833 0.321569 0.5 0 0
16890 0.0696661 0.833333 584.833 0.321569 0.5 0 0
16900 0.069619 0.833333 585.667 0.321569 0.5 0 0
16910 0.069619 0.833333 585.667 0.321569 0.5 0 0
16920 0.0695758 0.833333 586.5 0.321569 0.5 0 0
16930 0.0695758 0.833333 586.5 0.321569 0.5 0 0
16940 0.069433 0.833333 587.333 0.321569 0.5 0 0
16950 0.069433 0.833333 587.333 0.321569 0.5 0 0
16960 0.0694649 0.833333 588.167 0.321569 0.5 0 0
16970 0.0694649 0.833333 588.167 0.321569 0.5 0 0
16980 0.0695063 0.75 588.917 0.317647 0.5 0 0
16990 0.0695063 0.75 588.917 0.317647 0.5 0 0
17000 0.06954 0.75 589.667 0.317647 0.5 0 0
17010 0.06954 0.75 589.667 0.317647 0.5 0 0
17020 0.0695909 0.666667 590.333 0.317647 0.5 0 0
17030 0.0695909 0.666667 590.333 0.317647 0.5 0 0
17040 0.0696754 0.75 591.083 0.317647 0.5 0 0
17050 0.0696754 0.75 591.083 0.317647 0.5 0 0
17060 0.0697415 0.75 591.833 0.317647 0.5 0 0
17070 0.0697415 0.75 591.833 0.317647 0.5 0 0
17080 0.0698038 0.666667 592.5 0.317647 0.5 0 0
17090 0.0698038 0.666667 592.5 0.317647 0.5 0 0
17100 0.0698701 0.75 593.25 0.321569 0.5 0 0
17110 0.0698701 0.75 593.25 0.317647 0.5 0 0
17120 0.0699324 0.75 594 0.317647 0.5 0 0
17130 0.0699324 0.75 594 0.317647 0.5 0 0
17140 0.0700215 0.75 594.75 0.317647 0.5 0 0
17150 0.0700215 0.75 594.75 0.317647 0.5 0 0
17160 0.0700883 0.916667 595.667 0.317647 0.5 0 0
17170 0.0700883 0.916667 595.667 0.317647 0.5 0 0
17180 0.0701557 0.916667 596.583 0.317647 0.5 0 0
17190 0.0701557 0.916667 596.583 0.321569 0.5 0 0
17200 0.0701975 0.916667 597.5 0.321569 0.5 0 0
17210 0.0701975 0.916667 597.5 0.321569 0.5 0 0
17220 0.0702153 0.916667 598.417 0.321569 0.5 0 0
17230 0.0702153 0.916667 598.417 0.321569 0.5 0 0
17240 0.0702345 0.833333 599.25 0.321569 0.5 0 0
17250 0.0702345 0.833333 599.25 0.317647 0.5 0 0
17260 0.0702509 0.833333 600.083 0.321569 0.5 0 0
17270 0.0702509 0.833333 600.083 0.321569 0.5 0 0
17280 0.0702668 0.833333 600.917 0.321569 0.5 0 0
17290 0.0702668 0.833333 600.917 0.317647 0.5 0 0
17300 0.0702851 0.833333 601.75 0.317647 0.5 0 0
17310 0.0702851 0.833333 601.75 0.321569 0.5 0 0
17320 0.0703089 0.833333 602.583 0.321569 0.5 0 0
17330 0.0703089 0.833333 602.583 0.321569 0.5 0 0
17340 0.070331 0.833333 603.417 0.321569 0.5 0 0
17350 0.070331 0.833333 603.417 0.321569 0.5 0 0
17360 0.0703747 0.833333 604.25 0.321569 0.5 0 0
17370 0.0703747 0.833333 604.25 0.321569 0.5 0 0
17380 0.0704121 0.833333 605.083 0.321569 0.5 0 0
17390 0.0704121 0.833333 605.083 0.321569 0.5 0 0
17400 0.0704535 0.666667 605.75 0.321569 0.5 0 0
17410 0.0704535 0.666667 605.75 0.321569 0.5 0 0
17420 0.0704793 0.666667 606.417 0.321569 0.5 0 0
17430 0.0704793 0.666667 606.417 0.317647 0.5 0 0
17440 0.070514 0.833333 607.25 0.321569 0.5 0 0
17450 0.070514 0.833333 607.25 0.321569 0.5 0 0
17460 0.0705532 0.833333 608.083 0.321569 0.5 0 0
17470 0.0705532 0.833333 608.083 0.321569 0.5 0 0
17480 0.0706061 0.833333 608.917 0.321569 0.5 0 0
17490 0.0706061 0.833333 608.917 0.321569 0.5 0 0
17500 0.0706447 0.833333 609.75 0.321569 0.5 0 0
17510 0.0706447 0.833333 609.75 0.321569 0.5 0 0
17520 0.0706816 0.833333 610.583 0.321569 0.5 0 0
17530 0.0706816 0.833333 610.583 0.321569 0.5 0 0
17540 0.0707126 0.833333 611.417 0.321569 0.5 0 0
17550 0.0707126 0.833333 611.417 0.321569 0.5 0 0
17560 0.070748 0.75 612.167 0.321569 0.5 0 0
17570 0.070748 0.75 612.167 0.321569 0.5 0 0
17580 0.0707813 0.75 612.917 0.321569 0.5 0 0
17590 0.0707813 0.75 612.917 0.321569 0.5 0 0
17600 0.0707934 0.583333 613.5 0.321569 0.5 0 0
17610 0.0707934 0.583333 613.5 0.321569 0.5 0 0
17620 0.0707934 0.75 614.25 0.321569 0.5 0 0
17630 0.0707934 0.75 614.25 0.321569 0.5 0 0
17640 0.0707934 0.75 615 0.321569 0.5 0 0
17650 0.0707934 0.75 615 0.321569 0.5 0 0
17660 0.0708133 0.75 615.75 0.321569 0.5 0 0
17670 0.0708133 0.75 615.75 0.321569 0.5 0 0
17680 0.0708133 0.75 616.5 0.321569 0.5 0 0
17690 0.0708133 0.75 616.5 0.321569 0.5 0 0
17700 0.0711223 0.833333 617.333 0.321569 0.5 0 0
17710 0.0711223 0.833333 617.333 0.321569 0.5 0 0
17720 0.0711481 0.833333 618.167 0.321569 0.5 0 0
17730 0.0711481 0.833333 618.167 0.321569 0.5 0 0
17740 0.0711481 0.833333 619 0.321569 0.5 0 0
17750 0.0711481 0.833333 619 0.321569 0.5 0 0
17760 0.0711481 1 620 0.321569 0.5 0 0
17770 0.0711481 1 620 0.321569 0.5 0 0
17780 0.0711481 1 621 0.321569 0.5 0 0
17790 0.0711481 1 621 0.321569 0.5 0 0
17800 0.0711481 1 622 0.321569 0.5 0 0
17810 0.0711481 1 622 0.321569 0.5 0 0
17820 0.0711481 1 623 0.321569 0.5 0 0
17830 0.0711481 1 623 0.321569 0.5 0 0
17840 0.0711481 1 624 0.321569 0.5 0 0
17850 0.0711481 1 624 0.321569 0.5 0 0
17860 0.0711481 0.75 624.75 0.321569 0.5 0 0
17870 0.0711481 0.75 624.75 0.321569 0.5 0 0
17880 0.0711481 0.75 625.5 0.321569 0.5 0 0
17890 0.0711481 0.75 625.5 0.321569 0.5 0 0
17900 0.0711481 0.833333 626.333 0.321569 0.5 0 0
17910 0.0711481 0.833333 626.333 0.321569 0.5 0 0
17920 0.0711481 0.666667 627 0.321569 0.5 0 0
17930 0.0711481 0.666667 627 0.321569 0.5 0 0
17940 0.0710791 1 628 0.321569 0.5 0 0
17950 0.0710791 1 628 0.321569 0.5 0 0
17960 0.0710795 1 629 0.321569 0.5 0 0
17970 0.0710795 1 629 0.321569 0.5 0 0
17980 0.0710922 1 630 0.321569 0.5 0 0
17990 0.0710922 1 630 0.321569 0.5 0 0
18000 0.0710983 0.833333 630.833 0.321569 0.5 0 0
18010 0.0710983 0.833333 630.833 0.317647 0.5 0 0
18020 0.0711172 0.833333 631.667 0.321569 0.5 0 0
18030 0.0711172 0.833333 631.667 0.321569 0.5 0 0
18040 0.0711136 0.833333 632.5 0.321569 0.5 0 0
18050 0.0711136 0.833333 632.5 0.32549 0.5 0 0
18060 0.071042 0.916667 633.417 0.333333 0.5 0 0
18070 0.071042 0.916667 633.417 0.333333 0.5 0 0
18080 0.0710072 1 634.417 0.333333 0.5 0 0
18090 0.0710072 1 634.417 0.333333 0.5 0 0
18100 0.0710059 1 635.417 0.337255 0.5 0 0
18110 0.0710059 1 635.417 0.333333 0.5 0 0
18120 0.0710072 1 636.417 0.333333 0.5 0 0
18130 0.0710072 1 636.417 0.337255 0.5 0 0
18140 0.0710053 1 637.417 0.337255 0.5 0 0
18150 0.0710053 1 637.417 0.337255 0.5 0 0
18160 0.0709999 0.916667 638.333 0.341176 0.5 0 0
18170 0.0709999 0.916667 638.333 0.341176 0.5 0 0
18180 0.0709564 0.583333 638.917 0.341176 0.5 0 0
18190 0.0709564 0.583333 638.917 0.341176 0.5 0 0
18200 0.0709564 0.583333 639.5 0.345098 0.5 0 0
18210 0.0709564 0.583333 639.5 0.337255 0.5 0 0
18220 0.0707859 0.583333 640.083 0.341176 0.5 0 0
18230 0.0707859 0.583333 640.083 0.333333 0.5 0 0
18240 0.0699801 0.583333 640.667 0.337255 0.5 0 0
18250 0.0699801 0.583333 640.667 0.333333 0.5 0 0
18260 0.0687727 0.583333 641.25 0.321569 0.5 0 0
18270 0.0687727 0.583333 641.25 0.313725 0.5 0 0
18280 0.0670797 0.5 641.75 0.309804 0.5 0 0
18290 0.0670797 0.5 641.75 0.313725 0.5 0 0
18300 0.0655482 0.583333 642.333 0.313725 0.5 0 0
18310 0.0655482 0.583333 642.333 0.309804 0.5 0 0
18320 0.0652342 0.666667 643 0.309804 0.5 0 0
18330 0.0652342 0.666667 643 0.305882 0.5 0 0
18340 0.0650356 0.833333 643.833 0.309804 0.5 0 0
18350 0.0650356 0.833333 643.833 0.305882 0.5 0 0
18360 0.0644719 0.833333 644.667 0.309804 0.5 0 0
18370 0.0644719 0.833333 644.667 0.309804 0.5 0 0
18380 0.0643199 0.833333 645.5 0.309804 0.5 0 0
18390 0.0643199 0.833333 645.5 0.309804 0.5 0 0
18400 0.0642999 0.75 646.25 0.309804 0.5 0 0
18410 0.0642999 0.75 646.25 0.309804 0.5 0 0
18420 0.0643026 0.75 647 0.309804 0.5 0 0
18430 0.0643026 0.75 647 0.305882 0.5 0 0
18440 0.064305 0.666667 647.667 0.309804 0.5 0 0
18450 0.064305 0.666667 647.667 0.305882 0.5 0 0
18460 0.0643069 0.666667 648.333 0.305882 0.5 0 0
18470 0.0643069 0.666667 648.333 0.305882 0.5 0 0
18480 0.0643088 0.75 649.083 0.309804 0.5 0 0
18490 0.0643088 0.75 649.083 0.309804 0.5 0 0
18500 0.0643102 0.75 649.833 0.309804 0.5 0 0
18510 0.0643102 0.75 649.833 0.305882 0.5 0 0
18520 0.0643112 0.75 650.583 0.309804 0.5 0 0
18530 0.0643112 0.75 650.583 0.309804 0.5 0 0
18540 0.0643122 0.75 651.333 0.305882 0.5 0 0
18550 0.0643122 0.75 651.333 0.305882 0.5 0 0
18560 0.064313 0.833333 652.167 0.309804 0.5 0 0
18570 0.064313 0.833333 652.167 0.309804 0.5 0 0
18580 0.0643132 0.833333 653 0.309804 0.5 0 0
18590 0.0643132 0.833333 653 0.305882 0.5 0 0
18600 0.0643136 0.833333 653.833 0.309804 0.5 0 0
18610 0.0643136 0.833333 653.833 0.309804 0.5 0 0
18620 0.0643146 0.833333 654.667 0.313725 0.5 0 0
18630 0.0643146 0.833333 654.667 0.305882 0.5 0 0
18640 0.0643145 0.833333 655.5 0.305882 0.5 0 0
18650 0.0643145 0.833333 655.5 0.305882 0.5 0 0
18660 0.0643149 0.833333 656.333 0.309804 0.5 0 0
18670 0.0643149 0.833333 656.333 0.313725 0.5 0 0
18680 0.0643145 0.833333 657.167 0.309804 0.5 0 0
18690 0.0643145 0.833333 657.167 0.309804 0.5 0 0
18700 0.0643144 0.833333 658 0.313725 0.5 0 0
18710 0.0643144 0.833333 658 0.313725 0.5 0 0
18720 0.0643136 0.75 658.75 0.309804 0.5 0 0
18730 0.0643136 0.75 658.75 0.309804 0.5 0 0
18740 0.0643131 0.75 659.5 0.313725 0.5 0 0
18750 0.0643131 0.75 659.5 0.313725 0.5 0 0
18760 0.064312 0.833333 660.333 0.313725 0.5 0 0
18770 0.064312 0.833333 660.333 0.309804 0.5 0 0
18780 0.0643117 0.833333 661.167 0.313725 0.5 0 0
18790 0.0643117 0.833333 661.167 0.309804 0.5 0 0
18800 0.064311 0.833333 662 0.309804 0.5 0 0
18810 0.064311 0.833333 662 0.309804 0.5 0 0
18820 0.0643104 0.833333 662.833 0.309804 0.5 0 0
18830 0.0643104 0.833333 662.833 0.309804 0.5 0 0
18840 0.0643097 0.833333 663.667 0.309804 0.5 0 0
18850 0.0643097 0.833333 663.667 0.309804 0.5 0 0
18860 0.0643094 0.833333 664.5 0.309804 0.5 0 0
18870 0.0643094 0.833333 664.5 0.309804 0.5 0 0
18880 0.0643088 0.666667 665.167 0.309804 0.5 0 0
18890 0.0643088 0.666667 665.167 0.309804 0.5 0 0
18900 0.0640849 0.666667 665.833 0.309804 0.5 0 0
18910 0.0640849 0.666667 665.833 0.309804 0.5 0 0
18920 0.0640531 0.666667 666.5 0.313725 0.5 0 0
18930 0.0640531 0.666667 666.5 0.309804 0.5 0 0
18940 0.0640531 0.666667 667.167 0.305882 0.5 0 0
18950 0.0640531 0.666667 667.167 0.309804 0.5 0 0
18960 0.0640287 0.666667 667.833 0.313725 0.5 0 0
18970 0.0640287 0.666667 667.833 0.309804 0.5 0 0
18980 0.063731 0.666667 668.5 0.309804 0.5 0 0
18990 0.063731 0.666667 668.5 0.309804 0.5 0 0
19000 0.0637133 0.666667 669.167 0.313725 0.5 0 0
19010 0.0637133 0.666667 669.167 0.313725 0.5 0 0
19020 0.0637133 0.583333 669.75 0.309804 0.5 0 0
19030 0.0637133 0.583333 669.75 0.313725 0.5 0 0
19040 0.0637133 0.583333 670.333 0.309804 0.5 0 0
19050 0.0637133 0.583333 670.333 0.313725 0.5 0 0
19060 0.0636107 0.75 671.083 0.313725 0.5 0 0
19070 0.0636107 0.75 671.083 0.313725 0.5 0 0
19080 0.0636104 0.833333 671.917 0.309804 0.5 0 0
19090 0.0636104 0.833333 671.917 0.309804 0.5 0 0
19100 0.0636104 0.833333 672.75 0.309804 0.5 0 0
19110 0.0636104 0.833333 672.75 0.313725 0.5 0 0
19120 0.0636104 0.833333 673.583 0.309804 0.5 0 0
19130 0.0636104 0.833333 673.583 0.313725 0.5 0 0
19140 0.0636104 0.833333 674.417 0.309804 0.5 0 0
19150 0.0636104 0.833333 674.417 0.309804 0.5 0 0
19160 0.0636104 0.833333 675.25 0.313725 0.5 0 0
19170 0.0636104 0.833333 675.25 0.309804 0.5 0 0
19180 0.0636099 0.833333 676.083 0.309804 0.5 0 0
19190 0.0636099 0.833333 676.083 0.313725 0.5 0 0
19200 0.0636078 0.75 676.833 0.309804 0.5 0 0
19210 0.0636078 0.75 676.833 0.313725 0.5 0 0
19220 0.0636074 0.833333 677.667 0.309804 0.5 0 0
19230 0.0636074 0.833333 677.667 0.313725 0.5 0 0
19240 0.0636057 0.833333 678.5 0.313725 0.5 0 0
19250 0.0636057 0.833333 678.5 0.313725 0.5 0 0
19260 0.0636057 0.833333 679.333 0.313725 0.5 0 0
19270 0.0636057 0.833333 679.333 0.313725 0.5 0 0
19280 0.0636057 0.833333 680.167 0.313725 0.5 0 0
19290 0.0636057 0.833333 680.167 0.309804 0.5 0 0
19300 0.0636033 0.833333 681 0.309804 0.5 0 0
19310 0.0636033 0.833333 681 0.313725 0.5 0 0
19320 0.0636024 0.833333 681.833 0.309804 0.5 0 0
19330 0.0636024 0.833333 681.833 0.309804 0.5 0 0
19340 0.0636024 0.833333 682.667 0.309804 0.5 0 0
19350 0.0636024 0.833333 682.667 0.313725 0.5 0 0
19360 0.0636005 0.833333 683.5 0.313725 0.5 0 0
19370 0.0636005 0.833333 683.5 0.309804 0.5 0 0
19380 0.0636005 0.833333 684.333 0.309804 0.5 0 0
19390 0.0636005 0.833333 684.333 0.313725 0.5 0 0
19400 0.0636005 0.833333 685.167 0.309804 0.5 0 0
19410 0.0636005 0.833333 685.167 0.313725 0.5 0 0
19420 0.0635981 0.75 685.917 0.313725 0.5 0 0
19430 0.0635981 0.75 685.917 0.309804 0.5 0 0
19440 0.063598 0.75 686.667 0.309804 0.5 0 0
19450 0.063598 0.75 686.667 0.313725 0.5 0 0
19460 0.0635974 0.75 687.417 0.305882 0.5 0 0
19470 0.0635974 0.75 687.417 0.309804 0.5 0 0
19480 0.063596 0.75 688.167 0.309804 0.5 0 0
19490 0.063596 0.75 688.167 0.309804 0.5 0 0
19500 0.063596 0.833333 689 0.309804 0.5 0 0
19510 0.063596 0.833333 689 0.309804 0.5 0 0
19520 0.063596 0.833333 689.833 0.309804 0.5 0 0
19530 0.063596 0.833333 689.833 0.313725 0.5 0 0
19540 0.0635947 0.833333 690.667 0.313725 0.5 0 0
19550 0.0635947 0.833333 690.667 0.309804 0.5 0 0
19560 0.0635946 0.833333 691.5 0.313725 0.5 0 0
19570 0.0635946 0.833333 691.5 0.309804 0.5 0 0
19580 0.0635937 0.833333 692.333 0.309804 0.5 0 0
19590 0.0635937 0.833333 692.333 0.309804 0.5 0 0
19600 0.0635931 0.833333 693.167 0.309804 0.5 0 0
19610 0.0635931 0.833333 693.167 0.309804 0.5 0 0
19620 0.0635931 0.75 693.917 0.313725 0.5 0 0
19630 0.0635931 0.75 693.917 0.309804 0.5 0 0
19640 0.0635918 0.75 694.667 0.309804 0.5 0 0
19650 0.0635918 0.75 694.667 0.309804 0.5 0 0
19660 0.0635913 0.75 695.417 0.313725 0.5 0 0
19670 0.0635913 0.75 695.417 0.309804 0.5 0 0
19680 0.0635913 0.75 696.167 0.313725 0.5 0 0
19690 0.0635913 0.75 696.167 0.313725 0.5 0 0
19700 0.0635904 0.75 696.917 0.313725 0.5 0 0
19710 0.0635904 0.75 696.917 0.313725 0.5 0 0
19720 0.0634881 0.75 697.667 0.305882 0.5 0 0
19730 0.0634881 0.75 697.667 0.313725 0.5 0 0
19740 0.0634156 0.75 698.417 0.309804 0.5 0 0
19750 0.0634156 0.75 698.417 0.313725 0.5 0 0
19760 0.0634155 0.75 699.167 0.313725 0.5 0 0
19770 0.0634155 0.75 699.167 0.313725 0.5 0 0
19780 0.0634155 0.916667 700.083 0.313725 0.5 0 0
19790 0.0634155 0.916667 700.083 0.309804 0.5 0 0
19800 0.0637334 0.916667 701 0.309804 0.5 0 0
19810 0.0637334 0.916667 701 0.305882 0.5 0 0
19820 0.0648842 0.833333 701.833 0.309804 0.5 0 0
19830 0.0648842 0.833333 701.833 0.309804 0.5 0 0
19840 0.0654684 0.833333 702.667 0.309804 0.5 0 0
19850 0.0654684 0.833333 702.667 0.309804 0.5 0 0
19860 0.0659611 0.75 703.417 0.309804 0.5 0 0
19870 0.0659611 0.75 703.417 0.313725 0.5 0 0
19880 0.0664322 0.833333 704.25 0.317647 0.5 0 0
19890 0.0664322 0.833333 704.25 0.317647 0.5 0 0
19900 0.0664684 0.916667 705.167 0.317647 0.5 0 0
19910 0.0664684 0.916667 705.167 0.317647 0.5 0 0
19920 0.0664167 0.916667 706.083 0.313725 0.5 0 0
19930 0.0664167 0.916667 706.083 0.313725 0.5 0 0
19940 0.0659539 0.916667 707 0.305882 0.5 0 0
19950 0.0659539 0.916667 707 0.298039 0.5 0 0
19960 0.064347 0.916667 707.917 0.301961 0.5 0 0
19970 0.064347 0.916667 707.917 0.305882 0.5 0 0
19980 0.0637436 0.833333 708.75 0.305882 0.5 0 0
19990 0.0637436 0.833333 708.75 0.309804 0.5 0 0
20000 0.063499 0.833333 709.583 0.309804 0.5 0 0
20010 0.063499 0.833333 709.583 0.309804 0.5 0 0
