0 0.0972117 0 0 0.5 0.5 0 0
10 0.0972117 0 0 0.72549 0.5 0 0
20 0.0960792 0.333333 0.333333 0.670588 0.5 0 0
30 0.0960792 0.333333 0.333333 0.772549 0.5 0 0
40 0.0983253 0.333333 0.666667 0.666667 0.5 0 0
50 0.0983253 0.333333 0.666667 0.709804 0.5 0 0
60 0.0994552 0.333333 1 0.627451 0.5 0 0
70 0.0994552 0.333333 1 0.654902 0.5 0 0
80 0.100763 0.333333 1.33333 0.662745 0.5 0 0
90 0.100763 0.333333 1.33333 0.686275 0.5 0 0
100 0.101591 0.333333 1.66667 0.709804 0.5 0 0
110 0.101591 0.333333 1.66667 0.721569 0.5 0 0
120 0.102446 0 1.66667 0.788235 0.5 0 0
130 0.102446 0 1.66667 0.768627 0.5 0 0
140 0.102669 0 1.66667 0.662745 0.5 0 0
150 0.102669 0 1.66667 0.768627 0.5 0 0
160 0.103191 0 1.66667 0.709804 0.5 0 0
170 0.103191 0 1.66667 0.768627 0.5 0 0
180 0.103698 0.0833333 1.75 0.643137 0.5 0 0
190 0.103698 0.0833333 1.75 0.654902 0.5 0 0
200 0.103928 0.0833333 1.83333 0.768627 0.5 0 0
210 0.103928 0.0833333 1.83333 0.709804 0.5 0 0
220 0.103345 0.0833333 1.91667 0.662745 0.5 0 0
230 0.103345 0.0833333 1.91667 0.709804 0.5 0 0
240 0.102747 0.25 2.16667 0.643137 0.5 0 0
250 0.102747 0.25 2.16667 0.662745 0.5 0 0
260 0.102501 0.25 2.41667 0.784314 0.5 0 0
270 0.102501 0.25 2.41667 0.768627 0.5 0 0
280 0.10216 0.25 2.66667 0.643137 0.5 0 0
290 0.10216 0.25 2.66667 0.698039 0.5 0 0
300 0.101922 0.166667 2.83333 0.709804 0.5 0 0
310 0.101922 0.166667 2.83333 0.698039 0.5 0 0
320 0.101817 0.166667 3 0.772549 0.5 0 0
330 0.101817 0.166667 3 0.678431 0.5 0 0
340 0.101817 0.166667 3.16667 0.698039 0.5 0 0
350 0.101817 0.166667 3.16667 0.662745 0.5 0 0
360 0.101806 0.166667 3.33333 0.627451 0.5 0 0
370 0.101806 0.166667 3.33333 0.662745 0.5 0 0
380 0.101215 0.166667 3.5 0.705882 0.5 0 0
390 0.101215 0.166667 3.5 0.619608 0.5 0 0
400 0.100901 0.166667 3.66667 0.572549 0.5 0 0
410 0.100901 0.166667 3.66667 0.552941 0.5 0 0
420 0.100846 0.166667 3.83333 0.541176 0.5 0 0
430 0.100846 0.166667 3.83333 0.52549 0.5 0 0
440 0.100995 0.166667 4 0.509804 0.5 0 0
450 0.100995 0.166667 4 0.509804 0.5 0 0
460 0.101486 0.166667 4.16667 0.513725 0.5 0 0
470 0.101486 0.166667 4.16667 0.509804 0.5 0 0
480 0.101687 0.166667 4.33333 0.509804 0.5 0 0
490 0.101687 0.166667 4.33333 0.513725 0.5 0 0
500 0.101867 0.166667 4.5 0.509804 0.5 0 0
510 0.101867 0.166667 4.5 0.505882 0.5 0 0
520 0.102057 0.166667 4.66667 0.494118 0.5 0 0
530 0.102057 0.166667 4.66667 0.494118 0.5 0 0
540 0.102473 0.166667 4.83333 0.490196 0.5 0 0
550 0.102473 0.166667 4.83333 0.494118 0.5 0 0
560 0.102591 0.166667 5 0.494118 0.5 0 0
570 0.102591 0.166667 5 0.490196 0.5 0 0
580 0.102849 0.166667 5.16667 0.494118 0.5 0 0
590 0.102849 0.166667 5.16667 0.490196 0.5 0 0
600 0.102962 0.166667 5.33333 0.486275 0.5 0 0
610 0.102962 0.166667 5.33333 0.494118 0.5 0 0
620 0.102993 0.166667 5.5 0.490196 0.5 0 0
630 0.102993 0.166667 5.5 0.486275 0.5 0 0
640 0.103213 0.166667 5.66667 0.490196 0.5 0 0
650 0.103213 0.166667 5.66667 0.490196 0.5 0 0
660 0.103214 0.0833333 5.75 0.486275 0.5 0 0
670 0.103214 0.0833333 5.75 0.486275 0.5 0 0
680 0.103214 0.0833333 5.83333 0.494118 0.5 0 0
690 0.103214 0.0833333 5.83333 0.494118 0.5 0 0
700 0.103202 0.25 6.08333 0.486275 0.5 0 0
710 0.103202 0.25 6.08333 0.490196 0.5 0 0
720 0.103185 0.25 6.33333 0.482353 0.5 0 0
730 0.103185 0.25 6.33333 0.470588 0.5 0 0
740 0.103119 0.25 6.58333 0.466667 0.5 0 0
750 0.103119 0.25 6.58333 0.462745 0.5 0 0
760 0.10306 0.25 6.83333 0.462745 0.5 0 0
770 0.10306 0.25 6.83333 0.462745 0.5 0 0
780 0.103285 0.25 7.08333 0.462745 0.5 0 0
790 0.103285 0.25 7.08333 0.458824 0.5 0 0
800 0.103574 0.25 7.33333 0.462745 0.5 0 0
810 0.103574 0.25 7.33333 0.462745 0.5 0 0
820 0.103822 0.25 7.58333 0.454902 0.5 0 0
830 0.103822 0.25 7.58333 0.45098 0.5 0 0
840 0.10459 0.25 7.83333 0.447059 0.5 0 0
850 0.10459 0.25 7.83333 0.447059 0.5 0 0
860 0.105091 0.25 8.08333 0.45098 0.5 0 0
870 0.105091 0.25 8.08333 0.45098 0.5 0 0
880 0.10549 0.25 8.33333 0.45098 0.5 0 0
890 0.10549 0.25 8.33333 0.45098 0.5 0 0
900 0.105711 0.25 8.58333 0.45098 0.5 0 0
910 0.105711 0.25 8.58333 0.45098 0.5 0 0
920 0.10654 0.333333 8.91667 0.45098 0.5 0 0
930 0.10654 0.333333 8.91667 0.45098 0.5 0 0
940 0.107 0.333333 9.25 0.45098 0.5 0 0
950 0.107 0.333333 9.25 0.45098 0.5 0 0
960 0.10686 0.333333 9.58333 0.447059 0.5 0 0
970 0.10686 0.333333 9.58333 0.439216 0.5 0 0
980 0.106914 0.5 10.0833 0.435294 0.5 0 0
990 0.106914 0.5 10.0833 0.431373 0.5 0 0
1000 0.106361 0.5 10.5833 0.431373 0.5 0 0
1010 0.106361 0.5 10.5833 0.431373 0.5 0 0
1020 0.106012 0.5 11.0833 0.431373 0.5 0 0
1030 0.106012 0.5 11.0833 0.431373 0.5 0 0
1040 0.105973 0.5 11.5833 0.431373 0.5 0 0
1050 0.105973 0.5 11.5833 0.431373 0.5 0 0
1060 0.106032 0.333333 11.9167 0.431373 0.5 0 0
1070 0.106032 0.333333 11.9167 0.431373 0.5 0 0
1080 0.105641 0.333333 12.25 0.431373 0.5 0 0
1090 0.105641 0.333333 12.25 0.431373 0.5 0 0
1100 0.105396 0.5 12.75 0.431373 0.5 0 0
1110 0.105396 0.5 12.75 0.431373 0.5 0 0
1120 0.105396 0.5 13.25 0.431373 0.5 0 0
1130 0.105396 0.5 13.25 0.431373 0.5 0 0
1140 0.105396 0.5 13.75 0.431373 0.5 0 0
1150 0.105396 0.5 13.75 0.431373 0.5 0 0
1160 0.105396 0.5 14.25 0.431373 0.5 0 0
1170 0.105396 0.5 14.25 0.431373 0.5 0 0
1180 0.105396 0.5 14.75 0.431373 0.5 0 0
1190 0.105396 0.5 14.75 0.431373 0.5 0 0
1200 0.105396 0.5 15.25 0.431373 0.5 0 0
1210 0.105396 0.5 15.25 0.431373 0.5 0 0
1220 0.105396 0.333333 15.5833 0.431373 0.5 0 0
1230 0.105396 0.333333 15.5833 0.431373 0.5 0 0
1240 0.105396 0.333333 15.9167 0.431373 0.5 0 0
1250 0.105396 0.333333 15.9167 0.431373 0.5 0 0
1260 0.105396 0.333333 16.25 0.431373 0.5 0 0
1270 0.105396 0.333333 16.25 0.431373 0.5 0 0
1280 0.105396 0.333333 16.5833 0.431373 0.5 0 0
1290 0.105396 0.333333 16.5833 0.431373 0.5 0 0
1300 0.105396 0.333333 16.9167 0.431373 0.5 0 0
1310 0.105396 0.333333 16.9167 0.431373 0.5 0 0
1320 0.105396 0.166667 17.0833 0.431373 0.5 0 0
1330 0.105396 0.166667 17.0833 0.431373 0.5 0 0
1340 0.105396 0.166667 17.25 0.431373 0.5 0 0
1350 0.105396 0.166667 17.25 0.431373 0.5 0 0
1360 0.105396 0.333333 17.5833 0.431373 0.5 0 0
1370 0.105396 0.333333 17.5833 0.431373 0.5 0 0
1380 0.105396 0.583333 18.1667 0.431373 0.5 0 0
1390 0.105396 0.583333 18.1667 0.431373 0.5 0 0
1400 0.10538 0.583333 18.75 0.431373 0.5 0 0
1410 0.10538 0.583333 18.75 0.431373 0.5 0 0
1420 0.10538 0.583333 19.3333 0.431373 0.5 0 0
1430 0.10538 0.583333 19.3333 0.431373 0.5 0 0
1440 0.10538 0.583333 19.9167 0.431373 0.5 0 0
1450 0.10538 0.583333 19.9167 0.431373 0.5 0 0
1460 0.10538 0.416667 20.3333 0.431373 0.5 0 0
1470 0.10538 0.416667 20.3333 0.431373 0.5 0 0
1480 0.10538 0.333333 20.6667 0.431373 0.5 0 0
1490 0.10538 0.333333 20.6667 0.431373 0.5 0 0
1500 0.10538 0.333333 21 0.431373 0.5 0 0
1510 0.10538 0.333333 21 0.431373 0.5 0 0
1520 0.10538 0.416667 21.4167 0.431373 0.5 0 0
1530 0.10538 0.416667 21.4167 0.431373 0.5 0 0
1540 0.10538 0.416667 21.8333 0.431373 0.5 0 0
1550 0.10538 0.416667 21.8333 0.431373 0.5 0 0
1560 0.10538 0.416667 22.25 0.431373 0.5 0 0
1570 0.10538 0.416667 22.25 0.431373 0.5 0 0
1580 0.10538 0.5 22.75 0.431373 0.5 0 0
1590 0.10538 0.5 22.75 0.431373 0.5 0 0
1600 0.10538 0.5 23.25 0.431373 0.5 0 0
1610 0.10538 0.5 23.25 0.431373 0.5 0 0
1620 0.10538 0.583333 23.8333 0.431373 0.5 0 0
1630 0.10538 0.583333 23.8333 0.431373 0.5 0 0
1640 0.105371 0.583333 24.4167 0.431373 0.5 0 0
1650 0.105371 0.583333 24.4167 0.431373 0.5 0 0
1660 0.105366 0.75 25.1667 0.431373 0.5 0 0
1670 0.105366 0.75 25.1667 0.431373 0.5 0 0
1680 0.105366 0.75 25.9167 0.431373 0.5 0 0
1690 0.105366 0.75 25.9167 0.431373 0.5 0 0
1700 0.105366 0.833333 26.75 0.431373 0.5 0 0
1710 0.105366 0.833333 26.75 0.431373 0.5 0 0
1720 0.105366 0.833333 27.5833 0.431373 0.5 0 0
1730 0.105366 0.833333 27.5833 0.431373 0.5 0 0
1740 0.105365 0.833333 28.4167 0.431373 0.5 0 0
1750 0.105365 0.833333 28.4167 0.431373 0.5 0 0
1760 0.105365 0.833333 29.25 0.431373 0.5 0 0
1770 0.105365 0.833333 29.25 0.431373 0.5 0 0
1780 0.105365 0.666667 29.9167 0.431373 0.5 0 0
1790 0.105365 0.666667 29.9167 0.431373 0.5 0 0
1800 0.105364 0.583333 30.5 0.431373 0.5 0 0
1810 0.105364 0.583333 30.5 0.431373 0.5 0 0
1820 0.105318 0.416667 30.9167 0.431373 0.5 0 0
1830 0.105318 0.416667 30.9167 0.431373 0.5 0 0
1840 0.105268 0.416667 31.3333 0.431373 0.5 0 0
1850 0.105268 0.416667 31.3333 0.431373 0.5 0 0
1860 0.105263 0.25 31.5833 0.431373 0.5 0 0
1870 0.105263 0.25 31.5833 0.431373 0.5 0 0
1880 0.105263 0.333333 31.9167 0.431373 0.5 0 0
1890 0.105263 0.333333 31.9167 0.431373 0.5 0 0
1900 0.105263 0.333333 32.25 0.431373 0.5 0 0
1910 0.105263 0.333333 32.25 0.431373 0.5 0 0
1920 0.10526 0.333333 32.5833 0.431373 0.5 0 0
1930 0.10526 0.333333 32.5833 0.431373 0.5 0 0
1940 0.105257 0.5 33.0833 0.431373 0.5 0 0
1950 0.105257 0.5 33.0833 0.431373 0.5 0 0
1960 0.105257 0.5 33.5833 0.431373 0.5 0 0
1970 0.105257 0.5 33.5833 0.431373 0.5 0 0
1980 0.105257 0.5 34.0833 0.431373 0.5 0 0
1990 0.105257 0.5 34.0833 0.431373 0.5 0 0
2000 0.105257 0.583333 34.6667 0.431373 0.5 0 0
2010 0.105257 0.583333 34.6667 0.431373 0.5 0 0
2020 0.105257 0.75 35.4167 0.431373 0.5 0 0
2030 0.105257 0.75 35.4167 0.431373 0.5 0 0
2040 0.105257 0.833333 36.25 0.431373 0.5 0 0
2050 0.105257 0.833333 36.25 0.431373 0.5 0 0
2060 0.105253 0.833333 37.0833 0.431373 0.5 0 0
2070 0.105253 0.833333 37.0833 0.431373 0.5 0 0
2080 0.105252 0.833333 37.9167 0.431373 0.5 0 0
2090 0.105252 0.833333 37.9167 0.431373 0.5 0 0
2100 0.105252 0.833333 38.75 0.431373 0.5 0 0
2110 0.105252 0.833333 38.75 0.431373 0.5 0 0
2120 0.105252 0.5 39.25 0.431373 0.5 0 0
2130 0.105252 0.5 39.25 0.431373 0.5 0 0
2140 0.105252 0.583333 39.8333 0.431373 0.5 0 0
2150 0.105252 0.583333 39.8333 0.431373 0.5 0 0
2160 0.105252 0.666667 40.5 0.431373 0.5 0 0
2170 0.105252 0.666667 40.5 0.431373 0.5 0 0
2180 0.105252 0.666667 41.1667 0.431373 0.5 0 0
2190 0.105252 0.666667 41.1667 0.431373 0.5 0 0
2200 0.105252 0.75 41.9167 0.431373 0.5 0 0
2210 0.105252 0.75 41.9167 0.431373 0.5 0 0
2220 0.105252 0.833333 42.75 0.431373 0.5 0 0
2230 0.105252 0.833333 42.75 0.431373 0.5 0 0
2240 0.105252 0.916667 43.6667 0.431373 0.5 0 0
2250 0.105252 0.916667 43.6667 0.431373 0.5 0 0
2260 0.105252 1 44.6667 0.431373 0.5 0 0
2270 0.105252 1 44.6667 0.431373 0.5 0 0
2280 0.105252 1 45.6667 0.431373 0.5 0 0
2290 0.105252 1 45.6667 0.431373 0.5 0 0
2300 0.105252 1 46.6667 0.431373 0.5 0 0
2310 0.105252 1 46.6667 0.431373 0.5 0 0
2320 0.105252 1 47.6667 0.431373 0.5 0 0
2330 0.105252 1 47.6667 0.431373 0.5 0 0
2340 0.105252 1 48.6667 0.431373 0.5 0 0
2350 0.105252 1 48.6667 0.431373 0.5 0 0
2360 0.105252 1 49.6667 0.431373 0.5 0 0
2370 0.105252 1 49.6667 0.431373 0.5 0 0
2380 0.105252 1 50.6667 0.431373 0.5 0 0
2390 0.105252 1 50.6667 0.431373 0.5 0 0
2400 0.105252 1 51.6667 0.431373 0.5 0 0
2410 0.105252 1 51.6667 0.431373 0.5 0 0
2420 0.105252 1 52.6667 0.431373 0.5 0 0
2430 0.105252 1 52.6667 0.431373 0.5 0 0
2440 0.105252 1 53.6667 0.431373 0.5 0 0
2450 0.105252 1 53.6667 0.431373 0.5 0 0
2460 0.10525 1 54.6667 0.431373 0.5 0 0
2470 0.10525 1 54.6667 0.431373 0.5 0 0
2480 0.105241 1 55.6667 0.431373 0.5 0 0
2490 0.105241 1 55.6667 0.431373 0.5 0 0
2500 0.105235 1 56.6667 0.431373 0.5 0 0
2510 0.105235 1 56.6667 0.431373 0.5 0 0
2520 0.105221 1 57.6667 0.431373 0.5 0 0
2530 0.105221 1 57.6667 0.431373 0.5 0 0
2540 0.105218 0.916667 58.5833 0.431373 0.5 0 0
2550 0.105218 0.916667 58.5833 0.431373 0.5 0 0
2560 0.105218 0.916667 59.5 0.431373 0.5 0 0
2570 0.105218 0.916667 59.5 0.431373 0.5 0 0
2580 0.105218 0.916667 60.4167 0.431373 0.5 0 0
2590 0.105218 0.916667 60.4167 0.431373 0.5 0 0
2600 0.105218 0.916667 61.3333 0.431373 0.5 0 0
2610 0.105218 0.916667 61.3333 0.431373 0.5 0 0
2620 0.105218 0.833333 62.1667 0.431373 0.5 0 0
2630 0.105218 0.833333 62.1667 0.431373 0.5 0 0
2640 0.105218 0.75 62.9167 0.431373 0.5 0 0
2650 0.105218 0.75 62.9167 0.431373 0.5 0 0
2660 0.105218 0.916667 63.8333 0.431373 0.5 0 0
2670 0.105218 0.916667 63.8333 0.431373 0.5 0 0
2680 0.105046 1 64.8333 0.431373 0.5 0 0
2690 0.105046 1 64.8333 0.431373 0.5 0 0
2700 0.104991 1 65.8333 0.431373 0.5 0 0
2710 0.104991 1 65.8333 0.431373 0.5 0 0
2720 0.104991 1 66.8333 0.431373 0.5 0 0
2730 0.104991 1 66.8333 0.431373 0.5 0 0
2740 0.104991 1 67.8333 0.431373 0.5 0 0
2750 0.104991 1 67.8333 0.431373 0.5 0 0
2760 0.104991 1 68.8333 0.431373 0.5 0 0
2770 0.104991 1 68.8333 0.431373 0.5 0 0
2780 0.104991 0.75 69.5833 0.431373 0.5 0 0
2790 0.104991 0.75 69.5833 0.431373 0.5 0 0
2800 0.104991 0.666667 70.25 0.431373 0.5 0 0
2810 0.104991 0.666667 70.25 0.431373 0.5 0 0
2820 0.104993 0.5 70.75 0.431373 0.5 0 0
2830 0.104993 0.5 70.75 0.431373 0.5 0 0
2840 0.104993 0.5 71.25 0.431373 0.5 0 0
2850 0.104993 0.5 71.25 0.431373 0.5 0 0
2860 0.104993 0.583333 71.8333 0.431373 0.5 0 0
2870 0.104993 0.583333 71.8333 0.431373 0.5 0 0
2880 0.104993 0.583333 72.4167 0.431373 0.5 0 0
2890 0.104993 0.583333 72.4167 0.431373 0.5 0 0
2900 0.104993 0.416667 72.8333 0.431373 0.5 0 0
2910 0.104993 0.416667 72.8333 0.431373 0.5 0 0
2920 0.104993 0.5 73.3333 0.431373 0.5 0 0
2930 0.104993 0.5 73.3333 0.431373 0.5 0 0
2940 0.104993 0.5 73.8333 0.431373 0.5 0 0
2950 0.104993 0.5 73.8333 0.431373 0.5 0 0
2960 0.104993 0.583333 74.4167 0.431373 0.5 0 0
2970 0.104993 0.583333 74.4167 0.431373 0.5 0 0
2980 0.10492 0.583333 75 0.431373 0.5 0 0
2990 0.10492 0.583333 75 0.431373 0.5 0 0
3000 0.10492 0.583333 75.5833 0.431373 0.5 0 0
3010 0.10492 0.583333 75.5833 0.431373 0.5 0 0
3020 0.10492 0.416667 76 0.431373 0.5 0 0
3030 0.10492 0.416667 76 0.431373 0.5 0 0
3040 0.10492 0.5 76.5 0.431373 0.5 0 0
3050 0.10492 0.5 76.5 0.431373 0.5 0 0
3060 0.10492 0.5 77 0.431373 0.5 0 0
3070 0.10492 0.5 77 0.431373 0.5 0 0
3080 0.10492 0.333333 77.3333 0.431373 0.5 0 0
3090 0.10492 0.333333 77.3333 0.431373 0.5 0 0
3100 0.104901 0.333333 77.6667 0.431373 0.5 0 0
3110 0.104901 0.333333 77.6667 0.431373 0.5 0 0
3120 0.104901 0.25 77.9167 0.431373 0.5 0 0
3130 0.104901 0.25 77.9167 0.431373 0.5 0 0
3140 0.104901 0.166667 78.0833 0.431373 0.5 0 0
3150 0.104901 0.166667 78.0833 0.431373 0.5 0 0
3160 0.1049 0.166667 78.25 0.431373 0.5 0 0
3170 0.1049 0.166667 78.25 0.431373 0.5 0 0
3180 0.104862 0.25 78.5 0.431373 0.5 0 0
3190 0.104862 0.25 78.5 0.431373 0.5 0 0
3200 0.104862 0.25 78.75 0.431373 0.5 0 0
3210 0.104862 0.25 78.75 0.431373 0.5 0 0
3220 0.104862 0.25 79 0.431373 0.5 0 0
3230 0.104862 0.25 79 0.431373 0.5 0 0
3240 0.104862 0.333333 79.3333 0.431373 0.5 0 0
3250 0.104862 0.333333 79.3333 0.431373 0.5 0 0
3260 0.104862 0.333333 79.6667 0.431373 0.5 0 0
3270 0.104862 0.333333 79.6667 0.431373 0.5 0 0
3280 0.104862 0.333333 80 0.431373 0.5 0 0
3290 0.104862 0.333333 80 0.431373 0.5 0 0
3300 0.104862 0.333333 80.3333 0.431373 0.5 0 0
3310 0.104862 0.333333 80.3333 0.431373 0.5 0 0
3320 0.104862 0.333333 80.6667 0.431373 0.5 0 0
3330 0.104862 0.333333 80.6667 0.431373 0.5 0 0
3340 0.104862 0.333333 81 0.431373 0.5 0 0
3350 0.104862 0.333333 81 0.431373 0.5 0 0
3360 0.104862 0.25 81.25 0.431373 0.5 0 0
3370 0.104862 0.25 81.25 0.431373 0.5 0 0
3380 0.104862 0.166667 81.4167 0.431373 0.5 0 0
3390 0.104862 0.166667 81.4167 0.431373 0.5 0 0
3400 0.104862 0.333333 81.75 0.431373 0.5 0 0
3410 0.104862 0.333333 81.75 0.431373 0.5 0 0
3420 0.104916 0.333333 82.0833 0.431373 0.5 0 0
3430 0.104916 0.333333 82.0833 0.427451 0.5 0 0
3440 0.105712 0.333333 82.4167 0.427451 0.5 0 0
3450 0.105712 0.333333 82.4167 0.427451 0.5 0 0
3460 0.106551 0.333333 82.75 0.431373 0.5 0 0
3470 0.106551 0.333333 82.75 0.435294 0.5 0 0
3480 0.107096 0.333333 83.0833 0.435294 0.5 0 0
3490 0.107096 0.333333 83.0833 0.435294 0.5 0 0
3500 0.107444 0.166667 83.25 0.435294 0.5 0 0
3510 0.107444 0.166667 83.25 0.431373 0.5 0 0
3520 0.107917 0.166667 83.4167 0.427451 0.5 0 0
3530 0.107917 0.166667 83.4167 0.427451 0.5 0 0
3540 0.10874 0.166667 83.5833 0.423529 0.5 0 0
3550 0.10874 0.166667 83.5833 0.419608 0.5 0 0
3560 0.109089 0.25 83.8333 0.415686 0.5 0 0
3570 0.109089 0.25 83.8333 0.415686 0.5 0 0
3580 0.109357 0.25 84.0833 0.419608 0.5 0 0
3590 0.109357 0.25 84.0833 0.419608 0.5 0 0
3600 0.109416 0.25 84.3333 0.419608 0.5 0 0
3610 0.109416 0.25 84.3333 0.415686 0.5 0 0
3620 0.109545 0.25 84.5833 0.415686 0.5 0 0
3630 0.109545 0.25 84.5833 0.411765 0.5 0 0
3640 0.109246 0.333333 84.9167 0.407843 0.5 0 0
3650 0.109246 0.333333 84.9167 0.407843 0.5 0 0
3660 0.108818 0.333333 85.25 0.411765 0.5 0 0
3670 0.108818 0.333333 85.25 0.407843 0.5 0 0
3680 0.109552 0.333333 85.5833 0.407843 0.5 0 0
3690 0.109552 0.333333 85.5833 0.407843 0.5 0 0
3700 0.110099 0.333333 85.9167 0.407843 0.5 0 0
3710 0.110099 0.333333 85.9167 0.407843 0.5 0 0
3720 0.110191 0.333333 86.25 0.403922 0.5 0 0
3730 0.110191 0.333333 86.25 0.4 0.5 0 0
3740 0.10918 0.333333 86.5833 0.396078 0.5 0 0
3750 0.10918 0.333333 86.5833 0.396078 0.5 0 0
3760 0.108545 0.333333 86.9167 0.396078 0.5 0 0
3770 0.108545 0.333333 86.9167 0.396078 0.5 0 0
3780 0.107471 0.5 87.4167 0.396078 0.5 0 0
3790 0.107471 0.5 87.4167 0.396078 0.5 0 0
3800 0.107035 0.5 87.9167 0.396078 0.5 0 0
3810 0.107035 0.5 87.9167 0.396078 0.5 0 0
3820 0.106306 0.5 88.4167 0.396078 0.5 0 0
3830 0.106306 0.5 88.4167 0.396078 0.5 0 0
3840 0.105737 0.5 88.9167 0.396078 0.5 0 0
3850 0.105737 0.5 88.9167 0.396078 0.5 0 0
3860 0.105632 0.5 89.4167 0.396078 0.5 0 0
3870 0.105632 0.5 89.4167 0.396078 0.5 0 0
3880 0.105515 0.333333 89.75 0.396078 0.5 0 0
3890 0.105515 0.333333 89.75 0.392157 0.5 0 0
3900 0.105897 0.333333 90.0833 0.392157 0.5 0 0
3910 0.105897 0.333333 90.0833 0.392157 0.5 0 0
3920 0.107366 0.333333 90.4167 0.392157 0.5 0 0
3930 0.107366 0.333333 90.4167 0.392157 0.5 0 0
3940 0.107671 0.333333 90.75 0.384314 0.5 0 0
3950 0.107671 0.333333 90.75 0.384314 0.5 0 0
3960 0.107096 0.5 91.25 0.384314 0.5 0 0
3970 0.107096 0.5 91.25 0.384314 0.5 0 0
3980 0.106603 0.5 91.75 0.384314 0.5 0 0
3990 0.106603 0.5 91.75 0.384314 0.5 0 0
4000 0.106262 0.5 92.25 0.384314 0.5 0 0
4010 0.106262 0.5 92.25 0.384314 0.5 0 0
4020 0.105784 0.5 92.75 0.384314 0.5 0 0
4030 0.105784 0.5 92.75 0.384314 0.5 0 0
4040 0.105276 0.5 93.25 0.384314 0.5 0 0
4050 0.105276 0.5 93.25 0.384314 0.5 0 0
4060 0.104978 0.5 93.75 0.384314 0.5 0 0
4070 0.104978 0.5 93.75 0.384314 0.5 0 0
4080 0.105404 0.333333 94.0833 0.384314 0.5 0 0
4090 0.105404 0.333333 94.0833 0.384314 0.5 0 0
4100 0.105963 0.333333 94.4167 0.384314 0.5 0 0
4110 0.105963 0.333333 94.4167 0.384314 0.5 0 0
4120 0.106235 0.333333 94.75 0.384314 0.5 0 0
4130 0.106235 0.333333 94.75 0.384314 0.5 0 0
4140 0.106537 0.333333 95.0833 0.384314 0.5 0 0
4150 0.106537 0.333333 95.0833 0.380392 0.5 0 0
4160 0.106371 0.333333 95.4167 0.380392 0.5 0 0
4170 0.106371 0.333333 95.4167 0.376471 0.5 0 0
4180 0.105338 0.25 95.6667 0.380392 0.5 0 0
4190 0.105338 0.25 95.6667 0.376471 0.5 0 0
4200 0.105703 0.25 95.9167 0.376471 0.5 0 0
4210 0.105703 0.25 95.9167 0.376471 0.5 0 0
4220 0.106223 0.166667 96.0833 0.376471 0.5 0 0
4230 0.106223 0.166667 96.0833 0.380392 0.5 0 0
4240 0.106226 0.166667 96.25 0.380392 0.5 0 0
4250 0.106226 0.166667 96.25 0.380392 0.5 0 0
4260 0.105844 0.166667 96.4167 0.380392 0.5 0 0
4270 0.105844 0.166667 96.4167 0.380392 0.5 0 0
4280 0.105542 0.166667 96.5833 0.380392 0.5 0 0
4290 0.105542 0.166667 96.5833 0.380392 0.5 0 0
4300 0.104823 0.25 96.8333 0.376471 0.5 0 0
4310 0.104823 0.25 96.8333 0.372549 0.5 0 0
4320 0.103063 0.25 97.0833 0.372549 0.5 0 0
4330 0.103063 0.25 97.0833 0.372549 0.5 0 0
4340 0.101902 0.583333 97.6667 0.372549 0.5 0 0
4350 0.101902 0.583333 97.6667 0.372549 0.5 0 0
4360 0.101654 0.666667 98.3333 0.372549 0.5 0 0
4370 0.101654 0.666667 98.3333 0.372549 0.5 0 0
4380 0.101 0.833333 99.1667 0.372549 0.5 0 0
4390 0.101 0.833333 99.1667 0.372549 0.5 0 0
4400 0.100741 0.833333 100 0.368627 0.5 0 0
4410 0.100741 0.833333 100 0.372549 0.5 0 0
4420 0.100655 0.833333 100.833 0.368627 0.5 0 0
4430 0.100655 0.833333 100.833 0.372549 0.5 0 0
4440 0.100571 0.833333 101.667 0.372549 0.5 0 0
4450 0.100571 0.833333 101.667 0.372549 0.5 0 0
4460 0.100463 0.75 102.417 0.368627 0.5 0 0
4470 0.100463 0.75 102.417 0.372549 0.5 0 0
4480 0.100353 0.75 103.167 0.368627 0.5 0 0
4490 0.100353 0.75 103.167 0.368627 0.5 0 0
4500 0.100234 0.666667 103.833 0.368627 0.5 0 0
4510 0.100234 0.666667 103.833 0.368627 0.5 0 0
4520 0.100105 0.666667 104.5 0.368627 0.5 0 0
4530 0.100105 0.666667 104.5 0.368627 0.5 0 0
4540 0.0998439 0.666667 105.167 0.368627 0.5 0 0
4550 0.0998439 0.666667 105.167 0.368627 0.5 0 0
4560 0.0993856 0.583333 105.75 0.368627 0.5 0 0
4570 0.0993856 0.583333 105.75 0.368627 0.5 0 0
4580 0.0986003 0.583333 106.333 0.364706 0.5 0 0
4590 0.0986003 0.583333 106.333 0.364706 0.5 0 0
4600 0.0979141 0.583333 106.917 0.364706 0.5 0 0
4610 0.0979141 0.583333 106.917 0.364706 0.5 0 0
4620 0.0976708 0.583333 107.5 0.364706 0.5 0 0
4630 0.0976708 0.583333 107.5 0.364706 0.5 0 0
4640 0.0975792 0.75 108.25 0.364706 0.5 0 0
4650 0.0975792 0.75 108.25 0.364706 0.5 0 0
4660 0.0969164 0.75 109 0.364706 0.5 0 0
4670 0.0969164 0.75 109 0.364706 0.5 0 0
4680 0.0966485 0.833333 109.833 0.364706 0.5 0 0
4690 0.0966485 0.833333 109.833 0.364706 0.5 0 0
4700 0.096551 0.833333 110.667 0.364706 0.5 0 0
4710 0.096551 0.833333 110.667 0.364706 0.5 0 0
4720 0.0965022 0.833333 111.5 0.364706 0.5 0 0
4730 0.0965022 0.833333 111.5 0.364706 0.5 0 0
4740 0.0964996 0.75 112.25 0.364706 0.5 0 0
4750 0.0964996 0.75 112.25 0.364706 0.5 0 0
4760 0.0964996 0.666667 112.917 0.364706 0.5 0 0
4770 0.0964996 0.666667 112.917 0.364706 0.5 0 0
4780 0.0964996 0.583333 113.5 0.364706 0.5 0 0
4790 0.0964996 0.583333 113.5 0.364706 0.5 0 0
4800 0.0964929 0.583333 114.083 0.364706 0.5 0 0
4810 0.0964929 0.583333 114.083 0.364706 0.5 0 0
4820 0.0964834 0.583333 114.667 0.364706 0.5 0 0
4830 0.0964834 0.583333 114.667 0.364706 0.5 0 0
4840 0.0964582 0.75 115.417 0.364706 0.5 0 0
4850 0.0964582 0.75 115.417 0.364706 0.5 0 0
4860 0.096367 0.916667 116.333 0.364706 0.5 0 0
4870 0.096367 0.916667 116.333 0.364706 0.5 0 0
4880 0.096356 0.916667 117.25 0.364706 0.5 0 0
4890 0.096356 0.916667 117.25 0.364706 0.5 0 0
4900 0.096356 0.916667 118.167 0.364706 0.5 0 0
4910 0.096356 0.916667 118.167 0.364706 0.5 0 0
4920 0.096356 1 119.167 0.364706 0.5 0 0
4930 0.096356 1 119.167 0.364706 0.5 0 0
4940 0.096356 1 120.167 0.364706 0.5 0 0
4950 0.096356 1 120.167 0.364706 0.5 0 0
4960 0.096356 0.833333 121 0.364706 0.5 0 0
4970 0.096356 0.833333 121 0.364706 0.5 0 0
4980 0.096356 0.75 121.75 0.364706 0.5 0 0
4990 0.096356 0.75 121.75 0.364706 0.5 0 0
5000 0.096356 0.916667 122.667 0.364706 0.5 0 0
5010 0.096356 0.916667 122.667 0.364706 0.5 0 0
5020 0.0963261 0.916667 123.583 0.364706 0.5 0 0
5030 0.0963261 0.916667 123.583 0.364706 0.5 0 0
5040 0.0963261 1 124.583 0.364706 0.5 0 0
5050 0.0963261 1 124.583 0.364706 0.5 0 0
5060 0.0963234 1 125.583 0.364706 0.5 0 0
5070 0.0963234 1 125.583 0.364706 0.5 0 0
5080 0.0963156 1 126.583 0.364706 0.5 0 0
5090 0.0963156 1 126.583 0.364706 0.5 0 0
5100 0.0962994 0.916667 127.5 0.364706 0.5 0 0
5110 0.0962994 0.916667 127.5 0.364706 0.5 0 0
5120 0.0961789 0.916667 128.417 0.364706 0.5 0 0
5130 0.0961789 0.916667 128.417 0.364706 0.5 0 0
5140 0.0961696 0.916667 129.333 0.364706 0.5 0 0
5150 0.0961696 0.916667 129.333 0.364706 0.5 0 0
5160 0.0961603 0.75 130.083 0.364706 0.5 0 0
5170 0.0961603 0.75 130.083 0.364706 0.5 0 0
5180 0.0961112 0.583333 130.667 0.364706 0.5 0 0
5190 0.0961112 0.583333 130.667 0.364706 0.5 0 0
5200 0.0959879 1 131.667 0.364706 0.5 0 0
5210 0.0959879 1 131.667 0.364706 0.5 0 0
5220 0.0959699 0.833333 132.5 0.364706 0.5 0 0
5230 0.0959699 0.833333 132.5 0.364706 0.5 0 0
5240 0.0958896 0.833333 133.333 0.364706 0.5 0 0
5250 0.0958896 0.833333 133.333 0.364706 0.5 0 0
5260 0.0955928 0.833333 134.167 0.364706 0.5 0 0
5270 0.0955928 0.833333 134.167 0.364706 0.5 0 0
5280 0.0955924 0.666667 134.833 0.364706 0.5 0 0
5290 0.0955924 0.666667 134.833 0.364706 0.5 0 0
5300 0.0955924 0.583333 135.417 0.364706 0.5 0 0
5310 0.0955924 0.583333 135.417 0.364706 0.5 0 0
5320 0.0955602 0.333333 135.75 0.364706 0.5 0 0
5330 0.0955602 0.333333 135.75 0.364706 0.5 0 0
5340 0.0955238 0.75 136.5 0.364706 0.5 0 0
5350 0.0955238 0.75 136.5 0.364706 0.5 0 0
5360 0.0955193 0.833333 137.333 0.364706 0.5 0 0
5370 0.0955193 0.833333 137.333 0.364706 0.5 0 0
5380 0.0953457 1 138.333 0.364706 0.5 0 0
5390 0.0953457 1 138.333 0.364706 0.5 0 0
5400 0.0950452 1 139.333 0.364706 0.5 0 0
5410 0.0950452 1 139.333 0.364706 0.5 0 0
5420 0.0949761 1 140.333 0.364706 0.5 0 0
5430 0.0949761 1 140.333 0.364706 0.5 0 0
5440 0.0949737 1 141.333 0.364706 0.5 0 0
5450 0.0949737 1 141.333 0.364706 0.5 0 0
5460 0.0949711 1 142.333 0.364706 0.5 0 0
5470 0.0949711 1 142.333 0.364706 0.5 0 0
5480 0.0949625 1 143.333 0.364706 0.5 0 0
5490 0.0949625 1 143.333 0.364706 0.5 0 0
5500 0.0949594 1 144.333 0.364706 0.5 0 0
5510 0.0949594 1 144.333 0.364706 0.5 0 0
5520 0.094844 0.833333 145.167 0.364706 0.5 0 0
5530 0.094844 0.833333 145.167 0.364706 0.5 0 0
5540 0.0948255 0.833333 146 0.364706 0.5 0 0
5550 0.0948255 0.833333 146 0.364706 0.5 0 0
5560 0.0948177 0.833333 146.833 0.364706 0.5 0 0
5570 0.0948177 0.833333 146.833 0.364706 0.5 0 0
5580 0.0948104 0.75 147.583 0.364706 0.5 0 0
5590 0.0948104 0.75 147.583 0.364706 0.5 0 0
5600 0.0947714 0.666667 148.25 0.364706 0.5 0 0
5610 0.0947714 0.666667 148.25 0.364706 0.5 0 0
5620 0.0947278 0.916667 149.167 0.364706 0.5 0 0
5630 0.0947278 0.916667 149.167 0.364706 0.5 0 0
5640 0.0947138 0.916667 150.083 0.364706 0.5 0 0
5650 0.0947138 0.916667 150.083 0.364706 0.5 0 0
5660 0.0947023 0.916667 151 0.364706 0.5 0 0
5670 0.0947023 0.916667 151 0.364706 0.5 0 0
5680 0.0946144 0.833333 151.833 0.364706 0.5 0 0
5690 0.0946144 0.833333 151.833 0.364706 0.5 0 0
5700 0.09458 0.833333 152.667 0.364706 0.5 0 0
5710 0.09458 0.833333 152.667 0.364706 0.5 0 0
5720 0.0945784 0.75 153.417 0.364706 0.5 0 0
5730 0.0945784 0.75 153.417 0.364706 0.5 0 0
5740 0.0945252 0.75 154.167 0.364706 0.5 0 0
5750 0.0945252 0.75 154.167 0.364706 0.5 0 0
5760 0.094523 0.833333 155 0.364706 0.5 0 0
5770 0.094523 0.833333 155 0.364706 0.5 0 0
5780 0.0945179 0.833333 155.833 0.364706 0.5 0 0
5790 0.0945179 0.833333 155.833 0.364706 0.5 0 0
5800 0.0945179 0.833333 156.667 0.364706 0.5 0 0
5810 0.0945179 0.833333 156.667 0.364706 0.5 0 0
5820 0.0945179 0.833333 157.5 0.364706 0.5 0 0
5830 0.0945179 0.833333 157.5 0.364706 0.5 0 0
5840 0.0945143 0.833333 158.333 0.364706 0.5 0 0
5850 0.0945143 0.833333 158.333 0.364706 0.5 0 0
5860 0.0944874 0.916667 159.25 0.364706 0.5 0 0
5870 0.0944874 0.916667 159.25 0.364706 0.5 0 0
5880 0.0944579 0.916667 160.167 0.364706 0.5 0 0
5890 0.0944579 0.916667 160.167 0.364706 0.5 0 0
5900 0.0944456 0.916667 161.083 0.364706 0.5 0 0
5910 0.0944456 0.916667 161.083 0.364706 0.5 0 0
5920 0.0944456 0.916667 162 0.364706 0.5 0 0
5930 0.0944456 0.916667 162 0.364706 0.5 0 0
5940 0.0944435 0.75 162.75 0.364706 0.5 0 0
5950 0.0944435 0.75 162.75 0.364706 0.5 0 0
5960 0.0941983 0.833333 163.583 0.364706 0.5 0 0
5970 0.0941983 0.833333 163.583 0.364706 0.5 0 0
5980 0.0941836 0.75 164.333 0.364706 0.5 0 0
5990 0.0941836 0.75 164.333 0.364706 0.5 0 0
6000 0.0941644 0.833333 165.167 0.364706 0.5 0 0
6010 0.0941644 0.833333 165.167 0.364706 0.5 0 0
6020 0.0941212 0.833333 166 0.364706 0.5 0 0
6030 0.0941212 0.833333 166 0.364706 0.5 0 0
6040 0.0941056 0.833333 166.833 0.364706 0.5 0 0
6050 0.0941056 0.833333 166.833 0.364706 0.5 0 0
6060 0.0941035 0.833333 167.667 0.364706 0.5 0 0
6070 0.0941035 0.833333 167.667 0.364706 0.5 0 0
6080 0.0941035 0.833333 168.5 0.364706 0.5 0 0
6090 0.0941035 0.833333 168.5 0.364706 0.5 0 0
6100 0.0941004 0.75 169.25 0.364706 0.5 0 0
6110 0.0941004 0.75 169.25 0.364706 0.5 0 0
6120 0.0940986 0.916667 170.167 0.364706 0.5 0 0
6130 0.0940986 0.916667 170.167 0.364706 0.5 0 0
6140 0.094083 0.666667 170.833 0.364706 0.5 0 0
6150 0.094083 0.666667 170.833 0.364706 0.5 0 0
6160 0.0939783 0.916667 171.75 0.364706 0.5 0 0
6170 0.0939783 0.916667 171.75 0.364706 0.5 0 0
6180 0.0939595 1 172.75 0.364706 0.5 0 0
6190 0.0939595 1 172.75 0.364706 0.5 0 0
6200 0.0939574 1 173.75 0.364706 0.5 0 0
6210 0.0939574 1 173.75 0.364706 0.5 0 0
6220 0.0939574 0.916667 174.667 0.364706 0.5 0 0
6230 0.0939574 0.916667 174.667 0.364706 0.5 0 0
6240 0.0939574 0.916667 175.583 0.364706 0.5 0 0
6250 0.0939574 0.916667 175.583 0.364706 0.5 0 0
6260 0.0939574 0.916667 176.5 0.364706 0.5 0 0
6270 0.0939574 0.916667 176.5 0.364706 0.5 0 0
6280 0.0939574 0.916667 177.417 0.364706 0.5 0 0
6290 0.0939574 0.916667 177.417 0.364706 0.5 0 0
6300 0.093951 0.75 178.167 0.364706 0.5 0 0
6310 0.093951 0.75 178.167 0.364706 0.5 0 0
6320 0.0939462 0.75 178.917 0.364706 0.5 0 0
6330 0.0939462 0.75 178.917 0.364706 0.5 0 0
6340 0.0939394 0.583333 179.5 0.364706 0.5 0 0
6350 0.0939394 0.583333 179.5 0.364706 0.5 0 0
6360 0.0939394 0.75 180.25 0.364706 0.5 0 0
6370 0.0939394 0.75 180.25 0.364706 0.5 0 0
6380 0.0939394 0.75 181 0.364706 0.5 0 0
6390 0.0939394 0.75 181 0.364706 0.5 0 0
6400 0.0939394 0.75 181.75 0.364706 0.5 0 0
6410 0.0939394 0.75 181.75 0.364706 0.5 0 0
6420 0.0939209 0.583333 182.333 0.364706 0.5 0 0
6430 0.0939209 0.583333 182.333 0.364706 0.5 0 0
6440 0.0938942 0.833333 183.167 0.364706 0.5 0 0
6450 0.0938942 0.833333 183.167 0.364706 0.5 0 0
6460 0.0938942 0.916667 184.083 0.364706 0.5 0 0
6470 0.0938942 0.916667 184.083 0.364706 0.5 0 0
6480 0.0938942 0.916667 185 0.364706 0.5 0 0
6490 0.0938942 0.916667 185 0.364706 0.5 0 0
6500 0.0938942 0.916667 185.917 0.364706 0.5 0 0
6510 0.0938942 0.916667 185.917 0.364706 0.5 0 0
6520 0.0938942 0.916667 186.833 0.364706 0.5 0 0
6530 0.0938942 0.916667 186.833 0.364706 0.5 0 0
6540 0.0938942 0.75 187.583 0.364706 0.5 0 0
6550 0.0938942 0.75 187.583 0.364706 0.5 0 0
6560 0.0938942 0.75 188.333 0.364706 0.5 0 0
6570 0.0938942 0.75 188.333 0.364706 0.5 0 0
6580 0.0938942 0.666667 189 0.364706 0.5 0 0
6590 0.0938942 0.666667 189 0.364706 0.5 0 0
6600 0.0938942 0.666667 189.667 0.364706 0.5 0 0
6610 0.0938942 0.666667 189.667 0.364706 0.5 0 0
6620 0.0938942 0.75 190.417 0.364706 0.5 0 0
6630 0.0938942 0.75 190.417 0.364706 0.5 0 0
6640 0.0938942 0.75 191.167 0.364706 0.5 0 0
6650 0.0938942 0.75 191.167 0.364706 0.5 0 0
6660 0.0938942 0.75 191.917 0.364706 0.5 0 0
6670 0.0938942 0.75 191.917 0.364706 0.5 0 0
6680 0.0938942 0.75 192.667 0.364706 0.5 0 0
6690 0.0938942 0.75 192.667 0.364706 0.5 0 0
6700 0.0938942 0.75 193.417 0.364706 0.5 0 0
6710 0.0938942 0.75 193.417 0.364706 0.5 0 0
6720 0.0938942 0.75 194.167 0.364706 0.5 0 0
6730 0.0938942 0.75 194.167 0.364706 0.5 0 0
6740 0.0938942 0.75 194.917 0.364706 0.5 0 0
6750 0.0938942 0.75 194.917 0.364706 0.5 0 0
6760 0.0938942 0.75 195.667 0.364706 0.5 0 0
6770 0.0938942 0.75 195.667 0.364706 0.5 0 0
6780 0.0938942 0.583333 196.25 0.364706 0.5 0 0
6790 0.0938942 0.583333 196.25 0.364706 0.5 0 0
6800 0.0939078 0.583333 196.833 0.364706 0.5 0 0
6810 0.0939078 0.583333 196.833 0.364706 0.5 0 0
6820 0.0939108 0.833333 197.667 0.364706 0.5 0 0
6830 0.0939108 0.833333 197.667 0.364706 0.5 0 0
6840 0.0939108 0.833333 198.5 0.364706 0.5 0 0
6850 0.0939108 0.833333 198.5 0.364706 0.5 0 0
6860 0.0939108 0.833333 199.333 0.364706 0.5 0 0
6870 0.0939108 0.833333 199.333 0.364706 0.5 0 0
6880 0.0939108 0.833333 200.167 0.364706 0.5 0 0
6890 0.0939108 0.833333 200.167 0.364706 0.5 0 0
6900 0.0939057 0.833333 201 0.364706 0.5 0 0
6910 0.0939057 0.833333 201 0.364706 0.5 0 0
6920 0.0938567 0.666667 201.667 0.364706 0.5 0 0
6930 0.0938567 0.666667 201.667 0.364706 0.5 0 0
6940 0.0938374 0.666667 202.333 0.364706 0.5 0 0
6950 0.0938374 0.666667 202.333 0.364706 0.5 0 0
6960 0.0938374 0.833333 203.167 0.364706 0.5 0 0
6970 0.0938374 0.833333 203.167 0.364706 0.5 0 0
6980 0.0938374 0.833333 204 0.364706 0.5 0 0
6990 0.0938374 0.833333 204 0.364706 0.5 0 0
7000 0.0938374 0.833333 204.833 0.364706 0.5 0 0
7010 0.0938374 0.833333 204.833 0.364706 0.5 0 0
7020 0.0938374 0.833333 205.667 0.364706 0.5 0 0
7030 0.0938374 0.833333 205.667 0.364706 0.5 0 0
7040 0.0938423 0.833333 206.5 0.364706 0.5 0 0
7050 0.0938423 0.833333 206.5 0.364706 0.5 0 0
7060 0.0940298 0.75 207.25 0.364706 0.5 0 0
7070 0.0940298 0.75 207.25 0.364706 0.5 0 0
7080 0.0940284 0.75 208 0.364706 0.5 0 0
7090 0.0940284 0.75 208 0.364706 0.5 0 0
7100 0.0940284 0.75 208.75 0.364706 0.5 0 0
7110 0.0940284 0.75 208.75 0.364706 0.5 0 0
7120 0.0940284 0.75 209.5 0.364706 0.5 0 0
7130 0.0940284 0.75 209.5 0.364706 0.5 0 0
7140 0.0940284 0.75 210.25 0.364706 0.5 0 0
7150 0.0940284 0.75 210.25 0.364706 0.5 0 0
7160 0.0940301 0.75 211 0.364706 0.5 0 0
7170 0.0940301 0.75 211 0.364706 0.5 0 0
7180 0.094693 0.833333 211.833 0.364706 0.5 0 0
7190 0.094693 0.833333 211.833 0.364706 0.5 0 0
7200 0.0954992 0.916667 212.75 0.364706 0.5 0 0
7210 0.0954992 0.916667 212.75 0.368627 0.5 0 0
7220 0.0964137 0.916667 213.667 0.368627 0.5 0 0
7230 0.0964137 0.916667 213.667 0.368627 0.5 0 0
7240 0.0966763 0.916667 214.583 0.368627 0.5 0 0
7250 0.0966763 0.916667 214.583 0.368627 0.5 0 0
7260 0.0967121 0.916667 215.5 0.368627 0.5 0 0
7270 0.0967121 0.916667 215.5 0.368627 0.5 0 0
7280 0.0967568 0.916667 216.417 0.368627 0.5 0 0
7290 0.0967568 0.916667 216.417 0.368627 0.5 0 0
7300 0.0964839 0.833333 217.25 0.364706 0.5 0 0
7310 0.0964839 0.833333 217.25 0.364706 0.5 0 0
7320 0.0961565 0.833333 218.083 0.364706 0.5 0 0
7330 0.0961565 0.833333 218.083 0.364706 0.5 0 0
7340 0.0956096 0.75 218.833 0.364706 0.5 0 0
7350 0.0956096 0.75 218.833 0.364706 0.5 0 0
7360 0.0953878 0.75 219.583 0.364706 0.5 0 0
7370 0.0953878 0.75 219.583 0.364706 0.5 0 0
7380 0.0953868 0.75 220.333 0.364706 0.5 0 0
7390 0.0953868 0.75 220.333 0.364706 0.5 0 0
7400 0.0948355 0.75 221.083 0.364706 0.5 0 0
7410 0.0948355 0.75 221.083 0.364706 0.5 0 0
7420 0.094639 0.75 221.833 0.364706 0.5 0 0
7430 0.094639 0.75 221.833 0.364706 0.5 0 0
7440 0.094581 0.5 222.333 0.364706 0.5 0 0
7450 0.094581 0.5 222.333 0.364706 0.5 0 0
7460 0.094581 0.666667 223 0.364706 0.5 0 0
7470 0.094581 0.666667 223 0.364706 0.5 0 0
7480 0.094581 0.833333 223.833 0.364706 0.5 0 0
7490 0.094581 0.833333 223.833 0.364706 0.5 0 0
7500 0.094581 0.833333 224.667 0.364706 0.5 0 0
7510 0.094581 0.833333 224.667 0.364706 0.5 0 0
7520 0.0945821 1 225.667 0.364706 0.5 0 0
7530 0.0945821 1 225.667 0.364706 0.5 0 0
7540 0.0945762 1 226.667 0.364706 0.5 0 0
7550 0.0945762 1 226.667 0.364706 0.5 0 0
7560 0.0945811 0.833333 227.5 0.364706 0.5 0 0
7570 0.0945811 0.833333 227.5 0.364706 0.5 0 0
7580 0.094583 0.833333 228.333 0.364706 0.5 0 0
7590 0.094583 0.833333 228.333 0.364706 0.5 0 0
7600 0.094583 0.833333 229.167 0.364706 0.5 0 0
7610 0.094583 0.833333 229.167 0.364706 0.5 0 0
7620 0.094583 0.916667 230.083 0.364706 0.5 0 0
7630 0.094583 0.916667 230.083 0.364706 0.5 0 0
7640 0.094583 0.666667 230.75 0.364706 0.5 0 0
7650 0.094583 0.666667 230.75 0.364706 0.5 0 0
7660 0.0945851 0.583333 231.333 0.364706 0.5 0 0
7670 0.0945851 0.583333 231.333 0.364706 0.5 0 0
7680 0.0945777 0.833333 232.167 0.364706 0.5 0 0
7690 0.0945777 0.833333 232.167 0.364706 0.5 0 0
7700 0.0945532 0.916667 233.083 0.364706 0.5 0 0
7710 0.0945532 0.916667 233.083 0.364706 0.5 0 0
7720 0.0945465 0.916667 234 0.364706 0.5 0 0
7730 0.0945465 0.916667 234 0.364706 0.5 0 0
7740 0.094542 0.916667 234.917 0.364706 0.5 0 0
7750 0.094542 0.916667 234.917 0.364706 0.5 0 0
7760 0.0945373 0.833333 235.75 0.364706 0.5 0 0
7770 0.0945373 0.833333 235.75 0.364706 0.5 0 0
7780 0.0945305 1 236.75 0.364706 0.5 0 0
7790 0.0945305 1 236.75 0.364706 0.5 0 0
7800 0.0945288 0.916667 237.667 0.364706 0.5 0 0
7810 0.0945288 0.916667 237.667 0.364706 0.5 0 0
7820 0.0945264 1 238.667 0.364706 0.5 0 0
7830 0.0945264 1 238.667 0.364706 0.5 0 0
7840 0.0945264 1 239.667 0.364706 0.5 0 0
7850 0.0945264 1 239.667 0.364706 0.5 0 0
7860 0.0945264 1 240.667 0.364706 0.5 0 0
7870 0.0945264 1 240.667 0.364706 0.5 0 0
7880 0.0945264 1 241.667 0.364706 0.5 0 0
7890 0.0945264 1 241.667 0.364706 0.5 0 0
7900 0.0945227 0.75 242.417 0.364706 0.5 0 0
7910 0.0945227 0.75 242.417 0.364706 0.5 0 0
7920 0.0945116 0.5 242.917 0.364706 0.5 0 0
7930 0.0945116 0.5 242.917 0.364706 0.5 0 0
7940 0.0944972 0.833333 243.75 0.364706 0.5 0 0
7950 0.0944972 0.833333 243.75 0.364706 0.5 0 0
7960 0.09437 0.916667 244.667 0.364706 0.5 0 0
7970 0.09437 0.916667 244.667 0.364706 0.5 0 0
7980 0.0940814 0.916667 245.583 0.364706 0.5 0 0
7990 0.0940814 0.916667 245.583 0.364706 0.5 0 0
8000 0.0940606 0.916667 246.5 0.364706 0.5 0 0
8010 0.0940606 0.916667 246.5 0.364706 0.5 0 0
8020 0.0940606 0.916667 247.417 0.364706 0.5 0 0
8030 0.0940606 0.916667 247.417 0.364706 0.5 0 0
8040 0.0940513 0.916667 248.333 0.364706 0.5 0 0
8050 0.0940513 0.916667 248.333 0.364706 0.5 0 0
8060 0.0940425 0.833333 249.167 0.364706 0.5 0 0
8070 0.0940425 0.833333 249.167 0.364706 0.5 0 0
8080 0.0940386 0.833333 250 0.364706 0.5 0 0
8090 0.0940386 0.833333 250 0.364706 0.5 0 0
8100 0.0939685 0.833333 250.833 0.364706 0.5 0 0
8110 0.0939685 0.833333 250.833 0.364706 0.5 0 0
8120 0.0939512 0.833333 251.667 0.364706 0.5 0 0
8130 0.0939512 0.833333 251.667 0.364706 0.5 0 0
8140 0.0939512 0.666667 252.333 0.364706 0.5 0 0
8150 0.0939512 0.666667 252.333 0.364706 0.5 0 0
8160 0.0939342 0.666667 253 0.364706 0.5 0 0
8170 0.0939342 0.666667 253 0.364706 0.5 0 0
8180 0.0939242 0.666667 253.667 0.364706 0.5 0 0
8190 0.0939242 0.666667 253.667 0.364706 0.5 0 0
8200 0.0939111 0.833333 254.5 0.364706 0.5 0 0
8210 0.0939111 0.833333 254.5 0.364706 0.5 0 0
8220 0.0937943 0.583333 255.083 0.364706 0.5 0 0
8230 0.0937943 0.583333 255.083 0.364706 0.5 0 0
8240 0.0936089 0.75 255.833 0.364706 0.5 0 0
8250 0.0936089 0.75 255.833 0.364706 0.5 0 0
8260 0.0934968 0.833333 256.667 0.364706 0.5 0 0
8270 0.0934968 0.833333 256.667 0.364706 0.5 0 0
8280 0.0933942 0.916667 257.583 0.364706 0.5 0 0
8290 0.0933942 0.916667 257.583 0.364706 0.5 0 0
8300 0.0933942 0.916667 258.5 0.364706 0.5 0 0
8310 0.0933942 0.916667 258.5 0.364706 0.5 0 0
8320 0.0933942 0.916667 259.417 0.364706 0.5 0 0
8330 0.0933942 0.916667 259.417 0.364706 0.5 0 0
8340 0.0933942 0.916667 260.333 0.364706 0.5 0 0
8350 0.0933942 0.916667 260.333 0.364706 0.5 0 0
8360 0.0933942 0.833333 261.167 0.364706 0.5 0 0
8370 0.0933942 0.833333 261.167 0.364706 0.5 0 0
8380 0.0933919 0.833333 262 0.364706 0.5 0 0
8390 0.0933919 0.833333 262 0.364706 0.5 0 0
8400 0.0933815 0.833333 262.833 0.364706 0.5 0 0
8410 0.0933815 0.833333 262.833 0.364706 0.5 0 0
8420 0.09337 0.833333 263.667 0.364706 0.5 0 0
8430 0.09337 0.833333 263.667 0.364706 0.5 0 0
8440 0.09337 0.833333 264.5 0.364706 0.5 0 0
8450 0.09337 0.833333 264.5 0.364706 0.5 0 0
8460 0.0933628 0.833333 265.333 0.364706 0.5 0 0
8470 0.0933628 0.833333 265.333 0.364706 0.5 0 0
8480 0.0933628 0.833333 266.167 0.364706 0.5 0 0
8490 0.0933628 0.833333 266.167 0.364706 0.5 0 0
8500 0.0933546 0.833333 267 0.364706 0.5 0 0
8510 0.0933546 0.833333 267 0.364706 0.5 0 0
8520 0.0933428 0.833333 267.833 0.364706 0.5 0 0
8530 0.0933428 0.833333 267.833 0.364706 0.5 0 0
8540 0.093336 0.583333 268.417 0.364706 0.5 0 0
8550 0.093336 0.583333 268.417 0.364706 0.5 0 0
8560 0.093329 0.833333 269.25 0.364706 0.5 0 0
8570 0.093329 0.833333 269.25 0.364706 0.5 0 0
8580 0.093329 0.833333 270.083 0.364706 0.5 0 0
8590 0.093329 0.833333 270.083 0.364706 0.5 0 0
8600 0.093323 0.833333 270.917 0.364706 0.5 0 0
8610 0.093323 0.833333 270.917 0.364706 0.5 0 0
8620 0.0932671 0.833333 271.75 0.364706 0.5 0 0
8630 0.0932671 0.833333 271.75 0.364706 0.5 0 0
8640 0.093232 0.833333 272.583 0.364706 0.5 0 0
8650 0.093232 0.833333 272.583 0.364706 0.5 0 0
8660 0.0932178 0.75 273.333 0.364706 0.5 0 0
8670 0.0932178 0.75 273.333 0.364706 0.5 0 0
8680 0.0932048 0.75 274.083 0.364706 0.5 0 0
8690 0.0932048 0.75 274.083 0.364706 0.5 0 0
8700 0.0932106 0.75 274.833 0.364706 0.5 0 0
8710 0.0932106 0.75 274.833 0.364706 0.5 0 0
8720 0.0931953 0.75 275.583 0.364706 0.5 0 0
8730 0.0931953 0.75 275.583 0.364706 0.5 0 0
8740 0.0931947 0.666667 276.25 0.364706 0.5 0 0
8750 0.0931947 0.666667 276.25 0.364706 0.5 0 0
8760 0.0931891 0.666667 276.917 0.364706 0.5 0 0
8770 0.0931891 0.666667 276.917 0.364706 0.5 0 0
8780 0.0931807 0.666667 277.583 0.364706 0.5 0 0
8790 0.0931807 0.666667 277.583 0.364706 0.5 0 0
8800 0.09317 0.666667 278.25 0.364706 0.5 0 0
8810 0.09317 0.666667 278.25 0.364706 0.5 0 0
8820 0.0934199 0.666667 278.917 0.364706 0.5 0 0
8830 0.0934199 0.666667 278.917 0.364706 0.5 0 0
8840 0.0934471 0.666667 279.583 0.364706 0.5 0 0
8850 0.0934471 0.666667 279.583 0.364706 0.5 0 0
8860 0.093614 0.666667 280.25 0.364706 0.5 0 0
8870 0.093614 0.666667 280.25 0.368627 0.5 0 0
8880 0.093942 0.833333 281.083 0.364706 0.5 0 0
8890 0.093942 0.833333 281.083 0.368627 0.5 0 0
8900 0.0941691 0.833333 281.917 0.368627 0.5 0 0
8910 0.0941691 0.833333 281.917 0.364706 0.5 0 0
8920 0.0940112 0.666667 282.583 0.364706 0.5 0 0
8930 0.0940112 0.666667 282.583 0.364706 0.5 0 0
8940 0.0935512 0.666667 283.25 0.360784 0.5 0 0
8950 0.0935512 0.666667 283.25 0.360784 0.5 0 0
8960 0.0926655 0.666667 283.917 0.360784 0.5 0 0
8970 0.0926655 0.666667 283.917 0.360784 0.5 0 0
8980 0.0920982 0.833333 284.75 0.360784 0.5 0 0
8990 0.0920982 0.833333 284.75 0.360784 0.5 0 0
9000 0.0915238 0.833333 285.583 0.360784 0.5 0 0
9010 0.0915238 0.833333 285.583 0.360784 0.5 0 0
9020 0.0911746 0.75 286.333 0.360784 0.5 0 0
9030 0.0911746 0.75 286.333 0.360784 0.5 0 0
9040 0.0910596 0.666667 287 0.360784 0.5 0 0
9050 0.0910596 0.666667 287 0.360784 0.5 0 0
9060 0.0909823 0.666667 287.667 0.360784 0.5 0 0
9070 0.0909823 0.666667 287.667 0.360784 0.5 0 0
9080 0.0909695 0.833333 288.5 0.360784 0.5 0 0
9090 0.0909695 0.833333 288.5 0.360784 0.5 0 0
9100 0.0909711 0.833333 289.333 0.360784 0.5 0 0
9110 0.0909711 0.833333 289.333 0.360784 0.5 0 0
9120 0.0909727 0.833333 290.167 0.360784 0.5 0 0
9130 0.0909727 0.833333 290.167 0.360784 0.5 0 0
9140 0.0909721 0.833333 291 0.360784 0.5 0 0
9150 0.0909721 0.833333 291 0.360784 0.5 0 0
9160 0.0909668 0.833333 291.833 0.360784 0.5 0 0
9170 0.0909668 0.833333 291.833 0.360784 0.5 0 0
9180 0.0909587 0.666667 292.5 0.360784 0.5 0 0
9190 0.0909587 0.666667 292.5 0.360784 0.5 0 0
9200 0.0909502 0.916667 293.417 0.360784 0.5 0 0
9210 0.0909502 0.916667 293.417 0.360784 0.5 0 0
9220 0.0909521 0.75 294.167 0.360784 0.5 0 0
9230 0.0909521 0.75 294.167 0.360784 0.5 0 0
9240 0.0909505 0.833333 295 0.360784 0.5 0 0
9250 0.0909505 0.833333 295 0.360784 0.5 0 0
9260 0.0909473 0.833333 295.833 0.360784 0.5 0 0
9270 0.0909473 0.833333 295.833 0.360784 0.5 0 0
9280 0.0909436 0.833333 296.667 0.360784 0.5 0 0
9290 0.0909436 0.833333 296.667 0.360784 0.5 0 0
9300 0.0909365 0.833333 297.5 0.360784 0.5 0 0
9310 0.0909365 0.833333 297.5 0.360784 0.5 0 0
9320 0.0908691 0.833333 298.333 0.360784 0.5 0 0
9330 0.0908691 0.833333 298.333 0.360784 0.5 0 0
9340 0.0908178 0.916667 299.25 0.360784 0.5 0 0
9350 0.0908178 0.916667 299.25 0.360784 0.5 0 0
9360 0.0908155 0.833333 300.083 0.360784 0.5 0 0
9370 0.0908155 0.833333 300.083 0.360784 0.5 0 0
9380 0.0908106 1 301.083 0.360784 0.5 0 0
9390 0.0908106 1 301.083 0.360784 0.5 0 0
9400 0.0908037 1 302.083 0.360784 0.5 0 0
9410 0.0908037 1 302.083 0.360784 0.5 0 0
9420 0.0907992 1 303.083 0.360784 0.5 0 0
9430 0.0907992 1 303.083 0.360784 0.5 0 0
9440 0.090792 1 304.083 0.360784 0.5 0 0
9450 0.090792 1 304.083 0.360784 0.5 0 0
9460 0.090792 0.833333 304.917 0.360784 0.5 0 0
9470 0.090792 0.833333 304.917 0.360784 0.5 0 0
9480 0.0907941 0.833333 305.75 0.360784 0.5 0 0
9490 0.0907941 0.833333 305.75 0.360784 0.5 0 0
9500 0.0907084 0.666667 306.417 0.360784 0.5 0 0
9510 0.0907084 0.666667 306.417 0.360784 0.5 0 0
9520 0.090469 0.916667 307.333 0.360784 0.5 0 0
9530 0.090469 0.916667 307.333 0.360784 0.5 0 0
9540 0.0904105 0.916667 308.25 0.360784 0.5 0 0
9550 0.0904105 0.916667 308.25 0.360784 0.5 0 0
9560 0.0903832 0.916667 309.167 0.360784 0.5 0 0
9570 0.0903832 0.916667 309.167 0.360784 0.5 0 0
9580 0.0903746 0.916667 310.083 0.360784 0.5 0 0
9590 0.0903746 0.916667 310.083 0.360784 0.5 0 0
9600 0.0903746 0.916667 311 0.360784 0.5 0 0
9610 0.0903746 0.916667 311 0.360784 0.5 0 0
9620 0.0903746 0.916667 311.917 0.360784 0.5 0 0
9630 0.0903746 0.916667 311.917 0.360784 0.5 0 0
9640 0.0903746 0.916667 312.833 0.360784 0.5 0 0
9650 0.0903746 0.916667 312.833 0.360784 0.5 0 0
9660 0.0903307 1 313.833 0.360784 0.5 0 0
9670 0.0903307 1 313.833 0.360784 0.5 0 0
9680 0.0903239 1 314.833 0.360784 0.5 0 0
9690 0.0903239 1 314.833 0.360784 0.5 0 0
9700 0.090291 1 315.833 0.360784 0.5 0 0
9710 0.090291 1 315.833 0.360784 0.5 0 0
9720 0.0902863 1 316.833 0.360784 0.5 0 0
9730 0.0902863 1 316.833 0.360784 0.5 0 0
9740 0.0902863 1 317.833 0.360784 0.5 0 0
9750 0.0902863 1 317.833 0.360784 0.5 0 0
9760 0.0902863 0.916667 318.75 0.360784 0.5 0 0
9770 0.0902863 0.916667 318.75 0.360784 0.5 0 0
9780 0.0902863 0.833333 319.583 0.360784 0.5 0 0
9790 0.0902863 0.833333 319.583 0.360784 0.5 0 0
9800 0.0902415 0.833333 320.417 0.360784 0.5 0 0
9810 0.0902415 0.833333 320.417 0.360784 0.5 0 0
9820 0.0901749 0.833333 321.25 0.360784 0.5 0 0
9830 0.0901749 0.833333 321.25 0.360784 0.5 0 0
9840 0.0900007 0.833333 322.083 0.360784 0.5 0 0
9850 0.0900007 0.833333 322.083 0.360784 0.5 0 0
9860 0.0898469 0.833333 322.917 0.360784 0.5 0 0
9870 0.0898469 0.833333 322.917 0.360784 0.5 0 0
9880 0.0898204 0.833333 323.75 0.360784 0.5 0 0
9890 0.0898204 0.833333 323.75 0.360784 0.5 0 0
9900 0.08977 0.833333 324.583 0.360784 0.5 0 0
9910 0.08977 0.833333 324.583 0.360784 0.5 0 0
9920 0.0897614 0.833333 325.417 0.360784 0.5 0 0
9930 0.0897614 0.833333 325.417 0.360784 0.5 0 0
9940 0.0897572 0.833333 326.25 0.360784 0.5 0 0
9950 0.0897572 0.833333 326.25 0.360784 0.5 0 0
9960 0.0897345 0.833333 327.083 0.360784 0.5 0 0
9970 0.0897345 0.833333 327.083 0.360784 0.5 0 0
9980 0.0897285 0.833333 327.917 0.360784 0.5 0 0
9990 0.0897285 0.833333 327.917 0.360784 0.5 0 0
10000 0.0897277 0.833333 328.75 0.360784 0.5 0 0
10010 0.0897277 0.833333 328.75 0.360784 0.5 0 0
10020 0.0897264 0.75 329.5 0.360784 0.5 0 0
10030 0.0897264 0.75 329.5 0.360784 0.5 0 0
10040 0.0897267 0.75 330.25 0.360784 0.5 0 0
10050 0.0897267 0.75 330.25 0.360784 0.5 0 0
10060 0.0897233 0.75 331 0.360784 0.5 0 0
10070 0.0897233 0.75 331 0.360784 0.5 0 0
10080 0.0897673 0.833333 331.833 0.360784 0.5 0 0
10090 0.0897673 0.833333 331.833 0.360784 0.5 0 0
10100 0.0898467 0.833333 332.667 0.360784 0.5 0 0
10110 0.0898467 0.833333 332.667 0.360784 0.5 0 0
10120 0.089857 0.833333 333.5 0.360784 0.5 0 0
10130 0.089857 0.833333 333.5 0.360784 0.5 0 0
10140 0.0898575 0.833333 334.333 0.360784 0.5 0 0
10150 0.0898575 0.833333 334.333 0.360784 0.5 0 0
10160 0.0898614 0.75 335.083 0.360784 0.5 0 0
10170 0.0898614 0.75 335.083 0.360784 0.5 0 0
10180 0.0898583 0.75 335.833 0.360784 0.5 0 0
10190 0.0898583 0.75 335.833 0.360784 0.5 0 0
10200 0.0898523 0.75 336.583 0.360784 0.5 0 0
10210 0.0898523 0.75 336.583 0.360784 0.5 0 0
10220 0.0898565 0.583333 337.167 0.360784 0.5 0 0
10230 0.0898565 0.583333 337.167 0.360784 0.5 0 0
10240 0.0898626 0.583333 337.75 0.360784 0.5 0 0
10250 0.0898626 0.583333 337.75 0.360784 0.5 0 0
10260 0.0898664 0.583333 338.333 0.360784 0.5 0 0
10270 0.0898664 0.583333 338.333 0.360784 0.5 0 0
10280 0.0898688 0.583333 338.917 0.360784 0.5 0 0
10290 0.0898688 0.583333 338.917 0.360784 0.5 0 0
10300 0.0898427 0.583333 339.5 0.360784 0.5 0 0
10310 0.0898427 0.583333 339.5 0.360784 0.5 0 0
10320 0.0899016 0.833333 340.333 0.360784 0.5 0 0
10330 0.0899016 0.833333 340.333 0.360784 0.5 0 0
10340 0.0899198 0.833333 341.167 0.360784 0.5 0 0
10350 0.0899198 0.833333 341.167 0.360784 0.5 0 0
10360 0.0899205 0.833333 342 0.360784 0.5 0 0
10370 0.0899205 0.833333 342 0.360784 0.5 0 0
10380 0.0899229 0.833333 342.833 0.360784 0.5 0 0
10390 0.0899229 0.833333 342.833 0.360784 0.5 0 0
10400 0.0899229 0.833333 343.667 0.360784 0.5 0 0
10410 0.0899229 0.833333 343.667 0.360784 0.5 0 0
10420 0.0899243 0.666667 344.333 0.360784 0.5 0 0
10430 0.0899243 0.666667 344.333 0.360784 0.5 0 0
10440 0.0899305 0.583333 344.917 0.360784 0.5 0 0
10450 0.0899305 0.583333 344.917 0.360784 0.5 0 0
10460 0.089941 0.666667 345.583 0.360784 0.5 0 0
10470 0.089941 0.666667 345.583 0.360784 0.5 0 0
10480 0.0899434 0.666667 346.25 0.360784 0.5 0 0
10490 0.0899434 0.666667 346.25 0.360784 0.5 0 0
10500 0.0899486 0.666667 346.917 0.360784 0.5 0 0
10510 0.0899486 0.666667 346.917 0.360784 0.5 0 0
10520 0.0899537 0.666667 347.583 0.360784 0.5 0 0
10530 0.0899537 0.666667 347.583 0.360784 0.5 0 0
10540 0.0899584 0.666667 348.25 0.360784 0.5 0 0
10550 0.0899584 0.666667 348.25 0.360784 0.5 0 0
10560 0.0899524 0.666667 348.917 0.360784 0.5 0 0
10570 0.0899524 0.666667 348.917 0.360784 0.5 0 0
10580 0.0899143 0.666667 349.583 0.360784 0.5 0 0
10590 0.0899143 0.666667 349.583 0.360784 0.5 0 0
10600 0.0898928 0.666667 350.25 0.360784 0.5 0 0
10610 0.0898928 0.666667 350.25 0.360784 0.5 0 0
10620 0.0898928 0.666667 350.917 0.360784 0.5 0 0
10630 0.0898928 0.666667 350.917 0.360784 0.5 0 0
10640 0.0898928 0.666667 351.583 0.360784 0.5 0 0
10650 0.0898928 0.666667 351.583 0.360784 0.5 0 0
10660 0.0898928 0.666667 352.25 0.360784 0.5 0 0
10670 0.0898928 0.666667 352.25 0.360784 0.5 0 0
10680 0.0898928 0.666667 352.917 0.360784 0.5 0 0
10690 0.0898928 0.666667 352.917 0.360784 0.5 0 0
10700 0.0898928 0.666667 353.583 0.360784 0.5 0 0
10710 0.0898928 0.666667 353.583 0.360784 0.5 0 0
10720 0.0903739 0.666667 354.25 0.360784 0.5 0 0
10730 0.0903739 0.666667 354.25 0.364706 0.5 0 0
10740 0.0907299 0.666667 354.917 0.360784 0.5 0 0
10750 0.0907299 0.666667 354.917 0.360784 0.5 0 0
10760 0.0918144 0.666667 355.583 0.360784 0.5 0 0
10770 0.0918144 0.666667 355.583 0.360784 0.5 0 0
10780 0.0928577 0.666667 356.25 0.364706 0.5 0 0
10790 0.0928577 0.666667 356.25 0.364706 0.5 0 0
10800 0.0930228 0.583333 356.833 0.364706 0.5 0 0
10810 0.0930228 0.583333 356.833 0.360784 0.5 0 0
10820 0.0930228 0.5 357.333 0.364706 0.5 0 0
10830 0.0930228 0.5 357.333 0.360784 0.5 0 0
10840 0.0930939 0.5 357.833 0.364706 0.5 0 0
10850 0.0930939 0.5 357.833 0.364706 0.5 0 0
10860 0.0930793 0.5 358.333 0.364706 0.5 0 0
10870 0.0930793 0.5 358.333 0.364706 0.5 0 0
10880 0.0926856 0.5 358.833 0.364706 0.5 0 0
10890 0.0926856 0.5 358.833 0.364706 0.5 0 0
10900 0.0925954 0.583333 359.417 0.364706 0.5 0 0
10910 0.0925954 0.583333 359.417 0.360784 0.5 0 0
10920 0.0921297 0.583333 360 0.360784 0.5 0 0
10930 0.0921297 0.583333 360 0.360784 0.5 0 0
10940 0.0911754 0.583333 360.583 0.356863 0.5 0 0
10950 0.0911754 0.583333 360.583 0.356863 0.5 0 0
10960 0.0901138 0.583333 361.167 0.356863 0.5 0 0
10970 0.0901138 0.583333 361.167 0.360784 0.5 0 0
10980 0.0895669 0.666667 361.833 0.360784 0.5 0 0
10990 0.0895669 0.666667 361.833 0.360784 0.5 0 0
11000 0.08973 0.666667 362.5 0.360784 0.5 0 0
11010 0.08973 0.666667 362.5 0.360784 0.5 0 0
11020 0.0901436 0.666667 363.167 0.360784 0.5 0 0
11030 0.0901436 0.666667 363.167 0.360784 0.5 0 0
11040 0.0907925 0.666667 363.833 0.360784 0.5 0 0
11050 0.0907925 0.666667 363.833 0.360784 0.5 0 0
11060 0.0907977 0.666667 364.5 0.360784 0.5 0 0
11070 0.0907977 0.666667 364.5 0.360784 0.5 0 0
11080 0.0908406 0.666667 365.167 0.360784 0.5 0 0
11090 0.0908406 0.666667 365.167 0.360784 0.5 0 0
11100 0.0907078 0.5 365.667 0.360784 0.5 0 0
11110 0.0907078 0.5 365.667 0.360784 0.5 0 0
11120 0.09066 0.583333 366.25 0.360784 0.5 0 0
11130 0.09066 0.583333 366.25 0.360784 0.5 0 0
11140 0.0906064 0.583333 366.833 0.360784 0.5 0 0
11150 0.0906064 0.583333 366.833 0.360784 0.5 0 0
11160 0.0900412 0.583333 367.417 0.360784 0.5 0 0
11170 0.0900412 0.583333 367.417 0.360784 0.5 0 0
11180 0.0896714 0.666667 368.083 0.356863 0.5 0 0
11190 0.0896714 0.666667 368.083 0.356863 0.5 0 0
11200 0.0894665 0.666667 368.75 0.356863 0.5 0 0
11210 0.0894665 0.666667 368.75 0.356863 0.5 0 0
11220 0.089312 0.666667 369.417 0.356863 0.5 0 0
11230 0.089312 0.666667 369.417 0.352941 0.5 0 0
11240 0.0891431 0.666667 370.083 0.356863 0.5 0 0
11250 0.0891431 0.666667 370.083 0.356863 0.5 0 0
11260 0.088984 0.666667 370.75 0.356863 0.5 0 0
11270 0.088984 0.666667 370.75 0.356863 0.5 0 0
11280 0.0888511 0.583333 371.333 0.352941 0.5 0 0
11290 0.0888511 0.583333 371.333 0.352941 0.5 0 0
11300 0.0888244 0.583333 371.917 0.356863 0.5 0 0
11310 0.0888244 0.583333 371.917 0.356863 0.5 0 0
11320 0.0892775 0.583333 372.5 0.356863 0.5 0 0
11330 0.0892775 0.583333 372.5 0.356863 0.5 0 0
11340 0.0894555 0.666667 373.167 0.356863 0.5 0 0
11350 0.0894555 0.666667 373.167 0.356863 0.5 0 0
11360 0.0900512 0.666667 373.833 0.356863 0.5 0 0
11370 0.0900512 0.666667 373.833 0.356863 0.5 0 0
11380 0.090461 0.666667 374.5 0.356863 0.5 0 0
11390 0.090461 0.666667 374.5 0.356863 0.5 0 0
11400 0.0910391 0.666667 375.167 0.356863 0.5 0 0
11410 0.0910391 0.666667 375.167 0.356863 0.5 0 0
11420 0.0914111 0.666667 375.833 0.356863 0.5 0 0
11430 0.0914111 0.666667 375.833 0.356863 0.5 0 0
11440 0.0912514 0.666667 376.5 0.356863 0.5 0 0
11450 0.0912514 0.666667 376.5 0.356863 0.5 0 0
11460 0.0912915 0.583333 377.083 0.356863 0.5 0 0
11470 0.0912915 0.583333 377.083 0.356863 0.5 0 0
11480 0.0912347 0.666667 377.75 0.356863 0.5 0 0
11490 0.0912347 0.666667 377.75 0.352941 0.5 0 0
11500 0.0909041 0.75 378.5 0.356863 0.5 0 0
11510 0.0909041 0.75 378.5 0.352941 0.5 0 0
11520 0.0898386 0.833333 379.333 0.352941 0.5 0 0
11530 0.0898386 0.833333 379.333 0.352941 0.5 0 0
11540 0.0894189 0.833333 380.167 0.352941 0.5 0 0
11550 0.0894189 0.833333 380.167 0.352941 0.5 0 0
11560 0.0891629 0.833333 381 0.352941 0.5 0 0
11570 0.0891629 0.833333 381 0.352941 0.5 0 0
11580 0.0889918 0.833333 381.833 0.352941 0.5 0 0
11590 0.0889918 0.833333 381.833 0.352941 0.5 0 0
11600 0.0888256 0.833333 382.667 0.352941 0.5 0 0
11610 0.0888256 0.833333 382.667 0.352941 0.5 0 0
11620 0.0886665 0.75 383.417 0.352941 0.5 0 0
11630 0.0886665 0.75 383.417 0.352941 0.5 0 0
11640 0.0884713 0.75 384.167 0.352941 0.5 0 0
11650 0.0884713 0.75 384.167 0.352941 0.5 0 0
11660 0.0884385 0.75 384.917 0.352941 0.5 0 0
11670 0.0884385 0.75 384.917 0.352941 0.5 0 0
11680 0.0884072 0.75 385.667 0.352941 0.5 0 0
11690 0.0884072 0.75 385.667 0.352941 0.5 0 0
11700 0.0880517 0.666667 386.333 0.352941 0.5 0 0
11710 0.0880517 0.666667 386.333 0.352941 0.5 0 0
11720 0.0879844 0.416667 386.75 0.352941 0.5 0 0
11730 0.0879844 0.416667 386.75 0.352941 0.5 0 0
11740 0.087963 0.666667 387.417 0.352941 0.5 0 0
11750 0.087963 0.666667 387.417 0.352941 0.5 0 0
11760 0.0879413 0.583333 388 0.352941 0.5 0 0
11770 0.0879413 0.583333 388 0.352941 0.5 0 0
11780 0.0879204 0.583333 388.583 0.352941 0.5 0 0
11790 0.0879204 0.583333 388.583 0.352941 0.5 0 0
11800 0.0879967 0.583333 389.167 0.352941 0.5 0 0
11810 0.0879967 0.583333 389.167 0.352941 0.5 0 0
11820 0.0884293 0.583333 389.75 0.352941 0.5 0 0
11830 0.0884293 0.583333 389.75 0.352941 0.5 0 0
11840 0.0888106 0.666667 390.417 0.352941 0.5 0 0
11850 0.0888106 0.666667 390.417 0.352941 0.5 0 0
11860 0.0891543 0.666667 391.083 0.352941 0.5 0 0
11870 0.0891543 0.666667 391.083 0.352941 0.5 0 0
11880 0.0896117 0.75 391.833 0.352941 0.5 0 0
11890 0.0896117 0.75 391.833 0.352941 0.5 0 0
11900 0.0897157 0.833333 392.667 0.352941 0.5 0 0
11910 0.0897157 0.833333 392.667 0.352941 0.5 0 0
11920 0.0897343 0.833333 393.5 0.34902 0.5 0 0
11930 0.0897343 0.833333 393.5 0.352941 0.5 0 0
11940 0.0897368 0.833333 394.333 0.352941 0.5 0 0
11950 0.0897368 0.833333 394.333 0.352941 0.5 0 0
11960 0.0897472 0.833333 395.167 0.34902 0.5 0 0
11970 0.0897472 0.833333 395.167 0.352941 0.5 0 0
11980 0.0896548 0.833333 396 0.34902 0.5 0 0
11990 0.0896548 0.833333 396 0.352941 0.5 0 0
12000 0.0895812 0.833333 396.833 0.34902 0.5 0 0
12010 0.0895812 0.833333 396.833 0.34902 0.5 0 0
12020 0.0894636 0.833333 397.667 0.352941 0.5 0 0
12030 0.0894636 0.833333 397.667 0.352941 0.5 0 0
12040 0.0893129 0.833333 398.5 0.34902 0.5 0 0
12050 0.0893129 0.833333 398.5 0.34902 0.5 0 0
12060 0.0892162 0.833333 399.333 0.34902 0.5 0 0
12070 0.0892162 0.833333 399.333 0.34902 0.5 0 0
12080 0.0890356 0.833333 400.167 0.34902 0.5 0 0
12090 0.0890356 0.833333 400.167 0.34902 0.5 0 0
12100 0.0885898 0.833333 401 0.352941 0.5 0 0
12110 0.0885898 0.833333 401 0.352941 0.5 0 0
12120 0.0884587 0.833333 401.833 0.352941 0.5 0 0
12130 0.0884587 0.833333 401.833 0.352941 0.5 0 0
12140 0.0882749 0.833333 402.667 0.34902 0.5 0 0
12150 0.0882749 0.833333 402.667 0.352941 0.5 0 0
12160 0.0883309 0.833333 403.5 0.34902 0.5 0 0
12170 0.0883309 0.833333 403.5 0.34902 0.5 0 0
12180 0.0879924 0.833333 404.333 0.34902 0.5 0 0
12190 0.0879924 0.833333 404.333 0.34902 0.5 0 0
12200 0.0878795 0.916667 405.25 0.34902 0.5 0 0
12210 0.0878795 0.916667 405.25 0.34902 0.5 0 0
12220 0.0876208 0.916667 406.167 0.34902 0.5 0 0
12230 0.0876208 0.916667 406.167 0.34902 0.5 0 0
12240 0.0870425 0.916667 407.083 0.34902 0.5 0 0
12250 0.0870425 0.916667 407.083 0.34902 0.5 0 0
12260 0.0860169 0.916667 408 0.34902 0.5 0 0
12270 0.0860169 0.916667 408 0.34902 0.5 0 0
12280 0.0853971 0.916667 408.917 0.34902 0.5 0 0
12290 0.0853971 0.916667 408.917 0.34902 0.5 0 0
12300 0.0851985 0.916667 409.833 0.34902 0.5 0 0
12310 0.0851985 0.916667 409.833 0.34902 0.5 0 0
12320 0.0852396 0.833333 410.667 0.34902 0.5 0 0
12330 0.0852396 0.833333 410.667 0.34902 0.5 0 0
12340 0.0854586 0.916667 411.583 0.34902 0.5 0 0
12350 0.0854586 0.916667 411.583 0.34902 0.5 0 0
12360 0.0855321 0.916667 412.5 0.34902 0.5 0 0
12370 0.0855321 0.916667 412.5 0.34902 0.5 0 0
12380 0.0854027 0.916667 413.417 0.34902 0.5 0 0
12390 0.0854027 0.916667 413.417 0.34902 0.5 0 0
12400 0.0851632 0.916667 414.333 0.34902 0.5 0 0
12410 0.0851632 0.916667 414.333 0.352941 0.5 0 0
12420 0.0850643 0.916667 415.25 0.352941 0.5 0 0
12430 0.0850643 0.916667 415.25 0.352941 0.5 0 0
12440 0.0850664 0.916667 416.167 0.352941 0.5 0 0
12450 0.0850664 0.916667 416.167 0.352941 0.5 0 0
12460 0.0852096 0.916667 417.083 0.352941 0.5 0 0
12470 0.0852096 0.916667 417.083 0.352941 0.5 0 0
12480 0.0856623 0.833333 417.917 0.352941 0.5 0 0
12490 0.0856623 0.833333 417.917 0.352941 0.5 0 0
12500 0.085845 0.916667 418.833 0.352941 0.5 0 0
12510 0.085845 0.916667 418.833 0.352941 0.5 0 0
12520 0.0857297 0.833333 419.667 0.352941 0.5 0 0
12530 0.0857297 0.833333 419.667 0.352941 0.5 0 0
12540 0.0856594 0.75 420.417 0.352941 0.5 0 0
12550 0.0856594 0.75 420.417 0.352941 0.5 0 0
12560 0.085624 0.916667 421.333 0.352941 0.5 0 0
12570 0.085624 0.916667 421.333 0.352941 0.5 0 0
12580 0.0855597 0.833333 422.167 0.352941 0.5 0 0
12590 0.0855597 0.833333 422.167 0.352941 0.5 0 0
12600 0.0856041 0.75 422.917 0.352941 0.5 0 0
12610 0.0856041 0.75 422.917 0.352941 0.5 0 0
12620 0.0862205 0.666667 423.583 0.352941 0.5 0 0
12630 0.0862205 0.666667 423.583 0.352941 0.5 0 0
12640 0.0869942 0.666667 424.25 0.352941 0.5 0 0
12650 0.0869942 0.666667 424.25 0.356863 0.5 0 0
12660 0.0866566 0.666667 424.917 0.352941 0.5 0 0
12670 0.0866566 0.666667 424.917 0.356863 0.5 0 0
12680 0.0867265 0.75 425.667 0.356863 0.5 0 0
12690 0.0867265 0.75 425.667 0.352941 0.5 0 0
12700 0.0865724 0.833333 426.5 0.352941 0.5 0 0
12710 0.0865724 0.833333 426.5 0.352941 0.5 0 0
12720 0.0866343 0.916667 427.417 0.356863 0.5 0 0
12730 0.0866343 0.916667 427.417 0.356863 0.5 0 0
12740 0.0865672 0.916667 428.333 0.356863 0.5 0 0
12750 0.0865672 0.916667 428.333 0.356863 0.5 0 0
12760 0.0861672 0.916667 429.25 0.356863 0.5 0 0
12770 0.0861672 0.916667 429.25 0.356863 0.5 0 0
12780 0.0855693 0.916667 430.167 0.356863 0.5 0 0
12790 0.0855693 0.916667 430.167 0.356863 0.5 0 0
12800 0.0851676 0.833333 431 0.356863 0.5 0 0
12810 0.0851676 0.833333 431 0.356863 0.5 0 0
12820 0.0850405 0.833333 431.833 0.356863 0.5 0 0
12830 0.0850405 0.833333 431.833 0.356863 0.5 0 0
12840 0.0848852 0.833333 432.667 0.356863 0.5 0 0
12850 0.0848852 0.833333 432.667 0.360784 0.5 0 0
12860 0.0851094 0.666667 433.333 0.360784 0.5 0 0
12870 0.0851094 0.666667 433.333 0.360784 0.5 0 0
12880 0.0853506 0.666667 434 0.364706 0.5 0 0
12890 0.0853506 0.666667 434 0.364706 0.5 0 0
12900 0.0852934 0.75 434.75 0.364706 0.5 0 0
12910 0.0852934 0.75 434.75 0.360784 0.5 0 0
12920 0.0848486 0.75 435.5 0.360784 0.5 0 0
12930 0.0848486 0.75 435.5 0.360784 0.5 0 0
12940 0.0844536 0.666667 436.167 0.356863 0.5 0 0
12950 0.0844536 0.666667 436.167 0.356863 0.5 0 0
12960 0.0836634 0.75 436.917 0.356863 0.5 0 0
12970 0.0836634 0.75 436.917 0.356863 0.5 0 0
12980 0.0833959 0.75 437.667 0.356863 0.5 0 0
12990 0.0833959 0.75 437.667 0.356863 0.5 0 0
13000 0.0833043 0.75 438.417 0.356863 0.5 0 0
13010 0.0833043 0.75 438.417 0.356863 0.5 0 0
13020 0.0829402 0.833333 439.25 0.356863 0.5 0 0
13030 0.0829402 0.833333 439.25 0.356863 0.5 0 0
13040 0.082731 0.833333 440.083 0.356863 0.5 0 0
13050 0.082731 0.833333 440.083 0.356863 0.5 0 0
13060 0.0826661 0.833333 440.917 0.356863 0.5 0 0
13070 0.0826661 0.833333 440.917 0.356863 0.5 0 0
13080 0.0825812 0.75 441.667 0.356863 0.5 0 0
13090 0.0825812 0.75 441.667 0.356863 0.5 0 0
13100 0.0824744 0.75 442.417 0.356863 0.5 0 0
13110 0.0824744 0.75 442.417 0.356863 0.5 0 0
13120 0.0823945 0.75 443.167 0.356863 0.5 0 0
13130 0.0823945 0.75 443.167 0.356863 0.5 0 0
13140 0.0817121 0.666667 443.833 0.356863 0.5 0 0
13150 0.0817121 0.666667 443.833 0.360784 0.5 0 0
13160 0.0812496 0.666667 444.5 0.360784 0.5 0 0
13170 0.0812496 0.666667 444.5 0.360784 0.5 0 0
13180 0.0812863 0.75 445.25 0.356863 0.5 0 0
13190 0.0812863 0.75 445.25 0.356863 0.5 0 0
13200 0.0811081 0.833333 446.083 0.360784 0.5 0 0
13210 0.0811081 0.833333 446.083 0.360784 0.5 0 0
13220 0.0803889 0.833333 446.917 0.360784 0.5 0 0
13230 0.0803889 0.833333 446.917 0.360784 0.5 0 0
13240 0.079441 0.833333 447.75 0.360784 0.5 0 0
13250 0.079441 0.833333 447.75 0.364706 0.5 0 0
13260 0.0796129 0.583333 448.333 0.364706 0.5 0 0
13270 0.0796129 0.583333 448.333 0.360784 0.5 0 0
13280 0.0790989 0.666667 449 0.360784 0.5 0 0
13290 0.0790989 0.666667 449 0.364706 0.5 0 0
13300 0.0789997 0.666667 449.667 0.364706 0.5 0 0
13310 0.0789997 0.666667 449.667 0.364706 0.5 0 0
13320 0.0784661 0.75 450.417 0.360784 0.5 0 0
13330 0.0784661 0.75 450.417 0.368627 0.5 0 0
13340 0.0783043 0.833333 451.25 0.372549 0.5 0 0
13350 0.0783043 0.833333 451.25 0.380392 0.5 0 0
13360 0.0780639 0.833333 452.083 0.384314 0.5 0 0
13370 0.0780639 0.833333 452.083 0.380392 0.5 0 0
13380 0.0778646 0.833333 452.917 0.384314 0.5 0 0
13390 0.0778646 0.833333 452.917 0.388235 0.5 0 0
13400 0.077568 0.833333 453.75 0.384314 0.5 0 0
13410 0.077568 0.833333 453.75 0.392157 0.5 0 0
13420 0.0771521 0.833333 454.583 0.396078 0.5 0 0
13430 0.0771521 0.833333 454.583 0.4 0.5 0 0
13440 0.0769698 0.666667 455.25 0.4 0.5 0 0
13450 0.0769698 0.666667 455.25 0.4 0.5 0 0
13460 0.0773738 0.583333 455.833 0.4 0.5 0 0
13470 0.0773738 0.583333 455.833 0.403922 0.5 0 0
13480 0.0771796 0.5 456.333 0.4 0.5 0 0
13490 0.0771796 0.5 456.333 0.396078 0.5 0 0
13500 0.0770627 0.5 456.833 0.4 0.5 0 0
13510 0.0770627 0.5 456.833 0.4 0.5 0 0
13520 0.0768432 0.583333 457.417 0.403922 0.5 0 0
13530 0.0768432 0.583333 457.417 0.403922 0.5 0 0
13540 0.0767207 0.666667 458.083 0.407843 0.5 0 0
13550 0.0767207 0.666667 458.083 0.403922 0.5 0 0
13560 0.0766538 0.666667 458.75 0.403922 0.5 0 0
13570 0.0766538 0.666667 458.75 0.403922 0.5 0 0
13580 0.0764901 0.666667 459.417 0.4 0.5 0 0
13590 0.0764901 0.666667 459.417 0.4 0.5 0 0
13600 0.0761567 0.666667 460.083 0.407843 0.5 0 0
13610 0.0761567 0.666667 460.083 0.403922 0.5 0 0
13620 0.075885 0.666667 460.75 0.407843 0.5 0 0
13630 0.075885 0.666667 460.75 0.403922 0.5 0 0
13640 0.0758172 0.666667 461.417 0.407843 0.5 0 0
13650 0.0758172 0.666667 461.417 0.403922 0.5 0 0
13660 0.0757603 0.75 462.167 0.403922 0.5 0 0
13670 0.0757603 0.75 462.167 0.403922 0.5 0 0
13680 0.0756946 0.75 462.917 0.403922 0.5 0 0
13690 0.0756946 0.75 462.917 0.403922 0.5 0 0
13700 0.0756553 0.75 463.667 0.403922 0.5 0 0
13710 0.0756553 0.75 463.667 0.4 0.5 0 0
13720 0.075643 0.75 464.417 0.403922 0.5 0 0
13730 0.075643 0.75 464.417 0.4 0.5 0 0
13740 0.0756376 0.75 465.167 0.403922 0.5 0 0
13750 0.0756376 0.75 465.167 0.407843 0.5 0 0
13760 0.0756349 0.75 465.917 0.403922 0.5 0 0
13770 0.0756349 0.75 465.917 0.403922 0.5 0 0
13780 0.0756637 0.5 466.417 0.403922 0.5 0 0
13790 0.0756637 0.5 466.417 0.407843 0.5 0 0
13800 0.075907 0.5 466.917 0.407843 0.5 0 0
13810 0.075907 0.5 466.917 0.407843 0.5 0 0
13820 0.0764466 0.583333 467.5 0.403922 0.5 0 0
13830 0.0764466 0.583333 467.5 0.403922 0.5 0 0
13840 0.0769758 0.583333 468.083 0.403922 0.5 0 0
13850 0.0769758 0.583333 468.083 0.403922 0.5 0 0
13860 0.0771666 0.583333 468.667 0.403922 0.5 0 0
13870 0.0771666 0.583333 468.667 0.403922 0.5 0 0
13880 0.0772833 0.583333 469.25 0.4 0.5 0 0
13890 0.0772833 0.583333 469.25 0.403922 0.5 0 0
13900 0.0776685 0.583333 469.833 0.4 0.5 0 0
13910 0.0776685 0.583333 469.833 0.396078 0.5 0 0
13920 0.0781023 0.666667 470.5 0.396078 0.5 0 0
13930 0.0781023 0.666667 470.5 0.396078 0.5 0 0
13940 0.0792098 0.666667 471.167 0.388235 0.5 0 0
13950 0.0792098 0.666667 471.167 0.388235 0.5 0 0
13960 0.0802676 0.666667 471.833 0.388235 0.5 0 0
13970 0.0802676 0.666667 471.833 0.384314 0.5 0 0
13980 0.0815367 0.666667 472.5 0.384314 0.5 0 0
13990 0.0815367 0.666667 472.5 0.384314 0.5 0 0
14000 0.082775 0.583333 473.083 0.384314 0.5 0 0
14010 0.082775 0.583333 473.083 0.384314 0.5 0 0
14020 0.0831829 0.666667 473.75 0.384314 0.5 0 0
14030 0.0831829 0.666667 473.75 0.384314 0.5 0 0
14040 0.0839011 0.583333 474.333 0.388235 0.5 0 0
14050 0.0839011 0.583333 474.333 0.388235 0.5 0 0
14060 0.0842437 0.666667 475 0.392157 0.5 0 0
14070 0.0842437 0.666667 475 0.392157 0.5 0 0
14080 0.0842109 0.666667 475.667 0.392157 0.5 0 0
14090 0.0842109 0.666667 475.667 0.388235 0.5 0 0
14100 0.0840654 0.666667 476.333 0.388235 0.5 0 0
14110 0.0840654 0.666667 476.333 0.388235 0.5 0 0
14120 0.0837448 0.666667 477 0.384314 0.5 0 0
14130 0.0837448 0.666667 477 0.384314 0.5 0 0
14140 0.0834838 0.666667 477.667 0.384314 0.5 0 0
14150 0.0834838 0.666667 477.667 0.380392 0.5 0 0
14160 0.0832918 0.583333 478.25 0.380392 0.5 0 0
14170 0.0832918 0.583333 478.25 0.380392 0.5 0 0
14180 0.0831921 0.583333 478.833 0.380392 0.5 0 0
14190 0.0831921 0.583333 478.833 0.380392 0.5 0 0
14200 0.083224 0.583333 479.417 0.380392 0.5 0 0
14210 0.083224 0.583333 479.417 0.380392 0.5 0 0
14220 0.083193 0.583333 480 0.380392 0.5 0 0
14230 0.083193 0.583333 480 0.380392 0.5 0 0
14240 0.0831917 0.666667 480.667 0.380392 0.5 0 0
14250 0.0831917 0.666667 480.667 0.380392 0.5 0 0
14260 0.0833536 0.666667 481.333 0.380392 0.5 0 0
14270 0.0833536 0.666667 481.333 0.380392 0.5 0 0
14280 0.0834474 0.666667 482 0.380392 0.5 0 0
14290 0.0834474 0.666667 482 0.380392 0.5 0 0
14300 0.0834502 0.75 482.75 0.380392 0.5 0 0
14310 0.0834502 0.75 482.75 0.380392 0.5 0 0
14320 0.0833514 0.75 483.5 0.380392 0.5 0 0
14330 0.0833514 0.75 483.5 0.380392 0.5 0 0
14340 0.0833401 0.666667 484.167 0.380392 0.5 0 0
14350 0.0833401 0.666667 484.167 0.380392 0.5 0 0
14360 0.0833466 0.666667 484.833 0.380392 0.5 0 0
14370 0.0833466 0.666667 484.833 0.380392 0.5 0 0
14380 0.0833515 0.666667 485.5 0.380392 0.5 0 0
14390 0.0833515 0.666667 485.5 0.380392 0.5 0 0
14400 0.0833536 0.666667 486.167 0.380392 0.5 0 0
14410 0.0833536 0.666667 486.167 0.380392 0.5 0 0
14420 0.0832647 0.833333 487 0.380392 0.5 0 0
14430 0.0832647 0.833333 487 0.380392 0.5 0 0
14440 0.0832578 0.833333 487.833 0.380392 0.5 0 0
14450 0.0832578 0.833333 487.833 0.380392 0.5 0 0
14460 0.0832502 0.833333 488.667 0.380392 0.5 0 0
14470 0.0832502 0.833333 488.667 0.380392 0.5 0 0
14480 0.0832428 0.75 489.417 0.380392 0.5 0 0
14490 0.0832428 0.75 489.417 0.380392 0.5 0 0
14500 0.0832235 0.75 490.167 0.380392 0.5 0 0
14510 0.0832235 0.75 490.167 0.380392 0.5 0 0
14520 0.0832172 0.75 490.917 0.380392 0.5 0 0
14530 0.0832172 0.75 490.917 0.380392 0.5 0 0
14540 0.0832273 0.75 491.667 0.380392 0.5 0 0
14550 0.0832273 0.75 491.667 0.380392 0.5 0 0
14560 0.0832479 0.75 492.417 0.380392 0.5 0 0
14570 0.0832479 0.75 492.417 0.380392 0.5 0 0
14580 0.0833344 0.75 493.167 0.380392 0.5 0 0
14590 0.0833344 0.75 493.167 0.380392 0.5 0 0
14600 0.083438 0.666667 493.833 0.380392 0.5 0 0
14610 0.083438 0.666667 493.833 0.376471 0.5 0 0
14620 0.0834936 0.75 494.583 0.376471 0.5 0 0
14630 0.0834936 0.75 494.583 0.376471 0.5 0 0
14640 0.0837959 0.833333 495.417 0.376471 0.5 0 0
14650 0.0837959 0.833333 495.417 0.376471 0.5 0 0
14660 0.0838878 0.833333 496.25 0.376471 0.5 0 0
14670 0.0838878 0.833333 496.25 0.376471 0.5 0 0
14680 0.0839127 0.833333 497.083 0.376471 0.5 0 0
14690 0.0839127 0.833333 497.083 0.376471 0.5 0 0
14700 0.0839105 0.833333 497.917 0.376471 0.5 0 0
14710 0.0839105 0.833333 497.917 0.376471 0.5 0 0
14720 0.0839392 0.833333 498.75 0.376471 0.5 0 0
14730 0.0839392 0.833333 498.75 0.376471 0.5 0 0
14740 0.084005 0.833333 499.583 0.376471 0.5 0 0
14750 0.084005 0.833333 499.583 0.376471 0.5 0 0
14760 0.0840014 0.833333 500.417 0.376471 0.5 0 0
14770 0.0840014 0.833333 500.417 0.376471 0.5 0 0
14780 0.08397 0.833333 501.25 0.376471 0.5 0 0
14790 0.08397 0.833333 501.25 0.376471 0.5 0 0
14800 0.0839702 0.833333 502.083 0.376471 0.5 0 0
14810 0.0839702 0.833333 502.083 0.376471 0.5 0 0
14820 0.0839607 0.833333 502.917 0.376471 0.5 0 0
14830 0.0839607 0.833333 502.917 0.376471 0.5 0 0
14840 0.0839192 0.666667 503.583 0.376471 0.5 0 0
14850 0.0839192 0.666667 503.583 0.376471 0.5 0 0
14860 0.0838392 0.833333 504.417 0.376471 0.5 0 0
14870 0.0838392 0.833333 504.417 0.376471 0.5 0 0
14880 0.0838104 0.833333 505.25 0.376471 0.5 0 0
14890 0.0838104 0.833333 505.25 0.376471 0.5 0 0
14900 0.083788 0.833333 506.083 0.376471 0.5 0 0
14910 0.083788 0.833333 506.083 0.376471 0.5 0 0
14920 0.0838005 0.916667 507 0.376471 0.5 0 0
14930 0.0838005 0.916667 507 0.376471 0.5 0 0
14940 0.0837241 0.916667 507.917 0.372549 0.5 0 0
14950 0.0837241 0.916667 507.917 0.372549 0.5 0 0
14960 0.0835476 0.916667 508.833 0.372549 0.5 0 0
14970 0.0835476 0.916667 508.833 0.372549 0.5 0 0
14980 0.0833102 0.916667 509.75 0.372549 0.5 0 0
14990 0.0833102 0.916667 509.75 0.372549 0.5 0 0
15000 0.0831468 0.916667 510.667 0.376471 0.5 0 0
15010 0.0831468 0.916667 510.667 0.372549 0.5 0 0
15020 0.0831793 0.916667 511.583 0.372549 0.5 0 0
15030 0.0831793 0.916667 511.583 0.372549 0.5 0 0
15040 0.0829656 0.833333 512.417 0.372549 0.5 0 0
15050 0.0829656 0.833333 512.417 0.372549 0.5 0 0
15060 0.082432 0.833333 513.25 0.372549 0.5 0 0
15070 0.082432 0.833333 513.25 0.372549 0.5 0 0
15080 0.0820432 1 514.25 0.372549 0.5 0 0
15090 0.0820432 1 514.25 0.376471 0.5 0 0
15100 0.0820314 0.916667 515.167 0.372549 0.5 0 0
15110 0.0820314 0.916667 515.167 0.372549 0.5 0 0
15120 0.0820584 0.916667 516.083 0.372549 0.5 0 0
15130 0.0820584 0.916667 516.083 0.372549 0.5 0 0
15140 0.0819948 0.916667 517 0.372549 0.5 0 0
15150 0.0819948 0.916667 517 0.372549 0.5 0 0
15160 0.0819764 0.916667 517.917 0.372549 0.5 0 0
15170 0.0819764 0.916667 517.917 0.372549 0.5 0 0
15180 0.0819305 0.916667 518.833 0.372549 0.5 0 0
15190 0.0819305 0.916667 518.833 0.372549 0.5 0 0
15200 0.0819543 0.833333 519.667 0.372549 0.5 0 0
15210 0.0819543 0.833333 519.667 0.372549 0.5 0 0
15220 0.0819581 0.833333 520.5 0.372549 0.5 0 0
15230 0.0819581 0.833333 520.5 0.372549 0.5 0 0
15240 0.0819603 0.833333 521.333 0.372549 0.5 0 0
15250 0.0819603 0.833333 521.333 0.372549 0.5 0 0
15260 0.0819654 0.75 522.083 0.372549 0.5 0 0
15270 0.0819654 0.75 522.083 0.372549 0.5 0 0
15280 0.0820237 0.75 522.833 0.372549 0.5 0 0
15290 0.0820237 0.75 522.833 0.372549 0.5 0 0
15300 0.0817629 0.833333 523.667 0.372549 0.5 0 0
15310 0.0817629 0.833333 523.667 0.372549 0.5 0 0
15320 0.0813581 0.916667 524.583 0.372549 0.5 0 0
15330 0.0813581 0.916667 524.583 0.372549 0.5 0 0
15340 0.0811804 0.916667 525.5 0.372549 0.5 0 0
15350 0.0811804 0.916667 525.5 0.372549 0.5 0 0
15360 0.0811597 1 526.5 0.372549 0.5 0 0
15370 0.0811597 1 526.5 0.372549 0.5 0 0
15380 0.0812373 1 527.5 0.372549 0.5 0 0
15390 0.0812373 1 527.5 0.372549 0.5 0 0
15400 0.0812101 1 528.5 0.372549 0.5 0 0
15410 0.0812101 1 528.5 0.372549 0.5 0 0
15420 0.0812116 0.833333 529.333 0.372549 0.5 0 0
15430 0.0812116 0.833333 529.333 0.372549 0.5 0 0
15440 0.081226 0.833333 530.167 0.372549 0.5 0 0
15450 0.081226 0.833333 530.167 0.372549 0.5 0 0
15460 0.0812327 0.833333 531 0.372549 0.5 0 0
15470 0.0812327 0.833333 531 0.372549 0.5 0 0
15480 0.0812392 0.833333 531.833 0.368627 0.5 0 0
15490 0.0812392 0.833333 531.833 0.372549 0.5 0 0
15500 0.0812935 0.5 532.333 0.372549 0.5 0 0
15510 0.0812935 0.5 532.333 0.372549 0.5 0 0
15520 0.0812225 0.666667 533 0.372549 0.5 0 0
15530 0.0812225 0.666667 533 0.372549 0.5 0 0
15540 0.0805871 0.75 533.75 0.372549 0.5 0 0
15550 0.0805871 0.75 533.75 0.372549 0.5 0 0
15560 0.0804724 0.75 534.5 0.372549 0.5 0 0
15570 0.0804724 0.75 534.5 0.372549 0.5 0 0
15580 0.0794343 0.833333 535.333 0.376471 0.5 0 0
15590 0.0794343 0.833333 535.333 0.376471 0.5 0 0
15600 0.0788574 0.833333 536.167 0.376471 0.5 0 0
15610 0.0788574 0.833333 536.167 0.372549 0.5 0 0
15620 0.0788615 0.833333 537 0.376471 0.5 0 0
15630 0.0788615 0.833333 537 0.372549 0.5 0 0
15640 0.078862 0.833333 537.833 0.372549 0.5 0 0
15650 0.078862 0.833333 537.833 0.372549 0.5 0 0
15660 0.0788719 0.75 538.583 0.372549 0.5 0 0
15670 0.0788719 0.75 538.583 0.372549 0.5 0 0
15680 0.0788773 0.75 539.333 0.372549 0.5 0 0
15690 0.0788773 0.75 539.333 0.372549 0.5 0 0
15700 0.0788885 0.75 540.083 0.372549 0.5 0 0
15710 0.0788885 0.75 540.083 0.372549 0.5 0 0
15720 0.0788511 0.75 540.833 0.372549 0.5 0 0
15730 0.0788511 0.75 540.833 0.372549 0.5 0 0
15740 0.0788042 0.75 541.583 0.372549 0.5 0 0
15750 0.0788042 0.75 541.583 0.372549 0.5 0 0
15760 0.0787858 0.75 542.333 0.372549 0.5 0 0
15770 0.0787858 0.75 542.333 0.372549 0.5 0 0
15780 0.0787614 0.75 543.083 0.372549 0.5 0 0
15790 0.0787614 0.75 543.083 0.368627 0.5 0 0
15800 0.0787636 0.75 543.833 0.372549 0.5 0 0
15810 0.0787636 0.75 543.833 0.368627 0.5 0 0
15820 0.0787674 0.75 544.583 0.372549 0.5 0 0
15830 0.0787674 0.75 544.583 0.368627 0.5 0 0
15840 0.0787685 0.583333 545.167 0.368627 0.5 0 0
15850 0.0787685 0.583333 545.167 0.368627 0.5 0 0
15860 0.0787814 0.666667 545.833 0.368627 0.5 0 0
15870 0.0787814 0.666667 545.833 0.368627 0.5 0 0
15880 0.0787878 0.75 546.583 0.368627 0.5 0 0
15890 0.0787878 0.75 546.583 0.368627 0.5 0 0
15900 0.0787918 0.75 547.333 0.368627 0.5 0 0
15910 0.0787918 0.75 547.333 0.368627 0.5 0 0
15920 0.078818 0.75 548.083 0.368627 0.5 0 0
15930 0.078818 0.75 548.083 0.368627 0.5 0 0
15940 0.078892 0.75 548.833 0.368627 0.5 0 0
15950 0.078892 0.75 548.833 0.368627 0.5 0 0
15960 0.078968 0.75 549.583 0.368627 0.5 0 0
15970 0.078968 0.75 549.583 0.368627 0.5 0 0
15980 0.0790464 0.75 550.333 0.368627 0.5 0 0
15990 0.0790464 0.75 550.333 0.368627 0.5 0 0
16000 0.0791253 0.666667 551 0.368627 0.5 0 0
16010 0.0791253 0.666667 551 0.368627 0.5 0 0
16020 0.0792035 0.75 551.75 0.368627 0.5 0 0
16030 0.0792035 0.75 551.75 0.368627 0.5 0 0
16040 0.0792806 0.75 552.5 0.368627 0.5 0 0
16050 0.0792806 0.75 552.5 0.364706 0.5 0 0
16060 0.0793525 0.75 553.25 0.368627 0.5 0 0
16070 0.0793525 0.75 553.25 0.364706 0.5 0 0
16080 0.0794262 0.75 554 0.368627 0.5 0 0
16090 0.0794262 0.75 554 0.364706 0.5 0 0
16100 0.0794903 0.75 554.75 0.364706 0.5 0 0
16110 0.0794903 0.75 554.75 0.364706 0.5 0 0
16120 0.0795477 0.75 555.5 0.364706 0.5 0 0
16130 0.0795477 0.75 555.5 0.364706 0.5 0 0
16140 0.0795812 0.666667 556.167 0.364706 0.5 0 0
16150 0.0795812 0.666667 556.167 0.364706 0.5 0 0
16160 0.079638 0.666667 556.833 0.364706 0.5 0 0
16170 0.079638 0.666667 556.833 0.364706 0.5 0 0
16180 0.079709 0.666667 557.5 0.364706 0.5 0 0
16190 0.079709 0.666667 557.5 0.364706 0.5 0 0
16200 0.0797828 0.75 558.25 0.364706 0.5 0 0
16210 0.0797828 0.75 558.25 0.364706 0.5 0 0
16220 0.079723 0.75 559 0.364706 0.5 0 0
16230 0.079723 0.75 559 0.364706 0.5 0 0
16240 0.0797565 0.75 559.75 0.360784 0.5 0 0
16250 0.0797565 0.75 559.75 0.360784 0.5 0 0
16260 0.0798629 0.75 560.5 0.360784 0.5 0 0
16270 0.0798629 0.75 560.5 0.360784 0.5 0 0
16280 0.079874 0.75 561.25 0.360784 0.5 0 0
16290 0.079874 0.75 561.25 0.364706 0.5 0 0
16300 0.0798953 0.75 562 0.360784 0.5 0 0
16310 0.0798953 0.75 562 0.360784 0.5 0 0
16320 0.0799211 0.75 562.75 0.364706 0.5 0 0
16330 0.0799211 0.75 562.75 0.364706 0.5 0 0
16340 0.0799673 0.5 563.25 0.360784 0.5 0 0
16350 0.0799673 0.5 563.25 0.360784 0.5 0 0
16360 0.0800157 0.5 563.75 0.360784 0.5 0 0
16370 0.0800157 0.5 563.75 0.360784 0.5 0 0
16380 0.079669 0.583333 564.333 0.364706 0.5 0 0
16390 0.079669 0.583333 564.333 0.364706 0.5 0 0
16400 0.0793836 0.666667 565 0.364706 0.5 0 0
16410 0.0793836 0.666667 565 0.364706 0.5 0 0
16420 0.0793492 0.666667 565.667 0.364706 0.5 0 0
16430 0.0793492 0.666667 565.667 0.364706 0.5 0 0
16440 0.0793484 0.666667 566.333 0.364706 0.5 0 0
16450 0.0793484 0.666667 566.333 0.364706 0.5 0 0
16460 0.0793584 0.666667 567 0.364706 0.5 0 0
16470 0.0793584 0.666667 567 0.364706 0.5 0 0
16480 0.0793715 0.666667 567.667 0.364706 0.5 0 0
16490 0.0793715 0.666667 567.667 0.364706 0.5 0 0
16500 0.0793989 0.666667 568.333 0.364706 0.5 0 0
16510 0.0793989 0.666667 568.333 0.364706 0.5 0 0
16520 0.0794083 0.583333 568.917 0.364706 0.5 0 0
16530 0.0794083 0.583333 568.917 0.364706 0.5 0 0
16540 0.0794365 0.666667 569.583 0.364706 0.5 0 0
16550 0.0794365 0.666667 569.583 0.364706 0.5 0 0
16560 0.0798521 0.666667 570.25 0.364706 0.5 0 0
16570 0.0798521 0.666667 570.25 0.364706 0.5 0 0
16580 0.0801749 0.666667 570.917 0.364706 0.5 0 0
16590 0.0801749 0.666667 570.917 0.364706 0.5 0 0
16600 0.0804965 0.666667 571.583 0.364706 0.5 0 0
16610 0.0804965 0.666667 571.583 0.364706 0.5 0 0
16620 0.0807472 0.666667 572.25 0.364706 0.5 0 0
16630 0.0807472 0.666667 572.25 0.364706 0.5 0 0
16640 0.0808769 0.583333 572.833 0.364706 0.5 0 0
16650 0.0808769 0.583333 572.833 0.364706 0.5 0 0
16660 0.0809858 0.666667 573.5 0.368627 0.5 0 0
16670 0.0809858 0.666667 573.5 0.364706 0.5 0 0
16680 0.0809908 0.666667 574.167 0.364706 0.5 0 0
16690 0.0809908 0.666667 574.167 0.364706 0.5 0 0
16700 0.0809957 0.666667 574.833 0.364706 0.5 0 0
16710 0.0809957 0.666667 574.833 0.368627 0.5 0 0
16720 0.0810147 0.583333 575.417 0.364706 0.5 0 0
16730 0.0810147 0.583333 575.417 0.364706 0.5 0 0
16740 0.0810231 0.583333 576 0.364706 0.5 0 0
16750 0.0810231 0.583333 576 0.364706 0.5 0 0
16760 0.0810339 0.583333 576.583 0.364706 0.5 0 0
16770 0.0810339 0.583333 576.583 0.364706 0.5 0 0
16780 0.0810359 0.5 577.083 0.364706 0.5 0 0
16790 0.0810359 0.5 577.083 0.368627 0.5 0 0
16800 0.0810421 0.5 577.583 0.368627 0.5 0 0
16810 0.0810421 0.5 577.583 0.368627 0.5 0 0
16820 0.0810647 0.5 578.083 0.364706 0.5 0 0
16830 0.0810647 0.5 578.083 0.364706 0.5 0 0
16840 0.0810813 0.5 578.583 0.364706 0.5 0 0
16850 0.0810813 0.5 578.583 0.368627 0.5 0 0
16860 0.0810917 0.5 579.083 0.364706 0.5 0 0
16870 0.0810917 0.5 579.083 0.364706 0.5 0 0
16880 0.0811031 0.75 579.833 0.364706 0.5 0 0
16890 0.0811031 0.75 579.833 0.364706 0.5 0 0
16900 0.0811188 0.75 580.583 0.364706 0.5 0 0
16910 0.0811188 0.75 580.583 0.364706 0.5 0 0
16920 0.0811245 0.75 581.333 0.364706 0.5 0 0
16930 0.0811245 0.75 581.333 0.364706 0.5 0 0
16940 0.0811506 0.75 582.083 0.364706 0.5 0 0
16950 0.0811506 0.75 582.083 0.364706 0.5 0 0
16960 0.0811682 0.75 582.833 0.364706 0.5 0 0
16970 0.0811682 0.75 582.833 0.364706 0.5 0 0
16980 0.0811948 0.75 583.583 0.364706 0.5 0 0
16990 0.0811948 0.75 583.583 0.364706 0.5 0 0
17000 0.0812151 0.75 584.333 0.364706 0.5 0 0
17010 0.0812151 0.75 584.333 0.364706 0.5 0 0
17020 0.0812382 0.75 585.083 0.364706 0.5 0 0
17030 0.0812382 0.75 585.083 0.364706 0.5 0 0
17040 0.0812578 0.75 585.833 0.364706 0.5 0 0
17050 0.0812578 0.75 585.833 0.364706 0.5 0 0
17060 0.0812813 0.75 586.583 0.364706 0.5 0 0
17070 0.0812813 0.75 586.583 0.364706 0.5 0 0
17080 0.0812975 0.833333 587.417 0.364706 0.5 0 0
17090 0.0812975 0.833333 587.417 0.364706 0.5 0 0
17100 0.0813236 0.833333 588.25 0.364706 0.5 0 0
17110 0.0813236 0.833333 588.25 0.364706 0.5 0 0
17120 0.0813471 0.833333 589.083 0.364706 0.5 0 0
17130 0.0813471 0.833333 589.083 0.364706 0.5 0 0
17140 0.0813557 0.833333 589.917 0.364706 0.5 0 0
17150 0.0813557 0.833333 589.917 0.364706 0.5 0 0
17160 0.0813538 0.833333 590.75 0.364706 0.5 0 0
17170 0.0813538 0.833333 590.75 0.364706 0.5 0 0
17180 0.0813648 0.833333 591.583 0.364706 0.5 0 0
17190 0.0813648 0.833333 591.583 0.364706 0.5 0 0
17200 0.0813873 0.75 592.333 0.364706 0.5 0 0
17210 0.0813873 0.75 592.333 0.364706 0.5 0 0
17220 0.0814083 0.75 593.083 0.364706 0.5 0 0
17230 0.0814083 0.75 593.083 0.364706 0.5 0 0
17240 0.081361 0.833333 593.917 0.364706 0.5 0 0
17250 0.081361 0.833333 593.917 0.364706 0.5 0 0
17260 0.0813492 0.833333 594.75 0.364706 0.5 0 0
17270 0.0813492 0.833333 594.75 0.364706 0.5 0 0
17280 0.081323 0.833333 595.583 0.364706 0.5 0 0
17290 0.081323 0.833333 595.583 0.364706 0.5 0 0
17300 0.0813353 0.833333 596.417 0.364706 0.5 0 0
17310 0.0813353 0.833333 596.417 0.364706 0.5 0 0
17320 0.0813554 0.833333 597.25 0.364706 0.5 0 0
17330 0.0813554 0.833333 597.25 0.364706 0.5 0 0
17340 0.0813738 0.666667 597.917 0.364706 0.5 0 0
17350 0.0813738 0.666667 597.917 0.364706 0.5 0 0
17360 0.0809788 0.666667 598.583 0.364706 0.5 0 0
17370 0.0809788 0.666667 598.583 0.364706 0.5 0 0
17380 0.080916 0.666667 599.25 0.364706 0.5 0 0
17390 0.080916 0.666667 599.25 0.364706 0.5 0 0
17400 0.0808953 0.666667 599.917 0.364706 0.5 0 0
17410 0.0808953 0.666667 599.917 0.364706 0.5 0 0
17420 0.080927 0.75 600.667 0.364706 0.5 0 0
17430 0.080927 0.75 600.667 0.364706 0.5 0 0
17440 0.0809451 0.75 601.417 0.364706 0.5 0 0
17450 0.0809451 0.75 601.417 0.364706 0.5 0 0
17460 0.0809681 0.75 602.167 0.364706 0.5 0 0
17470 0.0809681 0.75 602.167 0.364706 0.5 0 0
17480 0.0809803 0.75 602.917 0.364706 0.5 0 0
17490 0.0809803 0.75 602.917 0.364706 0.5 0 0
17500 0.0809653 0.75 603.667 0.364706 0.5 0 0
17510 0.0809653 0.75 603.667 0.364706 0.5 0 0
17520 0.0809519 0.583333 604.25 0.364706 0.5 0 0
17530 0.0809519 0.583333 604.25 0.364706 0.5 0 0
17540 0.0809817 0.666667 604.917 0.364706 0.5 0 0
17550 0.0809817 0.666667 604.917 0.364706 0.5 0 0
17560 0.080989 0.75 605.667 0.364706 0.5 0 0
17570 0.080989 0.75 605.667 0.364706 0.5 0 0
17580 0.0809943 0.75 606.417 0.364706 0.5 0 0
17590 0.0809943 0.75 606.417 0.364706 0.5 0 0
17600 0.081003 0.75 607.167 0.364706 0.5 0 0
17610 0.081003 0.75 607.167 0.364706 0.5 0 0
17620 0.0809919 0.75 607.917 0.364706 0.5 0 0
17630 0.0809919 0.75 607.917 0.364706 0.5 0 0
17640 0.0809847 0.833333 608.75 0.364706 0.5 0 0
17650 0.0809847 0.833333 608.75 0.364706 0.5 0 0
17660 0.080977 0.833333 609.583 0.364706 0.5 0 0
17670 0.080977 0.833333 609.583 0.364706 0.5 0 0
17680 0.0810344 0.833333 610.417 0.364706 0.5 0 0
17690 0.0810344 0.833333 610.417 0.364706 0.5 0 0
17700 0.0811152 0.833333 611.25 0.364706 0.5 0 0
17710 0.0811152 0.833333 611.25 0.364706 0.5 0 0
17720 0.0811287 0.833333 612.083 0.364706 0.5 0 0
17730 0.0811287 0.833333 612.083 0.364706 0.5 0 0
17740 0.0811241 0.833333 612.917 0.364706 0.5 0 0
17750 0.0811241 0.833333 612.917 0.364706 0.5 0 0
17760 0.0811213 0.833333 613.75 0.364706 0.5 0 0
17770 0.0811213 0.833333 613.75 0.364706 0.5 0 0
17780 0.0811382 0.833333 614.583 0.364706 0.5 0 0
17790 0.0811382 0.833333 614.583 0.364706 0.5 0 0
17800 0.0811655 0.833333 615.417 0.364706 0.5 0 0
17810 0.0811655 0.833333 615.417 0.364706 0.5 0 0
17820 0.0811942 0.75 616.167 0.364706 0.5 0 0
17830 0.0811942 0.75 616.167 0.364706 0.5 0 0
17840 0.0812168 0.75 616.917 0.364706 0.5 0 0
17850 0.0812168 0.75 616.917 0.364706 0.5 0 0
17860 0.0811616 0.75 617.667 0.364706 0.5 0 0
17870 0.0811616 0.75 617.667 0.360784 0.5 0 0
17880 0.0808413 0.75 618.417 0.360784 0.5 0 0
17890 0.0808413 0.75 618.417 0.364706 0.5 0 0
17900 0.080704 0.75 619.167 0.364706 0.5 0 0
17910 0.080704 0.75 619.167 0.360784 0.5 0 0
17920 0.0806887 0.75 619.917 0.364706 0.5 0 0
17930 0.0806887 0.75 619.917 0.364706 0.5 0 0
17940 0.0806953 0.75 620.667 0.364706 0.5 0 0
17950 0.0806953 0.75 620.667 0.364706 0.5 0 0
17960 0.0806877 0.75 621.417 0.364706 0.5 0 0
17970 0.0806877 0.75 621.417 0.360784 0.5 0 0
17980 0.0806861 0.75 622.167 0.364706 0.5 0 0
17990 0.0806861 0.75 622.167 0.364706 0.5 0 0
18000 0.0806886 0.75 622.917 0.364706 0.5 0 0
18010 0.0806886 0.75 622.917 0.360784 0.5 0 0
18020 0.0806794 0.75 623.667 0.360784 0.5 0 0
18030 0.0806794 0.75 623.667 0.360784 0.5 0 0
18040 0.0806857 0.75 624.417 0.360784 0.5 0 0
18050 0.0806857 0.75 624.417 0.360784 0.5 0 0
18060 0.0806971 0.75 625.167 0.360784 0.5 0 0
18070 0.0806971 0.75 625.167 0.360784 0.5 0 0
18080 0.0806944 0.75 625.917 0.360784 0.5 0 0
18090 0.0806944 0.75 625.917 0.360784 0.5 0 0
18100 0.0806573 0.583333 626.5 0.360784 0.5 0 0
18110 0.0806573 0.583333 626.5 0.360784 0.5 0 0
18120 0.0803994 0.666667 627.167 0.360784 0.5 0 0
18130 0.0803994 0.666667 627.167 0.360784 0.5 0 0
18140 0.0804037 0.666667 627.833 0.360784 0.5 0 0
18150 0.0804037 0.666667 627.833 0.360784 0.5 0 0
18160 0.0804228 0.666667 628.5 0.360784 0.5 0 0
18170 0.0804228 0.666667 628.5 0.360784 0.5 0 0
18180 0.0804418 0.666667 629.167 0.360784 0.5 0 0
18190 0.0804418 0.666667 629.167 0.360784 0.5 0 0
18200 0.0804617 0.666667 629.833 0.360784 0.5 0 0
18210 0.0804617 0.666667 629.833 0.360784 0.5 0 0
18220 0.0804785 0.666667 630.5 0.360784 0.5 0 0
18230 0.0804785 0.666667 630.5 0.360784 0.5 0 0
18240 0.080513 0.666667 631.167 0.360784 0.5 0 0
18250 0.080513 0.666667 631.167 0.360784 0.5 0 0
18260 0.0805526 0.666667 631.833 0.360784 0.5 0 0
18270 0.0805526 0.666667 631.833 0.360784 0.5 0 0
18280 0.0806014 0.666667 632.5 0.360784 0.5 0 0
18290 0.0806014 0.666667 632.5 0.360784 0.5 0 0
18300 0.0805915 0.666667 633.167 0.360784 0.5 0 0
18310 0.0805915 0.666667 633.167 0.360784 0.5 0 0
18320 0.0806597 0.666667 633.833 0.360784 0.5 0 0
18330 0.0806597 0.666667 633.833 0.360784 0.5 0 0
18340 0.080464 0.583333 634.417 0.360784 0.5 0 0
18350 0.080464 0.583333 634.417 0.360784 0.5 0 0
18360 0.0804744 0.583333 635 0.360784 0.5 0 0
18370 0.0804744 0.583333 635 0.360784 0.5 0 0
18380 0.0805236 0.583333 635.583 0.360784 0.5 0 0
18390 0.0805236 0.583333 635.583 0.360784 0.5 0 0
18400 0.0805393 0.583333 636.167 0.360784 0.5 0 0
18410 0.0805393 0.583333 636.167 0.360784 0.5 0 0
18420 0.0805699 0.583333 636.75 0.360784 0.5 0 0
18430 0.0805699 0.583333 636.75 0.360784 0.5 0 0
18440 0.0806181 0.583333 637.333 0.360784 0.5 0 0
18450 0.0806181 0.583333 637.333 0.360784 0.5 0 0
18460 0.0806675 0.583333 637.917 0.360784 0.5 0 0
18470 0.0806675 0.583333 637.917 0.360784 0.5 0 0
18480 0.0806977 0.666667 638.583 0.360784 0.5 0 0
18490 0.0806977 0.666667 638.583 0.360784 0.5 0 0
18500 0.0807486 0.666667 639.25 0.360784 0.5 0 0
18510 0.0807486 0.666667 639.25 0.360784 0.5 0 0
18520 0.080796 0.583333 639.833 0.360784 0.5 0 0
18530 0.080796 0.583333 639.833 0.360784 0.5 0 0
18540 0.0808405 0.583333 640.417 0.360784 0.5 0 0
18550 0.0808405 0.583333 640.417 0.360784 0.5 0 0
18560 0.0808702 0.583333 641 0.360784 0.5 0 0
18570 0.0808702 0.583333 641 0.360784 0.5 0 0
18580 0.0809131 0.5 641.5 0.360784 0.5 0 0
18590 0.0809131 0.5 641.5 0.360784 0.5 0 0
18600 0.080988 0.416667 641.917 0.360784 0.5 0 0
18610 0.080988 0.416667 641.917 0.360784 0.5 0 0
18620 0.0811623 0.5 642.417 0.356863 0.5 0 0
18630 0.0811623 0.5 642.417 0.356863 0.5 0 0
18640 0.0812889 0.583333 643 0.356863 0.5 0 0
18650 0.0812889 0.583333 643 0.356863 0.5 0 0
18660 0.0813556 0.583333 643.583 0.356863 0.5 0 0
18670 0.0813556 0.583333 643.583 0.356863 0.5 0 0
18680 0.0814021 0.583333 644.167 0.352941 0.5 0 0
18690 0.0814021 0.583333 644.167 0.352941 0.5 0 0
18700 0.0814525 0.583333 644.75 0.356863 0.5 0 0
18710 0.0814525 0.583333 644.75 0.352941 0.5 0 0
18720 0.0814961 0.583333 645.333 0.352941 0.5 0 0
18730 0.0814961 0.583333 645.333 0.356863 0.5 0 0
18740 0.0815369 0.5 645.833 0.352941 0.5 0 0
18750 0.0815369 0.5 645.833 0.352941 0.5 0 0
18760 0.0815879 0.5 646.333 0.352941 0.5 0 0
18770 0.0815879 0.5 646.333 0.352941 0.5 0 0
18780 0.0817004 0.583333 646.917 0.352941 0.5 0 0
18790 0.0817004 0.583333 646.917 0.352941 0.5 0 0
18800 0.0819207 0.583333 647.5 0.352941 0.5 0 0
18810 0.0819207 0.583333 647.5 0.352941 0.5 0 0
18820 0.081984 0.583333 648.083 0.352941 0.5 0 0
18830 0.081984 0.583333 648.083 0.352941 0.5 0 0
18840 0.0820417 0.666667 648.75 0.352941 0.5 0 0
18850 0.0820417 0.666667 648.75 0.352941 0.5 0 0
18860 0.0820961 0.666667 649.417 0.352941 0.5 0 0
18870 0.0820961 0.666667 649.417 0.352941 0.5 0 0
18880 0.0821451 0.666667 650.083 0.352941 0.5 0 0
18890 0.0821451 0.666667 650.083 0.352941 0.5 0 0
18900 0.0821886 0.666667 650.75 0.352941 0.5 0 0
18910 0.0821886 0.666667 650.75 0.352941 0.5 0 0
18920 0.0822286 0.666667 651.417 0.352941 0.5 0 0
18930 0.0822286 0.666667 651.417 0.352941 0.5 0 0
18940 0.0822625 0.666667 652.083 0.352941 0.5 0 0
18950 0.0822625 0.666667 652.083 0.352941 0.5 0 0
18960 0.0822961 0.583333 652.667 0.352941 0.5 0 0
18970 0.0822961 0.583333 652.667 0.352941 0.5 0 0
18980 0.0823367 0.666667 653.333 0.352941 0.5 0 0
18990 0.0823367 0.666667 653.333 0.352941 0.5 0 0
19000 0.0823422 0.666667 654 0.34902 0.5 0 0
19010 0.0823422 0.666667 654 0.352941 0.5 0 0
19020 0.0823007 0.666667 654.667 0.352941 0.5 0 0
19030 0.0823007 0.666667 654.667 0.352941 0.5 0 0
19040 0.0822578 0.666667 655.333 0.352941 0.5 0 0
19050 0.0822578 0.666667 655.333 0.352941 0.5 0 0
19060 0.0822199 0.666667 656 0.352941 0.5 0 0
19070 0.0822199 0.666667 656 0.352941 0.5 0 0
19080 0.0822085 0.666667 656.667 0.34902 0.5 0 0
19090 0.0822085 0.666667 656.667 0.34902 0.5 0 0
19100 0.0822065 0.666667 657.333 0.352941 0.5 0 0
19110 0.0822065 0.666667 657.333 0.352941 0.5 0 0
19120 0.0822156 0.666667 658 0.34902 0.5 0 0
19130 0.0822156 0.666667 658 0.352941 0.5 0 0
19140 0.0822252 0.666667 658.667 0.352941 0.5 0 0
19150 0.0822252 0.666667 658.667 0.352941 0.5 0 0
19160 0.0822478 0.666667 659.333 0.352941 0.5 0 0
19170 0.0822478 0.666667 659.333 0.34902 0.5 0 0
19180 0.0822318 0.583333 659.917 0.352941 0.5 0 0
19190 0.0822318 0.583333 659.917 0.352941 0.5 0 0
19200 0.0820686 0.583333 660.5 0.352941 0.5 0 0
19210 0.0820686 0.583333 660.5 0.352941 0.5 0 0
19220 0.0820587 0.583333 661.083 0.352941 0.5 0 0
19230 0.0820587 0.583333 661.083 0.352941 0.5 0 0
19240 0.0820552 0.583333 661.667 0.352941 0.5 0 0
19250 0.0820552 0.583333 661.667 0.352941 0.5 0 0
19260 0.0820708 0.416667 662.083 0.352941 0.5 0 0
19270 0.0820708 0.416667 662.083 0.352941 0.5 0 0
19280 0.0821581 0.583333 662.667 0.352941 0.5 0 0
19290 0.0821581 0.583333 662.667 0.352941 0.5 0 0
19300 0.0821945 0.583333 663.25 0.352941 0.5 0 0
19310 0.0821945 0.583333 663.25 0.352941 0.5 0 0
19320 0.0822136 0.583333 663.833 0.352941 0.5 0 0
19330 0.0822136 0.583333 663.833 0.352941 0.5 0 0
19340 0.0822386 0.583333 664.417 0.352941 0.5 0 0
19350 0.0822386 0.583333 664.417 0.352941 0.5 0 0
19360 0.0822695 0.583333 665 0.352941 0.5 0 0
19370 0.0822695 0.583333 665 0.352941 0.5 0 0
19380 0.0822895 0.583333 665.583 0.352941 0.5 0 0
19390 0.0822895 0.583333 665.583 0.352941 0.5 0 0
19400 0.0822998 0.583333 666.167 0.352941 0.5 0 0
19410 0.0822998 0.583333 666.167 0.352941 0.5 0 0
19420 0.0823133 0.583333 666.75 0.352941 0.5 0 0
19430 0.0823133 0.583333 666.75 0.352941 0.5 0 0
19440 0.0823394 0.583333 667.333 0.352941 0.5 0 0
19450 0.0823394 0.583333 667.333 0.352941 0.5 0 0
19460 0.0823712 0.5 667.833 0.352941 0.5 0 0
19470 0.0823712 0.5 667.833 0.352941 0.5 0 0
19480 0.0822766 0.5 668.333 0.352941 0.5 0 0
19490 0.0822766 0.5 668.333 0.352941 0.5 0 0
19500 0.0822173 0.416667 668.75 0.352941 0.5 0 0
19510 0.0822173 0.416667 668.75 0.34902 0.5 0 0
19520 0.0824859 0.416667 669.167 0.34902 0.5 0 0
19530 0.0824859 0.416667 669.167 0.345098 0.5 0 0
19540 0.0825799 0.333333 669.5 0.345098 0.5 0 0
19550 0.0825799 0.333333 669.5 0.34902 0.5 0 0
19560 0.0840312 0.166667 669.667 0.34902 0.5 0 0
19570 0.0840312 0.166667 669.667 0.34902 0.5 0 0
19580 0.0845696 0.166667 669.833 0.34902 0.5 0 0
19590 0.0845696 0.166667 669.833 0.34902 0.5 0 0
19600 0.0848879 0.333333 670.167 0.352941 0.5 0 0
19610 0.0848879 0.333333 670.167 0.352941 0.5 0 0
19620 0.085064 0.333333 670.5 0.352941 0.5 0 0
19630 0.085064 0.333333 670.5 0.352941 0.5 0 0
19640 0.0851673 0.416667 670.917 0.34902 0.5 0 0
19650 0.0851673 0.416667 670.917 0.352941 0.5 0 0
19660 0.0851948 0.5 671.417 0.34902 0.5 0 0
19670 0.0851948 0.5 671.417 0.34902 0.5 0 0
19680 0.0852219 0.5 671.917 0.352941 0.5 0 0
19690 0.0852219 0.5 671.917 0.352941 0.5 0 0
19700 0.0852395 0.5 672.417 0.352941 0.5 0 0
19710 0.0852395 0.5 672.417 0.34902 0.5 0 0
19720 0.0852176 0.5 672.917 0.352941 0.5 0 0
19730 0.0852176 0.5 672.917 0.34902 0.5 0 0
19740 0.0846498 0.5 673.417 0.345098 0.5 0 0
19750 0.0846498 0.5 673.417 0.345098 0.5 0 0
19760 0.0841936 0.583333 674 0.345098 0.5 0 0
19770 0.0841936 0.583333 674 0.345098 0.5 0 0
19780 0.0835015 0.583333 674.583 0.345098 0.5 0 0
19790 0.0835015 0.583333 674.583 0.345098 0.5 0 0
19800 0.0832883 0.583333 675.167 0.345098 0.5 0 0
19810 0.0832883 0.583333 675.167 0.345098 0.5 0 0
19820 0.0829184 0.583333 675.75 0.345098 0.5 0 0
19830 0.0829184 0.583333 675.75 0.345098 0.5 0 0
19840 0.0824747 0.416667 676.167 0.345098 0.5 0 0
19850 0.0824747 0.416667 676.167 0.345098 0.5 0 0
19860 0.0824496 0.583333 676.75 0.345098 0.5 0 0
19870 0.0824496 0.583333 676.75 0.345098 0.5 0 0
19880 0.0824659 0.583333 677.333 0.345098 0.5 0 0
19890 0.0824659 0.583333 677.333 0.345098 0.5 0 0
19900 0.0824804 0.583333 677.917 0.345098 0.5 0 0
19910 0.0824804 0.583333 677.917 0.345098 0.5 0 0
19920 0.0824969 0.583333 678.5 0.345098 0.5 0 0
19930 0.0824969 0.583333 678.5 0.345098 0.5 0 0
19940 0.0825766 0.583333 679.083 0.345098 0.5 0 0
19950 0.0825766 0.583333 679.083 0.345098 0.5 0 0
19960 0.0825898 0.583333 679.667 0.345098 0.5 0 0
19970 0.0825898 0.583333 679.667 0.345098 0.5 0 0
19980 0.0826048 0.333333 680 0.345098 0.5 0 0
19990 0.0826048 0.333333 680 0.345098 0.5 0 0
20000 0.0826196 0.333333 680.333 0.345098 0.5 0 0
20010 0.0826196 0.333333 680.333 0.345098 0.5 0 0
