0 0.114316 0 0 0.5 0.5 0 0
10 0.114316 0 0 0.623529 0.5 0 0
20 0.114573 0.666667 0.666667 0.741176 0.5 0 0
30 0.114573 0.666667 0.666667 0.631373 0.5 0 0
40 0.114734 0.666667 1.33333 0.698039 0.5 0 0
50 0.114734 0.666667 1.33333 0.686275 0.5 0 0
60 0.113692 0.666667 2 0.643137 0.5 0 0
70 0.113692 0.666667 2 0.760784 0.5 0 0
80 0.113084 0.666667 2.66667 0.627451 0.5 0 0
90 0.113084 0.666667 2.66667 0.666667 0.5 0 0
100 0.111675 0.666667 3.33333 0.666667 0.5 0 0
110 0.111675 0.666667 3.33333 0.756863 0.5 0 0
120 0.111048 0.333333 3.66667 0.756863 0.5 0 0
130 0.111048 0.333333 3.66667 0.678431 0.5 0 0
140 0.111112 0.25 3.91667 0.678431 0.5 0 0
150 0.111112 0.25 3.91667 0.756863 0.5 0 0
160 0.111734 0.166667 4.08333 0.635294 0.5 0 0
170 0.111734 0.166667 4.08333 0.737255 0.5 0 0
180 0.111826 0.333333 4.41667 0.678431 0.5 0 0
190 0.111826 0.333333 4.41667 0.666667 0.5 0 0
200 0.111696 0.333333 4.75 0.611765 0.5 0 0
210 0.111696 0.333333 4.75 0.627451 0.5 0 0
220 0.111733 0.333333 5.08333 0.741176 0.5 0 0
230 0.111733 0.333333 5.08333 0.686275 0.5 0 0
240 0.11213 0.333333 5.41667 0.686275 0.5 0 0
250 0.11213 0.333333 5.41667 0.760784 0.5 0 0
260 0.112307 0.333333 5.75 0.662745 0.5 0 0
270 0.112307 0.333333 5.75 0.615686 0.5 0 0
280 0.11243 0.333333 6.08333 0.580392 0.5 0 0
290 0.11243 0.333333 6.08333 0.537255 0.5 0 0
300 0.112972 0.333333 6.41667 0.517647 0.5 0 0
310 0.112972 0.333333 6.41667 0.505882 0.5 0 0
320 0.11393 0.333333 6.75 0.494118 0.5 0 0
330 0.11393 0.333333 6.75 0.490196 0.5 0 0
340 0.114397 0.333333 7.08333 0.486275 0.5 0 0
350 0.114397 0.333333 7.08333 0.486275 0.5 0 0
360 0.114918 0.166667 7.25 0.478431 0.5 0 0
370 0.114918 0.166667 7.25 0.47451 0.5 0 0
380 0.115003 0.25 7.5 0.462745 0.5 0 0
390 0.115003 0.25 7.5 0.462745 0.5 0 0
400 0.115176 0.25 7.75 0.462745 0.5 0 0
410 0.115176 0.25 7.75 0.462745 0.5 0 0
420 0.115378 0.25 8 0.462745 0.5 0 0
430 0.115378 0.25 8 0.462745 0.5 0 0
440 0.115629 0.25 8.25 0.462745 0.5 0 0
450 0.115629 0.25 8.25 0.462745 0.5 0 0
460 0.11575 0.416667 8.66667 0.462745 0.5 0 0
470 0.11575 0.416667 8.66667 0.462745 0.5 0 0
480 0.115892 0.416667 9.08333 0.462745 0.5 0 0
490 0.115892 0.416667 9.08333 0.462745 0.5 0 0
500 0.116012 0.333333 9.41667 0.462745 0.5 0 0
510 0.116012 0.333333 9.41667 0.462745 0.5 0 0
520 0.116003 0.416667 9.83333 0.462745 0.5 0 0
530 0.116003 0.416667 9.83333 0.462745 0.5 0 0
540 0.116007 0.416667 10.25 0.462745 0.5 0 0
550 0.116007 0.416667 10.25 0.462745 0.5 0 0
560 0.116009 0.416667 10.6667 0.462745 0.5 0 0
570 0.116009 0.416667 10.6667 0.462745 0.5 0 0
580 0.116012 0.416667 11.0833 0.462745 0.5 0 0
590 0.116012 0.416667 11.0833 0.462745 0.5 0 0
600 0.116015 0.416667 11.5 0.462745 0.5 0 0
610 0.116015 0.416667 11.5 0.462745 0.5 0 0
620 0.116011 0.25 11.75 0.462745 0.5 0 0
630 0.116011 0.25 11.75 0.458824 0.5 0 0
640 0.116654 0.666667 12.4167 0.454902 0.5 0 0
650 0.116654 0.666667 12.4167 0.45098 0.5 0 0
660 0.117489 0.75 13.1667 0.45098 0.5 0 0
670 0.117489 0.75 13.1667 0.45098 0.5 0 0
680 0.117756 0.75 13.9167 0.454902 0.5 0 0
690 0.117756 0.75 13.9167 0.454902 0.5 0 0
700 0.117981 0.75 14.6667 0.454902 0.5 0 0
710 0.117981 0.75 14.6667 0.454902 0.5 0 0
720 0.118137 0.75 15.4167 0.454902 0.5 0 0
730 0.118137 0.75 15.4167 0.45098 0.5 0 0
740 0.118598 0.583333 16 0.443137 0.5 0 0
750 0.118598 0.583333 16 0.439216 0.5 0 0
760 0.118911 0.5 16.5 0.439216 0.5 0 0
770 0.118911 0.5 16.5 0.439216 0.5 0 0
780 0.11845 0.666667 17.1667 0.439216 0.5 0 0
790 0.11845 0.666667 17.1667 0.454902 0.5 0 0
800 0.118005 0.666667 17.8333 0.439216 0.5 0 0
810 0.118005 0.666667 17.8333 0.439216 0.5 0 0
820 0.117972 0.75 18.5833 0.439216 0.5 0 0
830 0.117972 0.75 18.5833 0.439216 0.5 0 0
840 0.117951 1 19.5833 0.439216 0.5 0 0
850 0.117951 1 19.5833 0.439216 0.5 0 0
860 0.117946 1 20.5833 0.439216 0.5 0 0
870 0.117946 1 20.5833 0.439216 0.5 0 0
880 0.117855 1 21.5833 0.439216 0.5 0 0
890 0.117855 1 21.5833 0.439216 0.5 0 0
900 0.117807 1 22.5833 0.443137 0.5 0 0
910 0.117807 1 22.5833 0.443137 0.5 0 0
920 0.117794 1 23.5833 0.439216 0.5 0 0
930 0.117794 1 23.5833 0.439216 0.5 0 0
940 0.117787 0.916667 24.5 0.443137 0.5 0 0
950 0.117787 0.916667 24.5 0.439216 0.5 0 0
960 0.117849 0.916667 25.4167 0.439216 0.5 0 0
970 0.117849 0.916667 25.4167 0.45098 0.5 0 0
980 0.118311 0.916667 26.3333 0.439216 0.5 0 0
990 0.118311 0.916667 26.3333 0.439216 0.5 0 0
1000 0.118327 0.916667 27.25 0.439216 0.5 0 0
1010 0.118327 0.916667 27.25 0.439216 0.5 0 0
1020 0.11758 0.916667 28.1667 0.439216 0.5 0 0
1030 0.11758 0.916667 28.1667 0.439216 0.5 0 0
1040 0.117061 0.833333 29 0.439216 0.5 0 0
1050 0.117061 0.833333 29 0.439216 0.5 0 0
1060 0.116535 0.833333 29.8333 0.439216 0.5 0 0
1070 0.116535 0.833333 29.8333 0.443137 0.5 0 0
1080 0.116208 0.916667 30.75 0.439216 0.5 0 0
1090 0.116208 0.916667 30.75 0.439216 0.5 0 0
1100 0.116014 0.916667 31.6667 0.439216 0.5 0 0
1110 0.116014 0.916667 31.6667 0.439216 0.5 0 0
1120 0.115936 0.916667 32.5833 0.439216 0.5 0 0
1130 0.115936 0.916667 32.5833 0.439216 0.5 0 0
1140 0.115701 0.916667 33.5 0.439216 0.5 0 0
1150 0.115701 0.916667 33.5 0.439216 0.5 0 0
1160 0.115278 0.916667 34.4167 0.439216 0.5 0 0
1170 0.115278 0.916667 34.4167 0.439216 0.5 0 0
1180 0.114813 0.916667 35.3333 0.439216 0.5 0 0
1190 0.114813 0.916667 35.3333 0.439216 0.5 0 0
1200 0.114745 0.916667 36.25 0.439216 0.5 0 0
1210 0.114745 0.916667 36.25 0.439216 0.5 0 0
1220 0.114743 0.916667 37.1667 0.439216 0.5 0 0
1230 0.114743 0.916667 37.1667 0.439216 0.5 0 0
1240 0.114734 0.916667 38.0833 0.439216 0.5 0 0
1250 0.114734 0.916667 38.0833 0.439216 0.5 0 0
1260 0.114557 0.916667 39 0.439216 0.5 0 0
1270 0.114557 0.916667 39 0.439216 0.5 0 0
1280 0.114439 0.916667 39.9167 0.439216 0.5 0 0
1290 0.114439 0.916667 39.9167 0.439216 0.5 0 0
1300 0.114281 0.833333 40.75 0.439216 0.5 0 0
1310 0.114281 0.833333 40.75 0.439216 0.5 0 0
1320 0.11335 0.833333 41.5833 0.447059 0.5 0 0
1330 0.11335 0.833333 41.5833 0.447059 0.5 0 0
1340 0.112865 0.833333 42.4167 0.447059 0.5 0 0
1350 0.112865 0.833333 42.4167 0.447059 0.5 0 0
1360 0.112632 0.833333 43.25 0.447059 0.5 0 0
1370 0.112632 0.833333 43.25 0.447059 0.5 0 0
1380 0.112466 0.75 44 0.447059 0.5 0 0
1390 0.112466 0.75 44 0.447059 0.5 0 0
1400 0.112344 0.666667 44.6667 0.447059 0.5 0 0
1410 0.112344 0.666667 44.6667 0.447059 0.5 0 0
1420 0.112246 0.583333 45.25 0.447059 0.5 0 0
1430 0.112246 0.583333 45.25 0.447059 0.5 0 0
1440 0.112092 0.666667 45.9167 0.447059 0.5 0 0
1450 0.112092 0.666667 45.9167 0.447059 0.5 0 0
1460 0.112058 0.916667 46.8333 0.447059 0.5 0 0
1470 0.112058 0.916667 46.8333 0.447059 0.5 0 0
1480 0.112035 0.833333 47.6667 0.447059 0.5 0 0
1490 0.112035 0.833333 47.6667 0.447059 0.5 0 0
1500 0.112017 0.833333 48.5 0.447059 0.5 0 0
1510 0.112017 0.833333 48.5 0.443137 0.5 0 0
1520 0.112 0.833333 49.3333 0.447059 0.5 0 0
1530 0.112 0.833333 49.3333 0.447059 0.5 0 0
1540 0.111984 0.75 50.0833 0.447059 0.5 0 0
1550 0.111984 0.75 50.0833 0.447059 0.5 0 0
1560 0.111876 0.666667 50.75 0.447059 0.5 0 0
1570 0.111876 0.666667 50.75 0.447059 0.5 0 0
1580 0.111823 0.666667 51.4167 0.447059 0.5 0 0
1590 0.111823 0.666667 51.4167 0.447059 0.5 0 0
1600 0.1118 0.75 52.1667 0.447059 0.5 0 0
1610 0.1118 0.75 52.1667 0.447059 0.5 0 0
1620 0.1118 0.75 52.9167 0.447059 0.5 0 0
1630 0.1118 0.75 52.9167 0.447059 0.5 0 0
1640 0.1118 0.75 53.6667 0.443137 0.5 0 0
1650 0.1118 0.75 53.6667 0.447059 0.5 0 0
1660 0.1118 0.583333 54.25 0.447059 0.5 0 0
1670 0.1118 0.583333 54.25 0.447059 0.5 0 0
1680 0.111441 0.75 55 0.443137 0.5 0 0
1690 0.111441 0.75 55 0.447059 0.5 0 0
1700 0.111073 0.833333 55.8333 0.447059 0.5 0 0
1710 0.111073 0.833333 55.8333 0.447059 0.5 0 0
1720 0.111073 0.833333 56.6667 0.447059 0.5 0 0
1730 0.111073 0.833333 56.6667 0.447059 0.5 0 0
1740 0.111004 0.833333 57.5 0.447059 0.5 0 0
1750 0.111004 0.833333 57.5 0.447059 0.5 0 0
1760 0.110991 0.833333 58.3333 0.447059 0.5 0 0
1770 0.110991 0.833333 58.3333 0.447059 0.5 0 0
1780 0.110976 0.833333 59.1667 0.443137 0.5 0 0
1790 0.110976 0.833333 59.1667 0.447059 0.5 0 0
1800 0.110894 0.666667 59.8333 0.447059 0.5 0 0
1810 0.110894 0.666667 59.8333 0.447059 0.5 0 0
1820 0.110746 0.666667 60.5 0.447059 0.5 0 0
1830 0.110746 0.666667 60.5 0.447059 0.5 0 0
1840 0.110683 0.666667 61.1667 0.447059 0.5 0 0
1850 0.110683 0.666667 61.1667 0.447059 0.5 0 0
1860 0.110667 0.666667 61.8333 0.447059 0.5 0 0
1870 0.110667 0.666667 61.8333 0.447059 0.5 0 0
1880 0.110247 0.666667 62.5 0.443137 0.5 0 0
1890 0.110247 0.666667 62.5 0.447059 0.5 0 0
1900 0.109812 0.666667 63.1667 0.443137 0.5 0 0
1910 0.109812 0.666667 63.1667 0.447059 0.5 0 0
1920 0.109713 0.666667 63.8333 0.447059 0.5 0 0
1930 0.109713 0.666667 63.8333 0.447059 0.5 0 0
1940 0.109636 0.666667 64.5 0.443137 0.5 0 0
1950 0.109636 0.666667 64.5 0.447059 0.5 0 0
1960 0.109346 0.583333 65.0833 0.447059 0.5 0 0
1970 0.109346 0.583333 65.0833 0.447059 0.5 0 0
1980 0.109332 0.583333 65.6667 0.447059 0.5 0 0
1990 0.109332 0.583333 65.6667 0.443137 0.5 0 0
2000 0.109082 0.416667 66.0833 0.447059 0.5 0 0
2010 0.109082 0.416667 66.0833 0.447059 0.5 0 0
2020 0.109523 0.416667 66.5 0.447059 0.5 0 0
2030 0.109523 0.416667 66.5 0.447059 0.5 0 0
2040 0.1099 0.416667 66.9167 0.447059 0.5 0 0
2050 0.1099 0.416667 66.9167 0.447059 0.5 0 0
2060 0.109913 0.583333 67.5 0.447059 0.5 0 0
2070 0.109913 0.583333 67.5 0.447059 0.5 0 0
2080 0.109773 0.5 68 0.447059 0.5 0 0
2090 0.109773 0.5 68 0.447059 0.5 0 0
2100 0.109467 0.583333 68.5833 0.447059 0.5 0 0
2110 0.109467 0.583333 68.5833 0.447059 0.5 0 0
2120 0.109451 0.583333 69.1667 0.447059 0.5 0 0
2130 0.109451 0.583333 69.1667 0.447059 0.5 0 0
2140 0.109451 0.583333 69.75 0.447059 0.5 0 0
2150 0.109451 0.583333 69.75 0.447059 0.5 0 0
2160 0.109446 0.583333 70.3333 0.447059 0.5 0 0
2170 0.109446 0.583333 70.3333 0.447059 0.5 0 0
2180 0.109811 0.416667 70.75 0.447059 0.5 0 0
2190 0.109811 0.416667 70.75 0.447059 0.5 0 0
2200 0.110703 0.333333 71.0833 0.447059 0.5 0 0
2210 0.110703 0.333333 71.0833 0.45098 0.5 0 0
2220 0.111259 0.5 71.5833 0.45098 0.5 0 0
2230 0.111259 0.5 71.5833 0.45098 0.5 0 0
2240 0.111613 0.583333 72.1667 0.45098 0.5 0 0
2250 0.111613 0.583333 72.1667 0.447059 0.5 0 0
2260 0.11207 0.416667 72.5833 0.443137 0.5 0 0
2270 0.11207 0.416667 72.5833 0.439216 0.5 0 0
2280 0.111898 0.5 73.0833 0.435294 0.5 0 0
2290 0.111898 0.5 73.0833 0.431373 0.5 0 0
2300 0.111945 0.5 73.5833 0.427451 0.5 0 0
2310 0.111945 0.5 73.5833 0.427451 0.5 0 0
2320 0.11203 0.5 74.0833 0.427451 0.5 0 0
2330 0.11203 0.5 74.0833 0.423529 0.5 0 0
2340 0.112036 0.5 74.5833 0.427451 0.5 0 0
2350 0.112036 0.5 74.5833 0.423529 0.5 0 0
2360 0.112035 0.583333 75.1667 0.427451 0.5 0 0
2370 0.112035 0.583333 75.1667 0.427451 0.5 0 0
2380 0.111691 0.583333 75.75 0.427451 0.5 0 0
2390 0.111691 0.583333 75.75 0.427451 0.5 0 0
2400 0.11168 0.5 76.25 0.423529 0.5 0 0
2410 0.11168 0.5 76.25 0.423529 0.5 0 0
2420 0.111606 0.583333 76.8333 0.423529 0.5 0 0
2430 0.111606 0.583333 76.8333 0.427451 0.5 0 0
2440 0.111576 0.583333 77.4167 0.427451 0.5 0 0
2450 0.111576 0.583333 77.4167 0.427451 0.5 0 0
2460 0.11155 0.583333 78 0.427451 0.5 0 0
2470 0.11155 0.583333 78 0.427451 0.5 0 0
2480 0.111535 0.583333 78.5833 0.423529 0.5 0 0
2490 0.111535 0.583333 78.5833 0.423529 0.5 0 0
2500 0.111522 0.583333 79.1667 0.427451 0.5 0 0
2510 0.111522 0.583333 79.1667 0.427451 0.5 0 0
2520 0.11147 0.416667 79.5833 0.423529 0.5 0 0
2530 0.11147 0.416667 79.5833 0.423529 0.5 0 0
2540 0.111405 0.416667 80 0.427451 0.5 0 0
2550 0.111405 0.416667 80 0.427451 0.5 0 0
2560 0.111314 0.416667 80.4167 0.427451 0.5 0 0
2570 0.111314 0.416667 80.4167 0.423529 0.5 0 0
2580 0.111311 0.5 80.9167 0.427451 0.5 0 0
2590 0.111311 0.5 80.9167 0.427451 0.5 0 0
2600 0.111415 0.5 81.4167 0.427451 0.5 0 0
2610 0.111415 0.5 81.4167 0.427451 0.5 0 0
2620 0.111426 0.5 81.9167 0.427451 0.5 0 0
2630 0.111426 0.5 81.9167 0.423529 0.5 0 0
2640 0.111548 0.5 82.4167 0.427451 0.5 0 0
2650 0.111548 0.5 82.4167 0.427451 0.5 0 0
2660 0.111551 0.5 82.9167 0.427451 0.5 0 0
2670 0.111551 0.5 82.9167 0.427451 0.5 0 0
2680 0.111551 0.5 83.4167 0.427451 0.5 0 0
2690 0.111551 0.5 83.4167 0.423529 0.5 0 0
2700 0.111551 0.333333 83.75 0.427451 0.5 0 0
2710 0.111551 0.333333 83.75 0.427451 0.5 0 0
2720 0.111551 0.666667 84.4167 0.427451 0.5 0 0
2730 0.111551 0.666667 84.4167 0.427451 0.5 0 0
2740 0.110632 0.75 85.1667 0.423529 0.5 0 0
2750 0.110632 0.75 85.1667 0.427451 0.5 0 0
2760 0.110167 0.75 85.9167 0.423529 0.5 0 0
2770 0.110167 0.75 85.9167 0.423529 0.5 0 0
2780 0.110611 0.75 86.6667 0.427451 0.5 0 0
2790 0.110611 0.75 86.6667 0.427451 0.5 0 0
2800 0.111271 0.75 87.4167 0.431373 0.5 0 0
2810 0.111271 0.75 87.4167 0.431373 0.5 0 0
2820 0.111508 0.75 88.1667 0.431373 0.5 0 0
2830 0.111508 0.75 88.1667 0.427451 0.5 0 0
2840 0.11173 0.75 88.9167 0.427451 0.5 0 0
2850 0.11173 0.75 88.9167 0.423529 0.5 0 0
2860 0.111965 0.75 89.6667 0.419608 0.5 0 0
2870 0.111965 0.75 89.6667 0.419608 0.5 0 0
2880 0.112239 0.666667 90.3333 0.415686 0.5 0 0
2890 0.112239 0.666667 90.3333 0.415686 0.5 0 0
2900 0.112339 0.75 91.0833 0.415686 0.5 0 0
2910 0.112339 0.75 91.0833 0.415686 0.5 0 0
2920 0.112623 0.75 91.8333 0.415686 0.5 0 0
2930 0.112623 0.75 91.8333 0.415686 0.5 0 0
2940 0.112628 0.666667 92.5 0.415686 0.5 0 0
2950 0.112628 0.666667 92.5 0.415686 0.5 0 0
2960 0.112541 0.666667 93.1667 0.415686 0.5 0 0
2970 0.112541 0.666667 93.1667 0.415686 0.5 0 0
2980 0.112458 0.583333 93.75 0.415686 0.5 0 0
2990 0.112458 0.583333 93.75 0.415686 0.5 0 0
3000 0.112401 0.666667 94.4167 0.415686 0.5 0 0
3010 0.112401 0.666667 94.4167 0.415686 0.5 0 0
3020 0.112315 0.833333 95.25 0.415686 0.5 0 0
3030 0.112315 0.833333 95.25 0.415686 0.5 0 0
3040 0.111931 0.833333 96.0833 0.415686 0.5 0 0
3050 0.111931 0.833333 96.0833 0.415686 0.5 0 0
3060 0.111876 0.833333 96.9167 0.415686 0.5 0 0
3070 0.111876 0.833333 96.9167 0.415686 0.5 0 0
3080 0.111868 0.833333 97.75 0.415686 0.5 0 0
3090 0.111868 0.833333 97.75 0.415686 0.5 0 0
3100 0.111828 0.833333 98.5833 0.415686 0.5 0 0
3110 0.111828 0.833333 98.5833 0.415686 0.5 0 0
3120 0.111771 0.833333 99.4167 0.415686 0.5 0 0
3130 0.111771 0.833333 99.4167 0.415686 0.5 0 0
3140 0.111762 0.666667 100.083 0.415686 0.5 0 0
3150 0.111762 0.666667 100.083 0.415686 0.5 0 0
3160 0.111752 0.666667 100.75 0.415686 0.5 0 0
3170 0.111752 0.666667 100.75 0.415686 0.5 0 0
3180 0.111744 0.75 101.5 0.415686 0.5 0 0
3190 0.111744 0.75 101.5 0.415686 0.5 0 0
3200 0.111731 0.75 102.25 0.415686 0.5 0 0
3210 0.111731 0.75 102.25 0.415686 0.5 0 0
3220 0.111727 0.75 103 0.415686 0.5 0 0
3230 0.111727 0.75 103 0.415686 0.5 0 0
3240 0.111725 0.75 103.75 0.415686 0.5 0 0
3250 0.111725 0.75 103.75 0.415686 0.5 0 0
3260 0.111725 0.75 104.5 0.415686 0.5 0 0
3270 0.111725 0.75 104.5 0.415686 0.5 0 0
3280 0.111723 0.75 105.25 0.415686 0.5 0 0
3290 0.111723 0.75 105.25 0.415686 0.5 0 0
3300 0.111568 0.75 106 0.415686 0.5 0 0
3310 0.111568 0.75 106 0.415686 0.5 0 0
3320 0.111418 0.833333 106.833 0.415686 0.5 0 0
3330 0.111418 0.833333 106.833 0.415686 0.5 0 0
3340 0.111419 0.833333 107.667 0.415686 0.5 0 0
3350 0.111419 0.833333 107.667 0.415686 0.5 0 0
3360 0.111419 0.833333 108.5 0.415686 0.5 0 0
3370 0.111419 0.833333 108.5 0.415686 0.5 0 0
3380 0.11143 0.833333 109.333 0.415686 0.5 0 0
3390 0.11143 0.833333 109.333 0.415686 0.5 0 0
3400 0.111832 0.75 110.083 0.415686 0.5 0 0
3410 0.111832 0.75 110.083 0.415686 0.5 0 0
3420 0.112045 0.583333 110.667 0.415686 0.5 0 0
3430 0.112045 0.583333 110.667 0.415686 0.5 0 0
3440 0.112637 0.583333 111.25 0.411765 0.5 0 0
3450 0.112637 0.583333 111.25 0.411765 0.5 0 0
3460 0.114226 0.583333 111.833 0.411765 0.5 0 0
3470 0.114226 0.583333 111.833 0.411765 0.5 0 0
3480 0.114938 0.75 112.583 0.415686 0.5 0 0
3490 0.114938 0.75 112.583 0.415686 0.5 0 0
3500 0.114993 0.75 113.333 0.415686 0.5 0 0
3510 0.114993 0.75 113.333 0.415686 0.5 0 0
3520 0.115083 0.666667 114 0.415686 0.5 0 0
3530 0.115083 0.666667 114 0.411765 0.5 0 0
3540 0.115092 0.666667 114.667 0.407843 0.5 0 0
3550 0.115092 0.666667 114.667 0.407843 0.5 0 0
3560 0.115056 0.75 115.417 0.407843 0.5 0 0
3570 0.115056 0.75 115.417 0.407843 0.5 0 0
3580 0.115024 0.833333 116.25 0.407843 0.5 0 0
3590 0.115024 0.833333 116.25 0.407843 0.5 0 0
3600 0.115154 0.833333 117.083 0.407843 0.5 0 0
3610 0.115154 0.833333 117.083 0.407843 0.5 0 0
3620 0.115336 0.833333 117.917 0.407843 0.5 0 0
3630 0.115336 0.833333 117.917 0.407843 0.5 0 0
3640 0.115319 0.833333 118.75 0.407843 0.5 0 0
3650 0.115319 0.833333 118.75 0.407843 0.5 0 0
3660 0.11439 0.916667 119.667 0.407843 0.5 0 0
3670 0.11439 0.916667 119.667 0.407843 0.5 0 0
3680 0.114052 0.916667 120.583 0.407843 0.5 0 0
3690 0.114052 0.916667 120.583 0.407843 0.5 0 0
3700 0.114031 0.916667 121.5 0.407843 0.5 0 0
3710 0.114031 0.916667 121.5 0.407843 0.5 0 0
3720 0.114034 0.916667 122.417 0.407843 0.5 0 0
3730 0.114034 0.916667 122.417 0.407843 0.5 0 0
3740 0.114014 0.916667 123.333 0.407843 0.5 0 0
3750 0.114014 0.916667 123.333 0.407843 0.5 0 0
3760 0.114003 0.833333 124.167 0.407843 0.5 0 0
3770 0.114003 0.833333 124.167 0.407843 0.5 0 0
3780 0.113983 0.833333 125 0.407843 0.5 0 0
3790 0.113983 0.833333 125 0.407843 0.5 0 0
3800 0.113964 0.833333 125.833 0.407843 0.5 0 0
3810 0.113964 0.833333 125.833 0.407843 0.5 0 0
3820 0.113956 0.75 126.583 0.407843 0.5 0 0
3830 0.113956 0.75 126.583 0.407843 0.5 0 0
3840 0.113951 0.916667 127.5 0.407843 0.5 0 0
3850 0.113951 0.916667 127.5 0.407843 0.5 0 0
3860 0.113919 0.75 128.25 0.407843 0.5 0 0
3870 0.113919 0.75 128.25 0.407843 0.5 0 0
3880 0.11391 0.833333 129.083 0.407843 0.5 0 0
3890 0.11391 0.833333 129.083 0.407843 0.5 0 0
3900 0.113908 0.833333 129.917 0.407843 0.5 0 0
3910 0.113908 0.833333 129.917 0.407843 0.5 0 0
3920 0.113903 0.833333 130.75 0.407843 0.5 0 0
3930 0.113903 0.833333 130.75 0.407843 0.5 0 0
3940 0.113896 0.916667 131.667 0.407843 0.5 0 0
3950 0.113896 0.916667 131.667 0.407843 0.5 0 0
3960 0.113888 0.75 132.417 0.407843 0.5 0 0
3970 0.113888 0.75 132.417 0.407843 0.5 0 0
3980 0.113868 0.916667 133.333 0.407843 0.5 0 0
3990 0.113868 0.916667 133.333 0.407843 0.5 0 0
4000 0.113857 0.916667 134.25 0.407843 0.5 0 0
4010 0.113857 0.916667 134.25 0.407843 0.5 0 0
4020 0.113858 0.916667 135.167 0.407843 0.5 0 0
4030 0.113858 0.916667 135.167 0.407843 0.5 0 0
4040 0.113877 0.916667 136.083 0.407843 0.5 0 0
4050 0.113877 0.916667 136.083 0.407843 0.5 0 0
4060 0.113878 0.916667 137 0.407843 0.5 0 0
4070 0.113878 0.916667 137 0.407843 0.5 0 0
4080 0.113884 0.916667 137.917 0.407843 0.5 0 0
4090 0.113884 0.916667 137.917 0.407843 0.5 0 0
4100 0.113883 0.75 138.667 0.407843 0.5 0 0
4110 0.113883 0.75 138.667 0.407843 0.5 0 0
4120 0.113891 0.75 139.417 0.407843 0.5 0 0
4130 0.113891 0.75 139.417 0.407843 0.5 0 0
4140 0.113888 0.916667 140.333 0.407843 0.5 0 0
4150 0.113888 0.916667 140.333 0.407843 0.5 0 0
4160 0.113886 0.916667 141.25 0.407843 0.5 0 0
4170 0.113886 0.916667 141.25 0.407843 0.5 0 0
4180 0.113899 0.833333 142.083 0.407843 0.5 0 0
4190 0.113899 0.833333 142.083 0.407843 0.5 0 0
4200 0.113908 0.75 142.833 0.407843 0.5 0 0
4210 0.113908 0.75 142.833 0.407843 0.5 0 0
4220 0.113915 0.75 143.583 0.407843 0.5 0 0
4230 0.113915 0.75 143.583 0.407843 0.5 0 0
4240 0.11392 0.833333 144.417 0.407843 0.5 0 0
4250 0.11392 0.833333 144.417 0.407843 0.5 0 0
4260 0.113922 0.833333 145.25 0.407843 0.5 0 0
4270 0.113922 0.833333 145.25 0.407843 0.5 0 0
4280 0.113923 0.833333 146.083 0.407843 0.5 0 0
4290 0.113923 0.833333 146.083 0.407843 0.5 0 0
4300 0.113929 0.666667 146.75 0.407843 0.5 0 0
4310 0.113929 0.666667 146.75 0.407843 0.5 0 0
4320 0.113931 0.833333 147.583 0.407843 0.5 0 0
4330 0.113931 0.833333 147.583 0.407843 0.5 0 0
4340 0.11393 0.75 148.333 0.407843 0.5 0 0
4350 0.11393 0.75 148.333 0.407843 0.5 0 0
4360 0.11393 0.75 149.083 0.407843 0.5 0 0
4370 0.11393 0.75 149.083 0.407843 0.5 0 0
4380 0.113929 0.75 149.833 0.407843 0.5 0 0
4390 0.113929 0.75 149.833 0.407843 0.5 0 0
4400 0.113542 0.833333 150.667 0.407843 0.5 0 0
4410 0.113542 0.833333 150.667 0.407843 0.5 0 0
4420 0.113094 0.833333 151.5 0.407843 0.5 0 0
4430 0.113094 0.833333 151.5 0.407843 0.5 0 0
4440 0.113074 0.666667 152.167 0.407843 0.5 0 0
4450 0.113074 0.666667 152.167 0.407843 0.5 0 0
4460 0.113068 0.666667 152.833 0.407843 0.5 0 0
4470 0.113068 0.666667 152.833 0.407843 0.5 0 0
4480 0.113064 0.833333 153.667 0.407843 0.5 0 0
4490 0.113064 0.833333 153.667 0.407843 0.5 0 0
4500 0.113062 0.833333 154.5 0.407843 0.5 0 0
4510 0.113062 0.833333 154.5 0.407843 0.5 0 0
4520 0.113062 0.75 155.25 0.407843 0.5 0 0
4530 0.113062 0.75 155.25 0.407843 0.5 0 0
4540 0.113034 0.75 156 0.407843 0.5 0 0
4550 0.113034 0.75 156 0.407843 0.5 0 0
4560 0.112891 0.833333 156.833 0.407843 0.5 0 0
4570 0.112891 0.833333 156.833 0.407843 0.5 0 0
4580 0.11288 0.833333 157.667 0.407843 0.5 0 0
4590 0.11288 0.833333 157.667 0.407843 0.5 0 0
4600 0.11288 0.916667 158.583 0.407843 0.5 0 0
4610 0.11288 0.916667 158.583 0.407843 0.5 0 0
4620 0.112874 0.916667 159.5 0.407843 0.5 0 0
4630 0.112874 0.916667 159.5 0.407843 0.5 0 0
4640 0.112874 0.916667 160.417 0.407843 0.5 0 0
4650 0.112874 0.916667 160.417 0.407843 0.5 0 0
4660 0.112874 0.916667 161.333 0.407843 0.5 0 0
4670 0.112874 0.916667 161.333 0.407843 0.5 0 0
4680 0.112901 0.75 162.083 0.407843 0.5 0 0
4690 0.112901 0.75 162.083 0.407843 0.5 0 0
4700 0.112935 0.916667 163 0.407843 0.5 0 0
4710 0.112935 0.916667 163 0.407843 0.5 0 0
4720 0.112936 0.916667 163.917 0.407843 0.5 0 0
4730 0.112936 0.916667 163.917 0.407843 0.5 0 0
4740 0.112937 0.916667 164.833 0.407843 0.5 0 0
4750 0.112937 0.916667 164.833 0.407843 0.5 0 0
4760 0.112939 0.916667 165.75 0.407843 0.5 0 0
4770 0.112939 0.916667 165.75 0.407843 0.5 0 0
4780 0.112941 0.916667 166.667 0.407843 0.5 0 0
4790 0.112941 0.916667 166.667 0.407843 0.5 0 0
4800 0.112942 0.833333 167.5 0.407843 0.5 0 0
4810 0.112942 0.833333 167.5 0.407843 0.5 0 0
4820 0.112928 0.75 168.25 0.407843 0.5 0 0
4830 0.112928 0.75 168.25 0.407843 0.5 0 0
4840 0.112865 0.75 169 0.407843 0.5 0 0
4850 0.112865 0.75 169 0.407843 0.5 0 0
4860 0.11285 0.75 169.75 0.407843 0.5 0 0
4870 0.11285 0.75 169.75 0.407843 0.5 0 0
4880 0.112849 0.75 170.5 0.407843 0.5 0 0
4890 0.112849 0.75 170.5 0.407843 0.5 0 0
4900 0.112849 0.75 171.25 0.407843 0.5 0 0
4910 0.112849 0.75 171.25 0.407843 0.5 0 0
4920 0.112849 0.75 172 0.407843 0.5 0 0
4930 0.112849 0.75 172 0.407843 0.5 0 0
4940 0.112849 0.75 172.75 0.407843 0.5 0 0
4950 0.112849 0.75 172.75 0.407843 0.5 0 0
4960 0.112849 0.75 173.5 0.407843 0.5 0 0
4970 0.112849 0.75 173.5 0.407843 0.5 0 0
4980 0.112849 0.75 174.25 0.407843 0.5 0 0
4990 0.112849 0.75 174.25 0.407843 0.5 0 0
5000 0.112849 0.75 175 0.407843 0.5 0 0
5010 0.112849 0.75 175 0.407843 0.5 0 0
5020 0.112849 0.75 175.75 0.407843 0.5 0 0
5030 0.112849 0.75 175.75 0.407843 0.5 0 0
5040 0.112849 0.75 176.5 0.407843 0.5 0 0
5050 0.112849 0.75 176.5 0.407843 0.5 0 0
5060 0.112849 0.75 177.25 0.407843 0.5 0 0
5070 0.112849 0.75 177.25 0.407843 0.5 0 0
5080 0.112849 0.75 178 0.407843 0.5 0 0
5090 0.112849 0.75 178 0.407843 0.5 0 0
5100 0.112849 0.583333 178.583 0.407843 0.5 0 0
5110 0.112849 0.583333 178.583 0.407843 0.5 0 0
5120 0.112849 0.583333 179.167 0.407843 0.5 0 0
5130 0.112849 0.583333 179.167 0.407843 0.5 0 0
5140 0.112849 0.5 179.667 0.407843 0.5 0 0
5150 0.112849 0.5 179.667 0.407843 0.5 0 0
5160 0.112849 0.583333 180.25 0.407843 0.5 0 0
5170 0.112849 0.583333 180.25 0.407843 0.5 0 0
5180 0.112849 0.666667 180.917 0.407843 0.5 0 0
5190 0.112849 0.666667 180.917 0.407843 0.5 0 0
5200 0.112849 0.666667 181.583 0.407843 0.5 0 0
5210 0.112849 0.666667 181.583 0.407843 0.5 0 0
5220 0.112845 0.833333 182.417 0.407843 0.5 0 0
5230 0.112845 0.833333 182.417 0.407843 0.5 0 0
5240 0.11277 0.833333 183.25 0.407843 0.5 0 0
5250 0.11277 0.833333 183.25 0.407843 0.5 0 0
5260 0.11277 0.833333 184.083 0.407843 0.5 0 0
5270 0.11277 0.833333 184.083 0.407843 0.5 0 0
5280 0.11277 0.833333 184.917 0.407843 0.5 0 0
5290 0.11277 0.833333 184.917 0.407843 0.5 0 0
5300 0.11277 0.833333 185.75 0.407843 0.5 0 0
5310 0.11277 0.833333 185.75 0.407843 0.5 0 0
5320 0.112776 0.833333 186.583 0.407843 0.5 0 0
5330 0.112776 0.833333 186.583 0.407843 0.5 0 0
5340 0.112776 0.75 187.333 0.407843 0.5 0 0
5350 0.112776 0.75 187.333 0.411765 0.5 0 0
5360 0.112776 0.75 188.083 0.407843 0.5 0 0
5370 0.112776 0.75 188.083 0.407843 0.5 0 0
5380 0.112776 0.916667 189 0.407843 0.5 0 0
5390 0.112776 0.916667 189 0.407843 0.5 0 0
5400 0.112776 0.916667 189.917 0.407843 0.5 0 0
5410 0.112776 0.916667 189.917 0.407843 0.5 0 0
5420 0.112776 0.916667 190.833 0.407843 0.5 0 0
5430 0.112776 0.916667 190.833 0.407843 0.5 0 0
5440 0.112776 0.916667 191.75 0.407843 0.5 0 0
5450 0.112776 0.916667 191.75 0.407843 0.5 0 0
5460 0.113429 0.916667 192.667 0.407843 0.5 0 0
5470 0.113429 0.916667 192.667 0.407843 0.5 0 0
5480 0.114347 0.75 193.417 0.407843 0.5 0 0
5490 0.114347 0.75 193.417 0.407843 0.5 0 0
5500 0.115048 0.75 194.167 0.403922 0.5 0 0
5510 0.115048 0.75 194.167 0.403922 0.5 0 0
5520 0.115217 0.666667 194.833 0.403922 0.5 0 0
5530 0.115217 0.666667 194.833 0.403922 0.5 0 0
5540 0.115201 0.75 195.583 0.403922 0.5 0 0
5550 0.115201 0.75 195.583 0.403922 0.5 0 0
5560 0.115024 0.833333 196.417 0.403922 0.5 0 0
5570 0.115024 0.833333 196.417 0.403922 0.5 0 0
5580 0.114619 0.833333 197.25 0.403922 0.5 0 0
5590 0.114619 0.833333 197.25 0.403922 0.5 0 0
5600 0.114241 0.75 198 0.403922 0.5 0 0
5610 0.114241 0.75 198 0.403922 0.5 0 0
5620 0.113899 0.75 198.75 0.403922 0.5 0 0
5630 0.113899 0.75 198.75 0.403922 0.5 0 0
5640 0.113625 0.75 199.5 0.403922 0.5 0 0
5650 0.113625 0.75 199.5 0.403922 0.5 0 0
5660 0.113521 0.75 200.25 0.403922 0.5 0 0
5670 0.113521 0.75 200.25 0.403922 0.5 0 0
5680 0.113479 0.75 201 0.403922 0.5 0 0
5690 0.113479 0.75 201 0.403922 0.5 0 0
5700 0.113128 0.75 201.75 0.403922 0.5 0 0
5710 0.113128 0.75 201.75 0.403922 0.5 0 0
5720 0.113074 0.75 202.5 0.403922 0.5 0 0
5730 0.113074 0.75 202.5 0.403922 0.5 0 0
5740 0.113037 0.75 203.25 0.403922 0.5 0 0
5750 0.113037 0.75 203.25 0.403922 0.5 0 0
5760 0.113036 0.75 204 0.403922 0.5 0 0
5770 0.113036 0.75 204 0.403922 0.5 0 0
5780 0.113029 0.75 204.75 0.403922 0.5 0 0
5790 0.113029 0.75 204.75 0.403922 0.5 0 0
5800 0.113029 0.75 205.5 0.403922 0.5 0 0
5810 0.113029 0.75 205.5 0.403922 0.5 0 0
5820 0.113002 0.75 206.25 0.403922 0.5 0 0
5830 0.113002 0.75 206.25 0.403922 0.5 0 0
5840 0.112938 0.75 207 0.403922 0.5 0 0
5850 0.112938 0.75 207 0.403922 0.5 0 0
5860 0.112894 0.833333 207.833 0.403922 0.5 0 0
5870 0.112894 0.833333 207.833 0.403922 0.5 0 0
5880 0.112626 0.833333 208.667 0.403922 0.5 0 0
5890 0.112626 0.833333 208.667 0.403922 0.5 0 0
5900 0.11252 0.833333 209.5 0.403922 0.5 0 0
5910 0.11252 0.833333 209.5 0.403922 0.5 0 0
5920 0.112506 0.833333 210.333 0.403922 0.5 0 0
5930 0.112506 0.833333 210.333 0.403922 0.5 0 0
5940 0.112503 0.833333 211.167 0.403922 0.5 0 0
5950 0.112503 0.833333 211.167 0.403922 0.5 0 0
5960 0.112502 0.833333 212 0.403922 0.5 0 0
5970 0.112502 0.833333 212 0.403922 0.5 0 0
5980 0.112489 0.833333 212.833 0.407843 0.5 0 0
5990 0.112489 0.833333 212.833 0.403922 0.5 0 0
6000 0.11242 0.75 213.583 0.403922 0.5 0 0
6010 0.11242 0.75 213.583 0.407843 0.5 0 0
6020 0.11218 0.666667 214.25 0.403922 0.5 0 0
6030 0.11218 0.666667 214.25 0.407843 0.5 0 0
6040 0.112176 0.833333 215.083 0.403922 0.5 0 0
6050 0.112176 0.833333 215.083 0.403922 0.5 0 0
6060 0.112176 0.833333 215.917 0.403922 0.5 0 0
6070 0.112176 0.833333 215.917 0.403922 0.5 0 0
6080 0.112173 0.833333 216.75 0.403922 0.5 0 0
6090 0.112173 0.833333 216.75 0.403922 0.5 0 0
6100 0.112173 0.833333 217.583 0.407843 0.5 0 0
6110 0.112173 0.833333 217.583 0.403922 0.5 0 0
6120 0.111935 0.583333 218.167 0.403922 0.5 0 0
6130 0.111935 0.583333 218.167 0.403922 0.5 0 0
6140 0.111661 0.5 218.667 0.407843 0.5 0 0
6150 0.111661 0.5 218.667 0.407843 0.5 0 0
6160 0.111659 0.416667 219.083 0.407843 0.5 0 0
6170 0.111659 0.416667 219.083 0.403922 0.5 0 0
6180 0.111659 0.75 219.833 0.403922 0.5 0 0
6190 0.111659 0.75 219.833 0.407843 0.5 0 0
6200 0.111618 0.75 220.583 0.407843 0.5 0 0
6210 0.111618 0.75 220.583 0.407843 0.5 0 0
6220 0.111617 0.75 221.333 0.407843 0.5 0 0
6230 0.111617 0.75 221.333 0.407843 0.5 0 0
6240 0.111617 0.75 222.083 0.407843 0.5 0 0
6250 0.111617 0.75 222.083 0.403922 0.5 0 0
6260 0.111592 0.75 222.833 0.407843 0.5 0 0
6270 0.111592 0.75 222.833 0.407843 0.5 0 0
6280 0.111588 0.75 223.583 0.407843 0.5 0 0
6290 0.111588 0.75 223.583 0.407843 0.5 0 0
6300 0.111583 0.666667 224.25 0.403922 0.5 0 0
6310 0.111583 0.666667 224.25 0.407843 0.5 0 0
6320 0.111491 0.666667 224.917 0.403922 0.5 0 0
6330 0.111491 0.666667 224.917 0.407843 0.5 0 0
6340 0.111454 0.666667 225.583 0.407843 0.5 0 0
6350 0.111454 0.666667 225.583 0.403922 0.5 0 0
6360 0.111395 0.833333 226.417 0.403922 0.5 0 0
6370 0.111395 0.833333 226.417 0.403922 0.5 0 0
6380 0.111379 0.833333 227.25 0.403922 0.5 0 0
6390 0.111379 0.833333 227.25 0.403922 0.5 0 0
6400 0.111377 0.833333 228.083 0.403922 0.5 0 0
6410 0.111377 0.833333 228.083 0.407843 0.5 0 0
6420 0.111346 0.833333 228.917 0.407843 0.5 0 0
6430 0.111346 0.833333 228.917 0.407843 0.5 0 0
6440 0.111291 0.833333 229.75 0.407843 0.5 0 0
6450 0.111291 0.833333 229.75 0.407843 0.5 0 0
6460 0.111232 0.666667 230.417 0.407843 0.5 0 0
6470 0.111232 0.666667 230.417 0.407843 0.5 0 0
6480 0.111203 0.75 231.167 0.403922 0.5 0 0
6490 0.111203 0.75 231.167 0.407843 0.5 0 0
6500 0.111152 0.75 231.917 0.407843 0.5 0 0
6510 0.111152 0.75 231.917 0.407843 0.5 0 0
6520 0.111135 0.75 232.667 0.407843 0.5 0 0
6530 0.111135 0.75 232.667 0.407843 0.5 0 0
6540 0.111106 0.75 233.417 0.403922 0.5 0 0
6550 0.111106 0.75 233.417 0.407843 0.5 0 0
6560 0.111076 0.75 234.167 0.403922 0.5 0 0
6570 0.111076 0.75 234.167 0.407843 0.5 0 0
6580 0.111039 0.75 234.917 0.407843 0.5 0 0
6590 0.111039 0.75 234.917 0.407843 0.5 0 0
6600 0.110638 0.75 235.667 0.407843 0.5 0 0
6610 0.110638 0.75 235.667 0.407843 0.5 0 0
6620 0.11044 0.75 236.417 0.407843 0.5 0 0
6630 0.11044 0.75 236.417 0.403922 0.5 0 0
6640 0.110431 0.75 237.167 0.407843 0.5 0 0
6650 0.110431 0.75 237.167 0.407843 0.5 0 0
6660 0.110431 0.75 237.917 0.403922 0.5 0 0
6670 0.110431 0.75 237.917 0.407843 0.5 0 0
6680 0.110427 0.75 238.667 0.407843 0.5 0 0
6690 0.110427 0.75 238.667 0.407843 0.5 0 0
6700 0.110404 0.75 239.417 0.403922 0.5 0 0
6710 0.110404 0.75 239.417 0.407843 0.5 0 0
6720 0.110411 0.75 240.167 0.407843 0.5 0 0
6730 0.110411 0.75 240.167 0.407843 0.5 0 0
6740 0.110588 0.666667 240.833 0.403922 0.5 0 0
6750 0.110588 0.666667 240.833 0.407843 0.5 0 0
6760 0.111446 0.666667 241.5 0.407843 0.5 0 0
6770 0.111446 0.666667 241.5 0.407843 0.5 0 0
6780 0.112099 0.666667 242.167 0.407843 0.5 0 0
6790 0.112099 0.666667 242.167 0.407843 0.5 0 0
6800 0.112436 0.666667 242.833 0.407843 0.5 0 0
6810 0.112436 0.666667 242.833 0.407843 0.5 0 0
6820 0.112372 0.583333 243.417 0.403922 0.5 0 0
6830 0.112372 0.583333 243.417 0.403922 0.5 0 0
6840 0.112309 0.583333 244 0.403922 0.5 0 0
6850 0.112309 0.583333 244 0.403922 0.5 0 0
6860 0.11225 0.583333 244.583 0.403922 0.5 0 0
6870 0.11225 0.583333 244.583 0.403922 0.5 0 0
6880 0.112231 0.583333 245.167 0.403922 0.5 0 0
6890 0.112231 0.583333 245.167 0.403922 0.5 0 0
6900 0.11221 0.583333 245.75 0.403922 0.5 0 0
6910 0.11221 0.583333 245.75 0.403922 0.5 0 0
6920 0.111984 0.75 246.5 0.4 0.5 0 0
6930 0.111984 0.75 246.5 0.4 0.5 0 0
6940 0.111639 0.75 247.25 0.4 0.5 0 0
6950 0.111639 0.75 247.25 0.4 0.5 0 0
6960 0.11162 0.666667 247.917 0.4 0.5 0 0
6970 0.11162 0.666667 247.917 0.4 0.5 0 0
6980 0.111599 0.75 248.667 0.4 0.5 0 0
6990 0.111599 0.75 248.667 0.4 0.5 0 0
7000 0.111573 0.75 249.417 0.4 0.5 0 0
7010 0.111573 0.75 249.417 0.4 0.5 0 0
7020 0.111558 0.666667 250.083 0.4 0.5 0 0
7030 0.111558 0.666667 250.083 0.4 0.5 0 0
7040 0.111491 0.75 250.833 0.4 0.5 0 0
7050 0.111491 0.75 250.833 0.4 0.5 0 0
7060 0.11133 0.75 251.583 0.4 0.5 0 0
7070 0.11133 0.75 251.583 0.4 0.5 0 0
7080 0.111281 0.75 252.333 0.4 0.5 0 0
7090 0.111281 0.75 252.333 0.4 0.5 0 0
7100 0.111246 0.666667 253 0.4 0.5 0 0
7110 0.111246 0.666667 253 0.4 0.5 0 0
7120 0.111207 0.666667 253.667 0.4 0.5 0 0
7130 0.111207 0.666667 253.667 0.4 0.5 0 0
7140 0.111126 0.666667 254.333 0.4 0.5 0 0
7150 0.111126 0.666667 254.333 0.4 0.5 0 0
7160 0.110941 0.75 255.083 0.4 0.5 0 0
7170 0.110941 0.75 255.083 0.4 0.5 0 0
7180 0.110623 0.75 255.833 0.4 0.5 0 0
7190 0.110623 0.75 255.833 0.4 0.5 0 0
7200 0.11061 0.75 256.583 0.4 0.5 0 0
7210 0.11061 0.75 256.583 0.4 0.5 0 0
7220 0.110553 0.75 257.333 0.4 0.5 0 0
7230 0.110553 0.75 257.333 0.4 0.5 0 0
7240 0.110452 0.75 258.083 0.4 0.5 0 0
7250 0.110452 0.75 258.083 0.4 0.5 0 0
7260 0.110357 0.666667 258.75 0.4 0.5 0 0
7270 0.110357 0.666667 258.75 0.4 0.5 0 0
7280 0.110314 0.666667 259.417 0.4 0.5 0 0
7290 0.110314 0.666667 259.417 0.4 0.5 0 0
7300 0.110262 0.666667 260.083 0.4 0.5 0 0
7310 0.110262 0.666667 260.083 0.4 0.5 0 0
7320 0.110225 0.666667 260.75 0.4 0.5 0 0
7330 0.110225 0.666667 260.75 0.4 0.5 0 0
7340 0.110173 0.666667 261.417 0.4 0.5 0 0
7350 0.110173 0.666667 261.417 0.4 0.5 0 0
7360 0.110098 0.666667 262.083 0.4 0.5 0 0
7370 0.110098 0.666667 262.083 0.4 0.5 0 0
7380 0.11008 0.666667 262.75 0.4 0.5 0 0
7390 0.11008 0.666667 262.75 0.4 0.5 0 0
7400 0.110064 0.666667 263.417 0.4 0.5 0 0
7410 0.110064 0.666667 263.417 0.4 0.5 0 0
7420 0.110054 0.666667 264.083 0.4 0.5 0 0
7430 0.110054 0.666667 264.083 0.4 0.5 0 0
7440 0.109696 0.75 264.833 0.4 0.5 0 0
7450 0.109696 0.75 264.833 0.4 0.5 0 0
7460 0.109431 0.75 265.583 0.4 0.5 0 0
7470 0.109431 0.75 265.583 0.4 0.5 0 0
7480 0.109412 0.75 266.333 0.4 0.5 0 0
7490 0.109412 0.75 266.333 0.4 0.5 0 0
7500 0.109406 0.75 267.083 0.4 0.5 0 0
7510 0.109406 0.75 267.083 0.4 0.5 0 0
7520 0.109385 0.75 267.833 0.4 0.5 0 0
7530 0.109385 0.75 267.833 0.4 0.5 0 0
7540 0.109368 0.75 268.583 0.4 0.5 0 0
7550 0.109368 0.75 268.583 0.4 0.5 0 0
7560 0.109301 0.75 269.333 0.4 0.5 0 0
7570 0.109301 0.75 269.333 0.4 0.5 0 0
7580 0.109199 0.75 270.083 0.4 0.5 0 0
7590 0.109199 0.75 270.083 0.4 0.5 0 0
7600 0.109151 0.75 270.833 0.4 0.5 0 0
7610 0.109151 0.75 270.833 0.4 0.5 0 0
7620 0.109107 0.75 271.583 0.4 0.5 0 0
7630 0.109107 0.75 271.583 0.4 0.5 0 0
7640 0.109112 0.75 272.333 0.4 0.5 0 0
7650 0.109112 0.75 272.333 0.4 0.5 0 0
7660 0.109128 0.75 273.083 0.4 0.5 0 0
7670 0.109128 0.75 273.083 0.4 0.5 0 0
7680 0.109107 0.75 273.833 0.4 0.5 0 0
7690 0.109107 0.75 273.833 0.4 0.5 0 0
7700 0.108995 0.666667 274.5 0.4 0.5 0 0
7710 0.108995 0.666667 274.5 0.4 0.5 0 0
7720 0.108866 0.75 275.25 0.4 0.5 0 0
7730 0.108866 0.75 275.25 0.4 0.5 0 0
7740 0.108852 0.75 276 0.396078 0.5 0 0
7750 0.108852 0.75 276 0.396078 0.5 0 0
7760 0.108937 0.75 276.75 0.396078 0.5 0 0
7770 0.108937 0.75 276.75 0.396078 0.5 0 0
7780 0.109141 0.75 277.5 0.396078 0.5 0 0
7790 0.109141 0.75 277.5 0.396078 0.5 0 0
7800 0.109131 0.75 278.25 0.396078 0.5 0 0
7810 0.109131 0.75 278.25 0.396078 0.5 0 0
7820 0.109205 0.75 279 0.396078 0.5 0 0
7830 0.109205 0.75 279 0.396078 0.5 0 0
7840 0.109255 0.666667 279.667 0.396078 0.5 0 0
7850 0.109255 0.666667 279.667 0.396078 0.5 0 0
7860 0.109253 0.833333 280.5 0.396078 0.5 0 0
7870 0.109253 0.833333 280.5 0.396078 0.5 0 0
7880 0.109293 0.75 281.25 0.396078 0.5 0 0
7890 0.109293 0.75 281.25 0.396078 0.5 0 0
7900 0.109289 0.833333 282.083 0.396078 0.5 0 0
7910 0.109289 0.833333 282.083 0.396078 0.5 0 0
7920 0.109283 0.833333 282.917 0.396078 0.5 0 0
7930 0.109283 0.833333 282.917 0.396078 0.5 0 0
7940 0.109284 0.833333 283.75 0.396078 0.5 0 0
7950 0.109284 0.833333 283.75 0.396078 0.5 0 0
7960 0.109272 0.833333 284.583 0.396078 0.5 0 0
7970 0.109272 0.833333 284.583 0.396078 0.5 0 0
7980 0.10926 0.833333 285.417 0.396078 0.5 0 0
7990 0.10926 0.833333 285.417 0.396078 0.5 0 0
8000 0.109269 0.833333 286.25 0.396078 0.5 0 0
8010 0.109269 0.833333 286.25 0.396078 0.5 0 0
8020 0.109293 0.833333 287.083 0.396078 0.5 0 0
8030 0.109293 0.833333 287.083 0.396078 0.5 0 0
8040 0.109292 0.833333 287.917 0.392157 0.5 0 0
8050 0.109292 0.833333 287.917 0.392157 0.5 0 0
8060 0.109235 0.666667 288.583 0.392157 0.5 0 0
8070 0.109235 0.666667 288.583 0.392157 0.5 0 0
8080 0.109273 0.75 289.333 0.392157 0.5 0 0
8090 0.109273 0.75 289.333 0.392157 0.5 0 0
8100 0.10929 0.916667 290.25 0.396078 0.5 0 0
8110 0.10929 0.916667 290.25 0.396078 0.5 0 0
8120 0.109305 0.833333 291.083 0.392157 0.5 0 0
8130 0.109305 0.833333 291.083 0.392157 0.5 0 0
8140 0.109311 0.833333 291.917 0.392157 0.5 0 0
8150 0.109311 0.833333 291.917 0.392157 0.5 0 0
8160 0.109274 0.833333 292.75 0.392157 0.5 0 0
8170 0.109274 0.833333 292.75 0.392157 0.5 0 0
8180 0.109132 0.833333 293.583 0.392157 0.5 0 0
8190 0.109132 0.833333 293.583 0.392157 0.5 0 0
8200 0.109128 0.916667 294.5 0.392157 0.5 0 0
8210 0.109128 0.916667 294.5 0.392157 0.5 0 0
8220 0.109072 0.916667 295.417 0.392157 0.5 0 0
8230 0.109072 0.916667 295.417 0.392157 0.5 0 0
8240 0.109051 0.916667 296.333 0.392157 0.5 0 0
8250 0.109051 0.916667 296.333 0.392157 0.5 0 0
8260 0.109043 0.916667 297.25 0.392157 0.5 0 0
8270 0.109043 0.916667 297.25 0.392157 0.5 0 0
8280 0.109039 0.916667 298.167 0.392157 0.5 0 0
8290 0.109039 0.916667 298.167 0.392157 0.5 0 0
8300 0.10909 0.916667 299.083 0.392157 0.5 0 0
8310 0.10909 0.916667 299.083 0.392157 0.5 0 0
8320 0.10911 0.916667 300 0.392157 0.5 0 0
8330 0.10911 0.916667 300 0.392157 0.5 0 0
8340 0.109132 0.916667 300.917 0.392157 0.5 0 0
8350 0.109132 0.916667 300.917 0.392157 0.5 0 0
8360 0.10915 0.916667 301.833 0.392157 0.5 0 0
8370 0.10915 0.916667 301.833 0.392157 0.5 0 0
8380 0.109108 0.916667 302.75 0.392157 0.5 0 0
8390 0.109108 0.916667 302.75 0.392157 0.5 0 0
8400 0.109023 0.833333 303.583 0.392157 0.5 0 0
8410 0.109023 0.833333 303.583 0.392157 0.5 0 0
8420 0.109044 0.833333 304.417 0.392157 0.5 0 0
8430 0.109044 0.833333 304.417 0.392157 0.5 0 0
8440 0.109073 0.833333 305.25 0.392157 0.5 0 0
8450 0.109073 0.833333 305.25 0.392157 0.5 0 0
8460 0.109095 0.833333 306.083 0.392157 0.5 0 0
8470 0.109095 0.833333 306.083 0.392157 0.5 0 0
8480 0.109122 0.833333 306.917 0.392157 0.5 0 0
8490 0.109122 0.833333 306.917 0.392157 0.5 0 0
8500 0.109139 0.833333 307.75 0.392157 0.5 0 0
8510 0.109139 0.833333 307.75 0.392157 0.5 0 0
8520 0.109161 0.833333 308.583 0.392157 0.5 0 0
8530 0.109161 0.833333 308.583 0.392157 0.5 0 0
8540 0.109167 0.833333 309.417 0.392157 0.5 0 0
8550 0.109167 0.833333 309.417 0.392157 0.5 0 0
8560 0.109175 0.833333 310.25 0.392157 0.5 0 0
8570 0.109175 0.833333 310.25 0.392157 0.5 0 0
8580 0.109144 0.833333 311.083 0.392157 0.5 0 0
8590 0.109144 0.833333 311.083 0.392157 0.5 0 0
8600 0.109132 0.833333 311.917 0.392157 0.5 0 0
8610 0.109132 0.833333 311.917 0.392157 0.5 0 0
8620 0.109113 0.833333 312.75 0.392157 0.5 0 0
8630 0.109113 0.833333 312.75 0.392157 0.5 0 0
8640 0.109122 0.833333 313.583 0.392157 0.5 0 0
8650 0.109122 0.833333 313.583 0.392157 0.5 0 0
8660 0.109132 0.833333 314.417 0.392157 0.5 0 0
8670 0.109132 0.833333 314.417 0.392157 0.5 0 0
8680 0.10914 0.833333 315.25 0.392157 0.5 0 0
8690 0.10914 0.833333 315.25 0.392157 0.5 0 0
8700 0.109167 0.833333 316.083 0.392157 0.5 0 0
8710 0.109167 0.833333 316.083 0.392157 0.5 0 0
8720 0.109202 0.833333 316.917 0.392157 0.5 0 0
8730 0.109202 0.833333 316.917 0.392157 0.5 0 0
8740 0.108981 0.833333 317.75 0.392157 0.5 0 0
8750 0.108981 0.833333 317.75 0.392157 0.5 0 0
8760 0.10783 0.833333 318.583 0.392157 0.5 0 0
8770 0.10783 0.833333 318.583 0.392157 0.5 0 0
8780 0.106478 0.916667 319.5 0.392157 0.5 0 0
8790 0.106478 0.916667 319.5 0.392157 0.5 0 0
8800 0.10609 0.916667 320.417 0.392157 0.5 0 0
8810 0.10609 0.916667 320.417 0.392157 0.5 0 0
8820 0.106048 0.916667 321.333 0.392157 0.5 0 0
8830 0.106048 0.916667 321.333 0.392157 0.5 0 0
8840 0.105982 0.833333 322.167 0.388235 0.5 0 0
8850 0.105982 0.833333 322.167 0.392157 0.5 0 0
8860 0.105887 0.916667 323.083 0.392157 0.5 0 0
8870 0.105887 0.916667 323.083 0.392157 0.5 0 0
8880 0.105857 0.916667 324 0.392157 0.5 0 0
8890 0.105857 0.916667 324 0.392157 0.5 0 0
8900 0.105787 0.916667 324.917 0.388235 0.5 0 0
8910 0.105787 0.916667 324.917 0.392157 0.5 0 0
8920 0.105787 0.833333 325.75 0.388235 0.5 0 0
8930 0.105787 0.833333 325.75 0.392157 0.5 0 0
8940 0.105793 0.833333 326.583 0.392157 0.5 0 0
8950 0.105793 0.833333 326.583 0.392157 0.5 0 0
8960 0.105795 0.916667 327.5 0.388235 0.5 0 0
8970 0.105795 0.916667 327.5 0.392157 0.5 0 0
8980 0.105855 0.916667 328.417 0.388235 0.5 0 0
8990 0.105855 0.916667 328.417 0.392157 0.5 0 0
9000 0.105887 0.916667 329.333 0.392157 0.5 0 0
9010 0.105887 0.916667 329.333 0.392157 0.5 0 0
9020 0.10591 1 330.333 0.392157 0.5 0 0
9030 0.10591 1 330.333 0.392157 0.5 0 0
9040 0.105973 1 331.333 0.388235 0.5 0 0
9050 0.105973 1 331.333 0.388235 0.5 0 0
9060 0.106025 1 332.333 0.392157 0.5 0 0
9070 0.106025 1 332.333 0.388235 0.5 0 0
9080 0.106086 1 333.333 0.392157 0.5 0 0
9090 0.106086 1 333.333 0.392157 0.5 0 0
9100 0.106153 1 334.333 0.388235 0.5 0 0
9110 0.106153 1 334.333 0.392157 0.5 0 0
9120 0.106218 0.916667 335.25 0.388235 0.5 0 0
9130 0.106218 0.916667 335.25 0.388235 0.5 0 0
9140 0.106291 0.916667 336.167 0.388235 0.5 0 0
9150 0.106291 0.916667 336.167 0.388235 0.5 0 0
9160 0.106355 0.916667 337.083 0.388235 0.5 0 0
9170 0.106355 0.916667 337.083 0.392157 0.5 0 0
9180 0.106438 0.916667 338 0.392157 0.5 0 0
9190 0.106438 0.916667 338 0.392157 0.5 0 0
9200 0.106506 0.916667 338.917 0.388235 0.5 0 0
9210 0.106506 0.916667 338.917 0.388235 0.5 0 0
9220 0.106595 0.833333 339.75 0.388235 0.5 0 0
9230 0.106595 0.833333 339.75 0.392157 0.5 0 0
9240 0.106698 0.916667 340.667 0.392157 0.5 0 0
9250 0.106698 0.916667 340.667 0.388235 0.5 0 0
9260 0.106795 0.916667 341.583 0.392157 0.5 0 0
9270 0.106795 0.916667 341.583 0.392157 0.5 0 0
9280 0.106913 0.916667 342.5 0.392157 0.5 0 0
9290 0.106913 0.916667 342.5 0.392157 0.5 0 0
9300 0.10694 0.916667 343.417 0.392157 0.5 0 0
9310 0.10694 0.916667 343.417 0.392157 0.5 0 0
9320 0.106988 0.916667 344.333 0.392157 0.5 0 0
9330 0.106988 0.916667 344.333 0.392157 0.5 0 0
9340 0.106986 0.916667 345.25 0.392157 0.5 0 0
9350 0.106986 0.916667 345.25 0.392157 0.5 0 0
9360 0.106994 0.916667 346.167 0.392157 0.5 0 0
9370 0.106994 0.916667 346.167 0.392157 0.5 0 0
9380 0.107021 0.916667 347.083 0.392157 0.5 0 0
9390 0.107021 0.916667 347.083 0.388235 0.5 0 0
9400 0.106997 0.916667 348 0.392157 0.5 0 0
9410 0.106997 0.916667 348 0.392157 0.5 0 0
9420 0.106994 0.916667 348.917 0.388235 0.5 0 0
9430 0.106994 0.916667 348.917 0.392157 0.5 0 0
9440 0.10692 0.916667 349.833 0.392157 0.5 0 0
9450 0.10692 0.916667 349.833 0.392157 0.5 0 0
9460 0.106887 0.916667 350.75 0.392157 0.5 0 0
9470 0.106887 0.916667 350.75 0.392157 0.5 0 0
9480 0.106879 0.916667 351.667 0.392157 0.5 0 0
9490 0.106879 0.916667 351.667 0.392157 0.5 0 0
9500 0.106899 0.75 352.417 0.392157 0.5 0 0
9510 0.106899 0.75 352.417 0.392157 0.5 0 0
9520 0.106896 0.75 353.167 0.392157 0.5 0 0
9530 0.106896 0.75 353.167 0.392157 0.5 0 0
9540 0.106899 0.75 353.917 0.392157 0.5 0 0
9550 0.106899 0.75 353.917 0.392157 0.5 0 0
9560 0.106168 0.75 354.667 0.392157 0.5 0 0
9570 0.106168 0.75 354.667 0.392157 0.5 0 0
9580 0.105903 0.833333 355.5 0.396078 0.5 0 0
9590 0.105903 0.833333 355.5 0.396078 0.5 0 0
9600 0.105929 0.833333 356.333 0.396078 0.5 0 0
9610 0.105929 0.833333 356.333 0.392157 0.5 0 0
9620 0.10597 0.833333 357.167 0.396078 0.5 0 0
9630 0.10597 0.833333 357.167 0.396078 0.5 0 0
9640 0.106005 0.833333 358 0.392157 0.5 0 0
9650 0.106005 0.833333 358 0.396078 0.5 0 0
9660 0.106079 0.75 358.75 0.396078 0.5 0 0
9670 0.106079 0.75 358.75 0.396078 0.5 0 0
9680 0.106319 0.75 359.5 0.396078 0.5 0 0
9690 0.106319 0.75 359.5 0.396078 0.5 0 0
9700 0.106467 0.833333 360.333 0.396078 0.5 0 0
9710 0.106467 0.833333 360.333 0.396078 0.5 0 0
9720 0.106461 0.833333 361.167 0.396078 0.5 0 0
9730 0.106461 0.833333 361.167 0.392157 0.5 0 0
9740 0.10647 0.833333 362 0.392157 0.5 0 0
9750 0.10647 0.833333 362 0.392157 0.5 0 0
9760 0.106477 0.833333 362.833 0.396078 0.5 0 0
9770 0.106477 0.833333 362.833 0.392157 0.5 0 0
9780 0.106483 0.75 363.583 0.392157 0.5 0 0
9790 0.106483 0.75 363.583 0.392157 0.5 0 0
9800 0.106444 0.666667 364.25 0.392157 0.5 0 0
9810 0.106444 0.666667 364.25 0.392157 0.5 0 0
9820 0.106453 0.75 365 0.392157 0.5 0 0
9830 0.106453 0.75 365 0.392157 0.5 0 0
9840 0.106683 0.75 365.75 0.392157 0.5 0 0
9850 0.106683 0.75 365.75 0.392157 0.5 0 0
9860 0.106601 0.833333 366.583 0.392157 0.5 0 0
9870 0.106601 0.833333 366.583 0.392157 0.5 0 0
9880 0.106357 0.833333 367.417 0.392157 0.5 0 0
9890 0.106357 0.833333 367.417 0.392157 0.5 0 0
9900 0.106325 0.833333 368.25 0.392157 0.5 0 0
9910 0.106325 0.833333 368.25 0.392157 0.5 0 0
9920 0.106366 0.833333 369.083 0.392157 0.5 0 0
9930 0.106366 0.833333 369.083 0.392157 0.5 0 0
9940 0.10642 0.916667 370 0.392157 0.5 0 0
9950 0.10642 0.916667 370 0.392157 0.5 0 0
9960 0.106464 0.916667 370.917 0.392157 0.5 0 0
9970 0.106464 0.916667 370.917 0.392157 0.5 0 0
9980 0.106319 0.916667 371.833 0.392157 0.5 0 0
9990 0.106319 0.916667 371.833 0.392157 0.5 0 0
10000 0.106193 0.916667 372.75 0.392157 0.5 0 0
10010 0.106193 0.916667 372.75 0.392157 0.5 0 0
10020 0.106115 0.916667 373.667 0.392157 0.5 0 0
10030 0.106115 0.916667 373.667 0.392157 0.5 0 0
10040 0.106058 0.916667 374.583 0.392157 0.5 0 0
10050 0.106058 0.916667 374.583 0.392157 0.5 0 0
10060 0.105993 0.916667 375.5 0.392157 0.5 0 0
10070 0.105993 0.916667 375.5 0.392157 0.5 0 0
10080 0.106004 0.916667 376.417 0.392157 0.5 0 0
10090 0.106004 0.916667 376.417 0.392157 0.5 0 0
10100 0.105849 0.833333 377.25 0.392157 0.5 0 0
10110 0.105849 0.833333 377.25 0.392157 0.5 0 0
10120 0.105655 0.833333 378.083 0.392157 0.5 0 0
10130 0.105655 0.833333 378.083 0.392157 0.5 0 0
10140 0.105542 0.666667 378.75 0.392157 0.5 0 0
10150 0.105542 0.666667 378.75 0.392157 0.5 0 0
10160 0.105517 0.916667 379.667 0.392157 0.5 0 0
10170 0.105517 0.916667 379.667 0.392157 0.5 0 0
10180 0.105544 0.916667 380.583 0.392157 0.5 0 0
10190 0.105544 0.916667 380.583 0.392157 0.5 0 0
10200 0.105566 0.916667 381.5 0.392157 0.5 0 0
10210 0.105566 0.916667 381.5 0.392157 0.5 0 0
10220 0.105587 0.916667 382.417 0.392157 0.5 0 0
10230 0.105587 0.916667 382.417 0.392157 0.5 0 0
10240 0.10561 0.916667 383.333 0.392157 0.5 0 0
10250 0.10561 0.916667 383.333 0.392157 0.5 0 0
10260 0.105616 0.916667 384.25 0.392157 0.5 0 0
10270 0.105616 0.916667 384.25 0.392157 0.5 0 0
10280 0.105624 0.916667 385.167 0.392157 0.5 0 0
10290 0.105624 0.916667 385.167 0.392157 0.5 0 0
10300 0.105632 0.916667 386.083 0.392157 0.5 0 0
10310 0.105632 0.916667 386.083 0.388235 0.5 0 0
10320 0.105638 0.916667 387 0.392157 0.5 0 0
10330 0.105638 0.916667 387 0.392157 0.5 0 0
10340 0.105657 0.916667 387.917 0.392157 0.5 0 0
10350 0.105657 0.916667 387.917 0.388235 0.5 0 0
10360 0.105675 0.916667 388.833 0.392157 0.5 0 0
10370 0.105675 0.916667 388.833 0.388235 0.5 0 0
10380 0.105675 0.916667 389.75 0.388235 0.5 0 0
10390 0.105675 0.916667 389.75 0.392157 0.5 0 0
10400 0.10526 0.916667 390.667 0.392157 0.5 0 0
10410 0.10526 0.916667 390.667 0.392157 0.5 0 0
10420 0.105143 0.916667 391.583 0.392157 0.5 0 0
10430 0.105143 0.916667 391.583 0.392157 0.5 0 0
10440 0.105154 0.916667 392.5 0.388235 0.5 0 0
10450 0.105154 0.916667 392.5 0.392157 0.5 0 0
10460 0.105176 0.916667 393.417 0.392157 0.5 0 0
10470 0.105176 0.916667 393.417 0.388235 0.5 0 0
10480 0.105194 0.916667 394.333 0.392157 0.5 0 0
10490 0.105194 0.916667 394.333 0.392157 0.5 0 0
10500 0.10521 0.916667 395.25 0.392157 0.5 0 0
10510 0.10521 0.916667 395.25 0.388235 0.5 0 0
10520 0.105225 0.666667 395.917 0.392157 0.5 0 0
10530 0.105225 0.666667 395.917 0.392157 0.5 0 0
10540 0.104426 0.916667 396.833 0.392157 0.5 0 0
10550 0.104426 0.916667 396.833 0.392157 0.5 0 0
10560 0.10394 0.916667 397.75 0.392157 0.5 0 0
10570 0.10394 0.916667 397.75 0.392157 0.5 0 0
10580 0.10396 0.916667 398.667 0.392157 0.5 0 0
10590 0.10396 0.916667 398.667 0.392157 0.5 0 0
10600 0.103984 0.916667 399.583 0.392157 0.5 0 0
10610 0.103984 0.916667 399.583 0.392157 0.5 0 0
10620 0.104007 0.916667 400.5 0.392157 0.5 0 0
10630 0.104007 0.916667 400.5 0.392157 0.5 0 0
10640 0.104052 0.666667 401.167 0.392157 0.5 0 0
10650 0.104052 0.666667 401.167 0.392157 0.5 0 0
10660 0.104049 0.583333 401.75 0.392157 0.5 0 0
10670 0.104049 0.583333 401.75 0.396078 0.5 0 0
10680 0.103191 0.666667 402.417 0.4 0.5 0 0
10690 0.103191 0.666667 402.417 0.4 0.5 0 0
10700 0.103174 0.666667 403.083 0.4 0.5 0 0
10710 0.103174 0.666667 403.083 0.4 0.5 0 0
10720 0.103181 0.666667 403.75 0.4 0.5 0 0
10730 0.103181 0.666667 403.75 0.4 0.5 0 0
10740 0.103121 0.666667 404.417 0.4 0.5 0 0
10750 0.103121 0.666667 404.417 0.4 0.5 0 0
10760 0.103141 0.5 404.917 0.4 0.5 0 0
10770 0.103141 0.5 404.917 0.4 0.5 0 0
10780 0.10317 0.583333 405.5 0.4 0.5 0 0
10790 0.10317 0.583333 405.5 0.4 0.5 0 0
10800 0.102963 0.5 406 0.4 0.5 0 0
10810 0.102963 0.5 406 0.4 0.5 0 0
10820 0.102879 0.5 406.5 0.4 0.5 0 0
10830 0.102879 0.5 406.5 0.4 0.5 0 0
10840 0.102938 0.5 407 0.4 0.5 0 0
10850 0.102938 0.5 407 0.4 0.5 0 0
10860 0.102971 0.5 407.5 0.396078 0.5 0 0
10870 0.102971 0.5 407.5 0.4 0.5 0 0
10880 0.103 0.5 408 0.4 0.5 0 0
10890 0.103 0.5 408 0.396078 0.5 0 0
10900 0.103021 0.5 408.5 0.396078 0.5 0 0
10910 0.103021 0.5 408.5 0.4 0.5 0 0
10920 0.103033 0.5 409 0.396078 0.5 0 0
10930 0.103033 0.5 409 0.396078 0.5 0 0
10940 0.103051 0.5 409.5 0.396078 0.5 0 0
10950 0.103051 0.5 409.5 0.396078 0.5 0 0
10960 0.103079 0.5 410 0.396078 0.5 0 0
10970 0.103079 0.5 410 0.396078 0.5 0 0
10980 0.103103 0.5 410.5 0.396078 0.5 0 0
10990 0.103103 0.5 410.5 0.396078 0.5 0 0
11000 0.103122 0.5 411 0.396078 0.5 0 0
11010 0.103122 0.5 411 0.396078 0.5 0 0
11020 0.10314 0.5 411.5 0.396078 0.5 0 0
11030 0.10314 0.5 411.5 0.396078 0.5 0 0
11040 0.103158 0.5 412 0.396078 0.5 0 0
11050 0.103158 0.5 412 0.396078 0.5 0 0
11060 0.103178 0.5 412.5 0.396078 0.5 0 0
11070 0.103178 0.5 412.5 0.396078 0.5 0 0
11080 0.103189 0.5 413 0.396078 0.5 0 0
11090 0.103189 0.5 413 0.396078 0.5 0 0
11100 0.103207 0.5 413.5 0.396078 0.5 0 0
11110 0.103207 0.5 413.5 0.396078 0.5 0 0
11120 0.103224 0.5 414 0.396078 0.5 0 0
11130 0.103224 0.5 414 0.396078 0.5 0 0
11140 0.10324 0.5 414.5 0.396078 0.5 0 0
11150 0.10324 0.5 414.5 0.396078 0.5 0 0
11160 0.103251 0.5 415 0.396078 0.5 0 0
11170 0.103251 0.5 415 0.396078 0.5 0 0
11180 0.103267 0.5 415.5 0.396078 0.5 0 0
11190 0.103267 0.5 415.5 0.396078 0.5 0 0
11200 0.103282 0.333333 415.833 0.396078 0.5 0 0
11210 0.103282 0.333333 415.833 0.396078 0.5 0 0
11220 0.103297 0.5 416.333 0.396078 0.5 0 0
11230 0.103297 0.5 416.333 0.396078 0.5 0 0
11240 0.103308 0.5 416.833 0.396078 0.5 0 0
11250 0.103308 0.5 416.833 0.396078 0.5 0 0
11260 0.103321 0.5 417.333 0.396078 0.5 0 0
11270 0.103321 0.5 417.333 0.396078 0.5 0 0
11280 0.103339 0.5 417.833 0.396078 0.5 0 0
11290 0.103339 0.5 417.833 0.396078 0.5 0 0
11300 0.103351 0.5 418.333 0.396078 0.5 0 0
11310 0.103351 0.5 418.333 0.396078 0.5 0 0
11320 0.10335 0.416667 418.75 0.396078 0.5 0 0
11330 0.10335 0.416667 418.75 0.396078 0.5 0 0
11340 0.103362 0.5 419.25 0.396078 0.5 0 0
11350 0.103362 0.5 419.25 0.396078 0.5 0 0
11360 0.103373 0.5 419.75 0.396078 0.5 0 0
11370 0.103373 0.5 419.75 0.396078 0.5 0 0
11380 0.10339 0.5 420.25 0.396078 0.5 0 0
11390 0.10339 0.5 420.25 0.396078 0.5 0 0
11400 0.10341 0.5 420.75 0.396078 0.5 0 0
11410 0.10341 0.5 420.75 0.396078 0.5 0 0
11420 0.103428 0.5 421.25 0.396078 0.5 0 0
11430 0.103428 0.5 421.25 0.392157 0.5 0 0
11440 0.103466 0.416667 421.667 0.392157 0.5 0 0
11450 0.103466 0.416667 421.667 0.392157 0.5 0 0
11460 0.103542 0.5 422.167 0.392157 0.5 0 0
11470 0.103542 0.5 422.167 0.392157 0.5 0 0
11480 0.103578 0.5 422.667 0.392157 0.5 0 0
11490 0.103578 0.5 422.667 0.392157 0.5 0 0
11500 0.103596 0.583333 423.25 0.392157 0.5 0 0
11510 0.103596 0.583333 423.25 0.392157 0.5 0 0
11520 0.103626 0.583333 423.833 0.392157 0.5 0 0
11530 0.103626 0.583333 423.833 0.392157 0.5 0 0
11540 0.103655 0.583333 424.417 0.392157 0.5 0 0
11550 0.103655 0.583333 424.417 0.392157 0.5 0 0
11560 0.103685 0.583333 425 0.392157 0.5 0 0
11570 0.103685 0.583333 425 0.392157 0.5 0 0
11580 0.103708 0.583333 425.583 0.392157 0.5 0 0
11590 0.103708 0.583333 425.583 0.392157 0.5 0 0
11600 0.103724 0.583333 426.167 0.392157 0.5 0 0
11610 0.103724 0.583333 426.167 0.392157 0.5 0 0
11620 0.103739 0.583333 426.75 0.392157 0.5 0 0
11630 0.103739 0.583333 426.75 0.388235 0.5 0 0
11640 0.103755 0.583333 427.333 0.388235 0.5 0 0
11650 0.103755 0.583333 427.333 0.388235 0.5 0 0
11660 0.1038 0.583333 427.917 0.388235 0.5 0 0
11670 0.1038 0.583333 427.917 0.388235 0.5 0 0
11680 0.103847 0.583333 428.5 0.388235 0.5 0 0
11690 0.103847 0.583333 428.5 0.388235 0.5 0 0
11700 0.103875 0.583333 429.083 0.388235 0.5 0 0
11710 0.103875 0.583333 429.083 0.388235 0.5 0 0
11720 0.103874 0.583333 429.667 0.388235 0.5 0 0
11730 0.103874 0.583333 429.667 0.388235 0.5 0 0
11740 0.103864 0.583333 430.25 0.388235 0.5 0 0
11750 0.103864 0.583333 430.25 0.388235 0.5 0 0
11760 0.103848 0.583333 430.833 0.388235 0.5 0 0
11770 0.103848 0.583333 430.833 0.388235 0.5 0 0
11780 0.103834 0.583333 431.417 0.388235 0.5 0 0
11790 0.103834 0.583333 431.417 0.388235 0.5 0 0
11800 0.10383 0.416667 431.833 0.388235 0.5 0 0
11810 0.10383 0.416667 431.833 0.388235 0.5 0 0
11820 0.10383 0.416667 432.25 0.388235 0.5 0 0
11830 0.10383 0.416667 432.25 0.388235 0.5 0 0
11840 0.103866 0.5 432.75 0.388235 0.5 0 0
11850 0.103866 0.5 432.75 0.388235 0.5 0 0
11860 0.103879 0.5 433.25 0.388235 0.5 0 0
11870 0.103879 0.5 433.25 0.388235 0.5 0 0
11880 0.103898 0.583333 433.833 0.388235 0.5 0 0
11890 0.103898 0.583333 433.833 0.388235 0.5 0 0
11900 0.103917 0.583333 434.417 0.388235 0.5 0 0
11910 0.103917 0.583333 434.417 0.388235 0.5 0 0
11920 0.103974 0.583333 435 0.388235 0.5 0 0
11930 0.103974 0.583333 435 0.388235 0.5 0 0
11940 0.104013 0.5 435.5 0.388235 0.5 0 0
11950 0.104013 0.5 435.5 0.384314 0.5 0 0
11960 0.104051 0.5 436 0.384314 0.5 0 0
11970 0.104051 0.5 436 0.388235 0.5 0 0
11980 0.104093 0.583333 436.583 0.388235 0.5 0 0
11990 0.104093 0.583333 436.583 0.388235 0.5 0 0
12000 0.104129 0.5 437.083 0.388235 0.5 0 0
12010 0.104129 0.5 437.083 0.388235 0.5 0 0
12020 0.10416 0.5 437.583 0.384314 0.5 0 0
12030 0.10416 0.5 437.583 0.384314 0.5 0 0
12040 0.104211 0.583333 438.167 0.384314 0.5 0 0
12050 0.104211 0.583333 438.167 0.384314 0.5 0 0
12060 0.104278 0.583333 438.75 0.384314 0.5 0 0
12070 0.104278 0.583333 438.75 0.384314 0.5 0 0
12080 0.104331 0.583333 439.333 0.384314 0.5 0 0
12090 0.104331 0.583333 439.333 0.384314 0.5 0 0
12100 0.104386 0.583333 439.917 0.384314 0.5 0 0
12110 0.104386 0.583333 439.917 0.384314 0.5 0 0
12120 0.104434 0.416667 440.333 0.384314 0.5 0 0
12130 0.104434 0.416667 440.333 0.384314 0.5 0 0
12140 0.104468 0.416667 440.75 0.384314 0.5 0 0
12150 0.104468 0.416667 440.75 0.384314 0.5 0 0
12160 0.104507 0.5 441.25 0.384314 0.5 0 0
12170 0.104507 0.5 441.25 0.384314 0.5 0 0
12180 0.104542 0.583333 441.833 0.384314 0.5 0 0
12190 0.104542 0.583333 441.833 0.384314 0.5 0 0
12200 0.104591 0.583333 442.417 0.384314 0.5 0 0
12210 0.104591 0.583333 442.417 0.384314 0.5 0 0
12220 0.104639 0.583333 443 0.384314 0.5 0 0
12230 0.104639 0.583333 443 0.384314 0.5 0 0
12240 0.104688 0.583333 443.583 0.384314 0.5 0 0
12250 0.104688 0.583333 443.583 0.384314 0.5 0 0
12260 0.104697 0.583333 444.167 0.384314 0.5 0 0
12270 0.104697 0.583333 444.167 0.384314 0.5 0 0
12280 0.104704 0.666667 444.833 0.384314 0.5 0 0
12290 0.104704 0.666667 444.833 0.384314 0.5 0 0
12300 0.104702 0.666667 445.5 0.384314 0.5 0 0
12310 0.104702 0.666667 445.5 0.384314 0.5 0 0
12320 0.104721 0.666667 446.167 0.384314 0.5 0 0
12330 0.104721 0.666667 446.167 0.384314 0.5 0 0
12340 0.104737 0.666667 446.833 0.384314 0.5 0 0
12350 0.104737 0.666667 446.833 0.384314 0.5 0 0
12360 0.104753 0.666667 447.5 0.384314 0.5 0 0
12370 0.104753 0.666667 447.5 0.384314 0.5 0 0
12380 0.104757 0.666667 448.167 0.384314 0.5 0 0
12390 0.104757 0.666667 448.167 0.384314 0.5 0 0
12400 0.104753 0.666667 448.833 0.384314 0.5 0 0
12410 0.104753 0.666667 448.833 0.384314 0.5 0 0
12420 0.104489 0.666667 449.5 0.384314 0.5 0 0
12430 0.104489 0.666667 449.5 0.388235 0.5 0 0
12440 0.104503 0.666667 450.167 0.384314 0.5 0 0
12450 0.104503 0.666667 450.167 0.384314 0.5 0 0
12460 0.104543 0.666667 450.833 0.388235 0.5 0 0
12470 0.104543 0.666667 450.833 0.388235 0.5 0 0
12480 0.104597 0.583333 451.417 0.384314 0.5 0 0
12490 0.104597 0.583333 451.417 0.384314 0.5 0 0
12500 0.104636 0.416667 451.833 0.384314 0.5 0 0
12510 0.104636 0.416667 451.833 0.388235 0.5 0 0
12520 0.104662 0.416667 452.25 0.384314 0.5 0 0
12530 0.104662 0.416667 452.25 0.388235 0.5 0 0
12540 0.104718 0.583333 452.833 0.384314 0.5 0 0
12550 0.104718 0.583333 452.833 0.388235 0.5 0 0
12560 0.104741 0.666667 453.5 0.388235 0.5 0 0
12570 0.104741 0.666667 453.5 0.388235 0.5 0 0
12580 0.104763 0.666667 454.167 0.388235 0.5 0 0
12590 0.104763 0.666667 454.167 0.388235 0.5 0 0
12600 0.104792 0.666667 454.833 0.388235 0.5 0 0
12610 0.104792 0.666667 454.833 0.384314 0.5 0 0
12620 0.104828 0.583333 455.417 0.384314 0.5 0 0
12630 0.104828 0.583333 455.417 0.384314 0.5 0 0
12640 0.104829 0.583333 456 0.388235 0.5 0 0
12650 0.104829 0.583333 456 0.388235 0.5 0 0
12660 0.104842 0.5 456.5 0.388235 0.5 0 0
12670 0.104842 0.5 456.5 0.388235 0.5 0 0
12680 0.104895 0.583333 457.083 0.388235 0.5 0 0
12690 0.104895 0.583333 457.083 0.388235 0.5 0 0
12700 0.104925 0.583333 457.667 0.388235 0.5 0 0
12710 0.104925 0.583333 457.667 0.388235 0.5 0 0
12720 0.10495 0.583333 458.25 0.388235 0.5 0 0
12730 0.10495 0.583333 458.25 0.388235 0.5 0 0
12740 0.104974 0.583333 458.833 0.388235 0.5 0 0
12750 0.104974 0.583333 458.833 0.388235 0.5 0 0
12760 0.105001 0.583333 459.417 0.388235 0.5 0 0
12770 0.105001 0.583333 459.417 0.388235 0.5 0 0
12780 0.105025 0.583333 460 0.388235 0.5 0 0
12790 0.105025 0.583333 460 0.388235 0.5 0 0
12800 0.105052 0.5 460.5 0.384314 0.5 0 0
12810 0.105052 0.5 460.5 0.388235 0.5 0 0
12820 0.105084 0.5 461 0.388235 0.5 0 0
12830 0.105084 0.5 461 0.388235 0.5 0 0
12840 0.105114 0.5 461.5 0.388235 0.5 0 0
12850 0.105114 0.5 461.5 0.388235 0.5 0 0
12860 0.105164 0.5 462 0.388235 0.5 0 0
12870 0.105164 0.5 462 0.388235 0.5 0 0
12880 0.10521 0.5 462.5 0.388235 0.5 0 0
12890 0.10521 0.5 462.5 0.388235 0.5 0 0
12900 0.105267 0.5 463 0.384314 0.5 0 0
12910 0.105267 0.5 463 0.384314 0.5 0 0
12920 0.105296 0.5 463.5 0.384314 0.5 0 0
12930 0.105296 0.5 463.5 0.388235 0.5 0 0
12940 0.10534 0.583333 464.083 0.384314 0.5 0 0
12950 0.10534 0.583333 464.083 0.384314 0.5 0 0
12960 0.105371 0.583333 464.667 0.384314 0.5 0 0
12970 0.105371 0.583333 464.667 0.384314 0.5 0 0
12980 0.105383 0.5 465.167 0.384314 0.5 0 0
12990 0.105383 0.5 465.167 0.384314 0.5 0 0
13000 0.105984 0.833333 466 0.380392 0.5 0 0
13010 0.105984 0.833333 466 0.380392 0.5 0 0
13020 0.106038 0.833333 466.833 0.380392 0.5 0 0
13030 0.106038 0.833333 466.833 0.380392 0.5 0 0
13040 0.10614 0.75 467.583 0.380392 0.5 0 0
13050 0.10614 0.75 467.583 0.380392 0.5 0 0
13060 0.10604 0.833333 468.417 0.380392 0.5 0 0
13070 0.10604 0.833333 468.417 0.380392 0.5 0 0
13080 0.106131 0.833333 469.25 0.380392 0.5 0 0
13090 0.106131 0.833333 469.25 0.380392 0.5 0 0
13100 0.10625 0.833333 470.083 0.380392 0.5 0 0
13110 0.10625 0.833333 470.083 0.380392 0.5 0 0
13120 0.106368 0.75 470.833 0.380392 0.5 0 0
13130 0.106368 0.75 470.833 0.376471 0.5 0 0
13140 0.106431 0.75 471.583 0.380392 0.5 0 0
13150 0.106431 0.75 471.583 0.380392 0.5 0 0
13160 0.106471 0.75 472.333 0.376471 0.5 0 0
13170 0.106471 0.75 472.333 0.376471 0.5 0 0
13180 0.106537 0.583333 472.917 0.376471 0.5 0 0
13190 0.106537 0.583333 472.917 0.376471 0.5 0 0
13200 0.10658 0.583333 473.5 0.376471 0.5 0 0
13210 0.10658 0.583333 473.5 0.376471 0.5 0 0
13220 0.10662 0.583333 474.083 0.376471 0.5 0 0
13230 0.10662 0.583333 474.083 0.376471 0.5 0 0
13240 0.106639 0.583333 474.667 0.376471 0.5 0 0
13250 0.106639 0.583333 474.667 0.376471 0.5 0 0
13260 0.106645 0.583333 475.25 0.376471 0.5 0 0
13270 0.106645 0.583333 475.25 0.376471 0.5 0 0
13280 0.106717 0.583333 475.833 0.376471 0.5 0 0
13290 0.106717 0.583333 475.833 0.376471 0.5 0 0
13300 0.106838 0.583333 476.417 0.376471 0.5 0 0
13310 0.106838 0.583333 476.417 0.376471 0.5 0 0
13320 0.106903 0.583333 477 0.376471 0.5 0 0
13330 0.106903 0.583333 477 0.376471 0.5 0 0
13340 0.10694 0.583333 477.583 0.376471 0.5 0 0
13350 0.10694 0.583333 477.583 0.376471 0.5 0 0
13360 0.10697 0.583333 478.167 0.376471 0.5 0 0
13370 0.10697 0.583333 478.167 0.376471 0.5 0 0
13380 0.106997 0.583333 478.75 0.376471 0.5 0 0
13390 0.106997 0.583333 478.75 0.376471 0.5 0 0
13400 0.107028 0.583333 479.333 0.376471 0.5 0 0
13410 0.107028 0.583333 479.333 0.376471 0.5 0 0
13420 0.107064 0.583333 479.917 0.376471 0.5 0 0
13430 0.107064 0.583333 479.917 0.376471 0.5 0 0
13440 0.107175 0.666667 480.583 0.376471 0.5 0 0
13450 0.107175 0.666667 480.583 0.376471 0.5 0 0
13460 0.107204 0.583333 481.167 0.376471 0.5 0 0
13470 0.107204 0.583333 481.167 0.376471 0.5 0 0
13480 0.107227 0.583333 481.75 0.376471 0.5 0 0
13490 0.107227 0.583333 481.75 0.376471 0.5 0 0
13500 0.10729 0.666667 482.417 0.376471 0.5 0 0
13510 0.10729 0.666667 482.417 0.376471 0.5 0 0
13520 0.107353 0.666667 483.083 0.376471 0.5 0 0
13530 0.107353 0.666667 483.083 0.376471 0.5 0 0
13540 0.107433 0.75 483.833 0.376471 0.5 0 0
13550 0.107433 0.75 483.833 0.376471 0.5 0 0
13560 0.107469 0.75 484.583 0.376471 0.5 0 0
13570 0.107469 0.75 484.583 0.376471 0.5 0 0
13580 0.107577 0.75 485.333 0.376471 0.5 0 0
13590 0.107577 0.75 485.333 0.376471 0.5 0 0
13600 0.107623 0.75 486.083 0.376471 0.5 0 0
13610 0.107623 0.75 486.083 0.376471 0.5 0 0
13620 0.107685 0.583333 486.667 0.376471 0.5 0 0
13630 0.107685 0.583333 486.667 0.376471 0.5 0 0
13640 0.108084 0.583333 487.25 0.376471 0.5 0 0
13650 0.108084 0.583333 487.25 0.376471 0.5 0 0
13660 0.108152 0.5 487.75 0.376471 0.5 0 0
13670 0.108152 0.5 487.75 0.376471 0.5 0 0
13680 0.109646 0.666667 488.417 0.372549 0.5 0 0
13690 0.109646 0.666667 488.417 0.376471 0.5 0 0
13700 0.109579 0.583333 489 0.376471 0.5 0 0
13710 0.109579 0.583333 489 0.376471 0.5 0 0
13720 0.109616 0.666667 489.667 0.376471 0.5 0 0
13730 0.109616 0.666667 489.667 0.376471 0.5 0 0
13740 0.109444 0.833333 490.5 0.376471 0.5 0 0
13750 0.109444 0.833333 490.5 0.376471 0.5 0 0
13760 0.109481 0.833333 491.333 0.376471 0.5 0 0
13770 0.109481 0.833333 491.333 0.376471 0.5 0 0
13780 0.109628 0.583333 491.917 0.376471 0.5 0 0
13790 0.109628 0.583333 491.917 0.376471 0.5 0 0
13800 0.109725 0.5 492.417 0.376471 0.5 0 0
13810 0.109725 0.5 492.417 0.372549 0.5 0 0
13820 0.110169 0.5 492.917 0.372549 0.5 0 0
13830 0.110169 0.5 492.917 0.372549 0.5 0 0
13840 0.11039 0.583333 493.5 0.372549 0.5 0 0
13850 0.11039 0.583333 493.5 0.372549 0.5 0 0
13860 0.110488 0.583333 494.083 0.372549 0.5 0 0
13870 0.110488 0.583333 494.083 0.372549 0.5 0 0
13880 0.110564 0.833333 494.917 0.372549 0.5 0 0
13890 0.110564 0.833333 494.917 0.372549 0.5 0 0
13900 0.111011 0.833333 495.75 0.372549 0.5 0 0
13910 0.111011 0.833333 495.75 0.368627 0.5 0 0
13920 0.111097 0.833333 496.583 0.368627 0.5 0 0
13930 0.111097 0.833333 496.583 0.372549 0.5 0 0
13940 0.111127 0.833333 497.417 0.372549 0.5 0 0
13950 0.111127 0.833333 497.417 0.368627 0.5 0 0
13960 0.111157 0.833333 498.25 0.368627 0.5 0 0
13970 0.111157 0.833333 498.25 0.368627 0.5 0 0
13980 0.111209 0.666667 498.917 0.368627 0.5 0 0
13990 0.111209 0.666667 498.917 0.368627 0.5 0 0
14000 0.11126 0.666667 499.583 0.368627 0.5 0 0
14010 0.11126 0.666667 499.583 0.368627 0.5 0 0
14020 0.11146 0.416667 500 0.368627 0.5 0 0
14030 0.11146 0.416667 500 0.368627 0.5 0 0
14040 0.111582 0.416667 500.417 0.368627 0.5 0 0
14050 0.111582 0.416667 500.417 0.368627 0.5 0 0
14060 0.111494 0.583333 501 0.364706 0.5 0 0
14070 0.111494 0.583333 501 0.364706 0.5 0 0
14080 0.110974 0.583333 501.583 0.368627 0.5 0 0
14090 0.110974 0.583333 501.583 0.368627 0.5 0 0
14100 0.110178 0.583333 502.167 0.368627 0.5 0 0
14110 0.110178 0.583333 502.167 0.364706 0.5 0 0
14120 0.109813 0.583333 502.75 0.364706 0.5 0 0
14130 0.109813 0.583333 502.75 0.364706 0.5 0 0
14140 0.109427 0.583333 503.333 0.368627 0.5 0 0
14150 0.109427 0.583333 503.333 0.364706 0.5 0 0
14160 0.109292 0.416667 503.75 0.364706 0.5 0 0
14170 0.109292 0.416667 503.75 0.364706 0.5 0 0
14180 0.10945 0.583333 504.333 0.364706 0.5 0 0
14190 0.10945 0.583333 504.333 0.364706 0.5 0 0
14200 0.10956 0.583333 504.917 0.364706 0.5 0 0
14210 0.10956 0.583333 504.917 0.364706 0.5 0 0
14220 0.109638 0.666667 505.583 0.364706 0.5 0 0
14230 0.109638 0.666667 505.583 0.364706 0.5 0 0
14240 0.109721 0.666667 506.25 0.364706 0.5 0 0
14250 0.109721 0.666667 506.25 0.364706 0.5 0 0
14260 0.109851 0.583333 506.833 0.364706 0.5 0 0
14270 0.109851 0.583333 506.833 0.360784 0.5 0 0
14280 0.109963 0.583333 507.417 0.364706 0.5 0 0
14290 0.109963 0.583333 507.417 0.360784 0.5 0 0
14300 0.109995 0.583333 508 0.364706 0.5 0 0
14310 0.109995 0.583333 508 0.360784 0.5 0 0
14320 0.110034 0.583333 508.583 0.360784 0.5 0 0
14330 0.110034 0.583333 508.583 0.360784 0.5 0 0
14340 0.110068 0.583333 509.167 0.360784 0.5 0 0
14350 0.110068 0.583333 509.167 0.360784 0.5 0 0
14360 0.110098 0.583333 509.75 0.360784 0.5 0 0
14370 0.110098 0.583333 509.75 0.360784 0.5 0 0
14380 0.110139 0.583333 510.333 0.360784 0.5 0 0
14390 0.110139 0.583333 510.333 0.360784 0.5 0 0
14400 0.110191 0.666667 511 0.360784 0.5 0 0
14410 0.110191 0.666667 511 0.360784 0.5 0 0
14420 0.110236 0.583333 511.583 0.360784 0.5 0 0
14430 0.110236 0.583333 511.583 0.360784 0.5 0 0
14440 0.110284 0.583333 512.167 0.360784 0.5 0 0
14450 0.110284 0.583333 512.167 0.360784 0.5 0 0
14460 0.110333 0.666667 512.833 0.360784 0.5 0 0
14470 0.110333 0.666667 512.833 0.360784 0.5 0 0
14480 0.110383 0.666667 513.5 0.360784 0.5 0 0
14490 0.110383 0.666667 513.5 0.360784 0.5 0 0
14500 0.11047 0.833333 514.333 0.360784 0.5 0 0
14510 0.11047 0.833333 514.333 0.360784 0.5 0 0
14520 0.110518 0.833333 515.167 0.360784 0.5 0 0
14530 0.110518 0.833333 515.167 0.360784 0.5 0 0
14540 0.110557 0.833333 516 0.360784 0.5 0 0
14550 0.110557 0.833333 516 0.364706 0.5 0 0
14560 0.1106 0.75 516.75 0.360784 0.5 0 0
14570 0.1106 0.75 516.75 0.360784 0.5 0 0
14580 0.110642 0.75 517.5 0.360784 0.5 0 0
14590 0.110642 0.75 517.5 0.360784 0.5 0 0
14600 0.110705 0.666667 518.167 0.360784 0.5 0 0
14610 0.110705 0.666667 518.167 0.360784 0.5 0 0
14620 0.110751 0.833333 519 0.360784 0.5 0 0
14630 0.110751 0.833333 519 0.360784 0.5 0 0
14640 0.110652 0.833333 519.833 0.360784 0.5 0 0
14650 0.110652 0.833333 519.833 0.360784 0.5 0 0
14660 0.110557 0.833333 520.667 0.360784 0.5 0 0
14670 0.110557 0.833333 520.667 0.360784 0.5 0 0
14680 0.110452 0.75 521.417 0.360784 0.5 0 0
14690 0.110452 0.75 521.417 0.360784 0.5 0 0
14700 0.110307 0.5 521.917 0.360784 0.5 0 0
14710 0.110307 0.5 521.917 0.360784 0.5 0 0
14720 0.109794 0.583333 522.5 0.360784 0.5 0 0
14730 0.109794 0.583333 522.5 0.360784 0.5 0 0
14740 0.109513 0.75 523.25 0.360784 0.5 0 0
14750 0.109513 0.75 523.25 0.360784 0.5 0 0
14760 0.109471 0.75 524 0.360784 0.5 0 0
14770 0.109471 0.75 524 0.360784 0.5 0 0
14780 0.109251 0.75 524.75 0.360784 0.5 0 0
14790 0.109251 0.75 524.75 0.360784 0.5 0 0
14800 0.108764 0.75 525.5 0.360784 0.5 0 0
14810 0.108764 0.75 525.5 0.360784 0.5 0 0
14820 0.108557 0.666667 526.167 0.360784 0.5 0 0
14830 0.108557 0.666667 526.167 0.360784 0.5 0 0
14840 0.108571 0.666667 526.833 0.360784 0.5 0 0
14850 0.108571 0.666667 526.833 0.360784 0.5 0 0
14860 0.108584 0.666667 527.5 0.360784 0.5 0 0
14870 0.108584 0.666667 527.5 0.360784 0.5 0 0
14880 0.108599 0.583333 528.083 0.360784 0.5 0 0
14890 0.108599 0.583333 528.083 0.360784 0.5 0 0
14900 0.108612 0.416667 528.5 0.360784 0.5 0 0
14910 0.108612 0.416667 528.5 0.360784 0.5 0 0
14920 0.108637 0.666667 529.167 0.360784 0.5 0 0
14930 0.108637 0.666667 529.167 0.360784 0.5 0 0
14940 0.108639 0.75 529.917 0.360784 0.5 0 0
14950 0.108639 0.75 529.917 0.360784 0.5 0 0
14960 0.108643 0.75 530.667 0.360784 0.5 0 0
14970 0.108643 0.75 530.667 0.360784 0.5 0 0
14980 0.108652 0.75 531.417 0.360784 0.5 0 0
14990 0.108652 0.75 531.417 0.360784 0.5 0 0
15000 0.108663 0.75 532.167 0.360784 0.5 0 0
15010 0.108663 0.75 532.167 0.360784 0.5 0 0
15020 0.108674 0.75 532.917 0.360784 0.5 0 0
15030 0.108674 0.75 532.917 0.360784 0.5 0 0
15040 0.108684 0.583333 533.5 0.360784 0.5 0 0
15050 0.108684 0.583333 533.5 0.360784 0.5 0 0
15060 0.108693 0.583333 534.083 0.360784 0.5 0 0
15070 0.108693 0.583333 534.083 0.360784 0.5 0 0
15080 0.108703 0.583333 534.667 0.360784 0.5 0 0
15090 0.108703 0.583333 534.667 0.360784 0.5 0 0
15100 0.108712 0.583333 535.25 0.360784 0.5 0 0
15110 0.108712 0.583333 535.25 0.360784 0.5 0 0
15120 0.108721 0.583333 535.833 0.356863 0.5 0 0
15130 0.108721 0.583333 535.833 0.360784 0.5 0 0
15140 0.108729 0.583333 536.417 0.360784 0.5 0 0
15150 0.108729 0.583333 536.417 0.360784 0.5 0 0
15160 0.108736 0.583333 537 0.360784 0.5 0 0
15170 0.108736 0.583333 537 0.360784 0.5 0 0
15180 0.108744 0.75 537.75 0.360784 0.5 0 0
15190 0.108744 0.75 537.75 0.360784 0.5 0 0
15200 0.108752 0.75 538.5 0.360784 0.5 0 0
15210 0.108752 0.75 538.5 0.360784 0.5 0 0
15220 0.108756 0.666667 539.167 0.360784 0.5 0 0
15230 0.108756 0.666667 539.167 0.360784 0.5 0 0
15240 0.108777 0.75 539.917 0.360784 0.5 0 0
15250 0.108777 0.75 539.917 0.360784 0.5 0 0
15260 0.108801 0.75 540.667 0.360784 0.5 0 0
15270 0.108801 0.75 540.667 0.360784 0.5 0 0
15280 0.108829 0.833333 541.5 0.360784 0.5 0 0
15290 0.108829 0.833333 541.5 0.360784 0.5 0 0
15300 0.109036 0.833333 542.333 0.360784 0.5 0 0
15310 0.109036 0.833333 542.333 0.360784 0.5 0 0
15320 0.109104 0.833333 543.167 0.360784 0.5 0 0
15330 0.109104 0.833333 543.167 0.360784 0.5 0 0
15340 0.109145 0.833333 544 0.360784 0.5 0 0
15350 0.109145 0.833333 544 0.360784 0.5 0 0
15360 0.10922 0.833333 544.833 0.360784 0.5 0 0
15370 0.10922 0.833333 544.833 0.360784 0.5 0 0
15380 0.109278 0.833333 545.667 0.360784 0.5 0 0
15390 0.109278 0.833333 545.667 0.360784 0.5 0 0
15400 0.109328 0.833333 546.5 0.360784 0.5 0 0
15410 0.109328 0.833333 546.5 0.360784 0.5 0 0
15420 0.109375 0.833333 547.333 0.360784 0.5 0 0
15430 0.109375 0.833333 547.333 0.360784 0.5 0 0
15440 0.109426 0.833333 548.167 0.360784 0.5 0 0
15450 0.109426 0.833333 548.167 0.360784 0.5 0 0
15460 0.109473 0.833333 549 0.360784 0.5 0 0
15470 0.109473 0.833333 549 0.360784 0.5 0 0
15480 0.109509 0.833333 549.833 0.360784 0.5 0 0
15490 0.109509 0.833333 549.833 0.360784 0.5 0 0
15500 0.10956 0.833333 550.667 0.360784 0.5 0 0
15510 0.10956 0.833333 550.667 0.360784 0.5 0 0
15520 0.109575 0.833333 551.5 0.360784 0.5 0 0
15530 0.109575 0.833333 551.5 0.360784 0.5 0 0
15540 0.109607 0.75 552.25 0.360784 0.5 0 0
15550 0.109607 0.75 552.25 0.360784 0.5 0 0
15560 0.109653 0.75 553 0.360784 0.5 0 0
15570 0.109653 0.75 553 0.360784 0.5 0 0
15580 0.109696 0.75 553.75 0.360784 0.5 0 0
15590 0.109696 0.75 553.75 0.360784 0.5 0 0
15600 0.109722 0.666667 554.417 0.360784 0.5 0 0
15610 0.109722 0.666667 554.417 0.360784 0.5 0 0
15620 0.109752 0.75 555.167 0.360784 0.5 0 0
15630 0.109752 0.75 555.167 0.360784 0.5 0 0
15640 0.109802 0.75 555.917 0.360784 0.5 0 0
15650 0.109802 0.75 555.917 0.360784 0.5 0 0
15660 0.109846 0.75 556.667 0.360784 0.5 0 0
15670 0.109846 0.75 556.667 0.360784 0.5 0 0
15680 0.109886 0.75 557.417 0.360784 0.5 0 0
15690 0.109886 0.75 557.417 0.360784 0.5 0 0
15700 0.10992 0.916667 558.333 0.356863 0.5 0 0
15710 0.10992 0.916667 558.333 0.356863 0.5 0 0
15720 0.109941 0.916667 559.25 0.360784 0.5 0 0
15730 0.109941 0.916667 559.25 0.356863 0.5 0 0
15740 0.109978 0.916667 560.167 0.360784 0.5 0 0
15750 0.109978 0.916667 560.167 0.356863 0.5 0 0
15760 0.110008 0.75 560.917 0.360784 0.5 0 0
15770 0.110008 0.75 560.917 0.356863 0.5 0 0
15780 0.11006 0.75 561.667 0.360784 0.5 0 0
15790 0.11006 0.75 561.667 0.356863 0.5 0 0
15800 0.11011 0.833333 562.5 0.356863 0.5 0 0
15810 0.11011 0.833333 562.5 0.356863 0.5 0 0
15820 0.110224 0.833333 563.333 0.356863 0.5 0 0
15830 0.110224 0.833333 563.333 0.356863 0.5 0 0
15840 0.110292 0.916667 564.25 0.356863 0.5 0 0
15850 0.110292 0.916667 564.25 0.356863 0.5 0 0
15860 0.110304 0.833333 565.083 0.356863 0.5 0 0
15870 0.110304 0.833333 565.083 0.356863 0.5 0 0
15880 0.110114 0.833333 565.917 0.356863 0.5 0 0
15890 0.110114 0.833333 565.917 0.356863 0.5 0 0
15900 0.109666 0.916667 566.833 0.356863 0.5 0 0
15910 0.109666 0.916667 566.833 0.356863 0.5 0 0
15920 0.109491 0.916667 567.75 0.356863 0.5 0 0
15930 0.109491 0.916667 567.75 0.356863 0.5 0 0
15940 0.109018 0.75 568.5 0.356863 0.5 0 0
15950 0.109018 0.75 568.5 0.356863 0.5 0 0
15960 0.108201 0.75 569.25 0.356863 0.5 0 0
15970 0.108201 0.75 569.25 0.356863 0.5 0 0
15980 0.107463 0.75 570 0.356863 0.5 0 0
15990 0.107463 0.75 570 0.356863 0.5 0 0
16000 0.106952 0.75 570.75 0.356863 0.5 0 0
16010 0.106952 0.75 570.75 0.356863 0.5 0 0
16020 0.106557 0.75 571.5 0.356863 0.5 0 0
16030 0.106557 0.75 571.5 0.356863 0.5 0 0
16040 0.106582 0.583333 572.083 0.352941 0.5 0 0
16050 0.106582 0.583333 572.083 0.352941 0.5 0 0
16060 0.106746 0.666667 572.75 0.352941 0.5 0 0
16070 0.106746 0.666667 572.75 0.356863 0.5 0 0
16080 0.106943 0.666667 573.417 0.352941 0.5 0 0
16090 0.106943 0.666667 573.417 0.352941 0.5 0 0
16100 0.10721 0.666667 574.083 0.352941 0.5 0 0
16110 0.10721 0.666667 574.083 0.352941 0.5 0 0
16120 0.107377 0.666667 574.75 0.352941 0.5 0 0
16130 0.107377 0.666667 574.75 0.356863 0.5 0 0
16140 0.107483 0.666667 575.417 0.352941 0.5 0 0
16150 0.107483 0.666667 575.417 0.356863 0.5 0 0
16160 0.107545 0.5 575.917 0.356863 0.5 0 0
16170 0.107545 0.5 575.917 0.356863 0.5 0 0
16180 0.107585 0.666667 576.583 0.356863 0.5 0 0
16190 0.107585 0.666667 576.583 0.356863 0.5 0 0
16200 0.107649 0.75 577.333 0.356863 0.5 0 0
16210 0.107649 0.75 577.333 0.356863 0.5 0 0
16220 0.10797 0.833333 578.167 0.356863 0.5 0 0
16230 0.10797 0.833333 578.167 0.356863 0.5 0 0
16240 0.107882 0.75 578.917 0.352941 0.5 0 0
16250 0.107882 0.75 578.917 0.352941 0.5 0 0
16260 0.107272 0.75 579.667 0.352941 0.5 0 0
16270 0.107272 0.75 579.667 0.352941 0.5 0 0
16280 0.107331 0.75 580.417 0.352941 0.5 0 0
16290 0.107331 0.75 580.417 0.352941 0.5 0 0
16300 0.107504 0.833333 581.25 0.352941 0.5 0 0
16310 0.107504 0.833333 581.25 0.352941 0.5 0 0
16320 0.107662 0.833333 582.083 0.352941 0.5 0 0
16330 0.107662 0.833333 582.083 0.352941 0.5 0 0
16340 0.107215 0.833333 582.917 0.352941 0.5 0 0
16350 0.107215 0.833333 582.917 0.352941 0.5 0 0
16360 0.107067 0.833333 583.75 0.352941 0.5 0 0
16370 0.107067 0.833333 583.75 0.352941 0.5 0 0
16380 0.106927 0.833333 584.583 0.352941 0.5 0 0
16390 0.106927 0.833333 584.583 0.352941 0.5 0 0
16400 0.106879 0.666667 585.25 0.34902 0.5 0 0
16410 0.106879 0.666667 585.25 0.352941 0.5 0 0
16420 0.107037 0.666667 585.917 0.352941 0.5 0 0
16430 0.107037 0.666667 585.917 0.352941 0.5 0 0
16440 0.107014 0.75 586.667 0.34902 0.5 0 0
16450 0.107014 0.75 586.667 0.34902 0.5 0 0
16460 0.107021 0.75 587.417 0.34902 0.5 0 0
16470 0.107021 0.75 587.417 0.34902 0.5 0 0
16480 0.107452 0.75 588.167 0.34902 0.5 0 0
16490 0.107452 0.75 588.167 0.34902 0.5 0 0
16500 0.107409 0.75 588.917 0.34902 0.5 0 0
16510 0.107409 0.75 588.917 0.34902 0.5 0 0
16520 0.106826 0.75 589.667 0.352941 0.5 0 0
16530 0.106826 0.75 589.667 0.360784 0.5 0 0
16540 0.106814 0.75 590.417 0.360784 0.5 0 0
16550 0.106814 0.75 590.417 0.368627 0.5 0 0
16560 0.106921 0.5 590.917 0.368627 0.5 0 0
16570 0.106921 0.5 590.917 0.368627 0.5 0 0
16580 0.106252 0.5 591.417 0.356863 0.5 0 0
16590 0.106252 0.5 591.417 0.34902 0.5 0 0
16600 0.104856 0.5 591.917 0.34902 0.5 0 0
16610 0.104856 0.5 591.917 0.34902 0.5 0 0
16620 0.103976 0.5 592.417 0.34902 0.5 0 0
16630 0.103976 0.5 592.417 0.34902 0.5 0 0
16640 0.105219 0.5 592.917 0.34902 0.5 0 0
16650 0.105219 0.5 592.917 0.34902 0.5 0 0
16660 0.106747 0.5 593.417 0.34902 0.5 0 0
16670 0.106747 0.5 593.417 0.352941 0.5 0 0
16680 0.107803 0.5 593.917 0.352941 0.5 0 0
16690 0.107803 0.5 593.917 0.352941 0.5 0 0
16700 0.107877 0.5 594.417 0.34902 0.5 0 0
16710 0.107877 0.5 594.417 0.34902 0.5 0 0
16720 0.107567 0.5 594.917 0.34902 0.5 0 0
16730 0.107567 0.5 594.917 0.34902 0.5 0 0
16740 0.106188 0.416667 595.333 0.345098 0.5 0 0
16750 0.106188 0.416667 595.333 0.345098 0.5 0 0
16760 0.104604 0.333333 595.667 0.345098 0.5 0 0
16770 0.104604 0.333333 595.667 0.345098 0.5 0 0
16780 0.103477 0.333333 596 0.345098 0.5 0 0
16790 0.103477 0.333333 596 0.345098 0.5 0 0
16800 0.102545 0.333333 596.333 0.345098 0.5 0 0
16810 0.102545 0.333333 596.333 0.345098 0.5 0 0
16820 0.102487 0.5 596.833 0.345098 0.5 0 0
16830 0.102487 0.5 596.833 0.345098 0.5 0 0
16840 0.102475 0.5 597.333 0.345098 0.5 0 0
16850 0.102475 0.5 597.333 0.345098 0.5 0 0
16860 0.102371 0.5 597.833 0.345098 0.5 0 0
16870 0.102371 0.5 597.833 0.345098 0.5 0 0
16880 0.102243 0.5 598.333 0.345098 0.5 0 0
16890 0.102243 0.5 598.333 0.345098 0.5 0 0
16900 0.102242 0.5 598.833 0.345098 0.5 0 0
16910 0.102242 0.5 598.833 0.345098 0.5 0 0
16920 0.102242 0.5 599.333 0.345098 0.5 0 0
16930 0.102242 0.5 599.333 0.345098 0.5 0 0
16940 0.102214 0.416667 599.75 0.345098 0.5 0 0
16950 0.102214 0.416667 599.75 0.345098 0.5 0 0
16960 0.102214 0.583333 600.333 0.345098 0.5 0 0
16970 0.102214 0.583333 600.333 0.345098 0.5 0 0
16980 0.102214 0.583333 600.917 0.345098 0.5 0 0
16990 0.102214 0.583333 600.917 0.345098 0.5 0 0
17000 0.102214 0.583333 601.5 0.345098 0.5 0 0
17010 0.102214 0.583333 601.5 0.345098 0.5 0 0
17020 0.102214 0.583333 602.083 0.345098 0.5 0 0
17030 0.102214 0.583333 602.083 0.345098 0.5 0 0
17040 0.102214 0.583333 602.667 0.345098 0.5 0 0
17050 0.102214 0.583333 602.667 0.345098 0.5 0 0
17060 0.102214 0.5 603.167 0.345098 0.5 0 0
17070 0.102214 0.5 603.167 0.345098 0.5 0 0
17080 0.102214 0.583333 603.75 0.345098 0.5 0 0
17090 0.102214 0.583333 603.75 0.345098 0.5 0 0
17100 0.102214 0.583333 604.333 0.345098 0.5 0 0
17110 0.102214 0.583333 604.333 0.345098 0.5 0 0
17120 0.102214 0.333333 604.667 0.345098 0.5 0 0
17130 0.102214 0.333333 604.667 0.345098 0.5 0 0
17140 0.102214 0.5 605.167 0.345098 0.5 0 0
17150 0.102214 0.5 605.167 0.345098 0.5 0 0
17160 0.102214 0.5 605.667 0.345098 0.5 0 0
17170 0.102214 0.5 605.667 0.345098 0.5 0 0
17180 0.102214 0.333333 606 0.345098 0.5 0 0
17190 0.102214 0.333333 606 0.345098 0.5 0 0
17200 0.102214 0.5 606.5 0.345098 0.5 0 0
17210 0.102214 0.5 606.5 0.345098 0.5 0 0
17220 0.102214 0.5 607 0.345098 0.5 0 0
17230 0.102214 0.5 607 0.345098 0.5 0 0
17240 0.102214 0.5 607.5 0.345098 0.5 0 0
17250 0.102214 0.5 607.5 0.345098 0.5 0 0
17260 0.102214 0.5 608 0.345098 0.5 0 0
17270 0.102214 0.5 608 0.345098 0.5 0 0
17280 0.102214 0.5 608.5 0.345098 0.5 0 0
17290 0.102214 0.5 608.5 0.345098 0.5 0 0
17300 0.102214 0.5 609 0.345098 0.5 0 0
17310 0.102214 0.5 609 0.345098 0.5 0 0
17320 0.102214 0.583333 609.583 0.345098 0.5 0 0
17330 0.102214 0.583333 609.583 0.345098 0.5 0 0
17340 0.102214 0.583333 610.167 0.345098 0.5 0 0
17350 0.102214 0.583333 610.167 0.345098 0.5 0 0
17360 0.102214 0.666667 610.833 0.345098 0.5 0 0
17370 0.102214 0.666667 610.833 0.345098 0.5 0 0
17380 0.102214 0.666667 611.5 0.345098 0.5 0 0
17390 0.102214 0.666667 611.5 0.345098 0.5 0 0
17400 0.102214 0.666667 612.167 0.345098 0.5 0 0
17410 0.102214 0.666667 612.167 0.345098 0.5 0 0
17420 0.102214 0.583333 612.75 0.345098 0.5 0 0
17430 0.102214 0.583333 612.75 0.345098 0.5 0 0
17440 0.102214 0.666667 613.417 0.345098 0.5 0 0
17450 0.102214 0.666667 613.417 0.345098 0.5 0 0
17460 0.102214 0.75 614.167 0.345098 0.5 0 0
17470 0.102214 0.75 614.167 0.345098 0.5 0 0
17480 0.102214 0.75 614.917 0.345098 0.5 0 0
17490 0.102214 0.75 614.917 0.345098 0.5 0 0
17500 0.102214 0.75 615.667 0.345098 0.5 0 0
17510 0.102214 0.75 615.667 0.345098 0.5 0 0
17520 0.102214 0.75 616.417 0.345098 0.5 0 0
17530 0.102214 0.75 616.417 0.345098 0.5 0 0
17540 0.102214 0.75 617.167 0.345098 0.5 0 0
17550 0.102214 0.75 617.167 0.345098 0.5 0 0
17560 0.102214 0.583333 617.75 0.345098 0.5 0 0
17570 0.102214 0.583333 617.75 0.345098 0.5 0 0
17580 0.102214 0.583333 618.333 0.345098 0.5 0 0
17590 0.102214 0.583333 618.333 0.345098 0.5 0 0
17600 0.102214 0.666667 619 0.345098 0.5 0 0
17610 0.102214 0.666667 619 0.345098 0.5 0 0
17620 0.102214 0.666667 619.667 0.345098 0.5 0 0
17630 0.102214 0.666667 619.667 0.345098 0.5 0 0
17640 0.102214 0.666667 620.333 0.345098 0.5 0 0
17650 0.102214 0.666667 620.333 0.345098 0.5 0 0
17660 0.102214 0.75 621.083 0.345098 0.5 0 0
17670 0.102214 0.75 621.083 0.345098 0.5 0 0
17680 0.102214 0.75 621.833 0.345098 0.5 0 0
17690 0.102214 0.75 621.833 0.345098 0.5 0 0
17700 0.102214 0.583333 622.417 0.345098 0.5 0 0
17710 0.102214 0.583333 622.417 0.345098 0.5 0 0
17720 0.102214 0.5 622.917 0.345098 0.5 0 0
17730 0.102214 0.5 622.917 0.345098 0.5 0 0
17740 0.102214 0.833333 623.75 0.345098 0.5 0 0
17750 0.102214 0.833333 623.75 0.345098 0.5 0 0
17760 0.102214 0.916667 624.667 0.345098 0.5 0 0
17770 0.102214 0.916667 624.667 0.345098 0.5 0 0
17780 0.102214 0.833333 625.5 0.345098 0.5 0 0
17790 0.102214 0.833333 625.5 0.345098 0.5 0 0
17800 0.102214 0.666667 626.167 0.345098 0.5 0 0
17810 0.102214 0.666667 626.167 0.345098 0.5 0 0
17820 0.102201 0.666667 626.833 0.345098 0.5 0 0
17830 0.102201 0.666667 626.833 0.345098 0.5 0 0
17840 0.102183 0.666667 627.5 0.345098 0.5 0 0
17850 0.102183 0.666667 627.5 0.345098 0.5 0 0
17860 0.102178 0.666667 628.167 0.345098 0.5 0 0
17870 0.102178 0.666667 628.167 0.345098 0.5 0 0
17880 0.102178 0.583333 628.75 0.345098 0.5 0 0
17890 0.102178 0.583333 628.75 0.345098 0.5 0 0
17900 0.102178 0.583333 629.333 0.345098 0.5 0 0
17910 0.102178 0.583333 629.333 0.345098 0.5 0 0
17920 0.102178 0.583333 629.917 0.345098 0.5 0 0
17930 0.102178 0.583333 629.917 0.345098 0.5 0 0
17940 0.102178 0.583333 630.5 0.345098 0.5 0 0
17950 0.102178 0.583333 630.5 0.345098 0.5 0 0
17960 0.102178 0.583333 631.083 0.345098 0.5 0 0
17970 0.102178 0.583333 631.083 0.345098 0.5 0 0
17980 0.102178 0.75 631.833 0.345098 0.5 0 0
17990 0.102178 0.75 631.833 0.345098 0.5 0 0
18000 0.102178 0.75 632.583 0.345098 0.5 0 0
18010 0.102178 0.75 632.583 0.345098 0.5 0 0
18020 0.102178 0.75 633.333 0.345098 0.5 0 0
18030 0.102178 0.75 633.333 0.345098 0.5 0 0
18040 0.102178 0.75 634.083 0.345098 0.5 0 0
18050 0.102178 0.75 634.083 0.345098 0.5 0 0
18060 0.102178 0.75 634.833 0.345098 0.5 0 0
18070 0.102178 0.75 634.833 0.345098 0.5 0 0
18080 0.10216 0.75 635.583 0.345098 0.5 0 0
18090 0.10216 0.75 635.583 0.345098 0.5 0 0
18100 0.10216 0.75 636.333 0.345098 0.5 0 0
18110 0.10216 0.75 636.333 0.345098 0.5 0 0
18120 0.10216 0.916667 637.25 0.345098 0.5 0 0
18130 0.10216 0.916667 637.25 0.345098 0.5 0 0
18140 0.10216 0.833333 638.083 0.345098 0.5 0 0
18150 0.10216 0.833333 638.083 0.345098 0.5 0 0
18160 0.10216 0.833333 638.917 0.345098 0.5 0 0
18170 0.10216 0.833333 638.917 0.345098 0.5 0 0
18180 0.10216 0.833333 639.75 0.345098 0.5 0 0
18190 0.10216 0.833333 639.75 0.345098 0.5 0 0
18200 0.10216 0.833333 640.583 0.345098 0.5 0 0
18210 0.10216 0.833333 640.583 0.345098 0.5 0 0
18220 0.10216 0.833333 641.417 0.345098 0.5 0 0
18230 0.10216 0.833333 641.417 0.345098 0.5 0 0
18240 0.102141 0.666667 642.083 0.345098 0.5 0 0
18250 0.102141 0.666667 642.083 0.345098 0.5 0 0
18260 0.102138 0.583333 642.667 0.345098 0.5 0 0
18270 0.102138 0.583333 642.667 0.345098 0.5 0 0
18280 0.102138 0.666667 643.333 0.345098 0.5 0 0
18290 0.102138 0.666667 643.333 0.345098 0.5 0 0
18300 0.102138 0.916667 644.25 0.345098 0.5 0 0
18310 0.102138 0.916667 644.25 0.345098 0.5 0 0
18320 0.102138 0.916667 645.167 0.345098 0.5 0 0
18330 0.102138 0.916667 645.167 0.345098 0.5 0 0
18340 0.102138 0.916667 646.083 0.345098 0.5 0 0
18350 0.102138 0.916667 646.083 0.345098 0.5 0 0
18360 0.102138 0.833333 646.917 0.345098 0.5 0 0
18370 0.102138 0.833333 646.917 0.345098 0.5 0 0
18380 0.102138 0.75 647.667 0.345098 0.5 0 0
18390 0.102138 0.75 647.667 0.345098 0.5 0 0
18400 0.102138 0.833333 648.5 0.345098 0.5 0 0
18410 0.102138 0.833333 648.5 0.345098 0.5 0 0
18420 0.102138 0.666667 649.167 0.345098 0.5 0 0
18430 0.102138 0.666667 649.167 0.345098 0.5 0 0
18440 0.102138 0.666667 649.833 0.345098 0.5 0 0
18450 0.102138 0.666667 649.833 0.345098 0.5 0 0
18460 0.102138 0.666667 650.5 0.345098 0.5 0 0
18470 0.102138 0.666667 650.5 0.345098 0.5 0 0
18480 0.102138 0.75 651.25 0.345098 0.5 0 0
18490 0.102138 0.75 651.25 0.345098 0.5 0 0
18500 0.102138 0.75 652 0.345098 0.5 0 0
18510 0.102138 0.75 652 0.345098 0.5 0 0
18520 0.102138 0.75 652.75 0.345098 0.5 0 0
18530 0.102138 0.75 652.75 0.345098 0.5 0 0
18540 0.102138 0.75 653.5 0.345098 0.5 0 0
18550 0.102138 0.75 653.5 0.345098 0.5 0 0
18560 0.102138 0.916667 654.417 0.345098 0.5 0 0
18570 0.102138 0.916667 654.417 0.345098 0.5 0 0
18580 0.102138 0.916667 655.333 0.345098 0.5 0 0
18590 0.102138 0.916667 655.333 0.345098 0.5 0 0
18600 0.102138 0.833333 656.167 0.345098 0.5 0 0
18610 0.102138 0.833333 656.167 0.345098 0.5 0 0
18620 0.102138 0.833333 657 0.345098 0.5 0 0
18630 0.102138 0.833333 657 0.345098 0.5 0 0
18640 0.102138 0.833333 657.833 0.345098 0.5 0 0
18650 0.102138 0.833333 657.833 0.345098 0.5 0 0
18660 0.102138 0.833333 658.667 0.345098 0.5 0 0
18670 0.102138 0.833333 658.667 0.345098 0.5 0 0
18680 0.102138 0.833333 659.5 0.345098 0.5 0 0
18690 0.102138 0.833333 659.5 0.345098 0.5 0 0
18700 0.102138 0.916667 660.417 0.345098 0.5 0 0
18710 0.102138 0.916667 660.417 0.345098 0.5 0 0
18720 0.102138 0.916667 661.333 0.345098 0.5 0 0
18730 0.102138 0.916667 661.333 0.345098 0.5 0 0
18740 0.102138 0.916667 662.25 0.345098 0.5 0 0
18750 0.102138 0.916667 662.25 0.345098 0.5 0 0
18760 0.102138 0.916667 663.167 0.345098 0.5 0 0
18770 0.102138 0.916667 663.167 0.345098 0.5 0 0
18780 0.102138 0.916667 664.083 0.345098 0.5 0 0
18790 0.102138 0.916667 664.083 0.345098 0.5 0 0
18800 0.102138 0.916667 665 0.345098 0.5 0 0
18810 0.102138 0.916667 665 0.345098 0.5 0 0
18820 0.102138 0.833333 665.833 0.345098 0.5 0 0
18830 0.102138 0.833333 665.833 0.345098 0.5 0 0
18840 0.102138 0.75 666.583 0.345098 0.5 0 0
18850 0.102138 0.75 666.583 0.345098 0.5 0 0
18860 0.102138 0.666667 667.25 0.345098 0.5 0 0
18870 0.102138 0.666667 667.25 0.345098 0.5 0 0
18880 0.102138 0.666667 667.917 0.345098 0.5 0 0
18890 0.102138 0.666667 667.917 0.345098 0.5 0 0
18900 0.102138 0.666667 668.583 0.345098 0.5 0 0
18910 0.102138 0.666667 668.583 0.345098 0.5 0 0
18920 0.102825 0.833333 669.417 0.345098 0.5 0 0
18930 0.102825 0.833333 669.417 0.345098 0.5 0 0
18940 0.103379 0.833333 670.25 0.345098 0.5 0 0
18950 0.103379 0.833333 670.25 0.345098 0.5 0 0
18960 0.104022 0.833333 671.083 0.345098 0.5 0 0
18970 0.104022 0.833333 671.083 0.345098 0.5 0 0
18980 0.10449 0.833333 671.917 0.345098 0.5 0 0
18990 0.10449 0.833333 671.917 0.34902 0.5 0 0
19000 0.104908 0.916667 672.833 0.34902 0.5 0 0
19010 0.104908 0.916667 672.833 0.34902 0.5 0 0
19020 0.105633 0.75 673.583 0.345098 0.5 0 0
19030 0.105633 0.75 673.583 0.34902 0.5 0 0
19040 0.106289 0.833333 674.417 0.34902 0.5 0 0
19050 0.106289 0.833333 674.417 0.352941 0.5 0 0
19060 0.106433 0.833333 675.25 0.352941 0.5 0 0
19070 0.106433 0.833333 675.25 0.34902 0.5 0 0
19080 0.106425 0.833333 676.083 0.34902 0.5 0 0
19090 0.106425 0.833333 676.083 0.34902 0.5 0 0
19100 0.106178 0.75 676.833 0.34902 0.5 0 0
19110 0.106178 0.75 676.833 0.34902 0.5 0 0
19120 0.105092 0.666667 677.5 0.345098 0.5 0 0
19130 0.105092 0.666667 677.5 0.341176 0.5 0 0
19140 0.104452 0.583333 678.083 0.341176 0.5 0 0
19150 0.104452 0.583333 678.083 0.341176 0.5 0 0
19160 0.104401 0.666667 678.75 0.341176 0.5 0 0
19170 0.104401 0.666667 678.75 0.341176 0.5 0 0
19180 0.104125 0.666667 679.417 0.341176 0.5 0 0
19190 0.104125 0.666667 679.417 0.341176 0.5 0 0
19200 0.103608 0.666667 680.083 0.341176 0.5 0 0
19210 0.103608 0.666667 680.083 0.341176 0.5 0 0
19220 0.103495 0.666667 680.75 0.341176 0.5 0 0
19230 0.103495 0.666667 680.75 0.341176 0.5 0 0
19240 0.103269 0.5 681.25 0.341176 0.5 0 0
19250 0.103269 0.5 681.25 0.341176 0.5 0 0
19260 0.102693 0.583333 681.833 0.341176 0.5 0 0
19270 0.102693 0.583333 681.833 0.341176 0.5 0 0
19280 0.102565 0.666667 682.5 0.341176 0.5 0 0
19290 0.102565 0.666667 682.5 0.341176 0.5 0 0
19300 0.102334 0.75 683.25 0.341176 0.5 0 0
19310 0.102334 0.75 683.25 0.341176 0.5 0 0
19320 0.102333 0.833333 684.083 0.341176 0.5 0 0
19330 0.102333 0.833333 684.083 0.341176 0.5 0 0
19340 0.102333 0.833333 684.917 0.341176 0.5 0 0
19350 0.102333 0.833333 684.917 0.341176 0.5 0 0
19360 0.102333 0.75 685.667 0.341176 0.5 0 0
19370 0.102333 0.75 685.667 0.341176 0.5 0 0
19380 0.102333 0.75 686.417 0.341176 0.5 0 0
19390 0.102333 0.75 686.417 0.341176 0.5 0 0
19400 0.103053 0.583333 687 0.341176 0.5 0 0
19410 0.103053 0.583333 687 0.341176 0.5 0 0
19420 0.103724 0.666667 687.667 0.341176 0.5 0 0
19430 0.103724 0.666667 687.667 0.345098 0.5 0 0
19440 0.1043 0.666667 688.333 0.341176 0.5 0 0
19450 0.1043 0.666667 688.333 0.345098 0.5 0 0
19460 0.104853 0.666667 689 0.345098 0.5 0 0
19470 0.104853 0.666667 689 0.345098 0.5 0 0
19480 0.105156 0.666667 689.667 0.345098 0.5 0 0
19490 0.105156 0.666667 689.667 0.345098 0.5 0 0
19500 0.105512 0.75 690.417 0.345098 0.5 0 0
19510 0.105512 0.75 690.417 0.345098 0.5 0 0
19520 0.1057 0.75 691.167 0.345098 0.5 0 0
19530 0.1057 0.75 691.167 0.345098 0.5 0 0
19540 0.105906 0.833333 692 0.345098 0.5 0 0
19550 0.105906 0.833333 692 0.34902 0.5 0 0
19560 0.106265 0.833333 692.833 0.34902 0.5 0 0
19570 0.106265 0.833333 692.833 0.352941 0.5 0 0
19580 0.106205 0.833333 693.667 0.352941 0.5 0 0
19590 0.106205 0.833333 693.667 0.352941 0.5 0 0
19600 0.105647 0.833333 694.5 0.34902 0.5 0 0
19610 0.105647 0.833333 694.5 0.345098 0.5 0 0
19620 0.104565 0.666667 695.167 0.345098 0.5 0 0
19630 0.104565 0.666667 695.167 0.34902 0.5 0 0
19640 0.103847 0.75 695.917 0.34902 0.5 0 0
19650 0.103847 0.75 695.917 0.352941 0.5 0 0
19660 0.103336 0.666667 696.583 0.360784 0.5 0 0
19670 0.103336 0.666667 696.583 0.360784 0.5 0 0
19680 0.102951 0.666667 697.25 0.360784 0.5 0 0
19690 0.102951 0.666667 697.25 0.356863 0.5 0 0
19700 0.101913 0.833333 698.083 0.34902 0.5 0 0
19710 0.101913 0.833333 698.083 0.345098 0.5 0 0
19720 0.100518 0.833333 698.917 0.337255 0.5 0 0
19730 0.100518 0.833333 698.917 0.337255 0.5 0 0
19740 0.0993048 0.75 699.667 0.337255 0.5 0 0
19750 0.0993048 0.75 699.667 0.337255 0.5 0 0
19760 0.0988378 0.666667 700.333 0.337255 0.5 0 0
19770 0.0988378 0.666667 700.333 0.337255 0.5 0 0
19780 0.0988362 0.666667 701 0.337255 0.5 0 0
19790 0.0988362 0.666667 701 0.337255 0.5 0 0
19800 0.0988362 0.583333 701.583 0.341176 0.5 0 0
19810 0.0988362 0.583333 701.583 0.337255 0.5 0 0
19820 0.0988362 0.666667 702.25 0.337255 0.5 0 0
19830 0.0988362 0.666667 702.25 0.341176 0.5 0 0
19840 0.0988362 0.666667 702.917 0.337255 0.5 0 0
19850 0.0988362 0.666667 702.917 0.337255 0.5 0 0
19860 0.0988362 0.666667 703.583 0.337255 0.5 0 0
19870 0.0988362 0.666667 703.583 0.337255 0.5 0 0
19880 0.0988362 0.583333 704.167 0.337255 0.5 0 0
19890 0.0988362 0.583333 704.167 0.337255 0.5 0 0
19900 0.0988362 0.583333 704.75 0.337255 0.5 0 0
19910 0.0988362 0.583333 704.75 0.337255 0.5 0 0
19920 0.0988362 0.583333 705.333 0.337255 0.5 0 0
19930 0.0988362 0.583333 705.333 0.337255 0.5 0 0
19940 0.0988362 0.666667 706 0.341176 0.5 0 0
19950 0.0988362 0.666667 706 0.337255 0.5 0 0
19960 0.0988362 0.666667 706.667 0.341176 0.5 0 0
19970 0.0988362 0.666667 706.667 0.337255 0.5 0 0
19980 0.0988249 0.666667 707.333 0.337255 0.5 0 0
19990 0.0988249 0.666667 707.333 0.337255 0.5 0 0
20000 0.0987934 0.583333 707.917 0.337255 0.5 0 0
20010 0.0987934 0.583333 707.917 0.341176 0.5 0 0
