0 0.066423 0 0 0.5 0.5 0 0
10 0.066423 0 0 0.560784 0.5 0 0
20 0.0669289 0.166667 0.166667 0.552941 0.5 0 0
30 0.0669289 0.166667 0.166667 0.54902 0.5 0 0
40 0.0675611 0.166667 0.333333 0.560784 0.5 0 0
50 0.0675611 0.166667 0.333333 0.552941 0.5 0 0
60 0.0669982 0.166667 0.5 0.552941 0.5 0 0
70 0.0669982 0.166667 0.5 0.556863 0.5 0 0
80 0.0662482 0.166667 0.666667 0.54902 0.5 0 0
90 0.0662482 0.166667 0.666667 0.552941 0.5 0 0
100 0.0654432 0.416667 1.08333 0.541176 0.5 0 0
110 0.0654432 0.416667 1.08333 0.552941 0.5 0 0
120 0.0650936 0.5 1.58333 0.517647 0.5 0 0
130 0.0650936 0.5 1.58333 0.509804 0.5 0 0
140 0.06476 0.5 2.08333 0.521569 0.5 0 0
150 0.06476 0.5 2.08333 0.501961 0.5 0 0
160 0.0641822 0.5 2.58333 0.509804 0.5 0 0
170 0.0641822 0.5 2.58333 0.521569 0.5 0 0
180 0.0640246 0.583333 3.16667 0.509804 0.5 0 0
190 0.0640246 0.583333 3.16667 0.552941 0.5 0 0
200 0.0637229 0.583333 3.75 0.509804 0.5 0 0
210 0.0637229 0.583333 3.75 0.517647 0.5 0 0
220 0.0630775 0.416667 4.16667 0.533333 0.5 0 0
230 0.0630775 0.416667 4.16667 0.501961 0.5 0 0
240 0.0628282 0.416667 4.58333 0.505882 0.5 0 0
250 0.0628282 0.416667 4.58333 0.501961 0.5 0 0
260 0.062453 0.416667 5 0.501961 0.5 0 0
270 0.062453 0.416667 5 0.501961 0.5 0 0
280 0.0617654 0.333333 5.33333 0.498039 0.5 0 0
290 0.0617654 0.333333 5.33333 0.501961 0.5 0 0
300 0.0620762 0.416667 5.75 0.498039 0.5 0 0
310 0.0620762 0.416667 5.75 0.501961 0.5 0 0
320 0.0619478 0.416667 6.16667 0.501961 0.5 0 0
330 0.0619478 0.416667 6.16667 0.498039 0.5 0 0
340 0.0619314 0.416667 6.58333 0.501961 0.5 0 0
350 0.0619314 0.416667 6.58333 0.501961 0.5 0 0
360 0.0618669 0.416667 7 0.501961 0.5 0 0
370 0.0618669 0.416667 7 0.501961 0.5 0 0
380 0.061791 0.416667 7.41667 0.501961 0.5 0 0
390 0.061791 0.416667 7.41667 0.501961 0.5 0 0
400 0.0617056 0.5 7.91667 0.501961 0.5 0 0
410 0.0617056 0.5 7.91667 0.490196 0.5 0 0
420 0.0621043 0.416667 8.33333 0.486275 0.5 0 0
430 0.0621043 0.416667 8.33333 0.478431 0.5 0 0
440 0.0627214 0.5 8.83333 0.470588 0.5 0 0
450 0.0627214 0.5 8.83333 0.47451 0.5 0 0
460 0.06295 0.5 9.33333 0.478431 0.5 0 0
470 0.06295 0.5 9.33333 0.490196 0.5 0 0
480 0.062542 0.5 9.83333 0.498039 0.5 0 0
490 0.062542 0.5 9.83333 0.509804 0.5 0 0
500 0.0628873 0.5 10.3333 0.52549 0.5 0 0
510 0.0628873 0.5 10.3333 0.533333 0.5 0 0
520 0.0629826 0.5 10.8333 0.537255 0.5 0 0
530 0.0629826 0.5 10.8333 0.537255 0.5 0 0
540 0.0631109 0.5 11.3333 0.537255 0.5 0 0
550 0.0631109 0.5 11.3333 0.537255 0.5 0 0
560 0.063137 0.583333 11.9167 0.529412 0.5 0 0
570 0.063137 0.583333 11.9167 0.533333 0.5 0 0
580 0.0630351 0.5 12.4167 0.52549 0.5 0 0
590 0.0630351 0.5 12.4167 0.513725 0.5 0 0
600 0.0628087 0.583333 13 0.517647 0.5 0 0
610 0.0628087 0.583333 13 0.513725 0.5 0 0
620 0.0626992 0.583333 13.5833 0.513725 0.5 0 0
630 0.0626992 0.583333 13.5833 0.509804 0.5 0 0
640 0.0623884 0.583333 14.1667 0.505882 0.5 0 0
650 0.0623884 0.583333 14.1667 0.498039 0.5 0 0
660 0.0621681 0.666667 14.8333 0.501961 0.5 0 0
670 0.0621681 0.666667 14.8333 0.501961 0.5 0 0
680 0.062156 0.666667 15.5 0.501961 0.5 0 0
690 0.062156 0.666667 15.5 0.501961 0.5 0 0
700 0.0621441 0.666667 16.1667 0.498039 0.5 0 0
710 0.0621441 0.666667 16.1667 0.498039 0.5 0 0
720 0.0621373 0.583333 16.75 0.501961 0.5 0 0
730 0.0621373 0.583333 16.75 0.498039 0.5 0 0
740 0.0621284 0.583333 17.3333 0.498039 0.5 0 0
750 0.0621284 0.583333 17.3333 0.494118 0.5 0 0
760 0.0620899 0.583333 17.9167 0.498039 0.5 0 0
770 0.0620899 0.583333 17.9167 0.494118 0.5 0 0
780 0.0620848 0.583333 18.5 0.498039 0.5 0 0
790 0.0620848 0.583333 18.5 0.498039 0.5 0 0
800 0.0620824 0.583333 19.0833 0.498039 0.5 0 0
810 0.0620824 0.583333 19.0833 0.494118 0.5 0 0
820 0.0620824 0.5 19.5833 0.498039 0.5 0 0
830 0.0620824 0.5 19.5833 0.498039 0.5 0 0
840 0.0620774 0.583333 20.1667 0.498039 0.5 0 0
850 0.0620774 0.583333 20.1667 0.494118 0.5 0 0
860 0.0620722 0.583333 20.75 0.494118 0.5 0 0
870 0.0620722 0.583333 20.75 0.498039 0.5 0 0
880 0.0620696 0.583333 21.3333 0.498039 0.5 0 0
890 0.0620696 0.583333 21.3333 0.498039 0.5 0 0
900 0.0620669 0.666667 22 0.498039 0.5 0 0
910 0.0620669 0.666667 22 0.498039 0.5 0 0
920 0.0620706 0.666667 22.6667 0.494118 0.5 0 0
930 0.0620706 0.666667 22.6667 0.494118 0.5 0 0
940 0.0620729 0.666667 23.3333 0.494118 0.5 0 0
950 0.0620729 0.666667 23.3333 0.490196 0.5 0 0
960 0.0620757 0.75 24.0833 0.494118 0.5 0 0
970 0.0620757 0.75 24.0833 0.494118 0.5 0 0
980 0.0620783 0.666667 24.75 0.490196 0.5 0 0
990 0.0620783 0.666667 24.75 0.490196 0.5 0 0
1000 0.0620533 0.666667 25.4167 0.494118 0.5 0 0
1010 0.0620533 0.666667 25.4167 0.490196 0.5 0 0
1020 0.0618134 0.583333 26 0.486275 0.5 0 0
1030 0.0618134 0.583333 26 0.486275 0.5 0 0
1040 0.0618101 0.583333 26.5833 0.490196 0.5 0 0
1050 0.0618101 0.583333 26.5833 0.486275 0.5 0 0
1060 0.0618084 0.583333 27.1667 0.486275 0.5 0 0
1070 0.0618084 0.583333 27.1667 0.486275 0.5 0 0
1080 0.0617424 0.583333 27.75 0.486275 0.5 0 0
1090 0.0617424 0.583333 27.75 0.482353 0.5 0 0
1100 0.0612988 0.583333 28.3333 0.478431 0.5 0 0
1110 0.0612988 0.583333 28.3333 0.478431 0.5 0 0
1120 0.0611351 0.666667 29 0.47451 0.5 0 0
1130 0.0611351 0.666667 29 0.47451 0.5 0 0
1140 0.0611235 0.666667 29.6667 0.47451 0.5 0 0
1150 0.0611235 0.666667 29.6667 0.47451 0.5 0 0
1160 0.0611135 0.666667 30.3333 0.47451 0.5 0 0
1170 0.0611135 0.666667 30.3333 0.47451 0.5 0 0
1180 0.0610919 0.666667 31 0.47451 0.5 0 0
1190 0.0610919 0.666667 31 0.470588 0.5 0 0
1200 0.0610822 0.666667 31.6667 0.47451 0.5 0 0
1210 0.0610822 0.666667 31.6667 0.47451 0.5 0 0
1220 0.0610805 0.666667 32.3333 0.470588 0.5 0 0
1230 0.0610805 0.666667 32.3333 0.47451 0.5 0 0
1240 0.0610776 0.666667 33 0.470588 0.5 0 0
1250 0.0610776 0.666667 33 0.47451 0.5 0 0
1260 0.0610749 0.666667 33.6667 0.47451 0.5 0 0
1270 0.0610749 0.666667 33.6667 0.470588 0.5 0 0
1280 0.0610482 0.666667 34.3333 0.47451 0.5 0 0
1290 0.0610482 0.666667 34.3333 0.47451 0.5 0 0
1300 0.0610406 0.666667 35 0.47451 0.5 0 0
1310 0.0610406 0.666667 35 0.470588 0.5 0 0
1320 0.0610276 0.666667 35.6667 0.470588 0.5 0 0
1330 0.0610276 0.666667 35.6667 0.470588 0.5 0 0
1340 0.0610215 0.666667 36.3333 0.470588 0.5 0 0
1350 0.0610215 0.666667 36.3333 0.470588 0.5 0 0
1360 0.0610174 0.666667 37 0.470588 0.5 0 0
1370 0.0610174 0.666667 37 0.470588 0.5 0 0
1380 0.061013 0.666667 37.6667 0.470588 0.5 0 0
1390 0.061013 0.666667 37.6667 0.470588 0.5 0 0
1400 0.0610214 0.666667 38.3333 0.470588 0.5 0 0
1410 0.0610214 0.666667 38.3333 0.470588 0.5 0 0
1420 0.0610382 0.666667 39 0.470588 0.5 0 0
1430 0.0610382 0.666667 39 0.470588 0.5 0 0
1440 0.0610545 0.666667 39.6667 0.470588 0.5 0 0
1450 0.0610545 0.666667 39.6667 0.470588 0.5 0 0
1460 0.0608513 0.666667 40.3333 0.470588 0.5 0 0
1470 0.0608513 0.666667 40.3333 0.466667 0.5 0 0
1480 0.0607914 0.75 41.0833 0.466667 0.5 0 0
1490 0.0607914 0.75 41.0833 0.462745 0.5 0 0
1500 0.0607326 0.833333 41.9167 0.462745 0.5 0 0
1510 0.0607326 0.833333 41.9167 0.462745 0.5 0 0
1520 0.0607235 0.75 42.6667 0.466667 0.5 0 0
1530 0.0607235 0.75 42.6667 0.462745 0.5 0 0
1540 0.0607386 0.833333 43.5 0.462745 0.5 0 0
1550 0.0607386 0.833333 43.5 0.462745 0.5 0 0
1560 0.060749 0.833333 44.3333 0.462745 0.5 0 0
1570 0.060749 0.833333 44.3333 0.462745 0.5 0 0
1580 0.0607734 0.916667 45.25 0.462745 0.5 0 0
1590 0.0607734 0.916667 45.25 0.462745 0.5 0 0
1600 0.0608083 0.916667 46.1667 0.462745 0.5 0 0
1610 0.0608083 0.916667 46.1667 0.462745 0.5 0 0
1620 0.0608312 0.916667 47.0833 0.462745 0.5 0 0
1630 0.0608312 0.916667 47.0833 0.462745 0.5 0 0
1640 0.0608595 0.916667 48 0.462745 0.5 0 0
1650 0.0608595 0.916667 48 0.462745 0.5 0 0
1660 0.0608699 0.916667 48.9167 0.462745 0.5 0 0
1670 0.0608699 0.916667 48.9167 0.462745 0.5 0 0
1680 0.060834 0.833333 49.75 0.462745 0.5 0 0
1690 0.060834 0.833333 49.75 0.462745 0.5 0 0
1700 0.060844 0.833333 50.5833 0.462745 0.5 0 0
1710 0.060844 0.833333 50.5833 0.462745 0.5 0 0
1720 0.0608505 0.916667 51.5 0.462745 0.5 0 0
1730 0.0608505 0.916667 51.5 0.462745 0.5 0 0
1740 0.0608502 0.916667 52.4167 0.462745 0.5 0 0
1750 0.0608502 0.916667 52.4167 0.462745 0.5 0 0
1760 0.060852 0.916667 53.3333 0.462745 0.5 0 0
1770 0.060852 0.916667 53.3333 0.462745 0.5 0 0
1780 0.0608551 0.916667 54.25 0.462745 0.5 0 0
1790 0.0608551 0.916667 54.25 0.462745 0.5 0 0
1800 0.0608423 0.833333 55.0833 0.462745 0.5 0 0
1810 0.0608423 0.833333 55.0833 0.462745 0.5 0 0
1820 0.0606324 0.833333 55.9167 0.458824 0.5 0 0
1830 0.0606324 0.833333 55.9167 0.462745 0.5 0 0
1840 0.0604469 0.75 56.6667 0.458824 0.5 0 0
1850 0.0604469 0.75 56.6667 0.462745 0.5 0 0
1860 0.0605341 0.75 57.4167 0.462745 0.5 0 0
1870 0.0605341 0.75 57.4167 0.462745 0.5 0 0
1880 0.0605716 0.75 58.1667 0.462745 0.5 0 0
1890 0.0605716 0.75 58.1667 0.458824 0.5 0 0
1900 0.0605767 0.833333 59 0.462745 0.5 0 0
1910 0.0605767 0.833333 59 0.462745 0.5 0 0
1920 0.0605767 0.833333 59.8333 0.462745 0.5 0 0
1930 0.0605767 0.833333 59.8333 0.462745 0.5 0 0
1940 0.0605767 0.833333 60.6667 0.462745 0.5 0 0
1950 0.0605767 0.833333 60.6667 0.462745 0.5 0 0
1960 0.0605767 0.916667 61.5833 0.458824 0.5 0 0
1970 0.0605767 0.916667 61.5833 0.458824 0.5 0 0
1980 0.0605767 0.916667 62.5 0.458824 0.5 0 0
1990 0.0605767 0.916667 62.5 0.462745 0.5 0 0
2000 0.0605767 0.916667 63.4167 0.462745 0.5 0 0
2010 0.0605767 0.916667 63.4167 0.462745 0.5 0 0
2020 0.0605782 0.75 64.1667 0.458824 0.5 0 0
2030 0.0605782 0.75 64.1667 0.458824 0.5 0 0
2040 0.0605889 0.75 64.9167 0.462745 0.5 0 0
2050 0.0605889 0.75 64.9167 0.458824 0.5 0 0
2060 0.0606056 0.75 65.6667 0.462745 0.5 0 0
2070 0.0606056 0.75 65.6667 0.462745 0.5 0 0
2080 0.0606498 0.666667 66.3333 0.458824 0.5 0 0
2090 0.0606498 0.666667 66.3333 0.458824 0.5 0 0
2100 0.0606687 0.75 67.0833 0.458824 0.5 0 0
2110 0.0606687 0.75 67.0833 0.458824 0.5 0 0
2120 0.0606816 0.833333 67.9167 0.458824 0.5 0 0
2130 0.0606816 0.833333 67.9167 0.458824 0.5 0 0
2140 0.060693 0.833333 68.75 0.458824 0.5 0 0
2150 0.060693 0.833333 68.75 0.458824 0.5 0 0
2160 0.0607036 0.833333 69.5833 0.458824 0.5 0 0
2170 0.0607036 0.833333 69.5833 0.458824 0.5 0 0
2180 0.0607186 0.833333 70.4167 0.454902 0.5 0 0
2190 0.0607186 0.833333 70.4167 0.458824 0.5 0 0
2200 0.0610252 1 71.4167 0.454902 0.5 0 0
2210 0.0610252 1 71.4167 0.45098 0.5 0 0
2220 0.0611324 1 72.4167 0.454902 0.5 0 0
2230 0.0611324 1 72.4167 0.45098 0.5 0 0
2240 0.0611672 1 73.4167 0.45098 0.5 0 0
2250 0.0611672 1 73.4167 0.45098 0.5 0 0
2260 0.0611971 0.916667 74.3333 0.45098 0.5 0 0
2270 0.0611971 0.916667 74.3333 0.45098 0.5 0 0
2280 0.0612173 0.916667 75.25 0.45098 0.5 0 0
2290 0.0612173 0.916667 75.25 0.45098 0.5 0 0
2300 0.0612322 0.916667 76.1667 0.45098 0.5 0 0
2310 0.0612322 0.916667 76.1667 0.45098 0.5 0 0
2320 0.0613013 0.666667 76.8333 0.45098 0.5 0 0
2330 0.0613013 0.666667 76.8333 0.447059 0.5 0 0
2340 0.0613855 0.666667 77.5 0.447059 0.5 0 0
2350 0.0613855 0.666667 77.5 0.447059 0.5 0 0
2360 0.0614665 0.666667 78.1667 0.443137 0.5 0 0
2370 0.0614665 0.666667 78.1667 0.443137 0.5 0 0
2380 0.061494 0.916667 79.0833 0.443137 0.5 0 0
2390 0.061494 0.916667 79.0833 0.443137 0.5 0 0
2400 0.0615014 0.916667 80 0.443137 0.5 0 0
2410 0.0615014 0.916667 80 0.443137 0.5 0 0
2420 0.0615258 0.916667 80.9167 0.443137 0.5 0 0
2430 0.0615258 0.916667 80.9167 0.443137 0.5 0 0
2440 0.0615504 0.916667 81.8333 0.443137 0.5 0 0
2450 0.0615504 0.916667 81.8333 0.443137 0.5 0 0
2460 0.0615746 0.833333 82.6667 0.439216 0.5 0 0
2470 0.0615746 0.833333 82.6667 0.443137 0.5 0 0
2480 0.0615953 0.833333 83.5 0.443137 0.5 0 0
2490 0.0615953 0.833333 83.5 0.439216 0.5 0 0
2500 0.061625 1 84.5 0.439216 0.5 0 0
2510 0.061625 1 84.5 0.439216 0.5 0 0
2520 0.0616509 1 85.5 0.439216 0.5 0 0
2530 0.0616509 1 85.5 0.443137 0.5 0 0
2540 0.0616827 0.916667 86.4167 0.443137 0.5 0 0
2550 0.0616827 0.916667 86.4167 0.439216 0.5 0 0
2560 0.0617179 0.833333 87.25 0.439216 0.5 0 0
2570 0.0617179 0.833333 87.25 0.439216 0.5 0 0
2580 0.0617551 0.833333 88.0833 0.439216 0.5 0 0
2590 0.0617551 0.833333 88.0833 0.439216 0.5 0 0
2600 0.0617904 0.833333 88.9167 0.435294 0.5 0 0
2610 0.0617904 0.833333 88.9167 0.439216 0.5 0 0
2620 0.0618396 0.833333 89.75 0.439216 0.5 0 0
2630 0.0618396 0.833333 89.75 0.439216 0.5 0 0
2640 0.0618963 0.916667 90.6667 0.435294 0.5 0 0
2650 0.0618963 0.916667 90.6667 0.435294 0.5 0 0
2660 0.0619732 0.916667 91.5833 0.435294 0.5 0 0
2670 0.0619732 0.916667 91.5833 0.435294 0.5 0 0
2680 0.0620089 0.833333 92.4167 0.435294 0.5 0 0
2690 0.0620089 0.833333 92.4167 0.435294 0.5 0 0
2700 0.0620643 0.833333 93.25 0.431373 0.5 0 0
2710 0.0620643 0.833333 93.25 0.431373 0.5 0 0
2720 0.0621234 0.833333 94.0833 0.431373 0.5 0 0
2730 0.0621234 0.833333 94.0833 0.431373 0.5 0 0
2740 0.0621739 0.666667 94.75 0.431373 0.5 0 0
2750 0.0621739 0.666667 94.75 0.431373 0.5 0 0
2760 0.0622277 0.75 95.5 0.431373 0.5 0 0
2770 0.0622277 0.75 95.5 0.431373 0.5 0 0
2780 0.0622755 0.666667 96.1667 0.431373 0.5 0 0
2790 0.0622755 0.666667 96.1667 0.427451 0.5 0 0
2800 0.0623222 0.666667 96.8333 0.427451 0.5 0 0
2810 0.0623222 0.666667 96.8333 0.431373 0.5 0 0
2820 0.0623585 0.75 97.5833 0.427451 0.5 0 0
2830 0.0623585 0.75 97.5833 0.431373 0.5 0 0
2840 0.062378 0.833333 98.4167 0.431373 0.5 0 0
2850 0.062378 0.833333 98.4167 0.431373 0.5 0 0
2860 0.0623976 0.916667 99.3333 0.431373 0.5 0 0
2870 0.0623976 0.916667 99.3333 0.427451 0.5 0 0
2880 0.0624112 0.916667 100.25 0.431373 0.5 0 0
2890 0.0624112 0.916667 100.25 0.431373 0.5 0 0
2900 0.0624254 0.916667 101.167 0.427451 0.5 0 0
2910 0.0624254 0.916667 101.167 0.427451 0.5 0 0
2920 0.0624389 0.916667 102.083 0.427451 0.5 0 0
2930 0.0624389 0.916667 102.083 0.431373 0.5 0 0
2940 0.0624558 0.916667 103 0.431373 0.5 0 0
2950 0.0624558 0.916667 103 0.431373 0.5 0 0
2960 0.0624739 0.833333 103.833 0.431373 0.5 0 0
2970 0.0624739 0.833333 103.833 0.427451 0.5 0 0
2980 0.0623728 0.916667 104.75 0.431373 0.5 0 0
2990 0.0623728 0.916667 104.75 0.427451 0.5 0 0
3000 0.0623756 0.916667 105.667 0.431373 0.5 0 0
3010 0.0623756 0.916667 105.667 0.431373 0.5 0 0
3020 0.0623756 0.916667 106.583 0.431373 0.5 0 0
3030 0.0623756 0.916667 106.583 0.431373 0.5 0 0
3040 0.0623788 0.916667 107.5 0.427451 0.5 0 0
3050 0.0623788 0.916667 107.5 0.427451 0.5 0 0
3060 0.0623894 0.916667 108.417 0.431373 0.5 0 0
3070 0.0623894 0.916667 108.417 0.427451 0.5 0 0
3080 0.0624005 0.916667 109.333 0.431373 0.5 0 0
3090 0.0624005 0.916667 109.333 0.431373 0.5 0 0
3100 0.0624108 0.916667 110.25 0.431373 0.5 0 0
3110 0.0624108 0.916667 110.25 0.427451 0.5 0 0
3120 0.0624205 0.916667 111.167 0.427451 0.5 0 0
3130 0.0624205 0.916667 111.167 0.431373 0.5 0 0
3140 0.0624318 0.916667 112.083 0.427451 0.5 0 0
3150 0.0624318 0.916667 112.083 0.431373 0.5 0 0
3160 0.0624413 0.916667 113 0.427451 0.5 0 0
3170 0.0624413 0.916667 113 0.427451 0.5 0 0
3180 0.0624508 0.75 113.75 0.431373 0.5 0 0
3190 0.0624508 0.75 113.75 0.431373 0.5 0 0
3200 0.0624715 0.75 114.5 0.431373 0.5 0 0
3210 0.0624715 0.75 114.5 0.427451 0.5 0 0
3220 0.0625037 0.75 115.25 0.427451 0.5 0 0
3230 0.0625037 0.75 115.25 0.427451 0.5 0 0
3240 0.0626829 0.75 116 0.423529 0.5 0 0
3250 0.0626829 0.75 116 0.427451 0.5 0 0
3260 0.0627214 0.833333 116.833 0.427451 0.5 0 0
3270 0.0627214 0.833333 116.833 0.423529 0.5 0 0
3280 0.0627569 0.916667 117.75 0.423529 0.5 0 0
3290 0.0627569 0.916667 117.75 0.423529 0.5 0 0
3300 0.0627988 0.833333 118.583 0.423529 0.5 0 0
3310 0.0627988 0.833333 118.583 0.423529 0.5 0 0
3320 0.0628403 0.916667 119.5 0.423529 0.5 0 0
3330 0.0628403 0.916667 119.5 0.423529 0.5 0 0
3340 0.0628852 0.916667 120.417 0.423529 0.5 0 0
3350 0.0628852 0.916667 120.417 0.423529 0.5 0 0
3360 0.0629228 0.916667 121.333 0.419608 0.5 0 0
3370 0.0629228 0.916667 121.333 0.423529 0.5 0 0
3380 0.0629533 0.916667 122.25 0.423529 0.5 0 0
3390 0.0629533 0.916667 122.25 0.419608 0.5 0 0
3400 0.0629704 0.916667 123.167 0.423529 0.5 0 0
3410 0.0629704 0.916667 123.167 0.419608 0.5 0 0
3420 0.0629966 0.916667 124.083 0.419608 0.5 0 0
3430 0.0629966 0.916667 124.083 0.419608 0.5 0 0
3440 0.063025 0.916667 125 0.419608 0.5 0 0
3450 0.063025 0.916667 125 0.419608 0.5 0 0
3460 0.0630577 0.916667 125.917 0.419608 0.5 0 0
3470 0.0630577 0.916667 125.917 0.419608 0.5 0 0
3480 0.0630894 0.916667 126.833 0.419608 0.5 0 0
3490 0.0630894 0.916667 126.833 0.419608 0.5 0 0
3500 0.0628415 0.916667 127.75 0.419608 0.5 0 0
3510 0.0628415 0.916667 127.75 0.419608 0.5 0 0
3520 0.0628451 0.916667 128.667 0.419608 0.5 0 0
3530 0.0628451 0.916667 128.667 0.419608 0.5 0 0
3540 0.06287 0.916667 129.583 0.419608 0.5 0 0
3550 0.06287 0.916667 129.583 0.419608 0.5 0 0
3560 0.0628925 0.916667 130.5 0.419608 0.5 0 0
3570 0.0628925 0.916667 130.5 0.419608 0.5 0 0
3580 0.0629159 0.916667 131.417 0.419608 0.5 0 0
3590 0.0629159 0.916667 131.417 0.419608 0.5 0 0
3600 0.062939 0.833333 132.25 0.419608 0.5 0 0
3610 0.062939 0.833333 132.25 0.419608 0.5 0 0
3620 0.0628911 0.833333 133.083 0.419608 0.5 0 0
3630 0.0628911 0.833333 133.083 0.419608 0.5 0 0
3640 0.0629163 0.833333 133.917 0.419608 0.5 0 0
3650 0.0629163 0.833333 133.917 0.419608 0.5 0 0
3660 0.0629417 0.833333 134.75 0.419608 0.5 0 0
3670 0.0629417 0.833333 134.75 0.419608 0.5 0 0
3680 0.0629643 0.833333 135.583 0.419608 0.5 0 0
3690 0.0629643 0.833333 135.583 0.419608 0.5 0 0
3700 0.0629766 0.833333 136.417 0.419608 0.5 0 0
3710 0.0629766 0.833333 136.417 0.419608 0.5 0 0
3720 0.0629884 0.833333 137.25 0.419608 0.5 0 0
3730 0.0629884 0.833333 137.25 0.419608 0.5 0 0
3740 0.062984 0.833333 138.083 0.419608 0.5 0 0
3750 0.062984 0.833333 138.083 0.419608 0.5 0 0
3760 0.0629859 0.916667 139 0.419608 0.5 0 0
3770 0.0629859 0.916667 139 0.419608 0.5 0 0
3780 0.0629925 0.916667 139.917 0.419608 0.5 0 0
3790 0.0629925 0.916667 139.917 0.419608 0.5 0 0
3800 0.0629925 0.916667 140.833 0.419608 0.5 0 0
3810 0.0629925 0.916667 140.833 0.419608 0.5 0 0
3820 0.0629925 0.916667 141.75 0.419608 0.5 0 0
3830 0.0629925 0.916667 141.75 0.419608 0.5 0 0
3840 0.0629864 0.833333 142.583 0.419608 0.5 0 0
3850 0.0629864 0.833333 142.583 0.419608 0.5 0 0
3860 0.0629133 0.833333 143.417 0.419608 0.5 0 0
3870 0.0629133 0.833333 143.417 0.419608 0.5 0 0
3880 0.0628693 0.833333 144.25 0.419608 0.5 0 0
3890 0.0628693 0.833333 144.25 0.419608 0.5 0 0
3900 0.0628031 0.833333 145.083 0.419608 0.5 0 0
3910 0.0628031 0.833333 145.083 0.419608 0.5 0 0
3920 0.062803 0.833333 145.917 0.419608 0.5 0 0
3930 0.062803 0.833333 145.917 0.419608 0.5 0 0
3940 0.062803 0.75 146.667 0.419608 0.5 0 0
3950 0.062803 0.75 146.667 0.419608 0.5 0 0
3960 0.062803 0.75 147.417 0.419608 0.5 0 0
3970 0.062803 0.75 147.417 0.419608 0.5 0 0
3980 0.062803 0.75 148.167 0.419608 0.5 0 0
3990 0.062803 0.75 148.167 0.419608 0.5 0 0
4000 0.0630199 0.833333 149 0.419608 0.5 0 0
4010 0.0630199 0.833333 149 0.419608 0.5 0 0
4020 0.0632448 0.833333 149.833 0.419608 0.5 0 0
4030 0.0632448 0.833333 149.833 0.419608 0.5 0 0
4040 0.06328 0.833333 150.667 0.419608 0.5 0 0
4050 0.06328 0.833333 150.667 0.419608 0.5 0 0
4060 0.0632594 0.833333 151.5 0.419608 0.5 0 0
4070 0.0632594 0.833333 151.5 0.419608 0.5 0 0
4080 0.0632422 0.833333 152.333 0.419608 0.5 0 0
4090 0.0632422 0.833333 152.333 0.419608 0.5 0 0
4100 0.063213 0.833333 153.167 0.419608 0.5 0 0
4110 0.063213 0.833333 153.167 0.419608 0.5 0 0
4120 0.0631951 0.833333 154 0.419608 0.5 0 0
4130 0.0631951 0.833333 154 0.419608 0.5 0 0
4140 0.0631887 0.833333 154.833 0.419608 0.5 0 0
4150 0.0631887 0.833333 154.833 0.419608 0.5 0 0
4160 0.0631851 0.833333 155.667 0.419608 0.5 0 0
4170 0.0631851 0.833333 155.667 0.423529 0.5 0 0
4180 0.0631851 0.833333 156.5 0.419608 0.5 0 0
4190 0.0631851 0.833333 156.5 0.419608 0.5 0 0
4200 0.0631664 0.833333 157.333 0.423529 0.5 0 0
4210 0.0631664 0.833333 157.333 0.423529 0.5 0 0
4220 0.0631518 0.833333 158.167 0.423529 0.5 0 0
4230 0.0631518 0.833333 158.167 0.419608 0.5 0 0
4240 0.0631518 0.75 158.917 0.423529 0.5 0 0
4250 0.0631518 0.75 158.917 0.419608 0.5 0 0
4260 0.0632633 0.833333 159.75 0.423529 0.5 0 0
4270 0.0632633 0.833333 159.75 0.419608 0.5 0 0
4280 0.0633123 0.916667 160.667 0.419608 0.5 0 0
4290 0.0633123 0.916667 160.667 0.423529 0.5 0 0
4300 0.063314 0.916667 161.583 0.423529 0.5 0 0
4310 0.063314 0.916667 161.583 0.419608 0.5 0 0
4320 0.0633025 0.833333 162.417 0.419608 0.5 0 0
4330 0.0633025 0.833333 162.417 0.423529 0.5 0 0
4340 0.0632902 0.916667 163.333 0.419608 0.5 0 0
4350 0.0632902 0.916667 163.333 0.419608 0.5 0 0
4360 0.0632947 0.916667 164.25 0.423529 0.5 0 0
4370 0.0632947 0.916667 164.25 0.423529 0.5 0 0
4380 0.0632997 0.833333 165.083 0.423529 0.5 0 0
4390 0.0632997 0.833333 165.083 0.423529 0.5 0 0
4400 0.063399 0.916667 166 0.423529 0.5 0 0
4410 0.063399 0.916667 166 0.419608 0.5 0 0
4420 0.0634891 0.916667 166.917 0.419608 0.5 0 0
4430 0.0634891 0.916667 166.917 0.419608 0.5 0 0
4440 0.0635294 0.916667 167.833 0.419608 0.5 0 0
4450 0.0635294 0.916667 167.833 0.419608 0.5 0 0
4460 0.063568 0.916667 168.75 0.419608 0.5 0 0
4470 0.063568 0.916667 168.75 0.419608 0.5 0 0
4480 0.0636 0.916667 169.667 0.419608 0.5 0 0
4490 0.0636 0.916667 169.667 0.419608 0.5 0 0
4500 0.0636128 0.916667 170.583 0.419608 0.5 0 0
4510 0.0636128 0.916667 170.583 0.419608 0.5 0 0
4520 0.0636252 0.833333 171.417 0.419608 0.5 0 0
4530 0.0636252 0.833333 171.417 0.419608 0.5 0 0
4540 0.063656 0.75 172.167 0.419608 0.5 0 0
4550 0.063656 0.75 172.167 0.419608 0.5 0 0
4560 0.0637089 0.75 172.917 0.415686 0.5 0 0
4570 0.0637089 0.75 172.917 0.415686 0.5 0 0
4580 0.0637868 0.916667 173.833 0.415686 0.5 0 0
4590 0.0637868 0.916667 173.833 0.415686 0.5 0 0
4600 0.0638066 0.916667 174.75 0.415686 0.5 0 0
4610 0.0638066 0.916667 174.75 0.415686 0.5 0 0
4620 0.0638198 0.916667 175.667 0.415686 0.5 0 0
4630 0.0638198 0.916667 175.667 0.415686 0.5 0 0
4640 0.0638369 0.916667 176.583 0.415686 0.5 0 0
4650 0.0638369 0.916667 176.583 0.415686 0.5 0 0
4660 0.0638564 0.916667 177.5 0.415686 0.5 0 0
4670 0.0638564 0.916667 177.5 0.415686 0.5 0 0
4680 0.0638754 0.916667 178.417 0.415686 0.5 0 0
4690 0.0638754 0.916667 178.417 0.415686 0.5 0 0
4700 0.0638926 0.833333 179.25 0.415686 0.5 0 0
4710 0.0638926 0.833333 179.25 0.415686 0.5 0 0
4720 0.0639171 0.916667 180.167 0.415686 0.5 0 0
4730 0.0639171 0.916667 180.167 0.415686 0.5 0 0
4740 0.0639478 0.916667 181.083 0.415686 0.5 0 0
4750 0.0639478 0.916667 181.083 0.411765 0.5 0 0
4760 0.063983 0.916667 182 0.411765 0.5 0 0
4770 0.063983 0.916667 182 0.411765 0.5 0 0
4780 0.0640177 0.916667 182.917 0.411765 0.5 0 0
4790 0.0640177 0.916667 182.917 0.411765 0.5 0 0
4800 0.0640434 0.916667 183.833 0.411765 0.5 0 0
4810 0.0640434 0.916667 183.833 0.411765 0.5 0 0
4820 0.0641147 0.666667 184.5 0.411765 0.5 0 0
4830 0.0641147 0.666667 184.5 0.411765 0.5 0 0
4840 0.0642143 0.916667 185.417 0.407843 0.5 0 0
4850 0.0642143 0.916667 185.417 0.407843 0.5 0 0
4860 0.0642298 0.833333 186.25 0.407843 0.5 0 0
4870 0.0642298 0.833333 186.25 0.407843 0.5 0 0
4880 0.0642643 0.833333 187.083 0.407843 0.5 0 0
4890 0.0642643 0.833333 187.083 0.407843 0.5 0 0
4900 0.0642816 0.833333 187.917 0.407843 0.5 0 0
4910 0.0642816 0.833333 187.917 0.407843 0.5 0 0
4920 0.0642889 0.833333 188.75 0.407843 0.5 0 0
4930 0.0642889 0.833333 188.75 0.407843 0.5 0 0
4940 0.0643013 0.833333 189.583 0.407843 0.5 0 0
4950 0.0643013 0.833333 189.583 0.407843 0.5 0 0
4960 0.0643152 0.75 190.333 0.407843 0.5 0 0
4970 0.0643152 0.75 190.333 0.407843 0.5 0 0
4980 0.0643246 0.75 191.083 0.407843 0.5 0 0
4990 0.0643246 0.75 191.083 0.407843 0.5 0 0
5000 0.0643223 0.75 191.833 0.407843 0.5 0 0
5010 0.0643223 0.75 191.833 0.407843 0.5 0 0
5020 0.0643244 0.833333 192.667 0.407843 0.5 0 0
5030 0.0643244 0.833333 192.667 0.407843 0.5 0 0
5040 0.0643253 0.833333 193.5 0.407843 0.5 0 0
5050 0.0643253 0.833333 193.5 0.407843 0.5 0 0
5060 0.0643253 0.833333 194.333 0.407843 0.5 0 0
5070 0.0643253 0.833333 194.333 0.407843 0.5 0 0
5080 0.0643253 0.833333 195.167 0.407843 0.5 0 0
5090 0.0643253 0.833333 195.167 0.407843 0.5 0 0
5100 0.0643253 0.833333 196 0.407843 0.5 0 0
5110 0.0643253 0.833333 196 0.407843 0.5 0 0
5120 0.0643253 0.833333 196.833 0.407843 0.5 0 0
5130 0.0643253 0.833333 196.833 0.407843 0.5 0 0
5140 0.0643471 0.75 197.583 0.407843 0.5 0 0
5150 0.0643471 0.75 197.583 0.407843 0.5 0 0
5160 0.0643798 0.75 198.333 0.407843 0.5 0 0
5170 0.0643798 0.75 198.333 0.407843 0.5 0 0
5180 0.0644123 0.75 199.083 0.407843 0.5 0 0
5190 0.0644123 0.75 199.083 0.407843 0.5 0 0
5200 0.0644447 0.666667 199.75 0.407843 0.5 0 0
5210 0.0644447 0.666667 199.75 0.403922 0.5 0 0
5220 0.0644775 0.666667 200.417 0.407843 0.5 0 0
5230 0.0644775 0.666667 200.417 0.407843 0.5 0 0
5240 0.0645106 0.583333 201 0.403922 0.5 0 0
5250 0.0645106 0.583333 201 0.407843 0.5 0 0
5260 0.0645907 0.75 201.75 0.407843 0.5 0 0
5270 0.0645907 0.75 201.75 0.403922 0.5 0 0
5280 0.064883 0.75 202.5 0.407843 0.5 0 0
5290 0.064883 0.75 202.5 0.403922 0.5 0 0
5300 0.0650096 0.833333 203.333 0.403922 0.5 0 0
5310 0.0650096 0.833333 203.333 0.403922 0.5 0 0
5320 0.0651368 0.833333 204.167 0.403922 0.5 0 0
5330 0.0651368 0.833333 204.167 0.403922 0.5 0 0
5340 0.0651631 0.916667 205.083 0.403922 0.5 0 0
5350 0.0651631 0.916667 205.083 0.403922 0.5 0 0
5360 0.0651727 0.916667 206 0.403922 0.5 0 0
5370 0.0651727 0.916667 206 0.403922 0.5 0 0
5380 0.0651816 0.833333 206.833 0.403922 0.5 0 0
5390 0.0651816 0.833333 206.833 0.403922 0.5 0 0
5400 0.0651945 0.833333 207.667 0.403922 0.5 0 0
5410 0.0651945 0.833333 207.667 0.403922 0.5 0 0
5420 0.065212 0.833333 208.5 0.403922 0.5 0 0
5430 0.065212 0.833333 208.5 0.403922 0.5 0 0
5440 0.0652315 0.833333 209.333 0.403922 0.5 0 0
5450 0.0652315 0.833333 209.333 0.4 0.5 0 0
5460 0.0652529 0.833333 210.167 0.4 0.5 0 0
5470 0.0652529 0.833333 210.167 0.4 0.5 0 0
5480 0.0652954 0.833333 211 0.403922 0.5 0 0
5490 0.0652954 0.833333 211 0.4 0.5 0 0
5500 0.0653258 0.833333 211.833 0.403922 0.5 0 0
5510 0.0653258 0.833333 211.833 0.4 0.5 0 0
5520 0.0653467 0.916667 212.75 0.403922 0.5 0 0
5530 0.0653467 0.916667 212.75 0.4 0.5 0 0
5540 0.065368 0.916667 213.667 0.4 0.5 0 0
5550 0.065368 0.916667 213.667 0.403922 0.5 0 0
5560 0.0653712 0.916667 214.583 0.4 0.5 0 0
5570 0.0653712 0.916667 214.583 0.4 0.5 0 0
5580 0.0653636 0.75 215.333 0.403922 0.5 0 0
5590 0.0653636 0.75 215.333 0.4 0.5 0 0
5600 0.0653591 0.75 216.083 0.4 0.5 0 0
5610 0.0653591 0.75 216.083 0.4 0.5 0 0
5620 0.0653469 0.75 216.833 0.403922 0.5 0 0
5630 0.0653469 0.75 216.833 0.403922 0.5 0 0
5640 0.065311 0.666667 217.5 0.4 0.5 0 0
5650 0.065311 0.666667 217.5 0.4 0.5 0 0
5660 0.0653082 0.666667 218.167 0.4 0.5 0 0
5670 0.0653082 0.666667 218.167 0.4 0.5 0 0
5680 0.0653114 0.666667 218.833 0.4 0.5 0 0
5690 0.0653114 0.666667 218.833 0.4 0.5 0 0
5700 0.0653131 0.666667 219.5 0.4 0.5 0 0
5710 0.0653131 0.666667 219.5 0.4 0.5 0 0
5720 0.0653127 0.833333 220.333 0.403922 0.5 0 0
5730 0.0653127 0.833333 220.333 0.4 0.5 0 0
5740 0.0652948 0.833333 221.167 0.403922 0.5 0 0
5750 0.0652948 0.833333 221.167 0.4 0.5 0 0
5760 0.0651091 0.75 221.917 0.4 0.5 0 0
5770 0.0651091 0.75 221.917 0.4 0.5 0 0
5780 0.0648169 0.833333 222.75 0.4 0.5 0 0
5790 0.0648169 0.833333 222.75 0.4 0.5 0 0
5800 0.0647993 0.833333 223.583 0.4 0.5 0 0
5810 0.0647993 0.833333 223.583 0.4 0.5 0 0
5820 0.0648026 0.833333 224.417 0.4 0.5 0 0
5830 0.0648026 0.833333 224.417 0.4 0.5 0 0
5840 0.064805 0.833333 225.25 0.4 0.5 0 0
5850 0.064805 0.833333 225.25 0.4 0.5 0 0
5860 0.0648065 0.833333 226.083 0.4 0.5 0 0
5870 0.0648065 0.833333 226.083 0.4 0.5 0 0
5880 0.0648084 0.833333 226.917 0.4 0.5 0 0
5890 0.0648084 0.833333 226.917 0.4 0.5 0 0
5900 0.0647545 0.833333 227.75 0.4 0.5 0 0
5910 0.0647545 0.833333 227.75 0.4 0.5 0 0
5920 0.0647746 0.75 228.5 0.4 0.5 0 0
5930 0.0647746 0.75 228.5 0.4 0.5 0 0
5940 0.0647985 0.833333 229.333 0.4 0.5 0 0
5950 0.0647985 0.833333 229.333 0.396078 0.5 0 0
5960 0.0648307 0.916667 230.25 0.4 0.5 0 0
5970 0.0648307 0.916667 230.25 0.396078 0.5 0 0
5980 0.0648766 0.916667 231.167 0.396078 0.5 0 0
5990 0.0648766 0.916667 231.167 0.396078 0.5 0 0
6000 0.0648859 0.916667 232.083 0.396078 0.5 0 0
6010 0.0648859 0.916667 232.083 0.396078 0.5 0 0
6020 0.0648838 0.833333 232.917 0.396078 0.5 0 0
6030 0.0648838 0.833333 232.917 0.396078 0.5 0 0
6040 0.0648945 0.75 233.667 0.396078 0.5 0 0
6050 0.0648945 0.75 233.667 0.396078 0.5 0 0
6060 0.0649046 0.75 234.417 0.396078 0.5 0 0
6070 0.0649046 0.75 234.417 0.396078 0.5 0 0
6080 0.0649025 0.666667 235.083 0.396078 0.5 0 0
6090 0.0649025 0.666667 235.083 0.392157 0.5 0 0
6100 0.0649075 0.666667 235.75 0.396078 0.5 0 0
6110 0.0649075 0.666667 235.75 0.392157 0.5 0 0
6120 0.0649107 0.75 236.5 0.392157 0.5 0 0
6130 0.0649107 0.75 236.5 0.392157 0.5 0 0
6140 0.0649148 0.75 237.25 0.396078 0.5 0 0
6150 0.0649148 0.75 237.25 0.396078 0.5 0 0
6160 0.0649299 0.75 238 0.392157 0.5 0 0
6170 0.0649299 0.75 238 0.392157 0.5 0 0
6180 0.0649336 0.666667 238.667 0.396078 0.5 0 0
6190 0.0649336 0.666667 238.667 0.392157 0.5 0 0
6200 0.0649461 0.666667 239.333 0.392157 0.5 0 0
6210 0.0649461 0.666667 239.333 0.392157 0.5 0 0
6220 0.0650731 0.666667 240 0.392157 0.5 0 0
6230 0.0650731 0.666667 240 0.392157 0.5 0 0
6240 0.0651718 0.666667 240.667 0.396078 0.5 0 0
6250 0.0651718 0.666667 240.667 0.392157 0.5 0 0
6260 0.0651722 0.583333 241.25 0.396078 0.5 0 0
6270 0.0651722 0.583333 241.25 0.392157 0.5 0 0
6280 0.0651878 0.666667 241.917 0.392157 0.5 0 0
6290 0.0651878 0.666667 241.917 0.392157 0.5 0 0
6300 0.065203 0.75 242.667 0.392157 0.5 0 0
6310 0.065203 0.75 242.667 0.392157 0.5 0 0
6320 0.0652221 0.75 243.417 0.392157 0.5 0 0
6330 0.0652221 0.75 243.417 0.392157 0.5 0 0
6340 0.0652887 0.833333 244.25 0.392157 0.5 0 0
6350 0.0652887 0.833333 244.25 0.392157 0.5 0 0
6360 0.0654331 0.916667 245.167 0.388235 0.5 0 0
6370 0.0654331 0.916667 245.167 0.388235 0.5 0 0
6380 0.0654764 0.916667 246.083 0.388235 0.5 0 0
6390 0.0654764 0.916667 246.083 0.388235 0.5 0 0
6400 0.0655056 0.916667 247 0.388235 0.5 0 0
6410 0.0655056 0.916667 247 0.388235 0.5 0 0
6420 0.0655359 0.916667 247.917 0.388235 0.5 0 0
6430 0.0655359 0.916667 247.917 0.388235 0.5 0 0
6440 0.0655858 0.833333 248.75 0.384314 0.5 0 0
6450 0.0655858 0.833333 248.75 0.384314 0.5 0 0
6460 0.0656829 0.833333 249.583 0.384314 0.5 0 0
6470 0.0656829 0.833333 249.583 0.384314 0.5 0 0
6480 0.0658051 0.833333 250.417 0.384314 0.5 0 0
6490 0.0658051 0.833333 250.417 0.384314 0.5 0 0
6500 0.0658439 0.833333 251.25 0.384314 0.5 0 0
6510 0.0658439 0.833333 251.25 0.384314 0.5 0 0
6520 0.0658947 0.833333 252.083 0.384314 0.5 0 0
6530 0.0658947 0.833333 252.083 0.380392 0.5 0 0
6540 0.0659253 0.833333 252.917 0.380392 0.5 0 0
6550 0.0659253 0.833333 252.917 0.380392 0.5 0 0
6560 0.0659358 0.833333 253.75 0.380392 0.5 0 0
6570 0.0659358 0.833333 253.75 0.380392 0.5 0 0
6580 0.0659486 0.833333 254.583 0.380392 0.5 0 0
6590 0.0659486 0.833333 254.583 0.380392 0.5 0 0
6600 0.0659676 0.833333 255.417 0.380392 0.5 0 0
6610 0.0659676 0.833333 255.417 0.380392 0.5 0 0
6620 0.0659909 0.833333 256.25 0.380392 0.5 0 0
6630 0.0659909 0.833333 256.25 0.380392 0.5 0 0
6640 0.0660125 0.833333 257.083 0.380392 0.5 0 0
6650 0.0660125 0.833333 257.083 0.380392 0.5 0 0
6660 0.0660321 0.833333 257.917 0.380392 0.5 0 0
6670 0.0660321 0.833333 257.917 0.380392 0.5 0 0
6680 0.0660511 0.833333 258.75 0.380392 0.5 0 0
6690 0.0660511 0.833333 258.75 0.380392 0.5 0 0
6700 0.0660646 0.833333 259.583 0.384314 0.5 0 0
6710 0.0660646 0.833333 259.583 0.380392 0.5 0 0
6720 0.0660889 0.833333 260.417 0.380392 0.5 0 0
6730 0.0660889 0.833333 260.417 0.380392 0.5 0 0
6740 0.0661191 0.833333 261.25 0.380392 0.5 0 0
6750 0.0661191 0.833333 261.25 0.380392 0.5 0 0
6760 0.066149 0.833333 262.083 0.380392 0.5 0 0
6770 0.066149 0.833333 262.083 0.380392 0.5 0 0
6780 0.0661771 0.833333 262.917 0.380392 0.5 0 0
6790 0.0661771 0.833333 262.917 0.380392 0.5 0 0
6800 0.0662066 0.75 263.667 0.380392 0.5 0 0
6810 0.0662066 0.75 263.667 0.380392 0.5 0 0
6820 0.06624 0.666667 264.333 0.384314 0.5 0 0
6830 0.06624 0.666667 264.333 0.380392 0.5 0 0
6840 0.0662611 0.666667 265 0.380392 0.5 0 0
6850 0.0662611 0.666667 265 0.380392 0.5 0 0
6860 0.0662665 0.666667 265.667 0.380392 0.5 0 0
6870 0.0662665 0.666667 265.667 0.380392 0.5 0 0
6880 0.0662538 0.833333 266.5 0.384314 0.5 0 0
6890 0.0662538 0.833333 266.5 0.380392 0.5 0 0
6900 0.0662262 0.833333 267.333 0.380392 0.5 0 0
6910 0.0662262 0.833333 267.333 0.380392 0.5 0 0
6920 0.0662128 0.833333 268.167 0.380392 0.5 0 0
6930 0.0662128 0.833333 268.167 0.380392 0.5 0 0
6940 0.0661915 0.833333 269 0.380392 0.5 0 0
6950 0.0661915 0.833333 269 0.380392 0.5 0 0
6960 0.0661858 0.833333 269.833 0.380392 0.5 0 0
6970 0.0661858 0.833333 269.833 0.384314 0.5 0 0
6980 0.0661873 0.833333 270.667 0.384314 0.5 0 0
6990 0.0661873 0.833333 270.667 0.380392 0.5 0 0
7000 0.0662128 0.833333 271.5 0.380392 0.5 0 0
7010 0.0662128 0.833333 271.5 0.380392 0.5 0 0
7020 0.066207 0.833333 272.333 0.380392 0.5 0 0
7030 0.066207 0.833333 272.333 0.380392 0.5 0 0
7040 0.0661894 0.833333 273.167 0.380392 0.5 0 0
7050 0.0661894 0.833333 273.167 0.380392 0.5 0 0
7060 0.0661888 0.833333 274 0.380392 0.5 0 0
7070 0.0661888 0.833333 274 0.380392 0.5 0 0
7080 0.0661885 0.833333 274.833 0.380392 0.5 0 0
7090 0.0661885 0.833333 274.833 0.380392 0.5 0 0
7100 0.0662218 0.666667 275.5 0.380392 0.5 0 0
7110 0.0662218 0.666667 275.5 0.380392 0.5 0 0
7120 0.066214 0.666667 276.167 0.380392 0.5 0 0
7130 0.066214 0.666667 276.167 0.380392 0.5 0 0
7140 0.0662048 0.666667 276.833 0.380392 0.5 0 0
7150 0.0662048 0.666667 276.833 0.380392 0.5 0 0
7160 0.066191 0.666667 277.5 0.380392 0.5 0 0
7170 0.066191 0.666667 277.5 0.380392 0.5 0 0
7180 0.0662066 0.666667 278.167 0.380392 0.5 0 0
7190 0.0662066 0.666667 278.167 0.380392 0.5 0 0
7200 0.0662481 0.583333 278.75 0.380392 0.5 0 0
7210 0.0662481 0.583333 278.75 0.380392 0.5 0 0
7220 0.0661886 0.75 279.5 0.380392 0.5 0 0
7230 0.0661886 0.75 279.5 0.380392 0.5 0 0
7240 0.0660714 0.75 280.25 0.380392 0.5 0 0
7250 0.0660714 0.75 280.25 0.376471 0.5 0 0
7260 0.0660817 0.75 281 0.380392 0.5 0 0
7270 0.0660817 0.75 281 0.376471 0.5 0 0
7280 0.0661073 0.75 281.75 0.380392 0.5 0 0
7290 0.0661073 0.75 281.75 0.376471 0.5 0 0
7300 0.0661197 0.75 282.5 0.376471 0.5 0 0
7310 0.0661197 0.75 282.5 0.376471 0.5 0 0
7320 0.0661531 0.75 283.25 0.376471 0.5 0 0
7330 0.0661531 0.75 283.25 0.376471 0.5 0 0
7340 0.0661672 0.666667 283.917 0.376471 0.5 0 0
7350 0.0661672 0.666667 283.917 0.376471 0.5 0 0
7360 0.0661907 0.666667 284.583 0.376471 0.5 0 0
7370 0.0661907 0.666667 284.583 0.376471 0.5 0 0
7380 0.0662244 0.666667 285.25 0.376471 0.5 0 0
7390 0.0662244 0.666667 285.25 0.376471 0.5 0 0
7400 0.0662551 0.666667 285.917 0.376471 0.5 0 0
7410 0.0662551 0.666667 285.917 0.376471 0.5 0 0
7420 0.0662838 0.666667 286.583 0.376471 0.5 0 0
7430 0.0662838 0.666667 286.583 0.376471 0.5 0 0
7440 0.0663147 0.5 287.083 0.376471 0.5 0 0
7450 0.0663147 0.5 287.083 0.376471 0.5 0 0
7460 0.0663433 0.583333 287.667 0.376471 0.5 0 0
7470 0.0663433 0.583333 287.667 0.376471 0.5 0 0
7480 0.0663714 0.583333 288.25 0.376471 0.5 0 0
7490 0.0663714 0.583333 288.25 0.376471 0.5 0 0
7500 0.0663981 0.666667 288.917 0.376471 0.5 0 0
7510 0.0663981 0.666667 288.917 0.376471 0.5 0 0
7520 0.0664368 0.666667 289.583 0.376471 0.5 0 0
7530 0.0664368 0.666667 289.583 0.376471 0.5 0 0
7540 0.0665139 0.666667 290.25 0.376471 0.5 0 0
7550 0.0665139 0.666667 290.25 0.372549 0.5 0 0
7560 0.0666142 0.5 290.75 0.376471 0.5 0 0
7570 0.0666142 0.5 290.75 0.376471 0.5 0 0
7580 0.06668 0.583333 291.333 0.372549 0.5 0 0
7590 0.06668 0.583333 291.333 0.372549 0.5 0 0
7600 0.066755 0.5 291.833 0.372549 0.5 0 0
7610 0.066755 0.5 291.833 0.372549 0.5 0 0
7620 0.0668322 0.666667 292.5 0.372549 0.5 0 0
7630 0.0668322 0.666667 292.5 0.372549 0.5 0 0
7640 0.0668965 0.666667 293.167 0.372549 0.5 0 0
7650 0.0668965 0.666667 293.167 0.372549 0.5 0 0
7660 0.0669058 0.666667 293.833 0.372549 0.5 0 0
7670 0.0669058 0.666667 293.833 0.372549 0.5 0 0
7680 0.0668759 0.666667 294.5 0.372549 0.5 0 0
7690 0.0668759 0.666667 294.5 0.372549 0.5 0 0
7700 0.0668456 0.583333 295.083 0.372549 0.5 0 0
7710 0.0668456 0.583333 295.083 0.372549 0.5 0 0
7720 0.0664274 0.5 295.583 0.372549 0.5 0 0
7730 0.0664274 0.5 295.583 0.372549 0.5 0 0
7740 0.0661367 0.5 296.083 0.372549 0.5 0 0
7750 0.0661367 0.5 296.083 0.372549 0.5 0 0
7760 0.0661914 0.5 296.583 0.368627 0.5 0 0
7770 0.0661914 0.5 296.583 0.368627 0.5 0 0
7780 0.0661535 0.583333 297.167 0.368627 0.5 0 0
7790 0.0661535 0.583333 297.167 0.368627 0.5 0 0
7800 0.0661416 0.583333 297.75 0.368627 0.5 0 0
7810 0.0661416 0.583333 297.75 0.368627 0.5 0 0
7820 0.0659028 0.583333 298.333 0.368627 0.5 0 0
7830 0.0659028 0.583333 298.333 0.368627 0.5 0 0
7840 0.0658127 0.583333 298.917 0.368627 0.5 0 0
7850 0.0658127 0.583333 298.917 0.368627 0.5 0 0
7860 0.0658193 0.583333 299.5 0.368627 0.5 0 0
7870 0.0658193 0.583333 299.5 0.368627 0.5 0 0
7880 0.0658409 0.5 300 0.368627 0.5 0 0
7890 0.0658409 0.5 300 0.368627 0.5 0 0
7900 0.0658632 0.5 300.5 0.368627 0.5 0 0
7910 0.0658632 0.5 300.5 0.368627 0.5 0 0
7920 0.0658954 0.5 301 0.368627 0.5 0 0
7930 0.0658954 0.5 301 0.368627 0.5 0 0
7940 0.0659424 0.5 301.5 0.368627 0.5 0 0
7950 0.0659424 0.5 301.5 0.368627 0.5 0 0
7960 0.0659856 0.5 302 0.368627 0.5 0 0
7970 0.0659856 0.5 302 0.368627 0.5 0 0
7980 0.0660535 0.416667 302.417 0.368627 0.5 0 0
7990 0.0660535 0.416667 302.417 0.368627 0.5 0 0
8000 0.0660618 0.333333 302.75 0.368627 0.5 0 0
8010 0.0660618 0.333333 302.75 0.368627 0.5 0 0
8020 0.0660986 0.333333 303.083 0.368627 0.5 0 0
8030 0.0660986 0.333333 303.083 0.368627 0.5 0 0
8040 0.0661489 0.333333 303.417 0.368627 0.5 0 0
8050 0.0661489 0.333333 303.417 0.368627 0.5 0 0
8060 0.0661931 0.333333 303.75 0.368627 0.5 0 0
8070 0.0661931 0.333333 303.75 0.368627 0.5 0 0
8080 0.0658388 0.333333 304.083 0.368627 0.5 0 0
8090 0.0658388 0.333333 304.083 0.364706 0.5 0 0
8100 0.0654831 0.333333 304.417 0.364706 0.5 0 0
8110 0.0654831 0.333333 304.417 0.364706 0.5 0 0
8120 0.0651041 0.333333 304.75 0.364706 0.5 0 0
8130 0.0651041 0.333333 304.75 0.364706 0.5 0 0
8140 0.0652155 0.333333 305.083 0.364706 0.5 0 0
8150 0.0652155 0.333333 305.083 0.364706 0.5 0 0
8160 0.0653825 0.333333 305.417 0.364706 0.5 0 0
8170 0.0653825 0.333333 305.417 0.364706 0.5 0 0
8180 0.0651388 0.333333 305.75 0.364706 0.5 0 0
8190 0.0651388 0.333333 305.75 0.360784 0.5 0 0
8200 0.0651249 0.416667 306.167 0.364706 0.5 0 0
8210 0.0651249 0.416667 306.167 0.360784 0.5 0 0
8220 0.065222 0.416667 306.583 0.360784 0.5 0 0
8230 0.065222 0.416667 306.583 0.360784 0.5 0 0
8240 0.0652736 0.416667 307 0.360784 0.5 0 0
8250 0.0652736 0.416667 307 0.360784 0.5 0 0
8260 0.0653241 0.416667 307.417 0.360784 0.5 0 0
8270 0.0653241 0.416667 307.417 0.360784 0.5 0 0
8280 0.0653704 0.416667 307.833 0.360784 0.5 0 0
8290 0.0653704 0.416667 307.833 0.360784 0.5 0 0
8300 0.0654142 0.416667 308.25 0.360784 0.5 0 0
8310 0.0654142 0.416667 308.25 0.360784 0.5 0 0
8320 0.0654593 0.416667 308.667 0.360784 0.5 0 0
8330 0.0654593 0.416667 308.667 0.360784 0.5 0 0
8340 0.0654989 0.416667 309.083 0.360784 0.5 0 0
8350 0.0654989 0.416667 309.083 0.360784 0.5 0 0
8360 0.06554 0.416667 309.5 0.360784 0.5 0 0
8370 0.06554 0.416667 309.5 0.360784 0.5 0 0
8380 0.0655786 0.416667 309.917 0.360784 0.5 0 0
8390 0.0655786 0.416667 309.917 0.360784 0.5 0 0
8400 0.0656167 0.416667 310.333 0.360784 0.5 0 0
8410 0.0656167 0.416667 310.333 0.360784 0.5 0 0
8420 0.0656739 0.416667 310.75 0.360784 0.5 0 0
8430 0.0656739 0.416667 310.75 0.360784 0.5 0 0
8440 0.0657156 0.416667 311.167 0.360784 0.5 0 0
8450 0.0657156 0.416667 311.167 0.360784 0.5 0 0
8460 0.0657561 0.583333 311.75 0.360784 0.5 0 0
8470 0.0657561 0.583333 311.75 0.360784 0.5 0 0
8480 0.0657959 0.583333 312.333 0.360784 0.5 0 0
8490 0.0657959 0.583333 312.333 0.360784 0.5 0 0
8500 0.0658329 0.583333 312.917 0.360784 0.5 0 0
8510 0.0658329 0.583333 312.917 0.360784 0.5 0 0
8520 0.0658945 0.583333 313.5 0.360784 0.5 0 0
8530 0.0658945 0.583333 313.5 0.360784 0.5 0 0
8540 0.0658696 0.583333 314.083 0.360784 0.5 0 0
8550 0.0658696 0.583333 314.083 0.360784 0.5 0 0
8560 0.0657819 0.166667 314.25 0.360784 0.5 0 0
8570 0.0657819 0.166667 314.25 0.360784 0.5 0 0
8580 0.0652762 0.166667 314.417 0.360784 0.5 0 0
8590 0.0652762 0.166667 314.417 0.356863 0.5 0 0
8600 0.0650363 0.166667 314.583 0.356863 0.5 0 0
8610 0.0650363 0.166667 314.583 0.356863 0.5 0 0
8620 0.0650598 0.166667 314.75 0.356863 0.5 0 0
8630 0.0650598 0.166667 314.75 0.356863 0.5 0 0
8640 0.0648566 0.333333 315.083 0.356863 0.5 0 0
8650 0.0648566 0.333333 315.083 0.356863 0.5 0 0
8660 0.0648793 0.416667 315.5 0.356863 0.5 0 0
8670 0.0648793 0.416667 315.5 0.356863 0.5 0 0
8680 0.0650477 0.416667 315.917 0.356863 0.5 0 0
8690 0.0650477 0.416667 315.917 0.356863 0.5 0 0
8700 0.0651087 0.5 316.417 0.356863 0.5 0 0
8710 0.0651087 0.5 316.417 0.356863 0.5 0 0
8720 0.0652709 0.5 316.917 0.356863 0.5 0 0
8730 0.0652709 0.5 316.917 0.356863 0.5 0 0
8740 0.0653543 0.5 317.417 0.356863 0.5 0 0
8750 0.0653543 0.5 317.417 0.356863 0.5 0 0
8760 0.0654222 0.5 317.917 0.356863 0.5 0 0
8770 0.0654222 0.5 317.917 0.352941 0.5 0 0
8780 0.0654964 0.583333 318.5 0.356863 0.5 0 0
8790 0.0654964 0.583333 318.5 0.352941 0.5 0 0
8800 0.0655523 0.583333 319.083 0.352941 0.5 0 0
8810 0.0655523 0.583333 319.083 0.352941 0.5 0 0
8820 0.0656207 0.583333 319.667 0.352941 0.5 0 0
8830 0.0656207 0.583333 319.667 0.352941 0.5 0 0
8840 0.065682 0.583333 320.25 0.352941 0.5 0 0
8850 0.065682 0.583333 320.25 0.352941 0.5 0 0
8860 0.0657502 0.583333 320.833 0.352941 0.5 0 0
8870 0.0657502 0.583333 320.833 0.352941 0.5 0 0
8880 0.0660404 0.333333 321.167 0.352941 0.5 0 0
8890 0.0660404 0.333333 321.167 0.352941 0.5 0 0
8900 0.0666718 0.333333 321.5 0.356863 0.5 0 0
8910 0.0666718 0.333333 321.5 0.356863 0.5 0 0
8920 0.0669402 0.333333 321.833 0.360784 0.5 0 0
8930 0.0669402 0.333333 321.833 0.356863 0.5 0 0
8940 0.066793 0.5 322.333 0.356863 0.5 0 0
8950 0.066793 0.5 322.333 0.356863 0.5 0 0
8960 0.0661278 0.5 322.833 0.356863 0.5 0 0
8970 0.0661278 0.5 322.833 0.356863 0.5 0 0
8980 0.0658998 0.5 323.333 0.356863 0.5 0 0
8990 0.0658998 0.5 323.333 0.352941 0.5 0 0
9000 0.0654394 0.416667 323.75 0.345098 0.5 0 0
9010 0.0654394 0.416667 323.75 0.345098 0.5 0 0
9020 0.0649166 0.5 324.25 0.34902 0.5 0 0
9030 0.0649166 0.5 324.25 0.345098 0.5 0 0
9040 0.0644085 0.5 324.75 0.345098 0.5 0 0
9050 0.0644085 0.5 324.75 0.345098 0.5 0 0
9060 0.0643802 0.5 325.25 0.345098 0.5 0 0
9070 0.0643802 0.5 325.25 0.34902 0.5 0 0
9080 0.0643908 0.416667 325.667 0.34902 0.5 0 0
9090 0.0643908 0.416667 325.667 0.345098 0.5 0 0
9100 0.0644079 0.5 326.167 0.345098 0.5 0 0
9110 0.0644079 0.5 326.167 0.34902 0.5 0 0
9120 0.0644193 0.583333 326.75 0.345098 0.5 0 0
9130 0.0644193 0.583333 326.75 0.345098 0.5 0 0
9140 0.0644306 0.583333 327.333 0.34902 0.5 0 0
9150 0.0644306 0.583333 327.333 0.34902 0.5 0 0
9160 0.0644399 0.5 327.833 0.34902 0.5 0 0
9170 0.0644399 0.5 327.833 0.345098 0.5 0 0
9180 0.0644601 0.5 328.333 0.345098 0.5 0 0
9190 0.0644601 0.5 328.333 0.34902 0.5 0 0
9200 0.0643957 0.5 328.833 0.345098 0.5 0 0
9210 0.0643957 0.5 328.833 0.345098 0.5 0 0
9220 0.0633556 0.5 329.333 0.345098 0.5 0 0
9230 0.0633556 0.5 329.333 0.345098 0.5 0 0
9240 0.0639014 0.333333 329.667 0.345098 0.5 0 0
9250 0.0639014 0.333333 329.667 0.34902 0.5 0 0
9260 0.0651681 0.333333 330 0.34902 0.5 0 0
9270 0.0651681 0.333333 330 0.352941 0.5 0 0
9280 0.0657202 0.333333 330.333 0.352941 0.5 0 0
9290 0.0657202 0.333333 330.333 0.352941 0.5 0 0
9300 0.0657391 0.333333 330.667 0.352941 0.5 0 0
9310 0.0657391 0.333333 330.667 0.352941 0.5 0 0
9320 0.0656729 0.333333 331 0.352941 0.5 0 0
9330 0.0656729 0.333333 331 0.34902 0.5 0 0
9340 0.0652767 0.166667 331.167 0.34902 0.5 0 0
9350 0.0652767 0.166667 331.167 0.345098 0.5 0 0
9360 0.0640879 0.166667 331.333 0.337255 0.5 0 0
9370 0.0640879 0.166667 331.333 0.341176 0.5 0 0
9380 0.0628738 0.166667 331.5 0.341176 0.5 0 0
9390 0.0628738 0.166667 331.5 0.341176 0.5 0 0
9400 0.0631037 0.166667 331.667 0.337255 0.5 0 0
9410 0.0631037 0.166667 331.667 0.337255 0.5 0 0
9420 0.0633707 0.166667 331.833 0.337255 0.5 0 0
9430 0.0633707 0.166667 331.833 0.333333 0.5 0 0
9440 0.0621984 0.166667 332 0.333333 0.5 0 0
9450 0.0621984 0.166667 332 0.333333 0.5 0 0
9460 0.0607101 0.166667 332.167 0.329412 0.5 0 0
9470 0.0607101 0.166667 332.167 0.329412 0.5 0 0
9480 0.0597411 0.166667 332.333 0.32549 0.5 0 0
9490 0.0597411 0.166667 332.333 0.32549 0.5 0 0
9500 0.0594247 0.166667 332.5 0.32549 0.5 0 0
9510 0.0594247 0.166667 332.5 0.32549 0.5 0 0
9520 0.0588089 0.166667 332.667 0.321569 0.5 0 0
9530 0.0588089 0.166667 332.667 0.321569 0.5 0 0
9540 0.0583614 0 332.667 0.317647 0.5 0 0
9550 0.0583614 0 332.667 0.313725 0.5 0 0
9560 0.0573853 0 332.667 0.317647 0.5 0 0
9570 0.0573853 0 332.667 0.317647 0.5 0 0
9580 0.0574748 0 332.667 0.313725 0.5 0 0
9590 0.0574748 0 332.667 0.313725 0.5 0 0
9600 0.0579081 0 332.667 0.313725 0.5 0 0
9610 0.0579081 0 332.667 0.309804 0.5 0 0
9620 0.0573245 0 332.667 0.313725 0.5 0 0
9630 0.0573245 0 332.667 0.317647 0.5 0 0
9640 0.0570215 0.166667 332.833 0.313725 0.5 0 0
9650 0.0570215 0.166667 332.833 0.313725 0.5 0 0
9660 0.0569277 0.25 333.083 0.317647 0.5 0 0
9670 0.0569277 0.25 333.083 0.317647 0.5 0 0
9680 0.0569473 0.25 333.333 0.317647 0.5 0 0
9690 0.0569473 0.25 333.333 0.317647 0.5 0 0
9700 0.0569473 0.25 333.583 0.317647 0.5 0 0
9710 0.0569473 0.25 333.583 0.313725 0.5 0 0
9720 0.0569473 0.25 333.833 0.317647 0.5 0 0
9730 0.0569473 0.25 333.833 0.317647 0.5 0 0
9740 0.0569473 0.25 334.083 0.317647 0.5 0 0
9750 0.0569473 0.25 334.083 0.317647 0.5 0 0
9760 0.0570191 0 334.083 0.317647 0.5 0 0
9770 0.0570191 0 334.083 0.317647 0.5 0 0
9780 0.0570919 0.166667 334.25 0.317647 0.5 0 0
9790 0.0570919 0.166667 334.25 0.317647 0.5 0 0
9800 0.0570919 0.333333 334.583 0.317647 0.5 0 0
9810 0.0570919 0.333333 334.583 0.317647 0.5 0 0
9820 0.0571047 0.333333 334.917 0.317647 0.5 0 0
9830 0.0571047 0.333333 334.917 0.317647 0.5 0 0
9840 0.0571158 0.416667 335.333 0.317647 0.5 0 0
9850 0.0571158 0.416667 335.333 0.317647 0.5 0 0
9860 0.0571204 0.416667 335.75 0.317647 0.5 0 0
9870 0.0571204 0.416667 335.75 0.317647 0.5 0 0
9880 0.0571231 0.416667 336.167 0.317647 0.5 0 0
9890 0.0571231 0.416667 336.167 0.317647 0.5 0 0
9900 0.0571231 0.5 336.667 0.317647 0.5 0 0
9910 0.0571231 0.5 336.667 0.317647 0.5 0 0
9920 0.0571231 0.5 337.167 0.317647 0.5 0 0
9930 0.0571231 0.5 337.167 0.317647 0.5 0 0
9940 0.0571177 0.5 337.667 0.317647 0.5 0 0
9950 0.0571177 0.5 337.667 0.317647 0.5 0 0
9960 0.0571177 0.5 338.167 0.317647 0.5 0 0
9970 0.0571177 0.5 338.167 0.317647 0.5 0 0
9980 0.0571177 0.583333 338.75 0.317647 0.5 0 0
9990 0.0571177 0.583333 338.75 0.317647 0.5 0 0
10000 0.0571177 0.416667 339.167 0.317647 0.5 0 0
10010 0.0571177 0.416667 339.167 0.317647 0.5 0 0
10020 0.0571177 0.583333 339.75 0.317647 0.5 0 0
10030 0.0571177 0.583333 339.75 0.317647 0.5 0 0
10040 0.0571177 0.583333 340.333 0.317647 0.5 0 0
10050 0.0571177 0.583333 340.333 0.317647 0.5 0 0
10060 0.0571177 0.583333 340.917 0.317647 0.5 0 0
10070 0.0571177 0.583333 340.917 0.317647 0.5 0 0
10080 0.0571177 0.5 341.417 0.317647 0.5 0 0
10090 0.0571177 0.5 341.417 0.317647 0.5 0 0
10100 0.0571177 0.583333 342 0.317647 0.5 0 0
10110 0.0571177 0.583333 342 0.317647 0.5 0 0
10120 0.0571177 0.5 342.5 0.317647 0.5 0 0
10130 0.0571177 0.5 342.5 0.317647 0.5 0 0
10140 0.0571177 0.5 343 0.317647 0.5 0 0
10150 0.0571177 0.5 343 0.317647 0.5 0 0
10160 0.0571177 0.5 343.5 0.317647 0.5 0 0
10170 0.0571177 0.5 343.5 0.317647 0.5 0 0
10180 0.0571177 0.5 344 0.317647 0.5 0 0
10190 0.0571177 0.5 344 0.317647 0.5 0 0
10200 0.0571177 0.583333 344.583 0.317647 0.5 0 0
10210 0.0571177 0.583333 344.583 0.317647 0.5 0 0
10220 0.0571177 0.583333 345.167 0.317647 0.5 0 0
10230 0.0571177 0.583333 345.167 0.317647 0.5 0 0
10240 0.0571177 0.416667 345.583 0.317647 0.5 0 0
10250 0.0571177 0.416667 345.583 0.321569 0.5 0 0
10260 0.057132 0.5 346.083 0.321569 0.5 0 0
10270 0.057132 0.5 346.083 0.32549 0.5 0 0
10280 0.057131 0.5 346.583 0.321569 0.5 0 0
10290 0.057131 0.5 346.583 0.321569 0.5 0 0
10300 0.0571308 0.5 347.083 0.321569 0.5 0 0
10310 0.0571308 0.5 347.083 0.321569 0.5 0 0
10320 0.0571345 0.5 347.583 0.32549 0.5 0 0
10330 0.0571345 0.5 347.583 0.32549 0.5 0 0
10340 0.0571359 0.5 348.083 0.32549 0.5 0 0
10350 0.0571359 0.5 348.083 0.32549 0.5 0 0
10360 0.0571359 0.333333 348.417 0.32549 0.5 0 0
10370 0.0571359 0.333333 348.417 0.321569 0.5 0 0
10380 0.0571741 0.416667 348.833 0.321569 0.5 0 0
10390 0.0571741 0.416667 348.833 0.32549 0.5 0 0
10400 0.0572104 0.416667 349.25 0.32549 0.5 0 0
10410 0.0572104 0.416667 349.25 0.321569 0.5 0 0
10420 0.0573573 0.5 349.75 0.317647 0.5 0 0
10430 0.0573573 0.5 349.75 0.32549 0.5 0 0
10440 0.0576269 0.5 350.25 0.321569 0.5 0 0
10450 0.0576269 0.5 350.25 0.321569 0.5 0 0
10460 0.0576269 0.5 350.75 0.321569 0.5 0 0
10470 0.0576269 0.5 350.75 0.32549 0.5 0 0
10480 0.0576269 0.5 351.25 0.32549 0.5 0 0
10490 0.0576269 0.5 351.25 0.32549 0.5 0 0
10500 0.0576306 0.583333 351.833 0.32549 0.5 0 0
10510 0.0576306 0.583333 351.833 0.32549 0.5 0 0
10520 0.0576371 0.583333 352.417 0.32549 0.5 0 0
10530 0.0576371 0.583333 352.417 0.32549 0.5 0 0
10540 0.0576375 0.583333 353 0.32549 0.5 0 0
10550 0.0576375 0.583333 353 0.321569 0.5 0 0
10560 0.0576375 0.583333 353.583 0.32549 0.5 0 0
10570 0.0576375 0.583333 353.583 0.321569 0.5 0 0
10580 0.0576379 0.583333 354.167 0.321569 0.5 0 0
10590 0.0576379 0.583333 354.167 0.32549 0.5 0 0
10600 0.0576384 0.583333 354.75 0.32549 0.5 0 0
10610 0.0576384 0.583333 354.75 0.32549 0.5 0 0
10620 0.0576392 0.416667 355.167 0.321569 0.5 0 0
10630 0.0576392 0.416667 355.167 0.32549 0.5 0 0
10640 0.0576402 0.333333 355.5 0.32549 0.5 0 0
10650 0.0576402 0.333333 355.5 0.32549 0.5 0 0
10660 0.057641 0.5 356 0.321569 0.5 0 0
10670 0.057641 0.5 356 0.32549 0.5 0 0
10680 0.0576417 0.5 356.5 0.321569 0.5 0 0
10690 0.0576417 0.5 356.5 0.32549 0.5 0 0
10700 0.0576426 0.5 357 0.32549 0.5 0 0
10710 0.0576426 0.5 357 0.32549 0.5 0 0
10720 0.0576449 0.333333 357.333 0.32549 0.5 0 0
10730 0.0576449 0.333333 357.333 0.32549 0.5 0 0
10740 0.0576255 0.416667 357.75 0.32549 0.5 0 0
10750 0.0576255 0.416667 357.75 0.32549 0.5 0 0
10760 0.0575921 0.416667 358.167 0.32549 0.5 0 0
10770 0.0575921 0.416667 358.167 0.329412 0.5 0 0
10780 0.0575722 0.416667 358.583 0.329412 0.5 0 0
10790 0.0575722 0.416667 358.583 0.329412 0.5 0 0
10800 0.0575551 0.333333 358.917 0.333333 0.5 0 0
10810 0.0575551 0.333333 358.917 0.329412 0.5 0 0
10820 0.0575428 0.333333 359.25 0.329412 0.5 0 0
10830 0.0575428 0.333333 359.25 0.329412 0.5 0 0
10840 0.0575234 0.416667 359.667 0.333333 0.5 0 0
10850 0.0575234 0.416667 359.667 0.329412 0.5 0 0
10860 0.0574881 0.75 360.417 0.329412 0.5 0 0
10870 0.0574881 0.75 360.417 0.329412 0.5 0 0
10880 0.0574686 0.833333 361.25 0.329412 0.5 0 0
10890 0.0574686 0.833333 361.25 0.333333 0.5 0 0
10900 0.0574545 1 362.25 0.333333 0.5 0 0
10910 0.0574545 1 362.25 0.333333 0.5 0 0
10920 0.0574365 1 363.25 0.337255 0.5 0 0
10930 0.0574365 1 363.25 0.333333 0.5 0 0
10940 0.0572753 0.75 364 0.333333 0.5 0 0
10950 0.0572753 0.75 364 0.337255 0.5 0 0
10960 0.0566864 0.75 364.75 0.32549 0.5 0 0
10970 0.0566864 0.75 364.75 0.32549 0.5 0 0
10980 0.0553282 0.5 365.25 0.309804 0.5 0 0
10990 0.0553282 0.5 365.25 0.301961 0.5 0 0
11000 0.0542016 0.666667 365.917 0.301961 0.5 0 0
11010 0.0542016 0.666667 365.917 0.301961 0.5 0 0
11020 0.0536314 0.666667 366.583 0.301961 0.5 0 0
11030 0.0536314 0.666667 366.583 0.301961 0.5 0 0
11040 0.0536 0.75 367.333 0.301961 0.5 0 0
11050 0.0536 0.75 367.333 0.301961 0.5 0 0
11060 0.0532542 0.75 368.083 0.301961 0.5 0 0
11070 0.0532542 0.75 368.083 0.301961 0.5 0 0
11080 0.0532501 0.75 368.833 0.301961 0.5 0 0
11090 0.0532501 0.75 368.833 0.301961 0.5 0 0
11100 0.0532493 0.416667 369.25 0.301961 0.5 0 0
11110 0.0532493 0.416667 369.25 0.301961 0.5 0 0
11120 0.0532382 0.5 369.75 0.301961 0.5 0 0
11130 0.0532382 0.5 369.75 0.301961 0.5 0 0
11140 0.0531946 0.5 370.25 0.301961 0.5 0 0
11150 0.0531946 0.5 370.25 0.301961 0.5 0 0
11160 0.0532592 0.5 370.75 0.301961 0.5 0 0
11170 0.0532592 0.5 370.75 0.301961 0.5 0 0
11180 0.0535331 0.5 371.25 0.301961 0.5 0 0
11190 0.0535331 0.5 371.25 0.301961 0.5 0 0
11200 0.0536591 0.583333 371.833 0.301961 0.5 0 0
11210 0.0536591 0.583333 371.833 0.301961 0.5 0 0
11220 0.0536743 0.583333 372.417 0.301961 0.5 0 0
11230 0.0536743 0.583333 372.417 0.301961 0.5 0 0
11240 0.0536963 0.333333 372.75 0.301961 0.5 0 0
11250 0.0536963 0.333333 372.75 0.301961 0.5 0 0
11260 0.0537073 0.5 373.25 0.301961 0.5 0 0
11270 0.0537073 0.5 373.25 0.301961 0.5 0 0
11280 0.0538933 0.583333 373.833 0.301961 0.5 0 0
11290 0.0538933 0.583333 373.833 0.301961 0.5 0 0
11300 0.0540168 0.75 374.583 0.301961 0.5 0 0
11310 0.0540168 0.75 374.583 0.301961 0.5 0 0
11320 0.0540647 0.75 375.333 0.301961 0.5 0 0
11330 0.0540647 0.75 375.333 0.301961 0.5 0 0
11340 0.0541026 0.75 376.083 0.301961 0.5 0 0
11350 0.0541026 0.75 376.083 0.301961 0.5 0 0
11360 0.0541358 0.75 376.833 0.301961 0.5 0 0
11370 0.0541358 0.75 376.833 0.301961 0.5 0 0
11380 0.0541624 0.583333 377.417 0.301961 0.5 0 0
11390 0.0541624 0.583333 377.417 0.301961 0.5 0 0
11400 0.0541838 0.583333 378 0.301961 0.5 0 0
11410 0.0541838 0.583333 378 0.301961 0.5 0 0
11420 0.054206 0.666667 378.667 0.301961 0.5 0 0
11430 0.054206 0.666667 378.667 0.301961 0.5 0 0
11440 0.0542438 0.75 379.417 0.301961 0.5 0 0
11450 0.0542438 0.75 379.417 0.301961 0.5 0 0
11460 0.0542503 0.583333 380 0.301961 0.5 0 0
11470 0.0542503 0.583333 380 0.301961 0.5 0 0
11480 0.0542583 0.583333 380.583 0.301961 0.5 0 0
11490 0.0542583 0.583333 380.583 0.301961 0.5 0 0
11500 0.0542624 0.583333 381.167 0.301961 0.5 0 0
11510 0.0542624 0.583333 381.167 0.301961 0.5 0 0
11520 0.0542548 0.75 381.917 0.301961 0.5 0 0
11530 0.0542548 0.75 381.917 0.301961 0.5 0 0
11540 0.0542504 0.833333 382.75 0.301961 0.5 0 0
11550 0.0542504 0.833333 382.75 0.301961 0.5 0 0
11560 0.0542472 0.583333 383.333 0.301961 0.5 0 0
11570 0.0542472 0.583333 383.333 0.298039 0.5 0 0
11580 0.054245 0.583333 383.917 0.301961 0.5 0 0
11590 0.054245 0.583333 383.917 0.301961 0.5 0 0
11600 0.054244 0.75 384.667 0.298039 0.5 0 0
11610 0.054244 0.75 384.667 0.301961 0.5 0 0
11620 0.0542449 0.666667 385.333 0.301961 0.5 0 0
11630 0.0542449 0.666667 385.333 0.301961 0.5 0 0
11640 0.0532442 0.583333 385.917 0.301961 0.5 0 0
11650 0.0532442 0.583333 385.917 0.301961 0.5 0 0
11660 0.0530865 0.666667 386.583 0.301961 0.5 0 0
11670 0.0530865 0.666667 386.583 0.301961 0.5 0 0
11680 0.053086 0.666667 387.25 0.301961 0.5 0 0
11690 0.053086 0.666667 387.25 0.301961 0.5 0 0
11700 0.0528723 0.666667 387.917 0.301961 0.5 0 0
11710 0.0528723 0.666667 387.917 0.301961 0.5 0 0
11720 0.0530095 0.75 388.667 0.301961 0.5 0 0
11730 0.0530095 0.75 388.667 0.301961 0.5 0 0
11740 0.0531408 0.75 389.417 0.301961 0.5 0 0
11750 0.0531408 0.75 389.417 0.301961 0.5 0 0
11760 0.0531434 0.75 390.167 0.298039 0.5 0 0
11770 0.0531434 0.75 390.167 0.301961 0.5 0 0
11780 0.053146 0.666667 390.833 0.301961 0.5 0 0
11790 0.053146 0.666667 390.833 0.301961 0.5 0 0
11800 0.053151 0.666667 391.5 0.298039 0.5 0 0
11810 0.053151 0.666667 391.5 0.298039 0.5 0 0
11820 0.0531665 0.833333 392.333 0.298039 0.5 0 0
11830 0.0531665 0.833333 392.333 0.298039 0.5 0 0
11840 0.0531748 0.5 392.833 0.298039 0.5 0 0
11850 0.0531748 0.5 392.833 0.298039 0.5 0 0
11860 0.0531741 0.5 393.333 0.298039 0.5 0 0
11870 0.0531741 0.5 393.333 0.298039 0.5 0 0
11880 0.0531734 0.5 393.833 0.298039 0.5 0 0
11890 0.0531734 0.5 393.833 0.298039 0.5 0 0
11900 0.053189 0.666667 394.5 0.298039 0.5 0 0
11910 0.053189 0.666667 394.5 0.298039 0.5 0 0
11920 0.0532002 0.583333 395.083 0.298039 0.5 0 0
11930 0.0532002 0.583333 395.083 0.298039 0.5 0 0
11940 0.0532 0.583333 395.667 0.298039 0.5 0 0
11950 0.0532 0.583333 395.667 0.298039 0.5 0 0
11960 0.0532482 0.75 396.417 0.298039 0.5 0 0
11970 0.0532482 0.75 396.417 0.298039 0.5 0 0
11980 0.0532713 0.833333 397.25 0.298039 0.5 0 0
11990 0.0532713 0.833333 397.25 0.298039 0.5 0 0
12000 0.0532695 0.833333 398.083 0.298039 0.5 0 0
12010 0.0532695 0.833333 398.083 0.298039 0.5 0 0
12020 0.0532675 0.666667 398.75 0.298039 0.5 0 0
12030 0.0532675 0.666667 398.75 0.298039 0.5 0 0
12040 0.0532743 0.833333 399.583 0.294118 0.5 0 0
12050 0.0532743 0.833333 399.583 0.298039 0.5 0 0
12060 0.0531458 0.75 400.333 0.298039 0.5 0 0
12070 0.0531458 0.75 400.333 0.298039 0.5 0 0
12080 0.0527323 0.666667 401 0.294118 0.5 0 0
12090 0.0527323 0.666667 401 0.290196 0.5 0 0
12100 0.0525609 0.5 401.5 0.290196 0.5 0 0
12110 0.0525609 0.5 401.5 0.290196 0.5 0 0
12120 0.0519787 0.5 402 0.286275 0.5 0 0
12130 0.0519787 0.5 402 0.286275 0.5 0 0
12140 0.0513657 0.333333 402.333 0.286275 0.5 0 0
12150 0.0513657 0.333333 402.333 0.286275 0.5 0 0
12160 0.0509118 0.333333 402.667 0.282353 0.5 0 0
12170 0.0509118 0.333333 402.667 0.282353 0.5 0 0
12180 0.0516364 0.333333 403 0.286275 0.5 0 0
12190 0.0516364 0.333333 403 0.290196 0.5 0 0
12200 0.0521383 0.333333 403.333 0.290196 0.5 0 0
12210 0.0521383 0.333333 403.333 0.294118 0.5 0 0
12220 0.0528009 0.333333 403.667 0.290196 0.5 0 0
12230 0.0528009 0.333333 403.667 0.294118 0.5 0 0
12240 0.0529203 0.333333 404 0.294118 0.5 0 0
12250 0.0529203 0.333333 404 0.290196 0.5 0 0
12260 0.0522348 0.583333 404.583 0.294118 0.5 0 0
12270 0.0522348 0.583333 404.583 0.305882 0.5 0 0
12280 0.0518064 0.583333 405.167 0.309804 0.5 0 0
12290 0.0518064 0.583333 405.167 0.309804 0.5 0 0
12300 0.0517743 0.416667 405.583 0.305882 0.5 0 0
12310 0.0517743 0.416667 405.583 0.301961 0.5 0 0
12320 0.0512895 0.416667 406 0.301961 0.5 0 0
12330 0.0512895 0.416667 406 0.282353 0.5 0 0
12340 0.0504075 0.416667 406.417 0.27451 0.5 0 0
12350 0.0504075 0.416667 406.417 0.27451 0.5 0 0
12360 0.0493005 0.25 406.667 0.27451 0.5 0 0
12370 0.0493005 0.25 406.667 0.27451 0.5 0 0
12380 0.0485689 0.333333 407 0.27451 0.5 0 0
12390 0.0485689 0.333333 407 0.27451 0.5 0 0
12400 0.0482191 0.5 407.5 0.27451 0.5 0 0
12410 0.0482191 0.5 407.5 0.278431 0.5 0 0
12420 0.0482029 0.5 408 0.27451 0.5 0 0
12430 0.0482029 0.5 408 0.278431 0.5 0 0
12440 0.0481834 0.5 408.5 0.27451 0.5 0 0
12450 0.0481834 0.5 408.5 0.278431 0.5 0 0
12460 0.0481834 0.5 409 0.27451 0.5 0 0
12470 0.0481834 0.5 409 0.27451 0.5 0 0
12480 0.0480336 0.5 409.5 0.27451 0.5 0 0
12490 0.0480336 0.5 409.5 0.27451 0.5 0 0
12500 0.0481174 0.333333 409.833 0.27451 0.5 0 0
12510 0.0481174 0.333333 409.833 0.27451 0.5 0 0
12520 0.0484259 0.333333 410.167 0.27451 0.5 0 0
12530 0.0484259 0.333333 410.167 0.270588 0.5 0 0
12540 0.0490079 0.333333 410.5 0.270588 0.5 0 0
12550 0.0490079 0.333333 410.5 0.278431 0.5 0 0
12560 0.0495282 0.333333 410.833 0.286275 0.5 0 0
12570 0.0495282 0.333333 410.833 0.290196 0.5 0 0
12580 0.0496932 0.166667 411 0.286275 0.5 0 0
12590 0.0496932 0.166667 411 0.290196 0.5 0 0
12600 0.0497019 0.166667 411.167 0.286275 0.5 0 0
12610 0.0497019 0.166667 411.167 0.290196 0.5 0 0
12620 0.0497019 0.333333 411.5 0.286275 0.5 0 0
12630 0.0497019 0.333333 411.5 0.282353 0.5 0 0
12640 0.0497019 0.166667 411.667 0.290196 0.5 0 0
12650 0.0497019 0.166667 411.667 0.278431 0.5 0 0
12660 0.0490068 0.333333 412 0.27451 0.5 0 0
12670 0.0490068 0.333333 412 0.270588 0.5 0 0
12680 0.0488819 0.333333 412.333 0.270588 0.5 0 0
12690 0.0488819 0.333333 412.333 0.266667 0.5 0 0
12700 0.0487669 0.333333 412.667 0.266667 0.5 0 0
12710 0.0487669 0.333333 412.667 0.266667 0.5 0 0
12720 0.048652 0.416667 413.083 0.266667 0.5 0 0
12730 0.048652 0.416667 413.083 0.266667 0.5 0 0
12740 0.048564 0.416667 413.5 0.262745 0.5 0 0
12750 0.048564 0.416667 413.5 0.262745 0.5 0 0
12760 0.0484693 0.416667 413.917 0.262745 0.5 0 0
12770 0.0484693 0.416667 413.917 0.262745 0.5 0 0
12780 0.0483782 0.416667 414.333 0.262745 0.5 0 0
12790 0.0483782 0.416667 414.333 0.262745 0.5 0 0
12800 0.0482957 0.5 414.833 0.262745 0.5 0 0
12810 0.0482957 0.5 414.833 0.262745 0.5 0 0
12820 0.0482632 0.583333 415.417 0.262745 0.5 0 0
12830 0.0482632 0.583333 415.417 0.258824 0.5 0 0
12840 0.0479864 0.333333 415.75 0.258824 0.5 0 0
12850 0.0479864 0.333333 415.75 0.258824 0.5 0 0
12860 0.0472072 0.333333 416.083 0.258824 0.5 0 0
12870 0.0472072 0.333333 416.083 0.254902 0.5 0 0
12880 0.0470954 0.333333 416.417 0.254902 0.5 0 0
12890 0.0470954 0.333333 416.417 0.258824 0.5 0 0
12900 0.0466459 0.333333 416.75 0.254902 0.5 0 0
12910 0.0466459 0.333333 416.75 0.258824 0.5 0 0
12920 0.0463843 0.333333 417.083 0.258824 0.5 0 0
12930 0.0463843 0.333333 417.083 0.254902 0.5 0 0
12940 0.0461282 0.333333 417.417 0.254902 0.5 0 0
12950 0.0461282 0.333333 417.417 0.254902 0.5 0 0
12960 0.0461373 0.416667 417.833 0.254902 0.5 0 0
12970 0.0461373 0.416667 417.833 0.254902 0.5 0 0
12980 0.0461527 0.416667 418.25 0.254902 0.5 0 0
12990 0.0461527 0.416667 418.25 0.254902 0.5 0 0
13000 0.0461639 0.5 418.75 0.254902 0.5 0 0
13010 0.0461639 0.5 418.75 0.25098 0.5 0 0
13020 0.0461725 0.5 419.25 0.25098 0.5 0 0
13030 0.0461725 0.5 419.25 0.25098 0.5 0 0
13040 0.0461851 0.5 419.75 0.25098 0.5 0 0
13050 0.0461851 0.5 419.75 0.25098 0.5 0 0
13060 0.0462136 0.5 420.25 0.25098 0.5 0 0
13070 0.0462136 0.5 420.25 0.25098 0.5 0 0
13080 0.046223 0.5 420.75 0.25098 0.5 0 0
13090 0.046223 0.5 420.75 0.25098 0.5 0 0
13100 0.0462129 0.5 421.25 0.25098 0.5 0 0
13110 0.0462129 0.5 421.25 0.247059 0.5 0 0
13120 0.0461653 0.5 421.75 0.247059 0.5 0 0
13130 0.0461653 0.5 421.75 0.247059 0.5 0 0
13140 0.0461586 0.5 422.25 0.247059 0.5 0 0
13150 0.0461586 0.5 422.25 0.247059 0.5 0 0
13160 0.0461223 0.5 422.75 0.243137 0.5 0 0
13170 0.0461223 0.5 422.75 0.247059 0.5 0 0
13180 0.0460607 0.5 423.25 0.243137 0.5 0 0
13190 0.0460607 0.5 423.25 0.243137 0.5 0 0
13200 0.0460197 0.5 423.75 0.243137 0.5 0 0
13210 0.0460197 0.5 423.75 0.243137 0.5 0 0
13220 0.0459851 0.5 424.25 0.243137 0.5 0 0
13230 0.0459851 0.5 424.25 0.243137 0.5 0 0
13240 0.0459441 0.5 424.75 0.239216 0.5 0 0
13250 0.0459441 0.5 424.75 0.243137 0.5 0 0
13260 0.0451361 0.416667 425.167 0.243137 0.5 0 0
13270 0.0451361 0.416667 425.167 0.254902 0.5 0 0
13280 0.044935 0.25 425.417 0.258824 0.5 0 0
13290 0.044935 0.25 425.417 0.254902 0.5 0 0
13300 0.044784 0.25 425.667 0.25098 0.5 0 0
13310 0.044784 0.25 425.667 0.254902 0.5 0 0
13320 0.0437618 0.25 425.917 0.243137 0.5 0 0
13330 0.0437618 0.25 425.917 0.239216 0.5 0 0
13340 0.0427646 0.25 426.167 0.239216 0.5 0 0
13350 0.0427646 0.25 426.167 0.239216 0.5 0 0
13360 0.0426096 0.25 426.417 0.239216 0.5 0 0
13370 0.0426096 0.25 426.417 0.239216 0.5 0 0
13380 0.0425563 0.166667 426.583 0.235294 0.5 0 0
13390 0.0425563 0.166667 426.583 0.235294 0.5 0 0
13400 0.0424222 0.166667 426.75 0.235294 0.5 0 0
13410 0.0424222 0.166667 426.75 0.231373 0.5 0 0
13420 0.0424452 0.166667 426.917 0.231373 0.5 0 0
13430 0.0424452 0.166667 426.917 0.231373 0.5 0 0
13440 0.0424015 0 426.917 0.227451 0.5 0 0
13450 0.0424015 0 426.917 0.227451 0.5 0 0
13460 0.0425906 0.166667 427.083 0.235294 0.5 0 0
13470 0.0425906 0.166667 427.083 0.235294 0.5 0 0
13480 0.0426882 0.166667 427.25 0.239216 0.5 0 0
13490 0.0426882 0.166667 427.25 0.239216 0.5 0 0
13500 0.0429822 0.166667 427.417 0.239216 0.5 0 0
13510 0.0429822 0.166667 427.417 0.239216 0.5 0 0
13520 0.0430974 0.166667 427.583 0.239216 0.5 0 0
13530 0.0430974 0.166667 427.583 0.243137 0.5 0 0
13540 0.0427704 0.166667 427.75 0.231373 0.5 0 0
13550 0.0427704 0.166667 427.75 0.211765 0.5 0 0
13560 0.0419228 0.166667 427.917 0.207843 0.5 0 0
13570 0.0419228 0.166667 427.917 0.211765 0.5 0 0
13580 0.0416663 0.166667 428.083 0.211765 0.5 0 0
13590 0.0416663 0.166667 428.083 0.211765 0.5 0 0
13600 0.0413383 0.166667 428.25 0.215686 0.5 0 0
13610 0.0413383 0.166667 428.25 0.219608 0.5 0 0
13620 0.0412882 0.166667 428.417 0.219608 0.5 0 0
13630 0.0412882 0.166667 428.417 0.219608 0.5 0 0
13640 0.0413197 0.25 428.667 0.219608 0.5 0 0
13650 0.0413197 0.25 428.667 0.219608 0.5 0 0
13660 0.0412279 0.166667 428.833 0.211765 0.5 0 0
13670 0.0412279 0.166667 428.833 0.211765 0.5 0 0
13680 0.0405984 0.416667 429.25 0.207843 0.5 0 0
13690 0.0405984 0.416667 429.25 0.211765 0.5 0 0
13700 0.0400677 0.416667 429.667 0.207843 0.5 0 0
13710 0.0400677 0.416667 429.667 0.211765 0.5 0 0
13720 0.0399811 0.416667 430.083 0.207843 0.5 0 0
13730 0.0399811 0.416667 430.083 0.207843 0.5 0 0
13740 0.0399392 0.416667 430.5 0.207843 0.5 0 0
13750 0.0399392 0.416667 430.5 0.203922 0.5 0 0
13760 0.0399295 0.416667 430.917 0.207843 0.5 0 0
13770 0.0399295 0.416667 430.917 0.207843 0.5 0 0
13780 0.0399445 0.416667 431.333 0.207843 0.5 0 0
13790 0.0399445 0.416667 431.333 0.207843 0.5 0 0
13800 0.039933 0.416667 431.75 0.203922 0.5 0 0
13810 0.039933 0.416667 431.75 0.203922 0.5 0 0
13820 0.0399488 0.25 432 0.203922 0.5 0 0
13830 0.0399488 0.25 432 0.207843 0.5 0 0
13840 0.0399623 0.25 432.25 0.203922 0.5 0 0
13850 0.0399623 0.25 432.25 0.203922 0.5 0 0
13860 0.0399726 0.25 432.5 0.203922 0.5 0 0
13870 0.0399726 0.25 432.5 0.207843 0.5 0 0
13880 0.0399868 0.25 432.75 0.203922 0.5 0 0
13890 0.0399868 0.25 432.75 0.207843 0.5 0 0
13900 0.0399947 0.25 433 0.207843 0.5 0 0
13910 0.0399947 0.25 433 0.203922 0.5 0 0
13920 0.0399341 0.416667 433.417 0.203922 0.5 0 0
13930 0.0399341 0.416667 433.417 0.203922 0.5 0 0
13940 0.0398014 0.416667 433.833 0.2 0.5 0 0
13950 0.0398014 0.416667 433.833 0.2 0.5 0 0
13960 0.0396574 0.416667 434.25 0.2 0.5 0 0
13970 0.0396574 0.416667 434.25 0.196078 0.5 0 0
13980 0.0394694 0.416667 434.667 0.196078 0.5 0 0
13990 0.0394694 0.416667 434.667 0.196078 0.5 0 0
14000 0.0391819 0.416667 435.083 0.192157 0.5 0 0
14010 0.0391819 0.416667 435.083 0.192157 0.5 0 0
14020 0.0389356 0.416667 435.5 0.192157 0.5 0 0
14030 0.0389356 0.416667 435.5 0.188235 0.5 0 0
14040 0.0387687 0.416667 435.917 0.188235 0.5 0 0
14050 0.0387687 0.416667 435.917 0.188235 0.5 0 0
14060 0.0386897 0.416667 436.333 0.188235 0.5 0 0
14070 0.0386897 0.416667 436.333 0.188235 0.5 0 0
14080 0.0386293 0.416667 436.75 0.188235 0.5 0 0
14090 0.0386293 0.416667 436.75 0.188235 0.5 0 0
14100 0.0385515 0.416667 437.167 0.184314 0.5 0 0
14110 0.0385515 0.416667 437.167 0.184314 0.5 0 0
14120 0.0384845 0.5 437.667 0.184314 0.5 0 0
14130 0.0384845 0.5 437.667 0.188235 0.5 0 0
14140 0.0384075 0.5 438.167 0.184314 0.5 0 0
14150 0.0384075 0.5 438.167 0.184314 0.5 0 0
14160 0.0383311 0.583333 438.75 0.184314 0.5 0 0
14170 0.0383311 0.583333 438.75 0.184314 0.5 0 0
14180 0.0382544 0.583333 439.333 0.184314 0.5 0 0
14190 0.0382544 0.583333 439.333 0.184314 0.5 0 0
14200 0.03818 0.583333 439.917 0.184314 0.5 0 0
14210 0.03818 0.583333 439.917 0.184314 0.5 0 0
14220 0.0379595 0.583333 440.5 0.180392 0.5 0 0
14230 0.0379595 0.583333 440.5 0.184314 0.5 0 0
14240 0.0372886 0.583333 441.083 0.180392 0.5 0 0
14250 0.0372886 0.583333 441.083 0.184314 0.5 0 0
14260 0.0370581 0.583333 441.667 0.184314 0.5 0 0
14270 0.0370581 0.583333 441.667 0.184314 0.5 0 0
14280 0.0368432 0.583333 442.25 0.188235 0.5 0 0
14290 0.0368432 0.583333 442.25 0.180392 0.5 0 0
14300 0.0365525 0.75 443 0.184314 0.5 0 0
14310 0.0365525 0.75 443 0.180392 0.5 0 0
14320 0.036228 0.75 443.75 0.180392 0.5 0 0
14330 0.036228 0.75 443.75 0.180392 0.5 0 0
14340 0.0361963 0.75 444.5 0.180392 0.5 0 0
14350 0.0361963 0.75 444.5 0.172549 0.5 0 0
14360 0.0359478 0.583333 445.083 0.172549 0.5 0 0
14370 0.0359478 0.583333 445.083 0.164706 0.5 0 0
14380 0.0356317 0.583333 445.667 0.160784 0.5 0 0
14390 0.0356317 0.583333 445.667 0.160784 0.5 0 0
14400 0.034866 0.5 446.167 0.164706 0.5 0 0
14410 0.034866 0.5 446.167 0.168627 0.5 0 0
14420 0.0343928 0.75 446.917 0.172549 0.5 0 0
14430 0.0343928 0.75 446.917 0.172549 0.5 0 0
14440 0.0342502 0.75 447.667 0.168627 0.5 0 0
14450 0.0342502 0.75 447.667 0.164706 0.5 0 0
14460 0.0338893 0.75 448.417 0.164706 0.5 0 0
14470 0.0338893 0.75 448.417 0.160784 0.5 0 0
14480 0.0333312 0.833333 449.25 0.156863 0.5 0 0
14490 0.0333312 0.833333 449.25 0.160784 0.5 0 0
14500 0.0328634 0.833333 450.083 0.160784 0.5 0 0
14510 0.0328634 0.833333 450.083 0.156863 0.5 0 0
14520 0.0326428 0.75 450.833 0.152941 0.5 0 0
14530 0.0326428 0.75 450.833 0.156863 0.5 0 0
14540 0.0327269 0.75 451.583 0.160784 0.5 0 0
14550 0.0327269 0.75 451.583 0.168627 0.5 0 0
14560 0.0326789 0.75 452.333 0.168627 0.5 0 0
14570 0.0326789 0.75 452.333 0.168627 0.5 0 0
14580 0.0326787 0.75 453.083 0.168627 0.5 0 0
14590 0.0326787 0.75 453.083 0.168627 0.5 0 0
14600 0.0323689 0.666667 453.75 0.160784 0.5 0 0
14610 0.0323689 0.666667 453.75 0.14902 0.5 0 0
14620 0.0314989 0.666667 454.417 0.137255 0.5 0 0
14630 0.0314989 0.666667 454.417 0.141176 0.5 0 0
14640 0.0306516 0.666667 455.083 0.145098 0.5 0 0
14650 0.0306516 0.666667 455.083 0.145098 0.5 0 0
14660 0.0305713 0.583333 455.667 0.137255 0.5 0 0
14670 0.0305713 0.583333 455.667 0.137255 0.5 0 0
14680 0.0307804 0.583333 456.25 0.137255 0.5 0 0
14690 0.0307804 0.583333 456.25 0.141176 0.5 0 0
14700 0.0305306 0.583333 456.833 0.141176 0.5 0 0
14710 0.0305306 0.583333 456.833 0.141176 0.5 0 0
14720 0.0303813 0.583333 457.417 0.145098 0.5 0 0
14730 0.0303813 0.583333 457.417 0.145098 0.5 0 0
14740 0.0301135 0.583333 458 0.145098 0.5 0 0
14750 0.0301135 0.583333 458 0.14902 0.5 0 0
14760 0.0298647 0.416667 458.417 0.145098 0.5 0 0
14770 0.0298647 0.416667 458.417 0.141176 0.5 0 0
14780 0.0296776 0.416667 458.833 0.141176 0.5 0 0
14790 0.0296776 0.416667 458.833 0.137255 0.5 0 0
14800 0.0292589 0.416667 459.25 0.133333 0.5 0 0
14810 0.0292589 0.416667 459.25 0.129412 0.5 0 0
14820 0.0284513 0.25 459.5 0.12549 0.5 0 0
14830 0.0284513 0.25 459.5 0.121569 0.5 0 0
14840 0.0280401 0.333333 459.833 0.12549 0.5 0 0
14850 0.0280401 0.333333 459.833 0.129412 0.5 0 0
14860 0.0276073 0.333333 460.167 0.129412 0.5 0 0
14870 0.0276073 0.333333 460.167 0.129412 0.5 0 0
14880 0.0274045 0.333333 460.5 0.12549 0.5 0 0
14890 0.0274045 0.333333 460.5 0.117647 0.5 0 0
14900 0.0267789 0.416667 460.917 0.113725 0.5 0 0
14910 0.0267789 0.416667 460.917 0.113725 0.5 0 0
14920 0.0254 0.5 461.417 0.113725 0.5 0 0
14930 0.0254 0.5 461.417 0.113725 0.5 0 0
14940 0.024903 0.5 461.917 0.109804 0.5 0 0
14950 0.024903 0.5 461.917 0.109804 0.5 0 0
14960 0.0242228 0.5 462.417 0.109804 0.5 0 0
14970 0.0242228 0.5 462.417 0.109804 0.5 0 0
14980 0.0232422 0.5 462.917 0.105882 0.5 0 0
14990 0.0232422 0.5 462.917 0.101961 0.5 0 0
15000 0.0222931 0.5 463.417 0.101961 0.5 0 0
15010 0.0222931 0.5 463.417 0.0980392 0.5 0 0
15020 0.0212846 0.5 463.917 0.0980392 0.5 0 0
15030 0.0212846 0.5 463.917 0.0980392 0.5 0 0
15040 0.0205801 0.5 464.417 0.0980392 0.5 0 0
15050 0.0205801 0.5 464.417 0.0980392 0.5 0 0
15060 0.0201418 0.583333 465 0.101961 0.5 0 0
15070 0.0201418 0.583333 465 0.101961 0.5 0 0
15080 0.0201301 0.583333 465.583 0.105882 0.5 0 0
15090 0.0201301 0.583333 465.583 0.105882 0.5 0 0
15100 0.0199872 0.583333 466.167 0.101961 0.5 0 0
15110 0.0199872 0.583333 466.167 0.101961 0.5 0 0
15120 0.0196805 0.583333 466.75 0.0980392 0.5 0 0
15130 0.0196805 0.583333 466.75 0.0980392 0.5 0 0
15140 0.0191865 0.583333 467.333 0.0941176 0.5 0 0
15150 0.0191865 0.583333 467.333 0.0941176 0.5 0 0
15160 0.0187882 0.5 467.833 0.0941176 0.5 0 0
15170 0.0187882 0.5 467.833 0.0941176 0.5 0 0
15180 0.0183 0.75 468.583 0.0941176 0.5 0 0
15190 0.0183 0.75 468.583 0.0941176 0.5 0 0
15200 0.0180037 0.75 469.333 0.0901961 0.5 0 0
15210 0.0180037 0.75 469.333 0.0901961 0.5 0 0
15220 0.0173937 0.916667 470.25 0.0862745 0.5 0 0
15230 0.0173937 0.916667 470.25 0.0862745 0.5 0 0
15240 0.0171866 0.916667 471.167 0.0862745 0.5 0 0
15250 0.0171866 0.916667 471.167 0.0862745 0.5 0 0
15260 0.0171093 0.916667 472.083 0.0862745 0.5 0 0
15270 0.0171093 0.916667 472.083 0.0862745 0.5 0 0
15280 0.0170568 0.916667 473 0.0862745 0.5 0 0
15290 0.0170568 0.916667 473 0.0862745 0.5 0 0
15300 0.0169983 0.916667 473.917 0.0862745 0.5 0 0
15310 0.0169983 0.916667 473.917 0.0862745 0.5 0 0
15320 0.0169478 0.916667 474.833 0.0862745 0.5 0 0
15330 0.0169478 0.916667 474.833 0.0862745 0.5 0 0
15340 0.0169054 0.916667 475.75 0.0862745 0.5 0 0
15350 0.0169054 0.916667 475.75 0.0862745 0.5 0 0
15360 0.0168622 0.916667 476.667 0.0862745 0.5 0 0
15370 0.0168622 0.916667 476.667 0.0862745 0.5 0 0
15380 0.0168018 0.916667 477.583 0.0862745 0.5 0 0
15390 0.0168018 0.916667 477.583 0.0862745 0.5 0 0
15400 0.0166818 0.833333 478.417 0.0862745 0.5 0 0
15410 0.0166818 0.833333 478.417 0.0862745 0.5 0 0
15420 0.0165827 0.833333 479.25 0.0862745 0.5 0 0
15430 0.0165827 0.833333 479.25 0.0862745 0.5 0 0
15440 0.0165133 0.833333 480.083 0.0862745 0.5 0 0
15450 0.0165133 0.833333 480.083 0.0862745 0.5 0 0
15460 0.0164069 0.833333 480.917 0.0862745 0.5 0 0
15470 0.0164069 0.833333 480.917 0.0862745 0.5 0 0
15480 0.0163183 0.75 481.667 0.0862745 0.5 0 0
15490 0.0163183 0.75 481.667 0.0862745 0.5 0 0
15500 0.0161788 0.5 482.167 0.0862745 0.5 0 0
15510 0.0161788 0.5 482.167 0.0862745 0.5 0 0
15520 0.0161197 0.5 482.667 0.0862745 0.5 0 0
15530 0.0161197 0.5 482.667 0.0862745 0.5 0 0
15540 0.0160584 0.5 483.167 0.0862745 0.5 0 0
15550 0.0160584 0.5 483.167 0.0862745 0.5 0 0
15560 0.0163259 0.5 483.667 0.0901961 0.5 0 0
15570 0.0163259 0.5 483.667 0.0941176 0.5 0 0
15580 0.0164458 0.416667 484.083 0.0941176 0.5 0 0
15590 0.0164458 0.416667 484.083 0.0941176 0.5 0 0
15600 0.016408 0.25 484.333 0.0941176 0.5 0 0
15610 0.016408 0.25 484.333 0.0941176 0.5 0 0
15620 0.0162435 0.166667 484.5 0.0941176 0.5 0 0
15630 0.0162435 0.166667 484.5 0.0901961 0.5 0 0
15640 0.0159569 0.416667 484.917 0.0901961 0.5 0 0
15650 0.0159569 0.416667 484.917 0.0901961 0.5 0 0
15660 0.0155381 0.333333 485.25 0.0862745 0.5 0 0
15670 0.0155381 0.333333 485.25 0.0862745 0.5 0 0
15680 0.0151858 0.333333 485.583 0.0823529 0.5 0 0
15690 0.0151858 0.333333 485.583 0.0862745 0.5 0 0
15700 0.0149272 0.416667 486 0.0823529 0.5 0 0
15710 0.0149272 0.416667 486 0.0823529 0.5 0 0
15720 0.014758 0.416667 486.417 0.0862745 0.5 0 0
15730 0.014758 0.416667 486.417 0.0823529 0.5 0 0
15740 0.0145199 0.416667 486.833 0.0823529 0.5 0 0
15750 0.0145199 0.416667 486.833 0.0823529 0.5 0 0
15760 0.0141873 0.416667 487.25 0.0823529 0.5 0 0
15770 0.0141873 0.416667 487.25 0.0823529 0.5 0 0
15780 0.0140441 0.416667 487.667 0.0823529 0.5 0 0
15790 0.0140441 0.416667 487.667 0.0823529 0.5 0 0
15800 0.0139374 0.416667 488.083 0.0823529 0.5 0 0
15810 0.0139374 0.416667 488.083 0.0823529 0.5 0 0
15820 0.0135822 0.583333 488.667 0.0784314 0.5 0 0
15830 0.0135822 0.583333 488.667 0.0745098 0.5 0 0
15840 0.013326 0.666667 489.333 0.0745098 0.5 0 0
15850 0.013326 0.666667 489.333 0.0745098 0.5 0 0
15860 0.0129407 0.75 490.083 0.0745098 0.5 0 0
15870 0.0129407 0.75 490.083 0.0745098 0.5 0 0
15880 0.0127835 0.75 490.833 0.0745098 0.5 0 0
15890 0.0127835 0.75 490.833 0.0745098 0.5 0 0
15900 0.012682 0.75 491.583 0.0745098 0.5 0 0
15910 0.012682 0.75 491.583 0.0745098 0.5 0 0
15920 0.0126187 0.75 492.333 0.0745098 0.5 0 0
15930 0.0126187 0.75 492.333 0.0745098 0.5 0 0
15940 0.0125763 0.916667 493.25 0.0745098 0.5 0 0
15950 0.0125763 0.916667 493.25 0.0745098 0.5 0 0
15960 0.0125365 0.916667 494.167 0.0745098 0.5 0 0
15970 0.0125365 0.916667 494.167 0.0745098 0.5 0 0
15980 0.0124996 0.916667 495.083 0.0745098 0.5 0 0
15990 0.0124996 0.916667 495.083 0.0745098 0.5 0 0
16000 0.0124309 0.833333 495.917 0.0745098 0.5 0 0
16010 0.0124309 0.833333 495.917 0.0745098 0.5 0 0
16020 0.0124122 0.833333 496.75 0.0745098 0.5 0 0
16030 0.0124122 0.833333 496.75 0.0745098 0.5 0 0
16040 0.0123911 0.666667 497.417 0.0745098 0.5 0 0
16050 0.0123911 0.666667 497.417 0.0745098 0.5 0 0
16060 0.0123665 0.666667 498.083 0.0745098 0.5 0 0
16070 0.0123665 0.666667 498.083 0.0745098 0.5 0 0
16080 0.0123417 0.666667 498.75 0.0745098 0.5 0 0
16090 0.0123417 0.666667 498.75 0.0745098 0.5 0 0
16100 0.0122913 0.583333 499.333 0.0745098 0.5 0 0
16110 0.0122913 0.583333 499.333 0.0745098 0.5 0 0
16120 0.0122738 0.5 499.833 0.0745098 0.5 0 0
16130 0.0122738 0.5 499.833 0.0745098 0.5 0 0
16140 0.0122565 0.5 500.333 0.0745098 0.5 0 0
16150 0.0122565 0.5 500.333 0.0745098 0.5 0 0
16160 0.0122361 0.5 500.833 0.0745098 0.5 0 0
16170 0.0122361 0.5 500.833 0.0745098 0.5 0 0
16180 0.0122267 0.5 501.333 0.0745098 0.5 0 0
16190 0.0122267 0.5 501.333 0.0745098 0.5 0 0
16200 0.0122162 0.5 501.833 0.0745098 0.5 0 0
16210 0.0122162 0.5 501.833 0.0745098 0.5 0 0
16220 0.0122033 0.416667 502.25 0.0745098 0.5 0 0
16230 0.0122033 0.416667 502.25 0.0745098 0.5 0 0
16240 0.012171 0.416667 502.667 0.0745098 0.5 0 0
16250 0.012171 0.416667 502.667 0.0745098 0.5 0 0
16260 0.0121375 0.416667 503.083 0.0745098 0.5 0 0
16270 0.0121375 0.416667 503.083 0.0745098 0.5 0 0
16280 0.0121066 0.416667 503.5 0.0745098 0.5 0 0
16290 0.0121066 0.416667 503.5 0.0745098 0.5 0 0
16300 0.012079 0.416667 503.917 0.0745098 0.5 0 0
16310 0.012079 0.416667 503.917 0.0745098 0.5 0 0
16320 0.0120583 0.416667 504.333 0.0745098 0.5 0 0
16330 0.0120583 0.416667 504.333 0.0745098 0.5 0 0
16340 0.0119628 0.25 504.583 0.0745098 0.5 0 0
16350 0.0119628 0.25 504.583 0.0745098 0.5 0 0
16360 0.0117158 0.25 504.833 0.0745098 0.5 0 0
16370 0.0117158 0.25 504.833 0.0745098 0.5 0 0
16380 0.0114221 0.25 505.083 0.0745098 0.5 0 0
16390 0.0114221 0.25 505.083 0.0745098 0.5 0 0
16400 0.0112419 0.25 505.333 0.0745098 0.5 0 0
16410 0.0112419 0.25 505.333 0.0745098 0.5 0 0
16420 0.0112241 0.25 505.583 0.0745098 0.5 0 0
16430 0.0112241 0.25 505.583 0.0705882 0.5 0 0
16440 0.0111792 0.166667 505.75 0.0745098 0.5 0 0
16450 0.0111792 0.166667 505.75 0.0745098 0.5 0 0
16460 0.0110084 0 505.75 0.0705882 0.5 0 0
16470 0.0110084 0 505.75 0.0705882 0.5 0 0
16480 0.0106017 0 505.75 0.0705882 0.5 0 0
16490 0.0106017 0 505.75 0.0705882 0.5 0 0
16500 0.0101163 0 505.75 0.0666667 0.5 0 0
16510 0.0101163 0 505.75 0.0666667 0.5 0 0
16520 0.00959674 0 505.75 0.0666667 0.5 0 0
16530 0.00959674 0 505.75 0.0666667 0.5 0 0
16540 0.00893371 0.166667 505.917 0.0666667 0.5 0 0
16550 0.00893371 0.166667 505.917 0.0666667 0.5 0 0
16560 0.00841517 0.166667 506.083 0.0666667 0.5 0 0
16570 0.00841517 0.166667 506.083 0.0705882 0.5 0 0
16580 0.00821847 0.166667 506.25 0.0705882 0.5 0 0
16590 0.00821847 0.166667 506.25 0.0745098 0.5 0 0
16600 0.00811224 0.166667 506.417 0.0745098 0.5 0 0
16610 0.00811224 0.166667 506.417 0.0705882 0.5 0 0
16620 0.0078753 0.166667 506.583 0.0666667 0.5 0 0
16630 0.0078753 0.166667 506.583 0.0666667 0.5 0 0
16640 0.00775629 0.666667 507.25 0.0627451 0.5 0 0
16650 0.00775629 0.666667 507.25 0.0627451 0.5 0 0
16660 0.00767446 0.666667 507.917 0.0588235 0.5 0 0
16670 0.00767446 0.666667 507.917 0.0588235 0.5 0 0
16680 0.00723665 0.666667 508.583 0.0588235 0.5 0 0
16690 0.00723665 0.666667 508.583 0.0588235 0.5 0 0
16700 0.0070743 0.666667 509.25 0.0588235 0.5 0 0
16710 0.0070743 0.666667 509.25 0.0588235 0.5 0 0
16720 0.00697139 0.833333 510.083 0.0588235 0.5 0 0
16730 0.00697139 0.833333 510.083 0.0627451 0.5 0 0
16740 0.00693566 0.833333 510.917 0.0627451 0.5 0 0
16750 0.00693566 0.833333 510.917 0.0588235 0.5 0 0
16760 0.0069054 0.833333 511.75 0.0588235 0.5 0 0
16770 0.0069054 0.833333 511.75 0.0627451 0.5 0 0
16780 0.00688422 0.833333 512.583 0.0627451 0.5 0 0
16790 0.00688422 0.833333 512.583 0.0627451 0.5 0 0
16800 0.00684233 0.666667 513.25 0.0627451 0.5 0 0
16810 0.00684233 0.666667 513.25 0.0627451 0.5 0 0
16820 0.00676677 0.666667 513.917 0.0588235 0.5 0 0
16830 0.00676677 0.666667 513.917 0.0627451 0.5 0 0
16840 0.00672093 0.583333 514.5 0.0627451 0.5 0 0
16850 0.00672093 0.583333 514.5 0.0627451 0.5 0 0
16860 0.00670388 0.583333 515.083 0.0627451 0.5 0 0
16870 0.00670388 0.583333 515.083 0.0627451 0.5 0 0
16880 0.00668772 0.583333 515.667 0.0627451 0.5 0 0
16890 0.00668772 0.583333 515.667 0.0588235 0.5 0 0
16900 0.00660054 0.666667 516.333 0.0588235 0.5 0 0
16910 0.00660054 0.666667 516.333 0.054902 0.5 0 0
16920 0.00648689 0.583333 516.917 0.0588235 0.5 0 0
16930 0.00648689 0.583333 516.917 0.0588235 0.5 0 0
16940 0.00638829 0.75 517.667 0.054902 0.5 0 0
16950 0.00638829 0.75 517.667 0.0588235 0.5 0 0
16960 0.00637062 0.75 518.417 0.054902 0.5 0 0
16970 0.00637062 0.75 518.417 0.054902 0.5 0 0
16980 0.00635429 0.75 519.167 0.054902 0.5 0 0
16990 0.00635429 0.75 519.167 0.054902 0.5 0 0
17000 0.00635964 1 520.167 0.054902 0.5 0 0
17010 0.00635964 1 520.167 0.054902 0.5 0 0
17020 0.00635171 1 521.167 0.054902 0.5 0 0
17030 0.00635171 1 521.167 0.054902 0.5 0 0
17040 0.0063272 1 522.167 0.054902 0.5 0 0
17050 0.0063272 1 522.167 0.054902 0.5 0 0
17060 0.00622527 0.916667 523.083 0.054902 0.5 0 0
17070 0.00622527 0.916667 523.083 0.054902 0.5 0 0
17080 0.00619984 0.916667 524 0.054902 0.5 0 0
17090 0.00619984 0.916667 524 0.054902 0.5 0 0
17100 0.00620837 0.916667 524.917 0.054902 0.5 0 0
17110 0.00620837 0.916667 524.917 0.0588235 0.5 0 0
17120 0.0062033 0.916667 525.833 0.054902 0.5 0 0
17130 0.0062033 0.916667 525.833 0.0588235 0.5 0 0
17140 0.00619014 0.916667 526.75 0.054902 0.5 0 0
17150 0.00619014 0.916667 526.75 0.054902 0.5 0 0
17160 0.00617386 0.916667 527.667 0.0588235 0.5 0 0
17170 0.00617386 0.916667 527.667 0.054902 0.5 0 0
17180 0.00615514 0.916667 528.583 0.054902 0.5 0 0
17190 0.00615514 0.916667 528.583 0.054902 0.5 0 0
17200 0.00614077 0.916667 529.5 0.054902 0.5 0 0
17210 0.00614077 0.916667 529.5 0.054902 0.5 0 0
17220 0.00609573 1 530.5 0.0588235 0.5 0 0
17230 0.00609573 1 530.5 0.0588235 0.5 0 0
17240 0.00611845 1 531.5 0.0588235 0.5 0 0
17250 0.00611845 1 531.5 0.0588235 0.5 0 0
17260 0.00611088 1 532.5 0.0588235 0.5 0 0
17270 0.00611088 1 532.5 0.0588235 0.5 0 0
17280 0.00608307 1 533.5 0.0588235 0.5 0 0
17290 0.00608307 1 533.5 0.054902 0.5 0 0
17300 0.00601842 0.916667 534.417 0.054902 0.5 0 0
17310 0.00601842 0.916667 534.417 0.0588235 0.5 0 0
17320 0.00596054 0.916667 535.333 0.054902 0.5 0 0
17330 0.00596054 0.916667 535.333 0.054902 0.5 0 0
17340 0.00593158 0.583333 535.917 0.0588235 0.5 0 0
17350 0.00593158 0.583333 535.917 0.054902 0.5 0 0
17360 0.00587965 0.583333 536.5 0.054902 0.5 0 0
17370 0.00587965 0.583333 536.5 0.054902 0.5 0 0
17380 0.00582247 0.583333 537.083 0.0588235 0.5 0 0
17390 0.00582247 0.583333 537.083 0.0588235 0.5 0 0
17400 0.00577058 0.583333 537.667 0.0588235 0.5 0 0
17410 0.00577058 0.583333 537.667 0.0588235 0.5 0 0
17420 0.00570165 0.5 538.167 0.0588235 0.5 0 0
17430 0.00570165 0.5 538.167 0.054902 0.5 0 0
17440 0.0056917 0.5 538.667 0.054902 0.5 0 0
17450 0.0056917 0.5 538.667 0.0588235 0.5 0 0
17460 0.00566027 0.666667 539.333 0.054902 0.5 0 0
17470 0.00566027 0.666667 539.333 0.054902 0.5 0 0
17480 0.00563177 0.75 540.083 0.054902 0.5 0 0
17490 0.00563177 0.75 540.083 0.054902 0.5 0 0
17500 0.00562459 0.75 540.833 0.054902 0.5 0 0
17510 0.00562459 0.75 540.833 0.0588235 0.5 0 0
17520 0.0056213 0.75 541.583 0.0588235 0.5 0 0
17530 0.0056213 0.75 541.583 0.054902 0.5 0 0
17540 0.00561678 0.75 542.333 0.0588235 0.5 0 0
17550 0.00561678 0.75 542.333 0.0588235 0.5 0 0
17560 0.00560586 0.583333 542.917 0.0588235 0.5 0 0
17570 0.00560586 0.583333 542.917 0.0588235 0.5 0 0
17580 0.00558065 0.583333 543.5 0.054902 0.5 0 0
17590 0.00558065 0.583333 543.5 0.054902 0.5 0 0
17600 0.00554968 0.916667 544.417 0.054902 0.5 0 0
17610 0.00554968 0.916667 544.417 0.054902 0.5 0 0
17620 0.00553 0.916667 545.333 0.054902 0.5 0 0
17630 0.00553 0.916667 545.333 0.054902 0.5 0 0
17640 0.00549017 0.833333 546.167 0.054902 0.5 0 0
17650 0.00549017 0.833333 546.167 0.054902 0.5 0 0
17660 0.00537486 0.75 546.917 0.054902 0.5 0 0
17670 0.00537486 0.75 546.917 0.054902 0.5 0 0
17680 0.00530745 0.833333 547.75 0.054902 0.5 0 0
17690 0.00530745 0.833333 547.75 0.054902 0.5 0 0
17700 0.00530007 0.833333 548.583 0.054902 0.5 0 0
17710 0.00530007 0.833333 548.583 0.054902 0.5 0 0
17720 0.00528799 0.75 549.333 0.054902 0.5 0 0
17730 0.00528799 0.75 549.333 0.054902 0.5 0 0
17740 0.00527537 0.666667 550 0.054902 0.5 0 0
17750 0.00527537 0.666667 550 0.054902 0.5 0 0
17760 0.00524295 0.583333 550.583 0.054902 0.5 0 0
17770 0.00524295 0.583333 550.583 0.0509804 0.5 0 0
17780 0.00503781 0.333333 550.917 0.054902 0.5 0 0
17790 0.00503781 0.333333 550.917 0.054902 0.5 0 0
17800 0.00496011 0.416667 551.333 0.054902 0.5 0 0
17810 0.00496011 0.416667 551.333 0.054902 0.5 0 0
17820 0.004887 0.583333 551.917 0.054902 0.5 0 0
17830 0.004887 0.583333 551.917 0.054902 0.5 0 0
17840 0.00485861 0.666667 552.583 0.054902 0.5 0 0
17850 0.00485861 0.666667 552.583 0.054902 0.5 0 0
17860 0.00485332 0.583333 553.167 0.054902 0.5 0 0
17870 0.00485332 0.583333 553.167 0.0509804 0.5 0 0
17880 0.00477245 0.583333 553.75 0.0509804 0.5 0 0
17890 0.00477245 0.583333 553.75 0.0509804 0.5 0 0
17900 0.00460373 0.5 554.25 0.0509804 0.5 0 0
17910 0.00460373 0.5 554.25 0.0509804 0.5 0 0
17920 0.00451031 0.916667 555.167 0.0509804 0.5 0 0
17930 0.00451031 0.916667 555.167 0.0509804 0.5 0 0
17940 0.00449348 0.916667 556.083 0.0509804 0.5 0 0
17950 0.00449348 0.916667 556.083 0.0509804 0.5 0 0
17960 0.00457392 1 557.083 0.0509804 0.5 0 0
17970 0.00457392 1 557.083 0.0509804 0.5 0 0
17980 0.00472187 0.916667 558 0.0509804 0.5 0 0
17990 0.00472187 0.916667 558 0.0509804 0.5 0 0
18000 0.00474868 1 559 0.0509804 0.5 0 0
18010 0.00474868 1 559 0.0509804 0.5 0 0
18020 0.00475112 1 560 0.0509804 0.5 0 0
18030 0.00475112 1 560 0.0509804 0.5 0 0
18040 0.00477123 1 561 0.0509804 0.5 0 0
18050 0.00477123 1 561 0.0509804 0.5 0 0
18060 0.00476736 0.916667 561.917 0.0509804 0.5 0 0
18070 0.00476736 0.916667 561.917 0.0509804 0.5 0 0
18080 0.00474222 0.916667 562.833 0.0509804 0.5 0 0
18090 0.00474222 0.916667 562.833 0.0509804 0.5 0 0
18100 0.00470228 0.916667 563.75 0.0509804 0.5 0 0
18110 0.00470228 0.916667 563.75 0.0509804 0.5 0 0
18120 0.00465936 0.916667 564.667 0.0509804 0.5 0 0
18130 0.00465936 0.916667 564.667 0.0509804 0.5 0 0
18140 0.00459081 0.916667 565.583 0.0509804 0.5 0 0
18150 0.00459081 0.916667 565.583 0.0509804 0.5 0 0
18160 0.00455583 0.916667 566.5 0.0509804 0.5 0 0
18170 0.00455583 0.916667 566.5 0.0509804 0.5 0 0
18180 0.00458226 0.916667 567.417 0.0509804 0.5 0 0
18190 0.00458226 0.916667 567.417 0.0509804 0.5 0 0
18200 0.00457019 0.916667 568.333 0.0509804 0.5 0 0
18210 0.00457019 0.916667 568.333 0.0509804 0.5 0 0
18220 0.00455953 0.916667 569.25 0.0509804 0.5 0 0
18230 0.00455953 0.916667 569.25 0.0509804 0.5 0 0
18240 0.00460459 0.916667 570.167 0.0509804 0.5 0 0
18250 0.00460459 0.916667 570.167 0.0509804 0.5 0 0
18260 0.00462521 0.916667 571.083 0.0509804 0.5 0 0
18270 0.00462521 0.916667 571.083 0.0509804 0.5 0 0
18280 0.00463066 0.916667 572 0.0509804 0.5 0 0
18290 0.00463066 0.916667 572 0.0509804 0.5 0 0
18300 0.00464285 1 573 0.0509804 0.5 0 0
18310 0.00464285 1 573 0.0509804 0.5 0 0
18320 0.00469045 1 574 0.0509804 0.5 0 0
18330 0.00469045 1 574 0.0509804 0.5 0 0
18340 0.00471262 0.916667 574.917 0.0509804 0.5 0 0
18350 0.00471262 0.916667 574.917 0.0509804 0.5 0 0
18360 0.00471305 0.916667 575.833 0.0509804 0.5 0 0
18370 0.00471305 0.916667 575.833 0.0509804 0.5 0 0
18380 0.00470873 0.916667 576.75 0.054902 0.5 0 0
18390 0.00470873 0.916667 576.75 0.0509804 0.5 0 0
18400 0.00470296 0.916667 577.667 0.054902 0.5 0 0
18410 0.00470296 0.916667 577.667 0.054902 0.5 0 0
18420 0.00470273 0.916667 578.583 0.0509804 0.5 0 0
18430 0.00470273 0.916667 578.583 0.0509804 0.5 0 0
18440 0.00469903 0.833333 579.417 0.054902 0.5 0 0
18450 0.00469903 0.833333 579.417 0.0509804 0.5 0 0
18460 0.00471554 0.833333 580.25 0.0509804 0.5 0 0
18470 0.00471554 0.833333 580.25 0.054902 0.5 0 0
18480 0.00472251 0.75 581 0.054902 0.5 0 0
18490 0.00472251 0.75 581 0.0509804 0.5 0 0
18500 0.00470289 0.833333 581.833 0.0509804 0.5 0 0
18510 0.00470289 0.833333 581.833 0.054902 0.5 0 0
18520 0.00470667 0.833333 582.667 0.054902 0.5 0 0
18530 0.00470667 0.833333 582.667 0.054902 0.5 0 0
18540 0.00470958 0.833333 583.5 0.054902 0.5 0 0
18550 0.00470958 0.833333 583.5 0.054902 0.5 0 0
18560 0.00470559 0.833333 584.333 0.054902 0.5 0 0
18570 0.00470559 0.833333 584.333 0.054902 0.5 0 0
18580 0.00470121 0.833333 585.167 0.054902 0.5 0 0
18590 0.00470121 0.833333 585.167 0.054902 0.5 0 0
18600 0.00470951 0.666667 585.833 0.054902 0.5 0 0
18610 0.00470951 0.666667 585.833 0.054902 0.5 0 0
18620 0.00470433 0.666667 586.5 0.054902 0.5 0 0
18630 0.00470433 0.666667 586.5 0.054902 0.5 0 0
18640 0.00469953 0.666667 587.167 0.0509804 0.5 0 0
18650 0.00469953 0.666667 587.167 0.054902 0.5 0 0
18660 0.00466588 0.5 587.667 0.0509804 0.5 0 0
18670 0.00466588 0.5 587.667 0.0509804 0.5 0 0
18680 0.00463984 0.75 588.417 0.0509804 0.5 0 0
18690 0.00463984 0.75 588.417 0.0509804 0.5 0 0
18700 0.00461985 0.75 589.167 0.0509804 0.5 0 0
18710 0.00461985 0.75 589.167 0.0509804 0.5 0 0
18720 0.00460351 0.75 589.917 0.0509804 0.5 0 0
18730 0.00460351 0.75 589.917 0.0509804 0.5 0 0
18740 0.00454663 0.833333 590.75 0.0509804 0.5 0 0
18750 0.00454663 0.833333 590.75 0.0509804 0.5 0 0
18760 0.00452379 0.833333 591.583 0.0509804 0.5 0 0
18770 0.00452379 0.833333 591.583 0.0509804 0.5 0 0
18780 0.00450683 0.833333 592.417 0.0509804 0.5 0 0
18790 0.00450683 0.833333 592.417 0.0509804 0.5 0 0
18800 0.00449132 0.833333 593.25 0.0509804 0.5 0 0
18810 0.00449132 0.833333 593.25 0.0509804 0.5 0 0
18820 0.00447134 1 594.25 0.0509804 0.5 0 0
18830 0.00447134 1 594.25 0.0509804 0.5 0 0
18840 0.00445711 1 595.25 0.0509804 0.5 0 0
18850 0.00445711 1 595.25 0.0509804 0.5 0 0
18860 0.00444195 1 596.25 0.0509804 0.5 0 0
18870 0.00444195 1 596.25 0.0509804 0.5 0 0
18880 0.0044316 1 597.25 0.0509804 0.5 0 0
18890 0.0044316 1 597.25 0.0509804 0.5 0 0
18900 0.00442024 1 598.25 0.0509804 0.5 0 0
18910 0.00442024 1 598.25 0.0509804 0.5 0 0
18920 0.00439874 1 599.25 0.0509804 0.5 0 0
18930 0.00439874 1 599.25 0.0509804 0.5 0 0
18940 0.00438274 1 600.25 0.0509804 0.5 0 0
18950 0.00438274 1 600.25 0.0509804 0.5 0 0
18960 0.00436102 1 601.25 0.0509804 0.5 0 0
18970 0.00436102 1 601.25 0.0509804 0.5 0 0
18980 0.00434669 1 602.25 0.0509804 0.5 0 0
18990 0.00434669 1 602.25 0.0509804 0.5 0 0
19000 0.00433585 1 603.25 0.0509804 0.5 0 0
19010 0.00433585 1 603.25 0.0509804 0.5 0 0
19020 0.00432751 0.916667 604.167 0.0509804 0.5 0 0
19030 0.00432751 0.916667 604.167 0.0509804 0.5 0 0
19040 0.00432046 0.916667 605.083 0.0509804 0.5 0 0
19050 0.00432046 0.916667 605.083 0.0509804 0.5 0 0
19060 0.00431043 0.75 605.833 0.0509804 0.5 0 0
19070 0.00431043 0.75 605.833 0.0509804 0.5 0 0
19080 0.00431908 0.833333 606.667 0.0509804 0.5 0 0
19090 0.00431908 0.833333 606.667 0.0509804 0.5 0 0
19100 0.0043202 0.833333 607.5 0.0509804 0.5 0 0
19110 0.0043202 0.833333 607.5 0.0509804 0.5 0 0
19120 0.00431996 0.833333 608.333 0.0509804 0.5 0 0
19130 0.00431996 0.833333 608.333 0.0509804 0.5 0 0
19140 0.0043229 0.75 609.083 0.0509804 0.5 0 0
19150 0.0043229 0.75 609.083 0.0509804 0.5 0 0
19160 0.00434924 0.666667 609.75 0.0509804 0.5 0 0
19170 0.00434924 0.666667 609.75 0.0509804 0.5 0 0
19180 0.00436081 0.75 610.5 0.0509804 0.5 0 0
19190 0.00436081 0.75 610.5 0.0509804 0.5 0 0
19200 0.00435269 0.75 611.25 0.0509804 0.5 0 0
19210 0.00435269 0.75 611.25 0.0509804 0.5 0 0
19220 0.00436039 0.916667 612.167 0.0509804 0.5 0 0
19230 0.00436039 0.916667 612.167 0.0509804 0.5 0 0
19240 0.00437139 0.833333 613 0.0509804 0.5 0 0
19250 0.00437139 0.833333 613 0.0509804 0.5 0 0
19260 0.00437155 0.833333 613.833 0.0509804 0.5 0 0
19270 0.00437155 0.833333 613.833 0.0509804 0.5 0 0
19280 0.00436836 0.666667 614.5 0.0509804 0.5 0 0
19290 0.00436836 0.666667 614.5 0.0509804 0.5 0 0
19300 0.00436221 0.666667 615.167 0.0509804 0.5 0 0
19310 0.00436221 0.666667 615.167 0.0509804 0.5 0 0
19320 0.00435678 0.666667 615.833 0.0509804 0.5 0 0
19330 0.00435678 0.666667 615.833 0.0509804 0.5 0 0
19340 0.00434947 0.583333 616.417 0.0509804 0.5 0 0
19350 0.00434947 0.583333 616.417 0.0509804 0.5 0 0
19360 0.00434388 0.666667 617.083 0.0509804 0.5 0 0
19370 0.00434388 0.666667 617.083 0.0509804 0.5 0 0
19380 0.00433141 0.833333 617.917 0.0509804 0.5 0 0
19390 0.00433141 0.833333 617.917 0.0509804 0.5 0 0
19400 0.00432026 0.833333 618.75 0.0509804 0.5 0 0
19410 0.00432026 0.833333 618.75 0.0509804 0.5 0 0
19420 0.00430633 0.75 619.5 0.0509804 0.5 0 0
19430 0.00430633 0.75 619.5 0.0509804 0.5 0 0
19440 0.00429394 0.833333 620.333 0.0509804 0.5 0 0
19450 0.00429394 0.833333 620.333 0.0509804 0.5 0 0
19460 0.004236 0.916667 621.25 0.0509804 0.5 0 0
19470 0.004236 0.916667 621.25 0.0470588 0.5 0 0
19480 0.00415384 1 622.25 0.0470588 0.5 0 0
19490 0.00415384 1 622.25 0.0470588 0.5 0 0
19500 0.00423855 1 623.25 0.0470588 0.5 0 0
19510 0.00423855 1 623.25 0.0509804 0.5 0 0
19520 0.0043122 1 624.25 0.0509804 0.5 0 0
19530 0.0043122 1 624.25 0.0509804 0.5 0 0
19540 0.00433654 1 625.25 0.0509804 0.5 0 0
19550 0.00433654 1 625.25 0.0509804 0.5 0 0
19560 0.00436105 1 626.25 0.054902 0.5 0 0
19570 0.00436105 1 626.25 0.054902 0.5 0 0
19580 0.00439949 1 627.25 0.0509804 0.5 0 0
19590 0.00439949 1 627.25 0.0509804 0.5 0 0
19600 0.00441436 1 628.25 0.0509804 0.5 0 0
19610 0.00441436 1 628.25 0.0509804 0.5 0 0
19620 0.00441111 0.75 629 0.054902 0.5 0 0
19630 0.00441111 0.75 629 0.054902 0.5 0 0
19640 0.00442377 0.583333 629.583 0.054902 0.5 0 0
19650 0.00442377 0.583333 629.583 0.054902 0.5 0 0
19660 0.00440248 0.583333 630.167 0.054902 0.5 0 0
19670 0.00440248 0.583333 630.167 0.054902 0.5 0 0
19680 0.00440268 0.75 630.917 0.054902 0.5 0 0
19690 0.00440268 0.75 630.917 0.054902 0.5 0 0
19700 0.00440249 0.583333 631.5 0.0509804 0.5 0 0
19710 0.00440249 0.583333 631.5 0.054902 0.5 0 0
19720 0.00438893 0.583333 632.083 0.054902 0.5 0 0
19730 0.00438893 0.583333 632.083 0.054902 0.5 0 0
19740 0.00438589 0.583333 632.667 0.054902 0.5 0 0
19750 0.00438589 0.583333 632.667 0.054902 0.5 0 0
19760 0.00441374 0.833333 633.5 0.054902 0.5 0 0
19770 0.00441374 0.833333 633.5 0.054902 0.5 0 0
19780 0.00442267 0.666667 634.167 0.054902 0.5 0 0
19790 0.00442267 0.666667 634.167 0.0509804 0.5 0 0
19800 0.00442809 0.5 634.667 0.054902 0.5 0 0
19810 0.00442809 0.5 634.667 0.054902 0.5 0 0
19820 0.00445071 0.5 635.167 0.054902 0.5 0 0
19830 0.00445071 0.5 635.167 0.054902 0.5 0 0
19840 0.00459826 0.666667 635.833 0.054902 0.5 0 0
19850 0.00459826 0.666667 635.833 0.054902 0.5 0 0
19860 0.00460718 0.833333 636.667 0.054902 0.5 0 0
19870 0.00460718 0.833333 636.667 0.054902 0.5 0 0
19880 0.0045921 0.75 637.417 0.054902 0.5 0 0
19890 0.0045921 0.75 637.417 0.054902 0.5 0 0
19900 0.00459867 0.75 638.167 0.054902 0.5 0 0
19910 0.00459867 0.75 638.167 0.054902 0.5 0 0
19920 0.00459544 0.75 638.917 0.054902 0.5 0 0
19930 0.00459544 0.75 638.917 0.054902 0.5 0 0
19940 0.00459118 0.75 639.667 0.054902 0.5 0 0
19950 0.00459118 0.75 639.667 0.054902 0.5 0 0
19960 0.00458588 0.75 640.417 0.054902 0.5 0 0
19970 0.00458588 0.75 640.417 0.054902 0.5 0 0
19980 0.00456264 1 641.417 0.054902 0.5 0 0
19990 0.00456264 1 641.417 0.054902 0.5 0 0
20000 0.00452954 1 642.417 0.054902 0.5 0 0
20010 0.00452954 1 642.417 0.0509804 0.5 0 0
